1.0,0.68355255626665667,0.39358870142982155,0.074861621062698128,0.28751742657633039,0.12406313289661379,0.51773120613165535,-0.44225104243530489,-0.33803297082303047,0.51826838163310329,-0.23471988206028468,0.12253927511000873,0.30685105305542815,-0.0026712156680817611,0.61266749870525283,-0.73354610219086369,0.52120823816065887,0.30693869480209396,-0.095307770930719571,0.049568477634720332,0.2700060996369546,-0.44562241711463202,-0.044202790424498761,-0.50752437603449252,0.43436580735490993,-0.57917532101483249,0.15048875057757968,0.43850713988957568,0.31475930350489656,0.4567670399999999,0.40585843196829641,-0.067656121580654885,0.55627565213747865,-0.4254498255379629,-0.76864193236438505,-0.068572120204538789,-0.33190595585456706,-0.42045227956551223,-0.08220717526565606
0.68355255626665667,1.0,0.66507923670394309,0.26857317450130785,0.30266363644759758,-0.0046310604157006182,0.71814015422445088,-0.78180523791545531,0.20431513175118393,0.16653608918049548,-0.0058371960813292942,0.37441012650268118,0.70826507901945102,0.1767667068218266,0.82563149319923501,-0.82476959781770465,0.45893044447007453,0.44752276241481947,0.15796245816754625,0.32069244040355721,0.389516829328661,-0.29830063389638728,0.46397066372490536,-0.55870033834625954,0.74901443276250967,-0.55473493068658775,0.46566560411383812,0.64126327776010261,0.22348459284713532,0.7153513600000001,0.51235356550371669,-0.16641931320175929,0.59640528148824834,-0.70935273027809143,-0.58379045608413127,-0.020045686356685532,-0.2866400513620449,0.12623265283974358,-0.3119360030858952
0.39358870142982155,0.66507923670394309,1.0,0.55222990622861357,-0.37125159196000296,-0.46671614605089518,0.70768345770153873,-0.89851923291472902,0.636336683383394,0.20115848848977447,-0.27626568640129356,0.86902558559301868,0.61720193901679954,0.23085635241049154,0.69924862521343656,-0.73542716551240761,0.17678106600967428,0.048840017384975482,-0.12640610323921581,0.63851497516117084,-0.37680907008641656,-0.029669455181572858,-0.038689977138581404,-0.7458134744902718,0.97037547856223516,-0.41784933410288244,-0.033322380126622142,0.52137395758246563,0.28504027383000924,0.8692378999999999,0.58584445734436019,0.053505135840222137,-0.1611522080902407,-0.40542228766109822,-0.71627876134778468,-0.49860249164360726,0.1688913282386606,-0.20645586123718238,-0.34017977707871544
0.074861621062698128,0.26857317450130785,0.55222990622861357,1.0,-0.034480774557550976,0.25372953022025796,0.62081074114220236,-0.54548796296220559,0.34178728147189741,0.49800903464916146,-0.60818958320463157,0.22511211636502115,0.73836627633826935,-0.4161954472613501,0.44529581860889766,-0.15582248645005004,0.18903454155974089,0.59630303002881635,-0.05151589316645587,0.49345483130791856,-0.10254686344487814,-0.4948714949349679,-0.18941020694859284,-0.75539926954178727,0.37851789569422661,-0.60434646298691241,0.43393753154381853,0.74561549545351558,0.71537420439307486,0.78571569999999991,0.88847702294331021,0.7440781858283172,-0.34097655219617312,-0.66501016158174042,-0.17212847694976174,-0.62206571625320761,-0.42061096113266189,-0.17789680440433647,-0.19409104088732704
0.28751742657633039,0.30266363644759758,-0.37125159196000296,-0.034480774557550976,1.0,0.69923980843057321,-0.020790575818519466,0.18071083024844498,-0.60616368029207046,0.19632002749644528,-0.032397141378968965,-0.64989102617603078,0.24454994460957871,-0.19195201574939358,0.15719054363010412,-0.050033638280516858,0.20603620670105843,0.63355095866698397,0.12773932686791273,-0.36802940248703525,0.82271400756096413,-0.46052075899243855,0.45957792962828348,0.0034370717732816539,-0.31632007700581849,-0.40770884298424259,0.78298663614311248,0.35716618961772451,0.11085405820996053,-0.076900780000000002,0.15303732740499451,0.018112542881922385,0.70943109446697816,-0.43138046907736616,0.22973104513407255,0.44378922013173894,-0.64403122154156534,0.23032447461048819,-0.059772440491849835
0.12406313289661379,-0.0046310604157006182,-0.46671614605089518,0.25372953022025796,0.69923980843057321,1.0,0.053918210746617838,0.1717433279457789,-0.5453708677910839,0.5350564642930824,-0.30461973267254983,-0.83903878998171599,0.29861021069367411,-0.51084120901452135,-0.10510255115108211,0.37654389394006316,0.49691816668547301,0.8313609448650956,-0.037724973297688591,-0.4118322072576715,0.70801188819138838,-0.81851408004146275,0.005561612592182197,-0.046174106007745415,-0.55074013263811417,-0.25097538450750217,0.73416105188727743,0.26068374557216212,0.58787662395111162,0.022944159999999991,0.39891591813377242,0.61130321520071551,0.43326270722061927,-0.54139001860073188,0.30337224236320393,0.10865800772143305,-0.93676830331071148,-0.050059060490301462,0.36777231124061094
0.51773120613165535,0.71814015422445088,0.70768345770153873,0.62081074114220236,-0.020790575818519466,0.053918210746617838,1.0,-0.77515477398608112,0.30827099521865431,0.38563506787733465,-0.25721642780773812,0.3979979346132706,0.65610206596628806,-0.29009589195277014,0.65623170010192944,-0.57763524960247625,0.41520731690277984,0.46563731816888315,0.10874418963462708,0.37181186316278736,0.070135240959953979,-0.39372210620953157,0.014283422573459055,-0.57933683166532557,0.67270483883125298,-0.56393823163303436,0.29605332857526911,0.65121535729290581,0.46220370536090744,0.81364597999999999,0.68519253145016457,0.22794948937395915,0.18395084580704207,-0.7059746421258345,-0.49759441672530397,-0.2895762090902877,-0.33844205167470065,-0.12704559742487539,-0.34210621916384398
-0.44225104243530489,-0.78180523791545531,-0.89851923291472902,-0.54548796296220559,0.18071083024844498,0.1717433279457789,-0.77515477398608112,1.0,-0.53973994778940082,-0.31364360000659053,0.23524718265602568,-0.64411393520332649,-0.76009144917102511,-0.21334179163938732,-0.69412539192410727,0.65430103933092321,-0.50686875570409096,-0.31716960639187891,0.14497624668524051,-0.51165560977799684,0.085960994691048689,0.30466915429160929,-0.047153429027832407,0.68238737033514207,-0.86940889628784523,0.34232833761939219,-0.21927311050385942,-0.51245568608453507,-0.49547446579388177,-0.92684812000000005,-0.69621518535263571,-0.18410367696186355,-0.11503386521329449,0.65383202842436161,0.68796476433133003,0.39539499511731097,0.15147316760610718,0.15181280597326952,0.10534605785566603
-0.33803297082303047,0.20431513175118393,0.636336683383394,0.34178728147189741,-0.60616368029207046,-0.5453708677910839,0.30827099521865431,-0.53973994778940082,1.0,-0.26729798545548011,0.071173042636683434,0.72565967658830166,0.39612732441039872,0.30830001724387635,0.19286952144598907,-0.13613487744156441,-0.13894372569943539,-0.17298731737007009,0.055925076763784276,0.49107473900298754,-0.45743765978724404,0.28494785511381371,0.086450172953585522,-0.31015419771250274,0.61669369433331733,0.12179874573516855,-0.19306426553248057,0.094096189968437077,-0.03171415860518953,0.45853056000000003,0.16057737077578191,0.0011729794824521856,-0.42338158507858886,-0.049067893315087589,-0.11699609341302757,-0.34373669668575868,0.39372358042573424,0.21595297811723002,-0.10753096821652061
0.51826838163310329,0.16653608918049548,0.20115848848977447,0.49800903464916146,0.19632002749644528,0.5350564642930824,0.38563506787733465,-0.31364360000659053,-0.26729798545548011,1.0,-0.82511134807929498,-0.17821844504620826,0.40349889012790452,-0.34269059572448413,0.058085275216465032,-0.042641645003893613,0.60232039881102473,0.5467932766266006,-0.64704044170260144,-0.25753591395940012,0.049934543979350057,-0.83051349388424756,-0.60517365322925898,-0.54481006098390838,0.041305718132900376,-0.4192233274098332,0.2662935128610272,0.30896607566569628,0.80450892935283724,0.49736424000000001,0.68483757724371275,0.70879423821666976,0.12067464552304649,-0.44039523730862873,-0.41142665280218776,-0.24640610978070426,-0.6089741009517593,-0.80328472251858918,0.3093022856783797
-0.23471988206028468,-0.0058371960813292942,-0.27626568640129356,-0.60818958320463157,-0.032397141378968965,-0.30461973267254983,-0.25721642780773812,0.23524718265602568,0.071173042636683434,-0.82511134807929498,1.0,-0.0078320788187239421,-0.35997325072206093,0.27521731154046658,0.035464253093500202,-0.0062060049982269744,-0.25538752802265208,-0.35465283955949117,0.67072084093942763,0.10177197470884,0.23588064354045724,0.5854735007226447,0.61286572057052657,0.53838296969574195,-0.096379948327105169,0.39052566714831977,-0.15452522114693623,-0.30347215165744756,-0.64094561226585889,-0.46525501999999996,-0.62324504166985517,-0.6816851975304441,0.21132511370060547,0.26256400997056356,0.27510799300190142,0.28770686493787262,0.34110963299034991,0.72264900390042963,-0.066956378624772744
0.12253927511000873,0.37441012650268118,0.86902558559301868,0.22511211636502115,-0.64989102617603078,-0.83903878998171599,0.3979979346132706,-0.64411393520332649,0.72565967658830166,-0.17821844504620826,-0.0078320788187239421,1.0,0.21581395860072444,0.41311424415927389,0.46258267422884763,-0.61646200626815739,-0.17402065857278104,-0.43212143525699431,-0.059197164369225175,0.63444834402083283,-0.65229334909607384,0.43573394393046772,-0.046478133664554555,-0.42741778740278719,0.88690989012028942,-0.089189085837472204,-0.43490656376678394,0.16203403815230788,-0.13225123662118532,0.52335452000000005,0.14657976367533054,-0.26740813435893612,-0.38670836197786368,0.054942929897478399,-0.57933833488909281,-0.39570768027955339,0.62466976070562463,-0.094320595638675786,-0.39220214370953088
0.30685105305542815,0.70826507901945102,0.61720193901679954,0.73836627633826935,0.24454994460957871,0.29861021069367411,0.65610206596628806,-0.76009144917102511,0.39612732441039872,0.40349889012790452,-0.35997325072206093,0.21581395860072444,1.0,0.035435979281770891,0.66707194008745108,-0.41347062280982938,0.440786736413322,0.75991575907267384,0.0060251372740191414,0.41592680139957938,0.29202723889375221,-0.57168199837365463,0.22724488912891069,-0.79438103725705711,0.55111213639789003,-0.59771391989080702,0.66977092141466976,0.78903086920930798,0.64386839285302855,0.87156268000000003,0.86681990275606036,0.46272806319849002,0.19137907073747024,-0.84551816631599264,-0.34595282303876801,-0.417641139590542,-0.53241075485350564,0.056916779687770681,-0.023347066931325575
-0.0026712156680817611,0.1767667068218266,0.23085635241049154,-0.4161954472613501,-0.19195201574939358,-0.51084120901452135,-0.29009589195277014,-0.21334179163938732,0.30830001724387635,-0.34269059572448413,0.27521731154046658,0.41311424415927389,0.035435979281770891,1.0,0.12453065964968196,-0.28204689144693268,-0.06858521859605704,-0.38702931261468593,-0.16915420651240878,0.19187106143242816,-0.1962862367254245,0.37764365225140795,0.22717647069629179,-0.0086867048242246919,0.33060171359960344,0.34026396438343737,-0.26573228608911281,-0.27281807594875634,-0.27748703984969209,-0.005677460000000023,-0.23845321890365873,-0.44760486690407736,0.059405532258705866,0.28409344652221347,-0.35452814978218056,-0.059007092887334467,0.47192127540708462,0.11751865623898158,0.27596106919409946
0.61266749870525283,0.82563149319923501,0.69924862521343656,0.44529581860889766,0.15719054363010412,-0.10510255115108211,0.65623170010192944,-0.69412539192410727,0.19286952144598907,0.058085275216465032,0.035464253093500202,0.46258267422884763,0.66707194008745108,0.12453065964968196,1.0,-0.85252026738770859,0.20206096109312405,0.38309548025109313,0.38154092007012919,0.71133699361912583,0.2063131977816216,-0.15564072408656998,0.40765403109880943,-0.70182061101076754,0.74055548286812978,-0.69797430249964831,0.37085815513561782,0.80680036226692553,0.24952607783074948,0.72056366000000005,0.59523225834153992,-0.058875459957435511,0.22821489965345007,-0.64684915545009036,-0.58382081881946124,-0.43169238852750924,-0.18057484872455501,0.17033558255550979,-0.40276622590506994
-0.73354610219086369,-0.82476959781770465,-0.73542716551240761,-0.15582248645005004,-0.050033638280516858,0.37654389394006316,-0.57763524960247625,0.65430103933092321,-0.13613487744156441,-0.042641645003893613,-0.0062060049982269744,-0.61646200626815739,-0.41347062280982938,-0.28204689144693268,-0.85252026738770859,1.0,-0.14437530106265203,-0.052276598766257072,-0.16487711484325662,-0.52530649756653069,-0.02733020750032078,-0.053873877821339393,-0.25069945405353583,0.56350615662950554,-0.82805781117640576,0.59656015792384198,-0.05067546282869121,-0.57337385399825458,0.00039279159719736662,-0.58275149999999998,-0.34056694850185837,0.36805450359085573,-0.29457763062449727,0.35740721003912612,0.77624953633618965,0.15720911613171759,-0.11034212843623815,0.031972030837587151,0.49767006820843185
0.52120823816065887,0.45893044447007453,0.17678106600967428,0.18903454155974089,0.20603620670105843,0.49691816668547301,0.41520731690277984,-0.50686875570409096,-0.13894372569943539,0.60232039881102473,-0.25538752802265208,-0.17402065857278104,0.440786736413322,-0.06858521859605704,0.20206096109312405,-0.14437530106265203,1.0,0.56372217755692333,-0.28094275528770285,-0.13130516542526621,0.36661825515960256,-0.76782941481507372,-0.13779113066512688,-0.29034197782805493,0.13283946510330946,-0.062126877467326452,0.36492139619222252,0.13695494280084619,0.71427514619563059,0.4798866799999999,0.51594071211190606,0.40452723871670038,0.52690241073109301,-0.65253733853549345,-0.43153580908347844,-0.042683047801889661,-0.68068434832865843,-0.3309255195159701,0.45941518665480313
0.30693869480209396,0.44752276241481947,0.048840017384975482,0.59630303002881635,0.63355095866698397,0.8313609448650956,0.46563731816888315,-0.31716960639187891,-0.17298731737007009,0.5467932766266006,-0.35465283955949117,-0.43212143525699431,0.75991575907267384,-0.38702931261468593,0.38309548025109313,-0.052276598766257072,0.56372217755692333,1.0,0.088409357897372795,0.012346023273937336,0.68239029367168191,-0.84672348982705126,0.18646212576289201,-0.48309391744399693,-0.030829276730886895,-0.57875452600606103,0.88866814145467043,0.68851429351583138,0.72420417560257444,0.51411180000000001,0.75886605058267087,0.62152839333777299,0.42926341503155419,-0.87746118420592722,-9.525553817136535e-05,-0.1529388271450608,-0.93660783489194832,0.052603206509659856,0.13071203978074092
-0.095307770930719571,0.15796245816754625,-0.12640610323921581,-0.05151589316645587,0.12773932686791273,-0.037724973297688591,0.10874418963462708,0.14497624668524051,0.055925076763784276,-0.64704044170260144,0.67072084093942763,-0.059197164369225175,0.0060251372740191414,-0.16915420651240878,0.38154092007012919,-0.16487711484325662,-0.28094275528770285,0.088409357897372795,1.0,0.44453301316867555,0.37861582767791818,0.310373878637141,0.64966364925286468,0.14266661854187507,-0.011088214169289345,-0.1864894474765052,0.17412623348450126,0.30470984405827672,-0.35576395094384611,-0.14679770000000003,-0.16535273220815269,-0.34996283713000481,0.11113324495903457,-0.14403506754638995,0.28476976736954163,0.010756801530023294,-0.0054594267414063858,0.8061861691068033,-0.40826090520654712
0.049568477634720332,0.32069244040355721,0.63851497516117084,0.49345483130791856,-0.36802940248703525,-0.4118322072576715,0.37181186316278736,-0.51165560977799684,0.49107473900298754,-0.25753591395940012,0.10177197470884,0.63444834402083283,0.41592680139957938,0.19187106143242816,0.71133699361912583,-0.52530649756653069,-0.13130516542526621,0.012346023273937336,0.44453301316867555,1.0,-0.28354465161496373,0.22389755326010649,0.1799958540884446,-0.53044629836397206,0.61878083395480965,-0.34250472714960212,-0.022465170589884405,0.53846814874201887,0.14078052465751145,0.53796925999999989,0.41299299121232041,0.041965095240491482,-0.41595494290546042,-0.29029239256908057,-0.37508358023547494,-0.70021098288097994,0.19912537898380478,0.26045435446029291,-0.34446009890713397
0.2700060996369546,0.389516829328661,-0.37680907008641656,-0.10254686344487814,0.82271400756096413,0.70801188819138838,0.070135240959953979,0.085960994691048689,-0.45743765978724404,0.049934543979350057,0.23588064354045724,-0.65229334909607384,0.29202723889375221,-0.1962862367254245,0.2063131977816216,-0.02733020750032078,0.36661825515960256,0.68239029367168191,0.37861582767791818,-0.28354465161496373,1.0,-0.45433359283587599,0.59805402422864928,0.073557200772883399,-0.29064857229407104,-0.29611041978195757,0.77145925904702273,0.32596295328110753,0.11512699470843581,-0.059116040000000036,0.11559398913855908,-0.022220342570217554,0.81156178917443667,-0.53131534757150034,0.22960980875783665,0.39710516636355292,-0.70305159625946256,0.43171802927855796,0.067639174808744554
-0.44562241711463202,-0.29830063389638728,-0.029669455181572858,-0.4948714949349679,-0.46052075899243855,-0.81851408004146275,-0.39372210620953157,0.30466915429160929,0.28494785511381371,-0.83051349388424756,0.5854735007226447,0.43573394393046772,-0.57168199837365463,0.37764365225140795,-0.15564072408656998,-0.053873877821339393,-0.76782941481507372,-0.84672348982705126,0.310373878637141,0.22389755326010649,-0.45433359283587599,1.0,0.20821662883792494,0.44822956177036061,0.092767953760043625,0.3689623674936594,-0.62613546472072446,-0.39606271601241355,-0.86822145597962286,-0.48137123999999998,-0.71950844847869633,-0.73388982377779866,-0.38965810215697233,0.72062204514923067,0.18479026293294085,0.14174151006531771,0.91915014629141056,0.39371415158994688,-0.41150692670626765
-0.044202790424498761,0.46397066372490536,-0.038689977138581404,-0.18941020694859284,0.45957792962828348,0.005561612592182197,0.014283422573459055,-0.047153429027832407,0.086450172953585522,-0.60517365322925898,0.61286572057052657,-0.046478133664554555,0.22724488912891069,0.22717647069629179,0.40765403109880943,-0.25069945405353583,-0.13779113066512688,0.18646212576289201,0.64966364925286468,0.1799958540884446,0.59805402422864928,0.20821662883792494,1.0,0.13914889632717664,0.12930094037544948,-0.089565561517357117,0.51502393053834872,0.25630853404345788,-0.38809660610798086,-0.046109320000000009,-0.15221491735574796,-0.49679123981599699,0.49405371568653572,-0.28503087876040922,0.28016451623083621,0.29503648114122449,-0.052844555252618747,0.87043261788205095,-0.3448198652451111
-0.50752437603449252,-0.55870033834625954,-0.7458134744902718,-0.75539926954178727,0.0034370717732816539,-0.046174106007745415,-0.57933683166532557,0.68238737033514207,-0.31015419771250274,-0.54481006098390838,0.53838296969574195,-0.42741778740278719,-0.79438103725705711,-0.0086867048242246919,-0.70182061101076754,0.56350615662950554,-0.29034197782805493,-0.48309391744399693,0.14266661854187507,-0.53044629836397206,0.073557200772883399,0.44822956177036061,0.13914889632717664,1.0,-0.64421391656534321,0.74187226290182084,-0.28835954673423514,-0.78700052992260761,-0.61900533261725799,-0.86276918000000002,-0.85193273697192551,-0.45311185471323318,0.10577303009736226,0.58536338790603326,0.62716288381758434,0.6559783971507146,0.27694585290007245,0.32667739928602224,0.098527552737368768
0.43436580735490993,0.74901443276250967,0.97037547856223516,0.37851789569422661,-0.31632007700581849,-0.55074013263811417,0.67270483883125298,-0.86940889628784523,0.61669369433331733,0.041305718132900376,-0.096379948327105169,0.88690989012028942,0.55111213639789003,0.33060171359960344,0.74055548286812978,-0.82805781117640576,0.13283946510330946,-0.030829276730886895,-0.011088214169289345,0.61878083395480965,-0.29064857229407104,0.092767953760043625,0.12930094037544948,-0.64421391656534321,1.0,-0.38277464716911486,-0.053066966986573677,0.47715573012440121,0.10430569235956258,0.78062315999999998,0.43905000791125215,-0.17316776581368426,-0.021077703709865503,-0.35390382158551992,-0.71599027289300321,-0.35281261952896126,0.25029951849233756,-0.06899321438487277,-0.41249554959359969
-0.57917532101483249,-0.55473493068658775,-0.41784933410288244,-0.60434646298691241,-0.40770884298424259,-0.25097538450750217,-0.56393823163303436,0.34232833761939219,0.12179874573516855,-0.4192233274098332,0.39052566714831977,-0.089189085837472204,-0.59771391989080702,0.34026396438343737,-0.69797430249964831,0.59656015792384198,-0.062126877467326452,-0.57875452600606103,-0.1864894474765052,-0.34250472714960212,-0.29611041978195757,0.3689623674936594,-0.089565561517357117,0.74187226290182084,-0.38277464716911486,1.0,-0.48259782342836327,-0.92882928213648885,-0.34436753064573633,-0.56660470000000007,-0.66668597704326871,-0.22372775386907023,-0.15588815246498511,0.57603737612130268,0.35989492682292801,0.28592003173484992,0.3922705142488852,0.099898222825219096,0.48133395334712986
0.15048875057757968,0.46566560411383812,-0.033322380126622142,0.43393753154381853,0.78298663614311248,0.73416105188727743,0.29605332857526911,-0.21927311050385942,-0.19306426553248057,0.2662935128610272,-0.15452522114693623,-0.43490656376678394,0.66977092141466976,-0.26573228608911281,0.37085815513561782,-0.05067546282869121,0.36492139619222252,0.88866814145467043,0.17412623348450126,-0.022465170589884405,0.77145925904702273,-0.62613546472072446,0.51502393053834872,-0.28835954673423514,-0.053066966986573677,-0.48259782342836327,1.0,0.62564113943506428,0.4540147615323315,0.36051546000000001,0.56085072847279471,0.370430246553757,0.51108679952932434,-0.81008144371606483,0.20857728935321285,0.057571248525513069,-0.79325243359009845,0.32737779737319495,-0.061499222500755686
0.43850713988957568,0.64126327776010261,0.52137395758246563,0.74561549545351558,0.35716618961772451,0.26068374557216212,0.65121535729290581,-0.51245568608453507,0.094096189968437077,0.30896607566569628,-0.30347215165744756,0.16203403815230788,0.78903086920930798,-0.27281807594875634,0.80680036226692553,-0.57337385399825458,0.13695494280084619,0.68851429351583138,0.30470984405827672,0.53846814874201887,0.32596295328110753,-0.39606271601241355,0.25630853404345788,-0.78700052992260761,0.47715573012440121,-0.92882928213648885,0.62564113943506428,1.0,0.44618278733968353,0.71645770000000009,0.78792948821892561,0.31374902671765914,0.11616499273540164,-0.75810489466304354,-0.30027579904211932,-0.41282376392022835,-0.45575957887553842,0.10492163640598527,-0.4453943165888839
0.31475930350489656,0.22348459284713532,0.28504027383000924,0.71537420439307486,0.11085405820996053,0.58787662395111162,0.46220370536090744,-0.49547446579388177,-0.03171415860518953,0.80450892935283724,-0.64094561226585889,-0.13225123662118532,0.64386839285302855,-0.27748703984969209,0.24952607783074948,0.00039279159719736662,0.71427514619563059,0.72420417560257444,-0.35576395094384611,0.14078052465751145,0.11512699470843581,-0.86822145597962286,-0.38809660610798086,-0.61900533261725799,0.10430569235956258,-0.34436753064573633,0.4540147615323315,0.44618278733968353,1.0,0.67274802,0.87218556982889472,0.88176503037535792,0.004560076513988447,-0.70585426457231382,-0.34273305384565095,-0.52111795951881534,-0.73581206619854,-0.47283354709963293,0.40671412031805676
0.4567670399999999,0.7153513600000001,0.8692378999999999,0.78571569999999991,-0.076900780000000002,0.022944159999999991,0.81364597999999999,-0.92684812000000005,0.45853056000000003,0.49736424000000001,-0.46525501999999996,0.52335452000000005,0.87156268000000003,-0.005677460000000023,0.72056366000000005,-0.58275149999999998,0.4798866799999999,0.51411180000000001,-0.14679770000000003,0.53796925999999989,-0.059116040000000036,-0.48137123999999998,-0.046109320000000009,-0.86276918000000002,0.78062315999999998,-0.56660470000000007,0.36051546000000001,0.71645770000000009,0.67274802,1.0,0.89207790000000009,0.43599941999999992,0.00802732000000006,-0.76065019999999994,-0.62144882000000001,-0.5510446,-0.32619330000000002,-0.23523506000000005,-0.13965121999999996
0.40585843196829641,0.51235356550371669,0.58584445734436019,0.88847702294331021,0.15303732740499451,0.39891591813377242,0.68519253145016457,-0.69621518535263571,0.16057737077578191,0.68483757724371275,-0.62324504166985517,0.14657976367533054,0.86681990275606036,-0.23845321890365873,0.59523225834153992,-0.34056694850185837,0.51594071211190606,0.75886605058267087,-0.16535273220815269,0.41299299121232041,0.11559398913855908,-0.71950844847869633,-0.15221491735574796,-0.85193273697192551,0.43905000791125215,-0.66668597704326871,0.56085072847279471,0.78792948821892561,0.87218556982889472,0.89207790000000009,1.0,0.72606735965570135,-0.0046614679349294896,-0.8335824600835624,-0.43380260704334761,-0.59639857996599899,-0.61910215001706992,-0.29754843297519024,0.0033046370924298589
-0.067656121580654885,-0.16641931320175929,0.053505135840222137,0.7440781858283172,0.018112542881922385,0.61130321520071551,0.22794948937395915,-0.18410367696186355,0.0011729794824521856,0.70879423821666976,-0.6816851975304441,-0.26740813435893612,0.46272806319849002,-0.44760486690407736,-0.058875459957435511,0.36805450359085573,0.40452723871670038,0.62152839333777299,-0.34996283713000481,0.041965095240491482,-0.022220342570217554,-0.73388982377779866,-0.49679123981599699,-0.45311185471323318,-0.17316776581368426,-0.22372775386907023,0.370430246553757,0.31374902671765914,0.88176503037535792,0.43599941999999992,0.72606735965570135,1.0,-0.30098259306664382,-0.47406081490227597,0.031474533097502304,-0.53509667098804081,-0.63357999783155006,-0.42068711223666611,0.39728350525641659
0.55627565213747865,0.59640528148824834,-0.1611522080902407,-0.34097655219617312,0.70943109446697816,0.43326270722061927,0.18395084580704207,-0.11503386521329449,-0.42338158507858886,0.12067464552304649,0.21132511370060547,-0.38670836197786368,0.19137907073747024,0.059405532258705866,0.22821489965345007,-0.29457763062449727,0.52690241073109301,0.42926341503155419,0.11113324495903457,-0.41595494290546042,0.81156178917443667,-0.38965810215697233,0.49405371568653572,0.10577303009736226,-0.021077703709865503,-0.15588815246498511,0.51108679952932434,0.11616499273540164,0.004560076513988447,0.00802732000000006,-0.0046614679349294896,-0.30098259306664382,1.0,-0.41439034018568599,-0.1211651897718769,0.57761211788158162,-0.50172965195183028,0.18017631509837123,0.064895407626868587
-0.4254498255379629,-0.70935273027809143,-0.40542228766109822,-0.66501016158174042,-0.43138046907736616,-0.54139001860073188,-0.7059746421258345,0.65383202842436161,-0.049067893315087589,-0.44039523730862873,0.26256400997056356,0.054942929897478399,-0.84551816631599264,0.28409344652221347,-0.64684915545009036,0.35740721003912612,-0.65253733853549345,-0.87746118420592722,-0.14403506754638995,-0.29029239256908057,-0.53131534757150034,0.72062204514923067,-0.28503087876040922,0.58536338790603326,-0.35390382158551992,0.57603737612130268,-0.81008144371606483,-0.75810489466304354,-0.70585426457231382,-0.76065019999999994,-0.8335824600835624,-0.47406081490227597,-0.41439034018568599,1.0,0.24001983795638163,0.24041864044996711,0.77596696633122186,-0.091404466559626391,0.082233449692065641
-0.76864193236438505,-0.58379045608413127,-0.71627876134778468,-0.17212847694976174,0.22973104513407255,0.30337224236320393,-0.49759441672530397,0.68796476433133003,-0.11699609341302757,-0.41142665280218776,0.27510799300190142,-0.57933833488909281,-0.34595282303876801,-0.35452814978218056,-0.58382081881946124,0.77624953633618965,-0.43153580908347844,-9.525553817136535e-05,0.28476976736954163,-0.37508358023547494,0.22960980875783665,0.18479026293294085,0.28016451623083621,0.62716288381758434,-0.71599027289300321,0.35989492682292801,0.20857728935321285,-0.30027579904211932,-0.34273305384565095,-0.62144882000000001,-0.43380260704334761,0.031474533097502304,-0.1211651897718769,0.24001983795638163,1.0,0.3681556115040942,-0.050240834304562672,0.52573542281869257,-0.024658036327622711
-0.068572120204538789,-0.020045686356685532,-0.49860249164360726,-0.62206571625320761,0.44378922013173894,0.10865800772143305,-0.2895762090902877,0.39539499511731097,-0.34373669668575868,-0.24640610978070426,0.28770686493787262,-0.39570768027955339,-0.417641139590542,-0.059007092887334467,-0.43169238852750924,0.15720911613171759,-0.042683047801889661,-0.1529388271450608,0.010756801530023294,-0.70021098288097994,0.39710516636355292,0.14174151006531771,0.29503648114122449,0.6559783971507146,-0.35281261952896126,0.28592003173484992,0.057571248525513069,-0.41282376392022835,-0.52111795951881534,-0.5510446,-0.59639857996599899,-0.53509667098804081,0.57761211788158162,0.24041864044996711,0.3681556115040942,1.0,0.024047518315027688,0.2418953560049068,-0.12814624113940892
-0.33190595585456706,-0.2866400513620449,0.1688913282386606,-0.42061096113266189,-0.64403122154156534,-0.93676830331071148,-0.33844205167470065,0.15147316760610718,0.39372358042573424,-0.6089741009517593,0.34110963299034991,0.62466976070562463,-0.53241075485350564,0.47192127540708462,-0.18057484872455501,-0.11034212843623815,-0.68068434832865843,-0.93660783489194832,-0.0054594267414063858,0.19912537898380478,-0.70305159625946256,0.91915014629141056,-0.052844555252618747,0.27694585290007245,0.25029951849233756,0.3922705142488852,-0.79325243359009845,-0.45575957887553842,-0.73581206619854,-0.32619330000000002,-0.61910215001706992,-0.63357999783155006,-0.50172965195183028,0.77596696633122186,-0.050240834304562672,0.024047518315027688,1.0,0.070359044721179376,-0.29815404801983825
-0.42045227956551223,0.12623265283974358,-0.20645586123718238,-0.17789680440433647,0.23032447461048819,-0.050059060490301462,-0.12704559742487539,0.15181280597326952,0.21595297811723002,-0.80328472251858918,0.72264900390042963,-0.094320595638675786,0.056916779687770681,0.11751865623898158,0.17033558255550979,0.031972030837587151,-0.3309255195159701,0.052603206509659856,0.8061861691068033,0.26045435446029291,0.43171802927855796,0.39371415158994688,0.87043261788205095,0.32667739928602224,-0.06899321438487277,0.099898222825219096,0.32737779737319495,0.10492163640598527,-0.47283354709963293,-0.23523506000000005,-0.29754843297519024,-0.42068711223666611,0.18017631509837123,-0.091404466559626391,0.52573542281869257,0.2418953560049068,0.070359044721179376,1.0,-0.30139297710970936
-0.08220717526565606,-0.3119360030858952,-0.34017977707871544,-0.19409104088732704,-0.059772440491849835,0.36777231124061094,-0.34210621916384398,0.10534605785566603,-0.10753096821652061,0.3093022856783797,-0.066956378624772744,-0.39220214370953088,-0.023347066931325575,0.27596106919409946,-0.40276622590506994,0.49767006820843185,0.45941518665480313,0.13071203978074092,-0.40826090520654712,-0.34446009890713397,0.067639174808744554,-0.41150692670626765,-0.3448198652451111,0.098527552737368768,-0.41249554959359969,0.48133395334712986,-0.061499222500755686,-0.4453943165888839,0.40671412031805676,-0.13965121999999996,0.0033046370924298589,0.39728350525641659,0.064895407626868587,0.082233449692065641,-0.024658036327622711,-0.12814624113940892,-0.29815404801983825,-0.30139297710970936,1.0
