1.0,0.46768998039435794,0.001957530378222808,0.39882634574491432,0.19253385887772276,0.26177296651938398,-0.59333063091818872,-0.0096316227247218184,0.28356054569999301,0.59506987866393957,-0.60538211568050504,-0.55907695137951785,-0.49660701075729402,-0.022490471509808863,-0.2134322948923526,0.049844330934174806,-0.24476284229458806,-0.39942544000000002,-0.092585872278471398,0.58518848510486932,-0.33050443764928139,0.63291633712531359,0.32683095103419174,0.86094647082497722,-0.52930759177992726,-0.63575104237956703,-0.60819804279987699,0.11749604498022143,0.52802982166476709,-0.1844730804052247,-0.71273927903307155,0.099940221808367979,-0.13114583892079942,-0.65121512838087048,0.76164556727311605,-0.05680465932489831,-0.53660501576425423,0.43551473755900594,0.59773846683975951
0.46768998039435794,1.0,0.77751569737849036,-0.089004308450252298,-0.38966795404747095,0.57767304960671761,-0.83631766137298114,-0.033457696454922144,-0.44158086824531434,0.7902957547555497,-0.033118271451921644,-0.4258440385534264,-0.27953752946722493,0.29962230905681414,-0.34781829807712689,-0.26173621306528499,0.35272949523387653,-0.81001747999999996,-0.024336582436390287,0.85412834605043919,-0.59180026332028324,0.79263998973094651,0.96911177419008576,0.56798582268441877,-0.34408191482616424,-0.64410788171601285,-0.77452572180658952,0.73545750182399083,0.80345797615311632,-0.36233034903653594,-0.61541565977555446,-0.70239167415914761,-0.60956964561077898,-0.67652241222855947,0.86274567164645821,-0.69474891559417007,-0.55491360743103624,0.7613657939567281,0.91936394962025492
0.001957530378222808,0.77751569737849036,1.0,-0.026402275007677868,-0.35372299773191945,0.1563366379689623,-0.63987266798401521,0.086336231897625265,-0.45730065552316718,0.69891907682964705,0.41717301825127023,0.20846573173511085,-0.3243997022512205,0.68106304699802089,-0.67949999832658503,-0.073302977704040331,0.41101462443419057,-0.87353230000000004,0.39743373085797906,0.4913515345285332,-0.13254148339581623,0.43427213206662535,0.89985268954641062,0.015693999170528994,-0.43353877020943832,-0.15394249684805864,-0.73722886776209473,0.94423617080797762,0.51057291188345055,-0.60423102636393522,-0.51366324125122331,-0.84466652966511635,-0.87758463555037336,-0.08281263015958884,0.46314073387106536,-0.53949231219961735,-0.55031611738896402,0.84642269342177723,0.73991110971515062
0.39882634574491432,-0.089004308450252298,-0.026402275007677868,1.0,0.49884513533189517,-0.54859815946847823,-0.21260846613620588,-0.14689492344690649,0.5252375131448207,0.41566680640300291,-0.16204574237481459,0.32336491917388371,-0.72621009082755639,0.40907139938772197,-0.5433416138794277,0.25183553946775195,-0.54192283485109871,-0.26083259999999997,0.52828978157491913,0.098502919795720956,0.45958437135042668,-0.022778086108216938,-0.074807599269381547,0.12264597996621385,-0.5804207076530532,0.044832272290073541,-0.42956611630107755,0.12405777909731458,-0.076416203620160092,-0.4488162822045213,-0.58640673666864906,0.13412041923879117,-0.27628946150967798,0.24804020231581236,0.20253900680714543,0.39264336501360597,-0.47350303837741337,0.32591050789624582,0.13182239672921797
0.19253385887772276,-0.38966795404747095,-0.35372299773191945,0.49884513533189517,1.0,-0.6609435102375355,0.4266393486620732,0.3109414835462449,0.97684910383472356,-0.094214509896923301,-0.65713007413212909,0.29554274523666402,-0.61907400316959504,-0.14204932866545605,-0.18636369307586209,0.27303479283503279,-0.91785003661458564,0.29061705999999998,0.10466715939673714,-0.30544318497872652,0.74156846853409053,0.058269558253320405,-0.44779418787598302,0.21478122143363931,-0.50284680873696908,-0.022460456251129378,0.037542809858654227,-0.43253566586629072,-0.053940670501877272,0.13224675349550336,-0.2875636853092825,0.52411619113101282,0.25962532733303956,0.27079522802114797,-0.11979182998477025,0.3395689259572639,-0.24662180826267621,-0.1460300505766344,-0.38155177551990888
0.26177296651938398,0.57767304960671761,0.1563366379689623,-0.54859815946847823,-0.6609435102375355,1.0,-0.39430725129921274,-0.0321390889690637,-0.63245798053049984,0.11773302040906189,-0.077676133179291326,-0.81444201256055904,0.48645754018569509,-0.30686711420735246,0.42257768350292096,-0.55173132649692802,0.64969058256573908,-0.15973996000000001,-0.6497608209571033,0.51319060540288519,-0.93205902628953008,0.51650662290123739,0.47208816883830806,0.4589332663778391,0.31923979248255502,-0.55813204968600472,-0.12030838706623308,0.12731153841109286,0.59370560889540691,0.3321016944202011,0.11607617175879845,-0.22876930686473898,0.080309516660644606,-0.82296937768908074,0.48835457827736789,-0.56657428482853833,0.13559204049961676,0.073567839330783619,0.44857143367162516
-0.59333063091818872,-0.83631766137298114,-0.63987266798401521,-0.21260846613620588,0.4266393486620732,-0.39430725129921274,1.0,0.25738292006967256,0.40860633789489914,-0.90132669095841,-0.13978455194994241,0.30777475501982909,0.3842581902299998,-0.53095040807895388,0.49895079457268565,0.074102349785662255,-0.29043399538200332,0.88527727999999994,-0.2785751795867093,-0.82523596689954637,0.52749846212827367,-0.48208121171849555,-0.83328897319439377,-0.44642680888786146,0.37407107454250127,0.44610147351981222,0.84213195994280798,-0.77997504163167508,-0.49311167998779787,0.66900171952738319,0.72984022942122662,0.58989030481516402,0.72724216490352345,0.50073430993550549,-0.82823659131724381,0.27598224674986122,0.56798109028419419,-0.81424025908835662,-0.9515604244416539
-0.0096316227247218184,-0.033457696454922144,0.086336231897625265,-0.14689492344690649,0.3109414835462449,-0.0321390889690637,0.25738292006967256,1.0,0.29672314010693079,-0.010968527242379249,-0.21916232294782445,0.11848761179873388,-0.0058831695641379297,-0.1165972569202805,-0.16248672286784147,-0.21964572708141572,-0.0018995231520796407,0.0074771399999999932,-0.16429416347834561,-0.30644570324193288,0.28516554195826577,0.25603488868777069,-0.021379063890300903,0.13487534160277415,-0.41860856903952859,-0.15687303907614913,-0.10476846780434206,-0.036574505454395945,0.36095533599238649,0.19912402077020858,-0.0080159558991595228,0.33382352028627732,0.10963852802436715,0.026906548942292274,-0.08891807752301549,-0.27777641763653782,0.042609484763753716,0.11194816777556757,-0.033871179895177884
0.28356054569999301,-0.44158086824531434,-0.45730065552316718,0.5252375131448207,0.97684910383472356,-0.63245798053049984,0.40860633789489914,0.29672314010693079,1.0,-0.10524591949632038,-0.68675812960396931,0.22648095818307559,-0.57173142147837341,-0.17924792120375624,-0.15691235445031512,0.34988517819786419,-0.89906502798099364,0.31768858,0.073537745545615318,-0.3172423587292551,0.69425374880174728,0.015835835204390244,-0.51030456236943966,0.25715249651576999,-0.50467607300107509,-0.039970934255749255,0.052458359388624178,-0.48816915254110471,-0.098649931591809736,0.12680174848458661,-0.28081569702523446,0.63235321245634313,0.31031872246377462,0.23604903449790715,-0.11332859533020388,0.43009854724934138,-0.20391629025207519,-0.16624814596207504,-0.37627597709529459
0.59506987866393957,0.7902957547555497,0.69891907682964705,0.41566680640300291,-0.094214509896923301,0.11773302040906189,-0.90132669095841,-0.010968527242379249,-0.10524591949632038,1.0,0.00084395270743129218,-0.099681699180509786,-0.64505472402319752,0.58591728112962527,-0.71292620781097904,-0.019637785057232075,0.029420883346459176,-0.9208925,0.39712962414363573,0.7386004217510177,-0.20040560214714992,0.54271072026297806,0.79900154727181516,0.48626023429780213,-0.6741368072101408,-0.49206984338824455,-0.94361039299732752,0.78692083453840744,0.55283701848912992,-0.74557670129955578,-0.89508046340286851,-0.48864638231735763,-0.76216016753995475,-0.35807794069610716,0.82528031044183459,-0.30995174904024636,-0.6936242700303904,0.91511815433343657,0.915864156674842
-0.60538211568050504,-0.033118271451921644,0.41717301825127023,-0.16204574237481459,-0.65713007413212909,-0.077676133179291326,-0.13978455194994241,-0.21916232294782445,-0.68675812960396931,0.00084395270743129218,1.0,0.51329101661513321,0.32845319110635224,0.57469517428461347,-0.244378584621774,0.04071157434657862,0.63144795043141144,-0.27032763999999998,0.50687287599033592,-0.169217188414933,0.0032904987438477692,-0.5534977950595944,0.17234495444346495,-0.79581244017642572,0.29370348732910051,0.62665962178410473,0.018287960800981596,0.51791219087050133,-0.41916271838405983,-0.45728568978008949,0.2764419912280992,-0.49585469415553629,-0.48749309600032847,0.51415709967737577,-0.36249270006974837,0.074505500754587395,0.18348161933073709,0.17161258276151417,0.0591750444111796
-0.55907695137951785,-0.4258440385534264,0.20846573173511085,0.32336491917388371,0.29554274523666402,-0.81444201256055904,0.30777475501982909,0.11848761179873388,0.22648095818307559,-0.099681699180509786,0.51329101661513321,1.0,-0.29252529353895046,0.59403617516538909,-0.56638510337407644,0.39123794769867914,-0.19353315992034165,-0.05870304000000004,0.73778295742508326,-0.55381182090216774,0.8436567548900531,-0.55757878538238381,-0.2197168234471237,-0.74919998377329367,-0.25467464972117781,0.74710642367204561,0.02292834092495356,0.21848546576539038,-0.50742483992677445,-0.41200488238091543,0.0056791929788148439,-0.092944631862669588,-0.37489296361029911,0.9447468636271239,-0.57294737817692243,0.42091673716210898,-0.10303894230443392,0.11133831230889352,-0.32303901126135504
-0.49660701075729402,-0.27953752946722493,-0.3243997022512205,-0.72621009082755639,-0.61907400316959504,0.48645754018569509,0.3842581902299998,-0.0058831695641379297,-0.57173142147837341,-0.64505472402319752,0.32845319110635224,-0.29252529353895046,1.0,-0.50653493567700858,0.74066741205064679,-0.28725266926065074,0.65408732401153047,0.51324360000000002,-0.55573812857152027,-0.30949975735019847,-0.44698590226609453,-0.33916329436537906,-0.28191458282167053,-0.35250975103933008,0.80808699926488459,0.17035290920449608,0.67358326346690101,-0.3533923102712726,-0.2439667362269862,0.55069973580136233,0.88553144219964774,0.15066033449484131,0.51675156708838177,-0.079186633040796095,-0.45250653135681562,-0.15935008691301464,0.78616091428769264,-0.58747483278904356,-0.37055734365084081
-0.022490471509808863,0.29962230905681414,0.68106304699802089,0.40907139938772197,-0.14204932866545605,-0.30686711420735246,-0.53095040807895388,-0.1165972569202805,-0.17924792120375624,0.58591728112962527,0.57469517428461347,0.59403617516538909,-0.50653493567700858,1.0,-0.85449876726534779,0.24828018070774047,0.12959827442632715,-0.74569563999999999,0.83876818130278596,0.17774981475849852,0.25843621781263504,-0.090889624934792482,0.47748585706783536,-0.30445082154465719,-0.47617566956310009,0.31423899266046063,-0.63957469849889392,0.80753548621055227,-0.0228576575944619,-0.83524052939802018,-0.53709625547530726,-0.5647807466905671,-0.90102956284485791,0.39967489581661808,0.15461658406969173,0.18339823282996956,-0.48128941768138239,0.72857313022285108,0.47192337674933776
-0.2134322948923526,-0.34781829807712689,-0.67949999832658503,-0.5433416138794277,-0.18636369307586209,0.42257768350292096,0.49895079457268565,-0.16248672286784147,-0.15691235445031512,-0.71292620781097904,-0.244378584621774,-0.56638510337407644,0.74066741205064679,-0.85449876726534779,1.0,-0.34852680643348233,0.10053989863610249,0.79123213999999997,-0.75312199705597549,-0.18300045380433133,-0.41433236979727023,-0.15128881715937581,-0.49201722619142663,0.027711921440200901,0.83144430062276864,-0.078366227208497688,0.79320880030163432,-0.7598159947862807,-0.18297319045730132,0.82228219954058313,0.76135874025141614,0.38912446745671236,0.86728666986900038,-0.31169478590997707,-0.29187537723041918,-0.082935135217958228,0.71065523513950091,-0.85325713586684548,-0.53913185886526038
0.049844330934174806,-0.26173621306528499,-0.073302977704040331,0.25183553946775195,0.27303479283503279,-0.55173132649692802,0.074102349785662255,-0.21964572708141572,0.34988517819786419,-0.019637785057232075,0.04071157434657862,0.39123794769867914,-0.28725266926065074,0.24828018070774047,-0.34852680643348233,1.0,-0.30521949986517344,-0.029535259999999952,0.46450354488589912,-0.16427252805789422,0.42529956084949616,-0.31471950449692754,-0.18153044397311574,-0.19114625283288489,-0.26776586871094105,0.30760011215059418,0.012524644114756135,0.011636522908178903,-0.47218315281097384,-0.42473184338720421,-0.19189888816281012,-0.00075451258962674905,-0.1963636310912634,0.41832456881072511,-0.19906609418683935,0.46635074045256464,-0.24767068152828037,0.10073506232448601,-0.10579041449996805
-0.24476284229458806,0.35272949523387653,0.41101462443419057,-0.54192283485109871,-0.91785003661458564,0.64969058256573908,-0.29043399538200332,-0.0018995231520796407,-0.89906502798099364,0.029420883346459176,0.63144795043141144,-0.19353315992034165,0.65408732401153047,0.12959827442632715,0.10053989863610249,-0.30521949986517344,1.0,-0.29095576000000001,-0.19449095733434804,0.13096097988501823,-0.62355584601383529,0.027146337578970156,0.44099320770373013,-0.23375788768515196,0.34008977471342211,0.020288966670553438,-0.069949968210538893,0.44431688231155025,0.18382661414973731,-0.024377076585641089,0.32959761907154916,-0.42904552066371959,-0.25737351549155746,-0.20540787699841212,0.036216577239843117,-0.41816785069592183,0.21582993573120832,0.19914835951951426,0.34880081663463791
-0.39942544000000002,-0.81001747999999996,-0.87353230000000004,-0.26083259999999997,0.29061705999999998,-0.15973996000000001,0.88527727999999994,0.0074771399999999932,0.31768858,-0.9208925,-0.27032763999999998,-0.05870304000000004,0.51324360000000002,-0.74569563999999999,0.79123213999999997,-0.029535259999999952,-0.29095576000000001,1.0,-0.46945088000000001,-0.63943312000000008,0.21048408000000007,-0.47371746000000003,-0.89193714000000002,-0.25524173999999999,0.61750583999999997,0.28856127999999992,0.94087556000000006,-0.95283620000000002,-0.52080934000000001,0.77854960000000006,0.78025524000000002,0.68121293999999999,0.92609235999999995,0.21908812000000011,-0.68713341999999999,0.32460723999999996,0.70108495999999998,-0.98070062000000002,-0.92380030000000002
-0.092585872278471398,-0.024336582436390287,0.39743373085797906,0.52828978157491913,0.10466715939673714,-0.6497608209571033,-0.2785751795867093,-0.16429416347834561,0.073537745545615318,0.39712962414363573,0.50687287599033592,0.73778295742508326,-0.55573812857152027,0.83876818130278596,-0.75312199705597549,0.46450354488589912,-0.19449095733434804,-0.46945088000000001,1.0,-0.028691734613828533,0.52960072268730329,-0.36018836622138634,0.13946015018335772,-0.44038809329410572,-0.37928694525476969,0.54682519016298126,-0.38002031816856935,0.5316206258772086,-0.37239171148948791,-0.83113363110951877,-0.43203567063360587,-0.37736456145797764,-0.68091472106154649,0.62746411742521346,-0.097219132731610647,0.37527312191548651,-0.36850915608007756,0.46518785788462658,0.16286322737444378
0.58518848510486932,0.85412834605043919,0.4913515345285332,0.098502919795720956,-0.30544318497872652,0.51319060540288519,-0.82523596689954637,-0.30644570324193288,-0.3172423587292551,0.7386004217510177,-0.169217188414933,-0.55381182090216774,-0.30949975735019847,0.17774981475849852,-0.18300045380433133,-0.16427252805789422,0.13096097988501823,-0.63943312000000008,-0.028691734613828533,1.0,-0.61033108890895238,0.66395735185969729,0.76344365682488291,0.64394111645212138,-0.21173238172361911,-0.64594193015219437,-0.65689846268945273,0.50967177846452583,0.61289264005811117,-0.3310816417353516,-0.6097398260075737,-0.58295159967534504,-0.42246275900171476,-0.72165362554958645,0.83895649564426422,-0.46943534370771534,-0.37777833934427096,0.56577101969972932,0.80567282923878003
-0.33050443764928139,-0.59180026332028324,-0.13254148339581623,0.45958437135042668,0.74156846853409053,-0.93205902628953008,0.52749846212827367,0.28516554195826577,0.69425374880174728,-0.20040560214714992,0.0032904987438477692,0.8436567548900531,-0.44698590226609453,0.25843621781263504,-0.41433236979727023,0.42529956084949616,-0.62355584601383529,0.21048408000000007,0.52960072268730329,-0.61033108890895238,1.0,-0.42476063298341177,-0.48494934630039571,-0.44024206793131693,-0.38498356453628818,0.53253052220703911,0.1331868690646788,-0.16892111935708973,-0.44675595765282045,-0.16072978324154222,-0.055445218196202621,0.29773330093272626,-0.019659178244428921,0.82485046262968376,-0.54212142153704779,0.48271109133082746,-0.081687602942918033,-0.092317043005005511,-0.51102757759061124
0.63291633712531359,0.79263998973094651,0.43427213206662535,-0.022778086108216938,0.058269558253320405,0.51650662290123739,-0.48208121171849555,0.25603488868777069,0.015835835204390244,0.54271072026297806,-0.5534977950595944,-0.55757878538238381,-0.33916329436537906,-0.090889624934792482,-0.15128881715937581,-0.31471950449692754,0.027146337578970156,-0.47371746000000003,-0.36018836622138634,0.66395735185969729,-0.42476063298341177,1.0,0.67658444134422391,0.83670998823113774,-0.46979698954200999,-0.80190358334489376,-0.61881975229014607,0.30613569442911043,0.95481706068112271,0.081060919438616097,-0.56025769766574673,-0.28400914054836168,-0.20293955726283222,-0.77723503921782766,0.79389789320889648,-0.68038788029911468,-0.53654049873306286,0.50770650069834677,0.65345886444037882
0.32683095103419174,0.96911177419008576,0.89985268954641062,-0.074807599269381547,-0.44779418787598302,0.47208816883830806,-0.83328897319439377,-0.021379063890300903,-0.51030456236943966,0.79900154727181516,0.17234495444346495,-0.2197168234471237,-0.28191458282167053,0.47748585706783536,-0.49201722619142663,-0.18153044397311574,0.44099320770373013,-0.89193714000000002,0.13946015018335772,0.76344365682488291,-0.48494934630039571,0.67658444134422391,1.0,0.37446432897289816,-0.3793353822597515,-0.47782879439251541,-0.80513502649249213,0.8704904681029022,0.71460535196145969,-0.49376969430803569,-0.60050417696908009,-0.79953235258380106,-0.76041692905386316,-0.49062924034734312,0.75817364065324555,-0.64853300279565629,-0.58110438724792091,0.84372214584840444,0.91917025569286792
0.86094647082497722,0.56798582268441877,0.015693999170528994,0.12264597996621385,0.21478122143363931,0.4589332663778391,-0.44642680888786146,0.13487534160277415,0.25715249651576999,0.48626023429780213,-0.79581244017642572,-0.74919998377329367,-0.35250975103933008,-0.30445082154465719,0.027711921440200901,-0.19114625283288489,-0.23375788768515196,-0.25524173999999999,-0.44038809329410572,0.64394111645212138,-0.44024206793131693,0.83670998823113774,0.37446432897289816,1.0,-0.4098742323617105,-0.89501842340691617,-0.47304510878384953,-0.014355835757720916,0.7499510623254062,0.11983174502213112,-0.56972883053792422,0.10209227196218407,0.074597393992779759,-0.85563932273332843,0.81453100960109626,-0.37400210627032249,-0.39738101419809324,0.29726507964127197,0.52915480288517069
-0.52930759177992726,-0.34408191482616424,-0.43353877020943832,-0.5804207076530532,-0.50284680873696908,0.31923979248255502,0.37407107454250127,-0.41860856903952859,-0.50467607300107509,-0.6741368072101408,0.29370348732910051,-0.25467464972117781,0.80808699926488459,-0.47617566956310009,0.83144430062276864,-0.26776586871094105,0.34008977471342211,0.61750583999999997,-0.37928694525476969,-0.21173238172361911,-0.38498356453628818,-0.46979698954200999,-0.3793353822597515,-0.4098742323617105,1.0,0.30157330488062478,0.78149503714526392,-0.45458256827699528,-0.45725039394484734,0.50429075374383592,0.83611775859414716,0.036732960877231415,0.54264714190604157,-0.0072193419368173917,-0.45900793876326196,0.029200034945007173,0.7384984835711369,-0.74842355943376759,-0.50156096905925984
-0.63575104237956703,-0.64410788171601285,-0.15394249684805864,0.044832272290073541,-0.022460456251129378,-0.55813204968600472,0.44610147351981222,-0.15687303907614913,-0.039970934255749255,-0.49206984338824455,0.62665962178410473,0.74710642367204561,0.17035290920449608,0.31423899266046063,-0.078366227208497688,0.30760011215059418,0.020288966670553438,0.28856127999999992,0.54682519016298126,-0.64594193015219437,0.53253052220703911,-0.80190358334489376,-0.47782879439251541,-0.89501842340691617,0.30157330488062478,1.0,0.41977208302088981,-0.082324284796726918,-0.77083984960761909,-0.11140850867761037,0.43857297889022184,-0.014015938352486601,-0.045580988407472399,0.86347630153300159,-0.82240594154315194,0.58403123566472637,0.30019191162975506,-0.31651488384955295,-0.56852937119629188
-0.60819804279987699,-0.77452572180658952,-0.73722886776209473,-0.42956611630107755,0.037542809858654227,-0.12030838706623308,0.84213195994280798,-0.10476846780434206,0.052458359388624178,-0.94361039299732752,0.018287960800981596,0.02292834092495356,0.67358326346690101,-0.63957469849889392,0.79320880030163432,0.012524644114756135,-0.069949968210538893,0.94087556000000006,-0.38002031816856935,-0.65689846268945273,0.1331868690646788,-0.61881975229014607,-0.80513502649249213,-0.47304510878384953,0.78149503714526392,0.41977208302088981,1.0,-0.8105552071365103,-0.64313119602741842,0.66441070661190815,0.90352236795191154,0.48581118291359421,0.80844902578679345,0.30940048610934057,-0.76668393547914404,0.27108643678404432,0.77111909819744962,-0.95953164394369395,-0.89921075072543211
0.11749604498022143,0.73545750182399083,0.94423617080797762,0.12405777909731458,-0.43253566586629072,0.12731153841109286,-0.77997504163167508,-0.036574505454395945,-0.48816915254110471,0.78692083453840744,0.51791219087050133,0.21848546576539038,-0.3533923102712726,0.80753548621055227,-0.7598159947862807,0.011636522908178903,0.44431688231155025,-0.95283620000000002,0.5316206258772086,0.50967177846452583,-0.16892111935708973,0.30613569442911043,0.8704904681029022,-0.014355835757720916,-0.45458256827699528,-0.082324284796726918,-0.8105552071365103,1.0,0.38659728096309548,-0.77299519158040852,-0.58647175601275547,-0.79761483965337188,-0.95994388340003423,-0.04432657337186735,0.49058485058284185,-0.34309825660514731,-0.57650484990593875,0.91065017130356785,0.8151900685106469
0.52802982166476709,0.80345797615311632,0.51057291188345055,-0.076416203620160092,-0.053940670501877272,0.59370560889540691,-0.49311167998779787,0.36095533599238649,-0.098649931591809736,0.55283701848912992,-0.41916271838405983,-0.50742483992677445,-0.2439667362269862,-0.0228576575944619,-0.18297319045730132,-0.47218315281097384,0.18382661414973731,-0.52080934000000001,-0.37239171148948791,0.61289264005811117,-0.44675595765282045,0.95481706068112271,0.71460535196145969,0.7499510623254062,-0.45725039394484734,-0.77083984960761909,-0.64313119602741842,0.38659728096309548,1.0,0.08505493317258303,-0.4976867118179033,-0.28279874421375595,-0.25233697526065385,-0.73939219966776237,0.76358694333031329,-0.70779510059064055,-0.44833576914063206,0.54953427590077331,0.67702458205434191
-0.1844730804052247,-0.36233034903653594,-0.60423102636393522,-0.4488162822045213,0.13224675349550336,0.3321016944202011,0.66900171952738319,0.19912402077020858,0.12680174848458661,-0.74557670129955578,-0.45728568978008949,-0.41200488238091543,0.55069973580136233,-0.83524052939802018,0.82228219954058313,-0.42473184338720421,-0.024377076585641089,0.77854960000000006,-0.83113363110951877,-0.3310816417353516,-0.16072978324154222,0.081060919438616097,-0.49376969430803569,0.11983174502213112,0.50429075374383592,-0.11140850867761037,0.66441070661190815,-0.77299519158040852,0.08505493317258303,1.0,0.65790450075231321,0.4969269522559821,0.84745670104547888,-0.24450946098905979,-0.32305543926123959,-0.11582958793751692,0.53609564797914078,-0.76193909916937674,-0.59243440854500196
-0.71273927903307155,-0.61541565977555446,-0.51366324125122331,-0.58640673666864906,-0.2875636853092825,0.11607617175879845,0.72984022942122662,-0.0080159558991595228,-0.28081569702523446,-0.89508046340286851,0.2764419912280992,0.0056791929788148439,0.88553144219964774,-0.53709625547530726,0.76135874025141614,-0.19189888816281012,0.32959761907154916,0.78025524000000002,-0.43203567063360587,-0.6097398260075737,-0.055445218196202621,-0.56025769766574673,-0.60050417696908009,-0.56972883053792422,0.83611775859414716,0.43857297889022184,0.90352236795191154,-0.58647175601275547,-0.4976867118179033,0.65790450075231321,1.0,0.30468709094757074,0.6651075252432751,0.25648026380397398,-0.75679107009882352,0.068384268106362875,0.83689398961308625,-0.8260430780132989,-0.74142383563019931
0.099940221808367979,-0.70239167415914761,-0.84466652966511635,0.13412041923879117,0.52411619113101282,-0.22876930686473898,0.58989030481516402,0.33382352028627732,0.63235321245634313,-0.48864638231735763,-0.49585469415553629,-0.092944631862669588,0.15066033449484131,-0.5647807466905671,0.38912446745671236,-0.00075451258962674905,-0.42904552066371959,0.68121293999999999,-0.37736456145797764,-0.58295159967534504,0.29773330093272626,-0.28400914054836168,-0.79953235258380106,0.10209227196218407,0.036732960877231415,-0.014015938352486601,0.48581118291359421,-0.79761483965337188,-0.28279874421375595,0.4969269522559821,0.30468709094757074,1.0,0.74383737492087909,0.10756799398216954,-0.34186666952975914,0.45753038341014551,0.37432486830826295,-0.58245043856051915,-0.58782548038285365
-0.13114583892079942,-0.60956964561077898,-0.87758463555037336,-0.27628946150967798,0.25962532733303956,0.080309516660644606,0.72724216490352345,0.10963852802436715,0.31031872246377462,-0.76216016753995475,-0.48749309600032847,-0.37489296361029911,0.51675156708838177,-0.90102956284485791,0.86728666986900038,-0.1963636310912634,-0.25737351549155746,0.92609235999999995,-0.68091472106154649,-0.42246275900171476,-0.019659178244428921,-0.20293955726283222,-0.76041692905386316,0.074597393992779759,0.54264714190604157,-0.045580988407472399,0.80844902578679345,-0.95994388340003423,-0.25233697526065385,0.84745670104547888,0.6651075252432751,0.74383737492087909,1.0,-0.11779361868525343,-0.41629652550261143,0.11300604321491742,0.67123701746059261,-0.90158395970228145,-0.72686520855676617
-0.65121512838087048,-0.67652241222855947,-0.08281263015958884,0.24804020231581236,0.27079522802114797,-0.82296937768908074,0.50073430993550549,0.026906548942292274,0.23604903449790715,-0.35807794069610716,0.51415709967737577,0.9447468636271239,-0.079186633040796095,0.39967489581661808,-0.31169478590997707,0.41832456881072511,-0.20540787699841212,0.21908812000000011,0.62746411742521346,-0.72165362554958645,0.82485046262968376,-0.77723503921782766,-0.49062924034734312,-0.85563932273332843,-0.0072193419368173917,0.86347630153300159,0.30940048610934057,-0.04432657337186735,-0.73939219966776237,-0.24450946098905979,0.25648026380397398,0.10756799398216954,-0.11779361868525343,1.0,-0.77133772836714798,0.58155475685226632,0.14058409058246002,-0.17964099818759352,-0.56276505472133265
0.76164556727311605,0.86274567164645821,0.46314073387106536,0.20253900680714543,-0.11979182998477025,0.48835457827736789,-0.82823659131724381,-0.08891807752301549,-0.11332859533020388,0.82528031044183459,-0.36249270006974837,-0.57294737817692243,-0.45250653135681562,0.15461658406969173,-0.29187537723041918,-0.19906609418683935,0.036216577239843117,-0.68713341999999999,-0.097219132731610647,0.83895649564426422,-0.54212142153704779,0.79389789320889648,0.75817364065324555,0.81453100960109626,-0.45900793876326196,-0.82240594154315194,-0.76668393547914404,0.49058485058284185,0.76358694333031329,-0.32305543926123959,-0.75679107009882352,-0.34186666952975914,-0.41629652550261143,-0.77133772836714798,1.0,-0.47563362658256914,-0.63013112341373601,0.67555186304921322,0.86641443801701967
-0.05680465932489831,-0.69474891559417007,-0.53949231219961735,0.39264336501360597,0.3395689259572639,-0.56657428482853833,0.27598224674986122,-0.27777641763653782,0.43009854724934138,-0.30995174904024636,0.074505500754587395,0.42091673716210898,-0.15935008691301464,0.18339823282996956,-0.082935135217958228,0.46635074045256464,-0.41816785069592183,0.32460723999999996,0.37527312191548651,-0.46943534370771534,0.48271109133082746,-0.68038788029911468,-0.64853300279565629,-0.37400210627032249,0.029200034945007173,0.58403123566472637,0.27108643678404432,-0.34309825660514731,-0.70779510059064055,-0.11582958793751692,0.068384268106362875,0.45753038341014551,0.11300604321491742,0.58155475685226632,-0.47563362658256914,1.0,0.12309069286353451,-0.30682557991805043,-0.47383351647289235
-0.53660501576425423,-0.55491360743103624,-0.55031611738896402,-0.47350303837741337,-0.24662180826267621,0.13559204049961676,0.56798109028419419,0.042609484763753716,-0.20391629025207519,-0.6936242700303904,0.18348161933073709,-0.10303894230443392,0.78616091428769264,-0.48128941768138239,0.71065523513950091,-0.24767068152828037,0.21582993573120832,0.70108495999999998,-0.36850915608007756,-0.37777833934427096,-0.081687602942918033,-0.53654049873306286,-0.58110438724792091,-0.39738101419809324,0.7384984835711369,0.30019191162975506,0.77111909819744962,-0.57650484990593875,-0.44833576914063206,0.53609564797914078,0.83689398961308625,0.37432486830826295,0.67123701746059261,0.14058409058246002,-0.63013112341373601,0.12309069286353451,1.0,-0.75381651962374607,-0.62099394372038308
0.43551473755900594,0.7613657939567281,0.84642269342177723,0.32591050789624582,-0.1460300505766344,0.073567839330783619,-0.81424025908835662,0.11194816777556757,-0.16624814596207504,0.91511815433343657,0.17161258276151417,0.11133831230889352,-0.58747483278904356,0.72857313022285108,-0.85325713586684548,0.10073506232448601,0.19914835951951426,-0.98070062000000002,0.46518785788462658,0.56577101969972932,-0.092317043005005511,0.50770650069834677,0.84372214584840444,0.29726507964127197,-0.74842355943376759,-0.31651488384955295,-0.95953164394369395,0.91065017130356785,0.54953427590077331,-0.76193909916937674,-0.8260430780132989,-0.58245043856051915,-0.90158395970228145,-0.17964099818759352,0.67555186304921322,-0.30682557991805043,-0.75381651962374607,1.0,0.89009892204015384
0.59773846683975951,0.91936394962025492,0.73991110971515062,0.13182239672921797,-0.38155177551990888,0.44857143367162516,-0.9515604244416539,-0.033871179895177884,-0.37627597709529459,0.915864156674842,0.0591750444111796,-0.32303901126135504,-0.37055734365084081,0.47192337674933776,-0.53913185886526038,-0.10579041449996805,0.34880081663463791,-0.92380030000000002,0.16286322737444378,0.80567282923878003,-0.51102757759061124,0.65345886444037882,0.91917025569286792,0.52915480288517069,-0.50156096905925984,-0.56852937119629188,-0.89921075072543211,0.8151900685106469,0.67702458205434191,-0.59243440854500196,-0.74142383563019931,-0.58782548038285365,-0.72686520855676617,-0.56276505472133265,0.86641443801701967,-0.47383351647289235,-0.62099394372038308,0.89009892204015384,1.0
