1.000000000000000000e+00,-5.594941962089823306e-01,7.067234756157777520e-01,1.962299206504753146e-01,2.393022618824639514e-01,7.079182169595444885e-01,5.765502987137989255e-01,6.407674259226164848e-02,5.115401234138113873e-01,1.025537435843915102e-02,-1.386743519109021605e-01,-6.243223152317518565e-01,1.215190593558181931e-01,-5.384200291476548550e-01,-4.380120170400063628e-01,-5.276113807871524175e-01,7.290866120074439571e-01,5.249722152249138851e-01,-1.740136058002578201e-01,-6.731545209844193023e-01,4.242713005915582647e-01,9.471217711960289165e-01,-4.596232882034345657e-01,-3.137753788518403697e-01,3.981253761020375759e-02,2.555014409941503972e-01,3.675114956670524347e-01,1.241864169758634118e-01,-7.843008577766140688e-01,-3.345502450024815388e-01,3.716318713857804656e-01,6.900674150074148638e-01,7.642702708552828739e-01,7.359116740736046935e-01,-7.233092411991607351e-01,-7.029913199999999751e-01,-5.420151950738771873e-01,3.181734204680196632e-01,-1.721344352373129771e-01
-5.594941962089823306e-01,1.000000000000000000e+00,-6.095172326250158923e-01,-5.708407280600441558e-01,-5.932780587544411732e-01,-4.151827162743332855e-01,-5.116119069497196969e-01,-2.700653218603507044e-01,-7.261444081581673871e-01,6.915955639811910416e-02,-2.699309975230405612e-01,5.112298479300551035e-01,-7.230429642598529272e-01,-2.296985759412159267e-01,-1.959418300190796935e-01,6.052197741726306202e-02,-2.259212586461237515e-01,-1.098554692514529807e-01,-7.618183039122615463e-02,8.990003520441282037e-01,-1.249658305925975821e-01,-6.529303447069570998e-01,6.626388882092216770e-01,4.192609379574109840e-01,-5.603857966324425899e-01,5.853135021268867089e-01,3.391466081269478017e-01,2.103208834054812182e-01,6.440959946258038027e-01,3.597933539424623128e-01,-7.372815555145380007e-01,-8.449639817095726535e-01,-4.073233315906184537e-01,-5.569284520400686889e-01,9.226237752841880413e-01,8.634031600000000584e-01,8.089836889516309748e-01,-1.795988111930966746e-01,3.545526145938998064e-01
7.067234756157777520e-01,-6.095172326250158923e-01,1.000000000000000000e+00,4.720160667231331209e-01,2.943785534146224903e-01,4.383039230898810867e-01,6.580661794984685731e-01,1.760792884249285650e-01,9.097892520966415209e-01,1.472067280071464035e-01,-4.921358978782696125e-01,-8.868117409285528607e-01,5.401792806862048407e-02,-3.301934446946208634e-01,-6.017859459717249671e-01,1.747187732068010077e-02,5.282711628207711341e-01,4.361037233233022170e-01,2.085831761867168177e-01,-7.909243437639539298e-01,-1.294659024112665979e-01,6.868926488444599965e-01,-5.516732710494515191e-01,1.003930435067404842e-01,5.462845275124903477e-01,-9.754845382635053685e-02,1.523938136707281288e-01,-2.974133958755073581e-01,-9.778989122876809992e-01,1.290356309034475513e-01,6.810625236792801074e-01,8.719100214843272800e-01,7.792371298868990825e-01,8.353250493191413106e-01,-7.577596638170197574e-01,-8.680495599999999978e-01,-5.979899566606012851e-01,6.657822304344118702e-02,-2.610363347886708318e-01
1.962299206504753146e-01,-5.708407280600441558e-01,4.720160667231331209e-01,1.000000000000000000e+00,8.804198075277954727e-01,5.873231414491948410e-01,3.910095081505893799e-01,8.080241024706067421e-01,6.149167149120248199e-01,-6.251297586743972956e-02,-1.402746348211130756e-01,-2.661269563960493856e-01,4.929033250442588776e-01,2.221279491413800100e-01,1.479406160772459011e-01,6.405065519604286051e-01,4.679858236932179505e-01,4.326469982844016737e-02,-6.918771910940202385e-03,-7.618277757109651604e-01,-1.192353977613923866e-01,6.608314399554933438e-02,-4.080511475153245082e-02,2.752627931295742458e-01,1.872257856700913770e-01,-7.373571037301650533e-01,-6.907033148896366548e-01,-7.967083705892616941e-01,-5.236264307453696309e-01,-2.950082490428781457e-01,9.158147850851910965e-01,7.358478715229747058e-01,5.952348946867932478e-01,5.750305813119305220e-01,-6.441101128469588488e-01,-7.289152999999999327e-01,-4.476276760295496149e-01,-4.396128695929363839e-01,-8.018821258708070943e-01
2.393022618824639514e-01,-5.932780587544411732e-01,2.943785534146224903e-01,8.804198075277954727e-01,1.000000000000000000e+00,7.283093941550397021e-01,1.727579921999754520e-01,8.822216004013095914e-01,5.005278885278460210e-01,-2.549409103354783879e-01,3.761102471084519592e-03,-2.293360605578596001e-01,6.134823010271143184e-01,1.896785697788803959e-01,3.089563827884572178e-01,5.051432623085334583e-01,4.292109738533519958e-01,2.302984681531105304e-01,-7.052809857626318735e-02,-7.158539883722413455e-01,3.278206318639956957e-02,1.018508851580825075e-01,-4.925433790549847701e-02,1.563252675771601152e-01,-4.489806412521243906e-02,-7.005878382801903337e-01,-7.707691425341195446e-01,-7.699482003036938194e-01,-4.172305651298295892e-01,-6.454231381020895109e-01,7.860349397150601103e-01,6.761498857469281365e-01,5.635505003322565099e-01,5.550698778076920137e-01,-7.001309883404266410e-01,-6.676641800000000515e-01,-5.649494623087871759e-01,-4.342866357445573922e-01,-9.364551273567551792e-01
7.079182169595444885e-01,-4.151827162743332855e-01,4.383039230898810867e-01,5.873231414491948410e-01,7.283093941550397021e-01,1.000000000000000000e+00,3.866319554242966250e-01,6.909052395357969667e-01,3.755266830641242337e-01,-2.107430585025141245e-01,-2.220057108073822949e-01,-3.534930825557603407e-01,3.085136359836440634e-01,-4.266586808851264845e-01,-1.424976780258832287e-01,2.361948718349551196e-02,8.663754881652480089e-01,4.764162898084565168e-01,-2.368341254134291862e-01,-6.516819979521747408e-01,3.911807863338779279e-01,4.865843634768398096e-01,2.442043357447749169e-02,1.598855759927244116e-02,-3.783208078197416446e-01,-6.681814707503454243e-02,-1.838427513671659908e-01,-4.132889120287943086e-01,-5.950595452623750337e-01,-6.406261066106695434e-01,5.503449497852714867e-01,6.542792744753034295e-01,8.469393439989740813e-01,6.972709569295867382e-01,-6.675051452975327981e-01,-6.400479000000000029e-01,-4.601103604642024503e-01,-1.604232361519340455e-01,-7.470489208391776215e-01
5.765502987137989255e-01,-5.116119069497196969e-01,6.580661794984685731e-01,3.910095081505893799e-01,1.727579921999754520e-01,3.866319554242966250e-01,1.000000000000000000e+00,1.606991439575433667e-01,5.211087924362737267e-01,2.884110316283983871e-03,-1.928878739737526771e-01,-4.668855052929081761e-01,3.330188894113664255e-01,-1.699644010846554087e-01,-2.832315664742261485e-01,-6.259790843907302171e-02,5.212979062408726882e-01,-5.529391416132301007e-02,1.569606903234487261e-01,-6.571189999718219932e-01,3.881318964485839240e-01,5.629960727294468503e-01,-1.938468328893973303e-01,-3.233880221534390920e-01,3.508982123522141894e-01,-1.108529182574217176e-01,1.427678536102036377e-01,-9.761488797691043884e-02,-6.485100311452676181e-01,1.718563692483120187e-01,5.484747843471180495e-01,6.621666052626067334e-01,4.585632107901906895e-01,3.950549606625339827e-01,-5.494413829190905041e-01,-6.404891600000000018e-01,-3.434591985623731691e-01,3.656370903638738734e-01,-9.592840731079571581e-02
6.407674259226164848e-02,-2.700653218603507044e-01,1.760792884249285650e-01,8.080241024706067421e-01,8.822216004013095914e-01,6.909052395357969667e-01,1.606991439575433667e-01,1.000000000000000000e+00,3.297171175574221680e-01,-3.881846136869714914e-01,-3.011026288458336087e-01,-1.338056509738277666e-01,4.827939388412538224e-01,1.660255025325746425e-02,1.479290446719497276e-01,6.730816447872065567e-01,4.629952104596157803e-01,1.396869782537427385e-01,1.531487542535983348e-01,-4.879012092946075629e-01,3.138691132190120359e-02,-1.556016595112627299e-01,2.612447758955159793e-01,3.729469838510273694e-01,-2.502798324204075220e-01,-5.425346399356498761e-01,-6.751630106881886251e-01,-8.690199933947128086e-01,-2.988734285600755380e-01,-4.797215134414894444e-01,6.107667043513586025e-01,4.826585389508565860e-01,5.296245521416285129e-01,3.943135839103888429e-01,-4.407388433143583084e-01,-4.542155799999999521e-01,-3.413837717976308528e-01,-6.224524034330635169e-01,-9.575503923938004647e-01
5.115401234138113873e-01,-7.261444081581673871e-01,9.097892520966415209e-01,6.149167149120248199e-01,5.005278885278460210e-01,3.755266830641242337e-01,5.211087924362737267e-01,3.297171175574221680e-01,1.000000000000000000e+00,1.782367697767327924e-02,-3.730585010983630823e-01,-8.883697364389863127e-01,2.440453520991324177e-01,-9.004971853250467312e-03,-3.681364049938329330e-01,2.242000931640542594e-01,2.903477310998785477e-01,4.536255606747677804e-01,3.183182079533611319e-01,-8.537364599786119168e-01,-2.232967800286189408e-01,5.326169833205585125e-01,-6.271033917045780726e-01,1.694012352042002789e-01,6.646468635205078357e-01,-4.182937151667171505e-01,-1.669405737379122401e-01,-5.249350009343782819e-01,-9.055231665079850334e-01,-1.596548872608177447e-02,7.832712196141948802e-01,9.073615685894464988e-01,6.661411832634659413e-01,8.103164025745118737e-01,-8.350049969733810418e-01,-9.078415199999999574e-01,-7.572927552099926185e-01,-1.175133351000413051e-01,-4.475770437963388915e-01
1.025537435843915102e-02,6.915955639811910416e-02,1.472067280071464035e-01,-6.251297586743972956e-02,-2.549409103354783879e-01,-2.107430585025141245e-01,2.884110316283983871e-03,-3.881846136869714914e-01,1.782367697767327924e-02,1.000000000000000000e+00,3.504983641694014301e-02,8.311955842690979535e-02,-4.122195338975884749e-01,-1.499827203352289418e-01,-1.702875136024076808e-01,-6.804270396291448031e-02,3.856425089856284349e-02,-1.151407154488931356e-01,-4.270931042188724769e-01,7.931888532718747720e-02,-4.783497546695038571e-01,4.459100991835152072e-02,3.438827155799520363e-02,5.869047261347998257e-02,1.799079954762390354e-01,1.450659487780434076e-01,2.358228000314782635e-01,2.125176055484568338e-01,-4.038661220783423822e-02,4.488612202795683181e-01,8.825294272498052095e-02,-4.736292836231210945e-02,2.506437923556308761e-02,1.270773825625398090e-01,1.227859089745742954e-01,3.938872000000004370e-02,1.692052897604896800e-01,1.647740861464051521e-01,3.385460910063523565e-01
-1.386743519109021605e-01,-2.699309975230405612e-01,-4.921358978782696125e-01,-1.402746348211130756e-01,3.761102471084519592e-03,-2.220057108073822949e-01,-1.928878739737526771e-01,-3.011026288458336087e-01,-3.730585010983630823e-01,3.504983641694014301e-02,1.000000000000000000e+00,5.429507883187065787e-01,4.420595187228362200e-01,6.043111858018964666e-01,8.286123021337050698e-01,-3.452206333730587495e-01,-3.649880432934227148e-01,-4.208173693511672586e-01,-4.658870108483186834e-01,5.771641635317095037e-02,3.037317867000340899e-01,3.438466010922983096e-02,-1.256443631814598005e-01,-6.838003684504969648e-01,3.009743611342252656e-02,-2.952925661481816677e-01,-2.804028862685697954e-01,4.594416651347395519e-01,4.810451780351847062e-01,-3.585118715934887956e-01,-1.051977132472003557e-01,-2.120449280871287423e-01,-5.381205545287230940e-01,-4.093459227310045634e-01,2.300657617617195283e-02,1.746688599999999258e-01,4.061405208246839094e-02,4.271040474820332888e-01,2.754737787340860167e-01
-6.243223152317518565e-01,5.112298479300551035e-01,-8.868117409285528607e-01,-2.661269563960493856e-01,-2.293360605578596001e-01,-3.534930825557603407e-01,-4.668855052929081761e-01,-1.338056509738277666e-01,-8.883697364389863127e-01,8.311955842690979535e-02,5.429507883187065787e-01,1.000000000000000000e+00,2.084151666765769566e-03,3.036622360582926228e-01,6.471149368703545957e-01,5.213119200384083718e-02,-2.941977246959489034e-01,-6.826399371312295017e-01,-3.937711681105699468e-01,6.590225231741669853e-01,7.718495044813356021e-02,-6.414070410693875068e-01,6.286060747924671066e-01,-1.475517252732919116e-01,-5.115937516823897413e-01,1.380070707446763405e-02,-1.955876344455374782e-01,3.117489984124175995e-01,8.975673688024887742e-01,-1.932819743925579328e-02,-4.672485009261421740e-01,-7.542067168061550309e-01,-6.641812592766804801e-01,-7.700333796791415386e-01,7.035476438091807783e-01,7.486121199999999920e-01,6.949097424633777775e-01,8.393198855017598541e-04,2.768474913118451619e-01
1.215190593558181931e-01,-7.230429642598529272e-01,5.401792806862048407e-02,4.929033250442588776e-01,6.134823010271143184e-01,3.085136359836440634e-01,3.330188894113664255e-01,4.827939388412538224e-01,2.440453520991324177e-01,-4.122195338975884749e-01,4.420595187228362200e-01,2.084151666765769566e-03,1.000000000000000000e+00,4.394992884017543400e-01,6.269972805101073909e-01,1.498543562934542273e-01,3.810551060647102140e-02,-3.096570055615452399e-01,2.145661319677910073e-01,-5.691238268581855220e-01,3.399129179046239679e-01,1.708869844618563782e-01,-1.824471031713351954e-01,-4.822986386610701448e-01,2.070610287809101224e-01,-7.089749937759781684e-01,-5.858804873436317395e-01,-2.703323098062553886e-01,-1.267084046615084558e-01,-4.845349773440939534e-01,4.866359562621919155e-01,4.603718467217047250e-01,1.454734543663531443e-02,3.068581719803600144e-02,-5.726929769833899453e-01,-4.627250400000000319e-01,-4.767642218568979295e-01,5.237988481035128763e-02,-4.236021765510501469e-01
-5.384200291476548550e-01,-2.296985759412159267e-01,-3.301934446946208634e-01,2.221279491413800100e-01,1.896785697788803959e-01,-4.266586808851264845e-01,-1.699644010846554087e-01,1.660255025325746425e-02,-9.004971853250467312e-03,-1.499827203352289418e-01,6.043111858018964666e-01,3.036622360582926228e-01,4.394992884017543400e-01,1.000000000000000000e+00,7.409120013070699118e-01,3.336356911008315773e-01,-6.177134515880181587e-01,-4.413460817100550160e-01,5.030636644392291745e-02,-4.289167959089986576e-02,-1.136389615799976993e-01,-3.700811839392645908e-01,-1.523008049915779705e-01,-8.703855126038700929e-02,4.191050482610809702e-01,-7.422182956322764813e-01,-6.263022506172698511e-01,-1.666278173005181218e-01,3.639317757749744864e-01,-9.332861102770918793e-02,1.740127472190249602e-01,-7.931463129671413592e-02,-5.282499470840601452e-01,-3.243207136534140833e-01,3.002202252848238523e-02,4.858709999999999418e-02,-2.740163420266351554e-02,-7.777464069121381440e-02,-1.118413527473523933e-02
-4.380120170400063628e-01,-1.959418300190796935e-01,-6.017859459717249671e-01,1.479406160772459011e-01,3.089563827884572178e-01,-1.424976780258832287e-01,-2.832315664742261485e-01,1.479290446719497276e-01,-3.681364049938329330e-01,-1.702875136024076808e-01,8.286123021337050698e-01,6.471149368703545957e-01,6.269972805101073909e-01,7.409120013070699118e-01,1.000000000000000000e+00,1.705580670494212525e-01,-3.660520319294059965e-01,-5.571182556293311494e-01,-2.580117032052017811e-01,5.546954223862496369e-02,1.369198836000866948e-01,-3.575315760203552351e-01,1.468558614336070434e-01,-3.777185415790875189e-01,-7.664418651975227204e-02,-6.137222878169846796e-01,-6.834668833211315908e-01,4.635477816300950923e-04,5.692160997563115998e-01,-4.134237150018436613e-01,5.600278748184783773e-02,-2.019926868771216577e-01,-5.251552790498733581e-01,-4.650465801622863937e-01,6.187512996061701742e-02,1.867591399999999346e-01,8.248156898512515323e-02,5.506055124812443691e-02,-1.029363954008554183e-01
-5.276113807871524175e-01,6.052197741726306202e-02,1.747187732068010077e-02,6.405065519604286051e-01,5.051432623085334583e-01,2.361948718349551196e-02,-6.259790843907302171e-02,6.730816447872065567e-01,2.242000931640542594e-01,-6.804270396291448031e-02,-3.452206333730587495e-01,5.213119200384083718e-02,1.498543562934542273e-01,3.336356911008315773e-01,1.705580670494212525e-01,1.000000000000000000e+00,-3.150542805623894604e-02,-2.008725600505803788e-01,2.555118773961069789e-01,-1.119172262824731784e-01,-5.050866012363546265e-01,-6.505811185090976112e-01,3.692884543297635380e-01,6.444543619869746998e-01,9.136742649107651437e-02,-6.495101836020574781e-01,-7.147253103363186977e-01,-8.542181917101816513e-01,4.920080320021669174e-03,1.403683878343963409e-01,4.775936122692742147e-01,1.437536739518107121e-01,8.358009839167543364e-02,4.097309204280243089e-02,1.582203415126101284e-02,-1.074030599999999946e-01,5.485206492484923785e-02,-6.351848103556844150e-01,-5.895723724271600963e-01
7.290866120074439571e-01,-2.259212586461237515e-01,5.282711628207711341e-01,4.679858236932179505e-01,4.292109738533519958e-01,8.663754881652480089e-01,5.212979062408726882e-01,4.629952104596157803e-01,2.903477310998785477e-01,3.856425089856284349e-02,-3.649880432934227148e-01,-2.941977246959489034e-01,3.810551060647102140e-02,-6.177134515880181587e-01,-3.660520319294059965e-01,-3.150542805623894604e-02,1.000000000000000000e+00,2.882657975576078391e-01,-3.178110333556642964e-01,-5.257697751148522336e-01,3.094805816457596448e-01,4.893103024104790699e-01,1.421010793493139579e-01,5.293266377141887108e-02,-3.450965032988785319e-01,1.703775758981050659e-01,1.041778987270507995e-01,-2.114638472998353891e-01,-6.124916604148907817e-01,-2.666909898555445690e-01,4.832594209619709980e-01,5.620311871783384428e-01,8.581919198524040615e-01,6.388418639556621148e-01,-4.691652774660600156e-01,-5.432184600000000696e-01,-1.558979169384984154e-01,1.618156641217130542e-02,-4.552462926805667109e-01
5.249722152249138851e-01,-1.098554692514529807e-01,4.361037233233022170e-01,4.326469982844016737e-02,2.302984681531105304e-01,4.764162898084565168e-01,-5.529391416132301007e-02,1.396869782537427385e-01,4.536255606747677804e-01,-1.151407154488931356e-01,-4.208173693511672586e-01,-6.826399371312295017e-01,-3.096570055615452399e-01,-4.413460817100550160e-01,-5.571182556293311494e-01,-2.008725600505803788e-01,2.882657975576078391e-01,1.000000000000000000e+00,-4.097391211810923195e-02,-2.812070106312087314e-01,4.731577839369803529e-02,4.547766591037111228e-01,-3.318534476667782118e-01,2.755077103827224816e-01,-1.036847206823909850e-01,2.847078831883900762e-01,1.907424827296636538e-01,-2.176099099325224662e-01,-5.342451553837488376e-01,-3.705914559572341394e-01,9.720107934937732841e-02,3.636449640277650830e-01,5.938961258799276832e-01,6.498512576032714483e-01,-4.101782124876435787e-01,-3.623904799999999593e-01,-4.807318629980917857e-01,-1.844380827958547187e-01,-3.667279760647513820e-01
-1.740136058002578201e-01,-7.618183039122615463e-02,2.085831761867168177e-01,-6.918771910940202385e-03,-7.052809857626318735e-02,-2.368341254134291862e-01,1.569606903234487261e-01,1.531487542535983348e-01,3.183182079533611319e-01,-4.270931042188724769e-01,-4.658870108483186834e-01,-3.937711681105699468e-01,2.145661319677910073e-01,5.030636644392291745e-02,-2.580117032052017811e-01,2.555118773961069789e-01,-3.178110333556642964e-01,-4.097391211810923195e-02,1.000000000000000000e+00,-5.888556557248404016e-02,-1.852992729269927752e-01,-1.114247655628596290e-01,-2.455208420897673216e-01,2.169116823808967531e-01,4.189451919060942497e-01,-1.472145008471804073e-01,5.503319365807685104e-02,-3.069136577467405647e-01,-1.807370237877580221e-01,2.766791757186194411e-01,-4.065703943647074048e-02,1.053373068155828846e-01,-7.538922564969469109e-02,-4.259940881537234436e-02,-7.124896939174071853e-02,-9.935742000000002960e-02,-2.773998347430414735e-01,-3.154877069021774783e-01,-6.217802894490113974e-02
-6.731545209844193023e-01,8.990003520441282037e-01,-7.909243437639539298e-01,-7.618277757109651604e-01,-7.158539883722413455e-01,-6.516819979521747408e-01,-6.571189999718219932e-01,-4.879012092946075629e-01,-8.537364599786119168e-01,7.931888532718747720e-02,5.771641635317095037e-02,6.590225231741669853e-01,-5.691238268581855220e-01,-4.289167959089986576e-02,5.546954223862496369e-02,-1.119172262824731784e-01,-5.257697751148522336e-01,-2.812070106312087314e-01,-5.888556557248404016e-02,1.000000000000000000e+00,-1.336196466331439070e-01,-6.528896954379818096e-01,5.102872594978472565e-01,1.358245140798941542e-01,-4.394772848364805196e-01,5.195037282263772482e-01,3.112059567079639710e-01,4.494511419131701491e-01,8.455882269777486027e-01,3.413670620227119423e-01,-8.923139680671016150e-01,-9.819827885873551043e-01,-7.154213632744930162e-01,-7.811456747145916202e-01,9.658147895713670161e-01,9.878925400000000412e-01,7.643571558217654438e-01,-1.644355872662889989e-02,5.670391815393749368e-01
4.242713005915582647e-01,-1.249658305925975821e-01,-1.294659024112665979e-01,-1.192353977613923866e-01,3.278206318639956957e-02,3.911807863338779279e-01,3.881318964485839240e-01,3.138691132190120359e-02,-2.232967800286189408e-01,-4.783497546695038571e-01,3.037317867000340899e-01,7.718495044813356021e-02,3.399129179046239679e-01,-1.136389615799976993e-01,1.369198836000866948e-01,-5.050866012363546265e-01,3.094805816457596448e-01,4.731577839369803529e-02,-1.852992729269927752e-01,-1.336196466331439070e-01,1.000000000000000000e+00,4.009599216212171857e-01,1.397106928444853680e-01,-6.286425459189253218e-01,-3.719231852766141100e-01,2.217915845901750338e-01,1.874878155814412029e-01,3.233773382080054604e-01,1.363641705632517853e-02,-4.571858180260809368e-01,-1.160864148347235253e-01,5.619775350975896033e-02,4.482731986915587663e-02,-1.199378702196377267e-01,-1.523512318227649709e-01,-4.878691999999995588e-02,-1.356981977803614625e-02,4.554887943939551764e-01,3.830373520924079678e-03
9.471217711960289165e-01,-6.529303447069570998e-01,6.868926488444599965e-01,6.608314399554933438e-02,1.018508851580825075e-01,4.865843634768398096e-01,5.629960727294468503e-01,-1.556016595112627299e-01,5.326169833205585125e-01,4.459100991835152072e-02,3.438466010922983096e-02,-6.414070410693875068e-01,1.708869844618563782e-01,-3.700811839392645908e-01,-3.575315760203552351e-01,-6.505811185090976112e-01,4.893103024104790699e-01,4.547766591037111228e-01,-1.114247655628596290e-01,-6.528896954379818096e-01,4.009599216212171857e-01,1.000000000000000000e+00,-6.514468926815478733e-01,-4.790848749835474596e-01,2.647500402923008145e-01,2.069818003091344893e-01,4.072245259055937705e-01,2.814764507270066107e-01,-7.314285548211572063e-01,-2.530986103288767053e-01,3.063851136245974160e-01,6.530997564989842186e-01,5.697199386853998293e-01,6.328455257841449910e-01,-7.228249657299250508e-01,-6.768544400000000572e-01,-5.953589407744414030e-01,4.724127914754876478e-01,2.743059815171892957e-02
-4.596232882034345657e-01,6.626388882092216770e-01,-5.516732710494515191e-01,-4.080511475153245082e-02,-4.925433790549847701e-02,2.442043357447749169e-02,-1.938468328893973303e-01,2.612447758955159793e-01,-6.271033917045780726e-01,3.438827155799520363e-02,-1.256443631814598005e-01,6.286060747924671066e-01,-1.824471031713351954e-01,-1.523008049915779705e-01,1.468558614336070434e-01,3.692884543297635380e-01,1.421010793493139579e-01,-3.318534476667782118e-01,-2.455208420897673216e-01,5.102872594978472565e-01,1.397106928444853680e-01,-6.514468926815478733e-01,1.000000000000000000e+00,2.110076278282841389e-01,-6.930070328538813218e-01,1.517730160571899578e-01,-1.213007520924432592e-01,-1.211356514178470178e-01,5.311965839788849175e-01,8.972140462453889742e-02,-2.315817643644109969e-01,-4.978440902933939927e-01,-1.920308400377568059e-01,-4.784832302746396815e-01,5.949815207686333096e-01,5.498004999999999143e-01,7.067653919993709399e-01,-1.645328046184871273e-01,-1.040614220348706764e-01
-3.137753788518403697e-01,4.192609379574109840e-01,1.003930435067404842e-01,2.752627931295742458e-01,1.563252675771601152e-01,1.598855759927244116e-02,-3.233880221534390920e-01,3.729469838510273694e-01,1.694012352042002789e-01,5.869047261347998257e-02,-6.838003684504969648e-01,-1.475517252732919116e-01,-4.822986386610701448e-01,-8.703855126038700929e-02,-3.777185415790875189e-01,6.444543619869746998e-01,5.293266377141887108e-02,2.755077103827224816e-01,2.169116823808967531e-01,1.358245140798941542e-01,-6.286425459189253218e-01,-4.790848749835474596e-01,2.110076278282841389e-01,1.000000000000000000e+00,-9.429289066726331825e-02,-3.854160609049778891e-02,-1.439317474215451864e-01,-6.342064660436672607e-01,-9.222866977659011090e-02,1.692273793584677388e-01,9.542809348742298248e-02,-5.203303652229398363e-02,2.887899339994777215e-01,2.674863347434898730e-01,2.106574920456508182e-01,5.270799999999997709e-02,1.292630686499476877e-01,-8.036065368522533614e-01,-3.857491203023059034e-01
3.981253761020375759e-02,-5.603857966324425899e-01,5.462845275124903477e-01,1.872257856700913770e-01,-4.489806412521243906e-02,-3.783208078197416446e-01,3.508982123522141894e-01,-2.502798324204075220e-01,6.646468635205078357e-01,1.799079954762390354e-01,3.009743611342252656e-02,-5.115937516823897413e-01,2.070610287809101224e-01,4.191050482610809702e-01,-7.664418651975227204e-02,9.136742649107651437e-02,-3.450965032988785319e-01,-1.036847206823909850e-01,4.189451919060942497e-01,-4.394772848364805196e-01,-3.719231852766141100e-01,2.647500402923008145e-01,-6.930070328538813218e-01,-9.429289066726331825e-02,1.000000000000000000e+00,-4.455582268269043800e-01,-5.124033856915088947e-02,-7.060531813904624698e-02,-4.203341510550421267e-01,4.160324432556347096e-01,4.107438533593505969e-01,4.475616082365834192e-01,-4.623338785915659388e-02,2.098133365581053567e-01,-3.927183096292607978e-01,-4.677737400000000489e-01,-4.137406372470979754e-01,1.868517360998456223e-01,2.047718998967016368e-01
2.555014409941503972e-01,5.853135021268867089e-01,-9.754845382635053685e-02,-7.373571037301650533e-01,-7.005878382801903337e-01,-6.681814707503454243e-02,-1.108529182574217176e-01,-5.425346399356498761e-01,-4.182937151667171505e-01,1.450659487780434076e-01,-2.952925661481816677e-01,1.380070707446763405e-02,-7.089749937759781684e-01,-7.422182956322764813e-01,-6.137222878169846796e-01,-6.495101836020574781e-01,1.703775758981050659e-01,2.847078831883900762e-01,-1.472145008471804073e-01,5.195037282263772482e-01,2.217915845901750338e-01,2.069818003091344893e-01,1.517730160571899578e-01,-3.854160609049778891e-02,-4.455582268269043800e-01,1.000000000000000000e+00,8.893938515183518190e-01,6.295606257531438654e-01,1.008336325307793990e-01,2.251484079659896720e-01,-6.968202919013224417e-01,-4.431918555679242866e-01,1.312633347274251398e-02,-1.132281076253155161e-01,4.420339154212066246e-01,4.451821799999999829e-01,3.805066031667669324e-01,2.800661398934204405e-01,5.319346767985021485e-01
3.675114956670524347e-01,3.391466081269478017e-01,1.523938136707281288e-01,-6.907033148896366548e-01,-7.707691425341195446e-01,-1.838427513671659908e-01,1.427678536102036377e-01,-6.751630106881886251e-01,-1.669405737379122401e-01,2.358228000314782635e-01,-2.804028862685697954e-01,-1.955876344455374782e-01,-5.858804873436317395e-01,-6.263022506172698511e-01,-6.834668833211315908e-01,-7.147253103363186977e-01,1.041778987270507995e-01,1.907424827296636538e-01,5.503319365807685104e-02,3.112059567079639710e-01,1.874878155814412029e-01,4.072245259055937705e-01,-1.213007520924432592e-01,-1.439317474215451864e-01,-5.124033856915088947e-02,8.893938515183518190e-01,1.000000000000000000e+00,6.756454180607371907e-01,-1.052022350572381637e-01,3.856200831982070087e-01,-5.490874373022333055e-01,-2.470080777716733844e-01,3.056778602382489649e-02,-2.213181188316096920e-02,2.693149813332103015e-01,2.322590200000000937e-01,2.214043064549744422e-01,4.055225052072897740e-01,6.706375520214016284e-01
1.241864169758634118e-01,2.103208834054812182e-01,-2.974133958755073581e-01,-7.967083705892616941e-01,-7.699482003036938194e-01,-4.132889120287943086e-01,-9.761488797691043884e-02,-8.690199933947128086e-01,-5.249350009343782819e-01,2.125176055484568338e-01,4.594416651347395519e-01,3.117489984124175995e-01,-2.703323098062553886e-01,-1.666278173005181218e-01,4.635477816300950923e-04,-8.542181917101816513e-01,-2.114638472998353891e-01,-2.176099099325224662e-01,-3.069136577467405647e-01,4.494511419131701491e-01,3.233773382080054604e-01,2.814764507270066107e-01,-1.211356514178470178e-01,-6.342064660436672607e-01,-7.060531813904624698e-02,6.295606257531438654e-01,6.756454180607371907e-01,1.000000000000000000e+00,3.556968970041869404e-01,1.935219020043641436e-01,-6.540999509944606105e-01,-4.821303241669499529e-01,-4.577208680140792962e-01,-4.405946051119123963e-01,3.780735105849724609e-01,4.554192999999999714e-01,3.495940681086898150e-01,7.198008257985115677e-01,8.737064164383847586e-01
-7.843008577766140688e-01,6.440959946258038027e-01,-9.778989122876809992e-01,-5.236264307453696309e-01,-4.172305651298295892e-01,-5.950595452623750337e-01,-6.485100311452676181e-01,-2.988734285600755380e-01,-9.055231665079850334e-01,-4.038661220783423822e-02,4.810451780351847062e-01,8.975673688024887742e-01,-1.267084046615084558e-01,3.639317757749744864e-01,5.692160997563115998e-01,4.920080320021669174e-03,-6.124916604148907817e-01,-5.342451553837488376e-01,-1.807370237877580221e-01,8.455882269777486027e-01,1.363641705632517853e-02,-7.314285548211572063e-01,5.311965839788849175e-01,-9.222866977659011090e-02,-4.203341510550421267e-01,1.008336325307793990e-01,-1.052022350572381637e-01,3.556968970041869404e-01,1.000000000000000000e+00,5.828585221183960052e-02,-6.988717772207424517e-01,-9.146353397122147788e-01,-8.630205880000931806e-01,-8.979711327723590708e-01,8.322116511441339792e-01,9.119528999999999552e-01,6.764858049623126979e-01,-3.900181985024675502e-03,3.982595309375955295e-01
-3.345502450024815388e-01,3.597933539424623128e-01,1.290356309034475513e-01,-2.950082490428781457e-01,-6.454231381020895109e-01,-6.406261066106695434e-01,1.718563692483120187e-01,-4.797215134414894444e-01,-1.596548872608177447e-02,4.488612202795683181e-01,-3.585118715934887956e-01,-1.932819743925579328e-02,-4.845349773440939534e-01,-9.332861102770918793e-02,-4.134237150018436613e-01,1.403683878343963409e-01,-2.666909898555445690e-01,-3.705914559572341394e-01,2.766791757186194411e-01,3.413670620227119423e-01,-4.571858180260809368e-01,-2.530986103288767053e-01,8.972140462453889742e-02,1.692273793584677388e-01,4.160324432556347096e-01,2.251484079659896720e-01,3.856200831982070087e-01,1.935219020043641436e-01,5.828585221183960052e-02,1.000000000000000000e+00,-1.752554483636176719e-01,-2.468080756522485486e-01,-2.889619909896247729e-01,-2.589191648399142287e-01,4.407239179174859967e-01,2.727852799999999078e-01,4.083149352584507508e-01,1.931095076632617924e-01,5.867181688828774222e-01
3.716318713857804656e-01,-7.372815555145380007e-01,6.810625236792801074e-01,9.158147850851910965e-01,7.860349397150601103e-01,5.503449497852714867e-01,5.484747843471180495e-01,6.107667043513586025e-01,7.832712196141948802e-01,8.825294272498052095e-02,-1.051977132472003557e-01,-4.672485009261421740e-01,4.866359562621919155e-01,1.740127472190249602e-01,5.600278748184783773e-02,4.775936122692742147e-01,4.832594209619709980e-01,9.720107934937732841e-02,-4.065703943647074048e-02,-8.923139680671016150e-01,-1.160864148347235253e-01,3.063851136245974160e-01,-2.315817643644109969e-01,9.542809348742298248e-02,4.107438533593505969e-01,-6.968202919013224417e-01,-5.490874373022333055e-01,-6.540999509944606105e-01,-6.988717772207424517e-01,-1.752554483636176719e-01,1.000000000000000000e+00,8.871345084554468352e-01,6.395471807036660072e-01,6.820984279818643747e-01,-7.913634498468771206e-01,-8.759767200000000420e-01,-5.435078023615599330e-01,-1.342472551103375822e-01,-6.521083901997659638e-01
6.900674150074148638e-01,-8.449639817095726535e-01,8.719100214843272800e-01,7.358478715229747058e-01,6.761498857469281365e-01,6.542792744753034295e-01,6.621666052626067334e-01,4.826585389508565860e-01,9.073615685894464988e-01,-4.736292836231210945e-02,-2.120449280871287423e-01,-7.542067168061550309e-01,4.603718467217047250e-01,-7.931463129671413592e-02,-2.019926868771216577e-01,1.437536739518107121e-01,5.620311871783384428e-01,3.636449640277650830e-01,1.053373068155828846e-01,-9.819827885873551043e-01,5.619775350975896033e-02,6.530997564989842186e-01,-4.978440902933939927e-01,-5.203303652229398363e-02,4.475616082365834192e-01,-4.431918555679242866e-01,-2.470080777716733844e-01,-4.821303241669499529e-01,-9.146353397122147788e-01,-2.468080756522485486e-01,8.871345084554468352e-01,1.000000000000000000e+00,7.783507295211087307e-01,8.316346815491387767e-01,-9.553695708597617076e-01,-9.951774799999999477e-01,-7.570711185596795678e-01,5.560069863643354697e-03,-5.687977585543195769e-01
7.642702708552828739e-01,-4.073233315906184537e-01,7.792371298868990825e-01,5.952348946867932478e-01,5.635505003322565099e-01,8.469393439989740813e-01,4.585632107901906895e-01,5.296245521416285129e-01,6.661411832634659413e-01,2.506437923556308761e-02,-5.381205545287230940e-01,-6.641812592766804801e-01,1.454734543663531443e-02,-5.282499470840601452e-01,-5.251552790498733581e-01,8.358009839167543364e-02,8.581919198524040615e-01,5.938961258799276832e-01,-7.538922564969469109e-02,-7.154213632744930162e-01,4.482731986915587663e-02,5.697199386853998293e-01,-1.920308400377568059e-01,2.887899339994777215e-01,-4.623338785915659388e-02,1.312633347274251398e-02,3.056778602382489649e-02,-4.577208680140792962e-01,-8.630205880000931806e-01,-2.889619909896247729e-01,6.395471807036660072e-01,7.783507295211087307e-01,1.000000000000000000e+00,9.169131196702183795e-01,-6.942378669843758399e-01,-7.727273199999999953e-01,-5.002233036246913622e-01,-2.220805880578674840e-01,-6.151365333614228215e-01
7.359116740736046935e-01,-5.569284520400686889e-01,8.353250493191413106e-01,5.750305813119305220e-01,5.550698778076920137e-01,6.972709569295867382e-01,3.950549606625339827e-01,3.943135839103888429e-01,8.103164025745118737e-01,1.270773825625398090e-01,-4.093459227310045634e-01,-7.700333796791415386e-01,3.068581719803600144e-02,-3.243207136534140833e-01,-4.650465801622863937e-01,4.097309204280243089e-02,6.388418639556621148e-01,6.498512576032714483e-01,-4.259940881537234436e-02,-7.811456747145916202e-01,-1.199378702196377267e-01,6.328455257841449910e-01,-4.784832302746396815e-01,2.674863347434898730e-01,2.098133365581053567e-01,-1.132281076253155161e-01,-2.213181188316096920e-02,-4.405946051119123963e-01,-8.979711327723590708e-01,-2.589191648399142287e-01,6.820984279818643747e-01,8.316346815491387767e-01,9.169131196702183795e-01,1.000000000000000000e+00,-7.874091898566691894e-01,-8.438582599999999712e-01,-6.785915660062155075e-01,-2.088902895813493643e-01,-5.489256427330710952e-01
-7.233092411991607351e-01,9.226237752841880413e-01,-7.577596638170197574e-01,-6.441101128469588488e-01,-7.001309883404266410e-01,-6.675051452975327981e-01,-5.494413829190905041e-01,-4.407388433143583084e-01,-8.350049969733810418e-01,1.227859089745742954e-01,2.300657617617195283e-02,7.035476438091807783e-01,-5.726929769833899453e-01,3.002202252848238523e-02,6.187512996061701742e-02,1.582203415126101284e-02,-4.691652774660600156e-01,-4.101782124876435787e-01,-7.124896939174071853e-02,9.658147895713670161e-01,-1.523512318227649709e-01,-7.228249657299250508e-01,5.949815207686333096e-01,2.106574920456508182e-01,-3.927183096292607978e-01,4.420339154212066246e-01,2.693149813332103015e-01,3.780735105849724609e-01,8.322116511441339792e-01,4.407239179174859967e-01,-7.913634498468771206e-01,-9.553695708597617076e-01,-6.942378669843758399e-01,-7.874091898566691894e-01,1.000000000000000000e+00,9.615262799999999555e-01,8.626220861344111590e-01,-4.343402124437221318e-02,5.597227353786640158e-01
-7.029913199999999751e-01,8.634031600000000584e-01,-8.680495599999999978e-01,-7.289152999999999327e-01,-6.676641800000000515e-01,-6.400479000000000029e-01,-6.404891600000000018e-01,-4.542155799999999521e-01,-9.078415199999999574e-01,3.938872000000004370e-02,1.746688599999999258e-01,7.486121199999999920e-01,-4.627250400000000319e-01,4.858709999999999418e-02,1.867591399999999346e-01,-1.074030599999999946e-01,-5.432184600000000696e-01,-3.623904799999999593e-01,-9.935742000000002960e-02,9.878925400000000412e-01,-4.878691999999995588e-02,-6.768544400000000572e-01,5.498004999999999143e-01,5.270799999999997709e-02,-4.677737400000000489e-01,4.451821799999999829e-01,2.322590200000000937e-01,4.554192999999999714e-01,9.119528999999999552e-01,2.727852799999999078e-01,-8.759767200000000420e-01,-9.951774799999999477e-01,-7.727273199999999953e-01,-8.438582599999999712e-01,9.615262799999999555e-01,1.000000000000000000e+00,7.731410400000000571e-01,8.747620000000067009e-03,5.472110999999999503e-01
-5.420151950738771873e-01,8.089836889516309748e-01,-5.979899566606012851e-01,-4.476276760295496149e-01,-5.649494623087871759e-01,-4.601103604642024503e-01,-3.434591985623731691e-01,-3.413837717976308528e-01,-7.572927552099926185e-01,1.692052897604896800e-01,4.061405208246839094e-02,6.949097424633777775e-01,-4.767642218568979295e-01,-2.740163420266351554e-02,8.248156898512515323e-02,5.485206492484923785e-02,-1.558979169384984154e-01,-4.807318629980917857e-01,-2.773998347430414735e-01,7.643571558217654438e-01,-1.356981977803614625e-02,-5.953589407744414030e-01,7.067653919993709399e-01,1.292630686499476877e-01,-4.137406372470979754e-01,3.805066031667669324e-01,2.214043064549744422e-01,3.495940681086898150e-01,6.764858049623126979e-01,4.083149352584507508e-01,-5.435078023615599330e-01,-7.570711185596795678e-01,-5.002233036246913622e-01,-6.785915660062155075e-01,8.626220861344111590e-01,7.731410400000000571e-01,1.000000000000000000e+00,1.282001073212508946e-01,4.832708342877607977e-01
3.181734204680196632e-01,-1.795988111930966746e-01,6.657822304344118702e-02,-4.396128695929363839e-01,-4.342866357445573922e-01,-1.604232361519340455e-01,3.656370903638738734e-01,-6.224524034330635169e-01,-1.175133351000413051e-01,1.647740861464051521e-01,4.271040474820332888e-01,8.393198855017598541e-04,5.237988481035128763e-02,-7.777464069121381440e-02,5.506055124812443691e-02,-6.351848103556844150e-01,1.618156641217130542e-02,-1.844380827958547187e-01,-3.154877069021774783e-01,-1.644355872662889989e-02,4.554887943939551764e-01,4.724127914754876478e-01,-1.645328046184871273e-01,-8.036065368522533614e-01,1.868517360998456223e-01,2.800661398934204405e-01,4.055225052072897740e-01,7.198008257985115677e-01,-3.900181985024675502e-03,1.931095076632617924e-01,-1.342472551103375822e-01,5.560069863643354697e-03,-2.220805880578674840e-01,-2.088902895813493643e-01,-4.343402124437221318e-02,8.747620000000067009e-03,1.282001073212508946e-01,1.000000000000000000e+00,6.073350208920396121e-01
-1.721344352373129771e-01,3.545526145938998064e-01,-2.610363347886708318e-01,-8.018821258708070943e-01,-9.364551273567551792e-01,-7.470489208391776215e-01,-9.592840731079571581e-02,-9.575503923938004647e-01,-4.475770437963388915e-01,3.385460910063523565e-01,2.754737787340860167e-01,2.768474913118451619e-01,-4.236021765510501469e-01,-1.118413527473523933e-02,-1.029363954008554183e-01,-5.895723724271600963e-01,-4.552462926805667109e-01,-3.667279760647513820e-01,-6.217802894490113974e-02,5.670391815393749368e-01,3.830373520924079678e-03,2.743059815171892957e-02,-1.040614220348706764e-01,-3.857491203023059034e-01,2.047718998967016368e-01,5.319346767985021485e-01,6.706375520214016284e-01,8.737064164383847586e-01,3.982595309375955295e-01,5.867181688828774222e-01,-6.521083901997659638e-01,-5.687977585543195769e-01,-6.151365333614228215e-01,-5.489256427330710952e-01,5.597227353786640158e-01,5.472110999999999503e-01,4.832708342877607977e-01,6.073350208920396121e-01,1.000000000000000000e+00
