1.0,-0.51263960176927126,-0.40877878629076853,-0.36192537446483058,-0.28412384211078306,0.2127703639588962,0.37482878383803292,-0.077599334246150162,-0.71291289959444337,-0.5274264918993169,-0.2490112556297758,-0.29072525497357077,-0.26966367203062219,-0.67162697738036148,0.4504877540519116,-0.63746177696419148,-0.83263591368676826,0.18697505891114882,-0.30390272596114642,-0.47330681531516311,0.65357358466715576,0.14852664201436741,-0.62838630797040396,-0.52392062895429048,0.78389444399217534,-0.15985024574280626,0.23676707861361243,0.12231117209747129,-0.58169261999999999,0.57411257076460254,-0.12665609259388788,0.16024006693276679,-0.18738995200001313,0.10657486745402936,-0.61630655889664132,0.26566339869132138,0.20888364980853061,-0.11792509912254025,-0.64564060235234511
-0.51263960176927126,1.0,0.09925564733698404,0.75262610365543803,0.5892240366090703,-0.2460257392639745,-0.32654320516186625,-0.29702592678583573,0.69727583172490326,0.6008499523816877,0.090976870385230266,0.62287617843760257,0.34135370706479834,0.16289292309301875,-0.38766949646833393,0.59023685190862218,0.52917196144549006,-0.064295079009046671,0.38574103676181709,0.23010996725035876,-0.68090829337267555,-0.079207873256745331,0.70725333863365158,0.76473906980242978,-0.61149388134358851,-0.23552662319862394,-0.46759017612446574,-0.39865688714680569,0.6606463600000001,-0.64133936682334669,0.56388663629917546,-0.19439048268469511,-0.028794981205361635,-0.14027519809372191,0.66239174131477596,-0.25413941020253655,-0.095917848052335303,0.012886159427990717,0.78542719844579034
-0.40877878629076853,0.09925564733698404,1.0,0.150214178950277,-0.062729858377678721,0.69887914264866569,0.086839885657200688,-0.00110023453689949,0.50763604694666398,-0.017182711460404596,0.39170429626264819,-0.081406883047976372,0.82284093760917421,-0.25057505775408578,-0.2198605760955942,0.39214305809954142,0.35520751954359497,0.4907874325107493,0.78776460309764673,0.5409607903592546,-0.60559040940622932,-0.46762762934074886,0.60396103062283391,0.40790783464842278,-0.53327329823815461,0.51714609919666699,0.4231518523577219,0.037511221001738586,0.60859758000000008,-0.72320306379524857,-0.1373530343990931,-0.55418116057877509,0.75196117232213844,0.025690995715713021,0.31173999490544024,0.31112717276932983,0.04812806177358378,-0.082606926824481786,0.27127158514134053
-0.36192537446483058,0.75262610365543803,0.150214178950277,1.0,0.39855082929237434,-0.28461984599581702,-0.16142062898399978,-0.60835742493177147,0.63520090957270181,0.37170915386714876,0.28919625044903868,0.60515260962529061,0.30852821341152503,-0.025524836845034149,-0.41947618973776446,0.50468321143963124,0.48782679012346264,0.059221092971573533,0.41103584227863754,0.14138648252439159,-0.60722245109495732,-0.21231894215437988,0.64793163984402036,0.60351878732957798,-0.56642176831140745,-0.16718911874200695,-0.49582464793409586,-0.47974473758898872,0.64775771999999998,-0.65711117723506363,0.51168043825620979,-0.11941043490971795,0.0057062365107462317,0.017317085439334738,0.55873045967133139,-0.33805519438395215,0.056013800656048718,0.095061727620390876,0.80014523952928451
-0.28412384211078306,0.5892240366090703,-0.062729858377678721,0.39855082929237434,1.0,-0.18148737536959367,-0.89258147757920991,-0.28124822482443745,0.71469146066098732,0.69799626382474411,-0.31131813844953216,0.75206599271372054,0.1863572389866055,0.26697480723300354,-0.10700831508895231,0.79939746739513795,-0.10483249586672427,-0.35221002948134378,0.43968956806539888,0.068772189938135067,-0.12682525512162998,-0.53000785083317825,0.56263067380602916,0.70631401572914188,-0.28400864651177471,-0.6175014814060229,-0.30746527547215707,-0.40879648618610182,0.63305380000000011,-0.48111146636359609,0.87278809187201678,-0.46144191637526416,-0.28484201078637306,-0.80974269259240184,0.57150263792001765,-0.68470692807367473,0.2405218449485004,-0.53686203681108957,0.59523518866153713
0.2127703639588962,-0.2460257392639745,0.69887914264866569,-0.28461984599581702,-0.18148737536959367,1.0,0.26359878630191114,0.14043434562547288,0.05197713978829184,-0.28352334055603934,0.033693006978431743,-0.31419150016530939,0.74319227929148002,-0.62702468349556961,0.10785549581100262,0.0088925168831502088,-0.23609822855507234,0.61319724012383514,0.62250188107617932,0.32968933755624591,-0.15449188150967705,-0.36719046667012994,0.21174790612679356,0.10432817405666395,0.0086556203395470408,0.41418959688090129,0.68520686382305351,0.18110277741572089,0.23062443999999993,-0.33847585747701958,-0.24793945556977529,-0.5243325243098369,0.69021611531693072,-0.035591188528754522,-0.078182500501654206,0.56974798064689736,0.11093789352050232,-0.27976684750720071,-0.20853286184165878
0.37482878383803292,-0.32654320516186625,0.086839885657200688,-0.16142062898399978,-0.89258147757920991,0.26359878630191114,1.0,0.24752053611804603,-0.63192525082994333,-0.65690364450093885,0.35310109013364133,-0.5998915100087574,-0.014420951945378513,-0.50981237828913528,0.094543139980868496,-0.78684567438383624,0.12336696766807254,0.39689622940755664,-0.28907788470129703,-0.08576897188047361,-0.065021426535647964,0.46711325498737183,-0.3811073896398488,-0.50477914938835977,0.20694292115990842,0.54199820329124238,0.16008831446763061,0.26842875182918691,-0.46827563999999999,0.30110858029033577,-0.67569467023354779,0.40582128217465557,0.34332035888990386,0.86791836853606674,-0.56783540348409489,0.77715783688289553,-0.15426250050583223,0.48201462670792161,-0.39405224271280076
-0.077599334246150162,-0.29702592678583573,-0.00110023453689949,-0.60835742493177147,-0.28124822482443745,0.14043434562547288,0.24752053611804603,1.0,-0.34555848108055121,-0.1349589164992038,-0.02500732624716763,-0.40999436785615301,-0.19273724458766997,0.19172836404210156,0.43891579089045452,-0.38352889612146868,0.06760131046972917,-0.38772281408329012,-0.31007874606410302,-0.15136097997821962,0.030934170057856217,0.0076291121190888971,-0.23493431343644372,-0.16376760763009413,-0.01384400894925251,0.33780136113607839,-0.0064064589771970493,0.37981162888767073,-0.30172874000000005,0.30651780761152952,-0.21038939857622879,0.10746138611066273,0.070479505340977786,0.20702306028772374,-0.59358723390502965,0.34039993104001276,0.20318289700200551,0.031993986100500117,-0.25773140791751309
-0.71291289959444337,0.69727583172490326,0.50763604694666398,0.63520090957270181,0.71469146066098732,0.05197713978829184,-0.63192525082994333,-0.34555848108055121,1.0,0.70006030387686091,0.083952129242396145,0.68961426946405791,0.62307888935443378,0.22096657296613054,-0.48921545074374162,0.9641311429763767,0.43339596443300821,0.027817449588242994,0.77802448732218432,0.55386356999146713,-0.60630201298997743,-0.53619533680318054,0.93735565098122586,0.81682601940781729,-0.68666591817251232,-0.1434061375336784,-0.21003425535118991,-0.47213920168421691,0.95880885999999999,-0.90970439747796006,0.58570804781254471,-0.49781810739387794,0.27626082253635947,-0.50988894941096186,0.82425985456873019,-0.4718073887238099,0.016992318286682764,-0.33378003832948794,0.85096763726037117
-0.5274264918993169,0.6008499523816877,-0.017182711460404596,0.37170915386714876,0.69799626382474411,-0.28352334055603934,-0.65690364450093885,-0.1349589164992038,0.70006030387686091,1.0,-0.46596820702489172,0.84124126460142035,0.1454570238618004,0.30897209453922292,-0.47727272680905847,0.74806258384785496,0.18935058093672952,-0.19824978757769657,0.29797537667623181,0.4495804992064264,-0.14295132632065252,-0.19433504642452493,0.66401947946307693,0.48270290394032672,-0.23704300449323146,-0.42707108808110711,-0.61294618081728702,-0.72563332792512814,0.62766538000000005,-0.46304329091413898,0.70585348744221976,0.067140603460115633,-0.02404970320515076,-0.60711401334785486,0.50415724239047621,-0.74137386028005869,-0.0089898145618446945,-0.45041471538108402,0.682483583680491
-0.2490112556297758,0.090976870385230266,0.39170429626264819,0.28919625044903868,-0.31131813844953216,0.033693006978431743,0.35310109013364133,-0.02500732624716763,0.083952129242396145,-0.46596820702489172,1.0,-0.26241760792709268,0.22360456645399504,-0.011743085236967965,-0.014998934921502113,-0.064291238135264744,0.51414960641343832,0.020135103931113518,0.16918178399866352,0.043688411795084134,-0.53032026721497039,-0.065265325938888397,0.1217202854038513,0.12155015656152555,-0.49611155954220226,0.51827614116682386,0.16397355584756024,0.28435488420857158,0.12850932000000004,-0.27804973953492146,-0.31971099967355648,-0.24933920462486836,0.35324139236716645,0.50087027057028921,0.16646301827003571,0.3792192982000902,-0.098346075829980145,0.40702678320004471,0.18509064128982453
-0.29072525497357077,0.62287617843760257,-0.081406883047976372,0.60515260962529061,0.75206599271372054,-0.31419150016530939,-0.5998915100087574,-0.40999436785615301,0.68961426946405791,0.84124126460142035,-0.26241760792709268,1.0,0.14711369848309891,0.089273291011501735,-0.56395312671173792,0.73411792130546982,0.044837232532008386,-0.21380631930187616,0.3664555182609246,0.40244960117746398,-0.072797281153157423,-0.2335331844473468,0.66178417128556311,0.43233375805321206,-0.11666759751596208,-0.63914358116333947,-0.68708878780953075,-0.89333994650971082,0.67000557999999999,-0.51142191641616153,0.79765250144001887,0.041655703986724198,-0.012171845946603962,-0.57868524319199277,0.54358043666976652,-0.78873177120137916,-0.034763013015742299,-0.57529865590223417,0.80549869866156487
-0.26966367203062219,0.34135370706479834,0.82284093760917421,0.30852821341152503,0.1863572389866055,0.74319227929148002,-0.014420951945378513,-0.19273724458766997,0.62307888935443378,0.1454570238618004,0.22360456645399504,0.14711369848309891,1.0,-0.42277480556539587,-0.26510360497277624,0.51750776797262388,0.21966674328675306,0.61497316922511291,0.93291955804334903,0.60607511502523481,-0.62531428105817566,-0.47079357310652226,0.75247391587514023,0.59125674713686549,-0.48060151907471299,0.34247514888082586,0.36263511927962699,-0.14600621150912935,0.75398772000000003,-0.84791523107500888,0.094712822538842126,-0.62359438728430328,0.75328290237416795,-0.1354109806799193,0.48375451413230458,0.2718916514580535,0.0090129624868678961,-0.2427864700802557,0.39782177198193069
-0.67162697738036148,0.16289292309301875,-0.25057505775408578,-0.025524836845034149,0.26697480723300354,-0.62702468349556961,-0.50981237828913528,0.19172836404210156,0.22096657296613054,0.30897209453922292,-0.011743085236967965,0.089273291011501735,-0.42277480556539587,1.0,-0.12059423239726053,0.27973953904836596,0.45902396817577029,-0.61787551242228533,-0.33581093820133701,-0.045214453633916518,-0.076505930052471971,0.12496769584018687,-0.026227909351380869,0.10645884140147617,-0.33955826018986085,-0.19039451951217484,-0.24263180271680287,0.15962672857070362,-0.031392060000000055,0.11022184491008255,0.035213668883591495,0.081053689869951054,-0.44447625317606071,-0.16895076814282584,0.30750073256706661,-0.40524750215392225,-0.22568508181390029,0.19108877370145319,0.19793332760382726
0.4504877540519116,-0.38766949646833393,-0.2198605760955942,-0.41947618973776446,-0.10700831508895231,0.10785549581100262,0.094543139980868496,0.43891579089045452,-0.48921545074374162,-0.47727272680905847,-0.014998934921502113,-0.56395312671173792,-0.26510360497277624,-0.12059423239726053,1.0,-0.47711206163322212,-0.41105511153132201,-0.2298367525258061,-0.27336871757553205,-0.80346132371283474,0.1839486339051446,-0.30390459506354756,-0.49662413023415825,-0.0069834159176196831,0.062799899546906138,0.29448539894115533,0.30710661117779292,0.68924278492826185,-0.44465378,0.42744849398391904,0.015000232182522425,-0.29441381506050002,-0.40185797917754895,0.08145402210711393,-0.6286214551356305,0.28424830174364102,0.72680901059102232,0.2162453147584717,-0.5784019136128713
-0.63746177696419148,0.59023685190862218,0.39214305809954142,0.50468321143963124,0.79939746739513795,0.0088925168831502088,-0.78684567438383624,-0.38352889612146868,0.9641311429763767,0.74806258384785496,-0.064291238135264744,0.73411792130546982,0.51750776797262388,0.27973953904836596,-0.47711206163322212,1.0,0.25136646919949085,-0.033615041929756451,0.71875327346520768,0.54406932405094022,-0.38974112560693064,-0.53048771839211262,0.84395954471406032,0.72327880554412838,-0.52219143730028272,-0.28421818765364676,-0.17539126767076216,-0.50330328391042511,0.88853596000000001,-0.79765028267610116,0.61905185514591377,-0.48432524113815273,0.18476312437134917,-0.68693651831518232,0.83267466856765027,-0.61002739246724547,-0.0071899205749285551,-0.46770017570011957,0.75881742678407471
-0.83263591368676826,0.52917196144549006,0.35520751954359497,0.48782679012346264,-0.10483249586672427,-0.23609822855507234,0.12336696766807254,0.06760131046972917,0.43339596443300821,0.18935058093672952,0.51414960641343832,0.044837232532008386,0.21966674328675306,0.45902396817577029,-0.41105511153132201,0.25136646919949085,1.0,-0.021748308665244798,0.12028762526752432,0.32536507267336168,-0.80158024549683049,0.13899930203994804,0.45621526031408199,0.37033219183067584,-0.78555740003137586,0.37920773318367484,-0.25435338331613411,0.017691352148238249,0.36539367999999994,-0.45325300435095062,-0.14372930311388121,0.042776046864360207,0.23094949427841704,0.41346334171508858,0.42229188368098641,0.10312759408402461,-0.29798052970722544,0.49524949805606533,0.54683008801395383
0.18697505891114882,-0.064295079009046671,0.4907874325107493,0.059221092971573533,-0.35221002948134378,0.61319724012383514,0.39689622940755664,-0.38772281408329012,0.027817449588242994,-0.19824978757769657,0.020135103931113518,-0.21380631930187616,0.61497316922511291,-0.61787551242228533,-0.2298367525258061,-0.033615041929756451,-0.021748308665244798,1.0,0.43682583492326515,0.41487178258173091,-0.18721425496908708,0.088009301319899674,0.16875449884547836,-0.04326525894442599,0.048213982052158856,0.4088904617320594,0.50459120240134292,-0.012500140945784307,0.14539451999999997,-0.27867584695306541,-0.36791161481071644,-0.091266998752512041,0.58039505786820633,0.28102229072988033,0.13380982032144159,0.45663379761476286,-0.19749342385619006,0.1499276842315643,-0.1717355183891594
-0.30390272596114642,0.38574103676181709,0.78776460309764673,0.41103584227863754,0.43968956806539888,0.62250188107617932,-0.28907788470129703,-0.31007874606410302,0.77802448732218432,0.29797537667623181,0.16918178399866352,0.3664555182609246,0.93291955804334903,-0.33581093820133701,-0.27336871757553205,0.71875327346520768,0.12028762526752432,0.43682583492326515,1.0,0.55757775945931454,-0.54431833594464307,-0.67164856255280758,0.8362366084090781,0.6913962183184813,-0.49300599054889249,0.12996068897177138,0.24218885929896516,-0.28586832443978,0.88060530000000004,-0.91541512320182583,0.34941499603445919,-0.71378102598818116,0.61554827949247859,-0.38164760743507653,0.57452292170620856,-0.029005515452159573,0.14942889750663976,-0.40951557929309473,0.53246742740841402
-0.47330681531516311,0.23010996725035876,0.5409607903592546,0.14138648252439159,0.068772189938135067,0.32968933755624591,-0.08576897188047361,-0.15136097997821962,0.55386356999146713,0.4495804992064264,0.043688411795084134,0.40244960117746398,0.60607511502523481,-0.045214453633916518,-0.80346132371283474,0.54406932405094022,0.32536507267336168,0.41487178258173091,0.55757775945931454,1.0,-0.25157365959607431,0.045460267557503153,0.63359274042750968,0.10760345168665507,-0.14868966861798394,0.075022477366956081,-0.002318257983647154,-0.55199392976074646,0.58161616000000005,-0.58489012872123369,-0.079050144490842925,0.011730253039188832,0.78487800462500446,-0.16910183592478156,0.56266807266466512,-0.086870783051159084,-0.56206969685195818,-0.38439284847091043,0.47242344517317253
0.65357358466715576,-0.68090829337267555,-0.60559040940622932,-0.60722245109495732,-0.12682525512162998,-0.15449188150967705,-0.065021426535647964,0.030934170057856217,-0.60630201298997743,-0.14295132632065252,-0.53032026721497039,-0.072797281153157423,-0.62531428105817566,-0.076505930052471971,0.1839486339051446,-0.38974112560693064,-0.80158024549683049,-0.18721425496908708,-0.54431833594464307,-0.25157365959607431,1.0,0.25895463417461972,-0.68614911626533726,-0.74611108868770148,0.91882432273212378,-0.42175358665640644,0.029696473341285778,-0.074453289865858877,-0.63595575999999998,0.75426688677562115,-0.10490111626928428,0.42702433368580112,-0.34294581146674907,-0.25466223872360666,-0.47689574379213856,-0.25614822943005761,-0.03195129524112883,-0.3363727514074546,-0.59726465055835809
0.14852664201436741,-0.079207873256745331,-0.46762762934074886,-0.21231894215437988,-0.53000785083317825,-0.36719046667012994,0.46711325498737183,0.0076291121190888971,-0.53619533680318054,-0.19433504642452493,-0.065265325938888397,-0.2335331844473468,-0.47079357310652226,0.12496769584018687,-0.30390459506354756,-0.53048771839211262,0.13899930203994804,0.088009301319899674,-0.67164856255280758,0.045460267557503153,0.25895463417461972,1.0,-0.50831795016321879,-0.6326409627057108,0.42973289888790012,-0.061709251304024021,-0.10906330096320793,0.032682247181236926,-0.60887014000000006,0.56743584670219904,-0.5748581900880424,0.74635300041313102,-0.11764252018552558,0.50692767749220891,-0.13259020550075185,0.26159030583580178,-0.72921179780659395,0.37670776338773704,-0.31885476456989709
-0.62838630797040396,0.70725333863365158,0.60396103062283391,0.64793163984402036,0.56263067380602916,0.21174790612679356,-0.3811073896398488,-0.23493431343644372,0.93735565098122586,0.66401947946307693,0.1217202854038513,0.66178417128556311,0.75247391587514023,-0.026227909351380869,-0.49662413023415825,0.84395954471406032,0.45621526031408199,0.16875449884547836,0.8362366084090781,0.63359274042750968,-0.68614911626533726,-0.50831795016321879,1.0,0.79126794984228388,-0.66645270390656819,0.0010038884492157285,-0.25703041658164305,-0.54730353004732513,0.98495949999999999,-0.96472049919484948,0.54541960402548939,-0.41448015779063885,0.48463978987187617,-0.34454245587632026,0.68018857129296528,-0.29684318437072565,0.050946787188007631,-0.3367098512942821,0.86929066522539311
-0.52392062895429048,0.76473906980242978,0.40790783464842278,0.60351878732957798,0.70631401572914188,0.10432817405666395,-0.50477914938835977,-0.16376760763009413,0.81682601940781729,0.48270290394032672,0.12155015656152555,0.43233375805321206,0.59125674713686549,0.10645884140147617,-0.0069834159176196831,0.72327880554412838,0.37033219183067584,-0.04326525894442599,0.6913962183184813,0.10760345168665507,-0.74611108868770148,-0.6326409627057108,0.79126794984228388,1.0,-0.8013688678471369,-0.0010120069429566973,-0.11173041644279758,-0.11064417605382434,0.81260320000000008,-0.80475783313895544,0.65133769488252846,-0.69192224036685657,0.04348640210925335,-0.37276071806468214,0.58870655246053649,-0.20084150403513643,0.35768571311045388,-0.11677834991526567,0.67240779409700591
0.78389444399217534,-0.61149388134358851,-0.53327329823815461,-0.56642176831140745,-0.28400864651177471,0.0086556203395470408,0.20694292115990842,-0.01384400894925251,-0.68666591817251232,-0.23704300449323146,-0.49611155954220226,-0.11666759751596208,-0.48060151907471299,-0.33955826018986085,0.062799899546906138,-0.52219143730028272,-0.78555740003137586,0.048213982052158856,-0.49300599054889249,-0.14868966861798394,0.91882432273212378,0.42973289888790012,-0.66645270390656819,-0.8013688678471369,1.0,-0.38589813671596007,0.072439885895242695,-0.13080772010705843,-0.65050574000000005,0.71776586397777598,-0.23153627816092096,0.51076792427765061,-0.1708306454643562,-0.069043262345790946,-0.50614489171423538,-0.0073147224844816987,-0.18816017181583439,-0.29823779668894995,-0.61376853178044288
-0.15985024574280626,-0.23552662319862394,0.51714609919666699,-0.16718911874200695,-0.6175014814060229,0.41418959688090129,0.54199820329124238,0.33780136113607839,-0.1434061375336784,-0.42707108808110711,0.51827614116682386,-0.63914358116333947,0.34247514888082586,-0.19039451951217484,0.29448539894115533,-0.28421818765364676,0.37920773318367484,0.4088904617320594,0.12996068897177138,0.075022477366956081,-0.42175358665640644,-0.061709251304024021,0.0010038884492157285,-0.0010120069429566973,-0.38589813671596007,1.0,0.43472503761534975,0.50686439507602254,-0.050610939999999993,-0.113654350098257,-0.53143473480161663,-0.16571268679266629,0.51856614010871827,0.55798863505496044,-0.2121917298621388,0.619777731804109,0.14966863033118691,0.49981244543948611,-0.25555261529580608
0.23676707861361243,-0.46759017612446574,0.4231518523577219,-0.49582464793409586,-0.30746527547215707,0.68520686382305351,0.16008831446763061,-0.0064064589771970493,-0.21003425535118991,-0.61294618081728702,0.16397355584756024,-0.68708878780953075,0.36263511927962699,-0.24263180271680287,0.30710661117779292,-0.17539126767076216,-0.25435338331613411,0.50459120240134292,0.24218885929896516,-0.002318257983647154,0.029696473341285778,-0.10906330096320793,-0.25703041658164305,-0.11173041644279758,0.072439885895242695,0.43472503761534975,1.0,0.66873290194948576,-0.19343443999999999,0.056690918265440385,-0.57393484331455769,-0.54043639471173721,0.27983167391945507,0.045007996881810064,-0.011908860668603194,0.61271141977660326,-0.0641140253737702,0.10470710482311263,-0.60589446768749156
0.12231117209747129,-0.39865688714680569,0.037511221001738586,-0.47974473758898872,-0.40879648618610182,0.18110277741572089,0.26842875182918691,0.37981162888767073,-0.47213920168421691,-0.72563332792512814,0.28435488420857158,-0.89333994650971082,-0.14600621150912935,0.15962672857070362,0.68924278492826185,-0.50330328391042511,0.017691352148238249,-0.012500140945784307,-0.28586832443978,-0.55199392976074646,-0.074453289865858877,0.032682247181236926,-0.54730353004732513,-0.11064417605382434,-0.13080772010705843,0.50686439507602254,0.66873290194948576,1.0,-0.52048194000000003,0.39002159343173265,-0.55011446383770601,-0.32124628045604292,-0.22091412936616084,0.37448735651143256,-0.33944818837030338,0.63724349908920308,0.16826250185810229,0.56413250441626384,-0.65468018064278166
-0.58169261999999999,0.6606463600000001,0.60859758000000008,0.64775771999999998,0.63305380000000011,0.23062443999999993,-0.46827563999999999,-0.30172874000000005,0.95880885999999999,0.62766538000000005,0.12850932000000004,0.67000557999999999,0.75398772000000003,-0.031392060000000055,-0.44465378,0.88853596000000001,0.36539367999999994,0.14539451999999997,0.88060530000000004,0.58161616000000005,-0.63595575999999998,-0.60887014000000006,0.98495949999999999,0.81260320000000008,-0.65050574000000005,-0.050610939999999993,-0.19343443999999999,-0.52048194000000003,1.0,-0.97206519999999996,0.59074855999999998,-0.51645738000000008,0.43969140000000007,-0.43261415999999997,0.70346620000000004,-0.3481921,0.1143895800000001,-0.39143198000000001,0.84960418000000004
0.57411257076460254,-0.64133936682334669,-0.72320306379524857,-0.65711117723506363,-0.48111146636359609,-0.33847585747701958,0.30110858029033577,0.30651780761152952,-0.90970439747796006,-0.46304329091413898,-0.27804973953492146,-0.51142191641616153,-0.84791523107500888,0.11022184491008255,0.42744849398391904,-0.79765028267610116,-0.45325300435095062,-0.27867584695306541,-0.91541512320182583,-0.58489012872123369,0.75426688677562115,0.56743584670219904,-0.96472049919484948,-0.80475783313895544,0.71776586397777598,-0.113654350098257,0.056690918265440385,0.39002159343173265,-0.97206519999999996,1.0,-0.42933502516080091,0.56584256533564325,-0.53938209934378833,0.26492156240449632,-0.69382994767130279,0.14372729879638246,-0.069596000335159947,0.2509655406175878,-0.79088926329937492
-0.12665609259388788,0.56388663629917546,-0.1373530343990931,0.51168043825620979,0.87278809187201678,-0.24793945556977529,-0.67569467023354779,-0.21038939857622879,0.58570804781254471,0.70585348744221976,-0.31971099967355648,0.79765250144001887,0.094712822538842126,0.035213668883591495,0.015000232182522425,0.61905185514591377,-0.14372930311388121,-0.36791161481071644,0.34941499603445919,-0.079050144490842925,-0.10490111626928428,-0.5748581900880424,0.54541960402548939,0.65133769488252846,-0.23153627816092096,-0.53143473480161663,-0.57393484331455769,-0.55011446383770601,0.59074855999999998,-0.42933502516080091,1.0,-0.25472472351164077,-0.29614220606659325,-0.64336785918941897,0.27684187091018564,-0.71304999133512537,0.5153366700618488,-0.48167342666588836,0.62128086844574026
0.16024006693276679,-0.19439048268469511,-0.55418116057877509,-0.11941043490971795,-0.46144191637526416,-0.5243325243098369,0.40582128217465557,0.10746138611066273,-0.49781810739387794,0.067140603460115633,-0.24933920462486836,0.041655703986724198,-0.62359438728430328,0.081053689869951054,-0.29441381506050002,-0.48432524113815273,0.042776046864360207,-0.091266998752512041,-0.71378102598818116,0.011730253039188832,0.42702433368580112,0.74635300041313102,-0.41448015779063885,-0.69192224036685657,0.51076792427765061,-0.16571268679266629,-0.54043639471173721,-0.32124628045604292,-0.51645738000000008,0.56584256533564325,-0.25472472351164077,1.0,-0.16388614581008557,0.41095116143379473,-0.39460815474884159,-0.11529675759309072,-0.37256673709476845,0.2094415222652215,-0.1471769032190437
-0.18738995200001313,-0.028794981205361635,0.75196117232213844,0.0057062365107462317,-0.28484201078637306,0.69021611531693072,0.34332035888990386,0.070479505340977786,0.27626082253635947,-0.02404970320515076,0.35324139236716645,-0.012171845946603962,0.75328290237416795,-0.44447625317606071,-0.40185797917754895,0.18476312437134917,0.23094949427841704,0.58039505786820633,0.61554827949247859,0.78487800462500446,-0.34294581146674907,-0.11764252018552558,0.48463978987187617,0.04348640210925335,-0.1708306454643562,0.51856614010871827,0.27983167391945507,-0.22091412936616084,0.43969140000000007,-0.53938209934378833,-0.29614220606659325,-0.16388614581008557,1.0,0.15797067808172516,0.18412823586457427,0.37254860544471041,-0.25893067562725425,-0.22576466785694954,0.21031872294354803
0.10657486745402936,-0.14027519809372191,0.025690995715713021,0.017317085439334738,-0.80974269259240184,-0.035591188528754522,0.86791836853606674,0.20702306028772374,-0.50988894941096186,-0.60711401334785486,0.50087027057028921,-0.57868524319199277,-0.1354109806799193,-0.16895076814282584,0.08145402210711393,-0.68693651831518232,0.41346334171508858,0.28102229072988033,-0.38164760743507653,-0.16910183592478156,-0.25466223872360666,0.50692767749220891,-0.34454245587632026,-0.37276071806468214,-0.069043262345790946,0.55798863505496044,0.045007996881810064,0.37448735651143256,-0.43261415999999997,0.26492156240449632,-0.64336785918941897,0.41095116143379473,0.15797067808172516,1.0,-0.41098785815547551,0.66889896659206283,-0.17924308182114987,0.7680061978050936,-0.25151475313944299
-0.61630655889664132,0.66239174131477596,0.31173999490544024,0.55873045967133139,0.57150263792001765,-0.078182500501654206,-0.56783540348409489,-0.59358723390502965,0.82425985456873019,0.50415724239047621,0.16646301827003571,0.54358043666976652,0.48375451413230458,0.30750073256706661,-0.6286214551356305,0.83267466856765027,0.42229188368098641,0.13380982032144159,0.57452292170620856,0.56266807266466512,-0.47689574379213856,-0.13259020550075185,0.68018857129296528,0.58870655246053649,-0.50614489171423538,-0.2121917298621388,-0.011908860668603194,-0.33944818837030338,0.70346620000000004,-0.69382994767130279,0.27684187091018564,-0.39460815474884159,0.18412823586457427,-0.41098785815547551,1.0,-0.35186990986825084,-0.41466651750942518,-0.16838685649899285,0.64356715909904438
0.26566339869132138,-0.25413941020253655,0.31112717276932983,-0.33805519438395215,-0.68470692807367473,0.56974798064689736,0.77715783688289553,0.34039993104001276,-0.4718073887238099,-0.74137386028005869,0.3792192982000902,-0.78873177120137916,0.2718916514580535,-0.40524750215392225,0.28424830174364102,-0.61002739246724547,0.10312759408402461,0.45663379761476286,-0.029005515452159573,-0.086870783051159084,-0.25614822943005761,0.26159030583580178,-0.29684318437072565,-0.20084150403513643,-0.0073147224844816987,0.619777731804109,0.61271141977660326,0.63724349908920308,-0.3481921,0.14372729879638246,-0.71304999133512537,-0.11529675759309072,0.37254860544471041,0.66889896659206283,-0.35186990986825084,1.0,-0.1441444853284273,0.43348669416878133,-0.4860054764547117
0.20888364980853061,-0.095917848052335303,0.04812806177358378,0.056013800656048718,0.2405218449485004,0.11093789352050232,-0.15426250050583223,0.20318289700200551,0.016992318286682764,-0.0089898145618446945,-0.098346075829980145,-0.034763013015742299,0.0090129624868678961,-0.22568508181390029,0.72680901059102232,-0.0071899205749285551,-0.29798052970722544,-0.19749342385619006,0.14942889750663976,-0.56206969685195818,-0.03195129524112883,-0.72921179780659395,0.050946787188007631,0.35768571311045388,-0.18816017181583439,0.14966863033118691,-0.0641140253737702,0.16826250185810229,0.1143895800000001,-0.069596000335159947,0.5153366700618488,-0.37256673709476845,-0.25893067562725425,-0.17924308182114987,-0.41466651750942518,-0.1441444853284273,1.0,-0.044149409714374532,-0.045320163620043222
-0.11792509912254025,0.012886159427990717,-0.082606926824481786,0.095061727620390876,-0.53686203681108957,-0.27976684750720071,0.48201462670792161,0.031993986100500117,-0.33378003832948794,-0.45041471538108402,0.40702678320004471,-0.57529865590223417,-0.2427864700802557,0.19108877370145319,0.2162453147584717,-0.46770017570011957,0.49524949805606533,0.1499276842315643,-0.40951557929309473,-0.38439284847091043,-0.3363727514074546,0.37670776338773704,-0.3367098512942821,-0.11677834991526567,-0.29823779668894995,0.49981244543948611,0.10470710482311263,0.56413250441626384,-0.39143198000000001,0.2509655406175878,-0.48167342666588836,0.2094415222652215,-0.22576466785694954,0.7680061978050936,-0.16838685649899285,0.43348669416878133,-0.044149409714374532,1.0,-0.26401190999447333
-0.64564060235234511,0.78542719844579034,0.27127158514134053,0.80014523952928451,0.59523518866153713,-0.20853286184165878,-0.39405224271280076,-0.25773140791751309,0.85096763726037117,0.682483583680491,0.18509064128982453,0.80549869866156487,0.39782177198193069,0.19793332760382726,-0.5784019136128713,0.75881742678407471,0.54683008801395383,-0.1717355183891594,0.53246742740841402,0.47242344517317253,-0.59726465055835809,-0.31885476456989709,0.86929066522539311,0.67240779409700591,-0.61376853178044288,-0.25555261529580608,-0.60589446768749156,-0.65468018064278166,0.84960418000000004,-0.79088926329937492,0.62128086844574026,-0.1471769032190437,0.21031872294354803,-0.25151475313944299,0.64356715909904438,-0.4860054764547117,-0.045320163620043222,-0.26401190999447333,1.0
