1.000000000000000000e+00,-8.703070060338780056e-02,-1.238651763168622799e-01,4.600825338399437969e-01,-5.250366994153266020e-01,2.519172000000002853e-02,1.167918983781909281e-01,7.204418347543106727e-02,5.932023632988928652e-01,4.073305330193935925e-01,-7.720454765458817370e-02,4.377607995996277701e-01,-1.238766275146275520e-01,1.194650638836836087e-02,-5.805935395979111568e-02,-1.497814892932918251e-01,-3.761256787324873674e-02,1.233850742830770453e-01,5.546074931797595475e-03,-8.260653369950676783e-02,3.991283708541584208e-01,-3.500242994050549727e-01,-8.174672444253898440e-02,1.132141601415411480e-01,-8.205559770975033862e-01,8.135604413172359273e-01,-1.487240303905846828e-01,-2.243897223199545210e-01,-6.565885804499194123e-02,2.071361508877645474e-01,-6.358120501670427860e-02,-2.410832096593534257e-01,7.740782711635080249e-02,-4.642634432689696222e-01,-5.176812725411409355e-01,-8.040265415760361467e-03,-1.340444405967924912e-01,-2.283429138459868724e-01,-6.165350460237243313e-01
-8.703070060338780056e-02,1.000000000000000000e+00,8.639458954909844390e-01,2.431675933037951431e-01,5.757064224143012554e-01,8.822429400000000310e-01,1.356754474833535840e-01,-3.708939828204819711e-01,-5.845177723549450644e-01,4.062314120899910286e-01,8.756501552289436274e-01,2.860149651517170932e-01,-7.171446523677618146e-01,5.391901013303956880e-01,-1.350372995273151355e-01,-6.590451570430923001e-01,4.828717756961379420e-02,9.031747216117113064e-01,-7.771710667714242238e-01,-1.410535773355358624e-01,2.107235866950893377e-01,3.817633108978709666e-01,9.073005090990379218e-01,8.495515143965872568e-03,3.228712342852228523e-01,-1.011495185518751089e-01,-1.514733915019773058e-01,7.390598185315553348e-01,5.031122661714784172e-01,2.215145544996808408e-02,4.406346781111907251e-01,-2.711457327880197887e-01,5.131457715762967053e-01,3.082816727732825002e-01,-4.280554007999290977e-01,-6.824133732282676723e-01,-7.821108276390841274e-01,9.065723987897700287e-01,-5.917209477696729752e-02
-1.238651763168622799e-01,8.639458954909844390e-01,1.000000000000000000e+00,1.266370243477331625e-01,6.533821591308448529e-01,7.738564999999999472e-01,5.698033152702899340e-01,-6.108622568731865154e-01,-4.947746001487479672e-01,6.271390506976080859e-02,8.735597393189952209e-01,2.116560470057350651e-02,-8.285739807927967604e-01,1.110699962484442138e-01,-8.606710232674485983e-02,-5.017212466239302504e-01,-3.064087111415717546e-01,9.233940075676543291e-01,-7.916053684161362680e-01,-1.557895596146597894e-01,1.889701046749411306e-01,6.043706222422289276e-01,8.060819704066307656e-01,4.677979431279489786e-01,4.042940924957133531e-01,1.145188784358611711e-01,-1.132914391974922941e-01,9.722939123760583335e-01,2.471199873984508966e-01,3.617888898444169277e-01,5.536896160421983515e-01,1.376106100722546133e-01,3.417681592699199911e-01,4.659372735127571552e-01,-6.295399872347477999e-01,-4.951562995582950988e-01,-5.264174563893021519e-01,8.927020046130464959e-01,2.809378531889239472e-02
4.600825338399437969e-01,2.431675933037951431e-01,1.266370243477331625e-01,1.000000000000000000e+00,2.058872563052633331e-01,1.088901200000000902e-01,1.215441240782433319e-03,-3.271540786430002928e-02,-2.029638856870275843e-01,5.420103837335592256e-02,3.866899506501256245e-01,9.868162938840198406e-02,-2.426092000253810832e-01,5.414987328784324205e-01,2.996159302486934781e-02,-4.815019158725559745e-01,-2.764546831698101448e-01,4.048663456743274436e-01,5.533114986658642376e-02,4.788404838252767193e-01,6.176527501869897296e-01,-4.310239497762914929e-01,5.351617865142166419e-02,-1.403739363285838038e-01,-1.381868762713121812e-01,1.775765092602203665e-01,-1.317473666934976251e-01,7.280246779080723311e-03,-1.107720990905468744e-01,-1.396187182272363714e-01,4.633045289826248636e-01,-3.488413415697091402e-01,-1.098401143625521437e-01,-4.701567347857788653e-02,-1.374576343375975562e-01,-4.882375769836935081e-02,-3.161034993531088300e-01,1.267347171329589739e-01,8.152552660083883795e-03
-5.250366994153266020e-01,5.757064224143012554e-01,6.533821591308448529e-01,2.058872563052633331e-01,1.000000000000000000e+00,2.169943800000000422e-01,3.838762908021362552e-01,-2.226156702560098954e-01,-6.241227698902531706e-01,-4.396576602236657028e-01,8.024455671579157068e-01,-4.746049795230772306e-01,-6.441013973105171875e-01,2.448260770289520938e-01,3.720393134108533340e-01,-1.903801376544193291e-01,-3.694963586405982103e-01,5.559453121945259202e-01,-1.399882121336925855e-01,3.384744228123440224e-01,3.312943252859040233e-01,1.901946735675972278e-01,3.001734160303548005e-01,9.869238396918940392e-02,7.837065283639844671e-01,-3.852768790459846771e-01,8.684620682542734671e-03,6.796513984348205861e-01,-1.554474169391130145e-01,1.581272087865226161e-01,8.090641143145341774e-01,1.800111747451641486e-01,-2.901425645863057734e-01,7.820251107921050160e-01,9.448333783352011461e-02,2.527203038513211458e-02,-1.120929933775764581e-01,7.113231440355447521e-01,7.198183969337501598e-01
2.519172000000002853e-02,8.822429400000000310e-01,7.738564999999999472e-01,1.088901200000000902e-01,2.169943800000000422e-01,1.000000000000000000e+00,2.086954000000007525e-02,-4.444711399999999868e-01,-4.942324399999999951e-01,6.116791200000000206e-01,6.223275200000000229e-01,5.531612800000000885e-01,-5.215582199999999613e-01,3.727046199999999310e-01,-4.988205599999999684e-01,-7.595417399999999652e-01,1.502514399999999029e-01,8.279365000000000752e-01,-9.526005400000000511e-01,-3.154274000000000244e-01,-4.385638000000002812e-02,4.866234799999999971e-01,9.921107799999999699e-01,9.979318000000003686e-02,4.733388000000005036e-02,3.071372000000005542e-02,-1.633666799999999864e-01,6.397337199999999502e-01,6.676089800000000185e-01,-3.767843999999997973e-02,8.689847999999988915e-02,-2.760097200000000139e-01,8.337037400000000265e-01,5.265049999999993346e-02,-5.950922000000000711e-01,-8.983980000000000299e-01,-8.806777799999999656e-01,7.191159400000000090e-01,-3.974030200000000512e-01
1.167918983781909281e-01,1.356754474833535840e-01,5.698033152702899340e-01,1.215441240782433319e-03,3.838762908021362552e-01,2.086954000000007525e-02,1.000000000000000000e+00,-5.442510779285691935e-01,1.289264814708734885e-01,-5.047080335443905330e-01,4.138302761158991205e-01,-4.530290484987374300e-01,-5.896289287248193123e-01,-5.322662564436704269e-01,2.982889307580044447e-01,1.676921288157818546e-01,-7.052522163325545268e-01,3.944599167618632052e-01,-1.948901085933318900e-01,-1.070024342822333552e-01,2.954757616762470618e-01,4.491269240855103040e-01,3.744744017204870018e-02,8.525842718592755443e-01,2.304000721045443290e-01,5.503832490426721069e-01,-3.857478731644781167e-02,6.970882638426437738e-01,-3.983804253559129482e-01,7.780269417850269598e-01,5.392543600515387059e-01,6.068060180968580797e-01,-3.235070743105297186e-01,3.937078788623512571e-01,-6.011543227782255583e-01,2.681236492211369615e-01,2.755274984478113254e-01,3.533707146207926142e-01,1.334479407435345544e-01
7.204418347543106727e-02,-3.708939828204819711e-01,-6.108622568731865154e-01,-3.271540786430002928e-02,-2.226156702560098954e-01,-4.444711399999999868e-01,-5.442510779285691935e-01,1.000000000000000000e+00,3.890413563525185192e-01,1.471725017255958723e-01,-3.850851308249657601e-01,-9.761195911970654837e-02,2.441589517795456632e-01,1.575033457437932938e-01,2.853622183176633964e-01,3.347495469235535204e-01,4.460775085772117898e-01,-4.804880975046357250e-01,5.979260188460774339e-01,2.922241968459014516e-01,-1.347471857156322395e-01,-6.632072336656896772e-01,-4.403716078722894056e-01,-5.588283243273405310e-01,-3.651469558243326530e-01,-2.227691984170051265e-01,2.272058046095739303e-01,-6.618415878433162591e-01,-4.517982459457482031e-02,-2.200867816602700422e-01,-2.637689836187345205e-01,-2.522928010442682112e-01,-2.977121398817887399e-01,-1.050903304941297051e-01,6.758890456874606656e-01,3.441658757692471760e-01,6.700813254590612389e-02,-4.676654647148409394e-01,1.410151277860423602e-01
5.932023632988928652e-01,-5.845177723549450644e-01,-4.947746001487479672e-01,-2.029638856870275843e-01,-6.241227698902531706e-01,-4.942324399999999951e-01,1.289264814708734885e-01,3.890413563525185192e-01,1.000000000000000000e+00,8.712794687401981264e-02,-5.339810905767548022e-01,-2.308108696366625856e-02,1.785838305506765589e-01,-4.153771514699761691e-01,2.599789490729062513e-01,5.954605162298267640e-01,1.333530270842460674e-01,-4.753378216460159567e-01,4.044170259812285284e-01,-2.028084565646761650e-01,-5.022614708853214566e-02,-2.533281832598638372e-01,-5.388178517384700772e-01,1.459122651401491000e-01,-6.786633123330853001e-01,5.745517634964283360e-01,9.056831363918084465e-02,-4.545488847967072976e-01,-1.983609577912018862e-01,2.809946011445435543e-01,-3.243707815649171655e-01,2.364246661882057066e-01,-2.969270779911145075e-01,-3.627179876014304249e-01,-7.813760074507831999e-02,5.276603016352146014e-01,4.576274214813773056e-01,-5.358869695117702836e-01,-2.983334442877573212e-01
4.073305330193935925e-01,4.062314120899910286e-01,6.271390506976080859e-02,5.420103837335592256e-02,-4.396576602236657028e-01,6.116791200000000206e-01,-5.047080335443905330e-01,1.471725017255958723e-01,8.712794687401981264e-02,1.000000000000000000e+00,-3.379315464741156506e-03,7.828970153566602308e-01,-3.048680142761920134e-02,4.888012189147353803e-01,-4.255917784651746527e-01,-3.965339493386740854e-01,7.270912288705184690e-01,2.592653338421245235e-01,-5.034969952716898955e-01,-2.985210699075847574e-01,-2.327265186639288219e-01,-1.072975735500509599e-02,5.636215954317843613e-01,-3.217843198371354019e-01,-5.372209358024744308e-01,7.429895491069871127e-02,3.554887180858305046e-02,-1.285620302468183929e-01,7.277408014201945941e-01,-2.904515959165101524e-01,-4.742307346404300294e-01,-5.364762927846669083e-01,7.774700235645558566e-01,-5.564185534579252357e-01,-2.644212304873870267e-01,-6.588494497802381833e-01,-7.230815842536771898e-01,1.386226319862397249e-01,-6.977147512266922424e-01
-7.720454765458817370e-02,8.756501552289436274e-01,8.735597393189952209e-01,3.866899506501256245e-01,8.024455671579157068e-01,6.223275200000000229e-01,4.138302761158991205e-01,-3.850851308249657601e-01,-5.339810905767548022e-01,-3.379315464741156506e-03,1.000000000000000000e+00,-2.380835154498606599e-03,-8.420754746460044071e-01,3.848704301823330232e-01,1.375393594866703428e-01,-5.634958924346630260e-01,-3.387909622252870956e-01,8.920294793372564035e-01,-5.263621152713171547e-01,1.990529113121987728e-02,5.287585116375902450e-01,2.571531916353993474e-01,6.528290129767102545e-01,1.144634855163144532e-01,4.452416383534235633e-01,1.218067457529921002e-02,-2.702272773912968162e-01,8.032897977683449708e-01,1.352360338603309509e-01,1.726208405056992301e-01,8.122526108528201894e-01,-9.228343400683287900e-02,1.035782270110754688e-01,6.258892603404718757e-01,-3.808026357864603972e-01,-3.569037997410605678e-01,-5.011203607669943993e-01,8.898339867375698597e-01,2.517491523941280951e-01
4.377607995996277701e-01,2.860149651517170932e-01,2.116560470057350651e-02,9.868162938840198406e-02,-4.746049795230772306e-01,5.531612800000000885e-01,-4.530290484987374300e-01,-9.761195911970654837e-02,-2.308108696366625856e-02,7.828970153566602308e-01,-2.380835154498606599e-03,1.000000000000000000e+00,1.309133487268918650e-01,2.877055043211577678e-01,-6.605975414685619773e-01,-6.193276516036684276e-01,3.891850550475072779e-01,2.478917807005823204e-01,-4.661549309758248882e-01,-3.891467983524090624e-01,-3.028635434532533574e-02,3.398820562883420049e-02,4.753519424259590176e-01,-3.400245098466714300e-01,-5.467283097249987511e-01,2.156011773759746730e-01,-3.934156985810345897e-01,-1.499563862867314690e-01,4.563170857057984309e-01,-4.769997134293983421e-01,-3.412916119085170341e-01,-4.616864089018291040e-01,7.454004605624283686e-01,-3.766135569668675465e-01,-3.624501022074645973e-01,-6.687895301578985485e-01,-6.148820970732395974e-01,-1.504831580732293034e-02,-6.363613966694409152e-01
-1.238766275146275520e-01,-7.171446523677618146e-01,-8.285739807927967604e-01,-2.426092000253810832e-01,-6.441013973105171875e-01,-5.215582199999999613e-01,-5.896289287248193123e-01,2.441589517795456632e-01,1.785838305506765589e-01,-3.048680142761920134e-02,-8.420754746460044071e-01,1.309133487268918650e-01,1.000000000000000000e+00,-1.453954477788527155e-01,-2.800918906376432260e-01,3.284267991148926980e-01,2.607072423742191614e-01,-8.178043133205703530e-01,4.678821067813849210e-01,-1.148322605675218960e-01,-4.143599622029300877e-01,-1.665958352677206211e-01,-5.440601377307150432e-01,-4.126730014249042622e-01,-1.802942503118354356e-01,-2.319905093897514647e-01,-6.897077677228388715e-02,-7.850025373490895353e-01,-6.818648578889574541e-02,-5.587317153207742582e-01,-6.658449051058805690e-01,-7.771270462596928386e-02,-3.461875660894338930e-02,-4.990715404641221098e-01,4.738825133948059709e-01,2.100322956254727369e-01,3.663137303726802241e-01,-7.873433759673589272e-01,-1.547560234726394202e-01
1.194650638836836087e-02,5.391901013303956880e-01,1.110699962484442138e-01,5.414987328784324205e-01,2.448260770289520938e-01,3.727046199999999310e-01,-5.322662564436704269e-01,1.575033457437932938e-01,-4.153771514699761691e-01,4.888012189147353803e-01,3.848704301823330232e-01,2.877055043211577678e-01,-1.453954477788527155e-01,1.000000000000000000e+00,3.505398920804852353e-02,-4.671230916955233514e-01,4.180751609079151332e-01,3.100159373281610176e-01,-1.294223824809566659e-01,2.664512340363580645e-01,2.760151945751899150e-01,-3.450659752185648577e-01,3.736178785301482730e-01,-6.378300496072586423e-01,1.226614157045388120e-01,-4.432264721751097980e-01,2.710964112830206024e-02,-7.017309385933886978e-02,4.861772785350577664e-01,-4.598932938351759647e-01,1.708509732029829808e-01,-6.860678755530698059e-01,2.599026319400373208e-01,-1.105499108625223326e-01,2.191680569813552193e-01,-3.861656143700862853e-01,-5.569722969571729854e-01,3.936959547642950863e-01,3.904260434107251904e-02
-5.805935395979111568e-02,-1.350372995273151355e-01,-8.606710232674485983e-02,2.996159302486934781e-02,3.720393134108533340e-01,-4.988205599999999684e-01,2.982889307580044447e-01,2.853622183176633964e-01,2.599789490729062513e-01,-4.255917784651746527e-01,1.375393594866703428e-01,-6.605975414685619773e-01,-2.800918906376432260e-01,3.505398920804852353e-02,1.000000000000000000e+00,5.590868464109495228e-01,-1.145567213172970222e-01,-1.705258317819492719e-01,5.226602477619304299e-01,2.982500196099764356e-01,4.253026424843024400e-01,-3.845773386543813732e-01,-4.461731295951403276e-01,1.232736655828337025e-02,3.070322798407507103e-01,-8.443365767505697783e-02,2.905257065211562795e-01,-1.487667347134351281e-02,-2.929142515053945184e-01,4.122715892588982856e-01,4.746372179436247896e-01,5.281933361521690129e-02,-7.317630743012619732e-01,2.997684556440107229e-01,3.355663219334546477e-01,6.304568670144869991e-01,5.315308072385661609e-01,1.661959794685737568e-01,5.351491197322906235e-01
-1.497814892932918251e-01,-6.590451570430923001e-01,-5.017212466239302504e-01,-4.815019158725559745e-01,-1.903801376544193291e-01,-7.595417399999999652e-01,1.676921288157818546e-01,3.347495469235535204e-01,5.954605162298267640e-01,-3.965339493386740854e-01,-5.634958924346630260e-01,-6.193276516036684276e-01,3.284267991148926980e-01,-4.671230916955233514e-01,5.590868464109495228e-01,1.000000000000000000e+00,1.260587085475217695e-01,-6.928722658190054062e-01,6.254613892372057338e-01,2.885506753198880878e-02,-3.244437586851952604e-01,-4.781736134421305656e-02,-7.104223280287048636e-01,1.694937443471198901e-01,5.268242002436176324e-02,-3.947662592803954235e-02,4.292608694936947411e-01,-3.424329364966514078e-01,-3.807951554514762416e-01,2.875549440484119201e-01,-2.583170663855136606e-01,4.939930559560538614e-01,-6.313015279930902501e-01,-1.514213142899229758e-01,3.958428298225768471e-01,8.042067172386845320e-01,7.863781062058723403e-01,-4.399747034014427349e-01,2.495521720005400845e-01
-3.761256787324873674e-02,4.828717756961379420e-02,-3.064087111415717546e-01,-2.764546831698101448e-01,-3.694963586405982103e-01,1.502514399999999029e-01,-7.052522163325545268e-01,4.460775085772117898e-01,1.333530270842460674e-01,7.270912288705184690e-01,-3.387909622252870956e-01,3.891850550475072779e-01,2.607072423742191614e-01,4.180751609079151332e-01,-1.145567213172970222e-01,1.260587085475217695e-01,1.000000000000000000e+00,-2.225233445224608919e-01,-4.210456667685561621e-02,-1.426574212358797111e-02,-5.496420745678970432e-01,-1.511752400253024153e-01,1.615090760188009067e-01,-4.859247094478584272e-01,-2.779892892011066041e-01,-4.221410120162566448e-01,4.380367018988143291e-01,-4.168710411800121141e-01,5.298742714701158985e-01,-3.922291361565191092e-01,-6.456245568176506300e-01,-3.082480940400290637e-01,4.050423570797245243e-01,-5.378430403438613228e-01,3.430207755484029897e-01,-2.342515023454811718e-01,-2.801875420610271394e-01,-9.400478526029187876e-02,-2.561430240241270861e-01
1.233850742830770453e-01,9.031747216117113064e-01,9.233940075676543291e-01,4.048663456743274436e-01,5.559453121945259202e-01,8.279365000000000752e-01,3.944599167618632052e-01,-4.804880975046357250e-01,-4.753378216460159567e-01,2.592653338421245235e-01,8.920294793372564035e-01,2.478917807005823204e-01,-8.178043133205703530e-01,3.100159373281610176e-01,-1.705258317819492719e-01,-6.928722658190054062e-01,-2.225233445224608919e-01,1.000000000000000000e+00,-7.608785681982666027e-01,-3.311009000181407841e-02,3.166504046114381188e-01,3.752775581029297869e-01,8.271220944642331263e-01,2.891111067477640240e-01,1.727797657817121690e-01,1.864619863925217613e-01,-1.653846344929439383e-01,8.220428987055060643e-01,2.546576685838252696e-01,2.104994209201171418e-01,5.467825472429266309e-01,-7.496162412808345110e-02,4.065510325857166207e-01,3.303800438933981454e-01,-6.361386240121773561e-01,-5.841322432543889498e-01,-7.078453077571763563e-01,8.232218561904226517e-01,-9.633423168116424240e-02
5.546074931797595475e-03,-7.771710667714242238e-01,-7.916053684161362680e-01,5.533114986658642376e-02,-1.399882121336925855e-01,-9.526005400000000511e-01,-1.948901085933318900e-01,5.979260188460774339e-01,4.044170259812285284e-01,-5.034969952716898955e-01,-5.263621152713171547e-01,-4.661549309758248882e-01,4.678821067813849210e-01,-1.294223824809566659e-01,5.226602477619304299e-01,6.254613892372057338e-01,-4.210456667685561621e-02,-7.608785681982666027e-01,1.000000000000000000e+00,4.704146380009725514e-01,1.457137980378848674e-01,-6.775848896229121898e-01,-9.477441308554658272e-01,-3.159165145782956707e-01,-7.576971382027697377e-02,-1.446632431342279590e-01,1.692252832517739947e-01,-7.128258843680761458e-01,-6.314639732095822522e-01,-9.977970794600315996e-02,-1.945107155859907705e-02,9.241033154945961503e-02,-8.273840950461398558e-01,-3.047797158196637393e-02,7.198000782628060090e-01,8.422010586455918046e-01,7.365885400229893465e-01,-6.778414305882016766e-01,4.647240211805217514e-01
-8.260653369950676783e-02,-1.410535773355358624e-01,-1.557895596146597894e-01,4.788404838252767193e-01,3.384744228123440224e-01,-3.154274000000000244e-01,-1.070024342822333552e-01,2.922241968459014516e-01,-2.028084565646761650e-01,-2.985210699075847574e-01,1.990529113121987728e-02,-3.891467983524090624e-01,-1.148322605675218960e-01,2.664512340363580645e-01,2.982500196099764356e-01,2.885506753198880878e-02,-1.426574212358797111e-02,-3.311009000181407841e-02,4.704146380009725514e-01,1.000000000000000000e+00,1.392088244047387513e-01,-5.838846844140171966e-01,-3.035953931881287815e-01,-4.825248571464046954e-02,1.052038224952310252e-01,-3.667425346284507448e-01,5.859612810666293692e-01,-1.660018875338334643e-01,-4.305797336675538101e-01,5.160946990130928225e-02,2.092253270998331027e-01,2.697317621959867753e-02,-4.480285162503327423e-01,3.155951259519052671e-02,4.720552678620604237e-01,3.120060031504675591e-01,1.411878814263358151e-01,-1.126826708879117428e-01,5.141287935535436837e-01
3.991283708541584208e-01,2.107235866950893377e-01,1.889701046749411306e-01,6.176527501869897296e-01,3.312943252859040233e-01,-4.385638000000002812e-02,2.954757616762470618e-01,-1.347471857156322395e-01,-5.022614708853214566e-02,-2.327265186639288219e-01,5.287585116375902450e-01,-3.028635434532533574e-02,-4.143599622029300877e-01,2.760151945751899150e-01,4.253026424843024400e-01,-3.244437586851952604e-01,-5.496420745678970432e-01,3.166504046114381188e-01,1.457137980378848674e-01,1.392088244047387513e-01,1.000000000000000000e+00,-4.191639499731842355e-01,-8.086044484734862536e-02,-9.542795171968643242e-02,5.840721366055376396e-02,3.424941163979176584e-01,-4.431460783176320306e-01,1.391606402160686096e-01,-2.404788794973765076e-01,1.616055187856614561e-01,7.775469530864665968e-01,-3.466462600585046294e-01,-3.452958226361051430e-01,3.827372238181666053e-01,-1.889376309373121954e-01,1.045338031822814207e-01,4.404759841976708251e-02,2.881884830875562908e-01,1.931776376312505650e-01
-3.500242994050549727e-01,3.817633108978709666e-01,6.043706222422289276e-01,-4.310239497762914929e-01,1.901946735675972278e-01,4.866234799999999971e-01,4.491269240855103040e-01,-6.632072336656896772e-01,-2.533281832598638372e-01,-1.072975735500509599e-02,2.571531916353993474e-01,3.398820562883420049e-02,-1.665958352677206211e-01,-3.450659752185648577e-01,-3.845773386543813732e-01,-4.781736134421305656e-02,-1.511752400253024153e-01,3.752775581029297869e-01,-6.775848896229121898e-01,-5.838846844140171966e-01,-4.191639499731842355e-01,1.000000000000000000e+00,5.302881319413633721e-01,5.097950131303955468e-01,3.687400536057265921e-01,7.257910555823625376e-02,-1.721057047759420588e-01,6.812609538544130983e-01,2.044549690680444176e-01,1.395152672154948981e-01,-3.049308105227871435e-02,4.996478413541419195e-01,3.875258804727582662e-01,1.570277781324384558e-01,-5.240953088897117862e-01,-3.056548031576999946e-01,-1.871131161749979288e-01,4.017653691624453183e-01,-1.518725968477946109e-01
-8.174672444253898440e-02,9.073005090990379218e-01,8.060819704066307656e-01,5.351617865142166419e-02,3.001734160303548005e-01,9.921107799999999699e-01,3.744744017204870018e-02,-4.403716078722894056e-01,-5.388178517384700772e-01,5.636215954317843613e-01,6.528290129767102545e-01,4.753519424259590176e-01,-5.440601377307150432e-01,3.736178785301482730e-01,-4.461731295951403276e-01,-7.104223280287048636e-01,1.615090760188009067e-01,8.271220944642331263e-01,-9.477441308554658272e-01,-3.035953931881287815e-01,-8.086044484734862536e-02,5.302881319413633721e-01,1.000000000000000000e+00,1.018320096009066034e-01,1.489084694737589365e-01,-5.307970231408742218e-02,-1.249246638223338035e-01,6.849533943176693285e-01,6.685671006891075185e-01,-2.823253872391111308e-02,1.161058167702964522e-01,-2.311920962734191065e-01,7.983376131798950448e-01,1.161313393788541287e-01,-5.399605442908963493e-01,-8.707200623203616985e-01,-8.569879037878468386e-01,7.695019075737681291e-01,-3.125307711169846847e-01
1.132141601415411480e-01,8.495515143965872568e-03,4.677979431279489786e-01,-1.403739363285838038e-01,9.869238396918940392e-02,9.979318000000003686e-02,8.525842718592755443e-01,-5.588283243273405310e-01,1.459122651401491000e-01,-3.217843198371354019e-01,1.144634855163144532e-01,-3.400245098466714300e-01,-4.126730014249042622e-01,-6.378300496072586423e-01,1.232736655828337025e-02,1.694937443471198901e-01,-4.859247094478584272e-01,2.891111067477640240e-01,-3.159165145782956707e-01,-4.825248571464046954e-02,-9.542795171968643242e-02,5.097950131303955468e-01,1.018320096009066034e-01,1.000000000000000000e+00,4.595564074570349100e-02,5.051047798982708503e-01,2.674893080747499652e-01,5.956578987877702014e-01,-2.543563016068259852e-01,8.021131649011163933e-01,1.123288338563230293e-01,6.396307597396497790e-01,-4.693767431711445143e-02,4.877846532858344519e-02,-6.399316026174117766e-01,9.307689259560275596e-02,1.982185310413830948e-01,1.763372011206998102e-01,-1.159520042615209967e-01
-8.205559770975033862e-01,3.228712342852228523e-01,4.042940924957133531e-01,-1.381868762713121812e-01,7.837065283639844671e-01,4.733388000000005036e-02,2.304000721045443290e-01,-3.651469558243326530e-01,-6.786633123330853001e-01,-5.372209358024744308e-01,4.452416383534235633e-01,-5.467283097249987511e-01,-1.802942503118354356e-01,1.226614157045388120e-01,3.070322798407507103e-01,5.268242002436176324e-02,-2.779892892011066041e-01,1.727797657817121690e-01,-7.576971382027697377e-02,1.052038224952310252e-01,5.840721366055376396e-02,3.687400536057265921e-01,1.489084694737589365e-01,4.595564074570349100e-02,1.000000000000000000e+00,-6.007308822672358106e-01,2.753511876321612650e-02,5.005633157763342833e-01,-5.455248573065213380e-02,3.317430193329469479e-02,4.881341067884442664e-01,1.746929517093440687e-01,-2.293062923975571210e-01,5.719446194929492799e-01,2.497077060668307924e-01,3.837946413738450163e-02,1.412073428229726479e-01,5.365593479670497379e-01,6.486304689393623812e-01
8.135604413172359273e-01,-1.011495185518751089e-01,1.145188784358611711e-01,1.775765092602203665e-01,-3.852768790459846771e-01,3.071372000000005542e-02,5.503832490426721069e-01,-2.227691984170051265e-01,5.745517634964283360e-01,7.429895491069871127e-02,1.218067457529921002e-02,2.156011773759746730e-01,-2.319905093897514647e-01,-4.432264721751097980e-01,-8.443365767505697783e-02,-3.947662592803954235e-02,-4.221410120162566448e-01,1.864619863925217613e-01,-1.446632431342279590e-01,-3.667425346284507448e-01,3.424941163979176584e-01,7.257910555823625376e-02,-5.307970231408742218e-02,5.051047798982708503e-01,-6.007308822672358106e-01,1.000000000000000000e+00,-3.285232648989208082e-01,1.179702160186335141e-01,-2.094122198202287011e-01,4.817320047216460122e-01,7.373970294987436391e-02,1.280561576087116959e-01,7.253818630114383832e-03,-1.644069785364539460e-01,-7.506798253838994350e-01,6.242782746464563964e-02,3.611029934931484636e-02,-1.341610714141444338e-01,-5.466096852041266718e-01
-1.487240303905846828e-01,-1.514733915019773058e-01,-1.132914391974922941e-01,-1.317473666934976251e-01,8.684620682542734671e-03,-1.633666799999999864e-01,-3.857478731644781167e-02,2.272058046095739303e-01,9.056831363918084465e-02,3.554887180858305046e-02,-2.702272773912968162e-01,-3.934156985810345897e-01,-6.897077677228388715e-02,2.710964112830206024e-02,2.905257065211562795e-01,4.292608694936947411e-01,4.380367018988143291e-01,-1.653846344929439383e-01,1.692252832517739947e-01,5.859612810666293692e-01,-4.431460783176320306e-01,-1.721057047759420588e-01,-1.249246638223338035e-01,2.674893080747499652e-01,2.753511876321612650e-02,-3.285232648989208082e-01,1.000000000000000000e+00,-7.904947824114745558e-02,-1.779550025574435160e-02,3.655274390441058951e-01,-3.273186183281545092e-01,1.852987780883713631e-01,-1.141747168494611497e-01,-3.665678427110345416e-01,2.761343343849417264e-01,1.860363340961491974e-01,1.609105118224241904e-01,-4.724719521038345249e-02,1.209247238443290767e-01
-2.243897223199545210e-01,7.390598185315553348e-01,9.722939123760583335e-01,7.280246779080723311e-03,6.796513984348205861e-01,6.397337199999999502e-01,6.970882638426437738e-01,-6.618415878433162591e-01,-4.545488847967072976e-01,-1.285620302468183929e-01,8.032897977683449708e-01,-1.499563862867314690e-01,-7.850025373490895353e-01,-7.017309385933886978e-02,-1.487667347134351281e-02,-3.424329364966514078e-01,-4.168710411800121141e-01,8.220428987055060643e-01,-7.128258843680761458e-01,-1.660018875338334643e-01,1.391606402160686096e-01,6.812609538544130983e-01,6.849533943176693285e-01,5.956578987877702014e-01,5.005633157763342833e-01,1.179702160186335141e-01,-7.904947824114745558e-02,1.000000000000000000e+00,1.236703373119097255e-01,4.629535790391893779e-01,5.635401298508289081e-01,3.088342675357211853e-01,2.114215817331226155e-01,5.284375511769937583e-01,-6.023126642308219703e-01,-3.515227965762874884e-01,-3.385226676986083927e-01,8.376884632219667726e-01,1.207113186278534200e-01
-6.565885804499194123e-02,5.031122661714784172e-01,2.471199873984508966e-01,-1.107720990905468744e-01,-1.554474169391130145e-01,6.676089800000000185e-01,-3.983804253559129482e-01,-4.517982459457482031e-02,-1.983609577912018862e-01,7.277408014201945941e-01,1.352360338603309509e-01,4.563170857057984309e-01,-6.818648578889574541e-02,4.861772785350577664e-01,-2.929142515053945184e-01,-3.807951554514762416e-01,5.298742714701158985e-01,2.546576685838252696e-01,-6.314639732095822522e-01,-4.305797336675538101e-01,-2.404788794973765076e-01,2.044549690680444176e-01,6.685671006891075185e-01,-2.543563016068259852e-01,-5.455248573065213380e-02,-2.094122198202287011e-01,-1.779550025574435160e-02,1.236703373119097255e-01,1.000000000000000000e+00,-2.555401741924316905e-01,-2.859729314510269793e-01,-5.022171211028303439e-01,7.863911344315176466e-01,-2.140804065609541729e-01,-1.752735425339288500e-01,-7.061450811087993662e-01,-6.357616451862603268e-01,4.191838384439391940e-01,-4.253740317830831952e-01
2.071361508877645474e-01,2.215145544996808408e-02,3.617888898444169277e-01,-1.396187182272363714e-01,1.581272087865226161e-01,-3.767843999999997973e-02,7.780269417850269598e-01,-2.200867816602700422e-01,2.809946011445435543e-01,-2.904515959165101524e-01,1.726208405056992301e-01,-4.769997134293983421e-01,-5.587317153207742582e-01,-4.598932938351759647e-01,4.122715892588982856e-01,2.875549440484119201e-01,-3.922291361565191092e-01,2.104994209201171418e-01,-9.977970794600315996e-02,5.160946990130928225e-02,1.616055187856614561e-01,1.395152672154948981e-01,-2.823253872391111308e-02,8.021131649011163933e-01,3.317430193329469479e-02,4.817320047216460122e-01,3.655274390441058951e-01,4.629535790391893779e-01,-2.555401741924316905e-01,1.000000000000000000e+00,2.269612426135288741e-01,3.349697963994219263e-01,-2.357635232435772998e-01,9.884054155138076447e-02,-4.461923676729588339e-01,1.861083856160710981e-01,2.554423780718072523e-01,2.367240407394088086e-01,-5.477221622071509755e-02
-6.358120501670427860e-02,4.406346781111907251e-01,5.536896160421983515e-01,4.633045289826248636e-01,8.090641143145341774e-01,8.689847999999988915e-02,5.392543600515387059e-01,-2.637689836187345205e-01,-3.243707815649171655e-01,-4.742307346404300294e-01,8.122526108528201894e-01,-3.412916119085170341e-01,-6.658449051058805690e-01,1.708509732029829808e-01,4.746372179436247896e-01,-2.583170663855136606e-01,-6.456245568176506300e-01,5.467825472429266309e-01,-1.945107155859907705e-02,2.092253270998331027e-01,7.775469530864665968e-01,-3.049308105227871435e-02,1.161058167702964522e-01,1.123288338563230293e-01,4.881341067884442664e-01,7.373970294987436391e-02,-3.273186183281545092e-01,5.635401298508289081e-01,-2.859729314510269793e-01,2.269612426135288741e-01,1.000000000000000000e+00,6.573318459340470044e-02,-4.260541232549210355e-01,7.776957097757267734e-01,-1.373274941498429103e-01,1.522512219291550506e-01,1.317047809345540076e-02,5.956078959103078274e-01,5.675404155197659728e-01
-2.410832096593534257e-01,-2.711457327880197887e-01,1.376106100722546133e-01,-3.488413415697091402e-01,1.800111747451641486e-01,-2.760097200000000139e-01,6.068060180968580797e-01,-2.522928010442682112e-01,2.364246661882057066e-01,-5.364762927846669083e-01,-9.228343400683287900e-02,-4.616864089018291040e-01,-7.771270462596928386e-02,-6.860678755530698059e-01,5.281933361521690129e-02,4.939930559560538614e-01,-3.082480940400290637e-01,-7.496162412808345110e-02,9.241033154945961503e-02,2.697317621959867753e-02,-3.466462600585046294e-01,4.996478413541419195e-01,-2.311920962734191065e-01,6.396307597396497790e-01,1.746929517093440687e-01,1.280561576087116959e-01,1.852987780883713631e-01,3.088342675357211853e-01,-5.022171211028303439e-01,3.349697963994219263e-01,6.573318459340470044e-02,1.000000000000000000e+00,-3.884296470955541647e-01,2.560065825425725250e-01,-1.106555105593241689e-01,5.163701684736179409e-01,4.917049607476078332e-01,-1.161021708092367100e-01,3.432326950525393938e-01
7.740782711635080249e-02,5.131457715762967053e-01,3.417681592699199911e-01,-1.098401143625521437e-01,-2.901425645863057734e-01,8.337037400000000265e-01,-3.235070743105297186e-01,-2.977121398817887399e-01,-2.969270779911145075e-01,7.774700235645558566e-01,1.035782270110754688e-01,7.454004605624283686e-01,-3.461875660894338930e-02,2.599026319400373208e-01,-7.317630743012619732e-01,-6.313015279930902501e-01,4.050423570797245243e-01,4.065510325857166207e-01,-8.273840950461398558e-01,-4.480285162503327423e-01,-3.452958226361051430e-01,3.875258804727582662e-01,7.983376131798950448e-01,-4.693767431711445143e-02,-2.293062923975571210e-01,7.253818630114383832e-03,-1.141747168494611497e-01,2.114215817331226155e-01,7.863911344315176466e-01,-2.357635232435772998e-01,-4.260541232549210355e-01,-3.884296470955541647e-01,1.000000000000000000e+00,-3.400637154690059893e-01,-4.594240478356292900e-01,-9.275610263583471404e-01,-7.737512835903342934e-01,2.950110546370786069e-01,-6.750513716963796318e-01
-4.642634432689696222e-01,3.082816727732825002e-01,4.659372735127571552e-01,-4.701567347857788653e-02,7.820251107921050160e-01,5.265049999999993346e-02,3.937078788623512571e-01,-1.050903304941297051e-01,-3.627179876014304249e-01,-5.564185534579252357e-01,6.258892603404718757e-01,-3.766135569668675465e-01,-4.990715404641221098e-01,-1.105499108625223326e-01,2.997684556440107229e-01,-1.514213142899229758e-01,-5.378430403438613228e-01,3.303800438933981454e-01,-3.047797158196637393e-02,3.155951259519052671e-02,3.827372238181666053e-01,1.570277781324384558e-01,1.161313393788541287e-01,4.877846532858344519e-02,5.719446194929492799e-01,-1.644069785364539460e-01,-3.665678427110345416e-01,5.284375511769937583e-01,-2.140804065609541729e-01,9.884054155138076447e-02,7.776957097757267734e-01,2.560065825425725250e-01,-3.400637154690059893e-01,1.000000000000000000e+00,9.294130517717420770e-02,1.309344922021310198e-01,7.306146202862222327e-02,4.646977040356294886e-01,7.091179686573830798e-01
-5.176812725411409355e-01,-4.280554007999290977e-01,-6.295399872347477999e-01,-1.374576343375975562e-01,9.448333783352011461e-02,-5.950922000000000711e-01,-6.011543227782255583e-01,6.758890456874606656e-01,-7.813760074507831999e-02,-2.644212304873870267e-01,-3.808026357864603972e-01,-3.624501022074645973e-01,4.738825133948059709e-01,2.191680569813552193e-01,3.355663219334546477e-01,3.958428298225768471e-01,3.430207755484029897e-01,-6.361386240121773561e-01,7.198000782628060090e-01,4.720552678620604237e-01,-1.889376309373121954e-01,-5.240953088897117862e-01,-5.399605442908963493e-01,-6.399316026174117766e-01,2.497077060668307924e-01,-7.506798253838994350e-01,2.761343343849417264e-01,-6.023126642308219703e-01,-1.752735425339288500e-01,-4.461923676729588339e-01,-1.373274941498429103e-01,-1.106555105593241689e-01,-4.594240478356292900e-01,9.294130517717420770e-02,1.000000000000000000e+00,4.349168495853279470e-01,3.583024362277485442e-01,-3.838786510524079820e-01,5.942632427194408651e-01
-8.040265415760361467e-03,-6.824133732282676723e-01,-4.951562995582950988e-01,-4.882375769836935081e-02,2.527203038513211458e-02,-8.983980000000000299e-01,2.681236492211369615e-01,3.441658757692471760e-01,5.276603016352146014e-01,-6.588494497802381833e-01,-3.569037997410605678e-01,-6.687895301578985485e-01,2.100322956254727369e-01,-3.861656143700862853e-01,6.304568670144869991e-01,8.042067172386845320e-01,-2.342515023454811718e-01,-5.841322432543889498e-01,8.422010586455918046e-01,3.120060031504675591e-01,1.045338031822814207e-01,-3.056548031576999946e-01,-8.707200623203616985e-01,9.307689259560275596e-02,3.837946413738450163e-02,6.242782746464563964e-02,1.860363340961491974e-01,-3.515227965762874884e-01,-7.061450811087993662e-01,1.861083856160710981e-01,1.522512219291550506e-01,5.163701684736179409e-01,-9.275610263583471404e-01,1.309344922021310198e-01,4.349168495853279470e-01,1.000000000000000000e+00,8.457861183837551700e-01,-4.849879789848334233e-01,5.345803116888487860e-01
-1.340444405967924912e-01,-7.821108276390841274e-01,-5.264174563893021519e-01,-3.161034993531088300e-01,-1.120929933775764581e-01,-8.806777799999999656e-01,2.755274984478113254e-01,6.700813254590612389e-02,4.576274214813773056e-01,-7.230815842536771898e-01,-5.011203607669943993e-01,-6.148820970732395974e-01,3.663137303726802241e-01,-5.569722969571729854e-01,5.315308072385661609e-01,7.863781062058723403e-01,-2.801875420610271394e-01,-7.078453077571763563e-01,7.365885400229893465e-01,1.411878814263358151e-01,4.404759841976708251e-02,-1.871131161749979288e-01,-8.569879037878468386e-01,1.982185310413830948e-01,1.412073428229726479e-01,3.611029934931484636e-02,1.609105118224241904e-01,-3.385226676986083927e-01,-6.357616451862603268e-01,2.554423780718072523e-01,1.317047809345540076e-02,4.917049607476078332e-01,-7.737512835903342934e-01,7.306146202862222327e-02,3.583024362277485442e-01,8.457861183837551700e-01,1.000000000000000000e+00,-4.901010944318884843e-01,4.186513149644310317e-01
-2.283429138459868724e-01,9.065723987897700287e-01,8.927020046130464959e-01,1.267347171329589739e-01,7.113231440355447521e-01,7.191159400000000090e-01,3.533707146207926142e-01,-4.676654647148409394e-01,-5.358869695117702836e-01,1.386226319862397249e-01,8.898339867375698597e-01,-1.504831580732293034e-02,-7.873433759673589272e-01,3.936959547642950863e-01,1.661959794685737568e-01,-4.399747034014427349e-01,-9.400478526029187876e-02,8.232218561904226517e-01,-6.778414305882016766e-01,-1.126826708879117428e-01,2.881884830875562908e-01,4.017653691624453183e-01,7.695019075737681291e-01,1.763372011206998102e-01,5.365593479670497379e-01,-1.341610714141444338e-01,-4.724719521038345249e-02,8.376884632219667726e-01,4.191838384439391940e-01,2.367240407394088086e-01,5.956078959103078274e-01,-1.161021708092367100e-01,2.950110546370786069e-01,4.646977040356294886e-01,-3.838786510524079820e-01,-4.849879789848334233e-01,-4.901010944318884843e-01,1.000000000000000000e+00,1.410924219338435259e-01
-6.165350460237243313e-01,-5.917209477696729752e-02,2.809378531889239472e-02,8.152552660083883795e-03,7.198183969337501598e-01,-3.974030200000000512e-01,1.334479407435345544e-01,1.410151277860423602e-01,-2.983334442877573212e-01,-6.977147512266922424e-01,2.517491523941280951e-01,-6.363613966694409152e-01,-1.547560234726394202e-01,3.904260434107251904e-02,5.351491197322906235e-01,2.495521720005400845e-01,-2.561430240241270861e-01,-9.633423168116424240e-02,4.647240211805217514e-01,5.141287935535436837e-01,1.931776376312505650e-01,-1.518725968477946109e-01,-3.125307711169846847e-01,-1.159520042615209967e-01,6.486304689393623812e-01,-5.466096852041266718e-01,1.209247238443290767e-01,1.207113186278534200e-01,-4.253740317830831952e-01,-5.477221622071509755e-02,5.675404155197659728e-01,3.432326950525393938e-01,-6.750513716963796318e-01,7.091179686573830798e-01,5.942632427194408651e-01,5.345803116888487860e-01,4.186513149644310317e-01,1.410924219338435259e-01,1.000000000000000000e+00
