1.000000000000000000e+00,-4.013481516204504551e-01,4.397357818928150364e-01,2.731128729270392852e-01,-3.707375634431720468e-01,8.050947479072567692e-01,-3.670305435443076969e-01,-3.741151929291975931e-01,-8.261330846861065780e-01,-5.164168000000000092e-01,4.065953931653646519e-02,4.736772992562713336e-01,-5.040717662833535950e-01,5.064663886425679884e-01,6.890409019229079557e-02,5.043644506108450054e-01,4.028443136598919283e-03,-6.683925272552927732e-02,1.924274787139185483e-01,-4.181115914569099035e-01,2.913332029194596329e-01,5.417805693006132461e-01,-5.495801217206478517e-01,3.569376706843346847e-01,5.489797356493227865e-01,-1.385912543099807326e-01,-5.484655553691839547e-01,1.332651916179753392e-02,1.804733216444039945e-01,1.673233049736125577e-01,2.486139429321006789e-01,-5.618725063058810365e-01,1.083418421275985644e-01,-2.827818526089811435e-01,3.270005158103935772e-01,1.550726617053655443e-01,6.422145818550123453e-01,4.390659261469937458e-01,-1.853360871297990708e-01
-4.013481516204504551e-01,1.000000000000000000e+00,-3.663830681659149824e-01,-9.164519826590106222e-02,4.827443507917333343e-01,-4.021460312398127956e-01,3.621571854029518867e-01,-3.881456551067795080e-01,7.355203471890653377e-01,6.924460800000000749e-01,5.719970783328731656e-01,-6.729287557395604580e-01,8.257682248177500295e-01,-9.025278726238018523e-01,-4.851715612103489339e-01,-8.752102495819368277e-01,6.246448487872210409e-01,-1.309598234688677254e-01,-3.918471242613243838e-02,4.771803935671660724e-01,-3.532724304818315453e-01,-8.933996489167674859e-01,6.375065277149135623e-01,-3.827353662104370224e-01,-7.649907545355690841e-01,3.382792219325805316e-01,3.634486124113552319e-01,7.941600477753434362e-01,4.789084912136093442e-02,4.284919075971287405e-01,5.565942235910210228e-02,9.370632574500467049e-01,-3.014538645094523850e-01,7.970580425918232237e-01,-1.778231070504060485e-01,-2.952563811642715530e-01,-9.291230890240291806e-01,-1.666096523318929823e-01,5.595681253548981382e-02
4.397357818928150364e-01,-3.663830681659149824e-01,1.000000000000000000e+00,2.328191301350913400e-01,1.756543264186416486e-01,5.748630498123482591e-01,3.047881217461403947e-01,2.438372680927272385e-01,-2.926284045890988894e-01,-7.294800000000045692e-03,2.224158445488168545e-01,6.471435635166397082e-01,-1.169762251457967007e-02,5.324850340044424701e-01,-1.182411387613200721e-01,1.613924758879830557e-01,-2.811252626245345221e-01,2.130243581143611842e-01,1.884673695902252810e-01,-2.323499608970628488e-02,-3.261950688310687463e-01,2.091198843079532521e-01,2.305020615530523759e-02,-3.483088297579613468e-01,-2.743280952122403860e-02,-5.018451168530098094e-01,1.324405211898774942e-02,-9.989185103772614538e-02,-2.899773963477407235e-01,-4.032590374924335808e-01,7.737453861569043578e-01,-3.124817237292735195e-01,-1.166877426905849474e-01,-6.795986779845556436e-01,1.426620107708159854e-03,-8.013370346256676671e-03,4.654056459675056656e-01,-1.333698373197749476e-01,2.954628113073518025e-01
2.731128729270392852e-01,-9.164519826590106222e-02,2.328191301350913400e-01,1.000000000000000000e+00,-5.404038691068586975e-02,8.539844914160796274e-02,-1.465402085027417145e-01,-4.719746056408629098e-01,-9.113797460198153066e-02,-8.860259999999997582e-02,4.018020072776154472e-01,5.591307258146738235e-02,1.288701997336420130e-02,6.511318152502831857e-03,-6.224984055401439065e-01,1.145564961593720232e-01,-2.498883469614726904e-01,2.548236828570550894e-01,4.499939738455704941e-01,5.444746037862513433e-02,3.060582582839624921e-01,2.466020285242838742e-02,4.933674467619778015e-02,6.027007881603518857e-02,-1.483848516145365448e-02,3.852776096095328340e-01,-6.769725519477493014e-03,1.642677855631344830e-01,3.836529219134097723e-01,3.023005275607909548e-01,3.032857651742433269e-01,-8.009321889227812019e-02,1.194681879597682406e-01,1.697633136759272299e-01,-1.129607756878883706e-02,4.216469010667767137e-02,1.339567882730954285e-01,2.675919915040538832e-01,9.061410578998840837e-03
-3.707375634431720468e-01,4.827443507917333343e-01,1.756543264186416486e-01,-5.404038691068586975e-02,1.000000000000000000e+00,2.383130915890294826e-02,9.737895042725753791e-01,2.343163054159876080e-01,6.848400726405449168e-01,9.565240399999999088e-01,7.697381383446297853e-01,8.189933078874914174e-02,8.311295641973900361e-01,-2.025463956526785125e-01,-6.695530456493810068e-01,-3.141716633371035572e-01,4.371388854095394350e-01,6.576287183541368320e-01,5.736932111528678657e-01,8.423062820913225224e-01,-8.953620092505731876e-01,-7.863029342496044016e-01,9.357135042686940407e-01,-8.369129333859041120e-01,-8.647445364982498939e-01,-5.165381612243949982e-01,6.821493504118470996e-01,4.225653534672573763e-01,-6.934108174188057250e-01,2.544254344463335316e-01,3.516474049326187012e-01,6.358394076479514379e-01,2.536725804049844712e-01,2.625939575530653602e-01,-6.497447892032243155e-01,-8.560277006393199883e-01,-4.253076657485440615e-01,-8.853640132811794183e-01,8.514155435635131219e-01
8.050947479072567692e-01,-4.021460312398127956e-01,5.748630498123482591e-01,8.539844914160796274e-02,2.383130915890294826e-02,1.000000000000000000e+00,4.991520868469721817e-02,-5.181534239511507295e-02,-6.041235103773900939e-01,-1.745771400000000195e-01,2.258705616521078097e-01,6.373799636913327626e-01,-2.647875934309586454e-01,5.700841458247161153e-01,-7.201420805778330214e-02,5.309515086122479355e-01,6.184045029143538097e-02,3.216407529825198175e-01,3.200194228430062737e-01,-1.389462508336786750e-01,-7.623716928433146856e-02,3.280676425199298696e-01,-2.141789531523555778e-01,9.214996492316530896e-03,2.931106892329090052e-01,-5.627203297054201858e-01,-2.029503752397646410e-01,-2.032393269906526342e-02,-2.571654476045865390e-01,9.953238662082622423e-02,4.274779976544563764e-01,-4.023215866847816291e-01,3.805683105776908048e-01,-3.455481702226411711e-01,6.957734215800043254e-02,-1.728000365236187219e-01,5.892886843914236783e-01,1.924298086787914683e-02,2.458284058642249970e-01
-3.670305435443076969e-01,3.621571854029518867e-01,3.047881217461403947e-01,-1.465402085027417145e-01,9.737895042725753791e-01,4.991520868469721817e-02,1.000000000000000000e+00,3.661206193119063146e-01,6.117226704528075931e-01,8.990424200000000088e-01,6.662612970144943247e-01,1.906401307996204442e-01,7.534210339068584394e-01,-6.301024268625265989e-02,-5.445148381256068593e-01,-2.647679859679302750e-01,3.140442219296271653e-01,6.054963426075788968e-01,4.959154735609516140e-01,7.869037205098623478e-01,-9.356601118974141595e-01,-6.797455471538087490e-01,8.738606549011206370e-01,-8.426082228874459679e-01,-8.103332722619293049e-01,-6.297224371545543375e-01,6.229027730174164779e-01,3.158584261417440309e-01,-7.444252376883864208e-01,9.785030495767446657e-02,3.764382332802272968e-01,5.188149941909284690e-01,1.856353406133846862e-01,6.525363227423150447e-02,-6.706512001903853770e-01,-7.941397769294097353e-01,-3.112338972248513413e-01,-9.234541319475002563e-01,8.433579925909943098e-01
-3.741151929291975931e-01,-3.881456551067795080e-01,2.438372680927272385e-01,-4.719746056408629098e-01,2.343163054159876080e-01,-5.181534239511507295e-02,3.661206193119063146e-01,1.000000000000000000e+00,1.395438602202145606e-01,1.273352000000000928e-01,-3.454138914594276910e-01,3.174845804641489022e-01,-4.077823839242540604e-02,4.203976611550537257e-01,3.527736711053585106e-01,2.565021252069127344e-01,-2.198246757400703910e-01,3.744371974200182418e-01,6.631754398739501954e-02,1.481940065913759652e-01,-4.186759830631083812e-01,1.371072589640303097e-01,1.290614761443509562e-01,-3.000076448940819374e-01,-4.807006348600978418e-02,-6.481946032600858221e-01,4.174436013331280781e-01,-6.738754695743757184e-01,-7.049566093623578222e-01,-6.799488877914380280e-01,9.769721201590558790e-02,-1.830931525894598788e-01,1.725463825371922333e-01,-6.206839404701232077e-01,-4.507092118460480357e-02,-1.862010954084052095e-01,2.156086133390641979e-01,-5.361864915986385149e-01,4.431514395305171106e-01
-8.261330846861065780e-01,7.355203471890653377e-01,-2.926284045890988894e-01,-9.113797460198153066e-02,6.848400726405449168e-01,-6.041235103773900939e-01,6.117226704528075931e-01,1.395438602202145606e-01,1.000000000000000000e+00,8.410905200000000637e-01,4.536386632399691532e-01,-4.932649170225032464e-01,8.792175771633757853e-01,-7.199090755186038360e-01,-4.832508943782217736e-01,-7.201893229574525268e-01,3.955319560220355024e-01,2.609004480519966918e-01,9.460630070156965388e-02,6.914808205776494798e-01,-5.472873201831027767e-01,-8.938594367195475954e-01,8.493092774481298957e-01,-6.319844222813728596e-01,-8.725463710462249001e-01,1.052121567758676907e-01,7.418636899749914138e-01,3.823652950898871472e-01,-2.906079990671098789e-01,9.797236888128604826e-02,7.752347566321739214e-02,8.840045121924202665e-01,-1.009492004223893485e-01,5.447369983878810329e-01,-3.527316528979847488e-01,-4.375617772541489647e-01,-8.603589480047466598e-01,-5.326680342501053378e-01,4.113811761721637983e-01
-5.164168000000000092e-01,6.924460800000000749e-01,-7.294800000000045692e-03,-8.860259999999997582e-02,9.565240399999999088e-01,-1.745771400000000195e-01,8.990424200000000088e-01,1.273352000000000928e-01,8.410905200000000637e-01,1.000000000000000000e+00,7.507803799999999139e-01,-1.569687600000000405e-01,9.440855200000000114e-01,-4.742365200000000502e-01,-6.687084400000000706e-01,-5.442150000000000043e-01,5.117006600000000294e-01,5.091457999999999817e-01,4.132313000000000791e-01,8.517272799999999755e-01,-8.248577599999999954e-01,-9.271568599999999716e-01,9.780819999999998959e-01,-8.018544199999999567e-01,-9.547113200000000299e-01,-2.931110399999999894e-01,7.306926600000001049e-01,5.240639600000001064e-01,-5.684992200000000828e-01,2.714177200000000845e-01,2.953292199999999479e-01,8.294372599999999540e-01,1.016719200000000267e-01,4.528380800000000317e-01,-5.825114000000000125e-01,-7.681987000000000121e-01,-6.705675600000000625e-01,-7.861439799999999645e-01,7.098760600000000309e-01
4.065953931653646519e-02,5.719970783328731656e-01,2.224158445488168545e-01,4.018020072776154472e-01,7.697381383446297853e-01,2.258705616521078097e-01,6.662612970144943247e-01,-3.454138914594276910e-01,4.536386632399691532e-01,7.507803799999999139e-01,1.000000000000000000e+00,-5.631887363317662765e-02,7.458168208423163748e-01,-3.184226182617033718e-01,-9.186036951733295153e-01,-3.467234516040156866e-01,5.090893327209274899e-01,4.890035021186445174e-01,6.222892920853169141e-01,6.146314672989551253e-01,-5.729832563100413223e-01,-7.273528230265881023e-01,7.423032903936579441e-01,-6.375427471478957164e-01,-7.188637269287179166e-01,-1.471589028262471621e-01,3.908195182875091600e-01,7.682733555611827025e-01,-2.156443495429934964e-01,6.151089774222512352e-01,4.342791976239711027e-01,5.976079621175034440e-01,2.203535695356958202e-01,5.115309331952784255e-01,-4.401727046447675429e-01,-6.519623899853762561e-01,-3.839583684930519825e-01,-4.266717171824292998e-01,5.850546435810012325e-01
4.736772992562713336e-01,-6.729287557395604580e-01,6.471435635166397082e-01,5.591307258146738235e-02,8.189933078874914174e-02,6.373799636913327626e-01,1.906401307996204442e-01,3.174845804641489022e-01,-4.932649170225032464e-01,-1.569687600000000405e-01,-5.631887363317662765e-02,1.000000000000000000e+00,-3.104189459692421327e-01,7.827072492604739695e-01,1.123666404011918751e-01,6.270130845622734483e-01,-3.012042926114063546e-01,4.330430493886387455e-01,3.059123263682602678e-01,4.197506197326830724e-02,-1.781857666397468343e-01,4.404592069534479237e-01,-1.167047358079644354e-01,-9.508647164811148689e-02,2.617625083427270738e-01,-6.556983907194893213e-01,-1.313478541509774215e-02,-4.520962300816543378e-01,-5.017203777930433484e-01,-3.126777848105768420e-01,4.181818583086332475e-01,-5.552810534697524281e-01,2.328028265254724616e-01,-6.997723835005690285e-01,-1.573218516420443469e-01,-2.410482669331316941e-01,6.949764218502937352e-01,-2.851705325693422166e-01,3.706730448051052673e-01
-5.040717662833535950e-01,8.257682248177500295e-01,-1.169762251457967007e-02,1.288701997336420130e-02,8.311295641973900361e-01,-2.647875934309586454e-01,7.534210339068584394e-01,-4.077823839242540604e-02,8.792175771633757853e-01,9.440855200000000114e-01,7.458168208423163748e-01,-3.104189459692421327e-01,1.000000000000000000e+00,-6.779729285900010227e-01,-6.865113828815154751e-01,-7.500674525701790385e-01,5.097805292167887359e-01,3.230302919984273657e-01,2.458877078427025853e-01,7.819674351034818782e-01,-6.916713747469378504e-01,-9.752128844795875384e-01,9.361373723793701140e-01,-7.315689559765656824e-01,-9.817007008339186935e-01,-3.926295290988918163e-02,7.108255141844815883e-01,6.144155439817891029e-01,-3.725030218278191363e-01,2.219465890013420095e-01,3.904864293513952700e-01,9.327384982634675525e-01,-1.360242620898824972e-01,5.402100729758476660e-01,-4.228324380193924648e-01,-5.766956168918087045e-01,-8.171907152590759393e-01,-5.665995953356335324e-01,5.069439616826360018e-01
5.064663886425679884e-01,-9.025278726238018523e-01,5.324850340044424701e-01,6.511318152502831857e-03,-2.025463956526785125e-01,5.700841458247161153e-01,-6.301024268625265989e-02,4.203976611550537257e-01,-7.199090755186038360e-01,-4.742365200000000502e-01,-3.184226182617033718e-01,7.827072492604739695e-01,-6.779729285900010227e-01,1.000000000000000000e+00,3.448431579121465362e-01,8.693857351225912078e-01,-4.502393417894260397e-01,2.452353228546725328e-01,2.606967456857038901e-01,-3.165514776090915250e-01,3.705905554180993766e-02,7.632426456460859043e-01,-4.656055540526156666e-01,1.606401113702643491e-01,5.986556870754338178e-01,-6.175712405511092351e-01,-3.589302467353936432e-01,-5.962344336752641860e-01,-2.517453071127409014e-01,-2.788769448800133555e-01,2.977845649673271922e-02,-8.796673523790217164e-01,3.738487478297355393e-01,-8.123593350942150959e-01,-8.539841505325607152e-03,2.081390806405564176e-02,9.592053684372876532e-01,-8.753160661157900757e-02,1.813169021289060545e-01
6.890409019229079557e-02,-4.851715612103489339e-01,-1.182411387613200721e-01,-6.224984055401439065e-01,-6.695530456493810068e-01,-7.201420805778330214e-02,-5.445148381256068593e-01,3.527736711053585106e-01,-4.832508943782217736e-01,-6.687084400000000706e-01,-9.186036951733295153e-01,1.123666404011918751e-01,-6.865113828815154751e-01,3.448431579121465362e-01,1.000000000000000000e+00,2.752369737358465462e-01,-2.934237653872593388e-01,-5.420098916918004717e-01,-6.529926638844663067e-01,-6.591138183275491169e-01,3.605846205289242046e-01,6.728846367694707453e-01,-7.222881580209270513e-01,4.857796369885217236e-01,6.854306367100436725e-01,-2.184338603957774669e-02,-4.322921892428674973e-01,-6.171725871667469443e-01,1.027855636836947084e-01,-5.815918598802951589e-01,-3.613426401971250312e-01,-5.571791606172269429e-01,-2.298937813625574200e-01,-5.473252587361697730e-01,4.655120038519012793e-01,5.770326746733298595e-01,3.768226510995431044e-01,3.623948616332215988e-01,-5.072978324020185337e-01
5.043644506108450054e-01,-8.752102495819368277e-01,1.613924758879830557e-01,1.145564961593720232e-01,-3.141716633371035572e-01,5.309515086122479355e-01,-2.647679859679302750e-01,2.565021252069127344e-01,-7.201893229574525268e-01,-5.442150000000000043e-01,-3.467234516040156866e-01,6.270130845622734483e-01,-7.500674525701790385e-01,8.693857351225912078e-01,2.752369737358465462e-01,1.000000000000000000e+00,-3.412698126499719709e-01,3.468961067918664987e-01,3.627371648209689048e-01,-3.017560086345526527e-01,2.778936194338708088e-01,7.578057117798739917e-01,-5.237325964329330175e-01,3.876597985192218321e-01,7.004483076029357491e-01,-4.294758174792289163e-01,-3.328443616926530790e-01,-6.255864815539080581e-01,-1.446685343624076470e-01,-3.918661079842900019e-02,-1.986084691543774094e-01,-8.379408758055186812e-01,6.136459406404313199e-01,-5.200077986355085002e-01,2.786595995781172841e-02,-1.249476658728750425e-02,8.927106548781775786e-01,3.004958652728300164e-02,1.249058136478064379e-01
4.028443136598919283e-03,6.246448487872210409e-01,-2.811252626245345221e-01,-2.498883469614726904e-01,4.371388854095394350e-01,6.184045029143538097e-02,3.140442219296271653e-01,-2.198246757400703910e-01,3.955319560220355024e-01,5.117006600000000294e-01,5.090893327209274899e-01,-3.012042926114063546e-01,5.097805292167887359e-01,-4.502393417894260397e-01,-2.934237653872593388e-01,-3.412698126499719709e-01,1.000000000000000000e+00,1.670629163107053561e-01,2.497373469339149721e-01,2.706090787866047287e-01,-4.713047451994487047e-01,-5.793727328022787448e-01,3.825060042264742388e-01,-4.165740111928534772e-01,-3.847233094436947054e-01,-6.090556444316556212e-02,2.919660955411529368e-01,5.872468889607275200e-01,-2.194414994907962213e-01,5.159936181256952192e-01,-3.029797781615051894e-02,5.717633476378781721e-01,1.979016886542372677e-01,5.884261218708405350e-01,1.766684568389895529e-02,-4.602055264378202559e-01,-4.885408939223775393e-01,-2.091703051727315243e-01,3.149637638672586615e-01
-6.683925272552927732e-02,-1.309598234688677254e-01,2.130243581143611842e-01,2.548236828570550894e-01,6.576287183541368320e-01,3.216407529825198175e-01,6.054963426075788968e-01,3.744371974200182418e-01,2.609004480519966918e-01,5.091457999999999817e-01,4.890035021186445174e-01,4.330430493886387455e-01,3.230302919984273657e-01,2.452353228546725328e-01,-5.420098916918004717e-01,3.468961067918664987e-01,1.670629163107053561e-01,1.000000000000000000e+00,8.241152404120586361e-01,5.984395038562111413e-01,-4.994600846169404140e-01,-2.708152755498045572e-01,5.642187146518816698e-01,-5.185087538881747449e-01,-3.524146205338466453e-01,-5.739716483368174638e-01,6.462927051217632890e-01,-1.288976531899204414e-01,-7.149948385226568837e-01,1.384527958151369753e-01,3.428630111726946872e-01,1.209824980925990612e-01,7.105527720028711469e-01,-5.222901473630406008e-03,-3.734137678180898812e-01,-7.658797101804266649e-01,9.513444735563601762e-02,-6.731069818815327288e-01,8.832275748850344499e-01
1.924274787139185483e-01,-3.918471242613243838e-02,1.884673695902252810e-01,4.499939738455704941e-01,5.736932111528678657e-01,3.200194228430062737e-01,4.959154735609516140e-01,6.631754398739501954e-02,9.460630070156965388e-02,4.132313000000000791e-01,6.222892920853169141e-01,3.059123263682602678e-01,2.458877078427025853e-01,2.606967456857038901e-01,-6.529926638844663067e-01,3.627371648209689048e-01,2.497373469339149721e-01,8.241152404120586361e-01,1.000000000000000000e+00,5.314296228397780153e-01,-4.088016558754490881e-01,-2.191835341403317317e-01,4.378171345826096239e-01,-3.604741230195689372e-01,-2.838589558919082378e-01,-4.196950013253291645e-01,3.207915028371912114e-01,1.155237738153994803e-01,-4.530765556646559888e-01,4.508497139679115695e-01,2.075028189674721080e-01,4.212769754025281338e-02,6.398690608803412339e-01,1.292672653667431837e-01,-3.647707205056489599e-01,-7.393162005184328311e-01,1.717478130194595165e-01,-5.159786853579089172e-01,7.364794024314191834e-01
-4.181115914569099035e-01,4.771803935671660724e-01,-2.323499608970628488e-02,5.444746037862513433e-02,8.423062820913225224e-01,-1.389462508336786750e-01,7.869037205098623478e-01,1.481940065913759652e-01,6.914808205776494798e-01,8.517272799999999755e-01,6.146314672989551253e-01,4.197506197326830724e-02,7.819674351034818782e-01,-3.165514776090915250e-01,-6.591138183275491169e-01,-3.017560086345526527e-01,2.706090787866047287e-01,5.984395038562111413e-01,5.314296228397780153e-01,1.000000000000000000e+00,-6.256769011329725849e-01,-7.466532301416429762e-01,8.685616102440131270e-01,-5.077621701286996192e-01,-8.375074334600887127e-01,-3.051210575861683649e-01,6.594322595608880233e-01,2.518968867819283419e-01,-6.018067625892573602e-01,1.926935834834007100e-01,2.630907343667364118e-01,6.495192815467891734e-01,5.781359509731350682e-02,3.446671661461908065e-01,-6.624676551605808150e-01,-7.825505748954401097e-01,-4.938934498835629294e-01,-7.838688597997501839e-01,6.473113944469127690e-01
2.913332029194596329e-01,-3.532724304818315453e-01,-3.261950688310687463e-01,3.060582582839624921e-01,-8.953620092505731876e-01,-7.623716928433146856e-02,-9.356601118974141595e-01,-4.186759830631083812e-01,-5.472873201831027767e-01,-8.248577599999999954e-01,-5.729832563100413223e-01,-1.781857666397468343e-01,-6.916713747469378504e-01,3.705905554180993766e-02,3.605846205289242046e-01,2.778936194338708088e-01,-4.713047451994487047e-01,-4.994600846169404140e-01,-4.088016558754490881e-01,-6.256769011329725849e-01,1.000000000000000000e+00,6.118134201985736542e-01,-7.579626428700915186e-01,8.599635200777762112e-01,7.148845696823394880e-01,6.550986755588457111e-01,-5.661784616663152470e-01,-2.970994909066081435e-01,7.602063862516864612e-01,-2.127377259037538382e-02,-3.675227491087240672e-01,-4.718219705520581564e-01,-1.498934383277151228e-01,8.066039640564797927e-03,5.046212142311898852e-01,7.024240583288579032e-01,2.831932494627824037e-01,8.439295677537451690e-01,-8.006944903250269308e-01
5.417805693006132461e-01,-8.933996489167674859e-01,2.091198843079532521e-01,2.466020285242838742e-02,-7.863029342496044016e-01,3.280676425199298696e-01,-6.797455471538087490e-01,1.371072589640303097e-01,-8.938594367195475954e-01,-9.271568599999999716e-01,-7.273528230265881023e-01,4.404592069534479237e-01,-9.752128844795875384e-01,7.632426456460859043e-01,6.728846367694707453e-01,7.578057117798739917e-01,-5.793727328022787448e-01,-2.708152755498045572e-01,-2.191835341403317317e-01,-7.466532301416429762e-01,6.118134201985736542e-01,1.000000000000000000e+00,-9.063200891876292964e-01,6.536604821227176565e-01,9.454873681212355718e-01,-5.426203271838171693e-02,-6.576911134275790216e-01,-6.802596760683981003e-01,2.811369490777620439e-01,-3.657850816038530906e-01,-2.177307345403027006e-01,-9.717254668165576925e-01,6.907035142559514451e-02,-6.934686920006163380e-01,4.236960196249509036e-01,5.753153829704910072e-01,8.799553301259346316e-01,5.170121011028747660e-01,-4.420099963097553486e-01
-5.495801217206478517e-01,6.375065277149135623e-01,2.305020615530523759e-02,4.933674467619778015e-02,9.357135042686940407e-01,-2.141789531523555778e-01,8.738606549011206370e-01,1.290614761443509562e-01,8.493092774481298957e-01,9.780819999999998959e-01,7.423032903936579441e-01,-1.167047358079644354e-01,9.361373723793701140e-01,-4.656055540526156666e-01,-7.222881580209270513e-01,-5.237325964329330175e-01,3.825060042264742388e-01,5.642187146518816698e-01,4.378171345826096239e-01,8.685616102440131270e-01,-7.579626428700915186e-01,-9.063200891876292964e-01,1.000000000000000000e+00,-7.950923139739565215e-01,-9.578297725714262079e-01,-2.312805936051959832e-01,7.842586149713736132e-01,4.585588183656154615e-01,-5.460774284861019678e-01,2.224626772568881750e-01,3.520063486075598602e-01,8.077242277809305593e-01,1.003919438913969120e-01,4.286158633345122926e-01,-5.805812788735613683e-01,-7.554280198942352476e-01,-6.532132828883421283e-01,-7.685158354916020729e-01,7.074098530420525055e-01
3.569376706843346847e-01,-3.827353662104370224e-01,-3.483088297579613468e-01,6.027007881603518857e-02,-8.369129333859041120e-01,9.214996492316530896e-03,-8.426082228874459679e-01,-3.000076448940819374e-01,-6.319844222813728596e-01,-8.018544199999999567e-01,-6.375427471478957164e-01,-9.508647164811148689e-02,-7.315689559765656824e-01,1.606401113702643491e-01,4.857796369885217236e-01,3.876597985192218321e-01,-4.165740111928534772e-01,-5.185087538881747449e-01,-3.604741230195689372e-01,-5.077621701286996192e-01,8.599635200777762112e-01,6.536604821227176565e-01,-7.950923139739565215e-01,1.000000000000000000e+00,7.209834199055645820e-01,4.183784639829339347e-01,-6.727677848922464232e-01,-3.695100422554944419e-01,5.844130007650967240e-01,-3.108244521988223763e-02,-4.665088386555908961e-01,-5.281808563262877509e-01,-1.676570907950571676e-01,-7.676624202090731597e-02,3.114767136052509766e-01,6.186728374529310015e-01,3.623634258832790778e-01,6.867327796742581647e-01,-7.657024121653663862e-01
5.489797356493227865e-01,-7.649907545355690841e-01,-2.743280952122403860e-02,-1.483848516145365448e-02,-8.647445364982498939e-01,2.931106892329090052e-01,-8.103332722619293049e-01,-4.807006348600978418e-02,-8.725463710462249001e-01,-9.547113200000000299e-01,-7.188637269287179166e-01,2.617625083427270738e-01,-9.817007008339186935e-01,5.986556870754338178e-01,6.854306367100436725e-01,7.004483076029357491e-01,-3.847233094436947054e-01,-3.524146205338466453e-01,-2.838589558919082378e-01,-8.375074334600887127e-01,7.148845696823394880e-01,9.454873681212355718e-01,-9.578297725714262079e-01,7.209834199055645820e-01,1.000000000000000000e+00,1.092561748393843651e-01,-7.078446460301066612e-01,-5.435834935102390464e-01,4.205178021391146048e-01,-1.724043538905060124e-01,-3.788067001645853416e-01,-8.833951396118076005e-01,1.399423248082768412e-01,-4.602589061677008764e-01,5.229387243383472050e-01,6.043721498475133069e-01,7.622240644423653455e-01,6.514414224974166556e-01,-5.384365221381632871e-01
-1.385912543099807326e-01,3.382792219325805316e-01,-5.018451168530098094e-01,3.852776096095328340e-01,-5.165381612243949982e-01,-5.627203297054201858e-01,-6.297224371545543375e-01,-6.481946032600858221e-01,1.052121567758676907e-01,-2.931110399999999894e-01,-1.471589028262471621e-01,-6.556983907194893213e-01,-3.926295290988918163e-02,-6.175712405511092351e-01,-2.184338603957774669e-02,-4.294758174792289163e-01,-6.090556444316556212e-02,-5.739716483368174638e-01,-4.196950013253291645e-01,-3.051210575861683649e-01,6.550986755588457111e-01,-5.426203271838171693e-02,-2.312805936051959832e-01,4.183784639829339347e-01,1.092561748393843651e-01,1.000000000000000000e+00,-2.247168160590659047e-01,2.547870492873257064e-01,8.347891236023954331e-01,1.942653582411985325e-01,-2.759797967268745045e-01,2.037447602687273429e-01,-4.208467144686866002e-01,5.214574378608675120e-01,3.760750535209666512e-01,5.458953535851445160e-01,-4.056886012190649149e-01,7.094163492441970531e-01,-6.995390868537700868e-01
-5.484655553691839547e-01,3.634486124113552319e-01,1.324405211898774942e-02,-6.769725519477493014e-03,6.821493504118470996e-01,-2.029503752397646410e-01,6.229027730174164779e-01,4.174436013331280781e-01,7.418636899749914138e-01,7.306926600000001049e-01,3.908195182875091600e-01,-1.313478541509774215e-02,7.108255141844815883e-01,-3.589302467353936432e-01,-4.322921892428674973e-01,-3.328443616926530790e-01,2.919660955411529368e-01,6.462927051217632890e-01,3.207915028371912114e-01,6.594322595608880233e-01,-5.661784616663152470e-01,-6.576911134275790216e-01,7.842586149713736132e-01,-6.727677848922464232e-01,-7.078446460301066612e-01,-2.247168160590659047e-01,1.000000000000000000e+00,8.179791409971765362e-03,-6.351258552623395559e-01,-1.543119649769964519e-01,4.486714050989430436e-01,6.285336040851993156e-01,1.876588446828129919e-01,1.952648047944887388e-01,-2.130548210908574380e-01,-5.590946947802303280e-01,-5.301547911166473170e-01,-6.039216567122571711e-01,6.422061837752699454e-01
1.332651916179753392e-02,7.941600477753434362e-01,-9.989185103772614538e-02,1.642677855631344830e-01,4.225653534672573763e-01,-2.032393269906526342e-02,3.158584261417440309e-01,-6.738754695743757184e-01,3.823652950898871472e-01,5.240639600000001064e-01,7.682733555611827025e-01,-4.520962300816543378e-01,6.144155439817891029e-01,-5.962344336752641860e-01,-6.171725871667469443e-01,-6.255864815539080581e-01,5.872468889607275200e-01,-1.288976531899204414e-01,1.155237738153994803e-01,2.518968867819283419e-01,-2.970994909066081435e-01,-6.802596760683981003e-01,4.585588183656154615e-01,-3.695100422554944419e-01,-5.435834935102390464e-01,2.547870492873257064e-01,8.179791409971765362e-03,1.000000000000000000e+00,2.505579727958137659e-01,7.224929089691513040e-01,8.053360074758240950e-02,6.445723060679271477e-01,-1.070542242770998881e-01,7.173171792531253255e-01,-2.392516262014245110e-01,-2.684591024520418534e-01,-5.676980787392055250e-01,-3.749727285273971034e-02,6.793917658099744850e-02
1.804733216444039945e-01,4.789084912136093442e-02,-2.899773963477407235e-01,3.836529219134097723e-01,-6.934108174188057250e-01,-2.571654476045865390e-01,-7.444252376883864208e-01,-7.049566093623578222e-01,-2.906079990671098789e-01,-5.684992200000000828e-01,-2.156443495429934964e-01,-5.017203777930433484e-01,-3.725030218278191363e-01,-2.517453071127409014e-01,1.027855636836947084e-01,-1.446685343624076470e-01,-2.194414994907962213e-01,-7.149948385226568837e-01,-4.530765556646559888e-01,-6.018067625892573602e-01,7.602063862516864612e-01,2.811369490777620439e-01,-5.460774284861019678e-01,5.844130007650967240e-01,4.205178021391146048e-01,8.347891236023954331e-01,-6.351258552623395559e-01,2.505579727958137659e-01,1.000000000000000000e+00,2.656992007481878137e-01,-3.710864127646377741e-01,-1.753376090827384881e-01,-3.271538313653112318e-01,2.830479302994727275e-01,3.509750059026475189e-01,7.241982309167002141e-01,-4.474737483474091823e-03,8.422566753830595943e-01,-8.081470062280574629e-01
1.673233049736125577e-01,4.284919075971287405e-01,-4.032590374924335808e-01,3.023005275607909548e-01,2.544254344463335316e-01,9.953238662082622423e-02,9.785030495767446657e-02,-6.799488877914380280e-01,9.797236888128604826e-02,2.714177200000000845e-01,6.151089774222512352e-01,-3.126777848105768420e-01,2.219465890013420095e-01,-2.788769448800133555e-01,-5.815918598802951589e-01,-3.918661079842900019e-02,5.159936181256952192e-01,1.384527958151369753e-01,4.508497139679115695e-01,1.926935834834007100e-01,-2.127377259037538382e-02,-3.657850816038530906e-01,2.224626772568881750e-01,-3.108244521988223763e-02,-1.724043538905060124e-01,1.942653582411985325e-01,-1.543119649769964519e-01,7.224929089691513040e-01,2.656992007481878137e-01,1.000000000000000000e+00,-3.308485893055427285e-01,2.916564140555638063e-01,4.187138017113098964e-01,7.619709070891756975e-01,-3.058685880730814821e-01,-3.997413001003443656e-01,-2.086265297204111246e-01,-2.495673659569741520e-02,1.253424669939952607e-01
2.486139429321006789e-01,5.565942235910210228e-02,7.737453861569043578e-01,3.032857651742433269e-01,3.516474049326187012e-01,4.274779976544563764e-01,3.764382332802272968e-01,9.769721201590558790e-02,7.752347566321739214e-02,2.953292199999999479e-01,4.342791976239711027e-01,4.181818583086332475e-01,3.904864293513952700e-01,2.977845649673271922e-02,-3.613426401971250312e-01,-1.986084691543774094e-01,-3.029797781615051894e-02,3.428630111726946872e-01,2.075028189674721080e-01,2.630907343667364118e-01,-3.675227491087240672e-01,-2.177307345403027006e-01,3.520063486075598602e-01,-4.665088386555908961e-01,-3.788067001645853416e-01,-2.759797967268745045e-01,4.486714050989430436e-01,8.053360074758240950e-02,-3.710864127646377741e-01,-3.308485893055427285e-01,1.000000000000000000e+00,1.831894736095593668e-01,-1.660876868758735247e-01,-2.784786998131518754e-01,3.772690213360341965e-02,-1.536692721218576863e-01,-3.199578818145300263e-02,-1.542931821997590436e-01,3.576925771155146094e-01
-5.618725063058810365e-01,9.370632574500467049e-01,-3.124817237292735195e-01,-8.009321889227812019e-02,6.358394076479514379e-01,-4.023215866847816291e-01,5.188149941909284690e-01,-1.830931525894598788e-01,8.840045121924202665e-01,8.294372599999999540e-01,5.976079621175034440e-01,-5.552810534697524281e-01,9.327384982634675525e-01,-8.796673523790217164e-01,-5.571791606172269429e-01,-8.379408758055186812e-01,5.717633476378781721e-01,1.209824980925990612e-01,4.212769754025281338e-02,6.495192815467891734e-01,-4.718219705520581564e-01,-9.717254668165576925e-01,8.077242277809305593e-01,-5.281808563262877509e-01,-8.833951396118076005e-01,2.037447602687273429e-01,6.285336040851993156e-01,6.445723060679271477e-01,-1.753376090827384881e-01,2.916564140555638063e-01,1.831894736095593668e-01,1.000000000000000000e+00,-1.889008953733227747e-01,7.334178038284013823e-01,-2.775004965169930449e-01,-4.216530071534629331e-01,-9.592627006738877471e-01,-3.577025017604307244e-01,2.663159007623438490e-01
1.083418421275985644e-01,-3.014538645094523850e-01,-1.166877426905849474e-01,1.194681879597682406e-01,2.536725804049844712e-01,3.805683105776908048e-01,1.856353406133846862e-01,1.725463825371922333e-01,-1.009492004223893485e-01,1.016719200000000267e-01,2.203535695356958202e-01,2.328028265254724616e-01,-1.360242620898824972e-01,3.738487478297355393e-01,-2.298937813625574200e-01,6.136459406404313199e-01,1.979016886542372677e-01,7.105527720028711469e-01,6.398690608803412339e-01,5.781359509731350682e-02,-1.498934383277151228e-01,6.907035142559514451e-02,1.003919438913969120e-01,-1.676570907950571676e-01,1.399423248082768412e-01,-4.208467144686866002e-01,1.876588446828129919e-01,-1.070542242770998881e-01,-3.271538313653112318e-01,4.187138017113098964e-01,-1.660876868758735247e-01,-1.889008953733227747e-01,1.000000000000000000e+00,8.551734199846874884e-02,-2.039422401972239840e-01,-4.726035521675950868e-01,3.246081726469539630e-01,-3.173535385974113332e-01,5.852440846094176807e-01
-2.827818526089811435e-01,7.970580425918232237e-01,-6.795986779845556436e-01,1.697633136759272299e-01,2.625939575530653602e-01,-3.455481702226411711e-01,6.525363227423150447e-02,-6.206839404701232077e-01,5.447369983878810329e-01,4.528380800000000317e-01,5.115309331952784255e-01,-6.997723835005690285e-01,5.402100729758476660e-01,-8.123593350942150959e-01,-5.473252587361697730e-01,-5.200077986355085002e-01,5.884261218708405350e-01,-5.222901473630406008e-03,1.292672653667431837e-01,3.446671661461908065e-01,8.066039640564797927e-03,-6.934686920006163380e-01,4.286158633345122926e-01,-7.676624202090731597e-02,-4.602589061677008764e-01,5.214574378608675120e-01,1.952648047944887388e-01,7.173171792531253255e-01,2.830479302994727275e-01,7.619709070891756975e-01,-2.784786998131518754e-01,7.334178038284013823e-01,8.551734199846874884e-02,1.000000000000000000e+00,-1.654438529082192244e-01,-2.761812414538199478e-01,-7.444551513642369001e-01,2.593242395008692885e-02,-2.294354876005739313e-02
3.270005158103935772e-01,-1.778231070504060485e-01,1.426620107708159854e-03,-1.129607756878883706e-02,-6.497447892032243155e-01,6.957734215800043254e-02,-6.706512001903853770e-01,-4.507092118460480357e-02,-3.527316528979847488e-01,-5.825114000000000125e-01,-4.401727046447675429e-01,-1.573218516420443469e-01,-4.228324380193924648e-01,-8.539841505325607152e-03,4.655120038519012793e-01,2.786595995781172841e-02,1.766684568389895529e-02,-3.734137678180898812e-01,-3.647707205056489599e-01,-6.624676551605808150e-01,5.046212142311898852e-01,4.236960196249509036e-01,-5.805812788735613683e-01,3.114767136052509766e-01,5.229387243383472050e-01,3.760750535209666512e-01,-2.130548210908574380e-01,-2.392516262014245110e-01,3.509750059026475189e-01,-3.058685880730814821e-01,3.772690213360341965e-02,-2.775004965169930449e-01,-2.039422401972239840e-01,-1.654438529082192244e-01,1.000000000000000000e+00,5.191053711496327328e-01,1.477962745373666009e-01,7.223691235771300123e-01,-5.024610088061024493e-01
1.550726617053655443e-01,-2.952563811642715530e-01,-8.013370346256676671e-03,4.216469010667767137e-02,-8.560277006393199883e-01,-1.728000365236187219e-01,-7.941397769294097353e-01,-1.862010954084052095e-01,-4.375617772541489647e-01,-7.681987000000000121e-01,-6.519623899853762561e-01,-2.410482669331316941e-01,-5.766956168918087045e-01,2.081390806405564176e-02,5.770326746733298595e-01,-1.249476658728750425e-02,-4.602055264378202559e-01,-7.658797101804266649e-01,-7.393162005184328311e-01,-7.825505748954401097e-01,7.024240583288579032e-01,5.753153829704910072e-01,-7.554280198942352476e-01,6.186728374529310015e-01,6.043721498475133069e-01,5.458953535851445160e-01,-5.590946947802303280e-01,-2.684591024520418534e-01,7.241982309167002141e-01,-3.997413001003443656e-01,-1.536692721218576863e-01,-4.216530071534629331e-01,-4.726035521675950868e-01,-2.761812414538199478e-01,5.191053711496327328e-01,1.000000000000000000e+00,2.084319022832668566e-01,8.232044757354471942e-01,-8.219598379523431753e-01
6.422145818550123453e-01,-9.291230890240291806e-01,4.654056459675056656e-01,1.339567882730954285e-01,-4.253076657485440615e-01,5.892886843914236783e-01,-3.112338972248513413e-01,2.156086133390641979e-01,-8.603589480047466598e-01,-6.705675600000000625e-01,-3.839583684930519825e-01,6.949764218502937352e-01,-8.171907152590759393e-01,9.592053684372876532e-01,3.768226510995431044e-01,8.927106548781775786e-01,-4.885408939223775393e-01,9.513444735563601762e-02,1.717478130194595165e-01,-4.938934498835629294e-01,2.831932494627824037e-01,8.799553301259346316e-01,-6.532132828883421283e-01,3.623634258832790778e-01,7.622240644423653455e-01,-4.056886012190649149e-01,-5.301547911166473170e-01,-5.676980787392055250e-01,-4.474737483474091823e-03,-2.086265297204111246e-01,-3.199578818145300263e-02,-9.592627006738877471e-01,3.246081726469539630e-01,-7.444551513642369001e-01,1.477962745373666009e-01,2.084319022832668566e-01,1.000000000000000000e+00,1.797128557124816062e-01,-3.769507367262597830e-02
4.390659261469937458e-01,-1.666096523318929823e-01,-1.333698373197749476e-01,2.675919915040538832e-01,-8.853640132811794183e-01,1.924298086787914683e-02,-9.234541319475002563e-01,-5.361864915986385149e-01,-5.326680342501053378e-01,-7.861439799999999645e-01,-4.266717171824292998e-01,-2.851705325693422166e-01,-5.665995953356335324e-01,-8.753160661157900757e-02,3.623948616332215988e-01,3.004958652728300164e-02,-2.091703051727315243e-01,-6.731069818815327288e-01,-5.159786853579089172e-01,-7.838688597997501839e-01,8.439295677537451690e-01,5.170121011028747660e-01,-7.685158354916020729e-01,6.867327796742581647e-01,6.514414224974166556e-01,7.094163492441970531e-01,-6.039216567122571711e-01,-3.749727285273971034e-02,8.422566753830595943e-01,-2.495673659569741520e-02,-1.542931821997590436e-01,-3.577025017604307244e-01,-3.173535385974113332e-01,2.593242395008692885e-02,7.223691235771300123e-01,8.232044757354471942e-01,1.797128557124816062e-01,1.000000000000000000e+00,-8.472904195462273025e-01
-1.853360871297990708e-01,5.595681253548981382e-02,2.954628113073518025e-01,9.061410578998840837e-03,8.514155435635131219e-01,2.458284058642249970e-01,8.433579925909943098e-01,4.431514395305171106e-01,4.113811761721637983e-01,7.098760600000000309e-01,5.850546435810012325e-01,3.706730448051052673e-01,5.069439616826360018e-01,1.813169021289060545e-01,-5.072978324020185337e-01,1.249058136478064379e-01,3.149637638672586615e-01,8.832275748850344499e-01,7.364794024314191834e-01,6.473113944469127690e-01,-8.006944903250269308e-01,-4.420099963097553486e-01,7.074098530420525055e-01,-7.657024121653663862e-01,-5.384365221381632871e-01,-6.995390868537700868e-01,6.422061837752699454e-01,6.793917658099744850e-02,-8.081470062280574629e-01,1.253424669939952607e-01,3.576925771155146094e-01,2.663159007623438490e-01,5.852440846094176807e-01,-2.294354876005739313e-02,-5.024610088061024493e-01,-8.219598379523431753e-01,-3.769507367262597830e-02,-8.472904195462273025e-01,1.000000000000000000e+00
