1.0,-0.064176800450443328,-0.5439283504922503,0.52466701437763541,0.042017535395235762,-0.07438981158693117,0.75309602007279497,-0.48480890738168697,0.60317213829241734,-0.08836412499599261,-0.092418162238606674,-0.23119515418792139,0.010656800305402274,0.38071445474728127,-0.098449899446946834,0.65155744348184108,-0.83915487690905477,0.4321353863954368,0.71840147098374973,0.25112107844408732,-0.1069785355384328,-0.16514949698655054,0.65749511641955416,-0.43064171612610463,-0.25152388037679096,0.41927302109484849,0.41690294022211855,0.076512210120301918,-0.2341083884195157,0.18101472792207554,0.40664306275349987,-0.24694033031140131,0.25135639999999992,-0.54844056304820776,-0.15477850263082255,-0.70840404673045665,-0.60765765491942358,-0.18775069819900958,-0.40391650766301035
-0.064176800450443328,1.0,-0.16617714661354682,0.00095584349332208463,0.22403299931514128,-0.79846011793167349,0.12983001241061815,0.53964611322630418,0.087655465004796887,-0.71678720778688765,-0.70786087680517706,0.50220670143548451,-0.40244657585649346,-0.50451360899063791,-0.67917677052207681,0.13461026381620977,0.2840353651385758,-0.49162239932584723,-0.35514473955583475,0.30843363522346401,0.059728221912762253,0.42148177340010129,0.45971726723935202,-0.64186100601960827,-0.30447828017299966,0.12372372423925153,0.5102279336136768,0.0035630612909310121,-0.51948562967601175,-0.72285349012285949,-0.56209063458481934,-0.1513206581366151,0.68800364000000003,-0.023185254238294387,0.58528718961990178,0.28681623338177914,0.46617067954573715,0.54936411844632071,0.09799114166338399
-0.5439283504922503,-0.16617714661354682,1.0,0.076296087974183399,-0.10128886273928364,0.3352613818662874,-0.64679735881876366,-0.36765884544170535,-0.059574986477115205,0.24112498297269089,0.17877850050871608,-0.27056746715529612,0.0090115422014514779,0.3080394306351868,0.24804779023374024,-0.031859354521311445,0.30722200785873144,-0.22093703673838647,-0.013300994279369437,-0.58680751346981719,-0.3306540721892961,0.15611303188110762,-0.38941354934878564,0.71703768176027982,0.27477147724108486,0.078164673679597271,-0.21630813901736667,-0.091816694174630356,-0.058967578217455255,0.40139512319870202,0.28244300518599158,0.52981794286757655,-0.29005692000000005,0.16889226692389978,0.21972362137656973,0.014171574074335669,0.047668574659300411,0.096049394453055784,0.01219602760521005
0.52466701437763541,0.00095584349332208463,0.076296087974183399,1.0,0.21176041522569736,-0.22653723044829599,0.10587033541372692,-0.68261337024808488,0.90559717939518514,0.14401003511688615,-0.48111411961678435,-0.70080232868492864,-0.50268303035594597,0.77585620260913701,-0.34969184637573364,0.93907072824239268,-0.70245477520874322,0.53613724647290972,0.77833218683303063,-0.24975708134040697,-0.84301710970106103,0.33517127004272534,0.70529000260426511,-0.11654821528362204,-0.36133241284323409,0.89109433847178621,0.40623699565488069,-0.24258688252847291,-0.26188248223241478,0.49391180335130874,0.73983717619225919,-0.3131000175937399,0.47332569999999996,-0.7937515628374453,0.54640629227631987,-0.82697511645959565,-0.47931818625972178,0.2246895049844321,-0.54502846458450394
0.042017535395235762,0.22403299931514128,-0.10128886273928364,0.21176041522569736,1.0,-0.44389534172049583,-0.04495903300174988,0.12454615479833307,0.5207538705072412,-0.38873284702246558,-0.14404193889452263,-0.012816777854215962,0.10504970200776347,0.17260848247936245,0.080793334293406738,0.28192627790411762,0.11315285595428003,0.043256959019677958,0.2583718224149682,-0.37968138105730714,0.0080430576260537862,-0.39625931698583045,0.21740152185487011,-0.12371096415690991,0.25876226398732666,0.418674244383756,-0.25978420885493048,0.64917978637314422,0.40865590834611243,-0.16834605515048487,0.10374299334227367,0.11034405609731504,0.031471859999999907,-0.57676830740211293,0.28697878938147553,-0.32865662472964258,-0.0030193393424408927,-0.1752839014197512,0.22933109465683305
-0.07438981158693117,-0.79846011793167349,0.3352613818662874,-0.22653723044829599,-0.44389534172049583,1.0,-0.20821381961017732,-0.4531647024991669,-0.35329919891703432,0.74432406756042624,0.81702541476946433,-0.37363078479901085,0.44938141931243197,0.3412733941776776,0.79585684532199275,-0.33057395006048623,0.0033282683381233341,0.3728964257769336,0.16873295580811032,-0.2888819725094755,0.087135660504261775,-0.43709138572155665,-0.66820529911811399,0.76940312465127114,0.2375225079798236,-0.36456458118306695,-0.57667375194671733,-0.037682107349792125,0.45124004460759004,0.67887377899651535,0.41563756952395792,0.38173748175638095,-0.80136543999999998,0.26427044877121397,-0.73838121496503317,-0.070361703660403452,-0.44467928627067377,-0.67941582797428834,0.13270415893740647
0.75309602007279497,0.12983001241061815,-0.64679735881876366,0.10587033541372692,-0.04495903300174988,-0.20821381961017732,1.0,-0.058861397561688046,0.29562310030769262,-0.30902245894137514,-0.11926897143143012,0.32626835880981148,0.21512887515209456,-0.15140430695384144,-0.23142201401871978,0.37627481176069533,-0.51313865731530128,-0.057601463707286256,0.25070083396533588,0.60553818955563554,0.3714017505752174,-0.1913565416452522,0.6093371909714197,-0.62418789423674159,-0.23517549709435892,-0.087311856131519677,0.52739961562040905,0.020167464416736992,-0.286313053983134,-0.31717440987939555,-0.11814020170273266,-0.36725678791737748,0.31546308000000001,-0.23405335567410029,-0.2758174911073174,-0.31894965459298724,-0.36192773420547919,-0.045720177863787376,-0.29492496288064707
-0.48480890738168697,0.53964611322630418,-0.36765884544170535,-0.68261337024808488,0.12454615479833307,-0.4531647024991669,-0.058861397561688046,1.0,-0.57172920592466536,-0.42811955091085113,-0.23190158463317032,0.73080981980596638,-0.016234935969278726,-0.89361718906810028,-0.28891560415344353,-0.6134214876171088,0.70584181392310941,-0.50893097347319993,-0.85255491406022132,0.43060852161404212,0.55828449934529867,0.081853443019108199,-0.18657201157495468,-0.43938949894841622,-0.074024692362023151,-0.50391069554320822,-0.048325864432068294,0.08013056349310281,0.082029628672700444,-0.83854658071128307,-0.90935078044154349,-0.17181823336717106,0.18260176000000006,0.43435863692336285,0.055900348390894326,0.81843016932449886,0.68955921205221338,0.23231260825156749,0.45812154349744705
0.60317213829241734,0.087655465004796887,-0.059574986477115205,0.90559717939518514,0.5207538705072412,-0.35329919891703432,0.29562310030769262,-0.57172920592466536,1.0,-0.11240240168177296,-0.41010467391222671,-0.49270871980346465,-0.26270063804106331,0.68776702534764567,-0.25241173612280543,0.95382026146293519,-0.64678538939417607,0.39979510897965481,0.81635344165192603,-0.26261810385615481,-0.57481457800690927,0.038573827119692539,0.76185143652978526,-0.21688733931956286,-0.19887175669317669,0.82547546519176962,0.328706029113979,0.10039796634223978,-0.12414395899759346,0.29524008165870502,0.64119931703509458,-0.21517556570509144,0.41119741999999992,-0.87938267705871864,0.46102632724429699,-0.89249904485552733,-0.51496173136815071,0.091913293279621958,-0.39656313940686899
-0.08836412499599261,-0.71678720778688765,0.24112498297269089,0.14401003511688615,-0.38873284702246558,0.74432406756042624,-0.30902245894137514,-0.42811955091085113,-0.11240240168177296,1.0,0.38120585815688723,-0.7039152833403709,0.071946677807843307,0.49136487663300588,0.3928239258687562,-0.063899291909148323,-0.10382338410413715,0.66972257037723038,0.19341082478362132,-0.26969262005875344,-0.36244108632980276,-0.048038079369514139,-0.39479622871827103,0.56271706887701567,-0.20836804395778785,-0.013305098408384411,-0.41752395474713172,-0.45561578321126739,0.42963948452850026,0.77214014975094203,0.54859232474169506,-0.056700141298649302,-0.42243565999999999,-0.072142565229801725,-0.36446126160685782,-0.16545398638188413,-0.44062953369921226,-0.39552389308532249,-0.021716608528634967
-0.092418162238606674,-0.70786087680517706,0.17877850050871608,-0.48111411961678435,-0.14404193889452263,0.81702541476946433,-0.11926897143143012,-0.23190158463317032,-0.41010467391222671,0.38120585815688723,1.0,-0.062374102415885167,0.80303777816032762,0.15117408810900637,0.94777053827544178,-0.51242047686146008,0.10125394884658609,0.10807786540757904,0.097611866081327409,-0.38348820384583582,0.46171580244502958,-0.7772591927946999,-0.7612365343916796,0.69630344802249222,0.58997724399654183,-0.50888602987398013,-0.75131282861584325,0.44698979461666616,0.58788072048319284,0.41294943897962127,0.21243120930192991,0.6616137867009938,-0.97193485999999996,0.36304098046089689,-0.84443418825690064,0.0069971086520888223,-0.30143224644269256,-0.76220670300838711,0.41593577263866766
-0.23119515418792139,0.50220670143548451,-0.27056746715529612,-0.70080232868492864,-0.012816777854215962,-0.37363078479901085,0.32626835880981148,0.73080981980596638,-0.49270871980346465,-0.7039152833403709,-0.062374102415885167,1.0,0.21905080886305286,-0.89525216872464863,-0.1994752901695255,-0.48349483597292164,0.44880248989847754,-0.83715611519062716,-0.68604941703382016,0.52992470761379584,0.78535453295819679,-0.059603822266217403,-0.051786385085956246,-0.42149820428087181,0.19565713215933694,-0.6382910041575286,0.21238639233234557,0.21758352186146249,-0.24369991417659154,-0.89724217487956148,-0.90074425280690296,0.034042226958088888,0.13062298000000006,0.57526004370896688,-0.098650324995292166,0.64963033857318764,0.55944726492478092,0.24340853657661277,0.2156208830974303
0.010656800305402274,-0.40244657585649346,0.0090115422014514779,-0.50268303035594597,0.10504970200776347,0.44938141931243197,0.21512887515209456,-0.016234935969278726,-0.26270063804106331,0.071946677807843307,0.80303777816032762,0.21905080886305286,1.0,-0.072969868164633633,0.72271288403523359,-0.3752958943344038,0.1629467220196826,-0.17761998805511431,0.012664942488898776,-0.21535168561817544,0.70089772156907348,-0.8441952402245162,-0.48766722394934847,0.35441665742321654,0.47738091852685655,-0.53579333298032639,-0.56430407256756421,0.57646588438588398,0.49298447030059483,0.039236113075038083,-0.026900736241974123,0.59985647921128527,-0.74883499999999992,0.20937954963472599,-0.76496798424212609,-0.0053017929494388119,-0.27830441154009894,-0.6274562690735368,0.4990396436291431
0.38071445474728127,-0.50451360899063791,0.3080394306351868,0.77585620260913701,0.17260848247936245,0.3412733941776776,-0.15140430695384144,-0.89361718906810028,0.68776702534764567,0.49136487663300588,0.15117408810900637,-0.89525216872464863,-0.072969868164633633,1.0,0.29612414926657615,0.63618716197488567,-0.60582231347808113,0.71246927606355914,0.88990770217512516,-0.6471160926647378,-0.70237093594149957,-0.12568707666056478,0.16220370097810233,0.45145855247074795,0.017053162705731539,0.66977476080627629,-0.17006258203444996,0.027134587330660431,0.19594069975843342,0.88979623371285921,0.99470505442582402,0.13740825095475073,-0.18417570000000005,-0.61965608008801265,0.088834223542355706,-0.86341738719398364,-0.68561557511130589,-0.27558139691736672,-0.26204297236926166
-0.098449899446946834,-0.67917677052207681,0.24804779023374024,-0.34969184637573364,0.080793334293406738,0.79585684532199275,-0.23142201401871978,-0.28891560415344353,-0.25241173612280543,0.3928239258687562,0.94777053827544178,-0.1994752901695255,0.72271288403523359,0.29612414926657615,1.0,-0.39723559522338714,0.14043517547262624,0.23505352532995968,0.21615824419277224,-0.52384062853284863,0.33508813377151569,-0.82691916331430881,-0.72637193739731687,0.7524877143476294,0.61891186999144776,-0.32070440050942933,-0.83804615354715251,0.53556045494811577,0.70223620476944837,0.49027815977830597,0.33970840665427693,0.67274634363564623,-0.97022220000000003,0.15564596135998687,-0.74508306517600353,-0.11784698538325836,-0.33641941774045053,-0.86375019177394063,0.41912397692332815
0.65155744348184108,0.13461026381620977,-0.031859354521311445,0.93907072824239268,0.28192627790411762,-0.33057395006048623,0.37627481176069533,-0.6134214876171088,0.95382026146293519,-0.063899291909148323,-0.51242047686146008,-0.48349483597292164,-0.3752958943344038,0.63618716197488567,-0.39723559522338714,1.0,-0.69880623103170636,0.36439786059861257,0.76660692465145064,-0.085972750951989613,-0.62864865216597998,0.23130744665811109,0.84483206631934493,-0.28757994784840302,-0.36943566943847445,0.79995713182751316,0.53312130285038839,-0.13644906679436708,-0.33863206231740695,0.28634992980952745,0.60109907105722638,-0.32979954035841635,0.5462203000000001,-0.8206434387577165,0.48110079497392799,-0.84805645197965807,-0.52226222422342539,0.21276563277082897,-0.54335669985123047
-0.83915487690905477,0.2840353651385758,0.30722200785873144,-0.70245477520874322,0.11315285595428003,0.0033282683381233341,-0.51313865731530128,0.70584181392310941,-0.64678538939417607,-0.10382338410413715,0.10125394884658609,0.44880248989847754,0.1629467220196826,-0.60582231347808113,0.14043517547262624,-0.69880623103170636,1.0,-0.49567150436608259,-0.78748743153843903,-0.046378525096464077,0.42941464336176371,-0.064057260618984035,-0.60426417171108948,0.20084848473476555,0.15335663253193568,-0.53262559685321276,-0.43693589094856283,0.14032137927751398,0.30858756403980836,-0.44205997947659015,-0.62282751140187609,0.27224906849130825,-0.24197763999999999,0.48124954229662564,-0.034723924523957839,0.76941078168403465,0.55209756982632885,-0.028046077995944305,0.61981209792849168
0.4321353863954368,-0.49162239932584723,-0.22093703673838647,0.53613724647290972,0.043256959019677958,0.3728964257769336,-0.057601463707286256,-0.50893097347319993,0.39979510897965481,0.66972257037723038,0.10807786540757904,-0.83715611519062716,-0.17761998805511431,0.71246927606355914,0.23505352532995968,0.36439786059861257,-0.49567150436608259,1.0,0.64037023999615039,-0.2548536832273845,-0.53396952513962281,-0.1333756781719567,0.089272473412313771,0.17348926922354072,-0.2799891172631126,0.4710706024893041,-0.25337467844343015,-0.1415204800958145,0.41637120995274179,0.72960910387696265,0.74118178010719382,-0.25035870993969561,-0.13280734000000005,-0.57092932898310256,-0.15662001862207109,-0.58565280129608621,-0.60024842295444436,-0.45728127545497466,-0.13415037636336308
0.71840147098374973,-0.35514473955583475,-0.013300994279369437,0.77833218683303063,0.2583718224149682,0.16873295580811032,0.25070083396533588,-0.85255491406022132,0.81635344165192603,0.19341082478362132,0.097611866081327409,-0.68604941703382016,0.012664942488898776,0.88990770217512516,0.21615824419277224,0.76660692465145064,-0.78748743153843903,0.64037023999615039,1.0,-0.4107442080644142,-0.48738066656132334,-0.26046520742912593,0.42150258175110611,0.14357379936462356,0.0040943188814409363,0.6581642392554814,0.029103805581457899,0.20846505030457088,0.075641246468732298,0.67159843446263334,0.88885303154064932,0.060366499486800208,-0.053597919999999966,-0.71063136609223909,0.001005537127838043,-0.97759342795484439,-0.77318477736299529,-0.31210432088806173,-0.31566061622243718
0.25112107844408732,0.30843363522346401,-0.58680751346981719,-0.24975708134040697,-0.37968138105730714,-0.2888819725094755,0.60553818955563554,0.43060852161404212,-0.26261810385615481,-0.26969262005875344,-0.38348820384583582,0.52992470761379584,-0.21535168561817544,-0.6471160926647378,-0.52384062853284863,-0.085972750951989613,-0.046378525096464077,-0.2548536832273845,-0.4107442080644142,1.0,0.35878642201311856,0.31609013600427122,0.368367555360476,-0.71714360566401913,-0.35611198274561395,-0.29704406519000176,0.63296693063963028,-0.41777040393657106,-0.45789652779482265,-0.61595447179433704,-0.6166350947441156,-0.67304797901523949,0.51844946000000003,0.1571463238611466,-0.098026833985785808,0.36922763462238306,0.28647113065032692,0.24971492444327181,-0.38524927848883589
-0.1069785355384328,0.059728221912762253,-0.3306540721892961,-0.84301710970106103,0.0080430576260537862,0.087135660504261775,0.3714017505752174,0.55828449934529867,-0.57481457800690927,-0.36244108632980276,0.46171580244502958,0.78535453295819679,0.70089772156907348,-0.70237093594149957,0.33508813377151569,-0.62864865216597998,0.42941464336176371,-0.53396952513962281,-0.48738066656132334,0.35878642201311856,1.0,-0.58359767731898582,-0.36584063462067068,-0.12959553680294469,0.35606184341535474,-0.8012288281107709,-0.24266351571061007,0.46213063898663193,0.22760397848393973,-0.5913462993690497,-0.66519533524189967,0.25919250009005401,-0.38090694000000003,0.50416846136986715,-0.64341162220814974,0.49176614510229821,0.20081854344961178,-0.34270692554952797,0.46192777260209222
-0.16514949698655054,0.42148177340010129,0.15611303188110762,0.33517127004272534,-0.39625931698583045,-0.43709138572155665,-0.1913565416452522,0.081853443019108199,0.038573827119692539,-0.048038079369514139,-0.7772591927946999,-0.059603822266217403,-0.8441952402245162,-0.12568707666056478,-0.82691916331430881,0.23130744665811109,-0.064057260618984035,-0.1333756781719567,-0.26046520742912593,0.31609013600427122,-0.58359767731898582,1.0,0.39579153428523495,-0.32345570476119517,-0.53379264402554438,0.30748139195006252,0.68524836917962528,-0.75947831569761592,-0.71258125897315749,-0.13990381519095249,-0.15821126220366899,-0.51151763570137454,0.75794650000000008,0.058716870662250634,0.73425674411275388,0.22356904554532281,0.39702400734803456,0.84890478243202772,-0.48787639728766291
0.65749511641955416,0.45971726723935202,-0.38941354934878564,0.70529000260426511,0.21740152185487011,-0.66820529911811399,0.6093371909714197,-0.18657201157495468,0.76185143652978526,-0.39479622871827103,-0.7612365343916796,-0.051786385085956246,-0.48766722394934847,0.16220370097810233,-0.72637193739731687,0.84483206631934493,-0.60426417171108948,0.089272473412313771,0.42150258175110611,0.368367555360476,-0.36584063462067068,0.39579153428523495,1.0,-0.72666176592276632,-0.47715182213175616,0.61043062794807301,0.81226459495429104,-0.2087391065529019,-0.5611360975054791,-0.20622814199121012,0.12513383607575373,-0.59597802680375744,0.84226869999999998,-0.64222162019718354,0.54155276729471791,-0.52271368371876026,-0.18868501449034505,0.45450345765300171,-0.57931252932272326
-0.43064171612610463,-0.64186100601960827,0.71703768176027982,-0.11654821528362204,-0.12371096415690991,0.76940312465127114,-0.62418789423674159,-0.43938949894841622,-0.21688733931956286,0.56271706887701567,0.69630344802249222,-0.42149820428087181,0.35441665742321654,0.45145855247074795,0.7524877143476294,-0.28757994784840302,0.20084848473476555,0.17348926922354072,0.14357379936462356,-0.71714360566401913,-0.12959553680294469,-0.32345570476119517,-0.72666176592276632,1.0,0.47005588829223965,-0.1627789006242957,-0.69093167614107609,0.16643268086246824,0.45885458507985483,0.67792380313158029,0.46990420636143881,0.62900771188012672,-0.78394949999999997,0.2225960008008076,-0.31550515477968566,-0.065368372764290306,-0.1945528829908881,-0.44462056287527402,0.23078423799299952
-0.25152388037679096,-0.30447828017299966,0.27477147724108486,-0.36133241284323409,0.25876226398732666,0.2375225079798236,-0.23517549709435892,-0.074024692362023151,-0.19887175669317669,-0.20836804395778785,0.58997724399654183,0.19565713215933694,0.47738091852685655,0.017053162705731539,0.61891186999144776,-0.36943566943847445,0.15335663253193568,-0.2799891172631126,0.0040943188814409363,-0.35611198274561395,0.35606184341535474,-0.53379264402554438,-0.47715182213175616,0.47005588829223965,1.0,-0.18790188848896211,-0.44737672871063666,0.59808367828033449,0.26203495152920936,0.035669086021511059,0.0041853573378820216,0.57816624273893069,-0.60490509999999997,0.22551143799719361,-0.2787854007847016,0.059879842998587063,0.26992913130034563,-0.38628117370092052,0.080682539846829937
0.41927302109484849,0.12372372423925153,0.078164673679597271,0.89109433847178621,0.418674244383756,-0.36456458118306695,-0.087311856131519677,-0.50391069554320822,0.82547546519176962,-0.013305098408384411,-0.50888602987398013,-0.6382910041575286,-0.53579333298032639,0.66977476080627629,-0.32070440050942933,0.79995713182751316,-0.53262559685321276,0.4710706024893041,0.6581642392554814,-0.29704406519000176,-0.8012288281107709,0.30748139195006252,0.61043062794807301,-0.1627789006242957,-0.18790188848896211,1.0,0.30271887562731392,-0.07656707325613149,-0.22243162038109454,0.36807508156420027,0.61345247451967622,-0.20245712353725864,0.45383751999999999,-0.79698516278295495,0.6353664824736035,-0.68305322194046958,-0.20901354954345638,0.1937684353386768,-0.46192938471766942
0.41690294022211855,0.5102279336136768,-0.21630813901736667,0.40623699565488069,-0.25978420885493048,-0.57667375194671733,0.52739961562040905,-0.048325864432068294,0.328706029113979,-0.41752395474713172,-0.75131282861584325,0.21238639233234557,-0.56430407256756421,-0.17006258203444996,-0.83804615354715251,0.53312130285038839,-0.43693589094856283,-0.25337467844343015,0.029103805581457899,0.63296693063963028,-0.24266351571061007,0.68524836917962528,0.81226459495429104,-0.69093167614107609,-0.44737672871063666,0.30271887562731392,1.0,-0.50343021573022362,-0.89923318754013404,-0.36353976104561209,-0.18989304314747854,-0.57720976286477521,0.87167082000000007,-0.16453745876580728,0.50652148687655918,-0.1038195426217014,0.1378662742532325,0.69062931195384636,-0.70137372136649878
0.076512210120301918,0.0035630612909310121,-0.091816694174630356,-0.24258688252847291,0.64917978637314422,-0.037682107349792125,0.020167464416736992,0.08013056349310281,0.10039796634223978,-0.45561578321126739,0.44698979461666616,0.21758352186146249,0.57646588438588398,0.027134587330660431,0.53556045494811577,-0.13644906679436708,0.14032137927751398,-0.1415204800958145,0.20846505030457088,-0.41777040393657106,0.46213063898663193,-0.75947831569761592,-0.2087391065529019,0.16643268086246824,0.59808367828033449,-0.07656707325613149,-0.50343021573022362,1.0,0.44829185929916343,-0.12479616993940543,0.0047113758764839343,0.61499474665287435,-0.47031290000000003,-0.060207703500214815,-0.25274075279183966,-0.15649110115220763,-0.08005191598495992,-0.46459348900151032,0.52251356962274831
-0.2341083884195157,-0.51948562967601175,-0.058967578217455255,-0.26188248223241478,0.40865590834611243,0.45124004460759004,-0.286313053983134,0.082029628672700444,-0.12414395899759346,0.42963948452850026,0.58788072048319284,-0.24369991417659154,0.49298447030059483,0.19594069975843342,0.70223620476944837,-0.33863206231740695,0.30858756403980836,0.41637120995274179,0.075641246468732298,-0.45789652779482265,0.22760397848393973,-0.71258125897315749,-0.5611360975054791,0.45885458507985483,0.26203495152920936,-0.22243162038109454,-0.89923318754013404,0.44829185929916343,1.0,0.29655668238625466,0.21555413891078126,0.2335087329055737,-0.69630513999999999,-0.096204233670622891,-0.49034025438144135,-0.050188819497582304,-0.28151896997048503,-0.71154289330166753,0.5896847620553699
0.18101472792207554,-0.72285349012285949,0.40139512319870202,0.49391180335130874,-0.16834605515048487,0.67887377899651535,-0.31717440987939555,-0.83854658071128307,0.29524008165870502,0.77214014975094203,0.41294943897962127,-0.89724217487956148,0.039236113075038083,0.88979623371285921,0.49027815977830597,0.28634992980952745,-0.44205997947659015,0.72960910387696265,0.67159843446263334,-0.61595447179433704,-0.5913462993690497,-0.13990381519095249,-0.20622814199121012,0.67792380313158029,0.035669086021511059,0.36807508156420027,-0.36353976104561209,-0.12479616993940543,0.29655668238625466,1.0,0.91902826059278198,0.23292786977256127,-0.44310684,-0.29018393052463054,-0.18315890372033403,-0.59816719440084865,-0.63600874793914419,-0.39764603917936092,-0.14131180851382219
0.40664306275349987,-0.56209063458481934,0.28244300518599158,0.73983717619225919,0.10374299334227367,0.41563756952395792,-0.11814020170273266,-0.90935078044154349,0.64119931703509458,0.54859232474169506,0.21243120930192991,-0.90074425280690296,-0.026900736241974123,0.99470505442582402,0.33970840665427693,0.60109907105722638,-0.62282751140187609,0.74118178010719382,0.88885303154064932,-0.6166350947441156,-0.66519533524189967,-0.15821126220366899,0.12513383607575373,0.46990420636143881,0.0041853573378820216,0.61345247451967622,-0.18989304314747854,0.0047113758764839343,0.21555413891078126,0.91902826059278198,1.0,0.13820663151715509,-0.23178467999999997,-0.58517164064716898,0.0010095556923155908,-0.85489797459921213,-0.72774195349299542,-0.32671471739792363,-0.25427694836593823
-0.24694033031140131,-0.1513206581366151,0.52981794286757655,-0.3131000175937399,0.11034405609731504,0.38173748175638095,-0.36725678791737748,-0.17181823336717106,-0.21517556570509144,-0.056700141298649302,0.6616137867009938,0.034042226958088888,0.59985647921128527,0.13740825095475073,0.67274634363564623,-0.32979954035841635,0.27224906849130825,-0.25035870993969561,0.060366499486800208,-0.67304797901523949,0.25919250009005401,-0.51151763570137454,-0.59597802680375744,0.62900771188012672,0.57816624273893069,-0.20245712353725864,-0.57720976286477521,0.61499474665287435,0.2335087329055737,0.23292786977256127,0.13820663151715509,1.0,-0.70085025999999995,0.33919398384308908,-0.29172084986497382,0.025434973685921125,-0.075022781137537436,-0.35224465124349463,0.56147766343618943
0.25135639999999992,0.68800364000000003,-0.29005692000000005,0.47332569999999996,0.031471859999999907,-0.80136543999999998,0.31546308000000001,0.18260176000000006,0.41119741999999992,-0.42243565999999999,-0.97193485999999996,0.13062298000000006,-0.74883499999999992,-0.18417570000000005,-0.97022220000000003,0.5462203000000001,-0.24197763999999999,-0.13280734000000005,-0.053597919999999966,0.51844946000000003,-0.38090694000000003,0.75794650000000008,0.84226869999999998,-0.78394949999999997,-0.60490509999999997,0.45383751999999999,0.87167082000000007,-0.47031290000000003,-0.69630513999999999,-0.44310684,-0.23178467999999997,-0.70085025999999995,1.0,-0.33169309999999996,0.74683711999999991,-0.046737319999999971,0.24028102000000007,0.75970041999999993,-0.50611779999999995
-0.54844056304820776,-0.023185254238294387,0.16889226692389978,-0.7937515628374453,-0.57676830740211293,0.26427044877121397,-0.23405335567410029,0.43435863692336285,-0.87938267705871864,-0.072142565229801725,0.36304098046089689,0.57526004370896688,0.20937954963472599,-0.61965608008801265,0.15564596135998687,-0.8206434387577165,0.48124954229662564,-0.57092932898310256,-0.71063136609223909,0.1571463238611466,0.50416846136986715,0.058716870662250634,-0.64222162019718354,0.2225960008008076,0.22551143799719361,-0.79698516278295495,-0.16453745876580728,-0.060207703500214815,-0.096204233670622891,-0.29018393052463054,-0.58517164064716898,0.33919398384308908,-0.33169309999999996,1.0,-0.30451295583815802,0.79185149908288943,0.44805386468105007,0.15766609322301098,0.34554102373089995
-0.15477850263082255,0.58528718961990178,0.21972362137656973,0.54640629227631987,0.28697878938147553,-0.73838121496503317,-0.2758174911073174,0.055900348390894326,0.46102632724429699,-0.36446126160685782,-0.84443418825690064,-0.098650324995292166,-0.76496798424212609,0.088834223542355706,-0.74508306517600353,0.48110079497392799,-0.034723924523957839,-0.15662001862207109,0.001005537127838043,-0.098026833985785808,-0.64341162220814974,0.73425674411275388,0.54155276729471791,-0.31550515477968566,-0.2787854007847016,0.6353664824736035,0.50652148687655918,-0.25274075279183966,-0.49034025438144135,-0.18315890372033403,0.0010095556923155908,-0.29172084986497382,0.74683711999999991,-0.30451295583815802,1.0,-0.075625940093342281,0.35263935910633243,0.78947066619360351,-0.31043860264376821
-0.70840404673045665,0.28681623338177914,0.014171574074335669,-0.82697511645959565,-0.32865662472964258,-0.070361703660403452,-0.31894965459298724,0.81843016932449886,-0.89249904485552733,-0.16545398638188413,0.0069971086520888223,0.64963033857318764,-0.0053017929494388119,-0.86341738719398364,-0.11784698538325836,-0.84805645197965807,0.76941078168403465,-0.58565280129608621,-0.97759342795484439,0.36922763462238306,0.49176614510229821,0.22356904554532281,-0.52271368371876026,-0.065368372764290306,0.059879842998587063,-0.68305322194046958,-0.1038195426217014,-0.15649110115220763,-0.050188819497582304,-0.59816719440084865,-0.85489797459921213,0.025434973685921125,-0.046737319999999971,0.79185149908288943,-0.075625940093342281,1.0,0.76916284453838624,0.24219886289808013,0.35471516225024047
-0.60765765491942358,0.46617067954573715,0.047668574659300411,-0.47931818625972178,-0.0030193393424408927,-0.44467928627067377,-0.36192773420547919,0.68955921205221338,-0.51496173136815071,-0.44062953369921226,-0.30143224644269256,0.55944726492478092,-0.27830441154009894,-0.68561557511130589,-0.33641941774045053,-0.52226222422342539,0.55209756982632885,-0.60024842295444436,-0.77318477736299529,0.28647113065032692,0.20081854344961178,0.39702400734803456,-0.18868501449034505,-0.1945528829908881,0.26992913130034563,-0.20901354954345638,0.1378662742532325,-0.08005191598495992,-0.28151896997048503,-0.63600874793914419,-0.72774195349299542,-0.075022781137537436,0.24028102000000007,0.44805386468105007,0.35263935910633243,0.76916284453838624,1.0,0.43549641116098414,-0.016966596174877859
-0.18775069819900958,0.54936411844632071,0.096049394453055784,0.2246895049844321,-0.1752839014197512,-0.67941582797428834,-0.045720177863787376,0.23231260825156749,0.091913293279621958,-0.39552389308532249,-0.76220670300838711,0.24340853657661277,-0.6274562690735368,-0.27558139691736672,-0.86375019177394063,0.21276563277082897,-0.028046077995944305,-0.45728127545497466,-0.31210432088806173,0.24971492444327181,-0.34270692554952797,0.84890478243202772,0.45450345765300171,-0.44462056287527402,-0.38628117370092052,0.1937684353386768,0.69062931195384636,-0.46459348900151032,-0.71154289330166753,-0.39764603917936092,-0.32671471739792363,-0.35224465124349463,0.75970041999999993,0.15766609322301098,0.78947066619360351,0.24219886289808013,0.43549641116098414,1.0,-0.30599763320937245
-0.40391650766301035,0.09799114166338399,0.01219602760521005,-0.54502846458450394,0.22933109465683305,0.13270415893740647,-0.29492496288064707,0.45812154349744705,-0.39656313940686899,-0.021716608528634967,0.41593577263866766,0.2156208830974303,0.4990396436291431,-0.26204297236926166,0.41912397692332815,-0.54335669985123047,0.61981209792849168,-0.13415037636336308,-0.31566061622243718,-0.38524927848883589,0.46192777260209222,-0.48787639728766291,-0.57931252932272326,0.23078423799299952,0.080682539846829937,-0.46192938471766942,-0.70137372136649878,0.52251356962274831,0.5896847620553699,-0.14131180851382219,-0.25427694836593823,0.56147766343618943,-0.50611779999999995,0.34554102373089995,-0.31043860264376821,0.35471516225024047,-0.016966596174877859,-0.30599763320937245,1.0
