1.0,-0.20953975318868698,0.65443825761458707,-0.37648817148132929,-0.00074278848482445259,0.35494898287494347,0.32015531718358708,0.34945765999999989,0.30053431142041803,-0.0090861045025367442,0.26502474022016159,-0.078687876373577437,0.39314782108168334,0.17389094971084798,-0.19146441495213723,0.093406865543196799,-0.35352900689782296,-0.12868039692061942,-0.20652202530896435,0.095359527555490278,-0.19958937388924683,-0.16250288558703432,0.39615642328768524,0.17382458195105674,-0.10187377519324609,-0.21761746586573252,-0.3948554087153065,0.27925519895764833,0.13936568210826861,-0.15077550047691896,0.34545129539031305,0.34695385952659674,0.40690775873372986,-0.12921460686667277,0.10805235321229117,0.57404719528219861,-0.33063597154139795,-0.54363826572638996,0.36132963650279709
-0.20953975318868698,1.0,-0.56702011233245619,0.46892663925149081,0.65793687208208929,-0.56473303909066463,-0.34277691113742481,-0.95470432000000005,-0.25729356677613602,-0.32039094641735139,0.031357439207329779,-0.048039106115621025,-0.14334451844397025,-0.40127745414668448,0.33724531388136125,0.35996510434569834,0.6870931642853767,-0.65158639151204967,0.49134561953609718,0.30737280642386905,-0.018798436866623421,-0.24878667799063203,-0.31291305538990843,0.20623194486169419,0.22402702561062737,0.39248250541020308,0.87903975337971074,-0.42219917323487638,0.31611374785560259,-0.1933277833547053,-0.76300478611949674,-0.81352510386087717,-0.82487499031735212,0.92028539100050444,0.37209291502877206,-0.20701210742648049,0.55563892596255371,0.53250057976916276,-0.88075589004932742
0.65443825761458707,-0.56702011233245619,1.0,-0.60829675702112795,-0.17614216288172391,0.78438749429074472,0.56426781481228505,0.70169711999999995,0.45782596712064116,-0.0075332174032998085,0.37871439779460886,-0.14795454745910996,0.49676246910630262,0.3411178481008269,-0.16055217665874094,0.22508907936570818,-0.42560911325167478,0.23253149931459846,-0.26025508953439758,-0.2141089410272774,-0.40659997195933273,-0.27609682974972577,0.78059066548079081,0.15617032440505949,-0.15367429801564658,-0.33665187893303561,-0.66481897996779205,0.62963133613092082,0.012181117640666449,-0.2040496805814761,0.66768784422789895,0.57568692913185238,0.60586722387587055,-0.3390967600892742,0.0073761330048637413,0.76050643214007507,-0.31994117638714037,-0.45483075708596965,0.64218920896738751
-0.37648817148132929,0.46892663925149081,-0.60829675702112795,1.0,0.23489300183922263,-0.24901246698971347,-0.89275168536880811,-0.66574116000000005,-0.84983942653184219,0.46429418288337565,0.1823530506542797,0.68302673022484151,-0.19842486108082599,0.32636449168730708,-0.093756884100186705,-0.0043653928195645187,0.073626161725737202,-0.22681656495435656,0.70359772631579331,-0.078152338369761529,0.65713839187932055,0.61939323300659865,-0.50530838871472938,-0.31935782293985943,0.34456976991836336,0.083635707695942918,0.42592336104622375,-0.45360355587855505,0.016734174752595119,-0.35554147979875139,-0.74477864305290753,-0.38322197698665766,-0.22530586435896063,0.37757085284916253,-0.15892944870489184,-0.46070136054679856,0.57449400317916144,0.49385588188612711,-0.67136162704372104
-0.00074278848482445259,0.65793687208208929,-0.17614216288172391,0.23489300183922263,1.0,-0.0035515343125426188,0.035367339386089186,-0.60311377999999993,0.085091340591064768,-0.42790499958140726,0.18470276763955515,-0.1175302192185087,0.075681491245135721,-0.40326011824534802,0.044157940720538691,0.52162116731427544,0.58823041656754727,-0.33298589777310278,0.33038731870879445,0.43952240483558569,-0.3035230937090701,-0.43667072088961445,0.31552962408812152,0.14021717877644591,-0.1751225744552323,-0.23761358202934355,0.35299509435823095,0.12380568851562515,0.24362876523695365,-0.36783768328519173,-0.60703737284728643,-0.22256314647213496,-0.3414744609982594,0.81584444578941739,0.63172250981297084,0.34550991410902138,0.053307499882286641,-0.019035768764468344,-0.37107073353491105
0.35494898287494347,-0.56473303909066463,0.78438749429074472,-0.24901246698971347,-0.0035515343125426188,1.0,0.20133762125837035,0.56516626000000003,0.06712415873618395,0.32456653938550373,0.66451563440636552,0.30678874857737071,0.62258127636103311,0.55512046917010016,-0.041812229956841876,0.18235889623705073,-0.49284643246742349,0.54900677314165802,0.0032900002891326774,-0.027155018727971634,-0.12870257986679051,0.076846867112962111,0.71502811189640203,-0.049970335369245486,-0.018781652696070277,-0.6388552325233241,-0.75317852741723135,0.7853405699520537,-0.057570310632523325,-0.59436440192544915,0.38611687343182355,0.6962331365379878,0.70451001521384082,-0.21940134021645788,-0.16716173437341236,0.75292633365188621,-0.11299461341175002,-0.306159492355705,0.52967908477899528
0.32015531718358708,-0.34277691113742481,0.56426781481228505,-0.89275168536880811,0.035367339386089186,0.20133762125837035,1.0,0.5583838000000001,0.96407634485699789,-0.70276481317800321,-0.3452155837083738,-0.85236426212067429,-0.054633670445984842,-0.44542005725728184,-0.21957174610363797,0.13045208011878712,0.068695779080373609,0.05991950803294635,-0.68484140856810294,-0.097714665199864992,-0.84310147121738244,-0.80902424747129043,0.68907555607292459,0.4308817790480382,-0.46270744594895824,-0.17108995071524458,-0.31042702971494385,0.42716615343363318,-0.043996439963280488,0.44128554716025858,0.62489351599928178,0.30321699449969641,0.18734005479365518,-0.25338363153540433,0.47516854279845977,0.48720198277722393,-0.71541990069314076,-0.53270890506180568,0.61885832821287845
0.34945765999999989,-0.95470432000000005,0.70169711999999995,-0.66574116000000005,-0.60311377999999993,0.56516626000000003,0.5583838000000001,1.0,0.46075423999999998,0.12974895999999991,-0.06163850000000004,-0.16598469999999999,0.14051038000000005,0.31588357999999994,-0.32611747999999996,-0.29374831999999995,-0.64730100000000002,0.53962105999999999,-0.62400252,-0.31726748000000005,-0.22944547999999998,0.0058963000000000765,0.46420170000000005,-0.01332226000000003,-0.20614600000000005,-0.38023132000000004,-0.83885926,0.50727106000000011,-0.22334595999999995,0.2339137200000001,0.89034967999999992,0.74120439999999999,0.80400899999999997,-0.86441180000000006,-0.20296298000000002,0.32498903999999995,-0.62814409999999998,-0.56675023999999996,0.89357142000000001
0.30053431142041803,-0.25729356677613602,0.45782596712064116,-0.84983942653184219,0.085091340591064768,0.06712415873618395,0.96407634485699789,0.46075423999999998,1.0,-0.74262383685037425,-0.44269143140959744,-0.87290584449719688,-0.092017589464128732,-0.57704217175770756,-0.23583171296133018,0.10231516940838283,0.20834496690658774,-0.085041488261779596,-0.68791051135814896,0.0054535923168605189,-0.76734266700171028,-0.80104196677446005,0.59305941185683519,0.33436449184877892,-0.55338048137875717,-0.12778330007469535,-0.26241848637678872,0.33048567237752424,-0.10447523962679783,0.51805046284278777,0.55778671340099817,0.28985167330997447,0.10472877573075505,-0.20801760658480953,0.45164391743864141,0.44081256797499341,-0.73512595780735257,-0.57076737666957345,0.59509155421055138
-0.0090861045025367442,-0.32039094641735139,-0.0075332174032998085,0.46429418288337565,-0.42790499958140726,0.32456653938550373,-0.70276481317800321,0.12974895999999991,-0.74262383685037425,1.0,0.53034681763865732,0.88678867930090477,0.3748230469428947,0.80008260232628292,0.12084129440566377,-0.2308015085073018,-0.50856710464467514,0.31929410782457857,0.38668646985413929,-0.036692766514279579,0.73121072731941206,0.88855717016048807,-0.35116940800254665,-0.5716434869741539,0.36712970384260357,-0.11543799835702041,-0.31221907225051126,-0.02157265478459677,0.042532301903406206,-0.46955986269428773,-0.015640207042695222,0.24531600958602728,0.43397494515385288,-0.29441966491252941,-0.65592449443852052,-0.20097865483031563,0.36260112722060756,0.15185650179456325,-0.019256711372652752
0.26502474022016159,0.031357439207329779,0.37871439779460886,0.1823530506542797,0.18470276763955515,0.66451563440636552,-0.3452155837083738,-0.06163850000000004,-0.44269143140959744,0.53034681763865732,1.0,0.62553572348105169,0.84312303721674808,0.58186043444369295,0.46554313018395654,0.43736665815030745,-0.19163221560053031,0.19320975549441913,0.57606349985765293,0.27138420074042685,0.16486949066159975,0.25166628070264979,0.22544941945756444,-0.19942101387254371,0.27158992063587151,-0.18844999250956254,-0.19291178000235085,0.35838896980929213,0.40023683417012995,-0.91068826702906636,-0.17331005429119004,0.16006745624025925,0.21952962963787059,0.31158484822146826,-0.19871865711267847,0.45712858752442492,0.50534369970187754,0.17059705681927581,-0.12816047608847703
-0.078687876373577437,-0.048039106115621025,-0.14795454745910996,0.68302673022484151,-0.1175302192185087,0.30678874857737071,-0.85236426212067429,-0.16598469999999999,-0.87290584449719688,0.88678867930090477,0.62553572348105169,1.0,0.36410420729739779,0.7159704110629993,0.17777797659574857,-0.17599252250108877,-0.40594663984860269,0.27553730096006579,0.54491416504814649,0.14376582280382255,0.80474908372039611,0.88914428937662549,-0.3441373788344313,-0.47647683487542014,0.43917763017974243,-0.22642669170399654,-0.18303261531828308,0.026225369763442252,-0.053322867869374568,-0.68763830751175781,-0.32379024696649356,0.1504826549395526,0.26273325058845265,0.027016809220074545,-0.62862804881719336,-0.090732731815493128,0.55143389786776975,0.27980995899095495,-0.24206336236559894
0.39314782108168334,-0.14334451844397025,0.49676246910630262,-0.19842486108082599,0.075681491245135721,0.62258127636103311,-0.054633670445984842,0.14051038000000005,-0.092017589464128732,0.3748230469428947,0.84312303721674808,0.36410420729739779,1.0,0.28216929718425099,0.55397297757244979,0.47274963638777379,-0.042941235415927037,0.23581813585526945,0.36969392731802941,0.47744805465267126,0.079286920896159963,0.071241171991999558,0.24467204769774034,-0.33815564165235262,-0.13024621933571001,-0.079801163964024036,-0.36436978745266752,0.34003938467960104,0.38114068426824232,-0.63272417269747427,0.014230256260787888,0.40091518887802391,0.21543146120375878,0.1262716817862759,-0.20548164309677147,0.53601738791392195,0.21693868129475827,-0.18516004557313059,0.20992498491068526
0.17389094971084798,-0.40127745414668448,0.3411178481008269,0.32636449168730708,-0.40326011824534802,0.55512046917010016,-0.44542005725728184,0.31588357999999994,-0.57704217175770756,0.80008260232628292,0.58186043444369295,0.7159704110629993,0.28216929718425099,1.0,-0.12338433760998839,-0.13137438500488854,-0.72985603423118639,0.27462722081481661,0.27071246776577695,-0.39434846655105632,0.37795969969022636,0.65051424724328744,0.050480054041045393,-0.20045626855855003,0.52572190462810275,-0.25356014706551572,-0.36739741160442657,0.20920073682699078,0.091293629826812842,-0.53584357914686231,0.21338353372793067,0.20713926189522364,0.63078200318874122,-0.31649168475003636,-0.42026689747505741,0.024417434192114985,0.308918587600643,0.16702958528916886,0.025560453862232373
-0.19146441495213723,0.33724531388136125,-0.16055217665874094,-0.093756884100186705,0.044157940720538691,-0.041812229956841876,-0.21957174610363797,-0.32611747999999996,-0.23583171296133018,0.12084129440566377,0.46554313018395654,0.17777797659574857,0.55397297757244979,-0.12338433760998839,1.0,0.20227269984951118,0.27755634894414205,0.13457071688973182,0.28378047524733241,0.60639907797182202,0.093108025249421814,-0.017104503852115434,-0.28300154855199289,-0.025345809837902106,0.25868636594074296,0.32065018772043691,0.27111298215401369,0.030120565739327476,0.32422630852405676,-0.39567329424224618,-0.2280930230004756,-0.27081176806340435,-0.46671516648138595,0.43048483554583095,-0.24596728994123623,0.013653428806436576,0.59539324614994393,0.43773085981247073,-0.3571073444363545
0.093406865543196799,0.35996510434569834,0.22508907936570818,-0.0043653928195645187,0.52162116731427544,0.18235889623705073,0.13045208011878712,-0.29374831999999995,0.10231516940838283,-0.2308015085073018,0.43736665815030745,-0.17599252250108877,0.47274963638777379,-0.13137438500488854,0.20227269984951118,1.0,0.55775513065829974,-0.3172383595131465,0.6260057514736268,0.02443040653573576,-0.38090931840993852,-0.48610789246114661,0.35138987372986991,-0.099162398718666125,-0.39659019363159148,0.34163580936905169,0.30481519637100696,-0.14529598250523296,0.66471062962552074,-0.24901146223063253,-0.37687890582880929,-0.17040030614053223,-0.28607918152213524,0.51372973819118617,0.56801227083904049,0.24734044619135426,0.16667711419130846,0.0010210250085147601,-0.16016077353030966
-0.35352900689782296,0.6870931642853767,-0.42560911325167478,0.073626161725737202,0.58823041656754727,-0.49284643246742349,0.068695779080373609,-0.64730100000000002,0.20834496690658774,-0.50856710464467514,-0.19163221560053031,-0.40594663984860269,-0.042941235415927037,-0.72985603423118639,0.27755634894414205,0.55775513065829974,1.0,-0.55833248402270719,0.32808831340607814,0.32021563993519736,-0.22672835863760038,-0.51667187057631225,-0.12375033508263691,-0.098417390004372149,-0.40632264658721245,0.46537196426151978,0.64206652874684178,-0.40946689363940458,0.2925951576001008,0.18693066301963321,-0.52684729610838144,-0.46083366273905002,-0.75027788124991446,0.64259805816116533,0.47645935267724321,-0.14995334666955981,0.1232329842672074,0.13578254870613102,-0.39103260399146511
-0.12868039692061942,-0.65158639151204967,0.23253149931459846,-0.22681656495435656,-0.33298589777310278,0.54900677314165802,0.05991950803294635,0.53962105999999999,-0.085041488261779596,0.31929410782457857,0.19320975549441913,0.27553730096006579,0.23581813585526945,0.27462722081481661,0.13457071688973182,-0.3172383595131465,-0.55833248402270719,1.0,-0.22622001834529765,0.083579383774175439,0.13591774996006395,0.31398306279168442,0.1519770673471228,-0.025904895031847841,-0.0004249505480827323,-0.46042406981604178,-0.63667140575847991,0.50318602282934655,-0.34911700090279435,-0.17111940596939407,0.28138839128886634,0.61046446242399532,0.44238699130166464,-0.47438898674943375,-0.42095592011953675,0.20927942211130662,-0.13862291752753883,-0.20002108527584847,0.50190396104441803
-0.20652202530896435,0.49134561953609718,-0.26025508953439758,0.70359772631579331,0.33038731870879445,0.0032900002891326774,-0.68484140856810294,-0.62400252,-0.68791051135814896,0.38668646985413929,0.57606349985765293,0.54491416504814649,0.36969392731802941,0.27071246776577695,0.28378047524733241,0.6260057514736268,0.32808831340607814,-0.22622001834529765,1.0,0.043960097193548903,0.39790978665829912,0.29330440098611171,-0.26385645340459263,-0.41323760053202674,0.050892844152175508,0.37410384668546948,0.43769003441376009,-0.43596800029345456,0.4775333694312382,-0.51262256430116193,-0.75649267688089483,-0.32977789125550722,-0.33848154075547576,0.53694992160819999,0.027866682951754096,-0.20150480996743725,0.67053829172683244,0.40222731238975157,-0.57065525988002741
0.095359527555490278,0.30737280642386905,-0.2141089410272774,-0.078152338369761529,0.43952240483558569,-0.027155018727971634,-0.097714665199864992,-0.31726748000000005,0.0054535923168605189,-0.036692766514279579,0.27138420074042685,0.14376582280382255,0.47744805465267126,-0.39434846655105632,0.60639907797182202,0.02443040653573576,0.32021563993519736,0.083579383774175439,0.043960097193548903,1.0,0.13930226403038751,-0.024831256679629394,-0.14638972053356833,-0.15214385642536932,-0.11811693026347871,-0.18911967220609691,-0.016152817380411442,0.19796831845208346,0.066719948590996794,-0.34310729579579657,-0.32436158548059008,0.11860338321947372,-0.23341284260071021,0.43294404831305594,-0.084790861795380312,0.27703826801857462,0.096982671161187042,-0.15512204815200184,-0.08520544670582797
-0.19958937388924683,-0.018798436866623421,-0.40659997195933273,0.65713839187932055,-0.3035230937090701,-0.12870257986679051,-0.84310147121738244,-0.22944547999999998,-0.76734266700171028,0.73121072731941206,0.16486949066159975,0.80474908372039611,0.079286920896159963,0.37795969969022636,0.093108025249421814,-0.38090931840993852,-0.22672835863760038,0.13591774996006395,0.39790978665829912,0.13930226403038751,1.0,0.90420214170725843,-0.66841400256726491,-0.62092757576189916,0.20581691725469922,0.060836113197651219,-0.065370879257430903,-0.32683615501542534,-0.26695628636816315,-0.21303616079364096,-0.33316444711092913,0.093631104304211316,0.030705764344936645,-0.12777161446206714,-0.73512605540147535,-0.39482491331072639,0.40385462810554046,0.17345476906346474,-0.19919646960063805
-0.16250288558703432,-0.24878667799063203,-0.27609682974972577,0.61939323300659865,-0.43667072088961445,0.076846867112962111,-0.80902424747129043,0.0058963000000000765,-0.80104196677446005,0.88855717016048807,0.25166628070264979,0.88914428937662549,0.071241171991999558,0.65051424724328744,-0.017104503852115434,-0.48610789246114661,-0.51667187057631225,0.31398306279168442,0.29330440098611171,-0.024831256679629394,0.90420214170725843,1.0,-0.55494898165701279,-0.53109278048589148,0.36778294757403979,-0.12883628609719452,-0.23746800339926336,-0.15790025638499702,-0.24133570283877384,-0.29533100040180305,-0.14987481347786719,0.19515629803688675,0.31872917142653712,-0.3158185968583796,-0.74797439952348277,-0.37041677486969254,0.34395310512850902,0.1849728984743477,-0.090897448814875437
0.39615642328768524,-0.31291305538990843,0.78059066548079081,-0.50530838871472938,0.31552962408812152,0.71502811189640203,0.68907555607292459,0.46420170000000005,0.59305941185683519,-0.35116940800254665,0.22544941945756444,-0.3441373788344313,0.24467204769774034,0.050480054041045393,-0.28300154855199289,0.35138987372986991,-0.12375033508263691,0.1519770673471228,-0.26385645340459263,-0.14638972053356833,-0.66841400256726491,-0.55494898165701279,1.0,0.30241934592235858,-0.24392884334513665,-0.55121748391039438,-0.47454484235353389,0.74307248405400139,-0.0024711595538533179,-0.21350180542996433,0.43685702738928084,0.44682639432554383,0.45813333910138088,-0.025047619288076275,0.40935545347831531,0.81600432141340673,-0.44412396965183476,-0.4109543570899386,0.49807657105501663
0.17382458195105674,0.20623194486169419,0.15617032440505949,-0.31935782293985943,0.14021717877644591,-0.049970335369245486,0.4308817790480382,-0.01332226000000003,0.33436449184877892,-0.5716434869741539,-0.19942101387254371,-0.47647683487542014,-0.33815564165235262,-0.20045626855855003,-0.025345809837902106,-0.099162398718666125,-0.098417390004372149,-0.025904895031847841,-0.41323760053202674,-0.15214385642536932,-0.62092757576189916,-0.53109278048589148,0.30241934592235858,1.0,0.36775569410419401,-0.097552803459479073,0.21440605597078952,0.27411316905378241,-0.16441299899432507,0.053290306415851307,0.17000829844536805,-0.33721089032850426,-0.21670146294716056,0.22164075264735875,0.31244232030601859,0.25576630802609368,0.023972595418900854,0.21718632007762653,-0.16791833096991801
-0.10187377519324609,0.22402702561062737,-0.15367429801564658,0.34456976991836336,-0.1751225744552323,-0.018781652696070277,-0.46270744594895824,-0.20614600000000005,-0.55338048137875717,0.36712970384260357,0.27158992063587151,0.43917763017974243,-0.13024621933571001,0.52572190462810275,0.25868636594074296,-0.39659019363159148,-0.40632264658721245,-0.0004249505480827323,0.050892844152175508,-0.11811693026347871,0.20581691725469922,0.36778294757403979,-0.24392884334513665,0.36775569410419401,1.0,-0.085623660215225356,0.23891957770116604,0.13789858081897671,-0.017938356492438995,-0.45824300752489405,0.0083586587436720958,-0.46660972992871314,-0.023805098595491979,0.19382047590039264,-0.32623520514973503,-0.16402269756648727,0.62889308775576636,0.70621298233799279,-0.57135731120027833
-0.21761746586573252,0.39248250541020308,-0.33665187893303561,0.083635707695942918,-0.23761358202934355,-0.6388552325233241,-0.17108995071524458,-0.38023132000000004,-0.12778330007469535,-0.11543799835702041,-0.18844999250956254,-0.22642669170399654,-0.079801163964024036,-0.25356014706551572,0.32065018772043691,0.34163580936905169,0.46537196426151978,-0.46042406981604178,0.37410384668546948,-0.18911967220609691,0.060836113197651219,-0.12883628609719452,-0.55121748391039438,-0.097552803459479073,-0.085623660215225356,1.0,0.67262159124619691,-0.82439323251234253,0.42009352773180964,0.40183527703361166,-0.2765348004417309,-0.61538930036291617,-0.66765476324053896,0.15091893413518392,0.078980305046288377,-0.60522685946719024,0.36432586346862722,0.38279791811329117,-0.41286396357731975
-0.3948554087153065,0.87903975337971074,-0.66481897996779205,0.42592336104622375,0.35299509435823095,-0.75317852741723135,-0.31042702971494385,-0.83885926,-0.26241848637678872,-0.31221907225051126,-0.19291178000235085,-0.18303261531828308,-0.36436978745266752,-0.36739741160442657,0.27111298215401369,0.30481519637100696,0.64206652874684178,-0.63667140575847991,0.43769003441376009,-0.016152817380411442,-0.065370879257430903,-0.23746800339926336,-0.47454484235353389,0.21440605597078952,0.23891957770116604,0.67262159124619691,1.0,-0.67189904395976485,0.40269335631500303,0.11565758084327099,-0.64462127701654259,-0.95817411158679422,-0.85929438082585818,0.68393062342151234,0.39693800915502125,-0.55503540894024939,0.51810201419711843,0.64264740197967585,-0.87512849708824669
0.27925519895764833,-0.42219917323487638,0.62963133613092082,-0.45360355587855505,0.12380568851562515,0.7853405699520537,0.42716615343363318,0.50727106000000011,0.33048567237752424,-0.02157265478459677,0.35838896980929213,0.026225369763442252,0.34003938467960104,0.20920073682699078,0.030120565739327476,-0.14529598250523296,-0.40946689363940458,0.50318602282934655,-0.43596800029345456,0.19796831845208346,-0.32683615501542534,-0.15790025638499702,0.74307248405400139,0.27411316905378241,0.13789858081897671,-0.82439323251234253,-0.67189904395976485,1.0,-0.2819134554369303,-0.45941104481038553,0.51276583141142262,0.56615940685170407,0.56326377792424109,-0.10440587659437209,-0.099159249065124841,0.81435359741728919,-0.24605589014871102,-0.25744035069554466,0.46702790822836315
0.13936568210826861,0.31611374785560259,0.012181117640666449,0.016734174752595119,0.24362876523695365,-0.057570310632523325,-0.043996439963280488,-0.22334595999999995,-0.10447523962679783,0.042532301903406206,0.40023683417012995,-0.053322867869374568,0.38114068426824232,0.091293629826812842,0.32422630852405676,0.66471062962552074,0.2925951576001008,-0.34911700090279435,0.4775333694312382,0.066719948590996794,-0.26695628636816315,-0.24133570283877384,-0.0024711595538533179,-0.16441299899432507,-0.017938356492438995,0.42009352773180964,0.40269335631500303,-0.2819134554369303,1.0,-0.19424949700651234,-0.23278703782822341,-0.38226225878921649,-0.13762688911363424,0.33968288011305819,0.53505803207746505,-0.14639723149312239,0.17471997259285982,0.095900830282980132,-0.31346250106316026
-0.15077550047691896,-0.1933277833547053,-0.2040496805814761,-0.35554147979875139,-0.36783768328519173,-0.59436440192544915,0.44128554716025858,0.2339137200000001,0.51805046284278777,-0.46955986269428773,-0.91068826702906636,-0.68763830751175781,-0.63272417269747427,-0.53584357914686231,-0.39567329424224618,-0.24901146223063253,0.18693066301963321,-0.17111940596939407,-0.51262256430116193,-0.34310729579579657,-0.21303616079364096,-0.29533100040180305,-0.21350180542996433,0.053290306415851307,-0.45824300752489405,0.40183527703361166,0.11565758084327099,-0.45941104481038553,-0.19424949700651234,1.0,0.28783027647777776,-0.063155975431493594,-0.16148333813735974,-0.47285952365388018,0.19678672223312971,-0.46604686008292323,-0.56668177807649378,-0.28366171699697151,0.29775403638577197
0.34545129539031305,-0.76300478611949674,0.66768784422789895,-0.74477864305290753,-0.60703737284728643,0.38611687343182355,0.62489351599928178,0.89034967999999992,0.55778671340099817,-0.015640207042695222,-0.17331005429119004,-0.32379024696649356,0.014230256260787888,0.21338353372793067,-0.2280930230004756,-0.37687890582880929,-0.52684729610838144,0.28138839128886634,-0.75649267688089483,-0.32436158548059008,-0.33316444711092913,-0.14987481347786719,0.43685702738928084,0.17000829844536805,0.0083586587436720958,-0.2765348004417309,-0.64462127701654259,0.51276583141142262,-0.23278703782822341,0.28783027647777776,1.0,0.48140905122320438,0.63258835839596783,-0.72865853670092751,-0.18470149883096726,0.29904867680963948,-0.52684146310836255,-0.38641902936061312,0.71170402137173472
0.34695385952659674,-0.81352510386087717,0.57568692913185238,-0.38322197698665766,-0.22256314647213496,0.6962331365379878,0.30321699449969641,0.74120439999999999,0.28985167330997447,0.24531600958602728,0.16006745624025925,0.1504826549395526,0.40091518887802391,0.20713926189522364,-0.27081176806340435,-0.17040030614053223,-0.46083366273905002,0.61046446242399532,-0.32977789125550722,0.11860338321947372,0.093631104304211316,0.19515629803688675,0.44682639432554383,-0.33721089032850426,-0.46660972992871314,-0.61538930036291617,-0.95817411158679422,0.56615940685170407,-0.38226225878921649,-0.063155975431493594,0.48140905122320438,1.0,0.75870487071141357,-0.61389939263062709,-0.32175638281740671,0.54221345897340389,-0.57226573756847987,-0.73677823675951704,0.89521211995688688
0.40690775873372986,-0.82487499031735212,0.60586722387587055,-0.22530586435896063,-0.3414744609982594,0.70451001521384082,0.18734005479365518,0.80400899999999997,0.10472877573075505,0.43397494515385288,0.21952962963787059,0.26273325058845265,0.21543146120375878,0.63078200318874122,-0.46671516648138595,-0.28607918152213524,-0.75027788124991446,0.44238699130166464,-0.33848154075547576,-0.23341284260071021,0.030705764344936645,0.31872917142653712,0.45813333910138088,-0.21670146294716056,-0.023805098595491979,-0.66765476324053896,-0.85929438082585818,0.56326377792424109,-0.13762688911363424,-0.16148333813735974,0.63258835839596783,0.75870487071141357,1.0,-0.68043436781253341,-0.2019619215331819,0.35865605990098631,-0.48749715918387387,-0.53693354040948327,0.6963826254323211
-0.12921460686667277,0.92028539100050444,-0.3390967600892742,0.37757085284916253,0.81584444578941739,-0.21940134021645788,-0.25338363153540433,-0.86441180000000006,-0.20801760658480953,-0.29441966491252941,0.31158484822146826,0.027016809220074545,0.1262716817862759,-0.31649168475003636,0.43048483554583095,0.51372973819118617,0.64259805816116533,-0.47438898674943375,0.53694992160819999,0.43294404831305594,-0.12777161446206714,-0.3158185968583796,-0.025047619288076275,0.22164075264735875,0.19382047590039264,0.15091893413518392,0.68393062342151234,-0.10440587659437209,0.33968288011305819,-0.47285952365388018,-0.72865853670092751,-0.61389939263062709,-0.68043436781253341,1.0,0.39016773290071433,0.120646638542786,0.55561778669561879,0.46031891017926035,-0.76203612783686991
0.10805235321229117,0.37209291502877206,0.0073761330048637413,-0.15892944870489184,0.63172250981297084,-0.16716173437341236,0.47516854279845977,-0.20296298000000002,0.45164391743864141,-0.65592449443852052,-0.19871865711267847,-0.62862804881719336,-0.20548164309677147,-0.42026689747505741,-0.24596728994123623,0.56801227083904049,0.47645935267724321,-0.42095592011953675,0.027866682951754096,-0.084790861795380312,-0.73512605540147535,-0.74797439952348277,0.40935545347831531,0.31244232030601859,-0.32623520514973503,0.078980305046288377,0.39693800915502125,-0.099159249065124841,0.53505803207746505,0.19678672223312971,-0.18470149883096726,-0.32175638281740671,-0.2019619215331819,0.39016773290071433,1.0,0.072490426698799335,-0.33793437373164525,-0.19980599333376042,-0.13025524443076436
0.57404719528219861,-0.20701210742648049,0.76050643214007507,-0.46070136054679856,0.34550991410902138,0.75292633365188621,0.48720198277722393,0.32498903999999995,0.44081256797499341,-0.20097865483031563,0.45712858752442492,-0.090732731815493128,0.53601738791392195,0.024417434192114985,0.013653428806436576,0.24734044619135426,-0.14995334666955981,0.20927942211130662,-0.20150480996743725,0.27703826801857462,-0.39482491331072639,-0.37041677486969254,0.81600432141340673,0.25576630802609368,-0.16402269756648727,-0.60522685946719024,-0.55503540894024939,0.81435359741728919,-0.14639723149312239,-0.46604686008292323,0.29904867680963948,0.54221345897340389,0.35865605990098631,0.120646638542786,0.072490426698799335,1.0,-0.23039838215590314,-0.39875411010031292,0.44137553734810875
-0.33063597154139795,0.55563892596255371,-0.31994117638714037,0.57449400317916144,0.053307499882286641,-0.11299461341175002,-0.71541990069314076,-0.62814409999999998,-0.73512595780735257,0.36260112722060756,0.50534369970187754,0.55143389786776975,0.21693868129475827,0.308918587600643,0.59539324614994393,0.16667711419130846,0.1232329842672074,-0.13862291752753883,0.67053829172683244,0.096982671161187042,0.40385462810554046,0.34395310512850902,-0.44412396965183476,0.023972595418900854,0.62889308775576636,0.36432586346862722,0.51810201419711843,-0.24605589014871102,0.17471997259285982,-0.56668177807649378,-0.52684146310836255,-0.57226573756847987,-0.48749715918387387,0.55561778669561879,-0.33793437373164525,-0.23039838215590314,1.0,0.82696337027012234,-0.77573715363371754
-0.54363826572638996,0.53250057976916276,-0.45483075708596965,0.49385588188612711,-0.019035768764468344,-0.306159492355705,-0.53270890506180568,-0.56675023999999996,-0.57076737666957345,0.15185650179456325,0.17059705681927581,0.27980995899095495,-0.18516004557313059,0.16702958528916886,0.43773085981247073,0.0010210250085147601,0.13578254870613102,-0.20002108527584847,0.40222731238975157,-0.15512204815200184,0.17345476906346474,0.1849728984743477,-0.4109543570899386,0.21718632007762653,0.70621298233799279,0.38279791811329117,0.64264740197967585,-0.25744035069554466,0.095900830282980132,-0.28366171699697151,-0.38641902936061312,-0.73677823675951704,-0.53693354040948327,0.46031891017926035,-0.19980599333376042,-0.39875411010031292,0.82696337027012234,1.0,-0.79486718671892287
0.36132963650279709,-0.88075589004932742,0.64218920896738751,-0.67136162704372104,-0.37107073353491105,0.52967908477899528,0.61885832821287845,0.89357142000000001,0.59509155421055138,-0.019256711372652752,-0.12816047608847703,-0.24206336236559894,0.20992498491068526,0.025560453862232373,-0.3571073444363545,-0.16016077353030966,-0.39103260399146511,0.50190396104441803,-0.57065525988002741,-0.08520544670582797,-0.19919646960063805,-0.090897448814875437,0.49807657105501663,-0.16791833096991801,-0.57135731120027833,-0.41286396357731975,-0.87512849708824669,0.46702790822836315,-0.31346250106316026,0.29775403638577197,0.71170402137173472,0.89521211995688688,0.6963826254323211,-0.76203612783686991,-0.13025524443076436,0.44137553734810875,-0.77573715363371754,-0.79486718671892287,1.0
