1.000000000000000000e+00,-3.010650244724557556e-01,-1.196032955370807810e-01,-1.862441582405307550e-01,3.989619352221681070e-01,2.721704901191538961e-01,4.033950544594269022e-02,-4.624164799947398374e-01,5.015202026199694352e-01,1.121057270623815882e-01,-2.805619107178791150e-01,-4.168646269747551258e-01,-4.659003689658839376e-01,4.012574175453190173e-01,-2.515154966567481609e-01,1.409962135729081467e-02,-1.628080225282710070e-01,-5.789663838198424450e-01,2.025702048072424710e-01,-6.538210022347166195e-01,-2.502728494560715888e-01,3.380811634400139876e-01,-3.517400479648887801e-01,2.185544341988309436e-01,5.319004835023678768e-02,-5.600833777571682937e-02,1.753869170266431909e-01,-3.861951297738886457e-01,-1.941652065119398585e-01,-5.264220065720981445e-01,-3.293660472274867468e-01,2.621402600000000138e-01,-4.441571602523233242e-01,4.452017007146149008e-01,-4.986023458629819105e-01,-5.940685720534606695e-02,2.216935739999630617e-01,1.139093722462311137e-01,4.393338566445299520e-01
-3.010650244724557556e-01,1.000000000000000000e+00,5.046042998273005953e-01,-1.789220116524422866e-01,1.231509864372282853e-01,6.268251752062860283e-02,-6.362294120029481255e-03,-1.127840327501073298e-01,-4.204980975486125039e-01,-3.820048980470599487e-01,4.476292558177540348e-01,7.581422452146492352e-01,-3.923151776167201898e-01,-3.050880132074883511e-01,4.746560631449565082e-01,-6.727426898996889948e-01,5.101804715764393094e-01,4.344948150537573106e-01,-4.330747703752137467e-01,5.290677076213705643e-01,1.420005687088864987e-01,-6.823745340853257790e-01,-1.796651008388555903e-01,1.378474494126765426e-01,4.753277866204613233e-01,3.944419765419653057e-02,3.104871744244352971e-01,7.417282689062970613e-01,4.816544335322488490e-01,3.203913827598541264e-01,4.647107865169896601e-01,-4.678881599999999974e-01,7.846402884447248871e-01,-6.939337211395453231e-01,5.363243756241801163e-01,2.074837736213538952e-01,1.084297916173416476e-01,4.366683812844785462e-01,-1.381467637507505786e-01
-1.196032955370807810e-01,5.046042998273005953e-01,1.000000000000000000e+00,-7.928684172695827925e-01,1.954950775681379427e-01,7.102655212696133979e-01,-7.964478740112121979e-01,-1.376524490927646949e-01,-8.508817612597172064e-02,7.931598984123830465e-02,2.756069300154146418e-01,6.542075812297628579e-01,-4.596374169396552078e-01,1.517118184811143133e-01,9.715863899257285441e-01,-1.245246503293662155e-02,9.599701717064613726e-01,2.012403624969529847e-01,-7.662697749145260806e-01,1.773138353690991709e-01,-5.183034562135832024e-01,-9.159308370579900549e-01,6.441749932434848169e-04,2.914993705036622029e-01,4.567821545817420947e-01,1.916144933608576739e-01,8.820368942468220785e-01,1.767980655943666712e-01,4.629795772478666471e-01,4.770160454709610476e-01,1.713428344205698492e-02,-9.617341200000000256e-01,4.673560100747038426e-01,-5.460039530072915426e-01,4.986148723176629383e-01,7.061604726616476091e-01,2.188329876594561907e-01,9.651757239376787534e-02,3.318467768331972989e-01
-1.862441582405307550e-01,-1.789220116524422866e-01,-7.928684172695827925e-01,1.000000000000000000e+00,-2.998024406453657087e-01,-7.643572146378940779e-01,7.635620720396132377e-01,5.646978811853693436e-01,-4.947335577404111118e-01,-2.208601011634470923e-01,-1.580125099368623609e-01,-2.854591437913733265e-01,4.945396065172764644e-01,-6.658337982124938881e-01,-7.215558527417454959e-01,-2.160946976245492479e-01,-6.523643997068907519e-01,3.952613209949524808e-01,7.607507903074242073e-01,3.151255145000854685e-01,4.242267011951778577e-01,5.840509052001051638e-01,-5.095437234723597386e-02,-5.358157218535208877e-01,-2.230064258734627547e-01,8.796832651751604337e-02,-9.642796725794924306e-01,4.869172536038306361e-03,-1.974761001075723554e-01,5.048591581892474672e-02,4.706026093469954652e-02,6.499969599999999570e-01,-6.481455997765936394e-02,-3.951098866137355003e-02,5.996790967745496692e-02,-4.777577862800621578e-01,-4.376815185265190977e-01,1.878109911454246550e-01,-3.439580208047789411e-01
3.989619352221681070e-01,1.231509864372282853e-01,1.954950775681379427e-01,-2.998024406453657087e-01,1.000000000000000000e+00,4.449355643061088106e-01,-2.119527725050567857e-01,-5.538090996141055156e-01,3.698584237657648321e-01,6.647449383681424129e-01,-5.130773191788547960e-01,1.777083589213367121e-01,-3.173896268382824792e-01,4.668199768959129803e-01,1.771995784699569032e-01,-3.087542402057702473e-01,1.290018761667694747e-01,-3.828242681044984330e-01,-2.523951119470633220e-01,-4.262384633623553243e-01,1.093495759555241642e-01,-8.817477190097612605e-02,5.755278630446618998e-02,8.748813053643469395e-01,-1.894218450421722988e-01,-6.276192377609798312e-01,3.413109932485489106e-01,2.650510181108558724e-02,-4.052480118558849376e-01,-4.405276509673833329e-01,-3.312380450571563717e-01,8.801099999999895118e-03,-1.719078708139091527e-01,1.207584860033575902e-01,-3.340478718332721142e-01,1.266743533545585942e-01,-2.008908771369309620e-01,9.454544226702095433e-02,3.648251209876586243e-01
2.721704901191538961e-01,6.268251752062860283e-02,7.102655212696133979e-01,-7.643572146378940779e-01,4.449355643061088106e-01,1.000000000000000000e+00,-7.952132477071440775e-01,-2.735390545311914279e-01,3.835641408010442843e-01,3.340202668616806814e-01,-3.368912432739233354e-01,9.882535475051436313e-02,-5.215003623269652833e-01,4.675567648848135138e-01,6.379770771922981254e-01,2.843555636742809423e-01,6.255526385764137443e-01,-2.705951334539468123e-01,-6.003129441070215178e-01,-3.664699848008227123e-01,-6.337626901647936961e-01,-4.266796161561663414e-01,-3.012874285812061625e-01,5.460682267068545093e-01,-1.292052349126419919e-02,1.062265145588139753e-01,8.029610942866608481e-01,-3.565625922014840077e-01,-1.891014276000057837e-01,6.593349207330870265e-02,-4.934944036986101956e-01,-6.136218799999999529e-01,-1.378279720517468776e-01,-3.956662154527131742e-02,-3.706770932321062223e-02,5.276995146513911994e-01,4.252090666652082462e-01,-3.745447119177665596e-01,3.633302986626961162e-01
4.033950544594269022e-02,-6.362294120029481255e-03,-7.964478740112121979e-01,7.635620720396132377e-01,-2.119527725050567857e-01,-7.952132477071440775e-01,1.000000000000000000e+00,3.786209935930736487e-02,-2.393481492335087779e-01,-3.749060247828084336e-01,1.595335046548126690e-01,-1.915355715105972745e-01,2.558866912988606579e-01,-4.537801472549449211e-01,-7.773648344642101193e-01,-5.206606607914214813e-01,-6.829315634014229142e-01,9.585784541278385973e-02,7.523809579132911818e-01,2.506051057492411638e-01,5.753830284160244002e-01,5.459061499057917821e-01,-1.610171650812624103e-02,-3.831502143964364282e-01,-5.024725663441288737e-02,-2.114024838868839018e-01,-7.904881154511420593e-01,3.482726812471569344e-01,-3.960458801885823749e-02,-3.568329854827224090e-01,4.548016873963728335e-01,7.780678400000000661e-01,1.038614612727560838e-01,1.117050316055068077e-01,-1.620307141051547939e-01,-8.066932649902393004e-01,-2.056029125179925920e-01,3.598152332075753579e-01,-5.461466187021084551e-01
-4.624164799947398374e-01,-1.127840327501073298e-01,-1.376524490927646949e-01,5.646978811853693436e-01,-5.538090996141055156e-01,-2.735390545311914279e-01,3.786209935930736487e-02,1.000000000000000000e+00,-7.329614269691657746e-01,-1.283250346463462033e-01,-2.340751501342716936e-02,-1.427903925479996963e-02,5.537800036543139015e-01,-7.415481247329728243e-01,-2.716884713659472803e-02,2.751051582276712315e-01,-1.537164096620017954e-02,7.601213238637805070e-01,2.640273128166033545e-01,5.061231203960220304e-01,-1.802103254255989495e-01,2.876805993774866899e-02,-8.430353102373393248e-02,-6.930362739381303872e-01,-5.592137928217865567e-02,6.035593190970726107e-01,-5.191025623828176006e-01,-2.243148639673655798e-01,4.127567499884143842e-02,7.430267221514612608e-01,-2.235955108567498073e-01,-1.293502800000000397e-01,6.184767098309391226e-02,-4.466893022004024827e-01,6.209803644972264891e-01,8.743805315404679090e-02,-3.562296744239684676e-01,-5.847842695806981100e-02,-7.120796156933717480e-02
5.015202026199694352e-01,-4.204980975486125039e-01,-8.508817612597172064e-02,-4.947335577404111118e-01,3.698584237657648321e-01,3.835641408010442843e-01,-2.393481492335087779e-01,-7.329614269691657746e-01,1.000000000000000000e+00,3.019333922784198099e-01,-4.019495704892692700e-01,-5.345784751429312198e-01,-2.941147121253102070e-01,9.372122714885764427e-01,-1.895754814368303676e-01,3.957715269604222819e-01,-2.726271890921084240e-01,-9.824035171609644124e-01,-2.180366092468121741e-01,-8.837555794087271765e-01,1.490693047008935165e-02,3.752567549397844981e-01,-5.198176786300161972e-02,6.163433839362163491e-01,-3.552376221232198539e-01,-3.737533442262833683e-01,3.746766709386791239e-01,-4.050704466471140019e-01,-4.916141904296585374e-01,-7.546625917578327902e-01,-3.011664264011441605e-01,2.809049800000000818e-01,-6.579339771129278924e-01,8.583675954996715651e-01,-8.866547556114894313e-01,-7.494333205330985445e-03,4.661636804063410411e-01,-5.225217336476005725e-01,1.888379450742318777e-01
1.121057270623815882e-01,-3.820048980470599487e-01,7.931598984123830465e-02,-2.208601011634470923e-01,6.647449383681424129e-01,3.340202668616806814e-01,-3.749060247828084336e-01,-1.283250346463462033e-01,3.019333922784198099e-01,1.000000000000000000e+00,-5.221881209217201780e-01,2.551966418599283318e-02,3.032154338796885784e-01,4.393805246432961886e-01,1.929263008202159180e-01,2.562210937915083697e-01,2.908292154851962324e-02,-2.608645930877874219e-01,-1.624908805950002477e-01,-3.719240759689409481e-01,1.042921739781912591e-02,2.750525249933240962e-02,4.853875130221914636e-01,5.888439130250670006e-01,-4.819343200177974573e-01,-5.842321850836003083e-01,1.371999254125572387e-01,-2.664998995454631592e-01,-5.106461280591105822e-01,-2.329934358848867182e-01,-4.960256312722384764e-01,-6.451760000000028583e-03,-4.104390769889202373e-01,2.475912351743464745e-01,-2.519758959652813046e-01,6.252605302842643986e-02,-5.265472474422797644e-01,-1.926087608661171402e-01,3.821164117813782846e-01
-2.805619107178791150e-01,4.476292558177540348e-01,2.756069300154146418e-01,-1.580125099368623609e-01,-5.130773191788547960e-01,-3.368912432739233354e-01,1.595335046548126690e-01,-2.340751501342716936e-02,-4.019495704892692700e-01,-5.221881209217201780e-01,1.000000000000000000e+00,5.575829188168612838e-01,-1.964439186356413056e-02,-3.089453540424224598e-01,2.994505027794881480e-01,-3.373050463887717898e-01,3.291841322247728296e-01,3.902172175654627928e-01,-7.257619128768358352e-02,6.185854974296135511e-01,7.197852860906851780e-02,-5.144040306001207430e-01,3.005596781335322931e-01,-4.635549477099537019e-01,6.320510830425490889e-01,1.154876887822119114e-01,1.360236572333241578e-01,6.930375357398439462e-01,8.919416650783039691e-01,2.932271942258515840e-01,8.445856341641728715e-01,-3.211005399999999899e-01,7.462604465158647615e-01,-4.476738284872145424e-01,5.126790301999398780e-01,-1.049681451073107424e-01,1.024127391104338695e-02,5.393255692262803880e-01,-2.195099456377248015e-01
-4.168646269747551258e-01,7.581422452146492352e-01,6.542075812297628579e-01,-2.854591437913733265e-01,1.777083589213367121e-01,9.882535475051436313e-02,-1.915355715105972745e-01,-1.427903925479996963e-02,-5.345784751429312198e-01,2.551966418599283318e-02,5.575829188168612838e-01,1.000000000000000000e+00,-7.808419991376527869e-02,-3.072621409800694869e-01,7.370879578529415665e-01,-5.681721395340754155e-01,7.114545317426977933e-01,5.814718346091274359e-01,-4.109822886948631404e-01,6.875452019448070606e-01,9.787228590484915725e-02,-8.851055268294193423e-01,3.432413038335875299e-01,1.090925441678222418e-01,5.173265108850958471e-01,-1.385506741075565318e-01,3.669291668231713377e-01,7.737019344227913376e-01,5.978001077623849024e-01,4.178855974068405588e-01,5.152753343378837503e-01,-6.488586199999999415e-01,8.636757875018626907e-01,-8.032341528624379334e-01,6.981495201161059816e-01,2.301755756591868096e-01,-2.949742312390855048e-01,5.933157425749595593e-01,-4.898888711335024071e-02
-4.659003689658839376e-01,-3.923151776167201898e-01,-4.596374169396552078e-01,4.945396065172764644e-01,-3.173896268382824792e-01,-5.215003623269652833e-01,2.558866912988606579e-01,5.537800036543139015e-01,-2.941147121253102070e-01,3.032154338796885784e-01,-1.964439186356413056e-02,-7.808419991376527869e-02,1.000000000000000000e+00,-3.082558996015596353e-01,-2.731618053502485877e-01,2.848851336020010727e-01,-4.189936879405901093e-01,3.009229749699811052e-01,3.846992500301863460e-01,2.802367013833785281e-01,3.630359671524111542e-01,2.952117541178528315e-01,4.826029568919927848e-01,-3.603859776241918889e-01,-2.854665397835208784e-01,-9.726269853529201370e-02,-6.322018764757784126e-01,-5.191609906212722725e-02,-2.294723010746190783e-01,1.169026729263610148e-01,-2.274442983032476384e-03,3.015510400000001034e-01,-1.467973286514357434e-01,6.236082569734968661e-02,1.214609625575574087e-01,-3.776565050256712186e-01,-5.598140616859154095e-01,-1.367475259785742026e-01,-3.364217243781793543e-01
4.012574175453190173e-01,-3.050880132074883511e-01,1.517118184811143133e-01,-6.658337982124938881e-01,4.668199768959129803e-01,4.675567648848135138e-01,-4.537801472549449211e-01,-7.415481247329728243e-01,9.372122714885764427e-01,4.393805246432961886e-01,-3.089453540424224598e-01,-3.072621409800694869e-01,-3.082558996015596353e-01,1.000000000000000000e+00,7.032643013430070478e-02,3.889463217266392325e-01,-6.202119179888741091e-02,-8.980183414295019872e-01,-4.405488324556674495e-01,-8.336663225769214147e-01,-1.351556011365383225e-02,1.314027045358844570e-01,1.030836798436744750e-01,7.286619760157051484e-01,-2.811489385866473567e-01,-4.413631835799763370e-01,5.566880624127988897e-01,-2.999274311833445283e-01,-3.447941444133071354e-01,-6.065384521551999697e-01,-2.967607679469851933e-01,5.008272000000002500e-02,-5.499199490771649046e-01,7.149608236891525914e-01,-7.270217658787373471e-01,1.995410809500769433e-01,3.229514583212260703e-01,-4.437943003725959290e-01,3.882113195710557574e-01
-2.515154966567481609e-01,4.746560631449565082e-01,9.715863899257285441e-01,-7.215558527417454959e-01,1.771995784699569032e-01,6.379770771922981254e-01,-7.773648344642101193e-01,-2.716884713659472803e-02,-1.895754814368303676e-01,1.929263008202159180e-01,2.994505027794881480e-01,7.370879578529415665e-01,-2.731618053502485877e-01,7.032643013430070478e-02,1.000000000000000000e+00,-1.482996921927409728e-03,9.533425917412376993e-01,3.149791442363013005e-01,-7.348945640664656942e-01,2.946221352087459722e-01,-4.410644511691904079e-01,-9.428598812660016204e-01,1.722857094743694140e-01,2.479669782815007717e-01,3.900352623653545736e-01,1.218553555980701891e-01,7.893825705588438657e-01,2.329119223533433758e-01,4.497538801402329867e-01,5.290348768871365737e-01,5.039328005551271805e-02,-9.630990999999999858e-01,5.100556310655445236e-01,-6.050579772520945365e-01,5.758442038854073575e-01,6.411256192852525793e-01,3.596541269854543893e-02,1.237835028594991005e-01,2.877884871627722219e-01
1.409962135729081467e-02,-6.727426898996889948e-01,-1.245246503293662155e-02,-2.160946976245492479e-01,-3.087542402057702473e-01,2.843555636742809423e-01,-5.206606607914214813e-01,2.751051582276712315e-01,3.957715269604222819e-01,2.562210937915083697e-01,-3.373050463887717898e-01,-5.681721395340754155e-01,2.848851336020010727e-01,3.889463217266392325e-01,-1.482996921927409728e-03,1.000000000000000000e+00,-1.226934020649494556e-01,-3.033138631353903270e-01,-1.668917101895134314e-01,-4.742541153080430671e-01,-3.761475159541770585e-01,2.774187047882148427e-01,-2.463284131646470421e-02,-9.379369725823127890e-02,-3.853592235539889943e-01,3.404587306258541890e-01,9.377775236819259341e-02,-7.832030686896378491e-01,-3.602843138340485751e-01,9.011949250424822200e-02,-6.002376833237008658e-01,-7.552088000000001244e-02,-6.782451500324858662e-01,4.819090393620796831e-01,-2.425701936556622362e-01,2.736911933407031872e-01,2.044975474228810652e-01,-7.514478536869915182e-01,2.703012990082908074e-01
-1.628080225282710070e-01,5.101804715764393094e-01,9.599701717064613726e-01,-6.523643997068907519e-01,1.290018761667694747e-01,6.255526385764137443e-01,-6.829315634014229142e-01,-1.537164096620017954e-02,-2.726271890921084240e-01,2.908292154851962324e-02,3.291841322247728296e-01,7.114545317426977933e-01,-4.189936879405901093e-01,-6.202119179888741091e-02,9.533425917412376993e-01,-1.226934020649494556e-01,1.000000000000000000e+00,3.741864693251473195e-01,-6.308117286906842480e-01,3.548604621644628199e-01,-5.675064105941950432e-01,-9.375171619905942055e-01,4.490831490121996450e-02,1.374012425735724185e-01,4.895232733231322797e-01,2.370552891034675980e-01,7.682139188816223818e-01,2.282089692524149616e-01,5.369282909359841538e-01,5.639507717731574443e-01,9.783471010432648329e-02,-9.552676199999999840e-01,5.903644347658820735e-01,-6.883364435077516941e-01,6.210167211830498468e-01,6.145057769519900459e-01,1.205417919088800499e-01,2.292749809924967130e-01,2.445654721582376789e-01
-5.789663838198424450e-01,4.344948150537573106e-01,2.012403624969529847e-01,3.952613209949524808e-01,-3.828242681044984330e-01,-2.705951334539468123e-01,9.585784541278385973e-02,7.601213238637805070e-01,-9.824035171609644124e-01,-2.608645930877874219e-01,3.902172175654627928e-01,5.814718346091274359e-01,3.009229749699811052e-01,-8.980183414295019872e-01,3.149791442363013005e-01,-3.033138631353903270e-01,3.741864693251473195e-01,1.000000000000000000e+00,1.046190218414478901e-01,8.986276002866834256e-01,-6.840675098760529149e-02,-4.697824894691293718e-01,6.963583816316065711e-02,-5.827204696725600819e-01,3.496989890482745666e-01,4.164970284195423922e-01,-2.765377280097248702e-01,3.741373789585216159e-01,4.844281649603816575e-01,8.250051484634841614e-01,2.648695318492175765e-01,-4.060312600000000050e-01,6.722824271599616708e-01,-8.916517689246034051e-01,9.269582374159546223e-01,1.113926326459925287e-01,-4.222688458460927552e-01,4.431091427566997698e-01,-1.820671335673886837e-01
2.025702048072424710e-01,-4.330747703752137467e-01,-7.662697749145260806e-01,7.607507903074242073e-01,-2.523951119470633220e-01,-6.003129441070215178e-01,7.523809579132911818e-01,2.640273128166033545e-01,-2.180366092468121741e-01,-1.624908805950002477e-01,-7.257619128768358352e-02,-4.109822886948631404e-01,3.846992500301863460e-01,-4.405488324556674495e-01,-7.348945640664656942e-01,-1.668917101895134314e-01,-6.308117286906842480e-01,1.046190218414478901e-01,1.000000000000000000e+00,1.260391746856000528e-01,2.161091770763495234e-01,6.407738236739939364e-01,-1.806815121301872523e-02,-5.366569356174012428e-01,-3.626549288687083532e-03,2.438770111646382591e-02,-7.783744788071594867e-01,-1.416288745418112505e-01,-1.198398500065725042e-01,-1.960507931861978359e-01,1.174862283235456051e-01,6.891834199999999910e-01,-1.525987745644793447e-01,1.733172073949962033e-01,-1.461829484391251321e-01,-5.877905770304492350e-01,-2.411128122032011323e-01,2.424913225166481223e-01,-3.828067684877000665e-01
-6.538210022347166195e-01,5.290677076213705643e-01,1.773138353690991709e-01,3.151255145000854685e-01,-4.262384633623553243e-01,-3.664699848008227123e-01,2.506051057492411638e-01,5.061231203960220304e-01,-8.837555794087271765e-01,-3.719240759689409481e-01,6.185854974296135511e-01,6.875452019448070606e-01,2.802367013833785281e-01,-8.336663225769214147e-01,2.946221352087459722e-01,-4.742541153080430671e-01,3.548604621644628199e-01,8.986276002866834256e-01,1.260391746856000528e-01,1.000000000000000000e+00,1.233916078853551646e-01,-5.205952767586888852e-01,2.373373090430411780e-01,-5.526853149664083809e-01,4.404810522533080808e-01,2.300392404743678010e-01,-2.339239044662004274e-01,6.393433592025569157e-01,5.953671628033565533e-01,6.181087188435576696e-01,6.274475844678670811e-01,-3.332479999999999887e-01,8.577037750765353907e-01,-8.362668414830320973e-01,8.186866058881795416e-01,-9.711406322734317254e-02,-3.055181201383800893e-01,5.294271156109945364e-01,-4.745353394997596230e-01
-2.502728494560715888e-01,1.420005687088864987e-01,-5.183034562135832024e-01,4.242267011951778577e-01,1.093495759555241642e-01,-6.337626901647936961e-01,5.753830284160244002e-01,-1.802103254255989495e-01,1.490693047008935165e-02,1.042921739781912591e-02,7.197852860906851780e-02,9.787228590484915725e-02,3.630359671524111542e-01,-1.351556011365383225e-02,-4.410644511691904079e-01,-3.761475159541770585e-01,-5.675064105941950432e-01,-6.840675098760529149e-02,2.161091770763495234e-01,1.233916078853551646e-01,1.000000000000000000e+00,2.886778689153125521e-01,3.380046550127411287e-01,1.366715576508443775e-01,-1.327324001270241971e-01,-5.300490733418302680e-01,-4.883051054201869023e-01,5.225977384590902997e-01,-1.614055303387574303e-01,-4.613135243004164443e-01,4.189887595914773555e-01,5.651563600000000243e-01,7.589920612942419043e-02,2.018997359672402570e-01,-2.710232774523984589e-01,-4.238297230138096117e-01,-3.321222402755851233e-01,2.383556073813527243e-01,-3.618864509918468531e-01
3.380811634400139876e-01,-6.823745340853257790e-01,-9.159308370579900549e-01,5.840509052001051638e-01,-8.817477190097612605e-02,-4.266796161561663414e-01,5.459061499057917821e-01,2.876805993774866899e-02,3.752567549397844981e-01,2.750525249933240962e-02,-5.144040306001207430e-01,-8.851055268294193423e-01,2.952117541178528315e-01,1.314027045358844570e-01,-9.428598812660016204e-01,2.774187047882148427e-01,-9.375171619905942055e-01,-4.697824894691293718e-01,6.407738236739939364e-01,-5.205952767586888852e-01,2.886778689153125521e-01,1.000000000000000000e+00,-1.752508716701350888e-01,-1.238633827883466876e-01,-5.511002412531821326e-01,-1.128649698058952766e-01,-6.795926158839251663e-01,-5.061287659654205573e-01,-6.394897902065793671e-01,-5.569631083262200910e-01,-3.255433402048780733e-01,9.134708199999999056e-01,-7.590131060260832951e-01,7.640393261429307969e-01,-6.980958059634623236e-01,-5.190080721927269325e-01,-6.535463921376502908e-03,-3.553310481474147298e-01,-1.239137321929598551e-01
-3.517400479648887801e-01,-1.796651008388555903e-01,6.441749932434848169e-04,-5.095437234723597386e-02,5.755278630446618998e-02,-3.012874285812061625e-01,-1.610171650812624103e-02,-8.430353102373393248e-02,-5.198176786300161972e-02,4.853875130221914636e-01,3.005596781335322931e-01,3.432413038335875299e-01,4.826029568919927848e-01,1.030836798436744750e-01,1.722857094743694140e-01,-2.463284131646470421e-02,4.490831490121996450e-02,6.963583816316065711e-02,-1.806815121301872523e-02,2.373373090430411780e-01,3.380046550127411287e-01,-1.752508716701350888e-01,1.000000000000000000e+00,4.805376897579163170e-02,-1.169708183404625929e-01,-5.739752734277586699e-01,-5.152659552018683253e-02,3.456042393192351181e-01,1.974239287410522459e-01,-8.644691423235488503e-02,3.898962354078624459e-01,2.522300000000088360e-03,1.913048965005387236e-01,1.155029309182558500e-02,2.176276598610946134e-02,-1.715260990029146004e-01,-6.286890846093524665e-01,2.629501422964179436e-01,-1.299345544082334408e-02
2.185544341988309436e-01,1.378474494126765426e-01,2.914993705036622029e-01,-5.358157218535208877e-01,8.748813053643469395e-01,5.460682267068545093e-01,-3.831502143964364282e-01,-6.930362739381303872e-01,6.163433839362163491e-01,5.888439130250670006e-01,-4.635549477099537019e-01,1.090925441678222418e-01,-3.603859776241918889e-01,7.286619760157051484e-01,2.479669782815007717e-01,-9.379369725823127890e-02,1.374012425735724185e-01,-5.827204696725600819e-01,-5.366569356174012428e-01,-5.526853149664083809e-01,1.366715576508443775e-01,-1.238633827883466876e-01,4.805376897579163170e-02,1.000000000000000000e+00,-2.842152988870071950e-01,-6.350460951246048591e-01,5.286735200785516176e-01,1.929492136787878606e-02,-4.408817504093072714e-01,-4.915885606927128948e-01,-2.988061695057817602e-01,-6.544399999999994666e-02,-2.419591607872012828e-01,2.936349302776596337e-01,-4.692453266740698181e-01,2.097177003046560018e-01,7.234448938480519953e-02,-2.218462609923065043e-01,2.914190630736701038e-01
5.319004835023678768e-02,4.753277866204613233e-01,4.567821545817420947e-01,-2.230064258734627547e-01,-1.894218450421722988e-01,-1.292052349126419919e-02,-5.024725663441288737e-02,-5.592137928217865567e-02,-3.552376221232198539e-01,-4.819343200177974573e-01,6.320510830425490889e-01,5.173265108850958471e-01,-2.854665397835208784e-01,-2.811489385866473567e-01,3.900352623653545736e-01,-3.853592235539889943e-01,4.895232733231322797e-01,3.496989890482745666e-01,-3.626549288687083532e-03,4.404810522533080808e-01,-1.327324001270241971e-01,-5.511002412531821326e-01,-1.169708183404625929e-01,-2.842152988870071950e-01,1.000000000000000000e+00,3.886872205808902248e-01,3.273813884263280793e-01,3.890442805793721259e-01,7.764742182690619332e-01,3.304832320763516629e-01,4.938003344730756972e-01,-4.662691399999999708e-01,6.441617311582994443e-01,-5.349550455292847451e-01,5.149149284452488873e-01,3.419530892869905303e-01,2.309571165126149128e-01,6.207488407199551750e-01,-8.825634416532868176e-02
-5.600833777571682937e-02,3.944419765419653057e-02,1.916144933608576739e-01,8.796832651751604337e-02,-6.276192377609798312e-01,1.062265145588139753e-01,-2.114024838868839018e-01,6.035593190970726107e-01,-3.737533442262833683e-01,-5.842321850836003083e-01,1.154876887822119114e-01,-1.385506741075565318e-01,-9.726269853529201370e-02,-4.413631835799763370e-01,1.218553555980701891e-01,3.404587306258541890e-01,2.370552891034675980e-01,4.164970284195423922e-01,2.438770111646382591e-02,2.300392404743678010e-01,-5.300490733418302680e-01,-1.128649698058952766e-01,-5.739752734277586699e-01,-6.350460951246048591e-01,3.886872205808902248e-01,1.000000000000000000e+00,7.285364754204241497e-03,-3.634146703513803089e-01,2.739467908057168222e-01,6.345362405892073232e-01,-1.839963188422334417e-01,-3.716047799999999679e-01,7.647917217089643394e-02,-3.355528177129752376e-01,4.663581675203053445e-01,4.099005354531360945e-01,4.217180626574401625e-01,-1.208724611056310738e-01,8.131628154203476497e-04
1.753869170266431909e-01,3.104871744244352971e-01,8.820368942468220785e-01,-9.642796725794924306e-01,3.413109932485489106e-01,8.029610942866608481e-01,-7.904881154511420593e-01,-5.191025623828176006e-01,3.746766709386791239e-01,1.371999254125572387e-01,1.360236572333241578e-01,3.669291668231713377e-01,-6.322018764757784126e-01,5.566880624127988897e-01,7.893825705588438657e-01,9.377775236819259341e-02,7.682139188816223818e-01,-2.765377280097248702e-01,-7.783744788071594867e-01,-2.339239044662004274e-01,-4.883051054201869023e-01,-6.795926158839251663e-01,-5.152659552018683253e-02,5.286735200785516176e-01,3.273813884263280793e-01,7.285364754204241497e-03,1.000000000000000000e+00,2.370068418942178692e-02,2.756348115179668157e-01,7.211868961960984925e-02,-5.603101267591185930e-02,-7.442930199999999719e-01,1.753426487208230300e-01,-1.224043092675264344e-01,5.457951826323663436e-02,6.189277582378922560e-01,4.517917766519066181e-01,-8.123162020472880773e-02,3.871726750660963168e-01
-3.861951297738886457e-01,7.417282689062970613e-01,1.767980655943666712e-01,4.869172536038306361e-03,2.650510181108558724e-02,-3.565625922014840077e-01,3.482726812471569344e-01,-2.243148639673655798e-01,-4.050704466471140019e-01,-2.664998995454631592e-01,6.930375357398439462e-01,7.737019344227913376e-01,-5.191609906212722725e-02,-2.999274311833445283e-01,2.329119223533433758e-01,-7.832030686896378491e-01,2.282089692524149616e-01,3.741373789585216159e-01,-1.416288745418112505e-01,6.393433592025569157e-01,5.225977384590902997e-01,-5.061287659654205573e-01,3.456042393192351181e-01,1.929492136787878606e-02,3.890442805793721259e-01,-3.634146703513803089e-01,2.370068418942178692e-02,1.000000000000000000e+00,5.587509734991206178e-01,3.346057937769286034e-02,8.403588353665956134e-01,-1.306797200000000547e-01,8.252130919196266623e-01,-5.080088269919036392e-01,3.792008168142242952e-01,-2.382139587208818021e-01,-2.345305243846852739e-01,6.489041843469445237e-01,-3.303041267889537114e-01
-1.941652065119398585e-01,4.816544335322488490e-01,4.629795772478666471e-01,-1.974761001075723554e-01,-4.052480118558849376e-01,-1.891014276000057837e-01,-3.960458801885823749e-02,4.127567499884143842e-02,-4.916141904296585374e-01,-5.106461280591105822e-01,8.919416650783039691e-01,5.978001077623849024e-01,-2.294723010746190783e-01,-3.447941444133071354e-01,4.497538801402329867e-01,-3.602843138340485751e-01,5.369282909359841538e-01,4.844281649603816575e-01,-1.198398500065725042e-01,5.953671628033565533e-01,-1.614055303387574303e-01,-6.394897902065793671e-01,1.974239287410522459e-01,-4.408817504093072714e-01,7.764742182690619332e-01,2.739467908057168222e-01,2.756348115179668157e-01,5.587509734991206178e-01,1.000000000000000000e+00,4.979616019866989207e-01,6.806328419916924943e-01,-5.133223199999999986e-01,7.704168560827608925e-01,-6.072554037969275509e-01,6.416360181212159564e-01,2.405705733072252273e-01,-4.752061596592874193e-03,6.484269503325331696e-01,4.174750697316181175e-02
-5.264220065720981445e-01,3.203913827598541264e-01,4.770160454709610476e-01,5.048591581892474672e-02,-4.405276509673833329e-01,6.593349207330870265e-02,-3.568329854827224090e-01,7.430267221514612608e-01,-7.546625917578327902e-01,-2.329934358848867182e-01,2.932271942258515840e-01,4.178855974068405588e-01,1.169026729263610148e-01,-6.065384521551999697e-01,5.290348768871365737e-01,9.011949250424822200e-02,5.639507717731574443e-01,8.250051484634841614e-01,-1.960507931861978359e-01,6.181087188435576696e-01,-4.613135243004164443e-01,-5.569631083262200910e-01,-8.644691423235488503e-02,-4.915885606927128948e-01,3.304832320763516629e-01,6.345362405892073232e-01,7.211868961960984925e-02,3.346057937769286034e-02,4.979616019866989207e-01,1.000000000000000000e+00,-3.112421316957494910e-02,-6.806983600000000578e-01,4.578904583000911188e-01,-7.811673948331487871e-01,8.988651311270929867e-01,5.064630442163188251e-01,-1.540279481079287194e-01,1.067607671117999230e-01,1.226653519074002996e-01
-3.293660472274867468e-01,4.647107865169896601e-01,1.713428344205698492e-02,4.706026093469954652e-02,-3.312380450571563717e-01,-4.934944036986101956e-01,4.548016873963728335e-01,-2.235955108567498073e-01,-3.011664264011441605e-01,-4.960256312722384764e-01,8.445856341641728715e-01,5.152753343378837503e-01,-2.274442983032476384e-03,-2.967607679469851933e-01,5.039328005551271805e-02,-6.002376833237008658e-01,9.783471010432648329e-02,2.648695318492175765e-01,1.174862283235456051e-01,6.274475844678670811e-01,4.189887595914773555e-01,-3.255433402048780733e-01,3.898962354078624459e-01,-2.988061695057817602e-01,4.938003344730756972e-01,-1.839963188422334417e-01,-5.603101267591185930e-02,8.403588353665956134e-01,6.806328419916924943e-01,-3.112421316957494910e-02,1.000000000000000000e+00,-3.266279999999954775e-03,7.619342007876772627e-01,-3.155542559744916598e-01,2.471236966701432503e-01,-3.515418717120391001e-01,-1.193147913206071831e-02,5.920880132714477773e-01,-5.267892708578716388e-01
2.621402600000000138e-01,-4.678881599999999974e-01,-9.617341200000000256e-01,6.499969599999999570e-01,8.801099999999895118e-03,-6.136218799999999529e-01,7.780678400000000661e-01,-1.293502800000000397e-01,2.809049800000000818e-01,-6.451760000000028583e-03,-3.211005399999999899e-01,-6.488586199999999415e-01,3.015510400000001034e-01,5.008272000000002500e-02,-9.630990999999999858e-01,-7.552088000000001244e-02,-9.552676199999999840e-01,-4.060312600000000050e-01,6.891834199999999910e-01,-3.332479999999999887e-01,5.651563600000000243e-01,9.134708199999999056e-01,2.522300000000088360e-03,-6.544399999999994666e-02,-4.662691399999999708e-01,-3.716047799999999679e-01,-7.442930199999999719e-01,-1.306797200000000547e-01,-5.133223199999999986e-01,-6.806983600000000578e-01,-3.266279999999954775e-03,1.000000000000000000e+00,-5.034480599999999750e-01,6.600449799999998923e-01,-6.694697000000000564e-01,-7.180664599999999620e-01,-1.474303599999999825e-01,-8.266158000000001227e-02,-2.841171200000000008e-01
-4.441571602523233242e-01,7.846402884447248871e-01,4.673560100747038426e-01,-6.481455997765936394e-02,-1.719078708139091527e-01,-1.378279720517468776e-01,1.038614612727560838e-01,6.184767098309391226e-02,-6.579339771129278924e-01,-4.104390769889202373e-01,7.462604465158647615e-01,8.636757875018626907e-01,-1.467973286514357434e-01,-5.499199490771649046e-01,5.100556310655445236e-01,-6.782451500324858662e-01,5.903644347658820735e-01,6.722824271599616708e-01,-1.525987745644793447e-01,8.577037750765353907e-01,7.589920612942419043e-02,-7.590131060260832951e-01,1.913048965005387236e-01,-2.419591607872012828e-01,6.441617311582994443e-01,7.647917217089643394e-02,1.753426487208230300e-01,8.252130919196266623e-01,7.704168560827608925e-01,4.578904583000911188e-01,7.619342007876772627e-01,-5.034480599999999750e-01,1.000000000000000000e+00,-8.348590936643760507e-01,7.242205024550140147e-01,5.874937341782963257e-02,-9.248013871743435144e-02,6.730888351195550845e-01,-3.210186559073052726e-01
4.452017007146149008e-01,-6.939337211395453231e-01,-5.460039530072915426e-01,-3.951098866137355003e-02,1.207584860033575902e-01,-3.956662154527131742e-02,1.117050316055068077e-01,-4.466893022004024827e-01,8.583675954996715651e-01,2.475912351743464745e-01,-4.476738284872145424e-01,-8.032341528624379334e-01,6.236082569734968661e-02,7.149608236891525914e-01,-6.050579772520945365e-01,4.819090393620796831e-01,-6.883364435077516941e-01,-8.916517689246034051e-01,1.733172073949962033e-01,-8.362668414830320973e-01,2.018997359672402570e-01,7.640393261429307969e-01,1.155029309182558500e-02,2.936349302776596337e-01,-5.349550455292847451e-01,-3.355528177129752376e-01,-1.224043092675264344e-01,-5.080088269919036392e-01,-6.072554037969275509e-01,-7.811673948331487871e-01,-3.155542559744916598e-01,6.600449799999998923e-01,-8.348590936643760507e-01,1.000000000000000000e+00,-9.412630945225783918e-01,-2.945139099688699469e-01,2.378110277214271484e-01,-5.334748520735059785e-01,7.331407477818299712e-02
-4.986023458629819105e-01,5.363243756241801163e-01,4.986148723176629383e-01,5.996790967745496692e-02,-3.340478718332721142e-01,-3.706770932321062223e-02,-1.620307141051547939e-01,6.209803644972264891e-01,-8.866547556114894313e-01,-2.519758959652813046e-01,5.126790301999398780e-01,6.981495201161059816e-01,1.214609625575574087e-01,-7.270217658787373471e-01,5.758442038854073575e-01,-2.425701936556622362e-01,6.210167211830498468e-01,9.269582374159546223e-01,-1.461829484391251321e-01,8.186866058881795416e-01,-2.710232774523984589e-01,-6.980958059634623236e-01,2.176276598610946134e-02,-4.692453266740698181e-01,5.149149284452488873e-01,4.663581675203053445e-01,5.457951826323663436e-02,3.792008168142242952e-01,6.416360181212159564e-01,8.988651311270929867e-01,2.471236966701432503e-01,-6.694697000000000564e-01,7.242205024550140147e-01,-9.412630945225783918e-01,1.000000000000000000e+00,3.094927482361694016e-01,-2.736951750332986544e-01,4.193410071546673223e-01,-1.573785278126831402e-02
-5.940685720534606695e-02,2.074837736213538952e-01,7.061604726616476091e-01,-4.777577862800621578e-01,1.266743533545585942e-01,5.276995146513911994e-01,-8.066932649902393004e-01,8.743805315404679090e-02,-7.494333205330985445e-03,6.252605302842643986e-02,-1.049681451073107424e-01,2.301755756591868096e-01,-3.776565050256712186e-01,1.995410809500769433e-01,6.411256192852525793e-01,2.736911933407031872e-01,6.145057769519900459e-01,1.113926326459925287e-01,-5.877905770304492350e-01,-9.711406322734317254e-02,-4.238297230138096117e-01,-5.190080721927269325e-01,-1.715260990029146004e-01,2.097177003046560018e-01,3.419530892869905303e-01,4.099005354531360945e-01,6.189277582378922560e-01,-2.382139587208818021e-01,2.405705733072252273e-01,5.064630442163188251e-01,-3.515418717120391001e-01,-7.180664599999999620e-01,5.874937341782963257e-02,-2.945139099688699469e-01,3.094927482361694016e-01,1.000000000000000000e+00,1.868826712665472289e-01,-5.171640666904352146e-02,5.648844578944067774e-01
2.216935739999630617e-01,1.084297916173416476e-01,2.188329876594561907e-01,-4.376815185265190977e-01,-2.008908771369309620e-01,4.252090666652082462e-01,-2.056029125179925920e-01,-3.562296744239684676e-01,4.661636804063410411e-01,-5.265472474422797644e-01,1.024127391104338695e-02,-2.949742312390855048e-01,-5.598140616859154095e-01,3.229514583212260703e-01,3.596541269854543893e-02,2.044975474228810652e-01,1.205417919088800499e-01,-4.222688458460927552e-01,-2.411128122032011323e-01,-3.055181201383800893e-01,-3.321222402755851233e-01,-6.535463921376502908e-03,-6.286890846093524665e-01,7.234448938480519953e-02,2.309571165126149128e-01,4.217180626574401625e-01,4.517917766519066181e-01,-2.345305243846852739e-01,-4.752061596592874193e-03,-1.540279481079287194e-01,-1.193147913206071831e-02,-1.474303599999999825e-01,-9.248013871743435144e-02,2.378110277214271484e-01,-2.736951750332986544e-01,1.868826712665472289e-01,1.000000000000000000e+00,-4.203109604949965550e-01,-2.263297702299978953e-01
1.139093722462311137e-01,4.366683812844785462e-01,9.651757239376787534e-02,1.878109911454246550e-01,9.454544226702095433e-02,-3.745447119177665596e-01,3.598152332075753579e-01,-5.847842695806981100e-02,-5.225217336476005725e-01,-1.926087608661171402e-01,5.393255692262803880e-01,5.933157425749595593e-01,-1.367475259785742026e-01,-4.437943003725959290e-01,1.237835028594991005e-01,-7.514478536869915182e-01,2.292749809924967130e-01,4.431091427566997698e-01,2.424913225166481223e-01,5.294271156109945364e-01,2.383556073813527243e-01,-3.553310481474147298e-01,2.629501422964179436e-01,-2.218462609923065043e-01,6.207488407199551750e-01,-1.208724611056310738e-01,-8.123162020472880773e-02,6.489041843469445237e-01,6.484269503325331696e-01,1.067607671117999230e-01,5.920880132714477773e-01,-8.266158000000001227e-02,6.730888351195550845e-01,-5.334748520735059785e-01,4.193410071546673223e-01,-5.171640666904352146e-02,-4.203109604949965550e-01,1.000000000000000000e+00,4.647772280187843080e-02
4.393338566445299520e-01,-1.381467637507505786e-01,3.318467768331972989e-01,-3.439580208047789411e-01,3.648251209876586243e-01,3.633302986626961162e-01,-5.461466187021084551e-01,-7.120796156933717480e-02,1.888379450742318777e-01,3.821164117813782846e-01,-2.195099456377248015e-01,-4.898888711335024071e-02,-3.364217243781793543e-01,3.882113195710557574e-01,2.877884871627722219e-01,2.703012990082908074e-01,2.445654721582376789e-01,-1.820671335673886837e-01,-3.828067684877000665e-01,-4.745353394997596230e-01,-3.618864509918468531e-01,-1.239137321929598551e-01,-1.299345544082334408e-02,2.914190630736701038e-01,-8.825634416532868176e-02,8.131628154203476497e-04,3.871726750660963168e-01,-3.303041267889537114e-01,4.174750697316181175e-02,1.226653519074002996e-01,-5.267892708578716388e-01,-2.841171200000000008e-01,-3.210186559073052726e-01,7.331407477818299712e-02,-1.573785278126831402e-02,5.648844578944067774e-01,-2.263297702299978953e-01,4.647772280187843080e-02,1.000000000000000000e+00
