1.000000000000000000e+00,4.935280422277563139e-02,-7.160911411064997401e-01,7.520293686215483442e-01,9.782405792836534886e-01,-6.829659746736146397e-01,-4.008405190913565397e-01,-4.518672999978571442e-02,4.226166017294102351e-01,6.209246348271380000e-01,7.347976706030810989e-01,6.039102629973347458e-01,-3.064782540445503689e-01,2.434670494906093774e-01,-1.498928306368545182e-01,4.971649904656597063e-01,7.965477168843668743e-01,3.026034082147701643e-01,-9.460009759071277280e-01,1.175526805067104580e-01,-8.331513600000000075e-01,-7.872447035296981088e-01,9.237832605568122579e-01,-2.219693899814582927e-01,-5.407014151662963286e-01,-4.272656745098666331e-01,-3.357858387129667999e-01,2.286268480824192040e-01,4.224979724611636622e-01,2.674364705614191706e-01,6.410592094088162218e-01,-7.847766837705724696e-02,8.852907634905719803e-02,1.247478408179147902e-01,7.224174548064538071e-02,-1.092918462699033894e-01,4.551820965769155514e-01,-7.220600825108933751e-01,5.041857447417815719e-01
4.935280422277563139e-02,1.000000000000000000e+00,-5.996992053910146225e-01,1.939370618338374930e-01,4.132981924937750851e-02,4.343626317295946615e-01,-2.836775258855721016e-01,-1.245428465839526350e-01,-6.545415900956137734e-02,-4.735418944148390152e-01,-1.042818742470515425e-01,-6.231561957940219276e-01,7.865077570714149036e-02,-4.334413724927260736e-01,-4.563731550192796083e-01,-5.274756782142008271e-01,-3.528640844564154833e-01,-1.634501777049689186e-02,-1.359852169558444790e-01,7.021567393048603334e-01,3.396127200000000901e-01,-5.008540302093783536e-01,1.713008377370935920e-01,1.251652712827094616e-01,7.249173777789250650e-01,-4.795363710063322293e-01,5.867130313594371982e-01,5.268770200804060583e-02,2.494590601383424588e-01,-3.749994369330259536e-01,-5.245286042749526256e-01,1.294869720286560139e-02,-7.678216126969269473e-01,-2.256666118611669880e-01,6.169969776960368968e-01,4.640161041113825546e-01,6.565569249536912233e-01,3.789330945798537464e-01,-5.784323231262300524e-01
-7.160911411064997401e-01,-5.996992053910146225e-01,1.000000000000000000e+00,-6.496808427120206453e-01,-6.684657164966154586e-01,1.401636224102361383e-01,1.960385741342873245e-01,1.624886643172367973e-01,-5.351127560630829505e-01,-6.380108674428891513e-02,-3.384017644437509187e-01,2.665157035524209905e-02,1.459162962367388794e-01,-8.808171108804128957e-02,6.058027138606710826e-01,2.885700383346956333e-02,-2.976274180655083534e-01,-6.579797892278116400e-02,7.405920063812144738e-01,-5.120948012517378967e-01,3.327795200000001064e-01,8.240093203839559122e-01,-7.601204296971921792e-01,-1.460491587944355019e-01,-8.831279008790415830e-02,5.748378132242950578e-01,-1.338142798216420404e-01,-8.988889198498527244e-02,-4.653847773009135991e-01,1.816866376330891070e-02,-1.259529335901946323e-01,-9.171439205172420006e-02,5.582455449539449610e-01,2.955253513096280371e-01,-5.116114827511578644e-01,-2.798173272961793079e-01,-7.335147320201316212e-01,2.841860219862527570e-01,1.091819173764337590e-02
7.520293686215483442e-01,1.939370618338374930e-01,-6.496808427120206453e-01,1.000000000000000000e+00,7.588152332025942526e-01,-3.640767059989761245e-01,-4.406574780707909200e-01,2.790463919959741967e-01,2.078627951850449684e-01,2.839503958763510694e-01,7.347058996248932994e-01,3.458448446356415795e-01,8.208744492360606215e-02,2.118997508831528542e-01,-3.725239842782528399e-01,2.784985199173575232e-01,4.816047851531943258e-01,4.418475432096714006e-01,-7.613459279570142790e-01,6.722798193804273292e-02,-5.454380800000000473e-01,-6.539358172021492166e-01,6.847830771863402388e-01,-1.748626589869536341e-01,-2.952586648955021209e-01,-5.292666357823817558e-01,2.853112750308626350e-02,-7.634269797933927737e-02,5.666968292032015936e-02,4.590049076131252903e-03,2.825917947553635567e-01,1.221537395937418446e-01,-4.652671045299527908e-02,4.679293796478593837e-02,2.144064630724090703e-01,-2.868282473732447491e-01,5.877494097742199664e-01,-4.341952980671740514e-01,2.472762698908864409e-01
9.782405792836534886e-01,4.132981924937750851e-02,-6.684657164966154586e-01,7.588152332025942526e-01,1.000000000000000000e+00,-6.190077089473109417e-01,-4.886964911225299413e-01,1.759121041816369413e-02,4.168315173957503617e-01,6.313063571680676000e-01,8.114120928546750822e-01,6.467860863144828665e-01,-3.204870826943857498e-01,2.814382044161727880e-01,-1.034832506981396838e-01,5.739442875299647362e-01,8.223285387853835893e-01,4.042677672273157219e-01,-9.797253976138713405e-01,-9.172846124266609280e-03,-8.736625199999999980e-01,-8.208225438228656801e-01,8.786141636403725919e-01,-2.123677156984239422e-01,-5.700007519988565807e-01,-3.905440021715521626e-01,-3.683546909468365937e-01,1.726565594349244170e-01,3.318941009599686853e-01,3.503230134939787632e-01,5.903989809494045726e-01,-9.580736632960351606e-02,1.621737585780767266e-01,1.772690798981234606e-01,1.684093532382828773e-01,-1.943936171611505559e-01,4.512553745749522949e-01,-7.440867922103386878e-01,5.731675223910979167e-01
-6.829659746736146397e-01,4.343626317295946615e-01,1.401636224102361383e-01,-3.640767059989761245e-01,-6.190077089473109417e-01,1.000000000000000000e+00,7.846003940896319195e-02,2.639777490717775676e-01,-7.116152897181926562e-02,-8.448778381519684855e-01,-3.584011990086186650e-01,-7.766248736704199906e-01,2.986022887992770269e-01,-5.382941384444633187e-02,-3.683815032158850311e-01,-5.774048287595521245e-01,-7.910669318593511745e-01,-9.491332333264007604e-02,4.947846490940828179e-01,-1.661264334615003904e-02,7.451559199999999716e-01,2.466853061523878177e-01,-6.826489557946963105e-01,4.405032438012880802e-01,7.575208590674865627e-01,-2.431536403317129114e-02,6.050538599538974882e-01,-5.214166979489542886e-01,-4.628700649528946776e-01,-3.368801808583242741e-01,-7.999105157625080453e-01,3.107772323830447769e-01,-5.254936665054157352e-01,-4.203525825366125068e-01,6.357171236729179942e-01,7.524278776610940356e-02,2.071171739804669176e-01,7.116578894302991731e-01,-5.788176483600496747e-01
-4.008405190913565397e-01,-2.836775258855721016e-01,1.960385741342873245e-01,-4.406574780707909200e-01,-4.886964911225299413e-01,7.846003940896319195e-02,1.000000000000000000e+00,-3.511178095961117740e-01,3.669835456682817298e-01,-1.042469710945847505e-01,-6.029179853795940680e-01,-1.022288373381707860e-01,2.481914002819716747e-01,2.560285719843112262e-01,-1.664547775754223191e-01,-3.406604635772160494e-02,-1.818856716975268961e-01,-2.814414547570294745e-01,4.371698969414739566e-01,6.065114234567732521e-02,2.600142999999999205e-01,5.157778327855953027e-01,-2.815396036722647155e-01,3.266481308225653857e-01,-2.451139356089164847e-02,4.728165820745251491e-01,-5.417363108597029325e-02,-1.122468463258981392e-01,1.281415031007131777e-01,1.051464418505023146e-01,-1.423094616901001142e-01,2.159482744673209553e-01,-1.277322443307916666e-01,-3.157605992402309769e-01,-3.572174131933139041e-01,1.452304393214410017e-01,-4.759446486653003405e-01,-3.305513182181925302e-03,5.094882352947817036e-03
-4.518672999978571442e-02,-1.245428465839526350e-01,1.624886643172367973e-01,2.790463919959741967e-01,1.759121041816369413e-02,2.639777490717775676e-01,-3.511178095961117740e-01,1.000000000000000000e+00,-1.708987225107272967e-01,-4.101782287996083576e-01,5.104053191623219021e-01,-1.161771358468906973e-01,5.358260316091266739e-01,3.388251467219285940e-01,-1.526508353547537389e-01,-1.793231493730623183e-01,-2.799577875874530997e-01,3.098867499281816040e-01,2.517107408593287701e-02,-4.422320620632617660e-01,1.500265199999999410e-01,1.872957990467926104e-01,-2.213438777014975489e-01,9.139614706758025786e-02,3.255647431722737822e-02,-5.519273060030330802e-01,4.959013148716127084e-01,-7.362569545513342195e-01,-7.797103517756461821e-01,-3.001712462836805817e-01,-6.662011434595659087e-02,5.611126403948237806e-01,2.061620642695464189e-01,-2.217005894731862159e-01,1.923159442882146353e-01,-5.827536327992216547e-01,4.418238690794056289e-01,2.840412075711636897e-01,-1.981678277602354765e-01
4.226166017294102351e-01,-6.545415900956137734e-02,-5.351127560630829505e-01,2.078627951850449684e-01,4.168315173957503617e-01,-7.116152897181926562e-02,3.669835456682817298e-01,-1.708987225107272967e-01,1.000000000000000000e+00,1.734023746767335561e-01,2.105566556788812382e-01,2.877332815326297810e-01,-1.348598240264756859e-02,7.066120514800928731e-01,-4.524428429660398709e-01,3.895216656004419353e-01,4.077812027934846206e-01,2.382180926261409926e-01,-5.247607250149263214e-01,-9.819951464476474323e-02,-4.392268599999999967e-01,-4.001305120941206495e-01,4.022976154185797792e-01,5.317592169773589506e-01,-3.408619056404379455e-01,4.321937343827276373e-02,-1.981595536694487902e-01,-3.019468916004230397e-01,1.806618204663418825e-01,5.650356629360446803e-01,1.403230539364252460e-01,3.888464696777276242e-01,-2.179390926280191931e-01,-4.588679745713600822e-01,3.070065920482483723e-01,-5.865967362984447764e-03,1.469938070525028118e-01,-5.705431489974688297e-01,4.706410733560161819e-01
6.209246348271380000e-01,-4.735418944148390152e-01,-6.380108674428891513e-02,2.839503958763510694e-01,6.313063571680676000e-01,-8.448778381519684855e-01,-1.042469710945847505e-01,-4.101782287996083576e-01,1.734023746767335561e-01,1.000000000000000000e+00,4.086137583608990820e-01,9.229777088691515363e-01,-5.692946206055449210e-01,8.854591235968582719e-02,3.878321280110055280e-01,8.539912981579316220e-01,9.379142728564210385e-01,1.885361005782477117e-01,-5.671315476545659706e-01,-2.087729721130365534e-01,-8.865452000000000332e-01,-3.259806438159346120e-01,5.465323717717134322e-01,-4.553835092408085039e-01,-8.560387246127758587e-01,3.430675185662318549e-01,-8.965986803496455160e-01,5.681557251800515296e-01,5.032878583249960069e-01,5.530794658827367094e-01,7.447812938881980260e-01,-5.369081469405161400e-01,5.684759825971382741e-01,6.368500881728760277e-01,-4.265162003559058168e-01,-2.408701979907763580e-01,-3.436716172601493868e-01,-8.598598486519842821e-01,8.475738485617236861e-01
7.347976706030810989e-01,-1.042818742470515425e-01,-3.384017644437509187e-01,7.347058996248932994e-01,8.114120928546750822e-01,-3.584011990086186650e-01,-6.029179853795940680e-01,5.104053191623219021e-01,2.105566556788812382e-01,4.086137583608990820e-01,1.000000000000000000e+00,5.899037516755658572e-01,-3.285455867166564570e-02,3.722261415302722254e-01,-1.161695179227282826e-01,5.383400141042260501e-01,6.098024823252345961e-01,6.215175435389752590e-01,-7.815955277040835814e-01,-3.278204447141155331e-01,-7.098403600000000591e-01,-5.499291215802361021e-01,5.016773529284880295e-01,-1.673811400658715975e-01,-5.558806472414882238e-01,-4.325128838366402162e-01,-1.626636596300057302e-01,-2.404993566193945054e-01,-1.124908664112403422e-01,2.139808802444156666e-01,4.769362293717551160e-01,1.318791185078083961e-01,2.938206565745468679e-01,2.317640067019310912e-01,1.905847764777496289e-01,-6.429889149400586090e-01,4.975503887915953549e-01,-5.512271408351548940e-01,5.098482479567606473e-01
6.039102629973347458e-01,-6.231561957940219276e-01,2.665157035524209905e-02,3.458448446356415795e-01,6.467860863144828665e-01,-7.766248736704199906e-01,-1.022288373381707860e-01,-1.161771358468906973e-01,2.877332815326297810e-01,9.229777088691515363e-01,5.899037516755658572e-01,1.000000000000000000e+00,-3.182745330329113109e-01,3.753233284329252073e-01,3.540249201169480830e-01,9.474970460726841459e-01,9.339426811610492818e-01,4.413703524867384487e-01,-5.879007946759557957e-01,-4.513670973436736400e-01,-9.244059199999999921e-01,-2.601586638823157882e-01,4.684958659585898855e-01,-3.055589183399321507e-01,-9.785946141556169930e-01,3.080443134080216860e-01,-8.018627678239949041e-01,2.178719990517160310e-01,2.102927775788101805e-01,6.703157580768175361e-01,7.096324423605038234e-01,-2.377194565535421522e-01,6.794422881270159031e-01,5.164773289562138991e-01,-3.969090898735985751e-01,-4.832183794600929949e-01,-3.143180756483643923e-01,-9.144421347072634321e-01,9.459144693029165607e-01
-3.064782540445503689e-01,7.865077570714149036e-02,1.459162962367388794e-01,8.208744492360606215e-02,-3.204870826943857498e-01,2.986022887992770269e-01,2.481914002819716747e-01,5.358260316091266739e-01,-1.348598240264756859e-02,-5.692946206055449210e-01,-3.285455867166564570e-02,-3.182745330329113109e-01,1.000000000000000000e+00,3.335312607118529615e-01,-2.137346063668949525e-01,-2.895023190462365781e-01,-4.493137057909503129e-01,4.401638598447247253e-01,3.006364827273234619e-01,3.138459100452899164e-02,4.040451800000000038e-01,2.888762882629198336e-01,-2.509923061763902896e-01,3.054324636150033689e-01,2.085535971223843876e-01,-2.128872692486532825e-01,7.280097535869710645e-01,-7.557319593809521674e-01,-5.930373803006451228e-01,-1.390282774672410571e-01,-5.049129895678678981e-01,8.323769109789334042e-01,-1.417040510931578678e-01,-4.852873067330079060e-01,-8.196146490844058441e-02,-1.377445377667331217e-01,1.247337051145108733e-01,2.706485238792883941e-01,-3.257698118639606455e-01
2.434670494906093774e-01,-4.334413724927260736e-01,-8.808171108804128957e-02,2.118997508831528542e-01,2.814382044161727880e-01,-5.382941384444633187e-02,2.560285719843112262e-01,3.388251467219285940e-01,7.066120514800928731e-01,8.854591235968582719e-02,3.722261415302722254e-01,3.753233284329252073e-01,3.335312607118529615e-01,1.000000000000000000e+00,-2.060615692955943268e-01,4.389215982354616186e-01,3.010574933144261056e-01,4.472938723054817323e-01,-3.248142594289139540e-01,-5.183264839966400528e-01,-3.752678000000000402e-01,-8.664840787813354872e-02,1.494932173096530370e-01,2.317598596186919158e-01,-4.698214379204974089e-01,3.385436024671682059e-02,-9.662094254518438508e-02,-6.295838643983390215e-01,-4.465931517501557924e-01,4.455146160821504830e-01,5.411215073582305995e-02,6.297267466453706497e-01,2.214624643664806769e-01,-4.764907862658345206e-01,1.238366805163565176e-01,-3.181222751699527285e-01,-9.542582701082047425e-03,-4.623212937801818301e-01,4.954155081427069618e-01
-1.498928306368545182e-01,-4.563731550192796083e-01,6.058027138606710826e-01,-3.725239842782528399e-01,-1.034832506981396838e-01,-3.683815032158850311e-01,-1.664547775754223191e-01,-1.526508353547537389e-01,-4.524428429660398709e-01,3.878321280110055280e-01,-1.161695179227282826e-01,3.540249201169480830e-01,-2.137346063668949525e-01,-2.060615692955943268e-01,1.000000000000000000e+00,2.887213191158837788e-01,1.946819358405383893e-01,2.049045323092424722e-02,2.182836720776740735e-01,-3.030666606439165189e-01,-1.497009000000000256e-01,2.615176438332244557e-01,-8.038361048079348259e-02,-3.755839050613274388e-01,-3.179275997259137787e-01,3.997024201695835721e-01,-4.263399382972727358e-01,3.857104348952096196e-01,-8.168763472188957098e-02,3.266470322128987025e-01,1.842044125070694260e-01,-3.919231804301699373e-01,7.033933581608440289e-01,4.423971512545255558e-01,-4.995194071797424140e-01,4.995057263085039834e-02,-6.320111081183820145e-01,-1.092221315928049719e-01,2.640319349909491242e-01
4.971649904656597063e-01,-5.274756782142008271e-01,2.885700383346956333e-02,2.784985199173575232e-01,5.739442875299647362e-01,-5.774048287595521245e-01,-3.406604635772160494e-02,-1.793231493730623183e-01,3.895216656004419353e-01,8.539912981579316220e-01,5.383400141042260501e-01,9.474970460726841459e-01,-2.895023190462365781e-01,4.389215982354616186e-01,2.887213191158837788e-01,1.000000000000000000e+00,8.944064623623779742e-01,5.490146795171489957e-01,-5.710620341676686529e-01,-4.827722885504940331e-01,-8.845354599999999401e-01,-2.965590900233481264e-01,3.629016920517489919e-01,-2.249644876279233152e-01,-9.109642593433590063e-01,4.464343706347814744e-01,-7.902940994484835002e-01,1.223114781753375235e-01,1.726583443799302453e-01,7.635721192432922688e-01,5.064825597529037937e-01,-2.057687813506340335e-01,5.768992319711457872e-01,4.839742730858309083e-01,-2.240446983351626065e-01,-4.898764578572780692e-01,-3.423988946435775338e-01,-9.203048430516682643e-01,9.865249335675327913e-01
7.965477168843668743e-01,-3.528640844564154833e-01,-2.976274180655083534e-01,4.816047851531943258e-01,8.223285387853835893e-01,-7.910669318593511745e-01,-1.818856716975268961e-01,-2.799577875874530997e-01,4.077812027934846206e-01,9.379142728564210385e-01,6.098024823252345961e-01,9.339426811610492818e-01,-4.493137057909503129e-01,3.010574933144261056e-01,1.946819358405383893e-01,8.944064623623779742e-01,1.000000000000000000e+00,3.942981549168346755e-01,-7.916202749215014434e-01,-2.066615197850210639e-01,-9.878824600000000178e-01,-5.502221652906817972e-01,6.998598313318366015e-01,-3.056249958995053140e-01,-8.697781422764845338e-01,1.660849372043056715e-01,-7.756388704617830365e-01,3.539449646269030580e-01,4.328336341171782342e-01,6.374282933651255201e-01,7.002078040635795197e-01,-3.073915351774491045e-01,4.469314650728587468e-01,4.512036296727559570e-01,-2.072087486994949879e-01,-2.817982502629203800e-01,-1.066735127448427550e-01,-9.604459451258107183e-01,8.956882375970020016e-01
3.026034082147701643e-01,-1.634501777049689186e-02,-6.579797892278116400e-02,4.418475432096714006e-01,4.042677672273157219e-01,-9.491332333264007604e-02,-2.814414547570294745e-01,3.098867499281816040e-01,2.382180926261409926e-01,1.885361005782477117e-01,6.215175435389752590e-01,4.413703524867384487e-01,4.401638598447247253e-01,4.472938723054817323e-01,2.049045323092424722e-02,5.490146795171489957e-01,3.942981549168346755e-01,1.000000000000000000e+00,-4.465068297766481287e-01,-2.361226308794975581e-01,-4.533837600000000245e-01,-3.901325997864533712e-01,1.992014958822012904e-01,6.884594196151391787e-02,-4.146453654976177683e-01,2.891703790186607101e-02,4.554811755897462955e-02,-4.802321989652360568e-01,-2.965339236902752584e-01,5.187512971226115877e-01,-9.197660321220955948e-02,4.332100244725365923e-01,1.569298918835022594e-01,9.220206671043409963e-02,9.673836855567106985e-02,-4.563732144345339914e-01,1.049589264024060054e-01,-5.089470151757242711e-01,4.944432042689368978e-01
-9.460009759071277280e-01,-1.359852169558444790e-01,7.405920063812144738e-01,-7.613459279570142790e-01,-9.797253976138713405e-01,4.947846490940828179e-01,4.371698969414739566e-01,2.517107408593287701e-02,-5.247607250149263214e-01,-5.671315476545659706e-01,-7.815955277040835814e-01,-5.879007946759557957e-01,3.006364827273234619e-01,-3.248142594289139540e-01,2.182836720776740735e-01,-5.710620341676686529e-01,-7.916202749215014434e-01,-4.465068297766481287e-01,1.000000000000000000e+00,-1.549940768357581204e-02,8.454460999999999782e-01,8.794089982851778231e-01,-8.493361302207463881e-01,1.134609207346453652e-01,5.056722612456927557e-01,3.529318697589706177e-01,3.319581020973224605e-01,-1.063394532464114334e-01,-3.389698815106008678e-01,-3.892058080777325291e-01,-4.777108243264827081e-01,4.828819370353102519e-02,-3.792943641687674533e-02,-1.146995662722503639e-01,-3.071605236465596023e-01,1.754105352392256734e-01,-4.893440752410994632e-01,7.441327165399558297e-01,-5.718537071539512295e-01
1.175526805067104580e-01,7.021567393048603334e-01,-5.120948012517378967e-01,6.722798193804273292e-02,-9.172846124266609280e-03,-1.661264334615003904e-02,6.065114234567732521e-02,-4.422320620632617660e-01,-9.819951464476474323e-02,-2.087729721130365534e-01,-3.278204447141155331e-01,-4.513670973436736400e-01,3.138459100452899164e-02,-5.183264839966400528e-01,-3.030666606439165189e-01,-4.827722885504940331e-01,-2.066615197850210639e-01,-2.361226308794975581e-01,-1.549940768357581204e-02,1.000000000000000000e+00,2.698002999999999929e-01,-3.166475880882516081e-01,2.763242427082721608e-01,-5.210278980442219904e-02,5.126863740133852376e-01,-2.934470165724175628e-01,3.877031015341163012e-01,3.593465069710812809e-01,5.701615382560220047e-01,-4.108769301229253657e-01,-1.491082555564386958e-01,-4.655724132614802446e-02,-7.095101231250124929e-01,-1.066173212362618722e-01,2.737314208176211058e-02,6.400429471427564465e-01,3.316787291525242209e-01,2.183418531168621335e-01,-5.044688731217932265e-01
-8.331513600000000075e-01,3.396127200000000901e-01,3.327795200000001064e-01,-5.454380800000000473e-01,-8.736625199999999980e-01,7.451559199999999716e-01,2.600142999999999205e-01,1.500265199999999410e-01,-4.392268599999999967e-01,-8.865452000000000332e-01,-7.098403600000000591e-01,-9.244059199999999921e-01,4.040451800000000038e-01,-3.752678000000000402e-01,-1.497009000000000256e-01,-8.845354599999999401e-01,-9.878824600000000178e-01,-4.533837600000000245e-01,8.454460999999999782e-01,2.698002999999999929e-01,1.000000000000000000e+00,5.893154800000000026e-01,-7.112526200000000021e-01,2.632329600000000713e-01,8.656348799999999954e-01,-6.820239999999999636e-02,7.149885600000001062e-01,-2.458703399999999650e-01,-3.358211599999999519e-01,-6.308764000000000038e-01,-6.901357000000000186e-01,2.237805600000000172e-01,-4.518717599999999557e-01,-3.923872600000000155e-01,1.156265599999999338e-01,3.439208000000000265e-01,6.183279999999902188e-03,9.477671599999999419e-01,-8.885724600000000084e-01
-7.872447035296981088e-01,-5.008540302093783536e-01,8.240093203839559122e-01,-6.539358172021492166e-01,-8.208225438228656801e-01,2.466853061523878177e-01,5.157778327855953027e-01,1.872957990467926104e-01,-4.001305120941206495e-01,-3.259806438159346120e-01,-5.499291215802361021e-01,-2.601586638823157882e-01,2.888762882629198336e-01,-8.664840787813354872e-02,2.615176438332244557e-01,-2.965590900233481264e-01,-5.502221652906817972e-01,-3.901325997864533712e-01,8.794089982851778231e-01,-3.166475880882516081e-01,5.893154800000000026e-01,1.000000000000000000e+00,-7.773810168228343365e-01,7.530038618077999901e-02,1.255395980783364784e-01,3.618577284372648251e-01,1.081349883546135343e-01,-1.833795641027048950e-01,-3.888607892570700719e-01,-2.560255969938685650e-01,-1.464512738964259819e-01,7.821301578039667468e-02,2.889509600128831734e-01,-1.224227611212022789e-02,-5.024394274319771148e-01,-1.596359226602705184e-01,-5.593439342228641031e-01,5.009266351207686263e-01,-2.918745220730695200e-01
9.237832605568122579e-01,1.713008377370935920e-01,-7.601204296971921792e-01,6.847830771863402388e-01,8.786141636403725919e-01,-6.826489557946963105e-01,-2.815396036722647155e-01,-2.213438777014975489e-01,4.022976154185797792e-01,5.465323717717134322e-01,5.016773529284880295e-01,4.684958659585898855e-01,-2.509923061763902896e-01,1.494932173096530370e-01,-8.038361048079348259e-02,3.629016920517489919e-01,6.998598313318366015e-01,1.992014958822012904e-01,-8.493361302207463881e-01,2.763242427082721608e-01,-7.112526200000000021e-01,-7.773810168228343365e-01,1.000000000000000000e+00,-1.813992227490578424e-01,-3.993165829433791836e-01,-4.064149056858336606e-01,-2.567719244177435467e-01,3.398841502703885964e-01,4.928435670221048559e-01,2.738180429342609301e-01,4.791523833046134606e-01,-1.071122029387926444e-01,1.877553067913061580e-03,-2.004011634699643177e-02,2.694834992461706685e-02,1.899460847539997665e-01,3.845396602375855122e-01,-6.382504743929012792e-01,3.679152711557210909e-01
-2.219693899814582927e-01,1.251652712827094616e-01,-1.460491587944355019e-01,-1.748626589869536341e-01,-2.123677156984239422e-01,4.405032438012880802e-01,3.266481308225653857e-01,9.139614706758025786e-02,5.317592169773589506e-01,-4.553835092408085039e-01,-1.673811400658715975e-01,-3.055589183399321507e-01,3.054324636150033689e-01,2.317598596186919158e-01,-3.755839050613274388e-01,-2.249644876279233152e-01,-3.056249958995053140e-01,6.884594196151391787e-02,1.134609207346453652e-01,-5.210278980442219904e-02,2.632329600000000713e-01,7.530038618077999901e-02,-1.813992227490578424e-01,1.000000000000000000e+00,2.020075415754822856e-01,-2.473089912952228589e-02,3.426091256561860088e-01,-5.316424685036500453e-01,-1.065333339170067839e-01,2.977879277423446380e-01,-2.678391976843837452e-01,5.279838477303130384e-01,-4.004518142677937487e-01,-5.508490288586774808e-01,3.159232782602161560e-01,4.816787014083139667e-02,1.450874863138760795e-01,1.357911609208726778e-01,-1.436442256634074266e-01
-5.407014151662963286e-01,7.249173777789250650e-01,-8.831279008790415830e-02,-2.952586648955021209e-01,-5.700007519988565807e-01,7.575208590674865627e-01,-2.451139356089164847e-02,3.255647431722737822e-02,-3.408619056404379455e-01,-8.560387246127758587e-01,-5.558806472414882238e-01,-9.785946141556169930e-01,2.085535971223843876e-01,-4.698214379204974089e-01,-3.179275997259137787e-01,-9.109642593433590063e-01,-8.697781422764845338e-01,-4.146453654976177683e-01,5.056722612456927557e-01,5.126863740133852376e-01,8.656348799999999954e-01,1.255395980783364784e-01,-3.993165829433791836e-01,2.020075415754822856e-01,1.000000000000000000e+00,-3.027556609958983458e-01,7.504057467086409083e-01,-9.743287194425755138e-02,-1.321631869379969459e-01,-6.629659563059312477e-01,-7.232184031379713662e-01,1.098984682500126070e-01,-7.024465759142546339e-01,-4.197827766574839803e-01,4.632960220723523204e-01,5.364411680069400834e-01,3.431812018099415496e-01,8.813466896726992461e-01,-9.222145747629962864e-01
-4.272656745098666331e-01,-4.795363710063322293e-01,5.748378132242950578e-01,-5.292666357823817558e-01,-3.905440021715521626e-01,-2.431536403317129114e-02,4.728165820745251491e-01,-5.519273060030330802e-01,4.321937343827276373e-02,3.430675185662318549e-01,-4.325128838366402162e-01,3.080443134080216860e-01,-2.128872692486532825e-01,3.385436024671682059e-02,3.997024201695835721e-01,4.464343706347814744e-01,1.660849372043056715e-01,2.891703790186607101e-02,3.529318697589706177e-01,-2.934470165724175628e-01,-6.820239999999999636e-02,3.618577284372648251e-01,-4.064149056858336606e-01,-2.473089912952228589e-02,-3.027556609958983458e-01,1.000000000000000000e+00,-5.798718468519489244e-01,2.197273780307169855e-01,9.726119471619532053e-02,5.097898853701203770e-01,-7.168521000142875910e-02,-3.033962303382040093e-01,2.730577206553089220e-01,3.413306786250142610e-01,-3.705224239386922802e-01,-2.293108583135443010e-02,-9.001552488780286687e-01,-2.584778744349567337e-01,4.603010089827918039e-01
-3.357858387129667999e-01,5.867130313594371982e-01,-1.338142798216420404e-01,2.853112750308626350e-02,-3.683546909468365937e-01,6.050538599538974882e-01,-5.417363108597029325e-02,4.959013148716127084e-01,-1.981595536694487902e-01,-8.965986803496455160e-01,-1.626636596300057302e-01,-8.018627678239949041e-01,7.280097535869710645e-01,-9.662094254518438508e-02,-4.263399382972727358e-01,-7.902940994484835002e-01,-7.756388704617830365e-01,4.554811755897462955e-02,3.319581020973224605e-01,3.877031015341163012e-01,7.149885600000001062e-01,1.081349883546135343e-01,-2.567719244177435467e-01,3.426091256561860088e-01,7.504057467086409083e-01,-5.798718468519489244e-01,1.000000000000000000e+00,-5.677171309024853230e-01,-4.253492152679644867e-01,-5.705629592723305832e-01,-6.344118256070957473e-01,6.369502607323593857e-01,-5.750258465162129129e-01,-5.866809650786547481e-01,3.286059671230137091e-01,1.952863814157508315e-01,5.427140842266557907e-01,7.056322773989492925e-01,-8.152861737973092771e-01
2.286268480824192040e-01,5.268770200804060583e-02,-8.988889198498527244e-02,-7.634269797933927737e-02,1.726565594349244170e-01,-5.214166979489542886e-01,-1.122468463258981392e-01,-7.362569545513342195e-01,-3.019468916004230397e-01,5.681557251800515296e-01,-2.404993566193945054e-01,2.178719990517160310e-01,-7.557319593809521674e-01,-6.295838643983390215e-01,3.857104348952096196e-01,1.223114781753375235e-01,3.539449646269030580e-01,-4.802321989652360568e-01,-1.063394532464114334e-01,3.593465069710812809e-01,-2.458703399999999650e-01,-1.833795641027048950e-01,3.398841502703885964e-01,-5.316424685036500453e-01,-9.743287194425755138e-02,2.197273780307169855e-01,-5.677171309024853230e-01,1.000000000000000000e+00,7.484627016680004408e-01,-1.728562755376601701e-02,3.899088881287830488e-01,-8.870576221243324788e-01,1.258714796041520978e-01,5.583198640223474563e-01,-3.184146932885655867e-01,4.178843630978388290e-01,-2.759380958336092871e-01,-1.753233361591680639e-01,1.088004949421576273e-01
4.224979724611636622e-01,2.494590601383424588e-01,-4.653847773009135991e-01,5.666968292032015936e-02,3.318941009599686853e-01,-4.628700649528946776e-01,1.281415031007131777e-01,-7.797103517756461821e-01,1.806618204663418825e-01,5.032878583249960069e-01,-1.124908664112403422e-01,2.102927775788101805e-01,-5.930373803006451228e-01,-4.465931517501557924e-01,-8.168763472188957098e-02,1.726583443799302453e-01,4.328336341171782342e-01,-2.965339236902752584e-01,-3.389698815106008678e-01,5.701615382560220047e-01,-3.358211599999999519e-01,-3.888607892570700719e-01,4.928435670221048559e-01,-1.065333339170067839e-01,-1.321631869379969459e-01,9.726119471619532053e-02,-4.253492152679644867e-01,7.484627016680004408e-01,1.000000000000000000e+00,1.081711823473076872e-01,4.245904487816554718e-01,-5.719646516574982131e-01,-2.586135481587464868e-01,3.573246515210184993e-01,-1.725359325102961139e-01,3.197164662058420426e-01,1.318085880251587683e-02,-3.691669882609253106e-01,1.728846108159394213e-01
2.674364705614191706e-01,-3.749994369330259536e-01,1.816866376330891070e-02,4.590049076131252903e-03,3.503230134939787632e-01,-3.368801808583242741e-01,1.051464418505023146e-01,-3.001712462836805817e-01,5.650356629360446803e-01,5.530794658827367094e-01,2.139808802444156666e-01,6.703157580768175361e-01,-1.390282774672410571e-01,4.455146160821504830e-01,3.266470322128987025e-01,7.635721192432922688e-01,6.374282933651255201e-01,5.187512971226115877e-01,-3.892058080777325291e-01,-4.108769301229253657e-01,-6.308764000000000038e-01,-2.560255969938685650e-01,2.738180429342609301e-01,2.977879277423446380e-01,-6.629659563059312477e-01,5.097898853701203770e-01,-5.705629592723305832e-01,-1.728562755376601701e-02,1.081711823473076872e-01,1.000000000000000000e+00,1.958524227007740204e-01,1.363875659426044135e-02,3.819738559119995602e-01,1.124212498115606390e-01,-8.248384385374388228e-02,-1.249014461315634400e-01,-4.151357297020530912e-01,-7.445349963620765399e-01,8.007241144561776380e-01
6.410592094088162218e-01,-5.245286042749526256e-01,-1.259529335901946323e-01,2.825917947553635567e-01,5.903989809494045726e-01,-7.999105157625080453e-01,-1.423094616901001142e-01,-6.662011434595659087e-02,1.403230539364252460e-01,7.447812938881980260e-01,4.769362293717551160e-01,7.096324423605038234e-01,-5.049129895678678981e-01,5.411215073582305995e-02,1.842044125070694260e-01,5.064825597529037937e-01,7.002078040635795197e-01,-9.197660321220955948e-02,-4.777108243264827081e-01,-1.491082555564386958e-01,-6.901357000000000186e-01,-1.464512738964259819e-01,4.791523833046134606e-01,-2.678391976843837452e-01,-7.232184031379713662e-01,-7.168521000142875910e-02,-6.344118256070957473e-01,3.899088881287830488e-01,4.245904487816554718e-01,1.958524227007740204e-01,1.000000000000000000e+00,-3.202547678403891984e-01,4.533757747760084889e-01,4.591811508530452834e-01,-4.288886172981702938e-01,-3.274237534703167696e-01,-3.581904801959076567e-02,-5.895577281160581107e-01,5.435072859876488582e-01
-7.847766837705724696e-02,1.294869720286560139e-02,-9.171439205172420006e-02,1.221537395937418446e-01,-9.580736632960351606e-02,3.107772323830447769e-01,2.159482744673209553e-01,5.611126403948237806e-01,3.888464696777276242e-01,-5.369081469405161400e-01,1.318791185078083961e-01,-2.377194565535421522e-01,8.323769109789334042e-01,6.297267466453706497e-01,-3.919231804301699373e-01,-2.057687813506340335e-01,-3.073915351774491045e-01,4.332100244725365923e-01,4.828819370353102519e-02,-4.655724132614802446e-02,2.237805600000000172e-01,7.821301578039667468e-02,-1.071122029387926444e-01,5.279838477303130384e-01,1.098984682500126070e-01,-3.033962303382040093e-01,6.369502607323593857e-01,-8.870576221243324788e-01,-5.719646516574982131e-01,1.363875659426044135e-02,-3.202547678403891984e-01,1.000000000000000000e+00,-2.540321332313980052e-01,-7.079296314076690688e-01,1.588227305948542445e-01,-1.327826358748670221e-01,2.831974600408055376e-01,1.054865329661724832e-01,-1.709072100490309776e-01
8.852907634905719803e-02,-7.678216126969269473e-01,5.582455449539449610e-01,-4.652671045299527908e-02,1.621737585780767266e-01,-5.254936665054157352e-01,-1.277322443307916666e-01,2.061620642695464189e-01,-2.179390926280191931e-01,5.684759825971382741e-01,2.938206565745468679e-01,6.794422881270159031e-01,-1.417040510931578678e-01,2.214624643664806769e-01,7.033933581608440289e-01,5.768992319711457872e-01,4.469314650728587468e-01,1.569298918835022594e-01,-3.792943641687674533e-02,-7.095101231250124929e-01,-4.518717599999999557e-01,2.889509600128831734e-01,1.877553067913061580e-03,-4.004518142677937487e-01,-7.024465759142546339e-01,2.730577206553089220e-01,-5.750258465162129129e-01,1.258714796041520978e-01,-2.586135481587464868e-01,3.819738559119995602e-01,4.533757747760084889e-01,-2.540321332313980052e-01,1.000000000000000000e+00,4.662947924924999432e-01,-5.062605203382352093e-01,-4.609848164952080607e-01,-5.021892188158418868e-01,-3.704100061349879236e-01,5.589348697609909378e-01
1.247478408179147902e-01,-2.256666118611669880e-01,2.955253513096280371e-01,4.679293796478593837e-02,1.772690798981234606e-01,-4.203525825366125068e-01,-3.157605992402309769e-01,-2.217005894731862159e-01,-4.588679745713600822e-01,6.368500881728760277e-01,2.317640067019310912e-01,5.164773289562138991e-01,-4.852873067330079060e-01,-4.764907862658345206e-01,4.423971512545255558e-01,4.839742730858309083e-01,4.512036296727559570e-01,9.220206671043409963e-02,-1.146995662722503639e-01,-1.066173212362618722e-01,-3.923872600000000155e-01,-1.224227611212022789e-02,-2.004011634699643177e-02,-5.508490288586774808e-01,-4.197827766574839803e-01,3.413306786250142610e-01,-5.866809650786547481e-01,5.583198640223474563e-01,3.573246515210184993e-01,1.124212498115606390e-01,4.591811508530452834e-01,-7.079296314076690688e-01,4.662947924924999432e-01,1.000000000000000000e+00,-3.544393056703230571e-01,-4.046429681187727612e-01,-3.003395953446870714e-01,-3.077911153898379992e-01,4.080239947587118721e-01
7.224174548064538071e-02,6.169969776960368968e-01,-5.116114827511578644e-01,2.144064630724090703e-01,1.684093532382828773e-01,6.357171236729179942e-01,-3.572174131933139041e-01,1.923159442882146353e-01,3.070065920482483723e-01,-4.265162003559058168e-01,1.905847764777496289e-01,-3.969090898735985751e-01,-8.196146490844058441e-02,1.238366805163565176e-01,-4.995194071797424140e-01,-2.240446983351626065e-01,-2.072087486994949879e-01,9.673836855567106985e-02,-3.071605236465596023e-01,2.737314208176211058e-02,1.156265599999999338e-01,-5.024394274319771148e-01,2.694834992461706685e-02,3.159232782602161560e-01,4.632960220723523204e-01,-3.705224239386922802e-01,3.286059671230137091e-01,-3.184146932885655867e-01,-1.725359325102961139e-01,-8.248384385374388228e-02,-4.288886172981702938e-01,1.588227305948542445e-01,-5.062605203382352093e-01,-3.544393056703230571e-01,1.000000000000000000e+00,9.226901190336733727e-02,6.382269743894216640e-01,2.109564504837285193e-01,-2.132213921985165461e-01
-1.092918462699033894e-01,4.640161041113825546e-01,-2.798173272961793079e-01,-2.868282473732447491e-01,-1.943936171611505559e-01,7.524278776610940356e-02,1.452304393214410017e-01,-5.827536327992216547e-01,-5.865967362984447764e-03,-2.408701979907763580e-01,-6.429889149400586090e-01,-4.832183794600929949e-01,-1.377445377667331217e-01,-3.181222751699527285e-01,4.995057263085039834e-02,-4.898764578572780692e-01,-2.817982502629203800e-01,-4.563732144345339914e-01,1.754105352392256734e-01,6.400429471427564465e-01,3.439208000000000265e-01,-1.596359226602705184e-01,1.899460847539997665e-01,4.816787014083139667e-02,5.364411680069400834e-01,-2.293108583135443010e-02,1.952863814157508315e-01,4.178843630978388290e-01,3.197164662058420426e-01,-1.249014461315634400e-01,-3.274237534703167696e-01,-1.327826358748670221e-01,-4.609848164952080607e-01,-4.046429681187727612e-01,9.226901190336733727e-02,1.000000000000000000e+00,-4.775359061460419247e-02,2.915133765453347681e-01,-4.485813273600260942e-01
4.551820965769155514e-01,6.565569249536912233e-01,-7.335147320201316212e-01,5.877494097742199664e-01,4.512553745749522949e-01,2.071171739804669176e-01,-4.759446486653003405e-01,4.418238690794056289e-01,1.469938070525028118e-01,-3.436716172601493868e-01,4.975503887915953549e-01,-3.143180756483643923e-01,1.247337051145108733e-01,-9.542582701082047425e-03,-6.320111081183820145e-01,-3.423988946435775338e-01,-1.066735127448427550e-01,1.049589264024060054e-01,-4.893440752410994632e-01,3.316787291525242209e-01,6.183279999999902188e-03,-5.593439342228641031e-01,3.845396602375855122e-01,1.450874863138760795e-01,3.431812018099415496e-01,-9.001552488780286687e-01,5.427140842266557907e-01,-2.759380958336092871e-01,1.318085880251587683e-02,-4.151357297020530912e-01,-3.581904801959076567e-02,2.831974600408055376e-01,-5.021892188158418868e-01,-3.003395953446870714e-01,6.382269743894216640e-01,-4.775359061460419247e-02,1.000000000000000000e+00,1.639733892362416068e-01,-3.616640723985908301e-01
-7.220600825108933751e-01,3.789330945798537464e-01,2.841860219862527570e-01,-4.341952980671740514e-01,-7.440867922103386878e-01,7.116578894302991731e-01,-3.305513182181925302e-03,2.840412075711636897e-01,-5.705431489974688297e-01,-8.598598486519842821e-01,-5.512271408351548940e-01,-9.144421347072634321e-01,2.706485238792883941e-01,-4.623212937801818301e-01,-1.092221315928049719e-01,-9.203048430516682643e-01,-9.604459451258107183e-01,-5.089470151757242711e-01,7.441327165399558297e-01,2.183418531168621335e-01,9.477671599999999419e-01,5.009266351207686263e-01,-6.382504743929012792e-01,1.357911609208726778e-01,8.813466896726992461e-01,-2.584778744349567337e-01,7.056322773989492925e-01,-1.753233361591680639e-01,-3.691669882609253106e-01,-7.445349963620765399e-01,-5.895577281160581107e-01,1.054865329661724832e-01,-3.704100061349879236e-01,-3.077911153898379992e-01,2.109564504837285193e-01,2.915133765453347681e-01,1.639733892362416068e-01,1.000000000000000000e+00,-9.299737332712612048e-01
5.041857447417815719e-01,-5.784323231262300524e-01,1.091819173764337590e-02,2.472762698908864409e-01,5.731675223910979167e-01,-5.788176483600496747e-01,5.094882352947817036e-03,-1.981678277602354765e-01,4.706410733560161819e-01,8.475738485617236861e-01,5.098482479567606473e-01,9.459144693029165607e-01,-3.257698118639606455e-01,4.954155081427069618e-01,2.640319349909491242e-01,9.865249335675327913e-01,8.956882375970020016e-01,4.944432042689368978e-01,-5.718537071539512295e-01,-5.044688731217932265e-01,-8.885724600000000084e-01,-2.918745220730695200e-01,3.679152711557210909e-01,-1.436442256634074266e-01,-9.222145747629962864e-01,4.603010089827918039e-01,-8.152861737973092771e-01,1.088004949421576273e-01,1.728846108159394213e-01,8.007241144561776380e-01,5.435072859876488582e-01,-1.709072100490309776e-01,5.589348697609909378e-01,4.080239947587118721e-01,-2.132213921985165461e-01,-4.485813273600260942e-01,-3.616640723985908301e-01,-9.299737332712612048e-01,1.000000000000000000e+00
