1.000000000000000000e+00,-8.170888207321308494e-02,-7.026134458278124884e-01,-3.682581842655650028e-01,-2.155488591553632594e-01,6.501797642406940136e-01,4.726949129940721805e-01,1.130028269247907724e-01,-2.939228345582781121e-01,-7.995134609086216315e-01,-7.833292779661359395e-01,3.997091225772012035e-01,5.867856000000000183e-01,-4.470533472570086819e-01,-4.648094222921634322e-01,2.652518535499224783e-01,-2.220847987753891417e-01,2.474696896075967711e-01,2.437525665804865516e-01,-1.249213829962760314e-01,-4.427505762111701437e-01,5.917344315731575266e-01,-1.200671302517589550e-01,-2.391759505992535617e-01,-6.397923940572384227e-01,5.354708063853264033e-01,4.557312932859193810e-01,-2.151950340958698749e-01,3.788978430720013613e-01,1.531927606183946800e-01,4.790743752191440885e-01,-3.146729716573083979e-01,3.032070583486655702e-01,-2.802123409153921552e-01,2.088413127248304746e-01,8.423536218950880561e-03,4.058861876837922544e-01,-2.528790388693269442e-02,6.478830339912288183e-01
-8.170888207321308494e-02,1.000000000000000000e+00,3.220120962335356607e-01,6.405242011354388421e-01,-2.000465377820518920e-01,-4.152123140665533313e-02,-2.514645597495490312e-02,-5.912234471434876237e-01,-1.799975756196618981e-01,2.502178510084439658e-02,2.847473087998038666e-01,3.410097491134454484e-01,2.959693000000001017e-01,-7.034231613010872852e-01,-1.135821309578753831e-02,-4.958732918195742356e-01,6.119715192343485599e-01,-4.520589664971184085e-01,4.097387058463986542e-01,6.536223381185422010e-01,-3.105582921717056077e-01,1.989634355854530412e-01,6.358963159446588964e-01,3.127329295064505410e-01,-3.287439974604891568e-01,3.967486002019057212e-01,-6.576658763377436490e-01,1.495575300777498839e-01,-1.041930695153780867e-01,-7.848035053344402101e-01,3.454818694308310900e-01,-6.143689128265443777e-01,4.346134207718164166e-01,-6.791525976110081020e-01,-9.798928632062835209e-02,4.771442952441567464e-01,3.618600397578981553e-01,8.981089548920584420e-02,3.269621155937950663e-01
-7.026134458278124884e-01,3.220120962335356607e-01,1.000000000000000000e+00,7.066297131189226421e-01,5.158327662178133766e-01,-2.832046026011966755e-01,-1.494501560242603444e-01,-2.607041282551914030e-01,3.336923078586464531e-01,6.318017429952358377e-01,4.742147150586176751e-01,1.683156343894702534e-01,-9.820742000000004523e-02,2.936986140625182928e-01,-7.501645626279467016e-02,-7.263409017324181649e-01,5.698551956709378974e-01,-3.381103581566552996e-01,5.047284054364339217e-02,1.550580261114383185e-01,-1.118962812478669078e-01,-9.723409234568419768e-02,3.253929219170479392e-01,3.321863382732083148e-01,5.926779952416256769e-01,-3.530757263937639445e-02,-7.511649472237720282e-01,-3.332093623868703225e-01,-5.719698168942861649e-01,-5.647808737479629304e-01,-3.563056990073495967e-01,-5.928504855896671311e-02,1.588637307243558894e-01,2.755022718384385338e-02,3.386403170214604685e-01,5.184613277642113882e-01,5.156809677601427444e-02,-2.282669037729810335e-01,-1.607558309011684061e-01
-3.682581842655650028e-01,6.405242011354388421e-01,7.066297131189226421e-01,1.000000000000000000e+00,8.544473284641951327e-02,8.022774515581894417e-02,7.329267999841126979e-03,-7.473947078046604409e-01,2.512643877855897934e-01,3.371504066799013710e-02,2.117295233106974983e-01,6.032970785873874586e-01,4.358694599999999308e-01,-5.319436092515039682e-02,-3.578937996351174156e-01,-6.089150163870231669e-01,6.647726695683356946e-01,-7.324067348080278705e-01,1.484294055437275217e-01,7.174776384916274896e-01,-4.784322051583993485e-01,3.798615010352960897e-01,8.082871113759508841e-01,4.970503923580131822e-01,1.305697129596196104e-01,5.425001431211928793e-01,-9.914991629866942713e-01,-2.144960684737735601e-01,-1.793993479340305619e-01,-9.561149063266929371e-01,1.722941277672211946e-01,-6.883504844146649537e-01,5.148335316982617371e-01,-4.676603727430936885e-01,4.686706177911832971e-01,6.520324490626858704e-01,6.071434800603056070e-01,-1.775152723366701935e-04,2.919902275173190120e-01
-2.155488591553632594e-01,-2.000465377820518920e-01,5.158327662178133766e-01,8.544473284641951327e-02,1.000000000000000000e+00,-3.701525111937207235e-01,-3.913809385974958976e-01,-5.147621327371831867e-02,7.340022242612785908e-01,3.423075584362486601e-01,1.671969027384582751e-01,6.527668824442021955e-02,-2.871125399999999717e-01,1.868181716251736957e-01,1.643489892769723834e-02,-1.495186842215440737e-01,-1.910424380033129144e-01,-1.641243860398717280e-01,-4.861372438217994030e-01,-2.567116369786754948e-01,2.117662461775734195e-01,-2.453669898873143962e-01,-2.860105727193893999e-01,2.594917290509303753e-01,2.841551201741422950e-01,-2.200510114115029059e-01,-1.119729755436975754e-01,-2.690135213949128024e-01,-5.212149389470600580e-01,1.464951230914525795e-02,-6.687363377210607807e-01,1.474246260245799522e-01,-4.041947699193326748e-01,5.803349070645408281e-01,1.929372946439534831e-01,4.668959493403165156e-02,-2.379660595709199300e-01,1.160840297028918888e-01,-3.630412195959704102e-01
6.501797642406940136e-01,-4.152123140665533313e-02,-2.832046026011966755e-01,8.022774515581894417e-02,-3.701525111937207235e-01,1.000000000000000000e+00,7.940455900356272467e-01,1.280473782851956344e-01,-3.602131447179029999e-01,-6.526225299672093749e-01,-8.783953708005129979e-01,5.988189877165294162e-01,8.931658200000001102e-01,-3.457130651538925514e-02,-8.907572180472208556e-01,-2.589482853057434864e-01,3.861059635378200072e-01,2.460797394379410641e-01,5.004992331263760086e-01,-3.137128315137124868e-02,-8.855840996485105920e-01,9.260214563705975177e-01,1.163730832868586501e-01,-1.595981985764031719e-01,-4.811739058058994711e-02,7.860638090633816910e-01,3.978349841666654896e-02,-6.015656229396117993e-01,1.344060474407676176e-01,-1.727555408981427121e-01,7.392656345547999885e-01,-3.403429801776765018e-01,7.350749449087046195e-01,-5.979691606253045855e-01,6.020561746105717038e-01,5.816452582385144288e-01,7.962644165694318099e-01,-5.714157613606214436e-01,8.809378443840844009e-01
4.726949129940721805e-01,-2.514645597495490312e-02,-1.494501560242603444e-01,7.329267999841126979e-03,-3.913809385974958976e-01,7.940455900356272467e-01,1.000000000000000000e+00,3.679455222912994539e-01,-6.059402260983154376e-01,-3.120216170590291438e-01,-5.486071282840068175e-01,3.655740139548230294e-01,6.397218200000001076e-01,1.192577772800830077e-01,-6.446277916731737445e-01,-4.187401565122527702e-01,4.855527952076460485e-01,4.819429282124048086e-01,5.703519588707600674e-01,-1.961173985340982362e-01,-7.186310187436953933e-01,7.025134467819529327e-01,2.065606720403546925e-01,-5.608411790053213775e-01,5.310453598981993567e-02,4.994530951822439002e-01,6.770728846428568370e-02,-6.183258220785448067e-01,8.173832111119021249e-02,-1.019362925777673873e-01,5.915081995571809248e-01,-1.362929527450354172e-01,8.182827637415284183e-01,-5.368470716981321722e-01,5.343360390257625436e-01,5.087387923826146574e-01,4.906584515489251785e-01,-6.937440437156154882e-01,7.693296099213681183e-01
1.130028269247907724e-01,-5.912234471434876237e-01,-2.607041282551914030e-01,-7.473947078046604409e-01,-5.147621327371831867e-02,1.280473782851956344e-01,3.679455222912994539e-01,1.000000000000000000e+00,-4.294386093806519811e-01,3.180322913393250350e-01,-2.408293272228538839e-01,-4.843235227008259591e-01,-3.051356600000000308e-01,3.914647052710866215e-01,5.106812974489149948e-02,2.456180071733786961e-03,-1.065592034430735413e-01,9.658842573549978328e-01,2.066497410669144441e-01,-9.251782059927330382e-01,1.440521330521586929e-01,-2.004075891365394158e-01,-7.425983256906801833e-01,-5.610424780254029686e-01,4.233611924117533509e-01,-4.869960430252810446e-01,7.430316484120941256e-01,-2.920553719041847907e-01,-8.454743338090886517e-02,7.727289294520808260e-01,-1.270110019442484972e-01,8.384006614905648025e-01,-1.474678048781072059e-01,3.179592494477841425e-01,-1.617729427595954728e-01,-1.586946596915093655e-01,-4.748859398673189181e-01,-6.139695975096934877e-01,-1.000520026551414698e-01
-2.939228345582781121e-01,-1.799975756196618981e-01,3.336923078586464531e-01,2.512643877855897934e-01,7.340022242612785908e-01,-3.602131447179029999e-01,-6.059402260983154376e-01,-4.294386093806519811e-01,1.000000000000000000e+00,6.286077135998022203e-02,1.590912145164639080e-01,7.838451071329466391e-02,-1.913532199999999905e-01,1.839835293076890754e-01,3.491835522349435311e-02,1.611264041586531470e-01,-3.357895660321686959e-01,-5.657583349040139487e-01,-6.695524466092239724e-01,1.570136580372119006e-01,2.688465509060531389e-01,-1.925663967516008102e-01,-6.678436872395449031e-02,5.506047710719229604e-01,1.496261072508563994e-01,-7.714212105142816134e-02,-2.589405253287863085e-01,2.638333195495145070e-02,-2.415631322371977474e-01,-9.637668323963580197e-02,-5.286152149769005604e-01,-1.180149457522817330e-01,-4.881208837672377232e-01,5.165579424072184178e-01,1.596460118081491630e-01,-8.807036129798989643e-02,-5.159743510835821528e-02,4.521692101306271638e-01,-4.028984990603372007e-01
-7.995134609086216315e-01,2.502178510084439658e-02,6.318017429952358377e-01,3.371504066799013710e-02,3.423075584362486601e-01,-6.526225299672093749e-01,-3.120216170590291438e-01,3.180322913393250350e-01,6.286077135998022203e-02,1.000000000000000000e+00,6.783533931696451580e-01,-5.195638052556219577e-01,-7.132669600000000054e-01,3.597680911524505643e-01,4.912121248366198012e-01,-3.938259931943945413e-01,2.153616747220434835e-01,2.027345557292917211e-01,-2.986153999265004841e-02,-3.580857912207613403e-01,4.721792079239477413e-01,-6.864145040820348598e-01,-2.275428713482666732e-01,3.655606510526310249e-02,6.724396404454079379e-01,-7.263937881967558186e-01,-1.367030804558592438e-01,-1.061851496437254093e-02,-4.169071262621537044e-01,1.099640933917691854e-01,-6.074214019218014959e-01,6.187874121127185933e-01,-3.430924226942804189e-01,4.115088433184034278e-01,-3.076117946245895962e-01,-3.711690817008420767e-02,-6.540554910464771998e-01,-2.363662908491398484e-01,-5.893661063769721764e-01
-7.833292779661359395e-01,2.847473087998038666e-01,4.742147150586176751e-01,2.117295233106974983e-01,1.671969027384582751e-01,-8.783953708005129979e-01,-5.486071282840068175e-01,-2.408293272228538839e-01,1.590912145164639080e-01,6.783533931696451580e-01,1.000000000000000000e+00,-5.077961458185106247e-01,-7.167575400000000263e-01,4.510300295847913254e-02,8.016465022795893347e-01,-2.681439248071910975e-02,-1.627284252996413424e-02,-3.034316874948257969e-01,-3.226757092366797641e-01,2.723528710222296589e-01,6.688208028332822686e-01,-7.590018774260860468e-01,2.443778953012899491e-01,7.697848769371590932e-03,1.064433214835254216e-01,-6.106869977397151317e-01,-3.272415410019465232e-01,5.704334225037950290e-01,-2.633082348320427424e-01,-1.282338607813929832e-01,-4.901805422476654961e-01,1.637463324347361027e-01,-3.682564025823627518e-01,2.417624883753825837e-01,-4.613257622859890938e-01,-3.010376196445587182e-01,-5.913262494069121411e-01,4.085138811035456952e-01,-7.099911816274684373e-01
3.997091225772012035e-01,3.410097491134454484e-01,1.683156343894702534e-01,6.032970785873874586e-01,6.527668824442021955e-02,5.988189877165294162e-01,3.655740139548230294e-01,-4.843235227008259591e-01,7.838451071329466391e-02,-5.195638052556219577e-01,-5.077961458185106247e-01,1.000000000000000000e+00,8.295780399999999055e-01,-1.820599099219069317e-01,-7.903049549601338652e-01,-3.743867578776681748e-01,4.075037320177232192e-01,-4.338156609477182291e-01,2.775508770876350395e-01,3.897477391550047687e-01,-8.045019896056094799e-01,8.270547639265304340e-01,5.112533528959209983e-01,3.970814801318263698e-01,-1.829577083973264739e-01,8.609314168486913443e-01,-5.257901399339955928e-01,-5.495061946694755894e-01,1.882917058616091766e-01,-6.798331089688055551e-01,3.796266191275691759e-01,-7.489393055773468921e-01,6.219683666868548455e-01,-4.641867598264990957e-01,6.211794159997564568e-01,6.232689280782749419e-01,8.463669310464917439e-01,-1.116799754945932976e-01,7.189093112091018423e-01
5.867856000000000183e-01,2.959693000000001017e-01,-9.820742000000004523e-02,4.358694599999999308e-01,-2.871125399999999717e-01,8.931658200000001102e-01,6.397218200000001076e-01,-3.051356600000000308e-01,-1.913532199999999905e-01,-7.132669600000000054e-01,-7.167575400000000263e-01,8.295780399999999055e-01,1.000000000000000000e+00,-2.524792200000000042e-01,-8.900423400000000429e-01,-3.446109600000000217e-01,4.845318800000000259e-01,-1.683445999999999554e-01,4.491127999999999787e-01,3.514408399999999766e-01,-9.472891399999999740e-01,9.868049999999999322e-01,4.601546400000000592e-01,8.665600000000006631e-02,-2.366401999999999672e-01,9.773794200000001098e-01,-3.240257800000000410e-01,-5.107552799999999227e-01,1.404916800000000077e-01,-5.553671399999999814e-01,7.493788599999999800e-01,-7.106547999999999199e-01,8.175189400000000273e-01,-7.363963600000000831e-01,6.590132799999999236e-01,6.846325600000000566e-01,9.682206799999999447e-01,-3.200555800000000062e-01,9.297462199999999566e-01
-4.470533472570086819e-01,-7.034231613010872852e-01,2.936986140625182928e-01,-5.319436092515039682e-02,1.868181716251736957e-01,-3.457130651538925514e-02,1.192577772800830077e-01,3.914647052710866215e-01,1.839835293076890754e-01,3.597680911524505643e-01,4.510300295847913254e-02,-1.820599099219069317e-01,-2.524792200000000042e-01,1.000000000000000000e+00,-8.325829064707125637e-02,-3.024495104545808777e-02,-6.865256805734037959e-02,2.031994514762344162e-01,-1.960622344559211083e-01,-4.120801169725882840e-01,1.294942953406680308e-01,-1.549010278226971293e-01,-1.755213508309235726e-01,-1.374117729608375638e-01,7.478394546294093725e-01,-3.373723572818996264e-01,4.311113840527326657e-02,-3.679622103729098814e-01,-2.662551515291754559e-02,3.001637543993905255e-01,-3.927527543704812940e-01,4.837098074926539093e-01,-1.116068113059757311e-01,5.111258512538948695e-01,3.444416467166098172e-01,-8.731311431362019648e-02,-2.145302388650932868e-01,-3.178759400337271002e-01,-3.084444793849845934e-01
-4.648094222921634322e-01,-1.135821309578753831e-02,-7.501645626279467016e-02,-3.578937996351174156e-01,1.643489892769723834e-02,-8.907572180472208556e-01,-6.446277916731737445e-01,5.106812974489149948e-02,3.491835522349435311e-02,4.912121248366198012e-01,8.016465022795893347e-01,-7.903049549601338652e-01,-8.900423400000000429e-01,-8.325829064707125637e-02,1.000000000000000000e+00,4.574854950432707956e-01,-4.750834944906690005e-01,-4.429410374438329245e-03,-4.096821891269877280e-01,-7.841170724132595637e-03,9.299236175248238867e-01,-9.259398539325514044e-01,-1.904537201764335552e-01,-1.415256652548672889e-01,-1.408660905994306434e-01,-8.234172755059018245e-01,2.473684845448702596e-01,8.092288084222526434e-01,-1.736667064635421046e-02,3.865149938288358067e-01,-4.987659787565011382e-01,4.283426999783662703e-01,-6.977840920222656562e-01,4.482273103567270267e-01,-7.996963033010756616e-01,-7.332112810434352479e-01,-8.533357418365306035e-01,5.528250761783322087e-01,-8.294435262470654102e-01
2.652518535499224783e-01,-4.958732918195742356e-01,-7.263409017324181649e-01,-6.089150163870231669e-01,-1.495186842215440737e-01,-2.589482853057434864e-01,-4.187401565122527702e-01,2.456180071733786961e-03,1.611264041586531470e-01,-3.938259931943945413e-01,-2.681439248071910975e-02,-3.743867578776681748e-01,-3.446109600000000217e-01,-3.024495104545808777e-02,4.574854950432707956e-01,1.000000000000000000e+00,-9.255908958178149515e-01,-5.402192831746942259e-02,-5.023132999025945455e-01,-1.623267578242489073e-02,5.905232107936611019e-01,-3.594748146384735832e-01,-3.153861378128206550e-01,-7.732317126278791253e-02,-4.994077231796686944e-01,-3.130408228340445520e-01,6.026766198208819425e-01,6.238245862974582945e-01,5.013250851749512238e-01,6.054847649109492691e-01,-1.849811282760855935e-01,1.395277512890837901e-01,-6.186291378099180172e-01,4.621690838077738284e-01,-4.151247920106958533e-01,-8.703824294774002990e-01,-3.734057510203656616e-01,6.932142286157796374e-01,-4.225928300982193520e-01
-2.220847987753891417e-01,6.119715192343485599e-01,5.698551956709378974e-01,6.647726695683356946e-01,-1.910424380033129144e-01,3.861059635378200072e-01,4.855527952076460485e-01,-1.065592034430735413e-01,-3.357895660321686959e-01,2.153616747220434835e-01,-1.627284252996413424e-02,4.075037320177232192e-01,4.845318800000000259e-01,-6.865256805734037959e-02,-4.750834944906690005e-01,-9.255908958178149515e-01,1.000000000000000000e+00,-1.140701715446995959e-02,6.152387786543555004e-01,2.322607577129020551e-01,-6.806865011602223348e-01,4.752076060279234460e-01,4.772495106529166531e-01,7.614774133795709776e-02,3.721472493169046269e-01,4.526108018586595949e-01,-6.436477416300392385e-01,-4.668646705736974600e-01,-3.499129272169788640e-01,-6.880802839591450004e-01,4.567041870615015653e-01,-2.830055664568012497e-01,7.514217558322687784e-01,-7.069170922546530456e-01,3.412549562082063948e-01,8.893737388709029856e-01,5.268011900476524678e-01,-6.588630395833521280e-01,5.311812493907300814e-01
2.474696896075967711e-01,-4.520589664971184085e-01,-3.381103581566552996e-01,-7.324067348080278705e-01,-1.641243860398717280e-01,2.460797394379410641e-01,4.819429282124048086e-01,9.658842573549978328e-01,-5.657583349040139487e-01,2.027345557292917211e-01,-3.034316874948257969e-01,-4.338156609477182291e-01,-1.683445999999999554e-01,2.031994514762344162e-01,-4.429410374438329245e-03,-5.402192831746942259e-02,-1.140701715446995959e-02,1.000000000000000000e+00,2.978818142659012680e-01,-8.453614989557489690e-01,2.370702425492217727e-02,-7.928600561505858013e-02,-6.682173172855651044e-01,-6.579388359596497482e-01,2.854919360828940267e-01,-3.517520162961109698e-01,7.404066127002986164e-01,-2.654484012470920140e-01,-1.209468092616053092e-01,6.940295502641515846e-01,7.028909415516385040e-02,7.295115560266104415e-01,-3.097145814071206212e-03,1.043176885026872586e-01,-1.633741325993716409e-01,-6.681897310942296053e-02,-3.591706908625825201e-01,-6.532546305952166010e-01,6.067477257903017979e-02
2.437525665804865516e-01,4.097387058463986542e-01,5.047284054364339217e-02,1.484294055437275217e-01,-4.861372438217994030e-01,5.004992331263760086e-01,5.703519588707600674e-01,2.066497410669144441e-01,-6.695524466092239724e-01,-2.986153999265004841e-02,-3.226757092366797641e-01,2.775508770876350395e-01,4.491127999999999787e-01,-1.960622344559211083e-01,-4.096821891269877280e-01,-5.023132999025945455e-01,6.152387786543555004e-01,2.978818142659012680e-01,1.000000000000000000e+00,-7.801273846561501690e-02,-5.921041495364716134e-01,4.433074854483858296e-01,1.724562145046147354e-01,-2.154819365478052168e-02,2.159262520173092434e-02,3.576513741597067697e-01,-1.176993798712624856e-01,-4.234220352617686922e-01,1.615191708081262500e-01,-2.537625451427172885e-01,4.007187244680693317e-01,-1.258643742275093735e-01,6.661154098256943934e-01,-5.517275654100460835e-01,2.236791209822293347e-01,4.985953911557746698e-01,3.646693503869045672e-01,-5.919912629436820950e-01,6.041403044055816407e-01
-1.249213829962760314e-01,6.536223381185422010e-01,1.550580261114383185e-01,7.174776384916274896e-01,-2.567116369786754948e-01,-3.137128315137124868e-02,-1.961173985340982362e-01,-9.251782059927330382e-01,1.570136580372119006e-01,-3.580857912207613403e-01,2.723528710222296589e-01,3.897477391550047687e-01,3.514408399999999766e-01,-4.120801169725882840e-01,-7.841170724132595637e-03,-1.623267578242489073e-02,2.322607577129020551e-01,-8.453614989557489690e-01,-7.801273846561501690e-02,1.000000000000000000e+00,-1.914311137605872182e-01,2.456377021023631035e-01,8.389345859467778332e-01,3.492822344398577306e-01,-4.478692907593232464e-01,5.055122808581810068e-01,-7.082891459764395492e-01,4.108354538233489617e-01,9.194508688896210757e-02,-7.654668682674815594e-01,3.623604250276462047e-01,-8.248653782854765693e-01,3.024220170877248148e-01,-5.429903314572036566e-01,7.074937669736983126e-02,1.971786144163601984e-01,5.081318516584806266e-01,5.137264095297822131e-01,1.619696113517147540e-01
-4.427505762111701437e-01,-3.105582921717056077e-01,-1.118962812478669078e-01,-4.784322051583993485e-01,2.117662461775734195e-01,-8.855840996485105920e-01,-7.186310187436953933e-01,1.440521330521586929e-01,2.688465509060531389e-01,4.721792079239477413e-01,6.688208028332822686e-01,-8.045019896056094799e-01,-9.472891399999999740e-01,1.294942953406680308e-01,9.299236175248238867e-01,5.905232107936611019e-01,-6.806865011602223348e-01,2.370702425492217727e-02,-5.921041495364716134e-01,-1.914311137605872182e-01,1.000000000000000000e+00,-9.554457628304295902e-01,-3.972593954009683292e-01,-6.823105133559811963e-02,-1.358635860409588940e-02,-8.945341063680233296e-01,3.779609333549436290e-01,6.897052289651275370e-01,1.229113215742955526e-02,5.693069065982714339e-01,-6.767161207613434648e-01,5.551874719662741597e-01,-8.796113029096613856e-01,7.232855484497111576e-01,-7.007237363287267540e-01,-8.386995778197801066e-01,-9.123058356957385318e-01,5.678853778012957765e-01,-9.208390658870810874e-01
5.917344315731575266e-01,1.989634355854530412e-01,-9.723409234568419768e-02,3.798615010352960897e-01,-2.453669898873143962e-01,9.260214563705975177e-01,7.025134467819529327e-01,-2.004075891365394158e-01,-1.925663967516008102e-01,-6.864145040820348598e-01,-7.590018774260860468e-01,8.270547639265304340e-01,9.868049999999999322e-01,-1.549010278226971293e-01,-9.259398539325514044e-01,-3.594748146384735832e-01,4.752076060279234460e-01,-7.928600561505858013e-02,4.433074854483858296e-01,2.456377021023631035e-01,-9.554457628304295902e-01,1.000000000000000000e+00,3.909818006906257137e-01,3.355256100842714945e-02,-1.561846696072473895e-01,9.414473287021899450e-01,-2.652360890175260999e-01,-5.912096019763488641e-01,1.220384223932642481e-01,-4.823660949866224734e-01,7.084850408940885913e-01,-6.263286786482831214e-01,8.135365132130727428e-01,-6.793404828449429722e-01,6.904064504235016830e-01,6.981516256924895636e-01,9.399069256498880920e-01,-3.979202655127735966e-01,9.221894200412542597e-01
-1.200671302517589550e-01,6.358963159446588964e-01,3.253929219170479392e-01,8.082871113759508841e-01,-2.860105727193893999e-01,1.163730832868586501e-01,2.065606720403546925e-01,-7.425983256906801833e-01,-6.678436872395449031e-02,-2.275428713482666732e-01,2.443778953012899491e-01,5.112533528959209983e-01,4.601546400000000592e-01,-1.755213508309235726e-01,-1.904537201764335552e-01,-3.153861378128206550e-01,4.772495106529166531e-01,-6.682173172855651044e-01,1.724562145046147354e-01,8.389345859467778332e-01,-3.972593954009683292e-01,3.909818006906257137e-01,1.000000000000000000e+00,1.170056008624562882e-01,-2.776208279415918190e-01,5.595523651366263174e-01,-8.004105835826981208e-01,4.162046495073610380e-02,1.493794082832970438e-01,-8.542168248181283285e-01,3.661966058898245557e-01,-8.047145220516097597e-01,6.338230564539127920e-01,-6.001599477144622385e-01,3.644454735579243376e-01,3.715477115099432570e-01,5.625677314785602068e-01,2.037319979018678007e-01,3.728264508706392588e-01
-2.391759505992535617e-01,3.127329295064505410e-01,3.321863382732083148e-01,4.970503923580131822e-01,2.594917290509303753e-01,-1.595981985764031719e-01,-5.608411790053213775e-01,-5.610424780254029686e-01,5.506047710719229604e-01,3.655606510526310249e-02,7.697848769371590932e-03,3.970814801318263698e-01,8.665600000000006631e-02,-1.374117729608375638e-01,-1.415256652548672889e-01,-7.732317126278791253e-02,7.614774133795709776e-02,-6.579388359596497482e-01,-2.154819365478052168e-02,3.492822344398577306e-01,-6.823105133559811963e-02,3.355256100842714945e-02,1.170056008624562882e-01,1.000000000000000000e+00,7.976642791710976399e-02,1.887617570691348390e-01,-5.007185881490313628e-01,-3.806775910488688353e-02,1.396425980861795424e-01,-4.215808206143510928e-01,-2.329432310889932300e-01,-3.249207137539128487e-01,-2.058428406807610023e-01,1.034913746467877593e-01,1.203040375611738946e-02,1.629295158896426066e-01,2.390941780495806079e-01,2.757258931783665989e-01,-6.823777099412893510e-02
-6.397923940572384227e-01,-3.287439974604891568e-01,5.926779952416256769e-01,1.305697129596196104e-01,2.841551201741422950e-01,-4.811739058058994711e-02,5.310453598981993567e-02,4.233611924117533509e-01,1.496261072508563994e-01,6.724396404454079379e-01,1.064433214835254216e-01,-1.829577083973264739e-01,-2.366401999999999672e-01,7.478394546294093725e-01,-1.408660905994306434e-01,-4.994077231796686944e-01,3.721472493169046269e-01,2.854919360828940267e-01,2.159262520173092434e-02,-4.478692907593232464e-01,-1.358635860409588940e-02,-1.561846696072473895e-01,-2.776208279415918190e-01,7.976642791710976399e-02,1.000000000000000000e+00,-3.253862815394937269e-01,-1.500338774570262601e-01,-4.746826837232545060e-01,-4.288818537844242273e-01,9.767231020417486975e-02,-3.125555069495353222e-01,5.616041050479094743e-01,-5.913510623895830431e-02,2.863071483184869148e-01,2.005067723859141060e-01,3.170197080728979766e-01,-1.687548316958684402e-01,-6.323131502901919720e-01,-2.339311935348743765e-01
5.354708063853264033e-01,3.967486002019057212e-01,-3.530757263937639445e-02,5.425001431211928793e-01,-2.200510114115029059e-01,7.860638090633816910e-01,4.994530951822439002e-01,-4.869960430252810446e-01,-7.714212105142816134e-02,-7.263937881967558186e-01,-6.106869977397151317e-01,8.609314168486913443e-01,9.773794200000001098e-01,-3.373723572818996264e-01,-8.234172755059018245e-01,-3.130408228340445520e-01,4.526108018586595949e-01,-3.517520162961109698e-01,3.576513741597067697e-01,5.055122808581810068e-01,-8.945341063680233296e-01,9.414473287021899450e-01,5.595523651366263174e-01,1.887617570691348390e-01,-3.253862815394937269e-01,1.000000000000000000e+00,-4.387889953012675259e-01,-4.067263742191805087e-01,1.189112935155137302e-01,-6.645040508346695685e-01,7.116662621191935933e-01,-8.310059046127450388e-01,7.699517414350609545e-01,-7.330041181980936349e-01,6.365726090258148062e-01,6.605217430455866401e-01,9.791771038697582030e-01,-1.551657384950459462e-01,8.674377812560208900e-01
4.557312932859193810e-01,-6.576658763377436490e-01,-7.511649472237720282e-01,-9.914991629866942713e-01,-1.119729755436975754e-01,3.978349841666654896e-02,6.770728846428568370e-02,7.430316484120941256e-01,-2.589405253287863085e-01,-1.367030804558592438e-01,-3.272415410019465232e-01,-5.257901399339955928e-01,-3.240257800000000410e-01,4.311113840527326657e-02,2.473684845448702596e-01,6.026766198208819425e-01,-6.436477416300392385e-01,7.404066127002986164e-01,-1.176993798712624856e-01,-7.082891459764395492e-01,3.779609333549436290e-01,-2.652360890175260999e-01,-8.004105835826981208e-01,-5.007185881490313628e-01,-1.500338774570262601e-01,-4.387889953012675259e-01,1.000000000000000000e+00,1.541177357142901605e-01,1.903855707862887325e-01,9.388040530974047781e-01,-8.740595657937909324e-02,6.339325490348165504e-01,-4.450172340137651394e-01,4.071405716763957239e-01,-3.919894426908956953e-01,-5.905515497270099612e-01,-5.033075347180183678e-01,-4.203237886689035335e-02,-1.935143115563414673e-01
-2.151950340958698749e-01,1.495575300777498839e-01,-3.332093623868703225e-01,-2.144960684737735601e-01,-2.690135213949128024e-01,-6.015656229396117993e-01,-6.183258220785448067e-01,-2.920553719041847907e-01,2.638333195495145070e-02,-1.061851496437254093e-02,5.704334225037950290e-01,-5.495061946694755894e-01,-5.107552799999999227e-01,-3.679622103729098814e-01,8.092288084222526434e-01,6.238245862974582945e-01,-4.668646705736974600e-01,-2.654484012470920140e-01,-4.234220352617686922e-01,4.108354538233489617e-01,6.897052289651275370e-01,-5.912096019763488641e-01,4.162046495073610380e-02,-3.806775910488688353e-02,-4.746826837232545060e-01,-4.067263742191805087e-01,1.541177357142901605e-01,1.000000000000000000e+00,9.845734558812845039e-02,1.801853410371987707e-01,-6.546340012263432429e-02,2.252912301434689332e-02,-5.213261030693800979e-01,7.379908488025156699e-02,-7.531501051038907990e-01,-6.363240264410021663e-01,-4.398600287572279610e-01,7.325628092971188110e-01,-5.725424931807363560e-01
3.788978430720013613e-01,-1.041930695153780867e-01,-5.719698168942861649e-01,-1.793993479340305619e-01,-5.212149389470600580e-01,1.344060474407676176e-01,8.173832111119021249e-02,-8.454743338090886517e-02,-2.415631322371977474e-01,-4.169071262621537044e-01,-2.633082348320427424e-01,1.882917058616091766e-01,1.404916800000000077e-01,-2.662551515291754559e-02,-1.736667064635421046e-02,5.013250851749512238e-01,-3.499129272169788640e-01,-1.209468092616053092e-01,1.615191708081262500e-01,9.194508688896210757e-02,1.229113215742955526e-02,1.220384223932642481e-01,1.493794082832970438e-01,1.396425980861795424e-01,-4.288818537844242273e-01,1.189112935155137302e-01,1.903855707862887325e-01,9.845734558812845039e-02,1.000000000000000000e+00,1.202986563345907894e-01,9.859328291339057582e-02,-2.051749815965470680e-01,1.271359757685549749e-02,5.509694818598733640e-02,-8.039467377032882833e-02,-4.448571403449184669e-01,7.661180327174793581e-02,3.139640542707121673e-01,1.963180778210370792e-01
1.531927606183946800e-01,-7.848035053344402101e-01,-5.647808737479629304e-01,-9.561149063266929371e-01,1.464951230914525795e-02,-1.727555408981427121e-01,-1.019362925777673873e-01,7.727289294520808260e-01,-9.637668323963580197e-02,1.099640933917691854e-01,-1.282338607813929832e-01,-6.798331089688055551e-01,-5.553671399999999814e-01,3.001637543993905255e-01,3.865149938288358067e-01,6.054847649109492691e-01,-6.880802839591450004e-01,6.940295502641515846e-01,-2.537625451427172885e-01,-7.654668682674815594e-01,5.693069065982714339e-01,-4.823660949866224734e-01,-8.542168248181283285e-01,-4.215808206143510928e-01,9.767231020417486975e-02,-6.645040508346695685e-01,9.388040530974047781e-01,1.801853410371987707e-01,1.202986563345907894e-01,1.000000000000000000e+00,-3.344362068297284107e-01,8.094023474076913471e-01,-6.214211397135613879e-01,6.348689020047348919e-01,-4.198919075273950807e-01,-6.753476071189064012e-01,-6.842333442247920949e-01,-2.062796937253602580e-02,-4.528431646557735113e-01
4.790743752191440885e-01,3.454818694308310900e-01,-3.563056990073495967e-01,1.722941277672211946e-01,-6.687363377210607807e-01,7.392656345547999885e-01,5.915081995571809248e-01,-1.270110019442484972e-01,-5.286152149769005604e-01,-6.074214019218014959e-01,-4.901805422476654961e-01,3.796266191275691759e-01,7.493788599999999800e-01,-3.927527543704812940e-01,-4.987659787565011382e-01,-1.849811282760855935e-01,4.567041870615015653e-01,7.028909415516385040e-02,4.007187244680693317e-01,3.623604250276462047e-01,-6.767161207613434648e-01,7.084850408940885913e-01,3.661966058898245557e-01,-2.329432310889932300e-01,-3.125555069495353222e-01,7.116662621191935933e-01,-8.740595657937909324e-02,-6.546340012263432429e-02,9.859328291339057582e-02,-3.344362068297284107e-01,1.000000000000000000e+00,-4.911871312682451474e-01,6.895796560250009311e-01,-8.714415624461496757e-01,1.651926397091673104e-01,4.688064935338522310e-01,6.971229730851054018e-01,-2.965869167473249579e-01,7.368518160510427739e-01
-3.146729716573083979e-01,-6.143689128265443777e-01,-5.928504855896671311e-02,-6.883504844146649537e-01,1.474246260245799522e-01,-3.403429801776765018e-01,-1.362929527450354172e-01,8.384006614905648025e-01,-1.180149457522817330e-01,6.187874121127185933e-01,1.637463324347361027e-01,-7.489393055773468921e-01,-7.106547999999999199e-01,4.837098074926539093e-01,4.283426999783662703e-01,1.395277512890837901e-01,-2.830055664568012497e-01,7.295115560266104415e-01,-1.258643742275093735e-01,-8.248653782854765693e-01,5.551874719662741597e-01,-6.263286786482831214e-01,-8.047145220516097597e-01,-3.249207137539128487e-01,5.616041050479094743e-01,-8.310059046127450388e-01,6.339325490348165504e-01,2.252912301434689332e-02,-2.051749815965470680e-01,8.094023474076913471e-01,-4.911871312682451474e-01,1.000000000000000000e+00,-5.589679146306615332e-01,6.123611613680730592e-01,-4.112931538171413770e-01,-3.989401986532756794e-01,-7.758782785832334383e-01,-3.244816031020423264e-01,-5.698779602917247722e-01
3.032070583486655702e-01,4.346134207718164166e-01,1.588637307243558894e-01,5.148335316982617371e-01,-4.041947699193326748e-01,7.350749449087046195e-01,8.182827637415284183e-01,-1.474678048781072059e-01,-4.881208837672377232e-01,-3.430924226942804189e-01,-3.682564025823627518e-01,6.219683666868548455e-01,8.175189400000000273e-01,-1.116068113059757311e-01,-6.977840920222656562e-01,-6.186291378099180172e-01,7.514217558322687784e-01,-3.097145814071206212e-03,6.661154098256943934e-01,3.024220170877248148e-01,-8.796113029096613856e-01,8.135365132130727428e-01,6.338230564539127920e-01,-2.058428406807610023e-01,-5.913510623895830431e-02,7.699517414350609545e-01,-4.450172340137651394e-01,-5.213261030693800979e-01,1.271359757685549749e-02,-6.214211397135613879e-01,6.895796560250009311e-01,-5.589679146306615332e-01,1.000000000000000000e+00,-8.170545458971282260e-01,6.352398954175119128e-01,7.484672138106164274e-01,7.762870941874091546e-01,-5.198187726067304837e-01,8.510292203913387699e-01
-2.802123409153921552e-01,-6.791525976110081020e-01,2.755022718384385338e-02,-4.676603727430936885e-01,5.803349070645408281e-01,-5.979691606253045855e-01,-5.368470716981321722e-01,3.179592494477841425e-01,5.165579424072184178e-01,4.115088433184034278e-01,2.417624883753825837e-01,-4.641867598264990957e-01,-7.363963600000000831e-01,5.111258512538948695e-01,4.482273103567270267e-01,4.621690838077738284e-01,-7.069170922546530456e-01,1.043176885026872586e-01,-5.517275654100460835e-01,-5.429903314572036566e-01,7.232855484497111576e-01,-6.793404828449429722e-01,-6.001599477144622385e-01,1.034913746467877593e-01,2.863071483184869148e-01,-7.330041181980936349e-01,4.071405716763957239e-01,7.379908488025156699e-02,5.509694818598733640e-02,6.348689020047348919e-01,-8.714415624461496757e-01,6.123611613680730592e-01,-8.170545458971282260e-01,1.000000000000000000e+00,-2.045947761155160194e-01,-6.562801871125211184e-01,-7.323581453906923278e-01,2.972798836500936126e-01,-7.411797474014325537e-01
2.088413127248304746e-01,-9.798928632062835209e-02,3.386403170214604685e-01,4.686706177911832971e-01,1.929372946439534831e-01,6.020561746105717038e-01,5.343360390257625436e-01,-1.617729427595954728e-01,1.596460118081491630e-01,-3.076117946245895962e-01,-4.613257622859890938e-01,6.211794159997564568e-01,6.590132799999999236e-01,3.444416467166098172e-01,-7.996963033010756616e-01,-4.151247920106958533e-01,3.412549562082063948e-01,-1.633741325993716409e-01,2.236791209822293347e-01,7.074937669736983126e-02,-7.007237363287267540e-01,6.904064504235016830e-01,3.644454735579243376e-01,1.203040375611738946e-02,2.005067723859141060e-01,6.365726090258148062e-01,-3.919894426908956953e-01,-7.531501051038907990e-01,-8.039467377032882833e-02,-4.198919075273950807e-01,1.651926397091673104e-01,-4.112931538171413770e-01,6.352398954175119128e-01,-2.045947761155160194e-01,1.000000000000000000e+00,5.595613658706404259e-01,6.684019885820825513e-01,-3.634494154478277173e-01,5.787901663432377664e-01
8.423536218950880561e-03,4.771442952441567464e-01,5.184613277642113882e-01,6.520324490626858704e-01,4.668959493403165156e-02,5.816452582385144288e-01,5.087387923826146574e-01,-1.586946596915093655e-01,-8.807036129798989643e-02,-3.711690817008420767e-02,-3.010376196445587182e-01,6.232689280782749419e-01,6.846325600000000566e-01,-8.731311431362019648e-02,-7.332112810434352479e-01,-8.703824294774002990e-01,8.893737388709029856e-01,-6.681897310942296053e-02,4.985953911557746698e-01,1.971786144163601984e-01,-8.386995778197801066e-01,6.981516256924895636e-01,3.715477115099432570e-01,1.629295158896426066e-01,3.170197080728979766e-01,6.605217430455866401e-01,-5.905515497270099612e-01,-6.363240264410021663e-01,-4.448571403449184669e-01,-6.753476071189064012e-01,4.688064935338522310e-01,-3.989401986532756794e-01,7.484672138106164274e-01,-6.562801871125211184e-01,5.595613658706404259e-01,1.000000000000000000e+00,7.171503250306233701e-01,-6.409672006824852497e-01,6.462814030326904380e-01
4.058861876837922544e-01,3.618600397578981553e-01,5.156809677601427444e-02,6.071434800603056070e-01,-2.379660595709199300e-01,7.962644165694318099e-01,4.906584515489251785e-01,-4.748859398673189181e-01,-5.159743510835821528e-02,-6.540554910464771998e-01,-5.913262494069121411e-01,8.463669310464917439e-01,9.682206799999999447e-01,-2.145302388650932868e-01,-8.533357418365306035e-01,-3.734057510203656616e-01,5.268011900476524678e-01,-3.591706908625825201e-01,3.646693503869045672e-01,5.081318516584806266e-01,-9.123058356957385318e-01,9.399069256498880920e-01,5.625677314785602068e-01,2.390941780495806079e-01,-1.687548316958684402e-01,9.791771038697582030e-01,-5.033075347180183678e-01,-4.398600287572279610e-01,7.661180327174793581e-02,-6.842333442247920949e-01,6.971229730851054018e-01,-7.758782785832334383e-01,7.762870941874091546e-01,-7.323581453906923278e-01,6.684019885820825513e-01,7.171503250306233701e-01,1.000000000000000000e+00,-2.347795723385278366e-01,8.377067125043554663e-01
-2.528790388693269442e-02,8.981089548920584420e-02,-2.282669037729810335e-01,-1.775152723366701935e-04,1.160840297028918888e-01,-5.714157613606214436e-01,-6.937440437156154882e-01,-6.139695975096934877e-01,4.521692101306271638e-01,-2.363662908491398484e-01,4.085138811035456952e-01,-1.116799754945932976e-01,-3.200555800000000062e-01,-3.178759400337271002e-01,5.528250761783322087e-01,6.932142286157796374e-01,-6.588630395833521280e-01,-6.532546305952166010e-01,-5.919912629436820950e-01,5.137264095297822131e-01,5.678853778012957765e-01,-3.979202655127735966e-01,2.037319979018678007e-01,2.757258931783665989e-01,-6.323131502901919720e-01,-1.551657384950459462e-01,-4.203237886689035335e-02,7.325628092971188110e-01,3.139640542707121673e-01,-2.062796937253602580e-02,-2.965869167473249579e-01,-3.244816031020423264e-01,-5.198187726067304837e-01,2.972798836500936126e-01,-3.634494154478277173e-01,-6.409672006824852497e-01,-2.347795723385278366e-01,1.000000000000000000e+00,-4.565583970158331728e-01
6.478830339912288183e-01,3.269621155937950663e-01,-1.607558309011684061e-01,2.919902275173190120e-01,-3.630412195959704102e-01,8.809378443840844009e-01,7.693296099213681183e-01,-1.000520026551414698e-01,-4.028984990603372007e-01,-5.893661063769721764e-01,-7.099911816274684373e-01,7.189093112091018423e-01,9.297462199999999566e-01,-3.084444793849845934e-01,-8.294435262470654102e-01,-4.225928300982193520e-01,5.311812493907300814e-01,6.067477257903017979e-02,6.041403044055816407e-01,1.619696113517147540e-01,-9.208390658870810874e-01,9.221894200412542597e-01,3.728264508706392588e-01,-6.823777099412893510e-02,-2.339311935348743765e-01,8.674377812560208900e-01,-1.935143115563414673e-01,-5.725424931807363560e-01,1.963180778210370792e-01,-4.528431646557735113e-01,7.368518160510427739e-01,-5.698779602917247722e-01,8.510292203913387699e-01,-7.411797474014325537e-01,5.787901663432377664e-01,6.462814030326904380e-01,8.377067125043554663e-01,-4.565583970158331728e-01,1.000000000000000000e+00
