1.0,-0.37805500439187367,-0.61259823750634579,-0.81363389929173435,0.18935815543168277,-0.18688156580381632,-0.55854380010296378,0.47769306178324278,-0.56251970506623994,0.153114431789794,0.0065315722897926016,-0.24491644700375945,0.6047007589025809,0.70415756976506771,-0.10936286772495123,0.26436679609638386,-0.63371851737612872,0.19126144680932039,0.35150942836506538,-0.76755735650060597,0.1250736711107974,-0.4338003035882993,0.51386178203589916,-0.63773773630416697,-0.67878680823573301,-0.14550980013339912,-0.11801704613867502,-0.68941370000000002,-0.66565516243545353,0.51627375758658889,0.65837448322552039,0.48132652824905553,0.21291318904297771,0.31639622931512401,-0.54883304226636787,0.60914202868955847,-0.42895604307577917,-0.76376841470897361,-0.29615662581185564
-0.37805500439187367,1.0,0.3431492504696449,0.37276669036457438,0.043521177677609157,-0.15737162694290968,0.18898321060536924,0.15854355694053363,-0.20468107645286776,0.19201668958758775,0.62470502487471258,-0.56765369584925918,-0.79619239242750628,-0.21465125936186252,-0.29597052928691658,0.11845279180045812,0.15086179663153979,0.30284933323390223,-0.40943613404429596,0.54285560233777608,0.12247459557457738,0.64794111286548139,-0.31803904894350532,0.20632004865846218,0.55015356007416905,0.13712994625769348,0.0070959558611536121,0.24368568000000002,0.10551706474548664,0.28192910874403698,-0.7606766762119378,-0.23106195894070608,-0.65600291673524125,-0.039505925614022767,0.71516614884846264,-0.005338781768120672,-0.24083687763966533,0.44264761500747013,0.0040495342887848784
-0.61259823750634579,0.3431492504696449,1.0,0.80910122111729144,0.37344901113913254,0.3681109756550619,0.40908528392257976,-0.63324425900185977,0.49712095970900766,0.22781384463087484,-0.21297029030627612,-0.01004025513355713,-0.68531439456893983,-0.71086128611748689,-0.47076614828979368,-0.25866567075243851,0.57835742944308066,-0.26525996678673686,-0.8169658173855211,0.72823896345958361,-0.45558750794345576,0.12220736464144558,-0.68665380699331702,0.47553926155897525,0.70264133852946342,-0.15916488545524213,0.081347414844639365,0.84310528000000007,0.81083354818745801,-0.32239096979018933,-0.55660458308280958,-0.46069327232269619,-0.33444530803571337,0.018571940433139703,0.66293675995810075,-0.60671451662538145,0.70297414441481521,0.90829995730588997,0.20879577119179343
-0.81363389929173435,0.37276669036457438,0.80910122111729144,1.0,-0.020739701662596734,0.1678554293343896,0.28069063371398012,-0.64680926620700341,0.74492859455709637,-0.027062179534280067,-0.11411352807572464,0.23251220669414724,-0.70852317451963021,-0.87744751460123382,0.026401860036893571,-0.54164970391812239,0.79622759681726685,-0.43229700151507028,-0.6240396880666399,0.93598764634525933,-0.49331488846536498,0.45262292786107394,-0.83128931119750693,0.79791503921960916,0.81638527352488865,0.22981074244450383,0.28423436229802651,0.94773678000000006,0.92255528120222019,-0.45381211317108772,-0.72429635793732083,-0.72152454334642235,-0.27660769318203343,-0.11383755154428046,0.48739438883998426,-0.86336222865922918,0.64841590618409284,0.9137832627735214,0.56496064158578563
0.18935815543168277,0.043521177677609157,0.37344901113913254,-0.020739701662596734,1.0,-0.3052038264631749,0.062040919638394199,-0.3440551590958551,-0.045607046458063072,0.80668063575354443,0.009325939778388137,-0.2660251738408872,-0.089256683038720197,0.152545874280755,-0.73942011336181179,-0.25160484473066796,-0.14721548250638217,-0.029763092110207889,-0.70971627763324263,0.089887055774851371,-0.43256571508335656,-0.21274090298431952,-0.31733966263303209,0.13480338909457459,-0.031321761507692641,0.063143325323203131,0.26152941861019313,0.19618540000000007,0.084173543511278162,-0.046702172320512436,0.25898755378503469,-0.2341065585627719,-0.57869770530654852,0.71963161479472904,0.094801784497602348,-0.058675188452961213,-0.0071624925626663227,0.018964045220609793,-0.076041415588601682
-0.18688156580381632,-0.15737162694290968,0.3681109756550619,0.1678554293343896,-0.3052038264631749,1.0,0.31611123388078716,-0.017759957919837852,0.054507412223449937,-0.43105618334685181,-0.35560991310902673,0.062139255111326633,-0.1254166998476724,-0.3561888507761703,-0.10010041122947988,0.46363668572363004,0.17078614438031883,0.047318439480069301,0.066947847575311914,-0.039579651548689691,0.19294120350279534,-0.29248723405196125,0.16775892420034838,-0.31479367522843771,0.24056279851381879,-0.72394043037439271,-0.49622234031783913,0.11880023999999989,0.232317315717188,0.046165125949570993,-0.21831504465576573,0.34210288145619333,0.43543163516373362,-0.52024416855917244,0.36708424926501376,0.017508922274438357,0.5410070211476643,0.42943286610605996,-0.26640575093268931
-0.55854380010296378,0.18898321060536924,0.40908528392257976,0.28069063371398012,0.062040919638394199,0.31611123388078716,1.0,-0.33836652911565451,0.1347501266227942,0.10768872457794092,-0.029550264101061693,0.10316946512968087,-0.31758688007550745,-0.28395061514635189,-0.18232095944353413,0.26869837165269977,0.35433075361860894,0.30177662437883696,-0.24999577148339075,0.25775070265660205,0.35491143422594851,0.24657450426892524,0.078737043100983728,0.18240006962214711,0.39131935615761387,-0.27266104550045905,-0.10966211077812268,0.19590291999999998,0.15718218493869596,-0.36994054323426517,-0.30506090258489993,0.025909333336733648,-0.22434312457382144,-0.27463242910672109,0.58658543931506157,-0.10145409055270953,0.11303515054182489,0.40522052173785772,-0.3328435653327238
0.47769306178324278,0.15854355694053363,-0.63324425900185977,-0.64680926620700341,-0.3440551590958551,-0.017759957919837852,-0.33836652911565451,1.0,-0.87386764322690746,-0.18972132940829292,0.62371355936287198,-0.645728342556117,0.12314312494916245,0.62664769299995249,-0.076586288343954478,0.68831552786317951,-0.76989660716945785,0.67487997142009293,0.58480853361669127,-0.50447509057198359,0.6532891353948711,-0.01046809885203356,0.56713637805873929,-0.74209726378908081,-0.27584848917450938,-0.35168626424420102,-0.262824234859102,-0.77285174000000001,-0.78860287715647137,0.81094447193154218,0.040949049298697443,0.70169888936896252,0.052392878452836605,-0.23139888119894447,0.022388382291222302,0.84308912454275919,-0.70538656838569369,-0.5027352464521615,-0.56227090152403747
-0.56251970506623994,-0.20468107645286776,0.49712095970900766,0.74492859455709637,-0.045607046458063072,0.054507412223449937,0.1347501266227942,-0.87386764322690746,1.0,-0.074103735720160185,-0.6122963169349821,0.7729114486154115,-0.086436329251251012,-0.75784543490305945,0.41853623267891787,-0.77184159311159295,0.82681403801282738,-0.75796618668969429,-0.35540357782955334,0.59019013827569311,-0.63000132832286704,0.16471306103353903,-0.61327448301684961,0.81649695852791782,0.3444852038064623,0.42685370736725931,0.36463062233685373,0.79527685999999997,0.85268355195804202,-0.77734098559418163,-0.16296002664990206,-0.72339537033844503,0.16746891662370306,-0.044772712222812795,-0.13886028208023829,-0.93823261781587164,0.75120915169721703,0.52092351296652406,0.7331210130528627
0.153114431789794,0.19201668958758775,0.22781384463087484,-0.027062179534280067,0.80668063575354443,-0.43105618334685181,0.10768872457794092,-0.18972132940829292,-0.074103735720160185,1.0,0.21026289720128533,-0.29917844489229678,-0.0705657448631207,0.17289505417516363,-0.57826590402610434,-0.19820002015329452,-0.13899330058541506,0.23600138898820491,-0.59632172668443018,0.20124723632418837,-0.15205353246679093,0.20856249826369228,-0.22261644615903187,0.21395176506850364,0.059300168261643617,0.086046034119399067,0.59881615991688719,0.084943680000000077,-0.052465075104786055,0.012429126987390684,0.10321687638986023,-0.12621057751811526,-0.61339421753174694,0.36659255584385353,0.15021647248811604,0.024543188580798653,-0.23690075264658728,-0.048254835249192329,-0.19012646479035233
0.0065315722897926016,0.62470502487471258,-0.21297029030627612,-0.11411352807572464,0.009325939778388137,-0.35560991310902673,-0.029550264101061693,0.62371355936287198,-0.6122963169349821,0.21026289720128533,1.0,-0.76046404267466849,-0.45572872155030902,0.34197891057857227,-0.29826251624574773,0.26009720728208102,-0.42218579979451931,0.64842228455773632,-0.013138152103136784,0.16850073812072749,0.39229838619191376,0.48755057037490385,-0.023382092209534591,-0.092444989131663644,0.25906407160427025,0.058119764855360134,0.16302599643570487,-0.25904592000000004,-0.41613015491594618,0.57098811392497517,-0.39792679757954746,0.11524671286646293,-0.68807240991019636,0.074499958547153231,0.41734416468882146,0.3921591826905248,-0.75109486841567341,-0.082154173206015257,-0.30704846894307075
-0.24491644700375945,-0.56765369584925918,-0.01004025513355713,0.23251220669414724,-0.2660251738408872,0.062139255111326633,0.10316946512968087,-0.645728342556117,0.7729114486154115,-0.29917844489229678,-0.76046404267466849,1.0,0.46182053375663451,-0.32074500492457048,0.71386176634313303,-0.48836282762623168,0.53359549078610002,-0.69862142781456715,0.20284559532344251,0.019916372747966132,-0.25721708802902404,-0.13237165911014651,-0.018856684889990968,0.43773534694941346,-0.2212708428725568,0.35336144519325796,0.17196842549386782,0.25841990000000004,0.3788567850341939,-0.82557549280501108,0.28114283259502115,-0.29813143668181452,0.54239196923760902,-0.15987599751283033,-0.51678217228656897,-0.57000159590264809,0.49397557483229626,-0.010626191089954301,0.45224757138068644
0.6047007589025809,-0.79619239242750628,-0.68531439456893983,-0.70852317451963021,-0.089256683038720197,-0.1254166998476724,-0.31758688007550745,0.12314312494916245,-0.086436329251251012,-0.0705657448631207,-0.45572872155030902,0.46182053375663451,1.0,0.56121855210886296,0.41093976562244622,0.054337416878026686,-0.39097914451794735,-0.12935017036343241,0.64193237314111495,-0.78537030763735027,0.1568352047519323,-0.53284305524805964,0.63844787698949634,-0.39404287095831997,-0.8798550714231409,0.0066691815104341946,0.015959624898835789,-0.62151931999999999,-0.51032691980859712,-0.14452227181253996,0.8923480413580982,0.43585050915199464,0.64459951993481313,-0.019528061121546321,-0.84036571368356772,0.3497332401259336,-0.1712128194107958,-0.81666290195106062,-0.16828202734015554
0.70415756976506771,-0.21465125936186252,-0.71086128611748689,-0.87744751460123382,0.152545874280755,-0.3561888507761703,-0.28395061514635189,0.62664769299995249,-0.75784543490305945,0.17289505417516363,0.34197891057857227,-0.32074500492457048,0.56121855210886296,1.0,-0.14624466998103672,0.41645736455294419,-0.86661445625750644,0.40186230766042047,0.53009778727539014,-0.76683984396265537,0.47469092523466866,-0.39011005695357498,0.68574326917582262,-0.66258505798627021,-0.770592711028253,-0.10109342926045119,-0.059834391340538237,-0.87767057999999998,-0.90567763321912398,0.33029880083541713,0.62706112562190375,0.64363304165156277,-0.022650816707356469,0.21819259274486086,-0.35529056980068247,0.80242483336844239,-0.76331841956876911,-0.86457408314201523,-0.59784112863719752
-0.10936286772495123,-0.29597052928691658,-0.47076614828979368,0.026401860036893571,-0.73942011336181179,-0.10010041122947988,-0.18232095944353413,-0.076586288343954478,0.41853623267891787,-0.57826590402610434,-0.29826251624574773,0.71386176634313303,0.41093976562244622,-0.14624466998103672,1.0,-0.26920401141184824,0.32930393112263612,-0.40264043622882845,0.59836808812267706,-0.081172032577730188,0.068479574891751382,0.1901853333155748,0.17210540867791421,0.24680993041660798,-0.22568050329123199,0.46115423226807895,0.080507803166462694,-0.073836459999999993,0.030553191609409499,-0.3659027664487437,0.092803313677867497,-0.14209752673633233,0.56312542427466761,-0.36560738962925038,-0.56288171031840484,-0.26306001729203615,0.045344465618071927,-0.23740266686654937,0.44147243733368913
0.26436679609638386,0.11845279180045812,-0.25866567075243851,-0.54164970391812239,-0.25160484473066796,0.46363668572363004,0.26869837165269977,0.68831552786317951,-0.77184159311159295,-0.19820002015329452,0.26009720728208102,-0.48836282762623168,0.054337416878026686,0.41645736455294419,-0.26920401141184824,1.0,-0.49358832790897478,0.73800283288016422,0.42336607092115824,-0.53282337395498891,0.83188181302610742,-0.15424391511713448,0.75011851424551679,-0.83635454700309042,-0.16970296646349131,-0.77575791719338483,-0.57042470217218555,-0.66418442,-0.64298307991350334,0.55305523627567843,-0.027597715596846779,0.8717442421500915,0.16612703068155504,-0.44252206704972391,0.35852208839786326,0.820169253898964,-0.37407874771733929,-0.22020797869076369,-0.85062694742359102
-0.63371851737612872,0.15086179663153979,0.57835742944308066,0.79622759681726685,-0.14721548250638217,0.17078614438031883,0.35433075361860894,-0.76989660716945785,0.82681403801282738,-0.13899330058541506,-0.42218579979451931,0.53359549078610002,-0.39097914451794735,-0.86661445625750644,0.32930393112263612,-0.49358832790897478,1.0,-0.493782780137419,-0.44060124286773639,0.66445664165323692,-0.41445960572304541,0.41823173982600709,-0.55515325103249302,0.73798623338024116,0.59212142395494249,0.28696790540832845,0.12391572486673813,0.78919662000000002,0.81539053976614517,-0.56770254699000733,-0.49310428402713602,-0.67292240102685386,0.019074842431888072,-0.15724308644135779,0.19209156670944183,-0.834733902712679,0.66494298903706639,0.69419342078702639,0.62355599420390262
0.19126144680932039,0.30284933323390223,-0.26525996678673686,-0.43229700151507028,-0.029763092110207889,0.047318439480069301,0.30177662437883696,0.67487997142009293,-0.75796618668969429,0.23600138898820491,0.64842228455773632,-0.69862142781456715,-0.12935017036343241,0.40186230766042047,-0.40264043622882845,0.73800283288016422,-0.493782780137419,1.0,0.153799545568581,-0.22224660910509325,0.74866320280722998,0.2619120723811259,0.45811958411141995,-0.51536025778741967,0.097244073802826028,-0.53203850643220951,-0.09803375304797371,-0.54745337999999999,-0.62878133029738592,0.64786386223422854,-0.14463202555869975,0.62469321147030399,-0.26228188305740541,-0.29126295710619132,0.43293066453247647,0.73524223030750457,-0.63725738642692209,-0.20126035584166013,-0.76048106038437124
0.35150942836506538,-0.40943613404429596,-0.8169658173855211,-0.6240396880666399,-0.70971627763324263,0.066947847575311914,-0.24999577148339075,0.58480853361669127,-0.35540357782955334,-0.59632172668443018,-0.013138152103136784,0.20284559532344251,0.64193237314111495,0.53009778727539014,0.59836808812267706,0.42336607092115824,-0.44060124286773639,0.153799545568581,1.0,-0.69910996558870664,0.59059018612466896,-0.26322132212887961,0.77637032976245357,-0.56338960370529723,-0.63214102830303465,-0.11297002888968721,-0.29634866969363138,-0.75373915999999996,-0.64117463720494805,0.12535639919091393,0.40120969598451928,0.62249886537388788,0.65010570998534634,-0.42325751397452765,-0.49457696759104192,0.53819744552026483,-0.3793494703928344,-0.66588385246306281,-0.28393762214841362
-0.76755735650060597,0.54285560233777608,0.72823896345958361,0.93598764634525933,0.089887055774851371,-0.039579651548689691,0.25775070265660205,-0.50447509057198359,0.59019013827569311,0.20124723632418837,0.16850073812072749,0.019916372747966132,-0.78537030763735027,-0.76683984396265537,-0.081172032577730188,-0.53282337395498891,0.66445664165323692,-0.22224660910509325,-0.69910996558870664,1.0,-0.41690188039162013,0.65559242928425443,-0.86224155638878952,0.82987967812405472,0.86963527803003249,0.3043501528917863,0.46607033104586343,0.87143423999999992,0.78457696293171653,-0.28828139764784827,-0.78183710467351275,-0.72533991056680303,-0.52276957000979507,-0.048203310590926737,0.5538491164115642,-0.7581164139379013,0.38601527455846535,0.83503590139350758,0.48603710365983838
0.1250736711107974,0.12247459557457738,-0.45558750794345576,-0.49331488846536498,-0.43256571508335656,0.19294120350279534,0.35491143422594851,0.6532891353948711,-0.63000132832286704,-0.15205353246679093,0.39229838619191376,-0.25721708802902404,0.1568352047519323,0.47469092523466866,0.068479574891751382,0.83188181302610742,-0.41445960572304541,0.74866320280722998,0.59059018612466896,-0.41690188039162013,1.0,0.16308827430701373,0.785501768950291,-0.5741841858015162,-0.19114718850407739,-0.49010771388012303,-0.196166949808599,-0.71479380000000003,-0.71818030297356261,0.31169053408560871,-0.061995513907224062,0.80043467496812593,0.096754446786380136,-0.59944638481325685,0.24891872497725515,0.7173824430357969,-0.59346255444185925,-0.35083349929538821,-0.8072549578980408
-0.4338003035882993,0.64794111286548139,0.12220736464144558,0.45262292786107394,-0.21274090298431952,-0.29248723405196125,0.24657450426892524,-0.01046809885203356,0.16471306103353903,0.20856249826369228,0.48755057037490385,-0.13237165911014651,-0.53284305524805964,-0.39011005695357498,0.1901853333155748,-0.15424391511713448,0.41823173982600709,0.2619120723811259,-0.26322132212887961,0.65559242928425443,0.16308827430701373,1.0,-0.33982095472641283,0.54600925959070878,0.63606737241242151,0.31197473340512205,0.48198050583815549,0.28881850000000009,0.17780660536096063,0.060672328449566292,-0.71139395645174563,-0.34940583840285855,-0.47307165729723816,-0.29022915308579872,0.4066672567398823,-0.27522063565458105,-0.23442413260310621,0.34190484992627324,0.17861680032275487
0.51386178203589916,-0.31803904894350532,-0.68665380699331702,-0.83128931119750693,-0.31733966263303209,0.16775892420034838,0.078737043100983728,0.56713637805873929,-0.61327448301684961,-0.22261644615903187,-0.023382092209534591,-0.018856684889990968,0.63844787698949634,0.68574326917582262,0.17210540867791421,0.75011851424551679,-0.55515325103249302,0.45811958411141995,0.77637032976245357,-0.86224155638878952,0.785501768950291,-0.33982095472641283,1.0,-0.78882895699359523,-0.69121328992307141,-0.41844015649397981,-0.41134766872930767,-0.90418509999999996,-0.83403251489841568,0.23039903265112477,0.49308099478901701,0.85947392926885313,0.46413273286335682,-0.33402999701577035,-0.26223614772659415,0.80602859284039408,-0.48844872703733572,-0.70897068442384392,-0.69662713683663602
-0.63773773630416697,0.20632004865846218,0.47553926155897525,0.79791503921960916,0.13480338909457459,-0.31479367522843771,0.18240006962214711,-0.74209726378908081,0.81649695852791782,0.21395176506850364,-0.092444989131663644,0.43773534694941346,-0.39404287095831997,-0.66258505798627021,0.24680993041660798,-0.83635454700309042,0.73798623338024116,-0.51536025778741967,-0.56338960370529723,0.82987967812405472,-0.5741841858015162,0.54600925959070878,-0.78882895699359523,1.0,0.54306940797208691,0.67172599918592735,0.60026739807485907,0.8083939,0.74563638514949215,-0.60848347355850663,-0.39500209481710497,-0.89301936761121736,-0.37318814933862665,0.16443828283714942,0.07561714079784046,-0.90108885445885212,0.35769251522987056,0.5282652211828347,0.7142110634494524
-0.67878680823573301,0.55015356007416905,0.70264133852946342,0.81638527352488865,-0.031321761507692641,0.24056279851381879,0.39131935615761387,-0.27584848917450938,0.3444852038064623,0.059300168261643617,0.25906407160427025,-0.2212708428725568,-0.8798550714231409,-0.770592711028253,-0.22568050329123199,-0.16970296646349131,0.59212142395494249,0.097244073802826028,-0.63214102830303465,0.86963527803003249,-0.19114718850407739,0.63606737241242151,-0.69121328992307141,0.54306940797208691,1.0,-0.065951881551817304,0.17194969728127496,0.73307750000000005,0.66074668238519352,0.027171009027450406,-0.87574912752491052,-0.4761855177168835,-0.45239376213957094,-0.19126890314874118,0.73698669807814188,-0.52700951237452187,0.35577191236559158,0.88511434757707275,0.25262617715321584
-0.14550980013339912,0.13712994625769348,-0.15916488545524213,0.22981074244450383,0.063143325323203131,-0.72394043037439271,-0.27266104550045905,-0.35168626424420102,0.42685370736725931,0.086046034119399067,0.058119764855360134,0.35336144519325796,0.0066691815104341946,-0.10109342926045119,0.46115423226807895,-0.77575791719338483,0.28696790540832845,-0.53203850643220951,-0.11297002888968721,0.3043501528917863,-0.49010771388012303,0.31197473340512205,-0.41844015649397981,0.67172599918592735,-0.065951881551817304,1.0,0.38947814104937234,0.28072473999999992,0.21989367715306049,-0.38633823722044819,0.054291522320829566,-0.74536621550220605,-0.25869064244884632,0.47219477379268893,-0.42829065369923613,-0.4940928856439733,-0.12866954563462718,-0.12000940835718256,0.73950757824451763
-0.11801704613867502,0.0070959558611536121,0.081347414844639365,0.28423436229802651,0.26152941861019313,-0.49622234031783913,-0.10966211077812268,-0.262824234859102,0.36463062233685373,0.59881615991688719,0.16302599643570487,0.17196842549386782,0.015959624898835789,-0.059834391340538237,0.080507803166462694,-0.57042470217218555,0.12391572486673813,-0.09803375304797371,-0.29634866969363138,0.46607033104586343,-0.196166949808599,0.48198050583815549,-0.41134766872930767,0.60026739807485907,0.17194969728127496,0.38947814104937234,1.0,0.25902380000000003,0.17485171645192563,-0.27656174219692736,-0.078099211275425878,-0.32690135620956429,-0.3783624851144719,0.025883723644830912,-0.091370766734692493,-0.38267169734365519,-0.11375783943271772,0.01301417640464464,0.17151003310592741
-0.68941370000000002,0.24368568000000002,0.84310528000000007,0.94773678000000006,0.19618540000000007,0.11880023999999989,0.19590291999999998,-0.77285174000000001,0.79527685999999997,0.084943680000000077,-0.25904592000000004,0.25841990000000004,-0.62151931999999999,-0.87767057999999998,-0.073836459999999993,-0.66418442,0.78919662000000002,-0.54745337999999999,-0.75373915999999996,0.87143423999999992,-0.71479380000000003,0.28881850000000009,-0.90418509999999996,0.8083939,0.73307750000000005,0.28072473999999992,0.25902380000000003,1.0,0.97837608000000009,-0.46365498000000005,-0.54038976000000005,-0.82220225999999996,-0.26467892000000004,0.11970893999999999,0.34690055999999991,-0.91088855999999996,0.73880973999999999,0.8674201399999999,0.66749093999999998
-0.66565516243545353,0.10551706474548664,0.81083354818745801,0.92255528120222019,0.084173543511278162,0.232317315717188,0.15718218493869596,-0.78860287715647137,0.85268355195804202,-0.052465075104786055,-0.41613015491594618,0.3788567850341939,-0.51032691980859712,-0.90567763321912398,0.030553191609409499,-0.64298307991350334,0.81539053976614517,-0.62878133029738592,-0.64117463720494805,0.78457696293171653,-0.71818030297356261,0.17780660536096063,-0.83403251489841568,0.74563638514949215,0.66074668238519352,0.21989367715306049,0.17485171645192563,0.97837608000000009,1.0,-0.50912110528188936,-0.46928106553708332,-0.76427297995985433,-0.063642031791331904,0.030701930256990074,0.25356119263934834,-0.91845398779131115,0.85089408424313739,0.84757267759541643,0.69081085505978779
0.51627375758658889,0.28192910874403698,-0.32239096979018933,-0.45381211317108772,-0.046702172320512436,0.046165125949570993,-0.36994054323426517,0.81094447193154218,-0.77734098559418163,0.012429126987390684,0.57098811392497517,-0.82557549280501108,-0.14452227181253996,0.33029880083541713,-0.3659027664487437,0.55305523627567843,-0.56770254699000733,0.64786386223422854,0.12535639919091393,-0.28828139764784827,0.31169053408560871,0.060672328449566292,0.23039903265112477,-0.60848347355850663,0.027171009027450406,-0.38633823722044819,-0.27656174219692736,-0.46365498000000005,-0.50912110528188936,1.0,-0.10520393426242015,0.43777382567930895,-0.12387995210039374,0.012704696404578832,0.16204793562880696,0.65510360870623807,-0.48384161726682146,-0.22654578597876107,-0.36787165034192953
0.65837448322552039,-0.7606766762119378,-0.55660458308280958,-0.72429635793732083,0.25898755378503469,-0.21831504465576573,-0.30506090258489993,0.040949049298697443,-0.16296002664990206,0.10321687638986023,-0.39792679757954746,0.28114283259502115,0.8923480413580982,0.62706112562190375,0.092803313677867497,-0.027597715596846779,-0.49310428402713602,-0.14463202555869975,0.40120969598451928,-0.78183710467351275,-0.061995513907224062,-0.71139395645174563,0.49308099478901701,-0.39500209481710497,-0.87574912752491052,0.054291522320829566,-0.078099211275425878,-0.54038976000000005,-0.46928106553708332,-0.10520393426242015,1.0,0.30226975185438143,0.42138118856583612,0.35769842205472518,-0.79541216647009783,0.35584308410590632,-0.16969718679773471,-0.78805202209151892,-0.133880640948327
0.48132652824905553,-0.23106195894070608,-0.46069327232269619,-0.72152454334642235,-0.2341065585627719,0.34210288145619333,0.025909333336733648,0.70169888936896252,-0.72339537033844503,-0.12621057751811526,0.11524671286646293,-0.29813143668181452,0.43585050915199464,0.64363304165156277,-0.14209752673633233,0.8717442421500915,-0.67292240102685386,0.62469321147030399,0.62249886537388788,-0.72533991056680303,0.80043467496812593,-0.34940583840285855,0.85947392926885313,-0.89301936761121736,-0.4761855177168835,-0.74536621550220605,-0.32690135620956429,-0.82220225999999996,-0.76427297995985433,0.43777382567930895,0.30226975185438143,1.0,0.36425910239349085,-0.4555045361542806,0.020190008122499201,0.86355873207780431,-0.40034442327754677,-0.50001651063487118,-0.88063036031400788
0.21291318904297771,-0.65600291673524125,-0.33444530803571337,-0.27660769318203343,-0.57869770530654852,0.43543163516373362,-0.22434312457382144,0.052392878452836605,0.16746891662370306,-0.61339421753174694,-0.68807240991019636,0.54239196923760902,0.64459951993481313,-0.022650816707356469,0.56312542427466761,0.16612703068155504,0.019074842431888072,-0.26228188305740541,0.65010570998534634,-0.52276957000979507,0.096754446786380136,-0.47307165729723816,0.46413273286335682,-0.37318814933862665,-0.45239376213957094,-0.25869064244884632,-0.3783624851144719,-0.26467892000000004,-0.063642031791331904,-0.12387995210039374,0.42138118856583612,0.36425910239349085,1.0,-0.46581780205858636,-0.53473509847343648,0.10582431407963415,0.37052521248522274,-0.26138142874746112,0.052997779647194938
0.31639622931512401,-0.039505925614022767,0.018571940433139703,-0.11383755154428046,0.71963161479472904,-0.52024416855917244,-0.27463242910672109,-0.23139888119894447,-0.044772712222812795,0.36659255584385353,0.074499958547153231,-0.15987599751283033,-0.019528061121546321,0.21819259274486086,-0.36560738962925038,-0.44252206704972391,-0.15724308644135779,-0.29126295710619132,-0.42325751397452765,-0.048203310590926737,-0.59944638481325685,-0.29022915308579872,-0.33402999701577035,0.16443828283714942,-0.19126890314874118,0.47219477379268893,0.025883723644830912,0.11970893999999999,0.030701930256990074,0.012704696404578832,0.35769842205472518,-0.4555045361542806,-0.46581780205858636,1.0,-0.27485787261376871,-0.12804684180397963,-0.12618996057579279,-0.18718772765767988,0.31609540204037073
-0.54883304226636787,0.71516614884846264,0.66293675995810075,0.48739438883998426,0.094801784497602348,0.36708424926501376,0.58658543931506157,0.022388382291222302,-0.13886028208023829,0.15021647248811604,0.41734416468882146,-0.51678217228656897,-0.84036571368356772,-0.35529056980068247,-0.56288171031840484,0.35852208839786326,0.19209156670944183,0.43293066453247647,-0.49457696759104192,0.5538491164115642,0.24891872497725515,0.4066672567398823,-0.26223614772659415,0.07561714079784046,0.73698669807814188,-0.42829065369923613,-0.091370766734692493,0.34690055999999991,0.25356119263934834,0.16204793562880696,-0.79541216647009783,0.020190008122499201,-0.53473509847343648,-0.27485787261376871,1.0,-0.025787423878976659,0.087040153729060571,0.71511041993449043,-0.33243062324006473
0.60914202868955847,-0.005338781768120672,-0.60671451662538145,-0.86336222865922918,-0.058675188452961213,0.017508922274438357,-0.10145409055270953,0.84308912454275919,-0.93823261781587164,0.024543188580798653,0.3921591826905248,-0.57000159590264809,0.3497332401259336,0.80242483336844239,-0.26306001729203615,0.820169253898964,-0.834733902712679,0.73524223030750457,0.53819744552026483,-0.7581164139379013,0.7173824430357969,-0.27522063565458105,0.80602859284039408,-0.90108885445885212,-0.52700951237452187,-0.4940928856439733,-0.38267169734365519,-0.91088855999999996,-0.91845398779131115,0.65510360870623807,0.35584308410590632,0.86355873207780431,0.10582431407963415,-0.12804684180397963,-0.025787423878976659,1.0,-0.68999421155001528,-0.6515311025552335,-0.79018405611503229
-0.42895604307577917,-0.24083687763966533,0.70297414441481521,0.64841590618409284,-0.0071624925626663227,0.5410070211476643,0.11303515054182489,-0.70538656838569369,0.75120915169721703,-0.23690075264658728,-0.75109486841567341,0.49397557483229626,-0.1712128194107958,-0.76331841956876911,0.045344465618071927,-0.37407874771733929,0.66494298903706639,-0.63725738642692209,-0.3793494703928344,0.38601527455846535,-0.59346255444185925,-0.23442413260310621,-0.48844872703733572,0.35769251522987056,0.35577191236559158,-0.12866954563462718,-0.11375783943271772,0.73880973999999999,0.85089408424313739,-0.48384161726682146,-0.16969718679773471,-0.40034442327754677,0.37052521248522274,-0.12618996057579279,0.087040153729060571,-0.68999421155001528,1.0,0.6764149582912905,0.47483043272107156
-0.76376841470897361,0.44264761500747013,0.90829995730588997,0.9137832627735214,0.018964045220609793,0.42943286610605996,0.40522052173785772,-0.5027352464521615,0.52092351296652406,-0.048254835249192329,-0.082154173206015257,-0.010626191089954301,-0.81666290195106062,-0.86457408314201523,-0.23740266686654937,-0.22020797869076369,0.69419342078702639,-0.20126035584166013,-0.66588385246306281,0.83503590139350758,-0.35083349929538821,0.34190484992627324,-0.70897068442384392,0.5282652211828347,0.88511434757707275,-0.12000940835718256,0.01301417640464464,0.8674201399999999,0.84757267759541643,-0.22654578597876107,-0.78805202209151892,-0.50001651063487118,-0.26138142874746112,-0.18718772765767988,0.71511041993449043,-0.6515311025552335,0.6764149582912905,1.0,0.31883684110233335
-0.29615662581185564,0.0040495342887848784,0.20879577119179343,0.56496064158578563,-0.076041415588601682,-0.26640575093268931,-0.3328435653327238,-0.56227090152403747,0.7331210130528627,-0.19012646479035233,-0.30704846894307075,0.45224757138068644,-0.16828202734015554,-0.59784112863719752,0.44147243733368913,-0.85062694742359102,0.62355599420390262,-0.76048106038437124,-0.28393762214841362,0.48603710365983838,-0.8072549578980408,0.17861680032275487,-0.69662713683663602,0.7142110634494524,0.25262617715321584,0.73950757824451763,0.17151003310592741,0.66749093999999998,0.69081085505978779,-0.36787165034192953,-0.133880640948327,-0.88063036031400788,0.052997779647194938,0.31609540204037073,-0.33243062324006473,-0.79018405611503229,0.47483043272107156,0.31883684110233335,1.0
