1.000000000000000000e+00,1.652844649955581557e-01,2.716043133190441106e-01,6.912982361556097022e-02,2.513847000000000165e-01,-6.251611518973192450e-01,1.955114443775322064e-01,1.245771360018079754e-01,-4.030168017675240799e-01,-2.389345615521724087e-01,-5.261384724211092268e-01,-1.830523796013836246e-01,-7.342203303824819116e-01,-5.396828670515733117e-01,-6.190302796656999007e-01,1.753627944447860854e-01,2.921096647732455698e-01,1.150730378869871950e-01,1.235054387336356196e-01,2.182387359782148317e-01,2.833553657592300379e-01,-1.285919032637065362e-01,2.911851711192675052e-01,-3.806904666482571753e-02,-4.905258530733346833e-01,-3.920054145576881144e-01,-1.608105595105677188e-01,6.213624252705374218e-02,4.863833511622517314e-02,4.488184809952144860e-02,3.890354986812698534e-01,2.316132049556544059e-01,-2.779242968261686486e-01,1.029287874977219408e-01,4.478749823486730119e-01,2.347459814371638531e-02,3.107961377812979431e-01,-3.642429979982103605e-01,2.019881398950369444e-01
1.652844649955581557e-01,1.000000000000000000e+00,-2.520331364670749807e-01,8.269047635536364016e-02,-6.773422799999999633e-01,5.148677373335739382e-01,4.285374259145768860e-01,-2.006257497627294550e-01,-7.514109115547139561e-01,-7.425833071978540922e-02,2.158138769078035979e-01,5.841229412802055876e-01,1.487578654289389568e-01,3.677045911957832480e-01,-5.512146141657160714e-02,1.926130646444255134e-01,-6.807425738214787359e-01,9.044777997003957681e-01,4.828171621450653705e-01,8.356542582388065687e-02,4.366729359603586103e-01,6.875200190760742958e-01,-6.367319874394128387e-01,-4.409106725356520817e-01,-6.825669997083272378e-01,1.948908869692899115e-01,1.959339983984235145e-01,3.805037862778366531e-01,4.930176619558478412e-01,-3.816165199413523168e-01,1.192722371527763295e-02,7.399272539178520791e-01,5.331856212265310146e-01,6.555969364965692492e-01,-6.015020692001152858e-01,-2.406952792850034217e-01,4.212754840344740820e-02,-6.469434338311945698e-01,3.233960921146959433e-01
2.716043133190441106e-01,-2.520331364670749807e-01,1.000000000000000000e+00,1.738811355607241538e-01,6.635731799999999847e-01,-6.725796682570458485e-01,-1.294375889867357965e-01,2.484048028667803776e-01,2.304344968008007755e-01,5.001596628385507337e-01,-7.465636696773664260e-01,-7.251316881228349054e-01,-5.972565762955205360e-01,8.479235142855419405e-02,-3.537495107506697933e-01,1.075999686887477713e-01,6.798931517144690684e-01,-2.046865632599147722e-01,-3.567331931871770556e-01,6.066079521283443410e-02,-5.628146529411384158e-01,-5.634930090111712753e-01,6.405030228577326401e-01,2.829677052265056614e-01,1.323399856245836004e-01,3.056760843435491620e-02,-6.043898740457518404e-01,-4.142605812426691791e-02,8.234447313257103884e-02,1.012876435645692769e-01,4.865892602873784778e-01,-3.252927033467074569e-01,-5.384455210218914711e-01,-6.367601002475998806e-01,4.655358431540136954e-01,-4.677485649690293901e-01,2.709876443890382181e-01,-4.236492757528910746e-01,2.211370921345269525e-01
6.912982361556097022e-02,8.269047635536364016e-02,1.738811355607241538e-01,1.000000000000000000e+00,3.621551000000000631e-01,1.105146825351215889e-01,-7.022167883540351152e-01,3.626168729439828708e-01,-1.139446935808964279e-01,5.691353515959038933e-01,-4.798592013227930275e-01,2.787599543984733419e-01,8.544036785298986247e-02,3.849687929446319323e-01,2.646212047325302574e-01,-8.119159015867571938e-02,3.406424303954900812e-01,2.612208596976582919e-01,5.834053157846041948e-01,-9.103425249374704764e-01,-1.593966528674795324e-01,-3.680486883934767084e-01,3.495176457130778069e-01,-2.175135223434824239e-01,1.925344019231521875e-01,7.484726532394155862e-01,-2.198215071838412471e-01,-1.298523712722210455e-02,8.525393291416770714e-01,5.415398701505402812e-01,2.029058419912561084e-01,-2.581470172473232516e-03,-4.470022345228654159e-01,4.088107142535332694e-02,2.817658093822549281e-01,5.258414054633887558e-01,-2.364400628179732788e-01,-4.938562209377098111e-01,4.659243213795489780e-01
2.513847000000000165e-01,-6.773422799999999633e-01,6.635731799999999847e-01,3.621551000000000631e-01,1.000000000000000000e+00,-7.811517199999999939e-01,-4.636000200000000016e-01,4.511631400000000180e-01,3.367072200000000848e-01,4.013702999999999577e-01,-7.117689999999999850e-01,-7.276954799999999501e-01,-5.721678000000000042e-01,-3.165219400000000016e-01,-1.971797800000000267e-01,-3.820597999999997274e-02,9.735457999999999057e-01,-6.585050000000000070e-01,-8.798879999999997814e-02,-2.527367999999999837e-01,-5.545363800000000509e-01,-8.964137399999999589e-01,9.750597199999999631e-01,3.540696999999999317e-01,4.846130399999999394e-01,-8.603260000000001462e-03,-5.376263399999999804e-01,-2.800422200000000084e-01,2.119800000000005014e-02,5.942429199999998968e-01,3.979078799999999916e-01,-6.243355200000000327e-01,-8.830471399999999527e-01,-6.976878600000000485e-01,9.089354999999998963e-01,1.043088199999999688e-01,2.964950000000010633e-02,9.368317999999997703e-02,8.638955999999997637e-02
-6.251611518973192450e-01,5.148677373335739382e-01,-6.725796682570458485e-01,1.105146825351215889e-01,-7.811517199999999939e-01,1.000000000000000000e+00,-2.756906770283212849e-02,-2.591440916817775997e-01,-1.955174554943351906e-01,-5.853721576387957426e-03,6.815226662830370374e-01,8.418918146329852359e-01,8.600810639214442332e-01,6.045280377142294714e-01,5.810965648341764878e-01,-1.277820766362815497e-01,-7.875147943580862453e-01,5.897108331669967951e-01,3.254618298146380595e-01,-3.072920047703753821e-01,2.756993870578192118e-01,6.264321913408156250e-01,-7.896823235765886295e-01,-3.481028488087300476e-01,-1.170120413424929756e-01,5.031754356221059821e-01,4.848200483357661961e-01,2.026494227762591638e-01,3.044560718376275732e-01,-2.347177044086451725e-01,-4.730528039040247656e-01,3.953522200175639822e-01,6.675510679162011130e-01,5.749636860819159478e-01,-8.162970045726740675e-01,2.101600279188091946e-01,-3.486895289976708612e-01,-6.289290113743821464e-02,-1.155881273490298733e-02
1.955114443775322064e-01,4.285374259145768860e-01,-1.294375889867357965e-01,-7.022167883540351152e-01,-4.636000200000000016e-01,-2.756906770283212849e-02,1.000000000000000000e+00,-3.283237987301241834e-01,-2.879116169811477000e-01,-3.080411737246803172e-01,1.873944745634091302e-01,-3.167451887898072027e-02,-3.574745935640795125e-01,-1.138669825230746308e-01,-6.656022512384179857e-01,5.853939751699097638e-01,-5.403437358847712479e-01,2.708367989678359122e-01,-7.353323925339660949e-03,8.296940573064218727e-01,4.759187337214118019e-01,6.722739166589367654e-01,-3.410567572844894757e-01,-3.058007852109546620e-01,-5.777649017469831394e-01,-4.347727294718475854e-01,-1.659633835590038353e-01,2.244989170189023442e-01,-4.248349589920073499e-01,-8.097421340491921526e-01,3.015824525037905102e-01,1.788422736229955401e-01,3.079404810119739100e-01,3.754455037034922782e-01,-2.649416746869609485e-01,-6.807658723138284573e-01,5.542677607126481609e-01,-3.434174225435587813e-02,-1.102443478424350309e-01
1.245771360018079754e-01,-2.006257497627294550e-01,2.484048028667803776e-01,3.626168729439828708e-01,4.511631400000000180e-01,-2.591440916817775997e-01,-3.283237987301241834e-01,1.000000000000000000e+00,2.227769970333518812e-01,6.015768303582569310e-01,-3.933833409394048020e-01,-1.395171423840431135e-01,-1.708303510153554028e-01,5.955956085727718424e-02,-5.069464539704371386e-02,3.056134671494559196e-02,3.906021978482486778e-01,-2.085811127143317456e-01,1.503626957935497721e-01,-3.216067416587339856e-01,-1.735286791618651514e-01,-3.131746765801109444e-01,4.679599823271039516e-01,5.181028864814211932e-02,1.925031852203004656e-01,2.807097222228168709e-01,-2.833047127989296587e-01,5.601226026459085183e-01,1.649281843388770985e-01,3.208543790453401434e-01,2.083162531866942779e-01,-2.700003083716108476e-02,-4.557613346040223501e-01,-1.477624910158383265e-01,3.972052164993630230e-01,2.097163545688507380e-01,-1.036759360501360444e-01,3.291965563932789524e-02,-1.114939237706878833e-01
-4.030168017675240799e-01,-7.514109115547139561e-01,2.304344968008007755e-01,-1.139446935808964279e-01,3.367072200000000848e-01,-1.955174554943351906e-01,-2.879116169811477000e-01,2.227769970333518812e-01,1.000000000000000000e+00,3.275522897464440142e-01,-1.346912399639444147e-01,-2.956531989422090390e-01,3.905033980832989249e-02,1.702905660412215583e-01,4.867460023069469094e-02,1.104822587971343584e-01,3.046727883957017768e-01,-5.505957559702362447e-01,-5.257776458707732470e-01,-1.146960508646596016e-01,-1.816155872703903162e-01,-2.703887331405572803e-01,3.566266090456350901e-01,6.341445599059368499e-02,7.149893422375093177e-01,2.016657728235388136e-02,-3.333573449976501291e-01,-8.943648736050125586e-03,-4.018466944599815571e-01,3.699399757231840863e-02,9.571716398660341796e-02,-6.412058444011311531e-01,-3.597364579302090304e-01,-3.495499266314789910e-01,2.690220509977290231e-01,1.043647512811615372e-02,2.606138162514911039e-01,4.235866271359731150e-01,-4.525672688901101748e-01
-2.389345615521724087e-01,-7.425833071978540922e-02,5.001596628385507337e-01,5.691353515959038933e-01,4.013702999999999577e-01,-5.853721576387957426e-03,-3.080411737246803172e-01,6.015768303582569310e-01,3.275522897464440142e-01,1.000000000000000000e+00,-4.788567971716876093e-01,-6.318701105728335987e-02,-1.032541414643635969e-01,6.540145633829415051e-01,-7.111775859152254242e-02,3.340404792493852915e-01,2.862886180827184934e-01,9.672080715073720636e-02,2.509494380250074652e-01,-5.105898326008563304e-01,-2.626081752553849347e-01,-2.019682667675286869e-01,4.576634780626028798e-01,-2.681893486821790296e-01,2.542819756733252778e-01,7.225445190734651746e-01,-6.351245756750123483e-01,4.362349154058831613e-01,4.071611406491354446e-01,7.462081317944678494e-02,4.898944356358930774e-01,-3.605830455979142091e-01,-5.410941407477085630e-01,-1.018436223007313235e-01,2.493568703610866688e-01,-7.047845830120197386e-02,1.308962749034886797e-01,-3.293610263171521391e-01,2.461680331082697487e-02
-5.261384724211092268e-01,2.158138769078035979e-01,-7.465636696773664260e-01,-4.798592013227930275e-01,-7.117689999999999850e-01,6.815226662830370374e-01,1.873944745634091302e-01,-3.933833409394048020e-01,-1.346912399639444147e-01,-4.788567971716876093e-01,1.000000000000000000e+00,4.678236125983966653e-01,7.030789800419297020e-01,-1.003676802413258802e-02,4.989789978715214458e-01,-3.311963386549846566e-01,-6.673552507292379588e-01,1.069011131927131569e-01,-8.333791978336980988e-02,2.009104829859055807e-01,2.189753875594976085e-01,5.046474983436641804e-01,-7.658144927638318444e-01,7.048225657475210015e-02,-1.330764642568423306e-01,-2.011789189718070081e-01,7.659685695873265088e-01,7.156486241903826928e-02,-3.317979086922192011e-01,-1.799464720154465569e-01,-7.191264629121305596e-01,2.545334219043318136e-01,7.726620579180769610e-01,3.235677872220205642e-01,-7.018456389049531063e-01,9.895184265117293321e-02,-4.094816227884093829e-01,4.752401212941614883e-01,-4.233327308360828045e-01
-1.830523796013836246e-01,5.841229412802055876e-01,-7.251316881228349054e-01,2.787599543984733419e-01,-7.276954799999999501e-01,8.418918146329852359e-01,-3.167451887898072027e-02,-1.395171423840431135e-01,-2.956531989422090390e-01,-6.318701105728335987e-02,4.678236125983966653e-01,1.000000000000000000e+00,6.165309169358296204e-01,4.400579277192313010e-01,3.273196524956746845e-01,4.117632870820364666e-02,-7.387381472305742935e-01,7.203019268853578794e-01,5.391029876453903302e-01,-4.047710057690281360e-01,6.144143517916701436e-01,6.618360827366817078e-01,-6.845280816948944302e-01,-5.804621155507674324e-01,-3.018529565928586011e-01,4.451315375006286712e-01,4.113275071276336070e-01,3.209596642809674494e-01,3.946100295284604709e-01,-1.939529701180122689e-01,-2.628188970837190830e-01,4.834914151456801701e-01,4.929985817398555570e-01,8.387698662294039709e-01,-5.994077203869964121e-01,4.556240519744134132e-01,-1.610119570931942690e-01,-2.030525099483591056e-01,9.525562654106537602e-03
-7.342203303824819116e-01,1.487578654289389568e-01,-5.972565762955205360e-01,8.544036785298986247e-02,-5.721678000000000042e-01,8.600810639214442332e-01,-3.574745935640795125e-01,-1.708303510153554028e-01,3.905033980832989249e-02,-1.032541414643635969e-01,7.030789800419297020e-01,6.165309169358296204e-01,1.000000000000000000e+00,4.273287914560805478e-01,8.761361426572005229e-01,-5.125910909070900967e-01,-5.119358919967229582e-01,2.025673177109097445e-01,9.326822898576680315e-03,-3.738980287780866996e-01,-4.568191434628675329e-02,2.769907444628932347e-01,-6.650780844026985550e-01,4.723489740364641976e-02,1.952233338325316536e-01,3.738685921590219619e-01,6.726187249848367689e-01,-3.156088112740219540e-03,1.847315792936883305e-01,8.565918562577611028e-02,-7.472726833964984383e-01,3.249090055077755723e-01,6.425940534320674358e-01,1.951976225676761156e-01,-7.181415915297846286e-01,3.733540076847287059e-01,-6.083696814063149771e-01,1.928851105755197137e-01,-5.245381157371419023e-02
-5.396828670515733117e-01,3.677045911957832480e-01,8.479235142855419405e-02,3.849687929446319323e-01,-3.165219400000000016e-01,6.045280377142294714e-01,-1.138669825230746308e-01,5.955956085727718424e-02,1.702905660412215583e-01,6.540145633829415051e-01,-1.003676802413258802e-02,4.400579277192313010e-01,4.273287914560805478e-01,1.000000000000000000e+00,2.397667732226315407e-01,2.746240420931613802e-01,-3.821858381818297734e-01,5.642848073315648305e-01,2.074143809500371138e-01,-4.246493296338136325e-01,2.354094660534779629e-02,3.660477193192451795e-01,-2.691999832585941221e-01,-4.917132470076076567e-01,9.502187015460832054e-02,7.747182587115015728e-01,-2.446588178760610022e-01,3.631669074150128407e-01,5.225910397148419984e-01,-2.716919775641176149e-01,1.553308650394345236e-01,7.031217124076451219e-02,1.205021842542891297e-01,2.867477986987392313e-01,-4.550863357162321376e-01,-1.650495293954380993e-01,1.211741721636733771e-01,-4.834652464916581738e-01,1.386703337684167536e-01
-6.190302796656999007e-01,-5.512146141657160714e-02,-3.537495107506697933e-01,2.646212047325302574e-01,-1.971797800000000267e-01,5.810965648341764878e-01,-6.656022512384179857e-01,-5.069464539704371386e-02,4.867460023069469094e-02,-7.111775859152254242e-02,4.989789978715214458e-01,3.273196524956746845e-01,8.761361426572005229e-01,2.397667732226315407e-01,1.000000000000000000e+00,-7.551853302510997956e-01,-9.482614283958937240e-02,-5.365027445139860379e-02,-6.945554998239054922e-02,-5.169822026454536923e-01,-3.580722580027505542e-01,-1.574592227195054650e-01,-3.528807441952927504e-01,3.309218400763456192e-01,4.066081149823552177e-01,3.092584047380317891e-01,6.654022039637406127e-01,-1.935964155206705284e-01,2.946303125441355197e-01,5.111803056189045957e-01,-7.796420379029476155e-01,2.068349592228849176e-01,4.026650824595588429e-01,-1.467229724242781475e-01,-4.192649713414282608e-01,4.698556340707290557e-01,-7.716972629684645257e-01,2.045844518736983642e-01,2.761544115439647229e-02
1.753627944447860854e-01,1.926130646444255134e-01,1.075999686887477713e-01,-8.119159015867571938e-02,-3.820597999999997274e-02,-1.277820766362815497e-01,5.853939751699097638e-01,3.056134671494559196e-02,1.104822587971343584e-01,3.340404792493852915e-01,-3.311963386549846566e-01,4.117632870820364666e-02,-5.125910909070900967e-01,2.746240420931613802e-01,-7.551853302510997956e-01,1.000000000000000000e+00,-2.211221717024502986e-01,2.524684301837182288e-01,3.493582071878600370e-01,1.944165881196946444e-01,5.773312505774447212e-01,4.633796893687643914e-01,1.772272096027869281e-01,-7.985697039474485281e-01,-1.905860070013075669e-01,6.815282837091840573e-02,-7.414310898925042803e-01,3.732137821000758304e-01,-1.903295702092100417e-02,-5.332860865999303757e-01,8.584781190685354391e-01,-2.705080980977261351e-01,-3.769893942779374285e-01,4.745703458039356448e-01,2.166229875740027788e-01,-3.821256904870630189e-01,8.934777761557431974e-01,-2.127566938245326611e-01,-1.203112297354379523e-01
2.921096647732455698e-01,-6.807425738214787359e-01,6.798931517144690684e-01,3.406424303954900812e-01,9.735457999999999057e-01,-7.875147943580862453e-01,-5.403437358847712479e-01,3.906021978482486778e-01,3.046727883957017768e-01,2.862886180827184934e-01,-6.673552507292379588e-01,-7.387381472305742935e-01,-5.119358919967229582e-01,-3.821858381818297734e-01,-9.482614283958937240e-02,-2.211221717024502986e-01,1.000000000000000000e+00,-6.619167733577013824e-01,-2.158061567918764245e-01,-2.371544641936192965e-01,-6.268430976774203023e-01,-9.571477446305468595e-01,9.066642594015642542e-01,5.021998068710838981e-01,4.654091661338403130e-01,-7.712175164128277915e-02,-3.818873622233597276e-01,-3.477882977321865021e-01,7.035105955819521452e-03,6.520641563660376505e-01,2.410421137048717188e-01,-5.345791262592605175e-01,-7.750610401810210659e-01,-7.700252443242711076e-01,8.432604200966687946e-01,1.390314926595117850e-01,-8.616157750362352097e-02,7.524261170437150648e-02,1.073585223561616397e-01
1.150730378869871950e-01,9.044777997003957681e-01,-2.046865632599147722e-01,2.612208596976582919e-01,-6.585050000000000070e-01,5.897108331669967951e-01,2.708367989678359122e-01,-2.085811127143317456e-01,-5.505957559702362447e-01,9.672080715073720636e-02,1.069011131927131569e-01,7.203019268853578794e-01,2.025673177109097445e-01,5.642848073315648305e-01,-5.365027445139860379e-02,2.524684301837182288e-01,-6.619167733577013824e-01,1.000000000000000000e+00,4.675297102574388353e-01,-1.285672583076966913e-01,4.750041806192297211e-01,6.730182615022448633e-01,-6.019707725773016938e-01,-5.691720251411687137e-01,-6.178453160710390968e-01,4.338138889972912304e-01,8.847701686625839002e-02,3.856830646330100532e-01,5.456825350924680018e-01,-4.535184621544779970e-01,7.361155826063718599e-02,6.011806040782765592e-01,4.489275598135206713e-01,7.194703540766659300e-01,-5.983317345728549341e-01,-1.049012260064606655e-01,1.049665100905569776e-01,-7.428962954320631473e-01,3.047175872101960947e-01
1.235054387336356196e-01,4.828171621450653705e-01,-3.567331931871770556e-01,5.834053157846041948e-01,-8.798879999999997814e-02,3.254618298146380595e-01,-7.353323925339660949e-03,1.503626957935497721e-01,-5.257776458707732470e-01,2.509494380250074652e-01,-8.333791978336980988e-02,5.391029876453903302e-01,9.326822898576680315e-03,2.074143809500371138e-01,-6.945554998239054922e-02,3.493582071878600370e-01,-2.158061567918764245e-01,4.675297102574388353e-01,1.000000000000000000e+00,-4.875524494797588981e-01,4.240044264059509849e-01,2.538540796298044411e-01,1.239549637246733366e-02,-6.304024402733579002e-01,-2.618468374512297747e-01,4.859914851979543204e-01,-1.507022642034968607e-01,2.035402734890931764e-01,6.349270067093487624e-01,1.261036166881553677e-01,3.368168857051515030e-01,1.671142229211130537e-01,-2.025245777858944718e-01,5.976030444526686525e-01,9.118125082019246097e-02,3.616371281798170245e-01,1.373234122267711450e-03,-2.934958578947104435e-01,2.861502206558742545e-01
2.182387359782148317e-01,8.356542582388065687e-02,6.066079521283443410e-02,-9.103425249374704764e-01,-2.527367999999999837e-01,-3.072920047703753821e-01,8.296940573064218727e-01,-3.216067416587339856e-01,-1.146960508646596016e-01,-5.105898326008563304e-01,2.009104829859055807e-01,-4.047710057690281360e-01,-3.738980287780866996e-01,-4.246493296338136325e-01,-5.169822026454536923e-01,1.944165881196946444e-01,-2.371544641936192965e-01,-1.285672583076966913e-01,-4.875524494797588981e-01,1.000000000000000000e+00,1.191971699934866596e-01,3.176811562503583652e-01,-2.251061498149470042e-01,2.100977912612664589e-01,-3.902515843616162217e-01,-7.465285998341221196e-01,2.688144393052961656e-02,7.618827781991644940e-03,-7.052618516107634905e-01,-6.024411373862915697e-01,2.441790546935028450e-02,1.137592668107282878e-01,3.381614551962978110e-01,-8.046596071024531005e-02,-1.694435212824677850e-01,-6.989117298753492191e-01,3.465144355762885819e-01,1.955693749594917541e-01,-1.934214743803580883e-01
2.833553657592300379e-01,4.366729359603586103e-01,-5.628146529411384158e-01,-1.593966528674795324e-01,-5.545363800000000509e-01,2.756993870578192118e-01,4.759187337214118019e-01,-1.735286791618651514e-01,-1.816155872703903162e-01,-2.626081752553849347e-01,2.189753875594976085e-01,6.144143517916701436e-01,-4.568191434628675329e-02,2.354094660534779629e-02,-3.580722580027505542e-01,5.773312505774447212e-01,-6.268430976774203023e-01,4.750041806192297211e-01,4.240044264059509849e-01,1.191971699934866596e-01,1.000000000000000000e+00,7.557970393417142718e-01,-3.985641566791665036e-01,-7.846391719335421566e-01,-4.249964495199767267e-01,-1.238999252719268501e-01,3.601081109739980718e-02,4.080396368906323845e-01,-3.727996282283538299e-02,-4.186253759532116980e-01,2.502095377680441657e-01,2.392832543349060759e-01,1.794279745629640543e-01,9.046291194192105367e-01,-1.794372139027255453e-01,1.361843293899235863e-01,5.122141504355819386e-01,-5.249776842790519066e-02,-2.826925118861489117e-01
-1.285919032637065362e-01,6.875200190760742958e-01,-5.634930090111712753e-01,-3.680486883934767084e-01,-8.964137399999999589e-01,6.264321913408156250e-01,6.722739166589367654e-01,-3.131746765801109444e-01,-2.703887331405572803e-01,-2.019682667675286869e-01,5.046474983436641804e-01,6.618360827366817078e-01,2.769907444628932347e-01,3.660477193192451795e-01,-1.574592227195054650e-01,4.633796893687643914e-01,-9.571477446305468595e-01,6.730182615022448633e-01,2.538540796298044411e-01,3.176811562503583652e-01,7.557970393417142718e-01,1.000000000000000000e+00,-7.794647920194984758e-01,-6.535941975602330700e-01,-5.340895432540042620e-01,2.076114524299673900e-02,1.753901985532540508e-01,4.794640906865575980e-01,-4.335907617297350691e-02,-7.372384132504176124e-01,1.189492568376454042e-02,4.552043689925295289e-01,6.142867065268908799e-01,8.384200511629750219e-01,-6.968084746979594790e-01,-2.361349006077583523e-01,3.370729622451706931e-01,-1.378549886757135245e-01,-1.720615889516041164e-01
2.911851711192675052e-01,-6.367319874394128387e-01,6.405030228577326401e-01,3.495176457130778069e-01,9.750597199999999631e-01,-7.896823235765886295e-01,-3.410567572844894757e-01,4.679599823271039516e-01,3.566266090456350901e-01,4.576634780626028798e-01,-7.658144927638318444e-01,-6.845280816948944302e-01,-6.650780844026985550e-01,-2.691999832585941221e-01,-3.528807441952927504e-01,1.772272096027869281e-01,9.066642594015642542e-01,-6.019707725773016938e-01,1.239549637246733366e-02,-2.251061498149470042e-01,-3.985641566791665036e-01,-7.794647920194984758e-01,1.000000000000000000e+00,1.641322895039580843e-01,4.375226779431215518e-01,1.036416051973298308e-02,-6.786608952610908574e-01,-1.916233915406653221e-01,1.510302597058068089e-02,4.809639559618420490e-01,5.714488601860696626e-01,-6.707751685066803971e-01,-9.572809050617822058e-01,-5.637529580463028767e-01,9.522968206521905676e-01,6.283768853643022234e-02,2.126181610470795069e-01,7.196864600150217062e-02,5.120517624100426324e-02
-3.806904666482571753e-02,-4.409106725356520817e-01,2.829677052265056614e-01,-2.175135223434824239e-01,3.540696999999999317e-01,-3.481028488087300476e-01,-3.058007852109546620e-01,5.181028864814211932e-02,6.341445599059368499e-02,-2.681893486821790296e-01,7.048225657475210015e-02,-5.804621155507674324e-01,4.723489740364641976e-02,-4.917132470076076567e-01,3.309218400763456192e-01,-7.985697039474485281e-01,5.021998068710838981e-01,-5.691720251411687137e-01,-6.304024402733579002e-01,2.100977912612664589e-01,-7.846391719335421566e-01,-6.535941975602330700e-01,1.641322895039580843e-01,1.000000000000000000e+00,2.309047366902280407e-01,-3.536359542892492658e-01,3.696124231317673425e-01,-4.365617392285455756e-01,-3.314953291437526817e-01,3.670780104427244783e-01,-5.695886800296656727e-01,-6.131130950281764129e-03,1.200064269734731903e-01,-8.273432933307061088e-01,8.028426563842609720e-02,-4.550458608001561184e-02,-6.213760930029071927e-01,3.051911804137749651e-01,7.639003898975298135e-02
-4.905258530733346833e-01,-6.825669997083272378e-01,1.323399856245836004e-01,1.925344019231521875e-01,4.846130399999999394e-01,-1.170120413424929756e-01,-5.777649017469831394e-01,1.925031852203004656e-01,7.149893422375093177e-01,2.542819756733252778e-01,-1.330764642568423306e-01,-3.018529565928586011e-01,1.952233338325316536e-01,9.502187015460832054e-02,4.066081149823552177e-01,-1.905860070013075669e-01,4.654091661338403130e-01,-6.178453160710390968e-01,-2.618468374512297747e-01,-3.902515843616162217e-01,-4.249964495199767267e-01,-5.340895432540042620e-01,4.375226779431215518e-01,2.309047366902280407e-01,1.000000000000000000e+00,1.340750104123365205e-01,-2.028669716256660538e-01,-3.558214949096048518e-01,-1.438042880676774875e-02,5.118973700593297815e-01,-8.737036063570270683e-02,-5.375774377939669391e-01,-4.098162144265987128e-01,-5.108609277342204269e-01,3.644060823978018671e-01,1.776350621276293340e-01,-1.046236794616661192e-01,3.826491977166417424e-01,-9.616550145225728763e-02
-3.920054145576881144e-01,1.948908869692899115e-01,3.056760843435491620e-02,7.484726532394155862e-01,-8.603260000000001462e-03,5.031754356221059821e-01,-4.347727294718475854e-01,2.807097222228168709e-01,2.016657728235388136e-02,7.225445190734651746e-01,-2.011789189718070081e-01,4.451315375006286712e-01,3.738685921590219619e-01,7.747182587115015728e-01,3.092584047380317891e-01,6.815282837091840573e-02,-7.712175164128277915e-02,4.338138889972912304e-01,4.859914851979543204e-01,-7.465285998341221196e-01,-1.238999252719268501e-01,2.076114524299673900e-02,1.036416051973298308e-02,-3.536359542892492658e-01,1.340750104123365205e-01,1.000000000000000000e+00,-2.318778349110484083e-01,2.048353107291275566e-01,6.808881990524507932e-01,5.164722650623007616e-02,1.164612821958762173e-01,-1.539810859817151642e-02,-1.352801611182995467e-01,1.862043237194619394e-01,-1.554806829772832633e-01,2.627537928204856654e-01,-2.097946324468591695e-01,-4.149578246883297017e-01,2.936674427883959049e-01
-1.608105595105677188e-01,1.959339983984235145e-01,-6.043898740457518404e-01,-2.198215071838412471e-01,-5.376263399999999804e-01,4.848200483357661961e-01,-1.659633835590038353e-01,-2.833047127989296587e-01,-3.333573449976501291e-01,-6.351245756750123483e-01,7.659685695873265088e-01,4.113275071276336070e-01,6.726187249848367689e-01,-2.446588178760610022e-01,6.654022039637406127e-01,-7.414310898925042803e-01,-3.818873622233597276e-01,8.847701686625839002e-02,-1.507022642034968607e-01,2.688144393052961656e-02,3.601081109739980718e-02,1.753901985532540508e-01,-6.786608952610908574e-01,3.696124231317673425e-01,-2.028669716256660538e-01,-2.318778349110484083e-01,1.000000000000000000e+00,-7.243343290723798511e-02,-1.057570116939467453e-01,1.780574310397865512e-01,-9.052045137969716437e-01,5.312389437185757179e-01,7.642003129281312868e-01,1.398624423018732243e-01,-5.891709249160967943e-01,3.910278106499154860e-01,-6.936528336421911023e-01,2.857301383691086549e-01,-1.535620929258155742e-01
6.213624252705374218e-02,3.805037862778366531e-01,-4.142605812426691791e-02,-1.298523712722210455e-02,-2.800422200000000084e-01,2.026494227762591638e-01,2.244989170189023442e-01,5.601226026459085183e-01,-8.943648736050125586e-03,4.362349154058831613e-01,7.156486241903826928e-02,3.209596642809674494e-01,-3.156088112740219540e-03,3.631669074150128407e-01,-1.935964155206705284e-01,3.732137821000758304e-01,-3.477882977321865021e-01,3.856830646330100532e-01,2.035402734890931764e-01,7.618827781991644940e-03,4.080396368906323845e-01,4.794640906865575980e-01,-1.916233915406653221e-01,-4.365617392285455756e-01,-3.558214949096048518e-01,2.048353107291275566e-01,-7.243343290723798511e-02,1.000000000000000000e+00,4.870016682054251200e-02,-2.908954109778205122e-01,1.956398324513647369e-01,2.313191148435140010e-01,8.212421397221972286e-02,5.017322442829426077e-01,-2.081815902222603765e-01,-7.799745766399394931e-02,2.058923415558333581e-01,-1.590735134454323574e-01,-4.327245716884024485e-01
4.863833511622517314e-02,4.930176619558478412e-01,8.234447313257103884e-02,8.525393291416770714e-01,2.119800000000005014e-02,3.044560718376275732e-01,-4.248349589920073499e-01,1.649281843388770985e-01,-4.018466944599815571e-01,4.071611406491354446e-01,-3.317979086922192011e-01,3.946100295284604709e-01,1.847315792936883305e-01,5.225910397148419984e-01,2.946303125441355197e-01,-1.903295702092100417e-02,7.035105955819521452e-03,5.456825350924680018e-01,6.349270067093487624e-01,-7.052618516107634905e-01,-3.727996282283538299e-02,-4.335907617297350691e-02,1.510302597058068089e-02,-3.314953291437526817e-01,-1.438042880676774875e-02,6.808881990524507932e-01,-1.057570116939467453e-01,4.870016682054251200e-02,1.000000000000000000e+00,3.578785871797341422e-01,1.642978488246744917e-01,3.562366169810174399e-01,-1.263304232512091896e-01,2.155342421533429087e-01,-4.453771471357637068e-02,2.515120755729209900e-01,-1.636577445790382834e-01,-6.976069822815633703e-01,6.351172608106350204e-01
4.488184809952144860e-02,-3.816165199413523168e-01,1.012876435645692769e-01,5.415398701505402812e-01,5.942429199999998968e-01,-2.347177044086451725e-01,-8.097421340491921526e-01,3.208543790453401434e-01,3.699399757231840863e-02,7.462081317944678494e-02,-1.799464720154465569e-01,-1.939529701180122689e-01,8.565918562577611028e-02,-2.716919775641176149e-01,5.111803056189045957e-01,-5.332860865999303757e-01,6.520641563660376505e-01,-4.535184621544779970e-01,1.261036166881553677e-01,-6.024411373862915697e-01,-4.186253759532116980e-01,-7.372384132504176124e-01,4.809639559618420490e-01,3.670780104427244783e-01,5.118973700593297815e-01,5.164722650623007616e-02,1.780574310397865512e-01,-2.908954109778205122e-01,3.578785871797341422e-01,1.000000000000000000e+00,-2.047346662435991504e-01,-1.611444465728113229e-01,-4.178156273290936640e-01,-4.162859876506845858e-01,5.023435663699654663e-01,5.869461728816394164e-01,-4.880470203134033014e-01,1.689451091738224109e-01,8.768838404053637403e-02
3.890354986812698534e-01,1.192722371527763295e-02,4.865892602873784778e-01,2.029058419912561084e-01,3.979078799999999916e-01,-4.730528039040247656e-01,3.015824525037905102e-01,2.083162531866942779e-01,9.571716398660341796e-02,4.898944356358930774e-01,-7.191264629121305596e-01,-2.628188970837190830e-01,-7.472726833964984383e-01,1.553308650394345236e-01,-7.796420379029476155e-01,8.584781190685354391e-01,2.410421137048717188e-01,7.361155826063718599e-02,3.368168857051515030e-01,2.441790546935028450e-02,2.502095377680441657e-01,1.189492568376454042e-02,5.714488601860696626e-01,-5.695886800296656727e-01,-8.737036063570270683e-02,1.164612821958762173e-01,-9.052045137969716437e-01,1.956398324513647369e-01,1.642978488246744917e-01,-2.047346662435991504e-01,1.000000000000000000e+00,-3.684486053430136576e-01,-7.076111090273454751e-01,1.243486195079949730e-01,5.630133025419000736e-01,-3.205759433953663806e-01,8.067940330871902210e-01,-3.628688698116631084e-01,1.231848754388401856e-01
2.316132049556544059e-01,7.399272539178520791e-01,-3.252927033467074569e-01,-2.581470172473232516e-03,-6.243355200000000327e-01,3.953522200175639822e-01,1.788422736229955401e-01,-2.700003083716108476e-02,-6.412058444011311531e-01,-3.605830455979142091e-01,2.545334219043318136e-01,4.834914151456801701e-01,3.249090055077755723e-01,7.031217124076451219e-02,2.068349592228849176e-01,-2.705080980977261351e-01,-5.345791262592605175e-01,6.011806040782765592e-01,1.671142229211130537e-01,1.137592668107282878e-01,2.392832543349060759e-01,4.552043689925295289e-01,-6.707751685066803971e-01,-6.131130950281764129e-03,-5.375774377939669391e-01,-1.539810859817151642e-02,5.312389437185757179e-01,2.313191148435140010e-01,3.562366169810174399e-01,-1.611444465728113229e-01,-3.684486053430136576e-01,1.000000000000000000e+00,6.858998876150966817e-01,3.788240279621265527e-01,-6.177211356432938949e-01,6.123289939564955861e-03,-2.798408770628412201e-01,-4.200028198874518615e-01,4.211452530275228701e-01
-2.779242968261686486e-01,5.331856212265310146e-01,-5.384455210218914711e-01,-4.470022345228654159e-01,-8.830471399999999527e-01,6.675510679162011130e-01,3.079404810119739100e-01,-4.557613346040223501e-01,-3.597364579302090304e-01,-5.410941407477085630e-01,7.726620579180769610e-01,4.929985817398555570e-01,6.425940534320674358e-01,1.205021842542891297e-01,4.026650824595588429e-01,-3.769893942779374285e-01,-7.750610401810210659e-01,4.489275598135206713e-01,-2.025245777858944718e-01,3.381614551962978110e-01,1.794279745629640543e-01,6.142867065268908799e-01,-9.572809050617822058e-01,1.200064269734731903e-01,-4.098162144265987128e-01,-1.352801611182995467e-01,7.642003129281312868e-01,8.212421397221972286e-02,-1.263304232512091896e-01,-4.178156273290936640e-01,-7.076111090273454751e-01,6.858998876150966817e-01,1.000000000000000000e+00,3.268938144067793372e-01,-9.355198927176934243e-01,-1.278155558475268516e-01,-3.595324485273401760e-01,3.780118755615513582e-04,-1.936969903341684285e-02
1.029287874977219408e-01,6.555969364965692492e-01,-6.367601002475998806e-01,4.088107142535332694e-02,-6.976878600000000485e-01,5.749636860819159478e-01,3.754455037034922782e-01,-1.477624910158383265e-01,-3.495499266314789910e-01,-1.018436223007313235e-01,3.235677872220205642e-01,8.387698662294039709e-01,1.951976225676761156e-01,2.867477986987392313e-01,-1.467229724242781475e-01,4.745703458039356448e-01,-7.700252443242711076e-01,7.194703540766659300e-01,5.976030444526686525e-01,-8.046596071024531005e-02,9.046291194192105367e-01,8.384200511629750219e-01,-5.637529580463028767e-01,-8.273432933307061088e-01,-5.108609277342204269e-01,1.862043237194619394e-01,1.398624423018732243e-01,5.017322442829426077e-01,2.155342421533429087e-01,-4.162859876506845858e-01,1.243486195079949730e-01,3.788240279621265527e-01,3.268938144067793372e-01,1.000000000000000000e+00,-4.075020955073407891e-01,1.967736198517858470e-01,2.881154555942443962e-01,-2.070121932959652911e-01,-1.584174896071564309e-01
4.478749823486730119e-01,-6.015020692001152858e-01,4.655358431540136954e-01,2.817658093822549281e-01,9.089354999999998963e-01,-8.162970045726740675e-01,-2.649416746869609485e-01,3.972052164993630230e-01,2.690220509977290231e-01,2.493568703610866688e-01,-7.018456389049531063e-01,-5.994077203869964121e-01,-7.181415915297846286e-01,-4.550863357162321376e-01,-4.192649713414282608e-01,2.166229875740027788e-01,8.432604200966687946e-01,-5.983317345728549341e-01,9.118125082019246097e-02,-1.694435212824677850e-01,-1.794372139027255453e-01,-6.968084746979594790e-01,9.522968206521905676e-01,8.028426563842609720e-02,3.644060823978018671e-01,-1.554806829772832633e-01,-5.891709249160967943e-01,-2.081815902222603765e-01,-4.453771471357637068e-02,5.023435663699654663e-01,5.630133025419000736e-01,-6.177211356432938949e-01,-9.355198927176934243e-01,-4.075020955073407891e-01,1.000000000000000000e+00,1.737873677387786475e-01,2.724446527566392051e-01,1.481758144265782340e-01,-1.809895966375331747e-02
2.347459814371638531e-02,-2.406952792850034217e-01,-4.677485649690293901e-01,5.258414054633887558e-01,1.043088199999999688e-01,2.101600279188091946e-01,-6.807658723138284573e-01,2.097163545688507380e-01,1.043647512811615372e-02,-7.047845830120197386e-02,9.895184265117293321e-02,4.556240519744134132e-01,3.733540076847287059e-01,-1.650495293954380993e-01,4.698556340707290557e-01,-3.821256904870630189e-01,1.390314926595117850e-01,-1.049012260064606655e-01,3.616371281798170245e-01,-6.989117298753492191e-01,1.361843293899235863e-01,-2.361349006077583523e-01,6.283768853643022234e-02,-4.550458608001561184e-02,1.776350621276293340e-01,2.627537928204856654e-01,3.910278106499154860e-01,-7.799745766399394931e-02,2.515120755729209900e-01,5.869461728816394164e-01,-3.205759433953663806e-01,6.123289939564955861e-03,-1.278155558475268516e-01,1.967736198517858470e-01,1.737873677387786475e-01,1.000000000000000000e+00,-4.674437134389571868e-01,2.567307124547470454e-01,-6.117407582774463809e-02
3.107961377812979431e-01,4.212754840344740820e-02,2.709876443890382181e-01,-2.364400628179732788e-01,2.964950000000010633e-02,-3.486895289976708612e-01,5.542677607126481609e-01,-1.036759360501360444e-01,2.606138162514911039e-01,1.308962749034886797e-01,-4.094816227884093829e-01,-1.610119570931942690e-01,-6.083696814063149771e-01,1.211741721636733771e-01,-7.716972629684645257e-01,8.934777761557431974e-01,-8.616157750362352097e-02,1.049665100905569776e-01,1.373234122267711450e-03,3.465144355762885819e-01,5.122141504355819386e-01,3.370729622451706931e-01,2.126181610470795069e-01,-6.213760930029071927e-01,-1.046236794616661192e-01,-2.097946324468591695e-01,-6.936528336421911023e-01,2.058923415558333581e-01,-1.636577445790382834e-01,-4.880470203134033014e-01,8.067940330871902210e-01,-2.798408770628412201e-01,-3.595324485273401760e-01,2.881154555942443962e-01,2.724446527566392051e-01,-4.674437134389571868e-01,1.000000000000000000e+00,-2.017830022195126471e-01,-1.415103618173758626e-01
-3.642429979982103605e-01,-6.469434338311945698e-01,-4.236492757528910746e-01,-4.938562209377098111e-01,9.368317999999997703e-02,-6.289290113743821464e-02,-3.434174225435587813e-02,3.291965563932789524e-02,4.235866271359731150e-01,-3.293610263171521391e-01,4.752401212941614883e-01,-2.030525099483591056e-01,1.928851105755197137e-01,-4.834652464916581738e-01,2.045844518736983642e-01,-2.127566938245326611e-01,7.524261170437150648e-02,-7.428962954320631473e-01,-2.934958578947104435e-01,1.955693749594917541e-01,-5.249776842790519066e-02,-1.378549886757135245e-01,7.196864600150217062e-02,3.051911804137749651e-01,3.826491977166417424e-01,-4.149578246883297017e-01,2.857301383691086549e-01,-1.590735134454323574e-01,-6.976069822815633703e-01,1.689451091738224109e-01,-3.628688698116631084e-01,-4.200028198874518615e-01,3.780118755615513582e-04,-2.070121932959652911e-01,1.481758144265782340e-01,2.567307124547470454e-01,-2.017830022195126471e-01,1.000000000000000000e+00,-6.243612159441022103e-01
2.019881398950369444e-01,3.233960921146959433e-01,2.211370921345269525e-01,4.659243213795489780e-01,8.638955999999997637e-02,-1.155881273490298733e-02,-1.102443478424350309e-01,-1.114939237706878833e-01,-4.525672688901101748e-01,2.461680331082697487e-02,-4.233327308360828045e-01,9.525562654106537602e-03,-5.245381157371419023e-02,1.386703337684167536e-01,2.761544115439647229e-02,-1.203112297354379523e-01,1.073585223561616397e-01,3.047175872101960947e-01,2.861502206558742545e-01,-1.934214743803580883e-01,-2.826925118861489117e-01,-1.720615889516041164e-01,5.120517624100426324e-02,7.639003898975298135e-02,-9.616550145225728763e-02,2.936674427883959049e-01,-1.535620929258155742e-01,-4.327245716884024485e-01,6.351172608106350204e-01,8.768838404053637403e-02,1.231848754388401856e-01,4.211452530275228701e-01,-1.936969903341684285e-02,-1.584174896071564309e-01,-1.809895966375331747e-02,-6.117407582774463809e-02,-1.415103618173758626e-01,-6.243612159441022103e-01,1.000000000000000000e+00
