1.0,0.39637870653821966,-0.04069160239932957,0.34441201562820783,0.15326463622869413,-0.83661485245403722,0.75104361246975815,-0.06676135488803718,0.35254479258080357,0.067797004988100124,0.5789482558887965,-0.74329413801946032,-0.3526707233547185,0.42607182537702248,-0.4664822095558343,-0.067701084114523427,0.2349469964206147,-0.27403613999999998,-0.40439333473652889,0.089107621525778627,-0.1464136773174505,-0.25194319478500266,0.086317155220653391,-0.14170855957191733,0.17753437655432891,0.28486263425080788,-0.3112200996612936,-0.10496025788081276,-0.72067901941629953,-0.35410460563263435,-0.57791698930634361,-0.52382529186970983,-0.4818811236376444,-0.7971376529641987,-0.074859164388646426,-0.78360827155343227,-0.69719006330453059,-0.28894987520170268,0.15947754409160256
0.39637870653821966,1.0,0.066887325379237056,-0.12741382737189366,0.65518123929679684,-0.11296384070608123,0.14726122866428565,-0.23503313976928594,0.51660709197310228,0.27070884794784372,0.17530600441995148,-0.51763257049055655,0.30679261835819899,-0.44445623208797075,-0.26435061448282204,0.44795903604359383,0.40003117314970088,-0.10506192000000003,-0.21051341884260413,0.50240676612741908,-0.00011015333187143136,-0.16173214308011019,0.031386759795495711,-0.72448760104636345,-0.45723830567047696,-0.12220681037314672,0.38148835871749609,0.08312733176821363,-0.36444826764066823,-0.68026763281861735,-0.66744565987786775,-0.61933943973346628,0.11886854744824535,-0.21259653250308563,0.48250594058187479,0.10935949859144639,-0.62265143388912392,-0.45865401671136075,-0.28811291686150742
-0.04069160239932957,0.066887325379237056,1.0,0.47417409290663787,-0.47318497946354138,0.52878538604200243,-0.29596186832817084,0.87986782484823045,-0.3981221670219548,-0.65390329440268014,0.24001164208944439,-0.51374709467358903,-0.50105960452044529,-0.19756685366941809,-0.82387501450579181,0.087885082364752329,0.85285766626753157,-0.93993304,-0.88706917104515248,0.24579594138794483,0.67532886274655757,-0.86558834746828561,0.50909648353652937,-0.016411476307812204,-0.39214872924262056,-0.77338860144898325,0.32471077430346307,-0.27650710280749924,-0.31998157232336094,-0.57147804731975171,-0.20883349275213375,-0.63454224871558507,-0.028612705692469109,0.61183337966144491,0.26066134929781182,0.069308862924457731,-0.28796272328449851,0.2337572905425305,-0.68976688153208865
0.34441201562820783,-0.12741382737189366,0.47417409290663787,1.0,-0.40229184616106384,-0.15444660447765762,0.40538176960166816,0.51241439944759859,-0.41008586000365344,-0.62163862237813716,0.32131214937686914,-0.50042818229715502,-0.53177843467089503,0.42732518263243263,-0.65162906782523322,-0.47269466297432272,0.51352216287463015,-0.62438917999999999,-0.56916871115213796,-0.22823233437793519,0.51945462449426372,-0.52612824324954277,0.25470747314851422,0.36629047163977746,-0.18788729288739164,-0.017678992553530896,-0.03687884169283355,-0.039729139739404395,-0.29150771613785542,-0.098417033208888352,-0.20175742610702213,-0.2884883643712588,-0.48044802370302053,0.030470115978052506,-0.13587193296910119,-0.53043485424835246,-0.28053092752770364,-0.1416992054708715,-0.023838583140979284
0.15326463622869413,0.65518123929679684,-0.47318497946354138,-0.40229184616106384,1.0,-0.25747076574764516,0.27221465608453732,-0.73786275976937377,0.31047962527871004,0.46586785547620668,-0.090065697284594404,-0.030105019441535534,0.66899169902487043,-0.32358466663683999,0.24471361053490276,0.31973797444923857,-0.14519706527467136,0.46474360000000003,0.38763785104348908,0.2620353718183645,-0.18824001379541563,0.32139358525191186,-0.4969333017232393,-0.48163732297605899,-0.16635401752888912,0.39272895104110628,0.36850010951926443,0.51281659972482441,0.19470303660326652,-0.12158524116379422,-0.17391798593343244,-0.052182652760367994,0.16742476352739558,-0.34520155515378159,0.443873381801966,0.11992657370157962,-0.30790009980139321,-0.51205887994027099,0.25324911648242043
-0.83661485245403722,-0.11296384070608123,0.52878538604200243,-0.15444660447765762,-0.25747076574764516,1.0,-0.83306661114606151,0.42474406402354681,-0.33726718816215573,-0.2376400169901417,-0.36313755436649153,0.33200651079900023,0.12170385193490874,-0.62983684460013101,0.0004935066768769758,0.26927182603536226,0.26849641592385859,-0.21440744,-0.1167302951522155,0.2164533901408735,0.38472033548580975,-0.23735204301566371,0.16514564549982913,-0.10846137809014067,-0.3641650954472746,-0.72179418382138349,0.4820288961335315,-0.068448078078457875,0.39324098141726682,-0.15361085633550686,0.29875456491013708,-5.0783521560848754e-05,0.52185515026330975,0.94860300226471028,0.32057705563654948,0.80963882088130068,0.34362809570810549,0.3740613929336285,-0.54450387907104769
0.75104361246975815,0.14726122866428565,-0.29596186832817084,0.40538176960166816,0.27221465608453732,-0.83306661114606151,1.0,-0.31294600977558162,0.047624812119415279,0.050906114170565439,0.57005710227575179,-0.43129080791111918,0.052817338143819455,0.48671701710825876,-0.2018830812575568,-0.26526930532953918,-0.04644783563803373,0.02552036000000002,-0.027612255502140842,-0.1057396005781297,-0.082372552398604165,-0.034131507866931379,-0.18744971608773395,0.084247491057560686,0.14758768791236893,0.63573410927214702,-0.15984493465576199,0.25357198758586852,-0.20758881414257457,0.029827745372759347,-0.27130605192668855,-0.14758517326335513,-0.40124677247951496,-0.71786430816352742,-0.18588356567765929,-0.73224563041911706,-0.54030086170809355,-0.52902118579591528,0.38118214486744534
-0.06676135488803718,-0.23503313976928594,0.87986782484823045,0.51241439944759859,-0.73786275976937377,0.42474406402354681,-0.31294600977558162,1.0,-0.33813199692658436,-0.73056544466912776,0.24784189374370708,-0.36364534093724149,-0.68672608378154543,0.16217015995322051,-0.70371147806432965,-0.22906965951867997,0.60801149359065354,-0.85707464,-0.75650739323027016,-0.11881567049903935,0.51172012114333632,-0.64998597532058977,0.74762001255871002,0.32676819401742463,-0.32006820864023799,-0.62872532352938415,-0.038127339000146476,-0.56047941537935098,-0.40978567023160445,-0.24461306049836803,-0.23420416968899235,-0.32692311811602204,-0.24102595477973007,0.56532358125983795,-0.09248772239714953,-0.082978422402154667,0.042949466901440789,0.23656603844157872,-0.64462462250018282
0.35254479258080357,0.51660709197310228,-0.3981221670219548,-0.41008586000365344,0.31047962527871004,-0.33726718816215573,0.047624812119415279,-0.33813199692658436,1.0,0.7173087166517309,0.24874260931323827,-0.053696633169347446,0.11565186245247927,-0.12749437266041541,0.28906816842910521,0.27330831102858477,-0.30779826327706533,0.34718106000000004,0.20209911950472062,0.25250862493084003,-0.79435040985303251,0.31859053653014163,0.23985431821822698,-0.55332460411955453,0.13156634684587215,0.0069064055876140833,-0.41660502410155464,-0.50357320006863227,-0.497340315441609,-0.27709091606125924,-0.56847263109224166,-0.14221720385191325,0.20602454976309414,-0.51603851143288426,0.005204358963849051,0.10112156295001146,-0.13509789863320412,-0.11804672168957861,-0.12598727150709546
0.067797004988100124,0.27070884794784372,-0.65390329440268014,-0.62163862237813716,0.46586785547620668,-0.2376400169901417,0.050906114170565439,-0.73056544466912776,0.7173087166517309,1.0,0.057421453896806834,0.28131173454513897,0.48317473228134722,-0.40819920202051219,0.66554790095563354,0.49210272093945356,-0.58337394940699328,0.69501176000000009,0.52325405646187395,0.46058259894528192,-0.856366697025844,0.44198489568450389,-0.36742143227531704,-0.66937272839912498,0.51409450784591282,0.10568818956861828,-0.21953406414051613,-0.024174431251834133,0.1066068546268439,-0.13696143959892268,0.037780279243462639,0.049838424386627105,0.62485768144895115,-0.49804681784004795,0.1804482661315378,0.35271278326385969,-0.12394743623057536,0.12194756412887434,0.23133719193656413
0.5789482558887965,0.17530600441995148,0.24001164208944439,0.32131214937686914,-0.090065697284594404,-0.36313755436649153,0.57005710227575179,0.24784189374370708,0.24874260931323827,0.057421453896806834,1.0,-0.55474831614916864,-0.18333911028263294,0.1401395066452637,-0.4297517600121093,0.045355988897893995,0.15213242203179583,-0.37418958000000002,-0.42671818909041431,0.2921011276305891,-0.17581511856594545,-0.38840932477423334,0.44006259767787648,-0.18108478228460945,0.09028728001336081,-0.098857528483608528,-0.16698557405197773,-0.40090151207216207,-0.49980851724825748,-0.41681129126716049,-0.50120157064335791,-0.49632703430280095,-0.0051563136632488482,-0.29652885692658154,-0.13290332972351293,-0.33340468939986578,-0.58395842969925482,-0.21563045921064028,-0.38818653169633627
-0.74329413801946032,-0.51763257049055655,-0.51374709467358903,-0.50042818229715502,-0.030105019441535534,0.33200651079900023,-0.43129080791111918,-0.36364534093724149,-0.053696633169347446,0.28131173454513897,-0.55474831614916864,1.0,0.4034119220508337,-0.11680426045607015,0.82789051636557698,-0.01130055132376033,-0.68604508656126828,0.71618230000000005,0.77477160754779317,-0.26226111434711735,-0.32394224736853494,0.66315840932757431,-0.33186335886768908,0.22997643943091395,0.25474070873144217,0.1840255908502402,-0.052832703446394916,0.14378780679680736,0.63039450657538487,0.66782683676864729,0.67916229194349842,0.80042878964176312,0.31953432767431827,0.25679518715202404,-0.20104128872546032,0.48889240093494246,0.80169152637781882,0.3149551488733292,0.32948096746603112
-0.3526707233547185,0.30679261835819899,-0.50105960452044529,-0.53177843467089503,0.66899169902487043,0.12170385193490874,0.052817338143819455,-0.68672608378154543,0.11565186245247927,0.48317473228134722,-0.18333911028263294,0.4034119220508337,1.0,-0.47971883611196209,0.55723901542593379,0.36079542815852145,-0.38773839576184099,0.64039800000000002,0.64223304859943164,0.20166030801861029,-0.19183987608414796,0.47686755934604164,-0.48129473666716027,-0.35685525457409617,-0.1699307742854872,0.28422442490051048,0.43799852212214574,0.50697898519392404,0.60701643884746259,0.12061414668464132,0.17766593727712882,0.27203105766459729,0.49093259802403966,0.027324627386060039,0.23374004922038646,0.49408526004816472,0.050122720532032393,-0.36544070690779951,0.14729717591740268
0.42607182537702248,-0.44445623208797075,-0.19756685366941809,0.42732518263243263,-0.32358466663683999,-0.62983684460013101,0.48671701710825876,0.16217015995322051,-0.12749437266041541,-0.40819920202051219,0.1401395066452637,-0.11680426045607015,-0.47971883611196209,1.0,-0.1450548217845791,-0.79191500844749041,-0.18200032512396352,-0.056224159999999967,0.015752896123508983,-0.80753818844966585,-0.00078307112074679905,0.1955913822728361,0.22805050319535941,0.79780747478892888,0.098680019175510378,0.60767224523490182,-0.58403599089962321,-0.18118125419638006,-0.31277885602617517,0.58118964970588083,-0.1505456074665994,0.3725133840048187,-0.85553491477003873,-0.41474931051416841,-0.61525350041758498,-0.84528880106028514,0.24473302590216162,-0.25914040617145562,0.38228424302026454
-0.4664822095558343,-0.26435061448282204,-0.82387501450579181,-0.65162906782523322,0.24471361053490276,0.0004935066768769758,-0.2018830812575568,-0.70371147806432965,0.28906816842910521,0.66554790095563354,-0.4297517600121093,0.82789051636557698,0.55723901542593379,-0.1450548217845791,1.0,0.10604240624853703,-0.89961002365675569,0.95054303999999989,0.9391415794383019,-0.10292644274548066,-0.64829384547915792,0.84848564816841898,-0.42615460601080973,-0.042252753333003268,0.38683689232766816,0.38568770941420061,-0.19198036558805795,0.15899703976183038,0.57588920330908011,0.56658885521624847,0.4802828805567807,0.73981404202694301,0.41268394316515811,-0.14138143039435416,-0.20506330126686723,0.4246080517791333,0.56683932020207528,0.093902371057183673,0.43807110353613365
-0.067701084114523427,0.44795903604359383,0.087885082364752329,-0.47269466297432272,0.31973797444923857,0.26927182603536226,-0.26526930532953918,-0.22906965951867997,0.27330831102858477,0.49210272093945356,0.045355988897893995,-0.01130055132376033,0.36079542815852145,-0.79191500844749041,0.10604240624853703,1.0,0.083336400434966929,0.043796799999999969,-0.085378009728123441,0.87349465498713663,-0.18247968017566207,-0.11785137633150299,-0.23338300691438393,-0.7658344148326518,0.20338126993478317,-0.45370757095672737,0.39791002240645401,0.13267666267520017,0.0022311945159981124,-0.5936829310609183,0.11467074421925955,-0.46360945920148655,0.64179675511117917,0.058099778581232907,0.38211414220578604,0.50498461454648136,-0.37739256773826868,0.33109462828751374,-0.197297012215156
0.2349469964206147,0.40003117314970088,0.85285766626753157,0.51352216287463015,-0.14519706527467136,0.26849641592385859,-0.04644783563803373,0.60801149359065354,-0.30779826327706533,-0.58337394940699328,0.15213242203179583,-0.68604508656126828,-0.38773839576184099,-0.18200032512396352,-0.89961002365675569,0.083336400434966929,1.0,-0.88107152,-0.88578188416717851,0.25025615750507452,0.73733829016099706,-0.87141108137571754,0.24157544396782438,-0.17061319769555044,-0.48903651653335739,-0.55440606202311538,0.45023064346310171,0.0042080552755363598,-0.39310100918421809,-0.67948423703430949,-0.3563166474402108,-0.78004151616817297,-0.18339436548506488,0.32802514365856789,0.47519544440536493,-0.11424711094105304,-0.53768144917303351,0.023502680351331712,-0.45181112139513047
-0.27403613999999998,-0.10506192000000003,-0.93993304,-0.62438917999999999,0.46474360000000003,-0.21440744,0.02552036000000002,-0.85707464,0.34718106000000004,0.69501176000000009,-0.37418958000000002,0.71618230000000005,0.64039800000000002,-0.056224159999999967,0.95054303999999989,0.043796799999999969,-0.88107152,1.0,0.96972396000000005,-0.14538693999999996,-0.65311483999999997,0.88487716000000005,-0.52318369999999992,-0.067447359999999956,0.33053759999999999,0.58605116000000002,-0.17414563999999999,0.28398411999999995,0.5213221400000001,0.56256346000000002,0.35464234000000006,0.70116368000000007,0.28252136000000005,-0.33796928000000004,-0.15470280000000003,0.25972643999999989,0.43106748000000006,-0.11392614000000001,0.55558704000000003
-0.40439333473652889,-0.21051341884260413,-0.88706917104515248,-0.56916871115213796,0.38763785104348908,-0.1167302951522155,-0.027612255502140842,-0.75650739323027016,0.20209911950472062,0.52325405646187395,-0.42671818909041431,0.77477160754779317,0.64223304859943164,0.015752896123508983,0.9391415794383019,-0.085378009728123441,-0.88578188416717851,0.96972396000000005,1.0,-0.29071233076534242,-0.52162591515429546,0.9200628964236206,-0.44009012699462169,0.11119188552589382,0.19342111489007607,0.61578300390095742,-0.12601411835991427,0.29397835593326227,0.61101557400287931,0.7000769490602895,0.38984787592683967,0.82693879307357332,0.20393843363969788,-0.18130988509171911,-0.25751812115435579,0.27151391615258075,0.57213971846210343,-0.19412967824232211,0.49917441628665798
0.089107621525778627,0.50240676612741908,0.24579594138794483,-0.22823233437793519,0.2620353718183645,0.2164533901408735,-0.1057396005781297,-0.11881567049903935,0.25250862493084003,0.46058259894528192,0.2921011276305891,-0.26226111434711735,0.20166030801861029,-0.80753818844966585,-0.10292644274548066,0.87349465498713663,0.25025615750507452,-0.14538693999999996,-0.29071233076534242,1.0,-0.11899543508538699,-0.38868636944955914,-0.15023009156959904,-0.86454898693949156,0.19740051112648768,-0.55213670208137144,0.36799692422664959,0.074634461437116884,-0.068503194225515901,-0.79475589080231734,-0.014284735192204467,-0.68660101710097166,0.69084861715268564,0.023629999413831312,0.44561060267353619,0.44035512896490858,-0.64525251372680781,0.27872961461846557,-0.34590032595325548
-0.1464136773174505,-0.00011015333187143136,0.67532886274655757,0.51945462449426372,-0.18824001379541563,0.38472033548580975,-0.082372552398604165,0.51172012114333632,-0.79435040985303251,-0.856366697025844,-0.17581511856594545,-0.32394224736853494,-0.19183987608414796,-0.00078307112074679905,-0.64829384547915792,-0.18247968017566207,0.73733829016099706,-0.65311483999999997,-0.52162591515429546,-0.11899543508538699,1.0,-0.54840061854920175,0.034648364197899503,0.31852838632203628,-0.58174750591207214,-0.20497860029443646,0.61506495180116705,0.38944167127253515,0.12963420217251678,-0.11210350311433588,0.080478777184783704,-0.25023851153672239,-0.33715167666038076,0.567547812266611,0.16413896728512631,-0.11035431379559975,-0.12917822595782794,-0.12792191291018526,-0.21128175117565484
-0.25194319478500266,-0.16173214308011019,-0.86558834746828561,-0.52612824324954277,0.32139358525191186,-0.23735204301566371,-0.034131507866931379,-0.64998597532058977,0.31859053653014163,0.44198489568450389,-0.38840932477423334,0.66315840932757431,0.47686755934604164,0.1955913822728361,0.84848564816841898,-0.11785137633150299,-0.87141108137571754,0.88487716000000005,0.9200628964236206,-0.38868636944955914,-0.54840061854920175,1.0,-0.24286155629302209,0.2147813961686853,0.1537841109391806,0.65435758829082469,-0.25123894188628609,0.13193590935623373,0.34472491524556159,0.72096450344679619,0.21629587955628776,0.81293244716758428,-0.028650591005365465,-0.27152486461620462,-0.44164338171456102,0.095018457821684665,0.61822759310799646,-0.24268861456522606,0.48131899817827378
0.086317155220653391,0.031386759795495711,0.50909648353652937,0.25470747314851422,-0.4969333017232393,0.16514564549982913,-0.18744971608773395,0.74762001255871002,0.23985431821822698,-0.36742143227531704,0.44006259767787648,-0.33186335886768908,-0.48129473666716027,0.22805050319535941,-0.42615460601080973,-0.23338300691438393,0.24157544396782438,-0.52318369999999992,-0.44009012699462169,-0.15023009156959904,0.034648364197899503,-0.24286155629302209,1.0,0.18001195726242947,-0.40346074694647971,-0.39877730827880514,-0.29325019609819292,-0.84417224879081587,-0.60542384784908498,-0.18021991039918098,-0.63465008074760987,-0.1885043339555971,-0.22672635773951652,0.27794854814932379,-0.33615074404862094,-0.062203040457615391,0.098204713351327008,-0.13853655047095972,-0.75624973974369025
-0.14170855957191733,-0.72448760104636345,-0.016411476307812204,0.36629047163977746,-0.48163732297605899,-0.10846137809014067,0.084247491057560686,0.32676819401742463,-0.55332460411955453,-0.66937272839912498,-0.18108478228460945,0.22997643943091395,-0.35685525457409617,0.79780747478892888,-0.042252753333003268,-0.7658344148326518,-0.17061319769555044,-0.067447359999999956,0.11119188552589382,-0.86454898693949156,0.31852838632203628,0.2147813961686853,0.18001195726242947,1.0,-0.064734155015795269,0.42896800466407797,-0.27145076239239829,-0.0084749888490448511,0.10975870578225189,0.7836225453726372,0.25120437358680037,0.61409553890990709,-0.6987839349745929,0.14462120549393576,-0.6246823900815055,-0.48843973344184066,0.59650225656683697,-0.09739611998977693,0.26752970377194651
0.17753437655432891,-0.45723830567047696,-0.39214872924262056,-0.18788729288739164,-0.16635401752888912,-0.3641650954472746,0.14758768791236893,-0.32006820864023799,0.13156634684587215,0.51409450784591282,0.09028728001336081,0.25474070873144217,-0.1699307742854872,0.098680019175510378,0.38683689232766816,0.20338126993478317,-0.48903651653335739,0.33053759999999999,0.19342111489007607,0.19740051112648768,-0.58174750591207214,0.1537841109391806,-0.40346074694647971,-0.064734155015795269,1.0,0.1204452892966931,-0.49638086847882334,-0.017733067401611291,0.035171671968273185,0.12947975179613627,0.50379411726375534,0.12036934574438368,0.21774929303349957,-0.49508582994244926,-0.17030847880597277,-0.15471306532039783,-0.019720743813767524,0.62273023507919656,0.51734054431945919
0.28486263425080788,-0.12220681037314672,-0.77338860144898325,-0.017678992553530896,0.39272895104110628,-0.72179418382138349,0.63573410927214702,-0.62872532352938415,0.0069064055876140833,0.10568818956861828,-0.098857528483608528,0.1840255908502402,0.28422442490051048,0.60767224523490182,0.38568770941420061,-0.45370757095672737,-0.55440606202311538,0.58605116000000002,0.61578300390095742,-0.55213670208137144,-0.20497860029443646,0.65435758829082469,-0.39877730827880514,0.42896800466407797,0.1204452892966931,1.0,-0.21492498513002842,0.43872980368652414,0.20251794259200107,0.68080800715307799,0.077510066597440211,0.57147127157879163,-0.50350391981104548,-0.60883934849876875,-0.42816492463099337,-0.54814460829377998,0.15971577318211572,-0.55982785224683007,0.72005653809940684
-0.3112200996612936,0.38148835871749609,0.32471077430346307,-0.03687884169283355,0.36850010951926443,0.4820288961335315,-0.15984493465576199,-0.038127339000146476,-0.41660502410155464,-0.21953406414051613,-0.16698557405197773,-0.052832703446394916,0.43799852212214574,-0.58403599089962321,-0.19198036558805795,0.39791002240645401,0.45023064346310171,-0.17414563999999999,-0.12601411835991427,0.36799692422664959,0.61506495180116705,-0.25123894188628609,-0.29325019609819292,-0.27145076239239829,-0.49638086847882334,-0.21492498513002842,1.0,0.60022391696632582,0.38860736536582796,-0.29236037266297571,0.15439082854738218,-0.27026700342747839,0.23927715079158052,0.49352053445850536,0.44903495860612186,0.38740536073425613,-0.24562333263120462,-0.17536135577693249,-0.22240533305569973
-0.10496025788081276,0.08312733176821363,-0.27650710280749924,-0.039729139739404395,0.51281659972482441,-0.068448078078457875,0.25357198758586852,-0.56047941537935098,-0.50357320006863227,-0.024174431251834133,-0.40090151207216207,0.14378780679680736,0.50697898519392404,-0.18118125419638006,0.15899703976183038,0.13267666267520017,0.0042080552755363598,0.28398411999999995,0.29397835593326227,0.074634461437116884,0.38944167127253515,0.13193590935623373,-0.84417224879081587,-0.0084749888490448511,-0.017733067401611291,0.43872980368652414,0.60022391696632582,1.0,0.62468179082101072,0.18198174084165269,0.51308533541951273,0.1248727470033491,0.0017151990929579197,-0.049971780253866088,0.21990322488547642,-0.020789430806507345,-0.16278530502501731,-0.19692844299229229,0.55344306815965394
-0.72067901941629953,-0.36444826764066823,-0.31998157232336094,-0.29150771613785542,0.19470303660326652,0.39324098141726682,-0.20758881414257457,-0.40978567023160445,-0.497340315441609,0.1066068546268439,-0.49980851724825748,0.63039450657538487,0.60701643884746259,-0.31277885602617517,0.57588920330908011,0.0022311945159981124,-0.39310100918421809,0.5213221400000001,0.61101557400287931,-0.068503194225515901,0.12963420217251678,0.34472491524556159,-0.60542384784908498,0.10975870578225189,0.035171671968273185,0.20251794259200107,0.38860736536582796,0.62468179082101072,1.0,0.4616219188213212,0.73466486226009087,0.56380056445270899,0.43497354515003089,0.37236279694729768,0.12348758983847255,0.50046211758302717,0.38022138660512372,0.021474699115834738,0.29637664442655998
-0.35410460563263435,-0.68026763281861735,-0.57147804731975171,-0.098417033208888352,-0.12158524116379422,-0.15361085633550686,0.029827745372759347,-0.24461306049836803,-0.27709091606125924,-0.13696143959892268,-0.41681129126716049,0.66782683676864729,0.12061414668464132,0.58118964970588083,0.56658885521624847,-0.5936829310609183,-0.67948423703430949,0.56256346000000002,0.7000769490602895,-0.79475589080231734,-0.11210350311433588,0.72096450344679619,-0.18021991039918098,0.7836225453726372,0.12947975179613627,0.68080800715307799,-0.29236037266297571,0.18198174084165269,0.4616219188213212,1.0,0.46406187957490053,0.95659658527470781,-0.36392560154204895,-0.023576504773634016,-0.59308938303142478,-0.18420672792177709,0.79051853769186087,-0.12895011031432127,0.54048051611266545
-0.57791698930634361,-0.66744565987786775,-0.20883349275213375,-0.20175742610702213,-0.17391798593343244,0.29875456491013708,-0.27130605192668855,-0.23420416968899235,-0.56847263109224166,0.037780279243462639,-0.50120157064335791,0.67916229194349842,0.17766593727712882,-0.1505456074665994,0.4802828805567807,0.11467074421925955,-0.3563166474402108,0.35464234000000006,0.38984787592683967,-0.014284735192204467,0.080478777184783704,0.21629587955628776,-0.63465008074760987,0.25120437358680037,0.50379411726375534,0.077510066597440211,0.15439082854738218,0.51308533541951273,0.73466486226009087,0.46406187957490053,1.0,0.48035322455794699,0.28325116133873007,0.25989292930324659,-0.081089188336888607,0.26508582041400497,0.41106866796221214,0.55949709831524219,0.47697891289681715
-0.52382529186970983,-0.61933943973346628,-0.63454224871558507,-0.2884883643712588,-0.052182652760367994,-5.0783521560848754e-05,-0.14758517326335513,-0.32692311811602204,-0.14221720385191325,0.049838424386627105,-0.49632703430280095,0.80042878964176312,0.27203105766459729,0.3725133840048187,0.73981404202694301,-0.46360945920148655,-0.78004151616817297,0.70116368000000007,0.82693879307357332,-0.68660101710097166,-0.25023851153672239,0.81293244716758428,-0.1885043339555971,0.61409553890990709,0.12036934574438368,0.57147127157879163,-0.27026700342747839,0.1248727470033491,0.56380056445270899,0.95659658527470781,0.48035322455794699,1.0,-0.12219831054553681,0.061047858000039153,-0.49035595263413595,0.078946210953107609,0.86740700814844351,-0.078057291578471202,0.45928360036917654
-0.4818811236376444,0.11886854744824535,-0.028612705692469109,-0.48044802370302053,0.16742476352739558,0.52185515026330975,-0.40124677247951496,-0.24102595477973007,0.20602454976309414,0.62485768144895115,-0.0051563136632488482,0.31953432767431827,0.49093259802403966,-0.85553491477003873,0.41268394316515811,0.64179675511117917,-0.18339436548506488,0.28252136000000005,0.20393843363969788,0.69084861715268564,-0.33715167666038076,-0.028650591005365465,-0.22672635773951652,-0.6987839349745929,0.21774929303349957,-0.50350391981104548,0.23927715079158052,0.0017151990929579197,0.43497354515003089,-0.36392560154204895,0.28325116133873007,-0.12219831054553681,1.0,0.2866909389409717,0.45871372719133541,0.85052315984709592,-0.080959369445752619,0.37137253129681702,-0.26269541413432063
-0.7971376529641987,-0.21259653250308563,0.61183337966144491,0.030470115978052506,-0.34520155515378159,0.94860300226471028,-0.71786430816352742,0.56532358125983795,-0.51603851143288426,-0.49804681784004795,-0.29652885692658154,0.25679518715202404,0.027324627386060039,-0.41474931051416841,-0.14138143039435416,0.058099778581232907,0.32802514365856789,-0.33796928000000004,-0.18130988509171911,0.023629999413831312,0.567547812266611,-0.27152486461620462,0.27794854814932379,0.14462120549393576,-0.49508582994244926,-0.60883934849876875,0.49352053445850536,-0.049971780253866088,0.37236279694729768,-0.023576504773634016,0.25989292930324659,0.061047858000039153,0.2866909389409717,1.0,0.15772950217768666,0.62548948923181136,0.38219680365533965,0.21871313165561318,-0.56710036520968266
-0.074859164388646426,0.48250594058187479,0.26066134929781182,-0.13587193296910119,0.443873381801966,0.32057705563654948,-0.18588356567765929,-0.09248772239714953,0.005204358963849051,0.1804482661315378,-0.13290332972351293,-0.20104128872546032,0.23374004922038646,-0.61525350041758498,-0.20506330126686723,0.38211414220578604,0.47519544440536493,-0.15470280000000003,-0.25751812115435579,0.44561060267353619,0.16413896728512631,-0.44164338171456102,-0.33615074404862094,-0.6246823900815055,-0.17030847880597277,-0.42816492463099337,0.44903495860612186,0.21990322488547642,0.12348758983847255,-0.59308938303142478,-0.081089188336888607,-0.49035595263413595,0.45871372719133541,0.15772950217768666,1.0,0.40021513141275677,-0.40167729755743653,0.14003839427216128,-0.098425728610883043
-0.78360827155343227,0.10935949859144639,0.069308862924457731,-0.53043485424835246,0.11992657370157962,0.80963882088130068,-0.73224563041911706,-0.082978422402154667,0.10112156295001146,0.35271278326385969,-0.33340468939986578,0.48889240093494246,0.49408526004816472,-0.84528880106028514,0.4246080517791333,0.50498461454648136,-0.11424711094105304,0.25972643999999989,0.27151391615258075,0.44035512896490858,-0.11035431379559975,0.095018457821684665,-0.062203040457615391,-0.48843973344184066,-0.15471306532039783,-0.54814460829377998,0.38740536073425613,-0.020789430806507345,0.50046211758302717,-0.18420672792177709,0.26508582041400497,0.078946210953107609,0.85052315984709592,0.62548948923181136,0.40021513141275677,1.0,0.26566522387784619,0.28180852652142735,-0.39968332895048259
-0.69719006330453059,-0.62265143388912392,-0.28796272328449851,-0.28053092752770364,-0.30790009980139321,0.34362809570810549,-0.54030086170809355,0.042949466901440789,-0.13509789863320412,-0.12394743623057536,-0.58395842969925482,0.80169152637781882,0.050122720532032393,0.24473302590216162,0.56683932020207528,-0.37739256773826868,-0.53768144917303351,0.43106748000000006,0.57213971846210343,-0.64525251372680781,-0.12917822595782794,0.61822759310799646,0.098204713351327008,0.59650225656683697,-0.019720743813767524,0.15971577318211572,-0.24562333263120462,-0.16278530502501731,0.38022138660512372,0.79051853769186087,0.41106866796221214,0.86740700814844351,-0.080959369445752619,0.38219680365533965,-0.40167729755743653,0.26566522387784619,1.0,0.18047090083187523,0.15992456091442656
-0.28894987520170268,-0.45865401671136075,0.2337572905425305,-0.1416992054708715,-0.51205887994027099,0.3740613929336285,-0.52902118579591528,0.23656603844157872,-0.11804672168957861,0.12194756412887434,-0.21563045921064028,0.3149551488733292,-0.36544070690779951,-0.25914040617145562,0.093902371057183673,0.33109462828751374,0.023502680351331712,-0.11392614000000001,-0.19412967824232211,0.27872961461846557,-0.12792191291018526,-0.24268861456522606,-0.13853655047095972,-0.09739611998977693,0.62273023507919656,-0.55982785224683007,-0.17536135577693249,-0.19692844299229229,0.021474699115834738,-0.12895011031432127,0.55949709831524219,-0.078057291578471202,0.37137253129681702,0.21871313165561318,0.14003839427216128,0.28180852652142735,0.18047090083187523,1.0,0.05510074603832929
0.15947754409160256,-0.28811291686150742,-0.68976688153208865,-0.023838583140979284,0.25324911648242043,-0.54450387907104769,0.38118214486744534,-0.64462462250018282,-0.12598727150709546,0.23133719193656413,-0.38818653169633627,0.32948096746603112,0.14729717591740268,0.38228424302026454,0.43807110353613365,-0.197297012215156,-0.45181112139513047,0.55558704000000003,0.49917441628665798,-0.34590032595325548,-0.21128175117565484,0.48131899817827378,-0.75624973974369025,0.26752970377194651,0.51734054431945919,0.72005653809940684,-0.22240533305569973,0.55344306815965394,0.29637664442655998,0.54048051611266545,0.47697891289681715,0.45928360036917654,-0.26269541413432063,-0.56710036520968266,-0.098425728610883043,-0.39968332895048259,0.15992456091442656,0.05510074603832929,1.0
