1.0,0.10876254704561593,-0.7792046023947673,0.13360262870096723,-0.23199382128593593,-0.1379154815323626,0.30916941561514583,-0.0079546448973493687,0.061407566927087404,0.28394985734469846,0.40939563516267302,-0.012865072033213583,-0.53921384204225731,0.21616234816644733,-0.2449205097434578,-0.41298754613593808,0.51542218597327438,0.62323809256361995,-0.54467955710116978,0.44100538256039956,0.027389101530385939,0.23542923086358941,0.67833671485505131,-0.23492906803478639,0.89176260168171018,0.39884038084179979,0.29122488984826173,-0.61738013305393125,0.1800884388275357,-0.11513705981571649,0.11884860558438215,-0.079681279999999965,-0.56649920811098997,-0.47031943790892761,-0.15876239550592305,-0.65355465973163518,-0.15341779606675765,0.093456604246056216,-0.55874760933764822
0.10876254704561593,1.0,0.16279773554492613,-0.2928898940203864,-0.24260418200692335,0.57845665681395986,-0.22324322706889732,-0.16522541366573476,-0.35244220138318655,0.10937016455274093,0.15606661338348668,0.32919068758805936,0.29446194299286599,-0.22820803434687867,-0.017265780392515667,-0.31887060572557213,-0.28938467614189495,0.56552720694090486,0.18118873423922299,0.23280382463255611,-0.3211630302979675,-0.043886492548953396,0.27447433504876267,0.026661148792928045,-0.0064499666876635803,-0.66418659372237732,-0.7228123755898711,0.14375739224924447,-0.30111079778863958,-0.16729890579088114,-0.094082294987874238,0.41453717999999995,0.68890722628375345,0.50565338413616567,0.83671245844852005,0.081434083948768748,0.36593461701035462,-0.63963683705259122,0.4995299540828339
-0.7792046023947673,0.16279773554492613,1.0,0.16821756383065353,-0.12911993633024788,0.14551160694574444,-0.20431894864163669,-0.33147116240288171,0.19523373352631956,-0.43514649043441089,-0.45212284625865379,0.51029840538548221,0.33341336665231169,-0.10237013819483599,-0.077554623867263334,0.010165617088009879,-0.78483425573828602,-0.4091201235821007,0.84568774407683422,-0.21179340810773636,-0.13012756914670509,-0.0040447875606130779,-0.37002518171613402,0.26664664361472507,-0.8790673995202235,-0.43585127372202437,-0.39499222317156252,0.86315025345952401,-0.55205417035629167,0.41516418865171123,0.13834721413252965,-0.15350030000000003,0.6476883617542728,0.82936806507635175,0.45870368504841302,0.89808882630115128,-0.10785423697218577,-0.53713536551754471,0.50985112893780304
0.13360262870096723,-0.2928898940203864,0.16821756383065353,1.0,-0.76427698020204815,-0.80234679357722927,0.23219098570779698,-0.64926670580071177,0.9865005494291571,-0.64586065815816451,0.06097045408559975,0.62264008380524005,-0.786053710755243,0.6834169443703022,-0.84842598054548823,-0.42915857828689374,-0.41120106315755484,0.0067144201234994767,0.57711307911887366,0.01326036321245814,0.53511126176913382,0.38565141427643529,0.58504209298872201,-0.20590622494522334,0.031474459122330704,0.67655022788107955,0.36887673127516213,0.53362787480682283,-0.16440458960557705,0.78214202274634492,0.11990219537825181,-0.98435110000000003,-0.36975064332144808,0.36319621604751112,-0.33545889227496589,0.47454300019404072,-0.98826163604324491,-0.094493608606400936,-0.73590995602491693
-0.23199382128593593,-0.24260418200692335,-0.12911993633024788,-0.76427698020204815,1.0,0.6010694086760624,-0.072335962000139975,0.63369145860002418,-0.76516087300398772,0.45218236990784677,-0.42176157605117776,-0.57774566559607865,0.5819644400241486,-0.49478562693680667,0.92572581568675949,0.70390693327173615,0.48964195367050067,-0.35608790032084336,-0.5631462899203401,-0.27168510322852668,-0.55776635691966892,-0.48863070846113482,-0.69402972166658594,0.37568782746102458,-0.19268561925934721,-0.38040016575361818,-0.11048332040086344,-0.54890620534257706,0.0076055513217290751,-0.51641077584236894,0.26012717077195346,0.72252256000000004,0.041127778434963215,-0.53600412220738936,0.020195788413552625,-0.3880400910717367,0.76198932828542865,0.34813978896297304,0.49462699476674232
-0.1379154815323626,0.57845665681395986,0.14551160694574444,-0.80234679357722927,0.6010694086760624,1.0,-0.31090188297612464,0.39102821449911279,-0.85032883329981146,0.37626641491607915,-0.32965038458935564,-0.16165274612946259,0.75509645426273919,-0.65943984462672334,0.73776737107868284,0.25377703341090174,0.072675403781200659,0.057388661206112232,-0.21672124858491582,-0.019681660114649807,-0.75941835302867122,-0.46035483975799796,-0.39212130772623788,0.36102324242478301,-0.2578547662422549,-0.85644073455342018,-0.67394397412467222,-0.25704114309320142,-0.39345121441465053,-0.45473801305021089,0.26892794898940037,0.87319232000000002,0.61842448643305814,0.0546203035419741,0.75250316770015735,-0.1114475650503452,0.86773885533621931,-0.3306492449996683,0.85198735322304942
0.30916941561514583,-0.22324322706889732,-0.20431894864163669,0.23219098570779698,-0.072335962000139975,-0.31090188297612464,1.0,-0.53893304097564132,0.20757911451399885,0.36143775702296227,0.44509009392097043,0.32026384019323745,-0.49199026387241762,0.54844465721279223,-0.32732045861735548,0.12437207490841959,0.44831189965216162,0.37149185259588369,-0.21229397028354657,0.53341617432002841,-0.015968598651102613,0.60269451202546054,0.28491049073119773,0.14797246567424166,0.41820715028557115,0.40852789422552743,0.24463219789492952,-0.13333441759001391,0.16671819419361525,-0.17927791576221011,-0.046658707826088719,-0.25578853999999995,-0.43630194262480049,-0.28387920805456002,-0.4024000640951193,-0.28254055992925109,-0.26627960852864502,-0.080745419033583815,-0.37349485616299183
-0.0079546448973493687,-0.16522541366573476,-0.33147116240288171,-0.64926670580071177,0.63369145860002418,0.39102821449911279,-0.53893304097564132,1.0,-0.60029463022907215,0.31981390545812016,-0.25611306103846548,-0.77660217220646588,0.61713830749107856,-0.78909233453299044,0.74333619211676294,0.28058803537877114,0.42631264758894755,-0.4798445863798817,-0.57304004610079873,-0.34249619484777605,-0.2373362224193804,-0.42673089845545836,-0.58601908811051884,-0.29455481048647569,0.032947813020660542,-0.19528422926900638,0.23458252796630347,-0.58724990721516068,0.34728119732503326,-0.33745698437292737,0.0020851264414598614,0.60791630000000008,-0.059055548260521,-0.52315664154545227,-0.017635762764454846,-0.45361294460838097,0.61350441412372292,0.60631201023528392,0.30041693185200735
0.061407566927087404,-0.35244220138318655,0.19523373352631956,0.9865005494291571,-0.76516087300398772,-0.85032883329981146,0.20757911451399885,-0.60029463022907215,1.0,-0.63003707500262662,0.10672528119759039,0.55651189138067336,-0.73089083557330659,0.64346846130540813,-0.85758244377645909,-0.38762590821130022,-0.40907765686762032,-0.076771787348209525,0.58529756397040789,0.016639797034970684,0.62229792230098546,0.40574050795844391,0.50010859929007445,-0.26122209196722135,0.0094255179413782024,0.69984826323093741,0.43919879581011223,0.56743741086982735,-0.060667743573326466,0.75369799901829726,0.0068596278914406783,-0.99448892,-0.37601465691240177,0.35202708416390754,-0.40767408729455118,0.48713189895543774,-0.99342459910538594,-0.046275633108149264,-0.71886684769148301
0.28394985734469846,0.10937016455274093,-0.43514649043441089,-0.64586065815816451,0.45218236990784677,0.37626641491607915,0.36143775702296227,0.31981390545812016,-0.63003707500262662,1.0,0.37405548385420678,-0.38178947630547266,0.27959545297328975,-0.36397338287653619,0.37944706535537387,0.23586711310394701,0.75762546817129395,0.26001663186525475,-0.74786000245716622,0.53100802321059892,-0.30403870355366486,0.26046345348880534,-0.27933037653401888,0.052909578439809167,0.50540758547501929,-0.09384193255367522,0.1094686600977869,-0.63712854684063802,0.4475359751956472,-0.81897106619691573,-0.20711273613477188,0.60149041999999997,-0.13646593050871306,-0.60028017946130863,-0.061578402306916948,-0.74487191745938275,0.57500166718329448,0.11075238265708338,0.27184973074467206
0.40939563516267302,0.15606661338348668,-0.45212284625865379,0.06097045408559975,-0.42176157605117776,-0.32965038458935564,0.44509009392097043,-0.25611306103846548,0.10672528119759039,0.37405548385420678,1.0,-0.065590192683264756,-0.28001620954454887,0.34592103830440246,-0.51213552495789838,-0.070038479844466192,0.37118134391963836,0.58746104062813231,-0.27635378003790989,0.7233022367422054,0.51759871630619758,0.40216701050038522,0.44135433373069344,-0.25951205389594029,0.690818585975007,0.33672686046652456,0.16551702132090892,-0.15901651302222916,0.61288623222814387,-0.4770522784508503,-0.77956998333618954,-0.10264636000000005,-0.28028985465437811,-0.22761198193847432,-0.379596454279721,-0.40335839230116854,-0.14997937742402856,-0.10043428595623945,-0.30372261933070549
-0.012865072033213583,0.32919068758805936,0.51029840538548221,0.62264008380524005,-0.57774566559607865,-0.16165274612946259,0.32026384019323745,-0.77660217220646588,0.55651189138067336,-0.38178947630547266,-0.065590192683264756,1.0,-0.38176037321639361,0.42152299803172893,-0.59564218947696423,-0.30665674455354047,-0.49682689997907409,0.21784193233692861,0.6872333057474922,0.1524022299602914,-0.042182821893366446,0.36563236045782305,0.47536799856340689,0.05085727622705985,-0.20873028633112542,0.041600061911435636,-0.21630074893732743,0.64501548651643681,-0.54297736003204233,0.57952310526632389,0.27699214320971044,-0.52511982000000001,0.19867810000899969,0.69776264136349297,0.34314392855336834,0.56819444363750815,-0.53912041132345556,-0.60521724124232712,-0.12486568278057254
-0.53921384204225731,0.29446194299286599,0.33341336665231169,-0.786053710755243,0.5819644400241486,0.75509645426273919,-0.49199026387241762,0.61713830749107856,-0.73089083557330659,0.27959545297328975,-0.28001620954454887,-0.38176037321639361,1.0,-0.85330778509716476,0.72501716005037742,0.40985150285337657,-0.010431400148269529,-0.42965082567687557,-0.078603259156234895,-0.20636951906727746,-0.45851270470504951,-0.39217377497393757,-0.77206645179982591,0.033564154853372781,-0.48299951617847509,-0.74789212982642805,-0.36934719149295647,-0.039455803890497881,-0.021314807232061951,-0.39997429875937118,-0.11703049820371159,0.77528065999999995,0.63215953894422527,0.087764430153020628,0.48832548098793815,0.053913441138067085,0.79832291137455058,-0.038828710081706928,0.89917510201436279
0.21616234816644733,-0.22820803434687867,-0.10237013819483599,0.6834169443703022,-0.49478562693680667,-0.65943984462672334,0.54844465721279223,-0.78909233453299044,0.64346846130540813,-0.36397338287653619,0.34592103830440246,0.42152299803172893,-0.85330778509716476,1.0,-0.69832431656615879,-0.098019504998279647,-0.13085173339239228,0.45796739506099915,0.24308383806425143,0.21952559196670113,0.51440838026562719,0.20013650822998486,0.68007400248655225,0.25225543718177557,0.22949434984678294,0.52277728884232078,0.048698535516223385,0.24828249720571691,-0.062937251606047129,0.24908915234552986,-0.085426683594150288,-0.68843473999999993,-0.40358754810025427,0.079613986187403091,-0.44563977064172516,0.1398282783851259,-0.68784597143467607,-0.17693252618631911,-0.67279150894842144
-0.2449205097434578,-0.017265780392515667,-0.077554623867263334,-0.84842598054548823,0.92572581568675949,0.73776737107868284,-0.32732045861735548,0.74333619211676294,-0.85758244377645909,0.37944706535537387,-0.51213552495789838,-0.59564218947696423,0.72501716005037742,-0.69832431656615879,1.0,0.48237899883717827,0.33443917362741921,-0.3550415116152924,-0.49122682562693365,-0.40638108896257608,-0.67743123651244019,-0.52507974440602234,-0.70121751862768833,0.23127251032049234,-0.26710884896280657,-0.57059044761653066,-0.23299768726668971,-0.51400564290887352,-0.053516712154642779,-0.44034107661979321,0.29392844815350072,0.84059214000000004,0.2656586732768017,-0.3873344670671936,0.27733981989343115,-0.32645706025196952,0.87026860579036247,0.31723446915486209,0.62139471667898805
-0.41298754613593808,-0.31887060572557213,0.010165617088009879,-0.42915857828689374,0.70390693327173615,0.25377703341090174,0.12437207490841959,0.28058803537877114,-0.38762590821130022,0.23586711310394701,-0.070038479844466192,-0.30665674455354047,0.40985150285337657,-0.098019504998279647,0.48237899883717827,1.0,0.3888569357032487,-0.34252525360753966,-0.27326427720021984,-0.11500027254424622,-0.045702288477251975,-0.47071862378027279,-0.48941375224426548,0.31303929309914447,-0.22963916720407027,-0.13100305676959217,-0.073589589339954881,-0.18848341703367344,0.14468298655509013,-0.44389354749514576,-0.16233568183493785,0.35854977999999993,-0.044980530163408652,-0.339013361652996,-0.25595548375004257,-0.1564010452926777,0.40709271632291527,0.22863011569696637,0.31361122875891073
0.51542218597327438,-0.28938467614189495,-0.78483425573828602,-0.41120106315755484,0.48964195367050067,0.072675403781200659,0.44831189965216162,0.42631264758894755,-0.40907765686762032,0.75762546817129395,0.37118134391963836,-0.49682689997907409,-0.010431400148269529,-0.13085173339239228,0.33443917362741921,0.3888569357032487,1.0,0.13911908785067265,-0.92999507647026869,0.33258724641726845,-0.13131647180757802,0.08979509344454302,-0.059662081008523757,-0.1339369113338324,0.6995407136461339,0.31737066499748323,0.43097975520721771,-0.87694016580169443,0.55798423091006,-0.63679843723080942,-0.10762976239640626,0.36229069999999997,-0.59717814403626557,-0.91921574280252338,-0.46367390097093064,-0.90741958050099436,0.33808528097185392,0.50867279173427116,-0.19390057524195231
0.62323809256361995,0.56552720694090486,-0.4091201235821007,0.0067144201234994767,-0.35608790032084336,0.057388661206112232,0.37149185259588369,-0.4798445863798817,-0.076771787348209525,0.26001663186525475,0.58746104062813231,0.21784193233692861,-0.42965082567687557,0.45796739506099915,-0.3550415116152924,-0.34252525360753966,0.13911908785067265,1.0,-0.20499362863034598,0.59661657494331843,0.037652103708958037,0.18565366376031212,0.72705232562113942,0.21259545298695703,0.60799644209867554,-0.041284176728496186,-0.37353742828847014,-0.21643874227167759,-0.02524027417365711,-0.33504937374588373,-0.1687976530096047,0.064300739999999967,-0.024682607812070923,-0.021938815518336929,0.17207097575466992,-0.34928040567209778,0.0031410577757786805,-0.45180150086661108,-0.17967000448716089
-0.54467955710116978,0.18118873423922299,0.84568774407683422,0.57711307911887366,-0.5631462899203401,-0.21672124858491582,-0.21229397028354657,-0.57304004610079873,0.58529756397040789,-0.74786000245716622,-0.27635378003790989,0.6872333057474922,-0.078603259156234895,0.24308383806425143,-0.49122682562693365,-0.27326427720021984,-0.92999507647026869,-0.20499362863034598,1.0,-0.22890660851845346,0.20342573056917607,0.074084257261923248,0.096693566072969972,0.054707823881753992,-0.68464052427251643,-0.13737735598234405,-0.29068858566954753,0.97600930807074948,-0.51656949799179497,0.7055939326977696,0.067595477351603872,-0.53657723999999996,0.48252651897053278,0.93692475635528327,0.3286953189434052,0.96105575166494017,-0.51001824505644688,-0.51826640062055618,0.089104767295294485
0.44100538256039956,0.23280382463255611,-0.21179340810773636,0.01326036321245814,-0.27168510322852668,-0.019681660114649807,0.53341617432002841,-0.34249619484777605,0.016639797034970684,0.53100802321059892,0.7233022367422054,0.1524022299602914,-0.20636951906727746,0.21952559196670113,-0.40638108896257608,-0.11500027254424622,0.33258724641726845,0.59661657494331843,-0.22890660851845346,1.0,0.16169508318076678,0.41610550472144919,0.32421138338087852,0.16947653010542402,0.5799365608715239,0.18597359960336982,-0.0012490099009350719,-0.14393918909061615,0.13037382931117963,-0.48688443390019998,-0.32847583289630033,-0.020959920000000021,-0.2445466646730543,-0.13270453965404355,-0.1070120283252884,-0.26746919896301036,-0.072831613442780607,-0.48680143476142296,-0.055222090469888463
0.027389101530385939,-0.3211630302979675,-0.13012756914670509,0.53511126176913382,-0.55776635691966892,-0.75941835302867122,-0.015968598651102613,-0.2373362224193804,0.62229792230098546,-0.30403870355366486,0.51759871630619758,-0.042182821893366446,-0.45851270470504951,0.51440838026562719,-0.67743123651244019,-0.045702288477251975,-0.13131647180757802,0.037652103708958037,0.20342573056917607,0.16169508318076678,1.0,0.074226897166903574,0.32989391644085969,-0.25609184742149682,0.23450243351553118,0.59669772922979403,0.39652945010569468,0.28172217191719046,0.46241941945449239,0.13982084135752365,-0.62495704380451211,-0.62252417999999998,-0.40561309251741318,0.022096714414814644,-0.63089656473579692,0.11190371502955808,-0.62237022092600469,0.14234253486822099,-0.55739519047137687
0.23542923086358941,-0.043886492548953396,-0.0040447875606130779,0.38565141427643529,-0.48863070846113482,-0.46035483975799796,0.60269451202546054,-0.42673089845545836,0.40574050795844391,0.26046345348880534,0.40216701050038522,0.36563236045782305,-0.39217377497393757,0.20013650822998486,-0.52507974440602234,-0.47071862378027279,0.08979509344454302,0.18565366376031212,0.074084257261923248,0.41610550472144919,0.074226897166903574,1.0,0.19407655301912904,-0.36042459677388522,0.33746723713377397,0.41376051335008346,0.46163481406791135,0.15561210653867491,0.31780096958119669,0.13953802020045947,-0.15900316758111155,-0.40643669999999998,-0.20123992674319832,0.038821876250910492,-0.20996065881104251,-0.069137640520938196,-0.43272632969084074,-0.036717019601959409,-0.34212382184062429
0.67833671485505131,0.27447433504876267,-0.37002518171613402,0.58504209298872201,-0.69402972166658594,-0.39212130772623788,0.28491049073119773,-0.58601908811051884,0.50010859929007445,-0.27933037653401888,0.44135433373069344,0.47536799856340689,-0.77206645179982591,0.68007400248655225,-0.70121751862768833,-0.48941375224426548,-0.059662081008523757,0.72705232562113942,0.096693566072969972,0.32421138338087852,0.32989391644085969,0.19407655301912904,1.0,-0.1296709095068396,0.55210340277626302,0.39792705511296433,-0.031830005065585587,0.013525777148659136,-0.10999975001007307,0.27506443443480821,0.002168729612255893,-0.49629694000000002,-0.29128042985799718,0.12040808396911576,-0.052126220956672492,-0.071492244003083225,-0.5543434431073696,-0.26007787105128849,-0.64836797072804497
-0.23492906803478639,0.026661148792928045,0.26664664361472507,-0.20590622494522334,0.37568782746102458,0.36102324242478301,0.14797246567424166,-0.29455481048647569,-0.26122209196722135,0.052909578439809167,-0.25951205389594029,0.05085727622705985,0.033564154853372781,0.25225543718177557,0.23127251032049234,0.31303929309914447,-0.1339369113338324,0.21259545298695703,0.054707823881753992,0.16947653010542402,-0.25609184742149682,-0.36042459677388522,-0.1296709095068396,1.0,-0.29399059873052469,-0.35268498787978103,-0.58596926809891292,0.051909202404755564,-0.56877974534682652,-0.26619906769465407,0.30984991990521771,0.20937052,0.16592232616926406,0.071030248133812104,0.18111855225755702,0.18125385155227861,0.2405145141465502,-0.48091004083333255,0.35249183448287147
0.89176260168171018,-0.0064499666876635803,-0.8790673995202235,0.031474459122330704,-0.19268561925934721,-0.2578547662422549,0.41820715028557115,0.032947813020660542,0.0094255179413782024,0.50540758547501929,0.690818585975007,-0.20873028633112542,-0.48299951617847509,0.22949434984678294,-0.26710884896280657,-0.22963916720407027,0.6995407136461339,0.60799644209867554,-0.68464052427251643,0.5799365608715239,0.23450243351553118,0.33746723713377397,0.55210340277626302,-0.29399059873052469,1.0,0.51993632953533719,0.41893497068508789,-0.67012699314018453,0.52774484353481366,-0.37898585541888352,-0.24146610512842481,-0.036614539999999973,-0.65097796424580845,-0.6395565152683178,-0.41298802386903777,-0.79688978428659041,-0.10344299233078494,0.23437854600264954,-0.5605868731793916
0.39884038084179979,-0.66418659372237732,-0.43585127372202437,0.67655022788107955,-0.38040016575361818,-0.85644073455342018,0.40852789422552743,-0.19528422926900638,0.69984826323093741,-0.09384193255367522,0.33672686046652456,0.041600061911435636,-0.74789212982642805,0.52277728884232078,-0.57059044761653066,-0.13100305676959217,0.31737066499748323,-0.041284176728496186,-0.13737735598234405,0.18597359960336982,0.59669772922979403,0.41376051335008346,0.39792705511296433,-0.35268498787978103,0.51993632953533719,1.0,0.81054158155690204,-0.11813667398303446,0.39936468070990877,0.28136896668072675,-0.079403334417520205,-0.73732308000000002,-0.86843521945110635,-0.39325082928554839,-0.83156449633649376,-0.19358977782824854,-0.7480285327045858,0.44638257007739346,-0.89986140571561957
0.29122488984826173,-0.7228123755898711,-0.39499222317156252,0.36887673127516213,-0.11048332040086344,-0.67394397412467222,0.24463219789492952,0.23458252796630347,0.43919879581011223,0.1094686600977869,0.16551702132090892,-0.21630074893732743,-0.36934719149295647,0.048698535516223385,-0.23299768726668971,-0.073589589339954881,0.43097975520721771,-0.37353742828847014,-0.29068858566954753,-0.0012490099009350719,0.39652945010569468,0.46163481406791135,-0.031830005065585587,-0.58596926809891292,0.41893497068508789,0.81054158155690204,1.0,-0.24452305155915693,0.61775392244080984,0.19793711190270394,-0.098532252595125436,-0.46353085999999999,-0.76290850975393332,-0.5166004303330638,-0.76665702433894589,-0.327134834693044,-0.46550168172799883,0.6986255930485421,-0.6572757859497006
-0.61738013305393125,0.14375739224924447,0.86315025345952401,0.53362787480682283,-0.54890620534257706,-0.25704114309320142,-0.13333441759001391,-0.58724990721516068,0.56743741086982735,-0.63712854684063802,-0.15901651302222916,0.64501548651643681,-0.039455803890497881,0.24828249720571691,-0.51400564290887352,-0.18848341703367344,-0.87694016580169443,-0.21643874227167759,0.97600930807074948,-0.14393918909061615,0.28172217191719046,0.15561210653867491,0.013525777148659136,0.051909202404755564,-0.67012699314018453,-0.11813667398303446,-0.24452305155915693,1.0,-0.37853041019309575,0.59118803236345852,-0.093077025842244726,-0.52201103999999998,0.47778651667673799,0.90324484784562786,0.24040096659863436,0.92911676644052144,-0.49076910456067724,-0.50781382619375182,0.12421425191078808
0.1800884388275357,-0.30111079778863958,-0.55205417035629167,-0.16440458960557705,0.0076055513217290751,-0.39345121441465053,0.16671819419361525,0.34728119732503326,-0.060667743573326466,0.4475359751956472,0.61288623222814387,-0.54297736003204233,-0.021314807232061951,-0.062937251606047129,-0.053516712154642779,0.14468298655509013,0.55798423091006,-0.02524027417365711,-0.51656949799179497,0.13037382931117963,0.46241941945449239,0.31780096958119669,-0.10999975001007307,-0.56877974534682652,0.52774484353481366,0.39936468070990877,0.61775392244080984,-0.37853041019309575,1.0,-0.41630798756200915,-0.72681476253318411,0.047940499999999941,-0.40532436253242837,-0.5746689271694051,-0.63160160785139541,-0.60735049119623041,0.038170497818141816,0.63606588901600059,-0.29708278397859722
-0.11513705981571649,-0.16729890579088114,0.41516418865171123,0.78214202274634492,-0.51641077584236894,-0.45473801305021089,-0.17927791576221011,-0.33745698437292737,0.75369799901829726,-0.81897106619691573,-0.4770522784508503,0.57952310526632389,-0.39997429875937118,0.24908915234552986,-0.44034107661979321,-0.44389354749514576,-0.63679843723080942,-0.33504937374588373,0.7055939326977696,-0.48688443390019998,0.13982084135752365,0.13953802020045947,0.27506443443480821,-0.26619906769465407,-0.37898585541888352,0.28136896668072675,0.19793711190270394,0.59118803236345852,-0.41630798756200915,1.0,0.4457806118059201,-0.72601283999999999,-0.0017216306461764423,0.54850228922224453,0.066265891734627991,0.65247952248539931,-0.7125253608512917,-0.002561448666983341,-0.40025653158498681
0.11884860558438215,-0.094082294987874238,0.13834721413252965,0.11990219537825181,0.26012717077195346,0.26892794898940037,-0.046658707826088719,0.0020851264414598614,0.0068596278914406783,-0.20711273613477188,-0.77956998333618954,0.27699214320971044,-0.11703049820371159,-0.085426683594150288,0.29392844815350072,-0.16233568183493785,-0.10762976239640626,-0.1687976530096047,0.067595477351603872,-0.32847583289630033,-0.62495704380451211,-0.15900316758111155,0.002168729612255893,0.30984991990521771,-0.24146610512842481,-0.079403334417520205,-0.098532252595125436,-0.093077025842244726,-0.72681476253318411,0.4457806118059201,1.0,-0.029843860000000055,-0.021063113375970249,0.048710060498346142,0.33038231283033426,0.1587961305819881,-0.021445411798935197,-0.059140122668067674,-0.0036005820653739473
-0.079681279999999965,0.41453717999999995,-0.15350030000000003,-0.98435110000000003,0.72252256000000004,0.87319232000000002,-0.25578853999999995,0.60791630000000008,-0.99448892,0.60149041999999997,-0.10264636000000005,-0.52511982000000001,0.77528065999999995,-0.68843473999999993,0.84059214000000004,0.35854977999999993,0.36229069999999997,0.064300739999999967,-0.53657723999999996,-0.020959920000000021,-0.62252417999999998,-0.40643669999999998,-0.49629694000000002,0.20937052,-0.036614539999999973,-0.73732308000000002,-0.46353085999999999,-0.52201103999999998,0.047940499999999941,-0.72601283999999999,-0.029843860000000055,1.0,0.43295477999999998,-0.28671354000000004,0.46628234000000002,-0.4436331,0.99602579999999996,0.012756320000000043,0.75508214000000007
-0.56649920811098997,0.68890722628375345,0.6476883617542728,-0.36975064332144808,0.041127778434963215,0.61842448643305814,-0.43630194262480049,-0.059055548260521,-0.37601465691240177,-0.13646593050871306,-0.28028985465437811,0.19867810000899969,0.63215953894422527,-0.40358754810025427,0.2656586732768017,-0.044980530163408652,-0.59717814403626557,-0.024682607812070923,0.48252651897053278,-0.2445466646730543,-0.40561309251741318,-0.20123992674319832,-0.29128042985799718,0.16592232616926406,-0.65097796424580845,-0.86843521945110635,-0.76290850975393332,0.47778651667673799,-0.40532436253242837,-0.0017216306461764423,-0.021063113375970249,0.43295477999999998,1.0,0.69051794698497904,0.82079133121122694,0.48745761237942159,0.44826313768068127,-0.52840599344527717,0.79500025463568935
-0.47031943790892761,0.50565338413616567,0.82936806507635175,0.36319621604751112,-0.53600412220738936,0.0546203035419741,-0.28387920805456002,-0.52315664154545227,0.35202708416390754,-0.60028017946130863,-0.22761198193847432,0.69776264136349297,0.087764430153020628,0.079613986187403091,-0.3873344670671936,-0.339013361652996,-0.91921574280252338,-0.021938815518336929,0.93692475635528327,-0.13270453965404355,0.022096714414814644,0.038821876250910492,0.12040808396911576,0.071030248133812104,-0.6395565152683178,-0.39325082928554839,-0.5166004303330638,0.90324484784562786,-0.5746689271694051,0.54850228922224453,0.048710060498346142,-0.28671354000000004,0.69051794698497904,1.0,0.60809457131705025,0.88069732934705369,-0.27813638173701288,-0.68109048256497129,0.30377560636887779
-0.15876239550592305,0.83671245844852005,0.45870368504841302,-0.33545889227496589,0.020195788413552625,0.75250316770015735,-0.4024000640951193,-0.017635762764454846,-0.40767408729455118,-0.061578402306916948,-0.379596454279721,0.34314392855336834,0.48832548098793815,-0.44563977064172516,0.27733981989343115,-0.25595548375004257,-0.46367390097093064,0.17207097575466992,0.3286953189434052,-0.1070120283252884,-0.63089656473579692,-0.20996065881104251,-0.052126220956672492,0.18111855225755702,-0.41298802386903777,-0.83156449633649376,-0.76665702433894589,0.24040096659863436,-0.63160160785139541,0.066265891734627991,0.33038231283033426,0.46628234000000002,0.82079133121122694,0.60809457131705025,1.0,0.32781280778259003,0.44784864562314047,-0.60282937115606716,0.69317635057382798
-0.65355465973163518,0.081434083948768748,0.89808882630115128,0.47454300019404072,-0.3880400910717367,-0.1114475650503452,-0.28254055992925109,-0.45361294460838097,0.48713189895543774,-0.74487191745938275,-0.40335839230116854,0.56819444363750815,0.053913441138067085,0.1398282783851259,-0.32645706025196952,-0.1564010452926777,-0.90741958050099436,-0.34928040567209778,0.96105575166494017,-0.26746919896301036,0.11190371502955808,-0.069137640520938196,-0.071492244003083225,0.18125385155227861,-0.79688978428659041,-0.19358977782824854,-0.327134834693044,0.92911676644052144,-0.60735049119623041,0.65247952248539931,0.1587961305819881,-0.4436331,0.48745761237942159,0.88069732934705369,0.32781280778259003,1.0,-0.40519677919417907,-0.5039872906971663,0.20234017930782591
-0.15341779606675765,0.36593461701035462,-0.10785423697218577,-0.98826163604324491,0.76198932828542865,0.86773885533621931,-0.26627960852864502,0.61350441412372292,-0.99342459910538594,0.57500166718329448,-0.14997937742402856,-0.53912041132345556,0.79832291137455058,-0.68784597143467607,0.87026860579036247,0.40709271632291527,0.33808528097185392,0.0031410577757786805,-0.51001824505644688,-0.072831613442780607,-0.62237022092600469,-0.43272632969084074,-0.5543434431073696,0.2405145141465502,-0.10344299233078494,-0.7480285327045858,-0.46550168172799883,-0.49076910456067724,0.038170497818141816,-0.7125253608512917,-0.021445411798935197,0.99602579999999996,0.44826313768068127,-0.27813638173701288,0.44784864562314047,-0.40519677919417907,1.0,0.032854882671046394,0.77605086305099924
0.093456604246056216,-0.63963683705259122,-0.53713536551754471,-0.094493608606400936,0.34813978896297304,-0.3306492449996683,-0.080745419033583815,0.60631201023528392,-0.046275633108149264,0.11075238265708338,-0.10043428595623945,-0.60521724124232712,-0.038828710081706928,-0.17693252618631911,0.31723446915486209,0.22863011569696637,0.50867279173427116,-0.45180150086661108,-0.51826640062055618,-0.48680143476142296,0.14234253486822099,-0.036717019601959409,-0.26007787105128849,-0.48091004083333255,0.23437854600264954,0.44638257007739346,0.6986255930485421,-0.50781382619375182,0.63606588901600059,-0.002561448666983341,-0.059140122668067674,0.012756320000000043,-0.52840599344527717,-0.68109048256497129,-0.60282937115606716,-0.5039872906971663,0.032854882671046394,1.0,-0.39514990232376701
-0.55874760933764822,0.4995299540828339,0.50985112893780304,-0.73590995602491693,0.49462699476674232,0.85198735322304942,-0.37349485616299183,0.30041693185200735,-0.71886684769148301,0.27184973074467206,-0.30372261933070549,-0.12486568278057254,0.89917510201436279,-0.67279150894842144,0.62139471667898805,0.31361122875891073,-0.19390057524195231,-0.17967000448716089,0.089104767295294485,-0.055222090469888463,-0.55739519047137687,-0.34212382184062429,-0.64836797072804497,0.35249183448287147,-0.5605868731793916,-0.89986140571561957,-0.6572757859497006,0.12421425191078808,-0.29708278397859722,-0.40025653158498681,-0.0036005820653739473,0.75508214000000007,0.79500025463568935,0.30377560636887779,0.69317635057382798,0.20234017930782591,0.77605086305099924,-0.39514990232376701,1.0
