1.0,-0.026681723369202492,0.033256362353436771,-0.22500586850065907,0.57149697383953935,0.17813349194458736,0.023721073308873724,0.1530319536923426,0.22025606985421625,0.5527876408564415,0.14449707319094254,-0.59371925710053075,0.031384378053801586,-0.40492071085303127,0.35023040316599879,0.6777624139342141,0.15954281999999997,0.53380105961099611,0.32634937624394994,-0.17078481642499208,-0.46001665086268989,-0.14569279009985756,-0.53449539655404388,-0.33319513186647887,-0.42289261044253346,-0.28195376610016043,0.37175587311446862,0.18032877107046794,0.39632883268652003,0.15837433598835793,-0.062436316829227047,-0.0098897578826073577,0.45039808397990611,-0.31503085728148977,0.16559581747096083,-0.31616044137260579,0.3594694625185943,0.0071602842782352407,-0.61794911519431528
-0.026681723369202492,1.0,0.24263057071912153,-0.20496210509746582,0.60031521942476163,-0.46842501491068034,0.81132343939961182,-0.26996711296286235,-0.93257526427619486,-0.47931322989844899,0.67095792891422268,-0.054546153222842952,0.56154193682190678,0.32976886144589113,0.51653195789304063,0.66716401859799679,0.25461511999999997,0.5121489119519218,0.70366428383869506,-0.71503523509764944,0.60924286029678087,0.32514299020044946,-0.78723142125603363,-0.46695610430220658,-0.77419126559912843,0.24025881290693163,0.088085958347683513,0.030043085843386441,0.30557461303819733,0.78478979666459003,0.99232948244066244,0.043539054635320484,0.31955537139279966,-0.63366246345882138,0.21417301773384834,-0.10548450938610199,-0.70014055304449763,-0.44315086120219654,0.23872888561849681
0.033256362353436771,0.24263057071912153,1.0,-0.85559823045009098,0.036726795440576908,0.26439335153377985,0.71933283694910899,0.078351508487191898,-0.01968320685839417,0.26339767567721428,-0.010343718560191811,0.35372552113853473,-0.20713294632137519,0.43381465926776908,0.70404817437734435,0.31616271300305004,0.69698056000000008,-0.3397533456468334,-0.18204503495557184,-0.44206366741494513,-0.28389792819394627,-0.60091052500033926,-0.0075198858527984747,-0.60127053854139501,-0.16181476330107974,-0.54512639460220047,0.16534305538950911,0.19863397883908296,0.37197807776904085,0.26570392716172631,0.17503187401986325,-0.48465387361632045,-0.29502527992484934,-0.7165289417928371,0.38132029064780515,-0.15360485985941053,-0.65366986813255379,-0.71227592772075998,0.39332183226276829
-0.22500586850065907,-0.20496210509746582,-0.85559823045009098,1.0,-0.36333264235489954,-0.55236831152767263,-0.66391322404225994,0.11865901065678029,-0.12458934055138227,-0.42917604873878218,0.10949074079146526,0.083452569940572874,0.47723350999737679,-0.41535595455618501,-0.88835288071296381,-0.48748135872223652,-0.95064766000000001,0.10369830628880684,0.25510260040921484,0.69851872074372945,0.5470692032746497,0.6308726352189955,0.061408664935085573,0.47566777488967871,0.37008715782966289,0.81368746343859244,-0.19985153623394361,0.14417973673082413,-0.3593738102102309,-0.40669710929765968,-0.17533105484404027,0.31695690222789785,0.061251857000203948,0.79049827625898483,-0.5213301160795204,0.56047786803842969,0.649563906680236,0.83218281979487929,-0.09777424908390063
0.57149697383953935,0.60031521942476163,0.036726795440576908,-0.36333264235489954,1.0,0.10813795800391435,0.46740964404405916,-0.192723900620342,-0.3595343811538545,0.13635617905358932,0.34165071699152866,-0.78900438586852328,0.070572613537008361,0.13501817391905926,0.69235787394156612,0.90930304953228347,0.50434483999999991,0.85590700948303877,0.54285785085371185,-0.79822233559536315,-0.083009413411232844,-0.024194964917247774,-0.80733511597443175,-0.39983089749578071,-0.87403801956949267,-0.26424398151964018,0.095145252143968934,-0.34169736192732969,0.25083679313258478,0.77084013202626622,0.63282842953231133,0.38306362962813989,0.7556580891674467,-0.66871997174771225,0.52788350345996393,-0.69426519134930731,-0.32099443425587226,-0.42940436535135817,-0.24317638595947208
0.17813349194458736,-0.46842501491068034,0.26439335153377985,-0.55236831152767263,0.10813795800391435,1.0,-0.12477583252702376,-0.028895092662624512,0.69125425344660507,0.60586347654017569,-0.53578170748603982,-0.32680936177746128,-0.79084269391855821,0.15537082245328346,0.37831280652295585,-0.0042527540127614109,0.60015091999999992,-0.2196572043445692,-0.54895486297082463,-0.21340436921673228,-0.81110385575836619,-0.67299128081603954,0.39754537129602097,0.036940826127419661,0.028136292720278143,-0.83180688935235314,0.11676565131113585,-0.57913939577162465,0.14364667892075142,0.0129046541541648,-0.43625658171834081,0.13673809313664598,-0.033170609975888325,-0.12412692251555529,0.32972989123097801,-0.70138973391772041,-0.0097854337925760079,-0.27419714018534808,-0.19308439039081732
0.023721073308873724,0.81132343939961182,0.71933283694910899,-0.66391322404225994,0.46740964404405916,-0.12477583252702376,1.0,-0.14311335157848351,-0.62267375902278621,-0.18243406223100045,0.45958739449718367,0.13142528674772891,0.24855173849739948,0.50300698738130722,0.76655215012928946,0.6540130364673864,0.61202785999999998,0.16702933686859803,0.3617552948954964,-0.78169144812724012,0.20627619720632553,-0.079789991564730489,-0.53606482994641114,-0.65811766278378014,-0.67434870666155178,-0.18769635005673502,0.24287354345584256,0.15473282734391833,0.4518329489411938,0.63640877392385831,0.77033140228144281,-0.25249125558142982,0.0059534341117288645,-0.85276664882829567,0.30191792915262811,-0.24933150805713383,-0.85736258771822826,-0.72800193965267279,0.29487359385871936
0.1530319536923426,-0.26996711296286235,0.078351508487191898,0.11865901065678029,-0.192723900620342,-0.028895092662624512,-0.14311335157848351,1.0,0.24528407414204578,0.173430520517944,0.076174220636619216,0.081920524513157122,-0.012388380298778486,0.20676536948452581,-0.14936549938102475,-0.056075412378925008,-0.20706029999999997,-0.016289306999512219,-0.11024195286674834,0.40711866083545861,-0.20867755317511597,-0.29566870694465125,0.051401902340315636,-0.30134600227759567,0.21798890412210309,-0.0032436222885668595,-0.052925985059789481,0.35263897210455697,-0.22959199082856338,-0.29893602481912773,-0.28646096269082783,0.27098605318644792,0.014387373899290361,0.024223333003285805,0.14246175552421086,0.040628756491297255,0.28743672706982748,0.079829015562472586,0.23582858549939623
0.22025606985421625,-0.93257526427619486,-0.01968320685839417,-0.12458934055138227,-0.3595343811538545,0.69125425344660507,-0.62267375902278621,0.24528407414204578,1.0,0.68195661878808145,-0.69859797559756354,-0.12894391396202831,-0.74273856324284759,-0.21790930876537476,-0.18072176758938494,-0.41263100015445031,0.083092319999999997,-0.41961133104497161,-0.73941550482735618,0.44138277026738221,-0.85204211456875056,-0.54898608077451116,0.68568767709883149,0.29909609392330627,0.57914293171574549,-0.55018083262980733,-0.027862289093858073,-0.13827659939512929,-0.19679912688983889,-0.6003206464892249,-0.92636228706577428,-0.052255285756955733,-0.20371661827379137,0.3398000241218993,0.027312020370973078,-0.17807401321940391,0.53748735854128027,0.16707561741603388,-0.282461980300102
0.5527876408564415,-0.47931322989844899,0.26339767567721428,-0.42917604873878218,0.13635617905358932,0.60586347654017569,-0.18243406223100045,0.173430520517944,0.68195661878808145,1.0,-0.64147863827641738,-0.32405013620131634,-0.57766008021380544,-0.24245716369396958,0.25173782861055194,0.16020173176030736,0.36730723999999992,0.032270429979725394,-0.31045300324233993,0.012729191131978287,-0.78274116080850908,-0.72430463125704214,0.16140941133942435,-0.20386462018210816,0.1854580589334838,-0.59390389363460716,-0.10377490291232727,-0.041127636049848225,0.0634284961400534,-0.051370006981343544,-0.49504981599338405,-0.13494157624714526,0.053377285080229077,-0.1174625181593778,0.38424386527263504,-0.37198480764807984,0.21977041018169113,-0.021226510725307502,-0.1845173972623082
0.14449707319094254,0.67095792891422268,-0.010343718560191811,0.10949074079146526,0.34165071699152866,-0.53578170748603982,0.45958739449718367,0.076174220636619216,-0.69859797559756354,-0.64147863827641738,1.0,0.0062852815153672248,0.70506657300783127,0.043158724132348503,0.17920663736601683,0.47941818190209828,-0.13105116000000006,0.37608773676974255,0.56075672490953798,-0.28767386650214255,0.53375979843586685,0.60256703251902155,-0.68001929508575543,-0.26970861411386127,-0.67491518299685938,0.34673676041073603,0.5368482849019689,0.25664138869368802,0.39070336111284915,0.3268820843176834,0.64396300049470789,0.081164012939852981,0.20295742171975173,-0.30972844060143051,-0.22195332964569653,0.14074883825764756,-0.16758690698402867,-0.13379089833590549,-0.16184543950961833
-0.59371925710053075,-0.054546153222842952,0.35372552113853473,0.083452569940572874,-0.78900438586852328,-0.32680936177746128,0.13142528674772891,0.081920524513157122,-0.12894391396202831,-0.32405013620131634,0.0062852815153672248,1.0,0.26946965128729466,0.039085354499061919,-0.34451208307482134,-0.55080892491851585,-0.28975616000000004,-0.75330316503272832,-0.21281475590345098,0.41317890318184347,0.38482046633774691,0.098918444515108256,0.43839700509519136,-0.030635302190359731,0.48532752356527775,0.34119699141124382,0.10549205599443523,0.56146481043229168,0.12617299253144287,-0.40363397099386644,-0.12493995355219287,-0.61221290799712869,-0.84264083718622385,0.24410161953346954,-0.49370796801776534,0.72107931942771919,-0.15563476608126464,0.14064304647286399,0.42350999813030493
0.031384378053801586,0.56154193682190678,-0.20713294632137519,0.47723350999737679,0.070572613537008361,-0.79084269391855821,0.24855173849739948,-0.012388380298778486,-0.74273856324284759,-0.57766008021380544,0.70506657300783127,0.26946965128729466,1.0,-0.26251922415164408,-0.25357898483663843,0.22262416538585453,-0.56378768000000001,0.32630117054945146,0.7867578868748154,0.085211070994784976,0.81700874876154617,0.68061086399775317,-0.59934113309714909,-0.27976027163913514,-0.32774963271485313,0.77369843083332046,0.2924413911217571,0.5459632556338162,0.35832424406090468,0.099928216820133933,0.51848535984554345,-0.055220380706937328,0.021550010387537358,0.03669955758002378,-0.45749167040038785,0.52278228595504861,0.053231960358576108,0.36812989086849751,-0.032060726935003905
-0.40492071085303127,0.32976886144589113,0.43381465926776908,-0.41535595455618501,0.13501817391905926,0.15537082245328346,0.50300698738130722,0.20676536948452581,-0.21790930876537476,-0.24245716369396958,0.043158724132348503,0.039085354499061919,-0.26251922415164408,1.0,0.46686465129027788,0.11272946350947699,0.50950128000000006,-0.10717330916524749,-0.097872043996666269,-0.4391813596987536,-0.028896532009672817,-0.33875829823729192,0.018040357002366718,-0.28666268373174275,-0.17454512351873558,-0.3276037758732846,-0.30804623667058828,-0.30112606723256752,-0.30452704303334882,0.33160360659732852,0.36546794271283206,0.29473344573089943,0.13005137438929951,-0.51617215458622079,0.55017275190391457,-0.42188736219893863,-0.68752189018238208,-0.70290167786923674,0.64484404122850725
0.35023040316599879,0.51653195789304063,0.70404817437734435,-0.88835288071296381,0.69235787394156612,0.37831280652295585,0.76655215012928946,-0.14936549938102475,-0.18072176758938494,0.25173782861055194,0.17920663736601683,-0.34451208307482134,-0.25357898483663843,0.46686465129027788,1.0,0.77745563811695795,0.91183626000000007,0.26831800001536837,0.11212861198264613,-0.89210470508663786,-0.33753093980613103,-0.45240680739727501,-0.45085591323548768,-0.5492961212506583,-0.68923194440163094,-0.67004220226476852,0.16642048660328532,-0.26587631091850211,0.36305042192338532,0.72313280840641414,0.50601683586832413,-0.042887971112589907,0.32529913050390807,-0.932013014417714,0.65638305325108715,-0.66266370817469766,-0.69694232754625218,-0.86963522031706175,0.078291728638116773
0.6777624139342141,0.66716401859799679,0.31616271300305004,-0.48748135872223652,0.90930304953228347,-0.0042527540127614109,0.6540130364673864,-0.056075412378925008,-0.41263100015445031,0.16020173176030736,0.47941818190209828,-0.55080892491851585,0.22262416538585453,0.11272946350947699,0.77745563811695795,1.0,0.50719278000000001,0.73168583581278379,0.60729941569266932,-0.7597579311907523,-0.063140079223927573,-0.077204752870852725,-0.88276729977068269,-0.62865734711887256,-0.88374766961358764,-0.25002131846223025,0.26704746559653059,-0.013603128535875831,0.45521843845570681,0.73862036746176452,0.65040532249151717,0.11522110131524002,0.59709655797437244,-0.80789196138028707,0.46559009875328494,-0.50887532551681314,-0.36344665084927325,-0.48869256562023039,-0.19029709578921752
0.15954281999999997,0.25461511999999997,0.69698056000000008,-0.95064766000000001,0.50434483999999991,0.60015091999999992,0.61202785999999998,-0.20706029999999997,0.083092319999999997,0.36730723999999992,-0.13105116000000006,-0.28975616000000004,-0.56378768000000001,0.50950128000000006,0.91183626000000007,0.50719278000000001,1.0,0.041257560000000026,-0.24561173999999997,-0.80960389999999993,-0.53204681999999992,-0.59563857999999992,-0.092118680000000008,-0.36213244,-0.44570955999999995,-0.83592946000000001,0.05916144000000001,-0.40419757999999995,0.20474339999999991,0.52649516000000007,0.26168966000000005,-0.084646439999999989,0.13336785999999989,-0.78726907999999995,0.64575936,-0.72874850000000002,-0.69587591999999998,-0.87962050000000003,0.10837150000000007
0.53380105961099611,0.5121489119519218,-0.3397533456468334,0.10369830628880684,0.85590700948303877,-0.2196572043445692,0.16702933686859803,-0.016289306999512219,-0.41961133104497161,0.032270429979725394,0.37608773676974255,-0.75330316503272832,0.32630117054945146,-0.10717330916524749,0.26831800001536837,0.73168583581278379,0.041257560000000026,1.0,0.67996265978454307,-0.43612815591970389,0.16182972225620337,0.206608733102043,-0.8315895283417325,-0.3043933316501683,-0.68013952577506132,0.14431103519990213,-0.05905797276974966,-0.16013853733339381,0.060788752871217724,0.56865401609803501,0.55130391571412429,0.52227112058667902,0.80379211848424625,-0.3369410206607889,0.34689069995284344,-0.38989124995796576,-0.0014272695259091781,-0.015424835520413,-0.23406074420031098
0.32634937624394994,0.70366428383869506,-0.18204503495557184,0.25510260040921484,0.54285785085371185,-0.54895486297082463,0.3617552948954964,-0.11024195286674834,-0.73941550482735618,-0.31045300324233993,0.56075672490953798,-0.21281475590345098,0.7867578868748154,-0.097872043996666269,0.11212861198264613,0.60729941569266932,-0.24561173999999997,0.67996265978454307,1.0,-0.27407504124804904,0.60672001418729471,0.45109921956988142,-0.87346755674440357,-0.39202928210551596,-0.60119938374203674,0.5405134711719155,0.093804623508947152,0.22267444392961991,0.31619966925974918,0.51724172720550343,0.69033551918016978,0.1869253477771618,0.47307078683877429,-0.25032507426002021,-0.016438323506581708,0.051813182386245639,-0.072265988853072005,0.14226400812025689,-0.065286028519175365
-0.17078481642499208,-0.71503523509764944,-0.44206366741494513,0.69851872074372945,-0.79822233559536315,-0.21340436921673228,-0.78169144812724012,0.40711866083545861,0.44138277026738221,0.012729191131978287,-0.28767386650214255,0.41317890318184347,0.085211070994784976,-0.4391813596987536,-0.89210470508663786,-0.7597579311907523,-0.80960389999999993,-0.43612815591970389,-0.27407504124804904,1.0,0.045686012305030235,0.13626005134059549,0.55303464426359461,0.39087704760463121,0.82319688199941743,0.44550592813472406,-0.13014416695759312,0.40013946834691055,-0.32524825917225847,-0.83113756627383728,-0.73400098844026329,-0.082414684027174362,-0.38518958459284003,0.83212270523535792,-0.52986369260518462,0.67288672910654246,0.77781741696807205,0.77914592299611818,-0.032699536698906434
-0.46001665086268989,0.60924286029678087,-0.28389792819394627,0.5470692032746497,-0.083009413411232844,-0.81110385575836619,0.20627619720632553,-0.20867755317511597,-0.85204211456875056,-0.78274116080850908,0.53375979843586685,0.38482046633774691,0.81700874876154617,-0.028896532009672817,-0.33753093980613103,-0.063140079223927573,-0.53204681999999992,0.16182972225620337,0.60672001418729471,0.045686012305030235,1.0,0.72036364858393487,-0.35609395904551561,0.013576781053511847,-0.15258995412089321,0.85533492525465205,-0.055056479709203868,0.23892242129875932,0.043622245478918541,0.21010504846988312,0.60515944193950599,0.018197674916938609,-0.048334939356501336,0.17349177001810995,-0.37938003633994261,0.54600667399444958,-0.19106034856797377,0.28375344663043023,0.27591804453139057
-0.14569279009985756,0.32514299020044946,-0.60091052500033926,0.6308726352189955,-0.024194964917247774,-0.67299128081603954,-0.079789991564730489,-0.29566870694465125,-0.54898608077451116,-0.72430463125704214,0.60256703251902155,0.098918444515108256,0.68061086399775317,-0.33875829823729192,-0.45240680739727501,-0.077204752870852725,-0.59563857999999992,0.206608733102043,0.45109921956988142,0.13626005134059549,0.72036364858393487,1.0,-0.29325849194526604,0.35639042708811358,-0.21548604147949235,0.74301648183459201,0.32098877795424086,0.22449137813042389,0.10800888371083309,-0.051970351393158969,0.32748945048412353,-0.045015016102435468,-0.041761076166594122,0.39626160474684241,-0.70650864293708215,0.44068690957336898,0.20084922182084422,0.43181413462404439,-0.3876319887843318
-0.53449539655404388,-0.78723142125603363,-0.0075198858527984747,0.061408664935085573,-0.80733511597443175,0.39754537129602097,-0.53606482994641114,0.051401902340315636,0.68568767709883149,0.16140941133942435,-0.68001929508575543,0.43839700509519136,-0.59934113309714909,0.018040357002366718,-0.45085591323548768,-0.88276729977068269,-0.092118680000000008,-0.8315895283417325,-0.87346755674440357,0.55303464426359461,-0.35609395904551561,-0.29325849194526604,1.0,0.52079587788765158,0.84115014641936936,-0.21245170562041962,-0.20656982139367749,-0.12231344415784101,-0.3753656325703722,-0.68856192500396862,-0.77426105317412619,-0.20919177542151882,-0.62732130168028455,0.56263030282137516,-0.22778378216521783,0.20189143394825315,0.22021955668551482,0.18168093856821477,0.15280158948820716
-0.33319513186647887,-0.46695610430220658,-0.60127053854139501,0.47566777488967871,-0.39983089749578071,0.036940826127419661,-0.65811766278378014,-0.30134600227759567,0.29909609392330627,-0.20386462018210816,-0.26970861411386127,-0.030635302190359731,-0.27976027163913514,-0.28666268373174275,-0.5492961212506583,-0.62865734711887256,-0.36213244,-0.3043933316501683,-0.39202928210551596,0.39087704760463121,0.013576781053511847,0.35639042708811358,0.52079587788765158,1.0,0.45440414132960111,0.16389369753734667,-0.16564928289644468,-0.33500301591551762,-0.43305256191543146,-0.36044123389896154,-0.41947590013666186,0.052511813640639782,-0.11513876506777936,0.69959029734812095,-0.3759298109838059,0.17502725688521098,0.40650854666987446,0.35390773687140387,-0.27014906333926558
-0.42289261044253346,-0.77419126559912843,-0.16181476330107974,0.37008715782966289,-0.87403801956949267,0.028136292720278143,-0.67434870666155178,0.21798890412210309,0.57914293171574549,0.1854580589334838,-0.67491518299685938,0.48532752356527775,-0.32774963271485313,-0.17454512351873558,-0.68923194440163094,-0.88374766961358764,-0.44570955999999995,-0.68013952577506132,-0.60119938374203674,0.82319688199941743,-0.15258995412089321,-0.21548604147949235,0.84115014641936936,0.45440414132960111,1.0,0.1354567993719242,-0.44405852964885278,0.17128793725245814,-0.52802968002551576,-0.75133194050818852,-0.77970338099076064,-0.20806063803371153,-0.49085970840971399,0.68721131454918538,-0.23335240012960434,0.5206025175834248,0.44260674796045701,0.45768532021425845,0.26785204305448584
-0.28195376610016043,0.24025881290693163,-0.54512639460220047,0.81368746343859244,-0.26424398151964018,-0.83180688935235314,-0.18769635005673502,-0.0032436222885668595,-0.55018083262980733,-0.59390389363460716,0.34673676041073603,0.34119699141124382,0.77369843083332046,-0.3276037758732846,-0.67004220226476852,-0.25002131846223025,-0.83592946000000001,0.14431103519990213,0.5405134711719155,0.44550592813472406,0.85533492525465205,0.74301648183459201,-0.21245170562041962,0.16389369753734667,0.1354567993719242,1.0,-0.094033686310346962,0.42311800424591001,-0.088356634085243815,-0.13452700095787301,0.23101283044992782,0.0093161657569155454,-0.088695847226477775,0.50621924341048308,-0.55060862165429514,0.70257519719332695,0.26201038687186112,0.63256449304402895,0.076648650588319447
0.37175587311446862,0.088085958347683513,0.16534305538950911,-0.19985153623394361,0.095145252143968934,0.11676565131113585,0.24287354345584256,-0.052925985059789481,-0.027862289093858073,-0.10377490291232727,0.5368482849019689,0.10549205599443523,0.2924413911217571,-0.30804623667058828,0.16642048660328532,0.26704746559653059,0.05916144000000001,-0.05905797276974966,0.093804623508947152,-0.13014416695759312,-0.055056479709203868,0.32098877795424086,-0.20656982139367749,-0.16564928289644468,-0.44405852964885278,-0.094033686310346962,1.0,0.29024418860625834,0.82321534379184313,-0.067656658945351528,0.029702771483642414,-0.34762814509407758,-0.32764574626398474,-0.094133399775654547,-0.55001646594358022,-0.01230645800587893,0.10878214037281647,0.02595803753454563,-0.65850179891053573
0.18032877107046794,0.030043085843386441,0.19863397883908296,0.14417973673082413,-0.34169736192732969,-0.57913939577162465,0.15473282734391833,0.35263897210455697,-0.13827659939512929,-0.041127636049848225,0.25664138869368802,0.56146481043229168,0.5459632556338162,-0.30112606723256752,-0.26587631091850211,-0.013603128535875831,-0.40419757999999995,-0.16013853733339381,0.22267444392961991,0.40013946834691055,0.23892242129875932,0.22449137813042389,-0.12231344415784101,-0.33500301591551762,0.17128793725245814,0.42311800424591001,0.29024418860625834,1.0,0.24105831184242893,-0.40429377791268928,-0.070695909930402492,-0.59984563669813729,-0.44419332582135329,0.057111804857861694,-0.46579779731972965,0.65492747245758887,0.19286844675266335,0.26711095242271232,-0.021692509392451487
0.39632883268652003,0.30557461303819733,0.37197807776904085,-0.3593738102102309,0.25083679313258478,0.14364667892075142,0.4518329489411938,-0.22959199082856338,-0.19679912688983889,0.0634284961400534,0.39070336111284915,0.12617299253144287,0.35832424406090468,-0.30452704303334882,0.36305042192338532,0.45521843845570681,0.20474339999999991,0.060788752871217724,0.31619966925974918,-0.32524825917225847,0.043622245478918541,0.10800888371083309,-0.3753656325703722,-0.43305256191543146,-0.52802968002551576,-0.088356634085243815,0.82321534379184313,0.24105831184242893,1.0,0.25757627019841545,0.23759834930144658,-0.40572581910866506,-0.26247592061380531,-0.29292644115278271,-0.31456174092816075,-0.05451859759061331,-0.12437350931211734,-0.032086291976790533,-0.42915889750234737
0.15837433598835793,0.78478979666459003,0.26570392716172631,-0.40669710929765968,0.77084013202626622,0.0129046541541648,0.63640877392385831,-0.29893602481912773,-0.6003206464892249,-0.051370006981343544,0.3268820843176834,-0.40363397099386644,0.099928216820133933,0.33160360659732852,0.72313280840641414,0.73862036746176452,0.52649516000000007,0.56865401609803501,0.51724172720550343,-0.83113756627383728,0.21010504846988312,-0.051970351393158969,-0.68856192500396862,-0.36044123389896154,-0.75133194050818852,-0.13452700095787301,-0.067656658945351528,-0.40429377791268928,0.25757627019841545,1.0,0.80581215502925141,0.21595382084397252,0.53626875634160454,-0.65927876749267145,0.55577768392725968,-0.4880186691704656,-0.64342541238626549,-0.53116013242879601,0.1645442961376033
-0.062436316829227047,0.99232948244066244,0.17503187401986325,-0.17533105484404027,0.63282842953231133,-0.43625658171834081,0.77033140228144281,-0.28646096269082783,-0.92636228706577428,-0.49504981599338405,0.64396300049470789,-0.12493995355219287,0.51848535984554345,0.36546794271283206,0.50601683586832413,0.65040532249151717,0.26168966000000005,0.55130391571412429,0.69033551918016978,-0.73400098844026329,0.60515944193950599,0.32748945048412353,-0.77426105317412619,-0.41947590013666186,-0.77970338099076064,0.23101283044992782,0.029702771483642414,-0.070695909930402492,0.23759834930144658,0.80581215502925141,1.0,0.14187355262800888,0.3803820491069615,-0.61230359393988643,0.2548828874424654,-0.16774534040581671,-0.70129652182779512,-0.44510877626616835,0.24743789213878198
-0.0098897578826073577,0.043539054635320484,-0.48465387361632045,0.31695690222789785,0.38306362962813989,0.13673809313664598,-0.25249125558142982,0.27098605318644792,-0.052255285756955733,-0.13494157624714526,0.081164012939852981,-0.61221290799712869,-0.055220380706937328,0.29473344573089943,-0.042887971112589907,0.11522110131524002,-0.084646439999999989,0.52227112058667902,0.1869253477771618,-0.082414684027174362,0.018197674916938609,-0.045015016102435468,-0.20919177542151882,0.052511813640639782,-0.20806063803371153,0.0093161657569155454,-0.34762814509407758,-0.59984563669813729,-0.40572581910866506,0.21595382084397252,0.14187355262800888,1.0,0.69836835543921005,0.014996123086023425,0.42094585700556508,-0.47649861264232485,0.12969933479932649,0.046132622315157079,0.12397813929561363
0.45039808397990611,0.31955537139279966,-0.29502527992484934,0.061251857000203948,0.7556580891674467,-0.033170609975888325,0.0059534341117288645,0.014387373899290361,-0.20371661827379137,0.053377285080229077,0.20295742171975173,-0.84264083718622385,0.021550010387537358,0.13005137438929951,0.32529913050390807,0.59709655797437244,0.13336785999999989,0.80379211848424625,0.47307078683877429,-0.38518958459284003,-0.048334939356501336,-0.041761076166594122,-0.62732130168028455,-0.11513876506777936,-0.49085970840971399,-0.088695847226477775,-0.32764574626398474,-0.44419332582135329,-0.26247592061380531,0.53626875634160454,0.3803820491069615,0.69836835543921005,1.0,-0.35875898735155209,0.62385579914047762,-0.47540085569957319,0.024584291139322929,-0.18493431749125117,-0.054028078716500838
-0.31503085728148977,-0.63366246345882138,-0.7165289417928371,0.79049827625898483,-0.66871997174771225,-0.12412692251555529,-0.85276664882829567,0.024223333003285805,0.3398000241218993,-0.1174625181593778,-0.30972844060143051,0.24410161953346954,0.03669955758002378,-0.51617215458622079,-0.932013014417714,-0.80789196138028707,-0.78726907999999995,-0.3369410206607889,-0.25032507426002021,0.83212270523535792,0.17349177001810995,0.39626160474684241,0.56263030282137516,0.69959029734812095,0.68721131454918538,0.50621924341048308,-0.094133399775654547,0.057111804857861694,-0.29292644115278271,-0.65927876749267145,-0.61230359393988643,0.014996123086023425,-0.35875898735155209,1.0,-0.66441242109686416,0.50708525593506393,0.72346983365754336,0.85183252619840844,-0.2384857540061851
0.16559581747096083,0.21417301773384834,0.38132029064780515,-0.5213301160795204,0.52788350345996393,0.32972989123097801,0.30191792915262811,0.14246175552421086,0.027312020370973078,0.38424386527263504,-0.22195332964569653,-0.49370796801776534,-0.45749167040038785,0.55017275190391457,0.65638305325108715,0.46559009875328494,0.64575936,0.34689069995284344,-0.016438323506581708,-0.52986369260518462,-0.37938003633994261,-0.70650864293708215,-0.22778378216521783,-0.3759298109838059,-0.23335240012960434,-0.55060862165429514,-0.55001646594358022,-0.46579779731972965,-0.31456174092816075,0.55577768392725968,0.2548828874424654,0.42094585700556508,0.62385579914047762,-0.66441242109686416,1.0,-0.60815142877583428,-0.45403668696328464,-0.6499391372396176,0.47704059570403179
-0.31616044137260579,-0.10548450938610199,-0.15360485985941053,0.56047786803842969,-0.69426519134930731,-0.70138973391772041,-0.24933150805713383,0.040628756491297255,-0.17807401321940391,-0.37198480764807984,0.14074883825764756,0.72107931942771919,0.52278228595504861,-0.42188736219893863,-0.66266370817469766,-0.50887532551681314,-0.72874850000000002,-0.38989124995796576,0.051813182386245639,0.67288672910654246,0.54600667399444958,0.44068690957336898,0.20189143394825315,0.17502725688521098,0.5206025175834248,0.70257519719332695,-0.01230645800587893,0.65492747245758887,-0.05451859759061331,-0.4880186691704656,-0.16774534040581671,-0.47649861264232485,-0.47540085569957319,0.50708525593506393,-0.60815142877583428,1.0,0.30561324704048265,0.53272521626703517,0.1452269098463547
0.3594694625185943,-0.70014055304449763,-0.65366986813255379,0.649563906680236,-0.32099443425587226,-0.0097854337925760079,-0.85736258771822826,0.28743672706982748,0.53748735854128027,0.21977041018169113,-0.16758690698402867,-0.15563476608126464,0.053231960358576108,-0.68752189018238208,-0.69694232754625218,-0.36344665084927325,-0.69587591999999998,-0.0014272695259091781,-0.072265988853072005,0.77781741696807205,-0.19106034856797377,0.20084922182084422,0.22021955668551482,0.40650854666987446,0.44260674796045701,0.26201038687186112,0.10878214037281647,0.19286844675266335,-0.12437350931211734,-0.64342541238626549,-0.70129652182779512,0.12969933479932649,0.024584291139322929,0.72346983365754336,-0.45403668696328464,0.30561324704048265,1.0,0.80460222811136062,-0.54840872963253384
0.0071602842782352407,-0.44315086120219654,-0.71227592772075998,0.83218281979487929,-0.42940436535135817,-0.27419714018534808,-0.72800193965267279,0.079829015562472586,0.16707561741603388,-0.021226510725307502,-0.13379089833590549,0.14064304647286399,0.36812989086849751,-0.70290167786923674,-0.86963522031706175,-0.48869256562023039,-0.87962050000000003,-0.015424835520413,0.14226400812025689,0.77914592299611818,0.28375344663043023,0.43181413462404439,0.18168093856821477,0.35390773687140387,0.45768532021425845,0.63256449304402895,0.02595803753454563,0.26711095242271232,-0.032086291976790533,-0.53116013242879601,-0.44510877626616835,0.046132622315157079,-0.18493431749125117,0.85183252619840844,-0.6499391372396176,0.53272521626703517,0.80460222811136062,1.0,-0.32962290407575023
-0.61794911519431528,0.23872888561849681,0.39332183226276829,-0.09777424908390063,-0.24317638595947208,-0.19308439039081732,0.29487359385871936,0.23582858549939623,-0.282461980300102,-0.1845173972623082,-0.16184543950961833,0.42350999813030493,-0.032060726935003905,0.64484404122850725,0.078291728638116773,-0.19029709578921752,0.10837150000000007,-0.23406074420031098,-0.065286028519175365,-0.032699536698906434,0.27591804453139057,-0.3876319887843318,0.15280158948820716,-0.27014906333926558,0.26785204305448584,0.076648650588319447,-0.65850179891053573,-0.021692509392451487,-0.42915889750234737,0.1645442961376033,0.24743789213878198,0.12397813929561363,-0.054028078716500838,-0.2384857540061851,0.47704059570403179,0.1452269098463547,-0.54840872963253384,-0.32962290407575023,1.0
