1.000000000000000000e+00,1.745932222213520957e-01,-1.833309868460722136e-01,-3.891098107985814236e-01,3.392945727223894287e-02,-4.166943632258319208e-01,-1.565917645317465093e-02,-4.091207140182752666e-01,-6.832584427147510020e-01,6.163478759996676715e-01,-5.060676204899868802e-01,-7.199839399999999889e-01,-5.906646871001595134e-01,-8.424860506204137067e-01,3.429404819782970182e-01,-9.069317390647732013e-01,3.376959898656562431e-01,5.485013069734612223e-01,-2.638991999761243212e-01,-2.586412680352674909e-01,-8.032517755808206150e-01,4.305642243286568194e-01,-5.642176655105822780e-01,7.516108163539677589e-01,-7.001838353238246659e-01,9.514885131042101485e-02,-7.860016540419718645e-01,-3.372754874069718856e-01,6.073585667648302433e-01,1.631188151173712519e-02,-3.455842218908367625e-01,6.836319598971285494e-01,3.097703806100318147e-01,7.975347780326765834e-01,-3.709856181567303679e-01,-5.632130248605730222e-02,-6.199449023418690530e-01,7.137083319616874810e-01,-6.163112098694280006e-01
1.745932222213520957e-01,1.000000000000000000e+00,-9.183292024351714655e-01,2.852093810062459323e-01,-5.519500395845124974e-01,-9.455805281278637509e-01,2.340510411487604081e-01,3.971985811765741392e-01,2.681438791082140227e-01,8.273302318418069845e-01,-6.330349675711509638e-01,-5.906210400000000416e-01,-8.439333087427987046e-01,-8.015882884382119489e-02,4.949514472653772645e-01,-5.293317884105451787e-01,6.880824493993976665e-01,2.236298267515245963e-01,1.321001681468257916e-01,7.671416567464743874e-01,-4.994779108775247445e-01,-8.083908537843307318e-01,3.243622841995014161e-01,3.203040161064373281e-01,-7.346990268857089834e-02,-6.718781613412303511e-01,-3.865880855411973904e-01,-2.700917494522624418e-01,1.680221816851455441e-01,-9.232586122023440645e-01,-5.247602966592069818e-01,-4.029763506078741786e-01,5.546140887443835599e-01,6.480526448886481106e-02,-6.096404984609027355e-01,-5.087561617952776061e-01,-7.623309376394983294e-01,1.755624733458865938e-01,-4.142859654342282427e-01
-1.833309868460722136e-01,-9.183292024351714655e-01,1.000000000000000000e+00,-4.254219847090751627e-01,3.335179945220497211e-01,9.260642980345031861e-01,-1.397660485119724683e-01,-2.396879768161737090e-01,-4.178707925361135889e-02,-6.787323605631869761e-01,4.068085370679569435e-01,7.120646999999999949e-01,8.564251976521628507e-01,-6.534835262214651330e-02,-7.085158232052365390e-01,4.476110088398224107e-01,-7.868382705104204344e-01,-3.409716357956626420e-01,1.138452696586991081e-01,-5.568216265788267227e-01,4.356548613380227253e-01,7.357597866389846697e-01,-1.984499315917707951e-01,-4.890444310716672849e-01,-1.043817856605067790e-01,7.070514775060880996e-01,4.704725253269217977e-01,5.533744055199604217e-01,-3.612983356638391763e-01,8.266517886212075839e-01,7.230308488370561504e-01,2.468037120147780483e-01,-7.458584626446675969e-01,5.273978233805624166e-02,3.441025238439591183e-01,6.570484801410736431e-01,8.422420949402641410e-01,-1.529919656170347642e-01,4.647612283730603311e-01
-3.891098107985814236e-01,2.852093810062459323e-01,-4.254219847090751627e-01,1.000000000000000000e+00,-1.928805223723519258e-01,-2.174956153917048940e-01,-3.158246796408950563e-01,-2.670970824178542369e-02,2.163270257654989759e-01,-5.832754629526544499e-02,3.290044716294055482e-01,-4.900457999999996428e-02,-1.759837991878532293e-01,5.702520463803029127e-01,4.345983739401192425e-01,2.818199239854137783e-01,2.033845534993632131e-01,8.105410813126764924e-02,5.106380376064702936e-02,2.659151258247396399e-01,4.542311642000591843e-02,-5.313609424452001573e-01,5.197226721191388482e-02,1.201607913395431743e-01,6.629173302845482452e-01,-5.971214195485465837e-01,-2.111982290773492810e-01,-3.588854623290555490e-01,1.933501499235878440e-01,-2.317787997152944979e-01,-3.822097412173101061e-01,-3.356117292790734563e-01,1.343057023797983307e-01,-5.342554640465954074e-01,2.025708180210198106e-01,-7.039654728524868954e-01,-1.242748002178570149e-01,-1.828264130238013985e-01,2.523559180218266085e-01
3.392945727223894287e-02,-5.519500395845124974e-01,3.335179945220497211e-01,-1.928805223723519258e-01,1.000000000000000000e+00,3.392310253583804558e-01,1.058343115513874499e-01,-2.454148569303493677e-02,-6.618190535502745941e-01,-5.242589381088593736e-01,2.840314793075146560e-01,-1.027035200000000481e-01,4.211825287879132351e-01,1.970906404750689955e-01,-3.904180318593585691e-02,3.015911566075995531e-01,2.037762663626437876e-01,5.469353000302146217e-02,-4.296655641361528666e-01,-7.117493703887761702e-01,3.349839275327203270e-01,5.691592867069601436e-01,7.839014975697111698e-03,8.672749654151271081e-02,9.836242491897226325e-02,6.716468640754428288e-01,2.507366519897810675e-01,-2.705664051995529396e-01,2.849571868382734241e-01,3.354974944895873223e-01,-2.142353402207533286e-01,4.588837754534996760e-01,2.637598738306375368e-01,-3.294493323550022335e-01,8.004265680660993532e-01,2.264603259897775278e-01,8.428338514090107092e-02,-2.366207767512508442e-02,1.522706088123683410e-01
-4.166943632258319208e-01,-9.455805281278637509e-01,9.260642980345031861e-01,-2.174956153917048940e-01,3.392310253583804558e-01,1.000000000000000000e+00,-2.336010550435641264e-01,-2.664756268940637329e-01,4.729176886108465289e-02,-8.715759771254398824e-01,6.765766632001910530e-01,8.112352599999999025e-01,9.258712357643950064e-01,2.096610106033169052e-01,-6.182403901832655979e-01,6.794884528190524575e-01,-8.390250763672449930e-01,-3.951551559717715323e-01,3.632300944940544674e-02,-5.557267822881174490e-01,6.373396433220742674e-01,6.106443514208725887e-01,-1.815100669453366677e-01,-5.566472419365149360e-01,1.718258633869801100e-01,5.556950055098865970e-01,5.627527587124923070e-01,4.564709634874337119e-01,-4.022556437871656621e-01,8.578254616123794918e-01,7.009104857878399875e-01,1.384127374575565561e-01,-7.058213995178228561e-01,-1.564734979819886185e-01,5.129270670326561143e-01,5.295307698049138700e-01,9.199238788472364758e-01,-3.142721800625297712e-01,5.237239243193314575e-01
-1.565917645317465093e-02,2.340510411487604081e-01,-1.397660485119724683e-01,-3.158246796408950563e-01,1.058343115513874499e-01,-2.336010550435641264e-01,1.000000000000000000e+00,2.314818236996541989e-01,-4.034191718990902398e-02,2.022821215989797916e-01,-3.763491464373279194e-01,-2.171934399999999599e-01,-1.639702023374304540e-01,1.500254348268540983e-01,3.986997405913471348e-02,-2.978093713699125900e-02,2.622636533254726898e-01,3.883078902610413996e-01,9.504275850801402470e-02,2.669730693741375043e-03,3.057350171672541528e-01,-2.091121382475998325e-01,2.298299973905180982e-01,1.118368918877888640e-01,1.230667745253159473e-01,-1.495981687645802152e-02,2.673820522337506667e-01,-9.483247689059325081e-02,-2.782931364728492563e-01,-3.244574213894618753e-01,-3.109439256029537524e-01,4.363835964723866007e-02,3.201793316584484739e-01,-1.759304696436354287e-01,8.673979545117332934e-02,2.281616503689666564e-01,-2.383149977775159967e-01,-1.830617554036103323e-01,-1.168590493138370878e-01
-4.091207140182752666e-01,3.971985811765741392e-01,-2.396879768161737090e-01,-2.670970824178542369e-02,-2.454148569303493677e-02,-2.664756268940637329e-01,2.314818236996541989e-01,1.000000000000000000e+00,5.552328896741444142e-01,1.464316488738207078e-01,-4.591115587188460134e-01,1.395486800000000915e-01,8.130036692000336407e-02,1.908701761829505739e-01,-3.458484430911014096e-01,1.532402389518593422e-01,3.543122927817174417e-01,-5.469945377688330002e-01,4.631419513839013513e-01,6.808846497596106051e-01,1.227091618722888633e-01,-5.308236023130508130e-01,9.126566958302581023e-01,-5.633796961531655212e-01,-1.099491740110866977e-01,1.753950294350974382e-01,5.523047934384042179e-01,4.366034886382152425e-01,-2.794411729871012495e-01,-6.930745433095901742e-01,1.191390460115270278e-01,-7.157761610730113411e-01,6.638587558023081869e-02,-3.865219604454987468e-01,-2.025323102968828171e-01,8.997952866445602105e-02,1.243057104277128094e-02,-5.458715821965920423e-02,2.838143824679623672e-01
-6.832584427147510020e-01,2.681438791082140227e-01,-4.178707925361135889e-02,2.163270257654989759e-01,-6.618190535502745941e-01,4.729176886108465289e-02,-4.034191718990902398e-02,5.552328896741444142e-01,1.000000000000000000e+00,-5.104538816336248210e-03,-5.842539879199190600e-02,6.189319799999999372e-01,1.907318799143389310e-01,3.002128239751560290e-01,-4.233613735270294609e-01,3.565855395729484179e-01,-3.332962054759326387e-01,-6.008036953945167236e-01,6.376894819426919270e-01,7.819610697740411176e-01,2.610161393411888353e-01,-6.487817333521105345e-01,5.710436046817184419e-01,-7.463460375803565583e-01,1.708078888549046381e-01,-2.900488105276326500e-01,4.997501925398435962e-01,6.482636902675544821e-01,-6.449467063053122562e-01,-3.377469053682302103e-01,5.290887683006649800e-01,-8.724620172986825573e-01,-4.721482698232524200e-01,-2.667622628516517769e-01,-4.108771862043187895e-01,3.885082415807004919e-02,4.172187673509896721e-01,-3.499826461933658872e-01,3.900361932709472401e-01
6.163478759996676715e-01,8.273302318418069845e-01,-6.787323605631869761e-01,-5.832754629526544499e-02,-5.242589381088593736e-01,-8.715759771254398824e-01,2.022821215989797916e-01,1.464316488738207078e-01,-5.104538816336248210e-03,1.000000000000000000e+00,-8.491214466343016687e-01,-6.827579200000000181e-01,-8.787041606987251452e-01,-5.717389529159619954e-01,3.504712018274773189e-01,-8.748382064220686649e-01,5.659354653866081053e-01,3.361907605614807282e-01,1.726910835267420063e-01,5.315358876488285311e-01,-7.946248703071078223e-01,-3.908948688620963452e-01,-1.763934831736944930e-02,4.962747216893901858e-01,-5.039231390303895441e-01,-4.077648921282567840e-01,-6.288451291225524153e-01,-1.539011070535812598e-01,2.884128771068699137e-01,-6.750192750061824176e-01,-4.201899007128240826e-01,-1.014055061498984195e-02,3.755269690323717047e-01,5.119243369533458266e-01,-7.747456229899776226e-01,-3.654662412813352579e-01,-7.737996992371829474e-01,5.152655541676744999e-01,-4.867623990813396695e-01
-5.060676204899868802e-01,-6.330349675711509638e-01,4.068085370679569435e-01,3.290044716294055482e-01,2.840314793075146560e-01,6.765766632001910530e-01,-3.763491464373279194e-01,-4.591115587188460134e-01,-5.842539879199190600e-02,-8.491214466343016687e-01,1.000000000000000000e+00,4.725582200000000288e-01,5.602102433899087686e-01,5.856697267323952572e-01,4.927695646972225785e-02,7.323414836604369427e-01,-5.130165609285312067e-01,-8.711233613937791054e-02,-3.985055452446141788e-01,-5.071161960263460555e-01,6.274470458191534483e-01,2.390238943966768448e-01,-2.606327152145460069e-01,-1.810055345977896468e-01,6.625600703300649208e-01,-3.551663463662929621e-02,2.642805466493808320e-01,-1.880158527540882196e-01,-1.141618709869082898e-01,6.550060219732306566e-01,1.935640311751619935e-01,5.068733302287528608e-02,-1.910397394822926920e-01,-4.009304791287080505e-01,6.813960890474102250e-01,4.159321459833234536e-02,5.344761822278659702e-01,-4.918438438315455019e-01,2.095560366279460296e-01
-7.199839399999999889e-01,-5.906210400000000416e-01,7.120646999999999949e-01,-4.900457999999996428e-02,-1.027035200000000481e-01,8.112352599999999025e-01,-2.171934399999999599e-01,1.395486800000000915e-01,6.189319799999999372e-01,-6.827579200000000181e-01,4.725582200000000288e-01,1.000000000000000000e+00,8.481079400000000046e-01,3.251925399999999744e-01,-7.533367600000000497e-01,7.361064999999999969e-01,-8.399904400000000049e-01,-6.801359200000000049e-01,4.228560800000000786e-01,2.710849999999997983e-02,6.342821400000000498e-01,1.120480800000001054e-01,2.146767800000000115e-01,-8.849662400000000151e-01,2.125873000000000346e-01,3.001157999999999326e-01,7.375232800000000033e-01,7.575772199999999401e-01,-6.808973999999999860e-01,4.696941999999999506e-01,8.669956999999999248e-01,-4.033776199999999923e-01,-8.431806200000000473e-01,-2.827198800000000345e-01,1.590894000000000474e-01,4.477500599999999498e-01,9.706307400000000474e-01,-4.438377599999999701e-01,6.628395400000000048e-01
-5.906646871001595134e-01,-8.439333087427987046e-01,8.564251976521628507e-01,-1.759837991878532293e-01,4.211825287879132351e-01,9.258712357643950064e-01,-1.639702023374304540e-01,8.130036692000336407e-02,1.907318799143389310e-01,-8.787041606987251452e-01,5.602102433899087686e-01,8.481079400000000046e-01,1.000000000000000000e+00,3.505903405422043928e-01,-7.331152539275852531e-01,7.894965439423295983e-01,-6.743400243794075433e-01,-5.891922368853863556e-01,1.305838821988822285e-01,-3.706985357462782016e-01,7.134303952998617415e-01,4.425278969109917027e-01,1.706597942069484342e-01,-7.443161036834274880e-01,1.986770487482535097e-01,6.413523222203076912e-01,7.676915480417443316e-01,5.624036396414496819e-01,-4.508619912115556239e-01,6.272288688055431827e-01,6.888915672297871717e-01,-7.828933108625488191e-02,-6.461320835522222916e-01,-3.920596335414393563e-01,5.429348715535352587e-01,5.166711960016032723e-01,9.279786448057264492e-01,-4.039610672888554466e-01,6.868498452980944524e-01
-8.424860506204137067e-01,-8.015882884382119489e-02,-6.534835262214651330e-02,5.702520463803029127e-01,1.970906404750689955e-01,2.096610106033169052e-01,1.500254348268540983e-01,1.908701761829505739e-01,3.002128239751560290e-01,-5.717389529159619954e-01,5.856697267323952572e-01,3.251925399999999744e-01,3.505903405422043928e-01,1.000000000000000000e+00,5.946996873527082145e-02,8.311863155063728970e-01,-1.251854024569918483e-02,-1.798278487377124035e-01,-1.011251444362553514e-01,2.130938421760095527e-02,7.713153745834218089e-01,-4.382740159100559363e-01,3.858700612434242116e-01,-3.226596592276205766e-01,9.233154034531447785e-01,-2.686337988820302614e-01,5.283948305744041729e-01,-1.705620683304320262e-01,-2.845590642049462549e-01,-6.463174118771837506e-02,-1.560382673444153656e-01,-3.874744523573439570e-01,1.184359480225372213e-01,-9.175363227805147792e-01,6.414789746540634496e-01,-2.183973722296179421e-01,2.743220613096216121e-01,-7.268182135585127268e-01,4.342049486663248081e-01
3.429404819782970182e-01,4.949514472653772645e-01,-7.085158232052365390e-01,4.345983739401192425e-01,-3.904180318593585691e-02,-6.182403901832655979e-01,3.986997405913471348e-02,-3.458484430911014096e-01,-4.233613735270294609e-01,3.504712018274773189e-01,4.927695646972225785e-02,-7.533367600000000497e-01,-7.331152539275852531e-01,5.946996873527082145e-02,1.000000000000000000e+00,-3.551301906611740167e-01,5.896710952051702481e-01,7.665754886375593102e-01,-4.958002885190893605e-01,-3.261830893991737174e-02,-3.337117399295534415e-01,-2.842462819240139105e-01,-2.586851904140699543e-01,8.109367072880693250e-01,2.939868054261531860e-01,-6.382513760219570287e-01,-6.534540012335591230e-01,-9.201454593842053331e-01,4.897043340323950500e-01,-3.034707589968521080e-01,-7.894974503064960958e-01,1.518651683501715532e-01,7.681816183097355255e-01,4.181955022559054325e-02,2.246102823750937075e-02,-4.688063134922298425e-01,-7.735640992107111202e-01,7.759461379586625462e-02,-6.732895715063373920e-01
-9.069317390647732013e-01,-5.293317884105451787e-01,4.476110088398224107e-01,2.818199239854137783e-01,3.015911566075995531e-01,6.794884528190524575e-01,-2.978093713699125900e-02,1.532402389518593422e-01,3.565855395729484179e-01,-8.748382064220686649e-01,7.323414836604369427e-01,7.361064999999999969e-01,7.894965439423295983e-01,8.311863155063728970e-01,-3.551301906611740167e-01,1.000000000000000000e+00,-4.460943686947237419e-01,-4.469944893155819443e-01,5.438449087557450934e-02,-1.641914672590167323e-01,9.128862424744903503e-01,-5.334312839139700169e-02,3.346726867613485368e-01,-6.531136476002664670e-01,7.236746027340301701e-01,1.513264935978195225e-01,7.842981551394007100e-01,2.264761105774125427e-01,-5.014870191830356205e-01,3.314687639735767744e-01,3.449543658793206569e-01,-3.615043309625529666e-01,-3.330776971317463975e-01,-7.845574849797152250e-01,6.804342680941611876e-01,1.837409639440332199e-01,7.343161511809284114e-01,-7.024480955978571473e-01,6.394488814009633426e-01
3.376959898656562431e-01,6.880824493993976665e-01,-7.868382705104204344e-01,2.033845534993632131e-01,2.037762663626437876e-01,-8.390250763672449930e-01,2.622636533254726898e-01,3.543122927817174417e-01,-3.332962054759326387e-01,5.659354653866081053e-01,-5.130165609285312067e-01,-8.399904400000000049e-01,-6.743400243794075433e-01,-1.251854024569918483e-02,5.896710952051702481e-01,-4.460943686947237419e-01,1.000000000000000000e+00,3.489814123791447620e-01,-2.296140148801593117e-01,2.483996639379773275e-01,-4.226923939085859283e-01,-3.930996066040931547e-01,2.982587072890182101e-01,5.400405189844841303e-01,-5.371230542621007603e-02,-2.141162014167209693e-01,-3.715943128372161675e-01,-5.887231675083335336e-01,5.243843202382578728e-01,-7.523661474697491691e-01,-8.309790540494124134e-01,5.362864635920506530e-03,8.633001837911412624e-01,-1.316727758377237156e-01,-5.562495845289737451e-02,-4.593826546825464652e-01,-8.631009602299980488e-01,2.524043700971647652e-01,-3.720709348631539015e-01
5.485013069734612223e-01,2.236298267515245963e-01,-3.409716357956626420e-01,8.105410813126764924e-02,5.469353000302146217e-02,-3.951551559717715323e-01,3.883078902610413996e-01,-5.469945377688330002e-01,-6.008036953945167236e-01,3.361907605614807282e-01,-8.711233613937791054e-02,-6.801359200000000049e-01,-5.891922368853863556e-01,-1.798278487377124035e-01,7.665754886375593102e-01,-4.469944893155819443e-01,3.489814123791447620e-01,1.000000000000000000e+00,-3.704051346810527945e-01,-3.352082864488299951e-01,-2.647636147517354321e-01,8.036989777608069541e-02,-4.920557263191595587e-01,8.632196853909150924e-01,1.070812295471024744e-01,-3.498148109089854740e-01,-6.155038199953021261e-01,-7.516674688553890427e-01,4.030393085160878242e-01,-1.935780692441713829e-02,-6.560813338053956834e-01,4.972771633217157872e-01,5.321777993979679433e-01,2.307204606966806737e-01,6.702283426572527847e-02,-1.514102596593892569e-01,-6.272117165278597861e-01,1.581108788383406016e-01,-6.000764432116020286e-01
-2.638991999761243212e-01,1.321001681468257916e-01,1.138452696586991081e-01,5.106380376064702936e-02,-4.296655641361528666e-01,3.632300944940544674e-02,9.504275850801402470e-02,4.631419513839013513e-01,6.376894819426919270e-01,1.726910835267420063e-01,-3.985055452446141788e-01,4.228560800000000786e-01,1.305838821988822285e-01,-1.011251444362553514e-01,-4.958002885190893605e-01,5.438449087557450934e-02,-2.296140148801593117e-01,-3.704051346810527945e-01,1.000000000000000000e+00,5.307708168182000419e-01,1.403013506585561523e-03,-2.644462044525757727e-01,3.155569332530354654e-01,-4.933828281460745924e-01,-1.661278266546617477e-01,9.471729282157516361e-02,2.869643477098926532e-01,7.017881040201765508e-01,-5.529894684596026178e-01,-2.107268591805010749e-01,4.292013854778090054e-01,-4.782209328589646646e-01,-5.903225461271253138e-01,4.094122004671679228e-03,-3.987846638394157983e-01,1.321348779426584630e-01,3.243937647676808922e-01,1.563765459524856793e-01,4.974553121711021153e-01
-2.586412680352674909e-01,7.671416567464743874e-01,-5.568216265788267227e-01,2.659151258247396399e-01,-7.117493703887761702e-01,-5.557267822881174490e-01,2.669730693741375043e-03,6.808846497596106051e-01,7.819610697740411176e-01,5.315358876488285311e-01,-5.071161960263460555e-01,2.710849999999997983e-02,-3.706985357462782016e-01,2.130938421760095527e-02,-3.261830893991737174e-02,-1.641914672590167323e-01,2.483996639379773275e-01,-3.352082864488299951e-01,5.307708168182000419e-01,1.000000000000000000e+00,-2.563090436561645258e-01,-8.374112648864938668e-01,6.170109772611047649e-01,-3.190787491455272518e-01,-9.133404984702554741e-02,-4.616250206755859176e-01,6.444479563043122028e-02,3.263534969750560566e-01,-2.341261017136670453e-01,-7.962632486969529744e-01,7.835070115298840843e-02,-8.146370071447349703e-01,-1.931529312274698476e-04,-6.631079390068111978e-02,-6.957464628814462593e-01,-2.401763156737099780e-01,-1.964234114356173955e-01,-4.748468097436427462e-03,1.335370005578071992e-02
-8.032517755808206150e-01,-4.994779108775247445e-01,4.356548613380227253e-01,4.542311642000591843e-02,3.349839275327203270e-01,6.373396433220742674e-01,3.057350171672541528e-01,1.227091618722888633e-01,2.610161393411888353e-01,-7.946248703071078223e-01,6.274470458191534483e-01,6.342821400000000498e-01,7.134303952998617415e-01,7.713153745834218089e-01,-3.337117399295534415e-01,9.128862424744903503e-01,-4.226923939085859283e-01,-2.647636147517354321e-01,1.403013506585561523e-03,-2.563090436561645258e-01,1.000000000000000000e+00,-1.861874966417748772e-02,2.653687641198689828e-01,-5.551558534930158828e-01,6.715124061484496476e-01,1.691271168223551780e-01,8.279009301345854333e-01,1.736077856992705171e-01,-5.718476633703583056e-01,3.122022826013816643e-01,2.693355596141335240e-01,-2.365518504937302868e-01,-2.130236756142824539e-01,-6.977163994066085673e-01,6.851702897460123509e-01,2.948226408424299838e-01,6.408660015288866196e-01,-6.604313268803175818e-01,4.863800898607362200e-01
4.305642243286568194e-01,-8.083908537843307318e-01,7.357597866389846697e-01,-5.313609424452001573e-01,5.691592867069601436e-01,6.106443514208725887e-01,-2.091121382475998325e-01,-5.308236023130508130e-01,-6.487817333521105345e-01,-3.908948688620963452e-01,2.390238943966768448e-01,1.120480800000001054e-01,4.425278969109917027e-01,-4.382740159100559363e-01,-2.842462819240139105e-01,-5.334312839139700169e-02,-3.930996066040931547e-01,8.036989777608069541e-02,-2.644462044525757727e-01,-8.374112648864938668e-01,-1.861874966417748772e-02,1.000000000000000000e+00,-5.662280997323616560e-01,1.171810268213136080e-01,-3.886969719861578798e-01,7.339224027207138512e-01,-6.871511973908450699e-02,7.767132589789264852e-02,2.075967435918583126e-01,8.201930673675896788e-01,2.872400477939971997e-01,7.501818985915498228e-01,-3.097131964362033196e-01,4.005937306053632962e-01,3.379900400492934498e-01,4.685013624435171997e-01,3.293448422673722065e-01,2.787540815975482200e-01,2.363883050967953425e-02
-5.642176655105822780e-01,3.243622841995014161e-01,-1.984499315917707951e-01,5.197226721191388482e-02,7.839014975697111698e-03,-1.815100669453366677e-01,2.298299973905180982e-01,9.126566958302581023e-01,5.710436046817184419e-01,-1.763934831736944930e-02,-2.606327152145460069e-01,2.146767800000000115e-01,1.706597942069484342e-01,3.858700612434242116e-01,-2.586851904140699543e-01,3.346726867613485368e-01,2.982587072890182101e-01,-4.920557263191595587e-01,3.155569332530354654e-01,6.170109772611047649e-01,2.653687641198689828e-01,-5.662280997323616560e-01,1.000000000000000000e+00,-5.856083443015506207e-01,1.344186784937909385e-01,7.675884046697152574e-02,6.211411329813115723e-01,3.350065473538876848e-01,-3.573512101629067739e-01,-6.215189870797916960e-01,1.147647590340480223e-01,-7.604391050358150217e-01,9.000309788075164241e-02,-5.689225726281550433e-01,-6.680507668037866109e-02,1.279610426497403142e-01,8.380021076109409051e-02,-4.149097723213875932e-01,3.009528949246572660e-01
7.516108163539677589e-01,3.203040161064373281e-01,-4.890444310716672849e-01,1.201607913395431743e-01,8.672749654151271081e-02,-5.566472419365149360e-01,1.118368918877888640e-01,-5.633796961531655212e-01,-7.463460375803565583e-01,4.962747216893901858e-01,-1.810055345977896468e-01,-8.849662400000000151e-01,-7.443161036834274880e-01,-3.226596592276205766e-01,8.109367072880693250e-01,-6.531136476002664670e-01,5.400405189844841303e-01,8.632196853909150924e-01,-4.933828281460745924e-01,-3.190787491455272518e-01,-5.551558534930158828e-01,1.171810268213136080e-01,-5.856083443015506207e-01,1.000000000000000000e+00,-7.224018167092599585e-02,-3.506980927884618682e-01,-8.573793317339943876e-01,-8.371477528990917127e-01,6.614505812107325244e-01,-8.816196987998957402e-02,-7.951724055093191135e-01,6.261464337620881171e-01,6.548080348623566138e-01,3.671324053886914629e-01,-1.801862444198437663e-02,-4.229251701821860054e-01,-8.076249428702615418e-01,3.930281604609011659e-01,-6.434922144631176621e-01
-7.001838353238246659e-01,-7.346990268857089834e-02,-1.043817856605067790e-01,6.629173302845482452e-01,9.836242491897226325e-02,1.718258633869801100e-01,1.230667745253159473e-01,-1.099491740110866977e-01,1.708078888549046381e-01,-5.039231390303895441e-01,6.625600703300649208e-01,2.125873000000000346e-01,1.986770487482535097e-01,9.233154034531447785e-01,2.939868054261531860e-01,7.236746027340301701e-01,-5.371230542621007603e-02,1.070812295471024744e-01,-1.661278266546617477e-01,-9.133404984702554741e-02,6.715124061484496476e-01,-3.886969719861578798e-01,1.344186784937909385e-01,-7.224018167092599585e-02,1.000000000000000000e+00,-4.517017492557843239e-01,2.837076983790267071e-01,-3.668326260687365670e-01,-2.350647103065732213e-01,4.601426822029934527e-02,-2.641562869246025791e-01,-2.513783128351119167e-01,1.431289155577115113e-01,-7.954419851902145844e-01,6.188750659279373956e-01,-2.975739908715826498e-01,1.741392017045659824e-01,-7.183368423475351427e-01,2.895344141252468861e-01
9.514885131042101485e-02,-6.718781613412303511e-01,7.070514775060880996e-01,-5.971214195485465837e-01,6.716468640754428288e-01,5.556950055098865970e-01,-1.495981687645802152e-02,1.753950294350974382e-01,-2.900488105276326500e-01,-4.077648921282567840e-01,-3.551663463662929621e-02,3.001157999999999326e-01,6.413523222203076912e-01,-2.686337988820302614e-01,-6.382513760219570287e-01,1.513264935978195225e-01,-2.141162014167209693e-01,-3.498148109089854740e-01,9.471729282157516361e-02,-4.616250206755859176e-01,1.691271168223551780e-01,7.339224027207138512e-01,7.675884046697152574e-02,-3.506980927884618682e-01,-4.517017492557843239e-01,1.000000000000000000e+00,4.223845940282101585e-01,4.520641538805722504e-01,-2.622538305548848675e-02,4.365801506290157841e-01,4.331884686437279530e-01,2.963778969112865758e-01,-3.463515238886750169e-01,7.291015296974638626e-02,3.112155421264098387e-01,6.195073136929414304e-01,4.552498037695656419e-01,2.163047034972192251e-01,3.382126604710748441e-01
-7.860016540419718645e-01,-3.865880855411973904e-01,4.704725253269217977e-01,-2.111982290773492810e-01,2.507366519897810675e-01,5.627527587124923070e-01,2.673820522337506667e-01,5.523047934384042179e-01,4.997501925398435962e-01,-6.288451291225524153e-01,2.642805466493808320e-01,7.375232800000000033e-01,7.676915480417443316e-01,5.283948305744041729e-01,-6.534540012335591230e-01,7.842981551394007100e-01,-3.715943128372161675e-01,-6.155038199953021261e-01,2.869643477098926532e-01,6.444479563043122028e-02,8.279009301345854333e-01,-6.871511973908450699e-02,6.211411329813115723e-01,-8.573793317339943876e-01,2.837076983790267071e-01,4.223845940282101585e-01,1.000000000000000000e+00,5.721291403475273762e-01,-6.854641030901770238e-01,8.832215866812900829e-02,5.401565316430628760e-01,-4.857869309763604426e-01,-3.609791692831592624e-01,-5.719471281520405181e-01,3.595502096083463273e-01,5.160244827014910385e-01,7.023511942714032452e-01,-5.310326641354401467e-01,5.550817008992243728e-01
-3.372754874069718856e-01,-2.700917494522624418e-01,5.533744055199604217e-01,-3.588854623290555490e-01,-2.705664051995529396e-01,4.564709634874337119e-01,-9.483247689059325081e-02,4.366034886382152425e-01,6.482636902675544821e-01,-1.539011070535812598e-01,-1.880158527540882196e-01,7.575772199999999401e-01,5.624036396414496819e-01,-1.705620683304320262e-01,-9.201454593842053331e-01,2.264761105774125427e-01,-5.887231675083335336e-01,-7.516674688553890427e-01,7.017881040201765508e-01,3.263534969750560566e-01,1.736077856992705171e-01,7.767132589789264852e-02,3.350065473538876848e-01,-8.371477528990917127e-01,-3.668326260687365670e-01,4.520641538805722504e-01,5.721291403475273762e-01,1.000000000000000000e+00,-5.835648040304902695e-01,1.292030261069358477e-01,8.662181253290891503e-01,-3.892243357747731114e-01,-8.257403055818957061e-01,8.239873344032955238e-02,-3.268103487432989507e-01,4.656103331311534643e-01,7.056004644740733189e-01,-1.379937480914206552e-02,5.662642939680500032e-01
6.073585667648302433e-01,1.680221816851455441e-01,-3.612983356638391763e-01,1.933501499235878440e-01,2.849571868382734241e-01,-4.022556437871656621e-01,-2.782931364728492563e-01,-2.794411729871012495e-01,-6.449467063053122562e-01,2.884128771068699137e-01,-1.141618709869082898e-01,-6.808973999999999860e-01,-4.508619912115556239e-01,-2.845590642049462549e-01,4.897043340323950500e-01,-5.014870191830356205e-01,5.243843202382578728e-01,4.030393085160878242e-01,-5.529894684596026178e-01,-2.341261017136670453e-01,-5.718476633703583056e-01,2.075967435918583126e-01,-3.573512101629067739e-01,6.614505812107325244e-01,-2.350647103065732213e-01,-2.622538305548848675e-02,-6.854641030901770238e-01,-5.835648040304902695e-01,1.000000000000000000e+00,-7.046347157042917586e-02,-5.666364502989932328e-01,4.986857957655800866e-01,5.069129856957809155e-01,1.962992052234422968e-01,6.806042128508837941e-02,-4.326490255281432162e-01,-5.892113267770375806e-01,4.579154754595239907e-01,-3.648770468760714203e-01
1.631188151173712519e-02,-9.232586122023440645e-01,8.266517886212075839e-01,-2.317787997152944979e-01,3.354974944895873223e-01,8.578254616123794918e-01,-3.244574213894618753e-01,-6.930745433095901742e-01,-3.377469053682302103e-01,-6.750192750061824176e-01,6.550060219732306566e-01,4.696941999999999506e-01,6.272288688055431827e-01,-6.463174118771837506e-02,-3.034707589968521080e-01,3.314687639735767744e-01,-7.523661474697491691e-01,-1.935780692441713829e-02,-2.107268591805010749e-01,-7.962632486969529744e-01,3.122022826013816643e-01,8.201930673675896788e-01,-6.215189870797916960e-01,-8.816196987998957402e-02,4.601426822029934527e-02,4.365801506290157841e-01,8.832215866812900829e-02,1.292030261069358477e-01,-7.046347157042917586e-02,1.000000000000000000e+00,4.584303469973625700e-01,5.406204082376219189e-01,-5.464612728634973271e-01,1.703144549687780895e-01,4.569548112787334970e-01,3.827856724358218443e-01,6.364866897438081761e-01,-8.243001096738213074e-02,2.140016749779853900e-01
-3.455842218908367625e-01,-5.247602966592069818e-01,7.230308488370561504e-01,-3.822097412173101061e-01,-2.142353402207533286e-01,7.009104857878399875e-01,-3.109439256029537524e-01,1.191390460115270278e-01,5.290887683006649800e-01,-4.201899007128240826e-01,1.935640311751619935e-01,8.669956999999999248e-01,6.888915672297871717e-01,-1.560382673444153656e-01,-7.894974503064960958e-01,3.449543658793206569e-01,-8.309790540494124134e-01,-6.560813338053956834e-01,4.292013854778090054e-01,7.835070115298840843e-02,2.693355596141335240e-01,2.872400477939971997e-01,1.147647590340480223e-01,-7.951724055093191135e-01,-2.641562869246025791e-01,4.331884686437279530e-01,5.401565316430628760e-01,8.662181253290891503e-01,-5.666364502989932328e-01,4.584303469973625700e-01,1.000000000000000000e+00,-2.959833917163572914e-01,-8.729220324627355865e-01,1.727129679079002778e-01,-1.984618337530975329e-01,6.295714005760414400e-01,8.442165101581573516e-01,-1.343255589852206666e-01,3.821668926834109747e-01
6.836319598971285494e-01,-4.029763506078741786e-01,2.468037120147780483e-01,-3.356117292790734563e-01,4.588837754534996760e-01,1.384127374575565561e-01,4.363835964723866007e-02,-7.157761610730113411e-01,-8.724620172986825573e-01,-1.014055061498984195e-02,5.068733302287528608e-02,-4.033776199999999923e-01,-7.828933108625488191e-02,-3.874744523573439570e-01,1.518651683501715532e-01,-3.615043309625529666e-01,5.362864635920506530e-03,4.972771633217157872e-01,-4.782209328589646646e-01,-8.146370071447349703e-01,-2.365518504937302868e-01,7.501818985915498228e-01,-7.604391050358150217e-01,6.261464337620881171e-01,-2.513783128351119167e-01,2.963778969112865758e-01,-4.857869309763604426e-01,-3.892243357747731114e-01,4.986857957655800866e-01,5.406204082376219189e-01,-2.959833917163572914e-01,1.000000000000000000e+00,1.448740735173568994e-01,4.103724267895473288e-01,3.014551658394053479e-01,2.070571425630039243e-03,-1.964282107953149448e-01,3.337947487365328092e-01,-2.283262269257795574e-01
3.097703806100318147e-01,5.546140887443835599e-01,-7.458584626446675969e-01,1.343057023797983307e-01,2.637598738306375368e-01,-7.058213995178228561e-01,3.201793316584484739e-01,6.638587558023081869e-02,-4.721482698232524200e-01,3.755269690323717047e-01,-1.910397394822926920e-01,-8.431806200000000473e-01,-6.461320835522222916e-01,1.184359480225372213e-01,7.681816183097355255e-01,-3.330776971317463975e-01,8.633001837911412624e-01,5.321777993979679433e-01,-5.903225461271253138e-01,-1.931529312274698476e-04,-2.130236756142824539e-01,-3.097131964362033196e-01,9.000309788075164241e-02,6.548080348623566138e-01,1.431289155577115113e-01,-3.463515238886750169e-01,-3.609791692831592624e-01,-8.257403055818957061e-01,5.069129856957809155e-01,-5.464612728634973271e-01,-8.729220324627355865e-01,1.448740735173568994e-01,1.000000000000000000e+00,-1.225191199215869831e-01,1.254388194765660991e-01,-3.950346288110820336e-01,-8.485343175580981612e-01,7.602343748828446768e-02,-6.048497735715946400e-01
7.975347780326765834e-01,6.480526448886481106e-02,5.273978233805624166e-02,-5.342554640465954074e-01,-3.294493323550022335e-01,-1.564734979819886185e-01,-1.759304696436354287e-01,-3.865219604454987468e-01,-2.667622628516517769e-01,5.119243369533458266e-01,-4.009304791287080505e-01,-2.827198800000000345e-01,-3.920596335414393563e-01,-9.175363227805147792e-01,4.181955022559054325e-02,-7.845574849797152250e-01,-1.316727758377237156e-01,2.307204606966806737e-01,4.094122004671679228e-03,-6.631079390068111978e-02,-6.977163994066085673e-01,4.005937306053632962e-01,-5.689225726281550433e-01,3.671324053886914629e-01,-7.954419851902145844e-01,7.291015296974638626e-02,-5.719471281520405181e-01,8.239873344032955238e-02,1.962992052234422968e-01,1.703144549687780895e-01,1.727129679079002778e-01,4.103724267895473288e-01,-1.225191199215869831e-01,1.000000000000000000e+00,-6.489577425570951519e-01,2.233062176340966376e-01,-2.477382390431688286e-01,6.652447487608805776e-01,-5.796340625892841825e-01
-3.709856181567303679e-01,-6.096404984609027355e-01,3.441025238439591183e-01,2.025708180210198106e-01,8.004265680660993532e-01,5.129270670326561143e-01,8.673979545117332934e-02,-2.025323102968828171e-01,-4.108771862043187895e-01,-7.747456229899776226e-01,6.813960890474102250e-01,1.590894000000000474e-01,5.429348715535352587e-01,6.414789746540634496e-01,2.246102823750937075e-02,6.804342680941611876e-01,-5.562495845289737451e-02,6.702283426572527847e-02,-3.987846638394157983e-01,-6.957464628814462593e-01,6.851702897460123509e-01,3.379900400492934498e-01,-6.680507668037866109e-02,-1.801862444198437663e-02,6.188750659279373956e-01,3.112155421264098387e-01,3.595502096083463273e-01,-3.268103487432989507e-01,6.806042128508837941e-02,4.569548112787334970e-01,-1.984618337530975329e-01,3.014551658394053479e-01,1.254388194765660991e-01,-6.489577425570951519e-01,1.000000000000000000e+00,1.534487277852848545e-02,3.012283991982994125e-01,-3.806559361103292738e-01,3.656348531511491307e-01
-5.632130248605730222e-02,-5.087561617952776061e-01,6.570484801410736431e-01,-7.039654728524868954e-01,2.264603259897775278e-01,5.295307698049138700e-01,2.281616503689666564e-01,8.997952866445602105e-02,3.885082415807004919e-02,-3.654662412813352579e-01,4.159321459833234536e-02,4.477500599999999498e-01,5.166711960016032723e-01,-2.183973722296179421e-01,-4.688063134922298425e-01,1.837409639440332199e-01,-4.593826546825464652e-01,-1.514102596593892569e-01,1.321348779426584630e-01,-2.401763156737099780e-01,2.948226408424299838e-01,4.685013624435171997e-01,1.279610426497403142e-01,-4.229251701821860054e-01,-2.975739908715826498e-01,6.195073136929414304e-01,5.160244827014910385e-01,4.656103331311534643e-01,-4.326490255281432162e-01,3.827856724358218443e-01,6.295714005760414400e-01,2.070571425630039243e-03,-3.950346288110820336e-01,2.233062176340966376e-01,1.534487277852848545e-02,1.000000000000000000e+00,4.930941903368440959e-01,-1.296514794109429047e-01,-6.497457390131554378e-02
-6.199449023418690530e-01,-7.623309376394983294e-01,8.422420949402641410e-01,-1.242748002178570149e-01,8.428338514090107092e-02,9.199238788472364758e-01,-2.383149977775159967e-01,1.243057104277128094e-02,4.172187673509896721e-01,-7.737996992371829474e-01,5.344761822278659702e-01,9.706307400000000474e-01,9.279786448057264492e-01,2.743220613096216121e-01,-7.735640992107111202e-01,7.343161511809284114e-01,-8.631009602299980488e-01,-6.272117165278597861e-01,3.243937647676808922e-01,-1.964234114356173955e-01,6.408660015288866196e-01,3.293448422673722065e-01,8.380021076109409051e-02,-8.076249428702615418e-01,1.741392017045659824e-01,4.552498037695656419e-01,7.023511942714032452e-01,7.056004644740733189e-01,-5.892113267770375806e-01,6.364866897438081761e-01,8.442165101581573516e-01,-1.964282107953149448e-01,-8.485343175580981612e-01,-2.477382390431688286e-01,3.012283991982994125e-01,4.930941903368440959e-01,1.000000000000000000e+00,-3.895024328888488374e-01,6.825782263493065383e-01
7.137083319616874810e-01,1.755624733458865938e-01,-1.529919656170347642e-01,-1.828264130238013985e-01,-2.366207767512508442e-02,-3.142721800625297712e-01,-1.830617554036103323e-01,-5.458715821965920423e-02,-3.499826461933658872e-01,5.152655541676744999e-01,-4.918438438315455019e-01,-4.438377599999999701e-01,-4.039610672888554466e-01,-7.268182135585127268e-01,7.759461379586625462e-02,-7.024480955978571473e-01,2.524043700971647652e-01,1.581108788383406016e-01,1.563765459524856793e-01,-4.748468097436427462e-03,-6.604313268803175818e-01,2.787540815975482200e-01,-4.149097723213875932e-01,3.930281604609011659e-01,-7.183368423475351427e-01,2.163047034972192251e-01,-5.310326641354401467e-01,-1.379937480914206552e-02,4.579154754595239907e-01,-8.243001096738213074e-02,-1.343255589852206666e-01,3.337947487365328092e-01,7.602343748828446768e-02,6.652447487608805776e-01,-3.806559361103292738e-01,-1.296514794109429047e-01,-3.895024328888488374e-01,1.000000000000000000e+00,-2.939619449507486215e-01
-6.163112098694280006e-01,-4.142859654342282427e-01,4.647612283730603311e-01,2.523559180218266085e-01,1.522706088123683410e-01,5.237239243193314575e-01,-1.168590493138370878e-01,2.838143824679623672e-01,3.900361932709472401e-01,-4.867623990813396695e-01,2.095560366279460296e-01,6.628395400000000048e-01,6.868498452980944524e-01,4.342049486663248081e-01,-6.732895715063373920e-01,6.394488814009633426e-01,-3.720709348631539015e-01,-6.000764432116020286e-01,4.974553121711021153e-01,1.335370005578071992e-02,4.863800898607362200e-01,2.363883050967953425e-02,3.009528949246572660e-01,-6.434922144631176621e-01,2.895344141252468861e-01,3.382126604710748441e-01,5.550817008992243728e-01,5.662642939680500032e-01,-3.648770468760714203e-01,2.140016749779853900e-01,3.821668926834109747e-01,-2.283262269257795574e-01,-6.048497735715946400e-01,-5.796340625892841825e-01,3.656348531511491307e-01,-6.497457390131554378e-02,6.825782263493065383e-01,-2.939619449507486215e-01,1.000000000000000000e+00
