1.0,0.082051482290774164,0.63490632195961272,0.27357803796588687,0.12524834106209226,-0.38074709127747758,0.41672411420651118,0.38037854287592815,0.30498100554777974,-0.38138145528348277,0.52302063224262907,-0.33273525999999998,-0.59822738889180449,0.6924466740355546,-0.21829169946963611,-0.31494719078303796,-0.59180523267759644,-0.40118730797956181,-0.56545213303387287,-0.41814822957130993,0.36259573920683968,0.27073223366516114,0.22611888809526873,0.17124591391714619,0.18509986831161945,0.79345725106925613,-0.26490390421210191,-0.0097132959392140505,0.31086240582585517,0.060422577350437531,-0.13894483598888976,-0.36995155983157485,0.38386698304169686,0.47597687617240497,0.026188363059890002,0.56485352696227298,0.77197484078843726,0.25813507712948913,-0.15690115016736755
0.082051482290774164,1.0,0.37327249909139248,-0.071154773825485365,0.55412609508605448,-0.31579664901307575,0.26342393082489524,0.72355124849509678,0.59315575168223855,-0.52349647634741781,-0.37576141062717588,-0.63706706000000002,0.166266157315763,0.38617016189591696,-0.028144693757693962,-0.60565926128528313,-0.4563068965393533,-0.4816147673024947,-0.45371395720289337,-0.70703100828482635,-0.14214047478298261,0.42896470898190553,-0.36998930528313051,0.40212515914108377,-0.4083880988346677,-0.1496925024615717,-0.47460921855526572,-0.21940365533607725,-0.5179930969481934,-0.24776338631690839,-0.61770721350041446,0.10791547094843446,0.65744857627619557,0.53941899081578426,0.099178401725409038,0.0070631794715186593,-0.34210087887708918,-0.10013670823161364,-0.41350079599559963
0.63490632195961272,0.37327249909139248,1.0,0.26988532420084921,-0.064863802212842825,-0.82506858587059917,0.057093982615580588,0.64325007189091155,0.36428280848560463,-0.5368062557110993,0.31163416292283908,-0.65383254000000002,-0.5668481270745227,0.82581825861780844,0.041931943126192889,-0.53932475110963229,-0.98169736800050211,-0.51160810812807833,-0.95524956557850538,-0.44282333368103705,-0.17054472101117624,0.43459435562628873,-0.46646684392775906,0.45261532056662168,-0.36020710135316591,0.37681097123144175,-0.22451484288851919,0.16367924189326102,0.1657436450887356,-0.45708896731201204,-0.16725907515802191,-0.085286518514374798,0.72056520443749539,0.89086158412526417,0.71769368252410959,0.25045283118405548,0.40826724961196204,0.039115803390952955,-0.66869541339163419
0.27357803796588687,-0.071154773825485365,0.26988532420084921,1.0,0.053332786384198076,-0.40139595614217016,-0.024624528824445213,0.048542745204623858,-0.056141783100603408,0.045843781900303082,-0.12116442092778493,-0.13281427999999995,-0.44325021861166652,0.0020976491434698901,0.22494178147960223,0.013127009877341955,-0.2409745972274483,0.05455799181136757,-0.26832072030301013,-0.16208727650301055,-0.22189312737370792,-0.27029957270120997,-0.11205012760789465,0.020540703395179549,0.013083012354952942,0.16362728812044497,-0.20067495007206487,-0.36451717668472045,0.17287496138511768,-0.51247127649737401,-0.12055901801257682,-0.373243781449144,0.15438399332226554,0.29299470266821614,0.097853670000464188,0.13945992997506859,0.10087734065413903,0.61733228583297983,-0.10525399746474526
0.12524834106209226,0.55412609508605448,-0.064863802212842825,0.053332786384198076,1.0,-0.079459013605395895,0.30798322634733372,0.52997933396416852,0.72681683161874988,-0.4187848540423284,-0.68435173100287927,-0.41113805999999997,0.38080092015606976,-0.006361028570458979,-0.0038919865158377419,-0.50326844413884397,-0.047023464211929378,-0.50134518968581265,-0.14345406389277826,-0.75900631337284019,-0.021579259158147512,-0.11471810304009716,-0.17320115799085958,-0.036443381185120166,-0.10191800934364598,-0.13863773925300918,-0.62252523222738632,-0.73256248838735816,-0.59169742101338163,-0.14369696958288014,-0.84927654320912105,-0.054776492025844309,0.42593174123914124,0.10968599036207061,-0.44764484520507525,0.26772907891270697,-0.37854795559438664,0.32226094057672411,-0.12818951841935333
-0.38074709127747758,-0.31579664901307575,-0.82506858587059917,-0.40139595614217016,-0.079459013605395895,1.0,0.12351367402063479,-0.59318997737712753,-0.25223249249504043,0.44288355008337371,0.0031983069959953133,0.62947101999999999,0.52425930569756241,-0.44710256359706035,-0.13031185400967685,0.5002155848160873,0.84209645033972991,0.36199462737421684,0.90249413659584399,0.42244787874252071,0.55996491718021391,0.027751488408536473,0.70094140121725257,-0.026380957269459281,0.49343119707580979,-0.072012654163003717,0.10388704481623973,0.246416591800315,-0.023321452939255603,0.82194528530200628,0.19645471604857656,0.14309439061456219,-0.68451940510064513,-0.77761271048717739,-0.75349460217838304,0.10050978582913264,-0.1630935169765427,-0.34753556746617759,0.8354600478979578
0.41672411420651118,0.26342393082489524,0.057093982615580588,-0.024624528824445213,0.30798322634733372,0.12351367402063479,1.0,0.44552965279329948,-0.039873039942619946,-0.69291349257002155,0.22034930538041642,-0.519038,0.056320592028563737,0.25492250522930493,-0.87088464185748826,-0.58811533781213232,-0.16086568830512926,0.2073965597246743,-0.12445307678642192,-0.62308433689660436,0.016690702008440084,0.51440628765967844,0.51193153291902549,-0.12832768613515111,-0.25027264398246718,0.065399983369392706,-0.046369715038018566,-0.27134397194552262,-0.54497948233449034,0.13618868611405666,0.057021993157272632,-0.59284081465798066,0.45280626405261243,0.24244658330853774,-0.37827956309472272,0.37283461172445703,0.34061762112887695,-0.28924989557505137,-0.12939269380929147
0.38037854287592815,0.72355124849509678,0.64325007189091155,0.048542745204623858,0.52997933396416852,-0.59318997737712753,0.44552965279329948,1.0,0.57858411653622732,-0.86415268494995257,-0.18861975243222273,-0.91793926000000003,-0.031975335174156544,0.64504028087409193,-0.28800847008314917,-0.92355683555095502,-0.7556697628232778,-0.49761914175633543,-0.77714248747323245,-0.88145344242130164,-0.3349111310065207,0.47786444111799137,-0.44257465747971469,0.25851499619378204,-0.63747707569571321,-0.085143675802315605,-0.4190698181617038,-0.30280665198331363,-0.54451788824336611,-0.45784182592849432,-0.50257274682171982,-0.11709276842280433,0.93407105789024891,0.73977539964301364,0.30557666254058646,0.22588047045711362,-0.028135201071346205,-0.092326010722366667,-0.74465144749120371
0.30498100554777974,0.59315575168223855,0.36428280848560463,-0.056141783100603408,0.72681683161874988,-0.25223249249504043,-0.039873039942619946,0.57858411653622732,1.0,-0.35010040322074171,-0.4454787746270224,-0.38946541999999995,0.17932680729154188,0.45159948618161005,0.36526521859493294,-0.44137431941426758,-0.39540149983141054,-0.93852172373208143,-0.43427386926275924,-0.61027718781412199,0.23886974446319115,0.16048059676200976,-0.41598017025484407,0.52270120333071934,0.00046924783305333205,0.17491562011141534,-0.78863698569637131,-0.18447214965512992,-0.17784904918198444,-0.031249367641568215,-0.9268547883339463,0.3017359937127258,0.46965281048723218,0.35324174331346025,-0.048087998908877216,0.46129068597103517,-0.23658687598442743,0.17744185210385074,-0.15830833396934976
-0.38138145528348277,-0.52349647634741781,-0.5368062557110993,0.045843781900303082,-0.4187848540423284,0.44288355008337371,-0.69291349257002155,-0.86415268494995257,-0.35010040322074171,1.0,0.015107204403113732,0.92560854000000004,-0.00067852617312895447,-0.52077620777687728,0.60161493858025528,0.95724490684731556,0.6708770025128673,0.24751326515331781,0.68064401785761408,0.84940096684046518,0.384096816129186,-0.55818836233450608,0.20632368453677527,-0.10260026811677235,0.6651604313302949,0.12373634889379898,0.19366972906768318,0.28188074110251743,0.64031904421347297,0.35246708640314556,0.23887182513304298,0.38804043772293084,-0.90636281617888015,-0.70842125899928332,-0.20314107548353966,-0.36925270627409579,-0.13797656061592012,0.28164341964221185,0.67845934778425332
0.52302063224262907,-0.37576141062717588,0.31163416292283908,-0.12116442092778493,-0.68435173100287927,0.0031983069959953133,0.22034930538041642,-0.18861975243222273,-0.4454787746270224,0.015107204403113732,1.0,0.16314775999999998,-0.60756092588073551,0.37247417825910978,-0.3753063620236326,0.19435277051366015,-0.20990881473396644,0.24910453872230923,-0.10983053726014516,0.32379175257591891,0.34309110536269372,0.31382673517514714,0.51730244747263443,0.027133428445232314,0.27532093195443408,0.64877437116526027,0.36496570622946478,0.59471031762459803,0.56512246079828354,0.3778301074068996,0.69354687426745132,-0.331768047293936,-0.16082463724131388,0.086915534919421819,0.17825809559619399,0.16231930672585718,0.89484520637923981,-0.20934254020141355,0.11253994110206972
-0.33273525999999998,-0.63706706000000002,-0.65383254000000002,-0.13281427999999995,-0.41113805999999997,0.62947101999999999,-0.519038,-0.91793926000000003,-0.38946541999999995,0.92560854000000004,0.16314775999999998,1.0,0.028083279999999933,-0.58247672000000006,0.39588916000000007,0.97377347999999997,0.78381264000000006,0.31377758,0.79909059999999998,0.86809099999999995,0.50854526,-0.53278168000000004,0.45209144000000001,-0.16343836,0.80027465999999992,0.2198119999999999,0.24289424000000004,0.32599479999999992,0.62041053999999995,0.59195550000000008,0.34739867999999996,0.19968370000000002,-0.99211813999999998,-0.83172915999999997,-0.39901470000000006,-0.19315813999999998,0.028798579999999907,0.20076120000000008,0.83762398000000005
-0.59822738889180449,0.166266157315763,-0.5668481270745227,-0.44325021861166652,0.38080092015606976,0.52425930569756241,0.056320592028563737,-0.031975335174156544,0.17932680729154188,-0.00067852617312895447,-0.60756092588073551,0.028083279999999933,1.0,-0.29650496758869788,0.024410768461246797,-0.098630584909412941,0.46929130938036301,0.035372904569259393,0.45488737201861934,-0.10553405328558429,0.019368659629469067,0.097703004372839408,-0.032507830863067119,0.015902768094917925,-0.19150480441908863,-0.59821920360290803,-0.074258981696649726,-0.14929613144393872,-0.57124542210872287,0.21143989674172983,-0.29213133074802511,0.45905817365074253,-0.075283302985089992,-0.4099208181802006,-0.3894999090706599,-0.14688963297630359,-0.69129758629011162,-0.36287747335957932,0.1780906907946061
0.6924466740355546,0.38617016189591696,0.82581825861780844,0.0020976491434698901,-0.006361028570458979,-0.44710256359706035,0.25492250522930493,0.64504028087409193,0.45159948618161005,-0.52077620777687728,0.37247417825910978,-0.58247672000000006,-0.29650496758869788,1.0,-0.095254767629291609,-0.55297088450832121,-0.81400716285050545,-0.56123510282333267,-0.73703508659823469,-0.46155352919764114,0.20914982964668757,0.72704858356082558,-0.18590447494825338,0.60820461683253613,-0.25388594694995559,0.43737121354065012,-0.31824619594102832,0.33188072809129526,0.10271715711256853,-0.048350983934775577,-0.22199343660753723,0.13897635536354352,0.6322500554630538,0.69759383139932452,0.43826181696743893,0.39560198956731091,0.40190231297486118,-0.25439998977672035,-0.44602919059596197
-0.21829169946963611,-0.028144693757693962,0.041931943126192889,0.22494178147960223,-0.0038919865158377419,-0.13031185400967685,-0.87088464185748826,-0.28800847008314917,0.36526521859493294,0.60161493858025528,-0.3753063620236326,0.39588916000000007,0.024410768461246797,-0.095254767629291609,1.0,0.47183235689331127,0.059996124672460127,-0.45376486306590263,0.028909554382940114,0.33034587939423449,0.18938864047900381,-0.4174291138061807,-0.48011887388087127,0.36948606544419449,0.34875341202399979,0.1096200498391592,-0.32769495553684991,0.1380270436493034,0.48826584033008552,-0.094593061230561729,-0.41610574843528264,0.60426113251594349,-0.30550369721965442,-0.12018838536270691,0.19283182521381914,-0.14802582848883986,-0.37158485041831424,0.44295405891105138,0.21074626247386888
-0.31494719078303796,-0.60565926128528313,-0.53932475110963229,0.013127009877341955,-0.50326844413884397,0.5002155848160873,-0.58811533781213232,-0.92355683555095502,-0.44137431941426758,0.95724490684731556,0.19435277051366015,0.97377347999999997,-0.098630584909412941,-0.55297088450832121,0.47183235689331127,1.0,0.68526004927553141,0.33429497802258168,0.70648205789194496,0.89226811134834472,0.43358257558880703,-0.5404222276507733,0.37378633939590472,-0.11814639513037739,0.76620452398406513,0.24458513029621759,0.26088217663763291,0.35071430627213362,0.69777611008704976,0.46675842245448523,0.38382197749908553,0.17794685782924652,-0.95827439466715891,-0.72213451150353825,-0.26319998892442437,-0.25438214369137424,0.049427269847655615,0.26378162569779212,0.77113720139490216
-0.59180523267759644,-0.4563068965393533,-0.98169736800050211,-0.2409745972274483,-0.047023464211929378,0.84209645033972991,-0.16086568830512926,-0.7556697628232778,-0.39540149983141054,0.6708770025128673,-0.20990881473396644,0.78381264000000006,0.46929130938036301,-0.81400716285050545,0.059996124672460127,0.68526004927553141,1.0,0.49982899688970595,0.98534437437238109,0.57191488322543416,0.28153148698191344,-0.47561750493430499,0.51180918628308492,-0.4003735407785044,0.50218258973841567,-0.24262663035744453,0.23358762374160852,-0.051311860976761992,0.019226768999877186,0.53178830768923868,0.22018213440370016,0.11428979227773317,-0.83694863727598157,-0.93435813180933969,-0.70074094156166367,-0.24329361744782774,-0.32191737027581852,0.017353208587907898,0.76791219906156472
-0.40118730797956181,-0.4816147673024947,-0.51160810812807833,0.05455799181136757,-0.50134518968581265,0.36199462737421684,0.2073965597246743,-0.49761914175633543,-0.93852172373208143,0.24751326515331781,0.24910453872230923,0.31377758,0.035372904569259393,-0.56123510282333267,-0.45376486306590263,0.33429497802258168,0.49982899688970595,1.0,0.52328693056465736,0.43474186639889434,-0.27682999695163685,-0.16233613461811769,0.47547075897610602,-0.57375665005488574,-0.057516507893473637,-0.30684815563207979,0.70777722298280321,-0.018764630882246214,-0.075548143522121219,0.037354014690386239,0.80570856519438017,-0.35952136369352583,-0.41154717815696196,-0.41039273239868113,-0.15556459160247682,-0.46725957913782573,0.09318801161265608,-0.18052045874488681,0.1939628086050825
-0.56545213303387287,-0.45371395720289337,-0.95524956557850538,-0.26832072030301013,-0.14345406389277826,0.90249413659584399,-0.12445307678642192,-0.77714248747323245,-0.43427386926275924,0.68064401785761408,-0.10983053726014516,0.79909059999999998,0.45488737201861934,-0.73703508659823469,0.028909554382940114,0.70648205789194496,0.98534437437238109,0.52328693056465736,1.0,0.61085835074054839,0.36205629973913678,-0.34710873703277823,0.58358013187209667,-0.30267696730556604,0.52053817973238536,-0.19197876828685093,0.24846259839916132,0.081418651681323603,0.063405605448728641,0.61987827425286024,0.28427716111947426,0.13875311777032664,-0.85474250643791783,-0.92025000433540216,-0.68953843915093438,-0.20725216199058316,-0.26911000886511321,-0.090375544833896371,0.81443470456199329
-0.41814822957130993,-0.70703100828482635,-0.44282333368103705,-0.16208727650301055,-0.75900631337284019,0.42244787874252071,-0.62308433689660436,-0.88145344242130164,-0.61027718781412199,0.84940096684046518,0.32379175257591891,0.86809099999999995,-0.10553405328558429,-0.46155352919764114,0.33034587939423449,0.89226811134834472,0.57191488322543416,0.43474186639889434,0.61085835074054839,1.0,0.22324313228468423,-0.37272129269228094,0.23355497441723522,-0.13739601304235283,0.49280904032830192,0.055724714431986323,0.52573344475166428,0.5484949552239845,0.6601476491590782,0.36779637853252878,0.62379857530015537,0.25455728316458598,-0.87198882911640019,-0.63263816664708317,0.037106269842028694,-0.33773527009322463,0.058921650343886106,-0.040317561571269492,0.54831273749006681
0.36259573920683968,-0.14214047478298261,-0.17054472101117624,-0.22189312737370792,-0.021579259158147512,0.55996491718021391,0.016690702008440084,-0.3349111310065207,0.23886974446319115,0.384096816129186,0.34309110536269372,0.50854526,0.019368659629469067,0.20914982964668757,0.18938864047900381,0.43358257558880703,0.28153148698191344,-0.27682999695163685,0.36205629973913678,0.22324313228468423,1.0,0.15506630427194534,0.6029990304021936,0.37582632116867248,0.79251914294604742,0.69563679723045935,-0.32606249784389252,0.43235595268939314,0.49346251813658998,0.86728687974103091,-0.12149727799417565,0.22415291335405707,-0.46584925819225764,-0.37035461563915145,-0.5327833615991765,0.42031266820419105,0.33365329686103201,-0.003969161816243948,0.73866494669410643
0.27073223366516114,0.42896470898190553,0.43459435562628873,-0.27029957270120997,-0.11471810304009716,0.027751488408536473,0.51440628765967844,0.47786444111799137,0.16048059676200976,-0.55818836233450608,0.31382673517514714,-0.53278168000000004,0.097703004372839408,0.72704858356082558,-0.4174291138061807,-0.5404222276507733,-0.47561750493430499,-0.16233613461811769,-0.34710873703277823,-0.37272129269228094,0.15506630427194534,1.0,0.076594310240726271,0.58716493976279582,-0.40251280822765045,0.045981904018808244,-0.11942378616599908,0.46684850295931046,-0.26540347885278215,0.18861867756777195,0.014468471577279464,0.11391664183246319,0.51242438407887214,0.49719426612960271,0.2093556388906615,0.33498775366630884,0.15091039177703269,-0.76815218834595067,-0.2478885063638816
0.22611888809526873,-0.36998930528313051,-0.46646684392775906,-0.11205012760789465,-0.17320115799085958,0.70094140121725257,0.51193153291902549,-0.44257465747971469,-0.41598017025484407,0.20632368453677527,0.51730244747263443,0.45209144000000001,-0.032507830863067119,-0.18590447494825338,-0.48011887388087127,0.37378633939590472,0.51180918628308492,0.47547075897610602,0.58358013187209667,0.23355497441723522,0.6029990304021936,0.076594310240726271,1.0,-0.19518479079218945,0.58444633190093043,0.4287102929939442,0.17336999654335952,0.14969306986334927,0.17673691206518388,0.75751295585498046,0.43166573825000321,-0.41738723179309534,-0.50050174471514974,-0.49760492205083467,-0.72042875279506657,0.25664187451284398,0.50589340766900781,-0.09719621658747761,0.69969662781350628
0.17124591391714619,0.40212515914108377,0.45261532056662168,0.020540703395179549,-0.036443381185120166,-0.026380957269459281,-0.12832768613515111,0.25851499619378204,0.52270120333071934,-0.10260026811677235,0.027133428445232314,-0.16343836,0.015902768094917925,0.60820461683253613,0.36948606544419449,-0.11814639513037739,-0.4003735407785044,-0.57375665005488574,-0.30267696730556604,-0.13739601304235283,0.37582632116867248,0.58716493976279582,-0.19518479079218945,1.0,0.0607973240411274,0.2716077003131519,-0.45389917543013641,0.52616659148622136,0.18452713379749852,0.19631618700723641,-0.3668009306531369,0.35877169065134817,0.22685191327221071,0.38591375647058002,0.21545208467486177,0.45437205189987867,-0.053361433115494905,-0.25947619976783376,0.075696083726352517
0.18509986831161945,-0.4083880988346677,-0.36020710135316591,0.013083012354952942,-0.10191800934364598,0.49343119707580979,-0.25027264398246718,-0.63747707569571321,0.00046924783305333205,0.6651604313302949,0.27532093195443408,0.80027465999999992,-0.19150480441908863,-0.25388594694995559,0.34875341202399979,0.76620452398406513,0.50218258973841567,-0.057516507893473637,0.52053817973238536,0.49280904032830192,0.79251914294604742,-0.40251280822765045,0.58444633190093043,0.0607973240411274,1.0,0.67168745647642369,-0.13865694564953299,0.22339666022586194,0.67912687480622547,0.70031085726240383,0.034476060582380591,-0.038671267915632003,-0.75196325655342133,-0.56765847203504893,-0.56477166231460785,0.24910980787973944,0.33529087673016206,0.41669713552720283,0.86456515655028954
0.79345725106925613,-0.1496925024615717,0.37681097123144175,0.16362728812044497,-0.13863773925300918,-0.072012654163003717,0.065399983369392706,-0.085143675802315605,0.17491562011141534,0.12373634889379898,0.64877437116526027,0.2198119999999999,-0.59821920360290803,0.43737121354065012,0.1096200498391592,0.24458513029621759,-0.24262663035744453,-0.30684815563207979,-0.19197876828685093,0.055724714431986323,0.69563679723045935,0.045981904018808244,0.4287102929939442,0.2716077003131519,0.67168745647642369,1.0,-0.22343552459456967,0.29490091119188211,0.70776249617306664,0.42615845691615439,0.019376656464164269,-0.23014949876681329,-0.14468865751916946,0.093397995475656248,-0.12431890258208222,0.45091720580985317,0.80171899160345994,0.35635202806656507,0.32995103975723028
-0.26490390421210191,-0.47460921855526572,-0.22451484288851919,-0.20067495007206487,-0.62252523222738632,0.10388704481623973,-0.046369715038018566,-0.4190698181617038,-0.78863698569637131,0.19366972906768318,0.36496570622946478,0.24289424000000004,-0.074258981696649726,-0.31824619594102832,-0.32769495553684991,0.26088217663763291,0.23358762374160852,0.70777722298280321,0.24846259839916132,0.52573344475166428,-0.32606249784389252,-0.11942378616599908,0.17336999654335952,-0.45389917543013641,-0.13865694564953299,-0.22343552459456967,1.0,0.17253738582324935,0.16249357258688193,-0.046145298217529718,0.80243087014178904,-0.13648586306945387,-0.30444873990997612,-0.24319280248655856,0.21312286433045147,-0.47173281153093233,0.19254445461673747,-0.23978368182635521,-0.033340141071629921
-0.0097132959392140505,-0.21940365533607725,0.16367924189326102,-0.36451717668472045,-0.73256248838735816,0.246416591800315,-0.27134397194552262,-0.30280665198331363,-0.18447214965512992,0.28188074110251743,0.59471031762459803,0.32599479999999992,-0.14929613144393872,0.33188072809129526,0.1380270436493034,0.35071430627213362,-0.051311860976761992,-0.018764630882246214,0.081418651681323603,0.5484949552239845,0.43235595268939314,0.46684850295931046,0.14969306986334927,0.52616659148622136,0.22339666022586194,0.29490091119188211,0.17253738582324935,1.0,0.52926509159480362,0.49133994587286117,0.42337220036084217,0.35994215028589382,-0.3045711270082469,-0.031160700162857404,0.30926348754465849,0.089879637295922549,0.27095970349192638,-0.54904398882482752,0.26342612103909713
0.31086240582585517,-0.5179930969481934,0.1657436450887356,0.17287496138511768,-0.59169742101338163,-0.023321452939255603,-0.54497948233449034,-0.54451788824336611,-0.17784904918198444,0.64031904421347297,0.56512246079828354,0.62041053999999995,-0.57124542210872287,0.10271715711256853,0.48826584033008552,0.69777611008704976,0.019226768999877186,-0.075548143522121219,0.063405605448728641,0.6601476491590782,0.49346251813658998,-0.26540347885278215,0.17673691206518388,0.18452713379749852,0.67912687480622547,0.70776249617306664,0.16249357258688193,0.52926509159480362,1.0,0.29273970086983842,0.31062764756130617,0.10990910780656026,-0.54821686277134773,-0.18734630220650283,0.17192547895201055,0.052422178559898169,0.52838003084652652,0.34660238727001602,0.40512126645080787
0.060422577350437531,-0.24776338631690839,-0.45708896731201204,-0.51247127649737401,-0.14369696958288014,0.82194528530200628,0.13618868611405666,-0.45784182592849432,-0.031249367641568215,0.35246708640314556,0.3778301074068996,0.59195550000000008,0.21143989674172983,-0.048350983934775577,-0.094593061230561729,0.46675842245448523,0.53178830768923868,0.037354014690386239,0.61987827425286024,0.36779637853252878,0.86728687974103091,0.18861867756777195,0.75751295585498046,0.19631618700723641,0.70031085726240383,0.42615845691615439,-0.046145298217529718,0.49133994587286117,0.29273970086983842,1.0,0.15666745086434222,0.11801923405742029,-0.59671075785577787,-0.57973991777131928,-0.63381758364766938,0.32368855251108375,0.25462427941120802,-0.29222987225541336,0.81716902035698402
-0.13894483598888976,-0.61770721350041446,-0.16725907515802191,-0.12055901801257682,-0.84927654320912105,0.19645471604857656,0.057021993157272632,-0.50257274682171982,-0.9268547883339463,0.23887182513304298,0.69354687426745132,0.34739867999999996,-0.29213133074802511,-0.22199343660753723,-0.41610574843528264,0.38382197749908553,0.22018213440370016,0.80570856519438017,0.28427716111947426,0.62379857530015537,-0.12149727799417565,0.014468471577279464,0.43166573825000321,-0.3668009306531369,0.034476060582380591,0.019376656464164269,0.80243087014178904,0.42337220036084217,0.31062764756130617,0.15666745086434222,1.0,-0.30226502161398899,-0.40923641338769323,-0.2406279245490566,0.1778983011212939,-0.3137158742151297,0.46354650928844704,-0.31090060345077608,0.12154356996623908
-0.36995155983157485,0.10791547094843446,-0.085286518514374798,-0.373243781449144,-0.054776492025844309,0.14309439061456219,-0.59284081465798066,-0.11709276842280433,0.3017359937127258,0.38804043772293084,-0.331768047293936,0.19968370000000002,0.45905817365074253,0.13897635536354352,0.60426113251594349,0.17794685782924652,0.11428979227773317,-0.35952136369352583,0.13875311777032664,0.25455728316458598,0.22415291335405707,0.11391664183246319,-0.41738723179309534,0.35877169065134817,-0.038671267915632003,-0.23014949876681329,-0.13648586306945387,0.35994215028589382,0.10990910780656026,0.11801923405742029,-0.30226502161398899,1.0,-0.16639191463793468,-0.17444747079001566,0.20947177889033319,-0.31723177505200784,-0.54379322980313916,-0.28011207866445698,0.042447590725324308
0.38386698304169686,0.65744857627619557,0.72056520443749539,0.15438399332226554,0.42593174123914124,-0.68451940510064513,0.45280626405261243,0.93407105789024891,0.46965281048723218,-0.90636281617888015,-0.16082463724131388,-0.99211813999999998,-0.075283302985089992,0.6322500554630538,-0.30550369721965442,-0.95827439466715891,-0.83694863727598157,-0.41154717815696196,-0.85474250643791783,-0.87198882911640019,-0.46584925819225764,0.51242438407887214,-0.50050174471514974,0.22685191327221071,-0.75196325655342133,-0.14468865751916946,-0.30444873990997612,-0.3045711270082469,-0.54821686277134773,-0.59671075785577787,-0.40923641338769323,-0.16639191463793468,1.0,0.86672568970080099,0.43356084651817683,0.22374373116383259,-0.0074227412019811229,-0.13820829776835358,-0.8374823889459716
0.47597687617240497,0.53941899081578426,0.89086158412526417,0.29299470266821614,0.10968599036207061,-0.77761271048717739,0.24244658330853774,0.73977539964301364,0.35324174331346025,-0.70842125899928332,0.086915534919421819,-0.83172915999999997,-0.4099208181802006,0.69759383139932452,-0.12018838536270691,-0.72213451150353825,-0.93435813180933969,-0.41039273239868113,-0.92025000433540216,-0.63263816664708317,-0.37035461563915145,0.49719426612960271,-0.49760492205083467,0.38591375647058002,-0.56765847203504893,0.093397995475656248,-0.24319280248655856,-0.031160700162857404,-0.18734630220650283,-0.57973991777131928,-0.2406279245490566,-0.17444747079001566,0.86672568970080099,1.0,0.62814693337296512,0.22759680462400816,0.18503726041805243,-0.081145340648404229,-0.75310244512855673
0.026188363059890002,0.099178401725409038,0.71769368252410959,0.097853670000464188,-0.44764484520507525,-0.75349460217838304,-0.37827956309472272,0.30557666254058646,-0.048087998908877216,-0.20314107548353966,0.17825809559619399,-0.39901470000000006,-0.3894999090706599,0.43826181696743893,0.19283182521381914,-0.26319998892442437,-0.70074094156166367,-0.15556459160247682,-0.68953843915093438,0.037106269842028694,-0.5327833615991765,0.2093556388906615,-0.72042875279506657,0.21545208467486177,-0.56477166231460785,-0.12431890258208222,0.21312286433045147,0.30926348754465849,0.17192547895201055,-0.63381758364766938,0.1778983011212939,0.20947177889033319,0.43356084651817683,0.62814693337296512,1.0,-0.27449542764378121,0.053049664960281517,-0.15269588638280795,-0.73110994121813833
0.56485352696227298,0.0070631794715186593,0.25045283118405548,0.13945992997506859,0.26772907891270697,0.10050978582913264,0.37283461172445703,0.22588047045711362,0.46129068597103517,-0.36925270627409579,0.16231930672585718,-0.19315813999999998,-0.14688963297630359,0.39560198956731091,-0.14802582848883986,-0.25438214369137424,-0.24329361744782774,-0.46725957913782573,-0.20725216199058316,-0.33773527009322463,0.42031266820419105,0.33498775366630884,0.25664187451284398,0.45437205189987867,0.24910980787973944,0.45091720580985317,-0.47173281153093233,0.089879637295922549,0.052422178559898169,0.32368855251108375,-0.3137158742151297,-0.31723177505200784,0.22374373116383259,0.22759680462400816,-0.27449542764378121,1.0,0.34554397740636111,-0.015724856760567393,0.20355931177457104
0.77197484078843726,-0.34210087887708918,0.40826724961196204,0.10087734065413903,-0.37854795559438664,-0.1630935169765427,0.34061762112887695,-0.028135201071346205,-0.23658687598442743,-0.13797656061592012,0.89484520637923981,0.028798579999999907,-0.69129758629011162,0.40190231297486118,-0.37158485041831424,0.049427269847655615,-0.32191737027581852,0.09318801161265608,-0.26911000886511321,0.058921650343886106,0.33365329686103201,0.15091039177703269,0.50589340766900781,-0.053361433115494905,0.33529087673016206,0.80171899160345994,0.19254445461673747,0.27095970349192638,0.52838003084652652,0.25462427941120802,0.46354650928844704,-0.54379322980313916,-0.0074227412019811229,0.18503726041805243,0.053049664960281517,0.34554397740636111,1.0,0.11693447420732472,0.056256246938460659
0.25813507712948913,-0.10013670823161364,0.039115803390952955,0.61733228583297983,0.32226094057672411,-0.34753556746617759,-0.28924989557505137,-0.092326010722366667,0.17744185210385074,0.28164341964221185,-0.20934254020141355,0.20076120000000008,-0.36287747335957932,-0.25439998977672035,0.44295405891105138,0.26378162569779212,0.017353208587907898,-0.18052045874488681,-0.090375544833896371,-0.040317561571269492,-0.003969161816243948,-0.76815218834595067,-0.09719621658747761,-0.25947619976783376,0.41669713552720283,0.35635202806656507,-0.23978368182635521,-0.54904398882482752,0.34660238727001602,-0.29222987225541336,-0.31090060345077608,-0.28011207866445698,-0.13820829776835358,-0.081145340648404229,-0.15269588638280795,-0.015724856760567393,0.11693447420732472,1.0,0.096075356521984526
-0.15690115016736755,-0.41350079599559963,-0.66869541339163419,-0.10525399746474526,-0.12818951841935333,0.8354600478979578,-0.12939269380929147,-0.74465144749120371,-0.15830833396934976,0.67845934778425332,0.11253994110206972,0.83762398000000005,0.1780906907946061,-0.44602919059596197,0.21074626247386888,0.77113720139490216,0.76791219906156472,0.1939628086050825,0.81443470456199329,0.54831273749006681,0.73866494669410643,-0.2478885063638816,0.69969662781350628,0.075696083726352517,0.86456515655028954,0.32995103975723028,-0.033340141071629921,0.26342612103909713,0.40512126645080787,0.81716902035698402,0.12154356996623908,0.042447590725324308,-0.8374823889459716,-0.75310244512855673,-0.73110994121813833,0.20355931177457104,0.056256246938460659,0.096075356521984526,1.0
