1.0,-0.44466363574191953,0.12178996000000009,-0.10640428160765357,0.17367068597171342,0.17319212408029211,0.12583413544207489,0.25281020184558894,0.62319696983039341,-0.043437426119194968,-0.47682824759333403,0.58919739075998334,0.22824147143595103,-0.23439233002237528,-0.45578600439746525,-0.18297499756998611,0.061159595702541314,-0.14910275669728176,0.097123509194155508,-0.28350315270825538,-0.029705760122721008,-0.49145944002737807,0.065643294749000117,-0.38771979956589364,-0.12354448709523144,-0.048669159962431707,0.21593519304737918,0.092953283539362219,-0.34904593864742589,-0.0011836613340822763,-0.4495491997265999,-0.33512665129267033,-0.22003775061189787,0.22854673898773825,0.40072301938514837,-0.13195995252696802,-0.38426932285765908,0.36385065828608693,0.47456266585252549
-0.44466363574191953,1.0,-0.35445784000000002,-0.051351745467653677,-0.49336444341010782,0.27362924571733704,0.054860817537263559,0.02764528376095917,-0.44502656108955396,-0.29093331573713355,0.23674713535616149,-0.56897375463867739,-0.56566371917258129,0.218140553944176,0.18553069672016997,-0.10290570538358379,0.21649350412668086,-0.35208100374170853,0.12982936380157298,0.27361223038083099,0.013391330067059988,0.051398114021429603,-0.078697208839665481,0.48922089042017869,0.41680587574279854,0.2823581926640969,-0.53586791792462773,0.051597953981910763,0.13791724115642878,0.055334956384002786,0.75027738712367342,0.20722800020154009,0.018296820622799151,0.086663654848537441,0.29464830767545308,-0.28665363893385171,-0.054854245912515587,-0.69418021757691573,-0.17772968900909125
0.12178996000000009,-0.35445784000000002,1.0,-0.82371406000000003,0.7412184799999999,-0.86887068000000001,-0.77034740000000002,-0.59477284000000008,-0.36463540000000005,0.34669846000000004,0.17283877999999997,0.17515653999999992,0.55634738000000006,-0.88056608000000003,-0.39802846000000003,-0.02842054000000005,-0.57329805999999994,0.18740055999999994,0.51471625999999993,-0.0052157200000000348,0.86756472000000007,-0.30748743999999995,-0.88381766000000006,-0.32139899999999999,-0.62986706000000003,-0.99256831999999995,0.9501467400000001,-0.41487267999999999,0.14240604000000001,-0.85265480000000005,-0.19748315999999999,-0.13273288000000005,0.30664208000000004,-0.13811492000000003,-0.22564764000000004,0.84135695999999993,0.71796078000000008,0.80890828000000004,0.15077684000000002
-0.10640428160765357,-0.051351745467653677,-0.82371406000000003,1.0,-0.44049719748791999,0.58725841961712633,0.82688019178985972,0.50016719482084226,0.39425770695461093,0.0048337906446214718,0.070970047315085258,0.060716067779871229,-0.29162297925188102,0.91334871360527337,0.61994084273476113,0.24568346728923451,0.32959707618911149,0.25998339461505959,-0.67030057490921169,-0.16571778821051708,-0.90953750749378215,0.49397123303024904,0.90633120688213298,0.051814475365323909,0.2865900212402237,0.810051957107077,-0.69826045101810275,0.11829581266308759,-0.12517471070863292,0.90721380456930467,-0.23115203414011104,0.19074680764295565,-0.2801254309804565,-0.24340603205810446,-0.0029731048621267353,-0.524152795308231,-0.47134758844539471,-0.44644563176344298,-0.28975136444968247
0.17367068597171342,-0.49336444341010782,0.7412184799999999,-0.44049719748791999,1.0,-0.75305737696818509,-0.2254749830958796,-0.04700383392443129,-0.0084088528442789173,0.76820452613039336,0.087122884324373748,0.43773008461000412,0.84488462671341102,-0.42832938313264396,-0.25122094947996249,0.56808173414855656,-0.31301172799209964,0.43114571977830446,0.0052089684379747828,-0.55359684262558972,0.34023942342303781,-0.075037735484585005,-0.56790707812869623,-0.20218423491092052,-0.88567860316079206,-0.73560956917622444,0.88325621453769143,-0.44128991841814114,-0.3848892859969289,-0.47228337839577522,-0.41041013127365628,0.39755019060824981,-0.30449571510169665,-0.46573373656165962,-0.20770267561971062,0.66581822152090153,0.41959089214885287,0.89861475912984634,-0.30071276739596053
0.17319212408029211,0.27362924571733704,-0.86887068000000001,0.58725841961712633,-0.75305737696818509,1.0,0.62644109508394119,0.49985911902908065,0.45027373372429219,-0.44340037017992795,-0.30406866465498739,-0.13995768216332607,-0.52944745862307085,0.6552961666068281,0.21424037803704246,-0.18246087042146,0.41102869591814184,-0.27817608153377849,-0.31376985961232634,0.16542007377009876,-0.69729088023810526,0.14950708097711529,0.79023537971423174,0.1861862062555997,0.62987210771201696,0.88410972216386485,-0.84407421691450668,0.45880946664310607,-0.033229291314649211,0.76480201945260706,0.091859398050350344,-0.039625085175381734,-0.22131638875802112,0.40228149431735571,0.3216924261270831,-0.80843204633894272,-0.81346878386780552,-0.70150952493989349,0.26935415627482295
0.12583413544207489,0.054860817537263559,-0.77034740000000002,0.82688019178985972,-0.2254749830958796,0.62644109508394119,1.0,0.71945999200798727,0.50297341646207461,0.2101955511511463,-0.027238980737387911,0.17728670704336377,-0.121840407671044,0.89059344439983268,0.47511586631449165,0.45184650550849925,0.36072596576560834,0.25098359170649692,-0.63124537028865402,-0.41082636985555449,-0.93052502090029798,0.34911889091852077,0.8074525102497252,0.18389160565575377,0.045751013259371767,0.75279637423098289,-0.61011968804050276,-0.020475952227573792,-0.49371182873953684,0.8676531069331691,-0.2447588658317045,0.43837347750700756,-0.60765468175591664,-0.32149054577285247,0.12612847366518587,-0.53233632892848215,-0.62926869438191146,-0.32306863733006663,-0.31653820125573212
0.25281020184558894,0.02764528376095917,-0.59477284000000008,0.50016719482084226,-0.04700383392443129,0.49985911902908065,0.71945999200798727,1.0,0.79055235103405463,0.12011909976504004,-0.54389898723888541,0.50621737146375478,0.13010255115394642,0.55763774465334526,-0.074063253515414512,0.50788280651512441,0.71898174353406241,-0.24829862785136364,-0.45512784774486392,-0.70484193075202817,-0.75190543651757058,0.068439296437163885,0.60070804538668132,0.0040994048378281056,0.15843515688148477,0.62576708292191463,-0.38279787331951104,0.48628762607940146,-0.75609555076659218,0.57726443951805184,-0.079777788783118364,0.32932845516913395,-0.91356746168714109,0.052105324130831444,0.26290429270584109,-0.72516549708164058,-0.83135268213253943,-0.19098904166595354,-0.44150323392040869
0.62319696983039341,-0.44502656108955396,-0.36463540000000005,0.39425770695461093,-0.0084088528442789173,0.45027373372429219,0.50297341646207461,0.79055235103405463,1.0,-0.005062628872685002,-0.7123600611933153,0.75823505896488586,0.21805961132039117,0.24933787431549773,-0.27102448998420392,0.17717074399264915,0.49275662973927237,-0.23067865711388263,-0.230272132658186,-0.55905807188708823,-0.57147918048441226,-0.10374146396851072,0.59206084771326439,-0.39362591785427353,0.15510060119717048,0.44602700683053281,-0.14532372174847175,0.54182209955032867,-0.58202910179899414,0.45829870628260738,-0.45800594791760796,-0.13804186728892814,-0.64979410771001067,0.27485311893132974,0.20635890432871701,-0.5960702694859773,-0.81417580712814486,0.10175969869099177,-0.0085819320932660516
-0.043437426119194968,-0.29093331573713355,0.34669846000000004,0.0048337906446214718,0.76820452613039336,-0.44340037017992795,0.2101955511511463,0.12011909976504004,-0.005062628872685002,1.0,0.43135677496176472,0.35276643806769631,0.57803069676790153,0.08507517593612432,0.36011404240785461,0.79182115769949346,-0.43921937702966429,0.76676564647351153,-0.14483536894813887,-0.50115545790433558,-0.053025780933723586,0.49346306326549444,-0.18048478889965974,-0.21790847837613797,-0.8300083005644241,-0.3926323211876846,0.50019303624475286,-0.56896991630556493,-0.27515260462619695,0.075673962825651156,-0.58131990782008558,0.68627068552142068,-0.46053213374727819,-0.68530815913623055,-0.1679042880063597,0.56280353696884233,0.25678940817519985,0.6718734034688324,-0.50157706118943923
-0.47682824759333403,0.23674713535616149,0.17283877999999997,0.070970047315085258,0.087122884324373748,-0.30406866465498739,-0.027238980737387911,-0.54389898723888541,-0.7123600611933153,0.43135677496176472,1.0,-0.40170213824483436,-0.13301598929329514,0.13714177091540491,0.76268423181208134,0.16093879586642407,-0.67576607293995061,0.71773688768654809,0.0044281468766060872,0.30313788887467291,0.18067058331189423,0.5055341301177938,-0.23083007046103532,0.032462217974532637,-0.37838405697963573,-0.27954078727001175,0.058315857233017618,-0.79329118768257967,0.51615911152607041,0.050130255032038017,-0.11276132867314498,0.32794912492339662,0.37979149079974789,-0.66054977586305041,-0.18300452804365833,0.63119603823646897,0.66701541788154528,0.070329210434089462,-0.14414545481149332
0.58919739075998334,-0.56897375463867739,0.17515653999999992,0.060716067779871229,0.43773008461000412,-0.13995768216332607,0.17728670704336377,0.50621737146375478,0.75823505896488586,0.35276643806769631,-0.40170213824483436,1.0,0.49737133667243544,-0.14563291349760171,-0.26509357542850509,0.34597851088602827,0.15685801944350042,-0.00311040555085815,0.029382356379893195,-0.73199924307898434,-0.12600438354222521,-0.17385644465441843,0.13464229163491845,-0.72626615718740495,-0.30519351896169289,-0.12073296941280341,0.36076090849449721,0.1537007652405534,-0.52412334904433722,0.067153372953471832,-0.6409956860468693,-0.16395140066413483,-0.55058009061072199,-0.096072009701516761,0.014036098813632485,-0.064669172539435729,-0.30828933931775521,0.57706624636245674,-0.14672104477465803
0.22824147143595103,-0.56566371917258129,0.55634738000000006,-0.29162297925188102,0.84488462671341102,-0.52944745862307085,-0.121840407671044,0.13010255115394642,0.21805961132039117,0.57803069676790153,-0.13301598929329514,0.49737133667243544,1.0,-0.33647024046398094,-0.34616720585099009,0.48426733114606674,-0.13076623056149483,0.27155410582210887,-0.090278236269091941,-0.54902108678241401,0.17631440247215813,-0.16226585262270918,-0.35507887162901114,-0.28627941388848094,-0.66391921734506087,-0.5270629392839512,0.71884585892469732,-0.2289806901149174,-0.46229092456211196,-0.33901578651459563,-0.40680760905224728,0.26615727848269105,-0.36339124502261455,-0.25554524325522643,-0.33853155647704736,0.41540623186806447,0.16041467499119236,0.77367734545259848,-0.16187451365411834
-0.23439233002237528,0.218140553944176,-0.88056608000000003,0.91334871360527337,-0.42832938313264396,0.6552961666068281,0.89059344439983268,0.55763774465334526,0.24933787431549773,0.08507517593612432,0.13714177091540491,-0.14563291349760171,-0.33647024046398094,1.0,0.66246257381363316,0.37846167639695416,0.35207170314248631,0.25188999447385613,-0.70973499590053313,-0.16073005225406017,-0.92939731364985334,0.56484468365873897,0.83086940577543644,0.32879870315449955,0.23909335267908249,0.84298036000407583,-0.76778595132388461,0.061952158715282743,-0.19857365025861046,0.91462506533745902,-0.028353222961729208,0.4811972285332482,-0.40745027065107192,-0.27765024107242975,0.090291028731133344,-0.54303775837054369,-0.49843814806424569,-0.5627634241868682,-0.3843640667210379
-0.45578600439746525,0.18553069672016997,-0.39802846000000003,0.61994084273476113,-0.25122094947996249,0.21424037803704246,0.47511586631449165,-0.074063253515414512,-0.27102448998420392,0.36011404240785461,0.76268423181208134,-0.26509357542850509,-0.34616720585099009,0.66246257381363316,1.0,0.28198967320658874,-0.36411284089346457,0.68123832569822895,-0.30137555432783947,0.18086022780730773,-0.4131332521789437,0.8037028477625473,0.4198834925261114,0.0049971915895862867,-0.079016914766557325,0.30729294392097967,-0.41436714133944669,-0.44526935954788283,0.35749776792183058,0.64861656102157828,-0.25246735572065698,0.38407106466294694,0.06500087760064352,-0.54854207136916655,-0.13488392560003221,0.12637554155813402,0.13180940962759993,-0.23928631715902893,-0.24828487994898374
-0.18297499756998611,-0.10290570538358379,-0.02842054000000005,0.24568346728923451,0.56808173414855656,-0.18246087042146,0.45184650550849925,0.50788280651512441,0.17717074399264915,0.79182115769949346,0.16093879586642407,0.34597851088602827,0.48426733114606674,0.37846167639695416,0.28198967320658874,1.0,0.11878598132674724,0.4405346310266543,-0.51742593816283511,-0.75074933133025434,-0.37791848359613128,0.37831416487858249,0.087728338047295032,0.033673505848539467,-0.60371678324655642,-0.0094674252287962682,0.17351831853959152,-0.24947657984831678,-0.52841654455371123,0.25793509760915834,-0.25283195134673841,0.79777308674447345,-0.74101076702910929,-0.65463105575269442,-0.21539481164549582,0.10632204969354558,-0.034403013129318573,0.31396447454533483,-0.73991997451648572
0.061159595702541314,0.21649350412668086,-0.57329805999999994,0.32959707618911149,-0.31301172799209964,0.41102869591814184,0.36072596576560834,0.71898174353406241,0.49275662973927237,-0.43921937702966429,-0.67576607293995061,0.15685801944350042,-0.13076623056149483,0.35207170314248631,-0.36411284089346457,0.11878598132674724,1.0,-0.69213645722358763,-0.45075548598872589,-0.4574572271079923,-0.50382174142910541,-0.34754502605250309,0.4228309319807273,0.31325347759681116,0.47983970952095933,0.61939102110225142,-0.47348977207622328,0.68590841873564412,-0.56865684065991662,0.22972992370534809,0.48263292601220575,0.0012872009877953478,-0.5010703061283176,0.2561700741140453,0.23324024293330511,-0.83912773276592556,-0.61370685319846596,-0.51584647687507768,-0.31807728470425678
-0.14910275669728176,-0.35208100374170853,0.18740055999999994,0.25998339461505959,0.43114571977830446,-0.27817608153377849,0.25098359170649692,-0.24829862785136364,-0.23067865711388263,0.76676564647351153,0.71773688768654809,-0.00311040555085815,0.27155410582210887,0.25188999447385613,0.68123832569822895,0.4405346310266543,-0.69213645722358763,1.0,-0.22878775925561509,-0.033328196694222427,-0.12380105297786848,0.62764823746941056,0.022162582848484741,-0.12306673238412931,-0.66440951000831472,-0.24629751757330204,0.26568510088003722,-0.76587038667015594,0.14564871602371976,0.24741644216845468,-0.64502177053810905,0.48358584263165566,0.036634674376250592,-0.71890876990847763,-0.29759856341476948,0.63577325914758176,0.41291392728499954,0.46083532209763267,-0.18283649114913744
0.097123509194155508,0.12982936380157298,0.51471625999999993,-0.67030057490921169,0.0052089684379747828,-0.31376985961232634,-0.63124537028865402,-0.45512784774486392,-0.230272132658186,-0.14483536894813887,0.0044281468766060872,0.029382356379893195,-0.090278236269091941,-0.70973499590053313,-0.30137555432783947,-0.51742593816283511,-0.45075548598872589,-0.22878775925561509,1.0,0.43674661529071268,0.71897372030069429,-0.17709013147383601,-0.53330702738194136,-0.37082307530503716,0.12068999226859829,-0.50864635321181173,0.32162224001634626,0.009672497891947851,0.35350338449754032,-0.54220561292719149,0.0067768086867363159,-0.52274155979031722,0.38949617351048699,0.43011661556859343,0.060395059572834732,0.32334161541537704,0.22544606754903709,0.22428588872602273,0.33246350189070334
-0.28350315270825538,0.27361223038083099,-0.0052157200000000348,-0.16571778821051708,-0.55359684262558972,0.16542007377009876,-0.41082636985555449,-0.70484193075202817,-0.55905807188708823,-0.50115545790433558,0.30313788887467291,-0.73199924307898434,-0.54902108678241401,-0.16073005225406017,0.18086022780730773,-0.75074933133025434,-0.4574572271079923,-0.033328196694222427,0.43674661529071268,1.0,0.34294368858131519,0.13967800518795254,-0.11949450627845733,0.16263559425058222,0.46357667045880252,-0.014277149433469168,-0.2425583600619465,-0.03051461523016484,0.83826042098384146,-0.10964562316018642,0.26184806722738635,-0.39265800655820948,0.82139091843768497,0.43351257958966971,-0.024911405190961869,0.14449821727447681,0.25482033976635354,-0.37687465586603808,0.57346549649729794
-0.029705760122721008,0.013391330067059988,0.86756472000000007,-0.90953750749378215,0.34023942342303781,-0.69729088023810526,-0.93052502090029798,-0.75190543651757058,-0.57147918048441226,-0.053025780933723586,0.18067058331189423,-0.12600438354222521,0.17631440247215813,-0.92939731364985334,-0.4131332521789437,-0.37791848359613128,-0.50382174142910541,-0.12380105297786848,0.71897372030069429,0.34294368858131519,1.0,-0.40436019492988062,-0.90890306858539061,-0.20119293497467836,-0.2498806097958064,-0.87141292635270617,0.68359099829910597,-0.25297550984693695,0.41305953123620043,-0.90824252907586245,0.16802781162887356,-0.36697659813863653,0.57130695408810817,0.12913404371571957,-0.13039022675165085,0.67522340558389249,0.70852511462318346,0.43220172171102333,0.33225172081449134
-0.49145944002737807,0.051398114021429603,-0.30748743999999995,0.49397123303024904,-0.075037735484585005,0.14950708097711529,0.34911889091852077,0.068439296437163885,-0.10374146396851072,0.49346306326549444,0.5055341301177938,-0.17385644465441843,-0.16226585262270918,0.56484468365873897,0.8037028477625473,0.37831416487858249,-0.34754502605250309,0.62764823746941056,-0.17709013147383601,0.13967800518795254,-0.40436019492988062,1.0,0.35869361639871006,-0.045450387649145323,-0.035523342471997378,0.2473231880577208,-0.24913991432635085,-0.13574559861697966,0.27019048573044063,0.59268074746011035,-0.32341647209580809,0.50790282695463229,-0.14499852496713134,-0.26172859249862551,-0.056866327054625021,0.10525089638681639,-0.022449816203239235,-0.080528558025909636,-0.40389655066366426
0.065643294749000117,-0.078697208839665481,-0.88381766000000006,0.90633120688213298,-0.56790707812869623,0.79023537971423174,0.8074525102497252,0.60070804538668132,0.59206084771326439,-0.18048478889965974,-0.23083007046103532,0.13464229163491845,-0.35507887162901114,0.83086940577543644,0.4198834925261114,0.087728338047295032,0.4228309319807273,0.022162582848484741,-0.53330702738194136,-0.11949450627845733,-0.90890306858539061,0.35869361639871006,1.0,0.0066931536249275839,0.44205941434098694,0.90031823072974138,-0.75964814797407298,0.35799520768640997,-0.1846198771960936,0.91057884593534877,-0.22120175421048693,0.016125812303973218,-0.32458478093892978,0.054528616186283865,0.043389729555435394,-0.71761390126188096,-0.72039399169681784,-0.5052309048876874,-0.063063410252062357
-0.38771979956589364,0.48922089042017869,-0.32139899999999999,0.051814475365323909,-0.20218423491092052,0.1861862062555997,0.18389160565575377,0.0040994048378281056,-0.39362591785427353,-0.21790847837613797,0.032462217974532637,-0.72626615718740495,-0.28627941388848094,0.32879870315449955,0.0049971915895862867,0.033673505848539467,0.31325347759681116,-0.12306673238412931,-0.37082307530503716,0.16263559425058222,-0.20119293497467836,-0.045450387649145323,0.0066931536249275839,1.0,0.1384950069755328,0.29454939092207033,-0.35818272786828736,-0.047908801586343627,-0.13954629397999685,9.1048492218031822e-06,0.68176021504668793,0.45071820138640417,0.017245781680951731,-0.051857799792158668,0.08915413752624203,-0.20784813296920968,0.003987673187480209,-0.52907161928614688,-0.19494538519157351
-0.12354448709523144,0.41680587574279854,-0.62986706000000003,0.2865900212402237,-0.88567860316079206,0.62987210771201696,0.045751013259371767,0.15843515688148477,0.15510060119717048,-0.8300083005644241,-0.37838405697963573,-0.30519351896169289,-0.66391921734506087,0.23909335267908249,-0.079016914766557325,-0.60371678324655642,0.47983970952095933,-0.66440951000831472,0.12068999226859829,0.46357667045880252,-0.2498806097958064,-0.035523342471997378,0.44205941434098694,0.1384950069755328,1.0,0.65874170017064426,-0.73912723625270327,0.73461146231226793,0.25780226464570449,0.28804639353046541,0.481818925256214,-0.47451064077375588,0.19185643782770131,0.72600439636385883,0.29092118785753318,-0.74346747908588051,-0.51201399262122449,-0.80595740100866498,0.19841638006339837
-0.048669159962431707,0.2823581926640969,-0.99256831999999995,0.810051957107077,-0.73560956917622444,0.88410972216386485,0.75279637423098289,0.62576708292191463,0.44602700683053281,-0.3926323211876846,-0.27954078727001175,-0.12073296941280341,-0.5270629392839512,0.84298036000407583,0.30729294392097967,-0.0094674252287962682,0.61939102110225142,-0.24629751757330204,-0.50864635321181173,-0.014277149433469168,-0.87141292635270617,0.2473231880577208,0.90031823072974138,0.29454939092207033,0.65874170017064426,1.0,-0.92777106123717568,0.49206476830513407,-0.1789611721701424,0.83418633551964649,0.17664428085574266,0.071546196430513034,-0.31984268997451709,0.21391303173921125,0.24053032621735576,-0.88389517040382815,-0.77189416354357132,-0.7850584163812695,-0.10871841406705077
0.21593519304737918,-0.53586791792462773,0.9501467400000001,-0.69826045101810275,0.88325621453769143,-0.84407421691450668,-0.61011968804050276,-0.38279787331951104,-0.14532372174847175,0.50019303624475286,0.058315857233017618,0.36076090849449721,0.71884585892469732,-0.76778595132388461,-0.41436714133944669,0.17351831853959152,-0.47348977207622328,0.26568510088003722,0.32162224001634626,-0.2425583600619465,0.68359099829910597,-0.24913991432635085,-0.75964814797407298,-0.35818272786828736,-0.73912723625270327,-0.92777106123717568,1.0,-0.36040788370503357,-0.067632738305690762,-0.73252856667036836,-0.35698465537076973,0.0062020650902927677,0.075101480915897009,-0.20976275044203016,-0.20281991940685518,0.78019538725342252,0.58598394769565221,0.92317910230715339,0.028165366787111207
0.092953283539362219,0.051597953981910763,-0.41487267999999999,0.11829581266308759,-0.44128991841814114,0.45880946664310607,-0.020475952227573792,0.48628762607940146,0.54182209955032867,-0.56896991630556493,-0.79329118768257967,0.1537007652405534,-0.2289806901149174,0.061952158715282743,-0.44526935954788283,-0.24947657984831678,0.68590841873564412,-0.76587038667015594,0.009672497891947851,-0.03051461523016484,-0.25297550984693695,-0.13574559861697966,0.35799520768640997,-0.047908801586343627,0.73461146231226793,0.49206476830513407,-0.36040788370503357,1.0,-0.13544390406622353,0.15986173615210506,0.29544543417318053,-0.32959785559749311,-0.25033603184385228,0.78363960307782998,0.30841921161400732,-0.76239032835813603,-0.66681835345421336,-0.41313455344365041,0.014609813456258905
-0.34904593864742589,0.13791724115642878,0.14240604000000001,-0.12517471070863292,-0.3848892859969289,-0.033229291314649211,-0.49371182873953684,-0.75609555076659218,-0.58202910179899414,-0.27515260462619695,0.51615911152607041,-0.52412334904433722,-0.46229092456211196,-0.19857365025861046,0.35749776792183058,-0.52841654455371123,-0.56865684065991662,0.14564871602371976,0.35350338449754032,0.83826042098384146,0.41305953123620043,0.27019048573044063,-0.1846198771960936,-0.13954629397999685,0.25780226464570449,-0.1789611721701424,-0.067632738305690762,-0.13544390406622353,1.0,-0.1047459650013806,0.071118708578644593,-0.36232635323002449,0.80277525446026732,0.17666953484408995,-0.14150130436599209,0.33805298184179372,0.462140215006689,-0.17262938081914037,0.43501296101409581
-0.0011836613340822763,0.055334956384002786,-0.85265480000000005,0.90721380456930467,-0.47228337839577522,0.76480201945260706,0.8676531069331691,0.57726443951805184,0.45829870628260738,0.075673962825651156,0.050130255032038017,0.067153372953471832,-0.33901578651459563,0.91462506533745902,0.64861656102157828,0.25793509760915834,0.22972992370534809,0.24741644216845468,-0.54220561292719149,-0.10964562316018642,-0.90824252907586245,0.59268074746011035,0.91057884593534877,9.1048492218031822e-06,0.28804639353046541,0.83418633551964649,-0.73252856667036836,0.15986173615210506,-0.1047459650013806,1.0,-0.28710595753904716,0.27499255970800146,-0.40217471638681834,-0.10632054089739285,0.16042864861007988,-0.56325419764389684,-0.63669124875095073,-0.44838342182684798,-0.16557985436157471
-0.4495491997265999,0.75027738712367342,-0.19748315999999999,-0.23115203414011104,-0.41041013127365628,0.091859398050350344,-0.2447588658317045,-0.079777788783118364,-0.45800594791760796,-0.58131990782008558,-0.11276132867314498,-0.6409956860468693,-0.40680760905224728,-0.028353222961729208,-0.25246735572065698,-0.25283195134673841,0.48263292601220575,-0.64502177053810905,0.0067768086867363159,0.26184806722738635,0.16802781162887356,-0.32341647209580809,-0.22120175421048693,0.68176021504668793,0.481818925256214,0.17664428085574266,-0.35698465537076973,0.29544543417318053,0.071118708578644593,-0.28710595753904716,1.0,0.014807974444726923,0.1772914549031577,0.28099415107801679,0.14532362323783296,-0.3274289742933868,0.05600219249845613,-0.66958715384110701,-0.10074928721118159
-0.33512665129267033,0.20722800020154009,-0.13273288000000005,0.19074680764295565,0.39755019060824981,-0.039625085175381734,0.43837347750700756,0.32932845516913395,-0.13804186728892814,0.68627068552142068,0.32794912492339662,-0.16395140066413483,0.26615727848269105,0.4811972285332482,0.38407106466294694,0.79777308674447345,0.0012872009877953478,0.48358584263165566,-0.52274155979031722,-0.39265800655820948,-0.36697659813863653,0.50790282695463229,0.016125812303973218,0.45071820138640417,-0.47451064077375588,0.071546196430513034,0.0062020650902927677,-0.32959785559749311,-0.36232635323002449,0.27499255970800146,0.014807974444726923,1.0,-0.56856819831287086,-0.54392568704591504,0.021728410607125079,0.12421833747443112,0.010518827283105832,0.06111994344107563,-0.62220607694493868
-0.22003775061189787,0.018296820622799151,0.30664208000000004,-0.2801254309804565,-0.30449571510169665,-0.22131638875802112,-0.60765468175591664,-0.91356746168714109,-0.64979410771001067,-0.46053213374727819,0.37979149079974789,-0.55058009061072199,-0.36339124502261455,-0.40745027065107192,0.06500087760064352,-0.74101076702910929,-0.5010703061283176,0.036634674376250592,0.38949617351048699,0.82139091843768497,0.57130695408810817,-0.14499852496713134,-0.32458478093892978,0.017245781680951731,0.19185643782770131,-0.31984268997451709,0.075101480915897009,-0.25033603184385228,0.80277525446026732,-0.40217471638681834,0.1772914549031577,-0.56856819831287086,1.0,0.14779243497578357,-0.21524848465654681,0.41147835630138702,0.61456342253136975,-0.10365950611564675,0.56897054025623761
0.22854673898773825,0.086663654848537441,-0.13811492000000003,-0.24340603205810446,-0.46573373656165962,0.40228149431735571,-0.32149054577285247,0.052105324130831444,0.27485311893132974,-0.68530815913623055,-0.66054977586305041,-0.096072009701516761,-0.25554524325522643,-0.27765024107242975,-0.54854207136916655,-0.65463105575269442,0.2561700741140453,-0.71890876990847763,0.43011661556859343,0.43351257958966971,0.12913404371571957,-0.26172859249862551,0.054528616186283865,-0.051857799792158668,0.72600439636385883,0.21391303173921125,-0.20976275044203016,0.78363960307782998,0.17666953484408995,-0.10632054089739285,0.28099415107801679,-0.54392568704591504,0.14779243497578357,1.0,0.31539420161921866,-0.47891279384285812,-0.4784019445620914,-0.3140674333013973,0.48447870912320173
0.40072301938514837,0.29464830767545308,-0.22564764000000004,-0.0029731048621267353,-0.20770267561971062,0.3216924261270831,0.12612847366518587,0.26290429270584109,0.20635890432871701,-0.1679042880063597,-0.18300452804365833,0.014036098813632485,-0.33853155647704736,0.090291028731133344,-0.13488392560003221,-0.21539481164549582,0.23324024293330511,-0.29759856341476948,0.060395059572834732,-0.024911405190961869,-0.13039022675165085,-0.056866327054625021,0.043389729555435394,0.08915413752624203,0.29092118785753318,0.24053032621735576,-0.20281991940685518,0.30841921161400732,-0.14150130436599209,0.16042864861007988,0.14532362323783296,0.021728410607125079,-0.21524848465654681,0.31539420161921866,1.0,-0.33943238973337192,-0.36654042203812864,-0.22094577603376142,0.040297608143540449
-0.13195995252696802,-0.28665363893385171,0.84135695999999993,-0.524152795308231,0.66581822152090153,-0.80843204633894272,-0.53233632892848215,-0.72516549708164058,-0.5960702694859773,0.56280353696884233,0.63119603823646897,-0.064669172539435729,0.41540623186806447,-0.54303775837054369,0.12637554155813402,0.10632204969354558,-0.83912773276592556,0.63577325914758176,0.32334161541537704,0.14449821727447681,0.67522340558389249,0.10525089638681639,-0.71761390126188096,-0.20784813296920968,-0.74346747908588051,-0.88389517040382815,0.78019538725342252,-0.76239032835813603,0.33805298184179372,-0.56325419764389684,-0.3274289742933868,0.12421833747443112,0.41147835630138702,-0.47891279384285812,-0.33943238973337192,1.0,0.87189623716914078,0.7186284043213198,0.048247665260831518
-0.38426932285765908,-0.054854245912515587,0.71796078000000008,-0.47134758844539471,0.41959089214885287,-0.81346878386780552,-0.62926869438191146,-0.83135268213253943,-0.81417580712814486,0.25678940817519985,0.66701541788154528,-0.30828933931775521,0.16041467499119236,-0.49843814806424569,0.13180940962759993,-0.034403013129318573,-0.61370685319846596,0.41291392728499954,0.22544606754903709,0.25482033976635354,0.70852511462318346,-0.022449816203239235,-0.72039399169681784,0.003987673187480209,-0.51201399262122449,-0.77189416354357132,0.58598394769565221,-0.66681835345421336,0.462140215006689,-0.63669124875095073,0.05600219249845613,0.010518827283105832,0.61456342253136975,-0.4784019445620914,-0.36654042203812864,0.87189623716914078,1.0,0.40104488658775572,-0.021333455612012768
0.36385065828608693,-0.69418021757691573,0.80890828000000004,-0.44644563176344298,0.89861475912984634,-0.70150952493989349,-0.32306863733006663,-0.19098904166595354,0.10175969869099177,0.6718734034688324,0.070329210434089462,0.57706624636245674,0.77367734545259848,-0.5627634241868682,-0.23928631715902893,0.31396447454533483,-0.51584647687507768,0.46083532209763267,0.22428588872602273,-0.37687465586603808,0.43220172171102333,-0.080528558025909636,-0.5052309048876874,-0.52907161928614688,-0.80595740100866498,-0.7850584163812695,0.92317910230715339,-0.41313455344365041,-0.17262938081914037,-0.44838342182684798,-0.66958715384110701,0.06111994344107563,-0.10365950611564675,-0.3140674333013973,-0.22094577603376142,0.7186284043213198,0.40104488658775572,1.0,-0.0050829252334665953
0.47456266585252549,-0.17772968900909125,0.15077684000000002,-0.28975136444968247,-0.30071276739596053,0.26935415627482295,-0.31653820125573212,-0.44150323392040869,-0.0085819320932660516,-0.50157706118943923,-0.14414545481149332,-0.14672104477465803,-0.16187451365411834,-0.3843640667210379,-0.24828487994898374,-0.73991997451648572,-0.31807728470425678,-0.18283649114913744,0.33246350189070334,0.57346549649729794,0.33225172081449134,-0.40389655066366426,-0.063063410252062357,-0.19494538519157351,0.19841638006339837,-0.10871841406705077,0.028165366787111207,0.014609813456258905,0.43501296101409581,-0.16557985436157471,-0.10074928721118159,-0.62220607694493868,0.56897054025623761,0.48447870912320173,0.040297608143540449,0.048247665260831518,-0.021333455612012768,-0.0050829252334665953,1.0
