1.000000000000000000e+00,-3.393886732028426612e-01,-9.688593333204620350e-02,-6.753792042666801887e-01,-4.244015573982537481e-02,-1.581402248818902234e-01,7.660831869002463490e-01,-9.441555685024528854e-02,-5.165958301901346639e-02,2.921310457846615916e-01,6.102655073332721725e-02,-5.258207632850049329e-01,-4.714399230804551810e-01,-4.798625859223409895e-01,5.438133599999999124e-01,-4.592857214853278691e-01,5.053589843134090875e-01,6.421886154722509232e-01,-6.164129066852963579e-01,1.221691274251843207e-02,1.881925014376866767e-01,6.868752575285330675e-01,3.261857841325371127e-02,-2.626870480970855404e-01,1.439387958767034126e-01,3.146007855587699131e-01,-9.220897906364744490e-02,2.553137459768499706e-01,-4.730658352721801019e-01,-5.285824080634379252e-01,8.152200965959439660e-01,-3.497664044878507905e-01,-2.890537715278765907e-01,6.296439712237236197e-01,-2.977460791649993999e-01,1.390202456085178895e-01,-3.569266063685762602e-01,1.679711061794123272e-01,-7.122819513987116435e-01
-3.393886732028426612e-01,1.000000000000000000e+00,9.744646153554324675e-02,3.601104516776696407e-01,-4.780912762135230976e-01,-1.547713316837476816e-01,-5.325021291352285413e-01,-6.002910573257478344e-01,-6.287547608023091872e-01,3.233807676189239810e-01,-3.810516823033771594e-01,8.276675059069042995e-01,8.288696868917668770e-01,-3.312328977167319777e-01,-7.524587600000000043e-01,-2.169130686530858498e-01,-6.365396164793750700e-01,-7.422399951955084563e-02,7.343156776232975247e-01,7.786389669774175237e-01,3.568171136854214054e-01,-5.148665187247212227e-01,-1.395915912003320991e-01,-1.743468410664227308e-01,-1.653542468481958017e-01,5.672254309397742889e-01,-1.594196620067843684e-01,4.455189068671770447e-01,4.180926513377395959e-01,7.814611752206075401e-01,-3.311797333606124605e-01,6.846503303210715874e-01,-3.554057751338104421e-01,1.199204804950634862e-01,-2.469516075075288974e-01,1.556046962928871735e-01,7.975382342893362342e-01,-3.331968982461384204e-02,-1.615616435996800396e-02
-9.688593333204620350e-02,9.744646153554324675e-02,1.000000000000000000e+00,5.473457874765241815e-01,-2.546368491834738457e-01,-8.964791595316197459e-02,-4.853350181875275005e-01,-2.140615646180003828e-01,-2.940965392238119591e-01,5.422597019564316945e-01,-7.115108244142253069e-01,4.411266147130738502e-01,4.215252352782103973e-01,7.388954310720347030e-02,-4.768699800000000266e-01,3.244045253084907876e-01,-5.865758854032210312e-01,-3.260635864578740328e-01,4.854982307212364345e-01,9.048483459602468673e-04,-4.236906914131420843e-01,-5.845373447589004012e-01,-3.717386519577891013e-01,-5.498992504630014766e-01,-9.168423665785113696e-01,2.042274668456048048e-01,2.416067925489586918e-02,-8.347296301273134100e-02,-2.597427592569997445e-01,4.864399782210944712e-01,-2.971528982232148897e-01,4.020942536331687522e-01,6.716359413185940541e-01,-1.454650649786165262e-01,2.211584018343300539e-01,7.707787061106269148e-03,3.052075255736431680e-01,1.543351015923949687e-01,4.868055918597531950e-01
-6.753792042666801887e-01,3.601104516776696407e-01,5.473457874765241815e-01,1.000000000000000000e+00,-3.227988085051320954e-01,7.591275018172588540e-02,-8.653858189911891596e-01,-2.625362867722053073e-01,-3.550900502661775704e-01,-2.862552853178666583e-03,-3.408547993390051989e-01,6.727453086886857614e-01,6.627063197738043421e-01,2.161120182448383054e-01,-7.745317800000000030e-01,5.852522850228931706e-01,-8.008234463650854007e-01,-6.005191829329613595e-01,7.964145923054866127e-01,1.524193734342800810e-01,-4.899619155095896739e-01,-8.720063243631959171e-01,-4.494372743853454200e-01,9.395256182873172601e-03,-6.751143809309700927e-01,-1.491728805182833059e-03,5.132278911101498808e-01,-1.918738798010388436e-01,2.782919553008644242e-01,7.349229679802663506e-01,-7.442322484571299857e-01,5.475305584608768372e-01,4.559193209677008252e-01,-3.097800052560437667e-01,6.882459647784407164e-02,-5.282969219431519203e-01,3.267405810928523113e-01,2.204047699296469986e-01,7.982221715744889368e-01
-4.244015573982537481e-02,-4.780912762135230976e-01,-2.546368491834738457e-01,-3.227988085051320954e-01,1.000000000000000000e+00,5.065507521362320187e-01,2.516986977191801311e-02,8.952920710683407446e-01,8.129778244874257265e-01,-1.016791345905501166e-02,1.079394218895653179e-02,-2.818896939482242181e-01,-3.353379224640624101e-01,7.682550872151089338e-01,3.545505600000000701e-01,4.129893811809828841e-01,2.932259151295354971e-01,-4.912449244680644478e-01,-3.055696428940607445e-01,-5.113061209490171732e-01,3.463734679502351588e-01,2.716359358816282099e-01,8.106506600244729466e-01,-1.056162053078328056e-01,2.933294528692768632e-01,-5.613566909552902828e-01,-5.649743767116016668e-02,-6.559609093337067653e-01,-8.558071052869811735e-02,-4.093368097529652694e-01,-5.299673263986077326e-02,-3.899223639015000908e-01,3.621689470921586884e-01,-5.933318328671448594e-01,8.027101433887897652e-01,4.095528096377330507e-01,-2.394706506649947608e-01,-3.333936664814020623e-01,1.777118622431510808e-01
-1.581402248818902234e-01,-1.547713316837476816e-01,-8.964791595316197459e-02,7.591275018172588540e-02,5.065507521362320187e-01,1.000000000000000000e+00,-1.872515990823385990e-01,6.617743836851561756e-01,6.725925682673947748e-01,-1.764688551974299968e-01,-5.185998136154384985e-02,-1.383835622361274109e-01,-1.994090642626556997e-01,7.183718987251653809e-01,2.025911799999999818e-01,2.740421012334358086e-01,2.223775642736690872e-01,-4.945947780064596233e-01,-1.773412201987580594e-01,-5.550827578518235939e-01,-1.594847407839025122e-01,-5.541169226282846583e-02,3.502012492076329864e-02,-1.499903684302009987e-01,1.004649886881075482e-01,-5.763144362157650580e-01,-5.028538573638388631e-02,-2.105237633316633938e-02,-3.924995821370840243e-01,-2.323544958090089374e-01,9.963523491012900302e-02,-5.582669471279878559e-01,3.585424776296686766e-01,-3.939564414892539612e-01,5.484264522167932032e-01,-1.588652255519768242e-01,1.420129583850528732e-01,-7.310012981573553725e-01,4.345249724653511558e-01
7.660831869002463490e-01,-5.325021291352285413e-01,-4.853350181875275005e-01,-8.653858189911891596e-01,2.516986977191801311e-02,-1.872515990823385990e-01,1.000000000000000000e+00,8.143433877052044800e-02,2.229213496733474797e-01,-2.382311299383099712e-01,5.588976232896072371e-01,-8.548392846635843867e-01,-8.230548299165931780e-01,-4.057334093853250945e-01,8.715496199999999138e-01,-5.586418934911183687e-01,8.770255743083623656e-01,7.862765164793950046e-01,-9.069923520622493740e-01,-2.429057078673583225e-01,1.013842732348857467e-01,9.070029436734403649e-01,6.093369739241949468e-02,2.109520413036488073e-01,6.013658754718511634e-01,-3.258812638262034711e-02,-2.585012486170357726e-01,2.640036565521884926e-01,-3.594356058679716304e-01,-8.359778970825201272e-01,8.280946061709990591e-01,-6.258938069831682105e-01,-4.637926216731699802e-01,5.250792120944939301e-01,-3.718982924074792362e-01,1.051321897619933721e-01,-5.824138142817747443e-01,-3.933913381270304210e-03,-7.808142207240758026e-01
-9.441555685024528854e-02,-6.002910573257478344e-01,-2.140615646180003828e-01,-2.625362867722053073e-01,8.952920710683407446e-01,6.617743836851561756e-01,8.143433877052044800e-02,1.000000000000000000e+00,9.562142709985766986e-01,-1.745323362384182397e-01,7.133234268485014185e-02,-4.590113791120326026e-01,-5.220187078694028537e-01,8.211444164068006923e-01,5.124895599999998996e-01,3.656769279041671705e-01,4.336963124235651557e-01,-4.916573811500739577e-01,-4.397234990743049687e-01,-7.905256340301189955e-01,1.804861971286571970e-02,2.426959391494996621e-01,5.262454924674431211e-01,-9.006723562796492555e-02,2.640005511868440125e-01,-8.037703927153684313e-01,-5.436641659024855217e-02,-4.930375804908808668e-01,-3.543848960841500806e-01,-5.619871969844334458e-01,8.731878911524040832e-02,-6.396133740088359998e-01,4.614456886922586598e-01,-6.472669233826786606e-01,7.804427990806804827e-01,1.817814772136671364e-01,-2.405990163122591619e-01,-5.534204727384814948e-01,3.141461604827042731e-01
-5.165958301901346639e-02,-6.287547608023091872e-01,-2.940965392238119591e-01,-3.550900502661775704e-01,8.129778244874257265e-01,6.725925682673947748e-01,2.229213496733474797e-01,9.562142709985766986e-01,1.000000000000000000e+00,-2.909441628950293346e-01,1.886812133033576866e-01,-5.953764869249084102e-01,-6.605593431289610296e-01,7.405832982480352600e-01,6.548723000000000738e-01,2.433862143964522495e-01,5.795666466353019963e-01,-3.631774427897294100e-01,-5.814473337738621517e-01,-8.645190267239865056e-01,-4.777355622741141783e-02,3.444942697021513567e-01,4.224691210120223861e-01,-1.429499301891545837e-02,3.743604649016741837e-01,-8.703120915753358444e-01,-1.442603000488184017e-01,-3.476326572709157459e-01,-4.457561909133571643e-01,-6.896262949737627101e-01,2.223465253906551642e-01,-7.730465618140425210e-01,3.854983972836059092e-01,-5.933026379777752712e-01,6.938412841785148721e-01,1.545173672612477622e-01,-2.620179173917982496e-01,-6.457309769680299461e-01,2.364261047395758153e-01
2.921310457846615916e-01,3.233807676189239810e-01,5.422597019564316945e-01,-2.862552853178666583e-03,-1.016791345905501166e-02,-1.764688551974299968e-01,-2.382311299383099712e-01,-1.745323362384182397e-01,-2.909441628950293346e-01,1.000000000000000000e+00,-8.974125151881290341e-01,4.469473526223209925e-01,4.719943359267560479e-01,-1.598325253578957716e-01,-3.835850400000000437e-01,-1.468134540329030235e-01,-4.808524914650548210e-01,-1.584293964782223785e-01,3.701198370510647151e-01,3.381346156268780212e-01,3.504329772414673250e-01,-2.646906859803079826e-01,1.955929011735453027e-01,-9.083593045865046012e-01,-6.047458954058703151e-01,4.791061050418334299e-01,-1.637632104753441453e-01,6.473026265588215089e-02,-2.617393019611972682e-01,3.911312229446085031e-01,6.273954518779818745e-02,3.885997419662656771e-01,2.470926739169691799e-01,-5.731756773543571909e-02,2.647805179964334288e-01,5.443370605714586974e-01,5.360416162635226467e-01,4.009970969889595921e-02,-3.121930023893188660e-02
6.102655073332721725e-02,-3.810516823033771594e-01,-7.115108244142253069e-01,-3.408547993390051989e-01,1.079394218895653179e-02,-5.185998136154384985e-02,5.588976232896072371e-01,7.133234268485014185e-02,1.886812133033576866e-01,-8.974125151881290341e-01,1.000000000000000000e+00,-5.955175746144841797e-01,-5.918120352624811620e-01,-1.092131028077563404e-01,5.477270999999999113e-01,-1.001004210249750448e-01,6.628860694305827028e-01,4.862922998955864218e-01,-5.686151518548799855e-01,-1.696807234479704163e-01,-8.677623499716741184e-02,5.810400747722856973e-01,-3.136554648003750390e-02,9.126198501534255048e-01,7.880657244130853112e-01,-2.402501669877933621e-01,6.816384929834318207e-02,-8.031387578297133345e-03,2.935214664430596532e-01,-5.418776285948965210e-01,1.782151418318016489e-01,-4.037105949740939503e-01,-5.194872299979629293e-01,3.481622837807003545e-01,-4.534150279107493908e-01,-3.595609373133137887e-01,-6.913237652935979582e-01,1.329265034591173844e-01,-3.813040223459460143e-01
-5.258207632850049329e-01,8.276675059069042995e-01,4.411266147130738502e-01,6.727453086886857614e-01,-2.818896939482242181e-01,-1.383835622361274109e-01,-8.548392846635843867e-01,-4.590113791120326026e-01,-5.953764869249084102e-01,4.469473526223209925e-01,-5.955175746144841797e-01,1.000000000000000000e+00,9.917833070450570165e-01,-1.982173027354836026e-02,-9.767475599999999591e-01,2.230494340195796898e-01,-9.234204678288194801e-01,-4.357156695087254783e-01,9.703846667230241474e-01,6.801441056492804060e-01,2.085114454774491533e-01,-7.884650188251810521e-01,-4.442731138223179888e-02,-2.650104017505912068e-01,-5.283007066222226156e-01,5.006590422041794497e-01,6.832597277715206363e-02,2.193246958701571079e-03,5.094283451925647466e-01,9.733619240758067948e-01,-6.986664978302322693e-01,8.705850431156012537e-01,8.165639309707900528e-02,-1.474292073591830787e-01,5.014766227096723039e-02,1.118227331839651423e-01,7.079435069435094929e-01,1.779712821797669597e-01,3.629168849695979526e-01
-4.714399230804551810e-01,8.288696868917668770e-01,4.215252352782103973e-01,6.627063197738043421e-01,-3.353379224640624101e-01,-1.994090642626556997e-01,-8.230548299165931780e-01,-5.220187078694028537e-01,-6.605593431289610296e-01,4.719943359267560479e-01,-5.918120352624811620e-01,9.917833070450570165e-01,1.000000000000000000e+00,-1.031599745887202824e-01,-9.834476599999999458e-01,1.666469306132987716e-01,-9.306113483354218063e-01,-3.774611136368116737e-01,9.669907886598609892e-01,7.321086315822714630e-01,2.098709259171609443e-01,-7.781186332516754067e-01,-7.010726685159608673e-02,-2.669245043393491112e-01,-5.408157253071600445e-01,5.616449838812117568e-01,1.090835091670468993e-01,3.215641188213641533e-02,5.167616872344535928e-01,9.798658824860094763e-01,-6.615165478462136095e-01,8.868531093588369885e-01,3.424373539437740310e-02,-8.214514756094913606e-02,-2.008079788076676947e-02,8.053896240695851416e-02,6.919417488297812113e-01,2.447544075431467014e-01,3.145647026751870468e-01
-4.798625859223409895e-01,-3.312328977167319777e-01,7.388954310720347030e-02,2.161120182448383054e-01,7.682550872151089338e-01,7.183718987251653809e-01,-4.057334093853250945e-01,8.211444164068006923e-01,7.405832982480352600e-01,-1.598325253578957716e-01,-1.092131028077563404e-01,-1.982173027354836026e-02,-1.031599745887202824e-01,1.000000000000000000e+00,4.951422000000005319e-02,6.837361592201973703e-01,1.320491663679961274e-03,-7.740180330845848333e-01,2.594631736733770885e-02,-6.206710846363046041e-01,-1.226616114437636823e-01,-2.044871064708012331e-01,3.793692828836986997e-01,-6.203038395049405296e-02,-4.577561465517408085e-02,-6.935957170229446467e-01,6.933221586190575769e-02,-5.997569735393796231e-01,-8.837659109192592954e-02,-9.560354688155131564e-02,-3.896999234133131096e-01,-2.878900833162525430e-01,6.757102279237308107e-01,-7.787023009566275134e-01,8.559240713151133884e-01,3.615254298592498333e-02,-5.420932521356084527e-02,-4.525717760843334103e-01,6.905371561627214883e-01
5.438133599999999124e-01,-7.524587600000000043e-01,-4.768699800000000266e-01,-7.745317800000000030e-01,3.545505600000000701e-01,2.025911799999999818e-01,8.715496199999999138e-01,5.124895599999998996e-01,6.548723000000000738e-01,-3.835850400000000437e-01,5.477270999999999113e-01,-9.767475599999999591e-01,-9.834476599999999458e-01,4.951422000000005319e-02,1.000000000000000000e+00,-2.864763399999999960e-01,9.613876199999999983e-01,4.290815999999999519e-01,-9.897899399999999792e-01,-6.632214400000000509e-01,-7.001809999999997203e-02,8.341453000000000895e-01,1.421599799999999636e-01,1.883180799999999433e-01,6.025030000000000108e-01,-4.916779799999999589e-01,-2.201411800000000474e-01,5.482698000000008065e-02,-5.360719199999999240e-01,-9.895322600000000524e-01,7.469987199999998939e-01,-8.911467200000000588e-01,-1.270680600000000382e-01,1.222446399999999045e-01,1.857799999999998342e-02,4.705219999999998848e-02,-6.047451999999999828e-01,-3.138206199999999946e-01,-4.276012599999999830e-01
-4.592857214853278691e-01,-2.169130686530858498e-01,3.244045253084907876e-01,5.852522850228931706e-01,4.129893811809828841e-01,2.740421012334358086e-01,-5.586418934911183687e-01,3.656769279041671705e-01,2.433862143964522495e-01,-1.468134540329030235e-01,-1.001004210249750448e-01,2.230494340195796898e-01,1.666469306132987716e-01,6.837361592201973703e-01,-2.864763399999999960e-01,1.000000000000000000e+00,-3.912396578385236023e-01,-7.518826086567143019e-01,3.450909826122007251e-01,-2.863062611256348977e-01,-2.325874282876509713e-01,-3.770008901140991520e-01,1.941877243106410189e-01,1.063224185418030071e-01,-3.374673781435019726e-01,-4.176673421531191255e-01,5.915881021286752972e-01,-8.238850173879800343e-01,2.101103974752136505e-01,2.026308027164549219e-01,-6.808976648959997879e-01,2.072985217534123459e-01,6.638842058194144302e-01,-5.711184548590315657e-01,5.347466599175429991e-01,-2.650160729997806941e-01,-2.373342794183201376e-01,2.109269411637379465e-01,7.371396265947358639e-01
5.053589843134090875e-01,-6.365396164793750700e-01,-5.865758854032210312e-01,-8.008234463650854007e-01,2.932259151295354971e-01,2.223775642736690872e-01,8.770255743083623656e-01,4.336963124235651557e-01,5.795666466353019963e-01,-4.808524914650548210e-01,6.628860694305827028e-01,-9.234204678288194801e-01,-9.306113483354218063e-01,1.320491663679961274e-03,9.613876199999999983e-01,-3.912396578385236023e-01,1.000000000000000000e+00,5.370034905786815749e-01,-9.713723139183375599e-01,-5.368533481174001531e-01,-6.059087136237628277e-03,8.537952866512146244e-01,1.111914262241625734e-01,3.189983885768258864e-01,7.339367973171152526e-01,-3.767421854209335175e-01,-3.359164888589756259e-01,1.766135097293105027e-01,-3.938948295862783611e-01,-9.316552355376667149e-01,7.322559410839989402e-01,-8.658114743454912166e-01,-3.024396047657356146e-01,2.609932142767522056e-01,-1.086517523533970797e-01,4.095787315664485562e-02,-5.710054878527326405e-01,-3.378293461191255176e-01,-5.284261804206977775e-01
6.421886154722509232e-01,-7.422399951955084563e-02,-3.260635864578740328e-01,-6.005191829329613595e-01,-4.912449244680644478e-01,-4.945947780064596233e-01,7.862765164793950046e-01,-4.916573811500739577e-01,-3.631774427897294100e-01,-1.584293964782223785e-01,4.862922998955864218e-01,-4.357156695087254783e-01,-3.774611136368116737e-01,-7.740180330845848333e-01,4.290815999999999519e-01,-7.518826086567143019e-01,5.370034905786815749e-01,1.000000000000000000e+00,-5.101151613690313447e-01,2.755342195689479690e-01,7.786356744676839470e-02,6.229189732396689383e-01,-2.650395666773596726e-01,2.942493588217137690e-01,4.190307849013364949e-01,4.869154089478790470e-01,-3.233615900277339028e-01,5.707939847470994144e-01,-2.979880886308373250e-02,-3.482240317233167293e-01,6.208801925064101335e-01,-1.820966958848008466e-01,-7.089385745051446364e-01,8.707177724911857597e-01,-7.922976029269497289e-01,4.355603018346219935e-03,-3.373983906093747653e-01,2.541878322722754824e-01,-8.665219959988231802e-01
-6.164129066852963579e-01,7.343156776232975247e-01,4.854982307212364345e-01,7.964145923054866127e-01,-3.055696428940607445e-01,-1.773412201987580594e-01,-9.069923520622493740e-01,-4.397234990743049687e-01,-5.814473337738621517e-01,3.701198370510647151e-01,-5.686151518548799855e-01,9.703846667230241474e-01,9.669907886598609892e-01,2.594631736733770885e-02,-9.897899399999999792e-01,3.450909826122007251e-01,-9.713723139183375599e-01,-5.101151613690313447e-01,1.000000000000000000e+00,5.882494645517976073e-01,5.430362099696936506e-02,-8.663742272055098281e-01,-1.105111573314698087e-01,-2.022621272552022897e-01,-6.108496181788426460e-01,3.920900410307598394e-01,2.319661406976450957e-01,-1.071149730829961677e-01,5.086620371549366304e-01,9.753630551300314089e-01,-7.857689330415464912e-01,8.726901383114332722e-01,1.965258886647704151e-01,-2.374045005788681939e-01,6.220491030195308274e-02,-2.980112751239222604e-02,6.185397591597763256e-01,2.570316434274246831e-01,5.039094555746364001e-01
1.221691274251843207e-02,7.786389669774175237e-01,9.048483459602468673e-04,1.524193734342800810e-01,-5.113061209490171732e-01,-5.550827578518235939e-01,-2.429057078673583225e-01,-7.905256340301189955e-01,-8.645190267239865056e-01,3.381346156268780212e-01,-1.696807234479704163e-01,6.801441056492804060e-01,7.321086315822714630e-01,-6.206710846363046041e-01,-6.632214400000000509e-01,-2.863062611256348977e-01,-5.368533481174001531e-01,2.755342195689479690e-01,5.882494645517976073e-01,1.000000000000000000e+00,4.932552296443628026e-01,-2.286730705401675279e-01,-8.192391081799166655e-03,8.735820482375459065e-03,-8.418279806853479208e-02,8.870513725507521707e-01,-1.063169443563636088e-02,2.764759664474897294e-01,6.416608116824767949e-01,6.871186921326940533e-01,-2.564263299505114557e-01,7.984434516311258445e-01,-5.756934939394524609e-01,4.960542608149471344e-01,-5.285798510768000558e-01,1.549240414412905997e-01,3.819432623793737602e-01,4.987893161126054076e-01,-3.797598387104504924e-01
1.881925014376866767e-01,3.568171136854214054e-01,-4.236906914131420843e-01,-4.899619155095896739e-01,3.463734679502351588e-01,-1.594847407839025122e-01,1.013842732348857467e-01,1.804861971286571970e-02,-4.777355622741141783e-02,3.504329772414673250e-01,-8.677623499716741184e-02,2.085114454774491533e-01,2.098709259171609443e-01,-1.226616114437636823e-01,-7.001809999999997203e-02,-2.325874282876509713e-01,-6.059087136237628277e-03,7.786356744676839470e-02,5.430362099696936506e-02,4.932552296443628026e-01,1.000000000000000000e+00,2.796024698807734188e-01,7.651819161225710264e-01,-1.488278382715589876e-01,4.192578493812813556e-01,3.535526348152690512e-01,-2.859874611647315046e-01,-6.902653860714660916e-02,3.601856279703209429e-01,6.721219670161654447e-02,4.254069868619039102e-02,2.501304404066978515e-01,-4.713747634795769081e-01,5.159963046947356469e-02,8.228732533999964793e-02,7.144337856113153196e-01,2.049540961254571192e-01,-4.545991323730659561e-03,-5.147470699832363827e-01
6.868752575285330675e-01,-5.148665187247212227e-01,-5.845373447589004012e-01,-8.720063243631959171e-01,2.716359358816282099e-01,-5.541169226282846583e-02,9.070029436734403649e-01,2.426959391494996621e-01,3.444942697021513567e-01,-2.646906859803079826e-01,5.810400747722856973e-01,-7.884650188251810521e-01,-7.781186332516754067e-01,-2.044871064708012331e-01,8.341453000000000895e-01,-3.770008901140991520e-01,8.537952866512146244e-01,6.229189732396689383e-01,-8.663742272055098281e-01,-2.286730705401675279e-01,2.796024698807734188e-01,1.000000000000000000e+00,3.147963255572836516e-01,2.454280102980704870e-01,7.065784459662370898e-01,-9.256478131273303267e-02,-2.349606932585402153e-01,5.240897804079393957e-02,-2.120776919164389929e-01,-8.160361307647991946e-01,6.848672447504702276e-01,-6.001414406061453821e-01,-4.266870669447342390e-01,4.018557632499950572e-01,-1.967153977513776963e-01,2.080808420610858744e-01,-6.128392800451970546e-01,-2.137150548135756736e-02,-7.328128845081199882e-01
3.261857841325371127e-02,-1.395915912003320991e-01,-3.717386519577891013e-01,-4.494372743853454200e-01,8.106506600244729466e-01,3.502012492076329864e-02,6.093369739241949468e-02,5.262454924674431211e-01,4.224691210120223861e-01,1.955929011735453027e-01,-3.136554648003750390e-02,-4.442731138223179888e-02,-7.010726685159608673e-02,3.793692828836986997e-01,1.421599799999999636e-01,1.941877243106410189e-01,1.111914262241625734e-01,-2.650395666773596726e-01,-1.105111573314698087e-01,-8.192391081799166655e-03,7.651819161225710264e-01,3.147963255572836516e-01,1.000000000000000000e+00,-9.996923578215331785e-02,3.759168657849833450e-01,-1.373111430240270825e-01,-1.128365510827228357e-01,-5.856714782259286878e-01,2.516158870422702809e-01,-1.816299881370486424e-01,-1.219145636886701661e-01,6.723087132358506954e-03,-5.621418359769257342e-03,-3.885821067171020271e-01,5.501424624966125831e-01,6.820355730195655219e-01,-1.245053644492537942e-01,-4.222894504554704220e-02,-1.644593929529175325e-01
-2.626870480970855404e-01,-1.743468410664227308e-01,-5.498992504630014766e-01,9.395256182873172601e-03,-1.056162053078328056e-01,-1.499903684302009987e-01,2.109520413036488073e-01,-9.006723562796492555e-02,-1.429499301891545837e-02,-9.083593045865046012e-01,9.126198501534255048e-01,-2.650104017505912068e-01,-2.669245043393491112e-01,-6.203038395049405296e-02,1.883180799999999433e-01,1.063224185418030071e-01,3.189983885768258864e-01,2.942493588217137690e-01,-2.022621272552022897e-01,8.735820482375459065e-03,-1.488278382715589876e-01,2.454280102980704870e-01,-9.996923578215331785e-02,1.000000000000000000e+00,5.983389348608971758e-01,-1.522676448409313599e-01,1.926280701519553218e-01,-1.237935655851404582e-01,5.770984523535890309e-01,-1.889580690034506627e-01,-2.081252028362359230e-01,-7.205814883064165510e-02,-4.341942344787290686e-01,2.426197868784817635e-01,-4.580723597060882279e-01,-4.463884950438851140e-01,-5.635599529536987617e-01,2.930262782496428353e-01,-1.469037519392140112e-01
1.439387958767034126e-01,-1.653542468481958017e-01,-9.168423665785113696e-01,-6.751143809309700927e-01,2.933294528692768632e-01,1.004649886881075482e-01,6.013658754718511634e-01,2.640005511868440125e-01,3.743604649016741837e-01,-6.047458954058703151e-01,7.880657244130853112e-01,-5.283007066222226156e-01,-5.408157253071600445e-01,-4.577561465517408085e-02,6.025030000000000108e-01,-3.374673781435019726e-01,7.339367973171152526e-01,4.190307849013364949e-01,-6.108496181788426460e-01,-8.418279806853479208e-02,4.192578493812813556e-01,7.065784459662370898e-01,3.759168657849833450e-01,5.983389348608971758e-01,1.000000000000000000e+00,-2.167272280372511128e-01,-2.775164345244023334e-01,1.103293264426891129e-01,2.133435944497318326e-01,-5.905390798457897938e-01,3.510933679632693427e-01,-4.631340175439593865e-01,-6.675650750170952774e-01,2.045030213075442471e-01,-2.039369069243119059e-01,1.417454547929539732e-01,-3.590825131385701474e-01,-2.354024522855940882e-01,-5.800976181479697846e-01
3.146007855587699131e-01,5.672254309397742889e-01,2.042274668456048048e-01,-1.491728805182833059e-03,-5.613566909552902828e-01,-5.763144362157650580e-01,-3.258812638262034711e-02,-8.037703927153684313e-01,-8.703120915753358444e-01,4.791061050418334299e-01,-2.402501669877933621e-01,5.006590422041794497e-01,5.616449838812117568e-01,-6.935957170229446467e-01,-4.916779799999999589e-01,-4.176673421531191255e-01,-3.767421854209335175e-01,4.869154089478790470e-01,3.920900410307598394e-01,8.870513725507521707e-01,3.535526348152690512e-01,-9.256478131273303267e-02,-1.373111430240270825e-01,-1.522676448409313599e-01,-2.167272280372511128e-01,1.000000000000000000e+00,-1.661716467523721985e-01,3.743364149989716338e-01,3.723794681129588002e-01,5.486552092581733486e-01,-1.553465863227079108e-02,6.422852325213933566e-01,-4.686385946330485774e-01,6.981727409600515522e-01,-5.739461833453696205e-01,1.957157965799433685e-01,2.535884929276422395e-01,5.194030547526118369e-01,-5.011516607734847195e-01
-9.220897906364744490e-02,-1.594196620067843684e-01,2.416067925489586918e-02,5.132278911101498808e-01,-5.649743767116016668e-02,-5.028538573638388631e-02,-2.585012486170357726e-01,-5.436641659024855217e-02,-1.442603000488184017e-01,-1.637632104753441453e-01,6.816384929834318207e-02,6.832597277715206363e-02,1.090835091670468993e-01,6.933221586190575769e-02,-2.201411800000000474e-01,5.915881021286752972e-01,-3.359164888589756259e-01,-3.233615900277339028e-01,2.319661406976450957e-01,-1.063169443563636088e-02,-2.859874611647315046e-01,-2.349606932585402153e-01,-1.128365510827228357e-01,1.926280701519553218e-01,-2.775164345244023334e-01,-1.661716467523721985e-01,1.000000000000000000e+00,-4.713560500989515956e-01,1.703290501801830448e-01,1.164021254522865645e-01,-3.111412948277879620e-01,1.950388559585373160e-01,2.022457900122066055e-01,-1.199822715332213574e-01,-4.923980910084781865e-02,-6.848346691956160859e-01,-3.415210926192894791e-01,5.320172659544932792e-01,3.934407263128364973e-01
2.553137459768499706e-01,4.455189068671770447e-01,-8.347296301273134100e-02,-1.918738798010388436e-01,-6.559609093337067653e-01,-2.105237633316633938e-02,2.640036565521884926e-01,-4.930375804908808668e-01,-3.476326572709157459e-01,6.473026265588215089e-02,-8.031387578297133345e-03,2.193246958701571079e-03,3.215641188213641533e-02,-5.997569735393796231e-01,5.482698000000008065e-02,-8.238850173879800343e-01,1.766135097293105027e-01,5.707939847470994144e-01,-1.071149730829961677e-01,2.764759664474897294e-01,-6.902653860714660916e-02,5.240897804079393957e-02,-5.856714782259286878e-01,-1.237935655851404582e-01,1.103293264426891129e-01,3.743364149989716338e-01,-4.713560500989515956e-01,1.000000000000000000e+00,-2.815368289567706239e-01,2.400101726391935808e-02,5.440907555555305475e-01,-1.279599380492982552e-01,-5.330079752341264632e-01,5.502896023624203048e-01,-5.644648961041149882e-01,-5.973576823733998259e-02,4.580879852044431599e-01,-3.479963100518645436e-01,-4.324124806874923843e-01
-4.730658352721801019e-01,4.180926513377395959e-01,-2.597427592569997445e-01,2.782919553008644242e-01,-8.558071052869811735e-02,-3.924995821370840243e-01,-3.594356058679716304e-01,-3.543848960841500806e-01,-4.457561909133571643e-01,-2.617393019611972682e-01,2.935214664430596532e-01,5.094283451925647466e-01,5.167616872344535928e-01,-8.837659109192592954e-02,-5.360719199999999240e-01,2.101103974752136505e-01,-3.938948295862783611e-01,-2.979880886308373250e-02,5.086620371549366304e-01,6.416608116824767949e-01,3.601856279703209429e-01,-2.120776919164389929e-01,2.516158870422702809e-01,5.770984523535890309e-01,2.133435944497318326e-01,3.723794681129588002e-01,1.703290501801830448e-01,-2.815368289567706239e-01,1.000000000000000000e+00,5.258188363404183718e-01,-6.892897847173103942e-01,6.643010778605347166e-01,-3.936403852405914172e-01,9.456834418679078980e-02,-2.592311213874294307e-01,-5.768169608160828195e-03,-3.293789068348311477e-02,5.195856657782209620e-01,-5.046075707323356696e-02
-5.285824080634379252e-01,7.814611752206075401e-01,4.864399782210944712e-01,7.349229679802663506e-01,-4.093368097529652694e-01,-2.323544958090089374e-01,-8.359778970825201272e-01,-5.619871969844334458e-01,-6.896262949737627101e-01,3.911312229446085031e-01,-5.418776285948965210e-01,9.733619240758067948e-01,9.798658824860094763e-01,-9.560354688155131564e-02,-9.895322600000000524e-01,2.026308027164549219e-01,-9.316552355376667149e-01,-3.482240317233167293e-01,9.753630551300314089e-01,6.871186921326940533e-01,6.721219670161654447e-02,-8.160361307647991946e-01,-1.816299881370486424e-01,-1.889580690034506627e-01,-5.905390798457897938e-01,5.486552092581733486e-01,1.164021254522865645e-01,2.400101726391935808e-02,5.258188363404183718e-01,1.000000000000000000e+00,-7.155154435420629788e-01,8.821885029991458627e-01,9.643022527703280777e-02,-6.202769409310814053e-02,-6.937097915553198935e-02,-6.018195692614496627e-03,6.242230115417913838e-01,2.903497115441804888e-01,3.758770557740396256e-01
8.152200965959439660e-01,-3.311797333606124605e-01,-2.971528982232148897e-01,-7.442322484571299857e-01,-5.299673263986077326e-02,9.963523491012900302e-02,8.280946061709990591e-01,8.731878911524040832e-02,2.223465253906551642e-01,6.273954518779818745e-02,1.782151418318016489e-01,-6.986664978302322693e-01,-6.615165478462136095e-01,-3.896999234133131096e-01,7.469987199999998939e-01,-6.808976648959997879e-01,7.322559410839989402e-01,6.208801925064101335e-01,-7.857689330415464912e-01,-2.564263299505114557e-01,4.254069868619039102e-02,6.848672447504702276e-01,-1.219145636886701661e-01,-2.081252028362359230e-01,3.510933679632693427e-01,-1.553465863227079108e-02,-3.111412948277879620e-01,5.440907555555305475e-01,-6.892897847173103942e-01,-7.155154435420629788e-01,1.000000000000000000e+00,-6.822093101091150080e-01,-3.423159003126339806e-01,4.630457241935572177e-01,-2.589821035349048617e-01,8.435455972352559617e-02,-1.727646648412276553e-01,-3.116214270163238376e-01,-6.373445109200741587e-01
-3.497664044878507905e-01,6.846503303210715874e-01,4.020942536331687522e-01,5.475305584608768372e-01,-3.899223639015000908e-01,-5.582669471279878559e-01,-6.258938069831682105e-01,-6.396133740088359998e-01,-7.730465618140425210e-01,3.885997419662656771e-01,-4.037105949740939503e-01,8.705850431156012537e-01,8.868531093588369885e-01,-2.878900833162525430e-01,-8.911467200000000588e-01,2.072985217534123459e-01,-8.658114743454912166e-01,-1.820966958848008466e-01,8.726901383114332722e-01,7.984434516311258445e-01,2.501304404066978515e-01,-6.001414406061453821e-01,6.723087132358506954e-03,-7.205814883064165510e-02,-4.631340175439593865e-01,6.422852325213933566e-01,1.950388559585373160e-01,-1.279599380492982552e-01,6.643010778605347166e-01,8.821885029991458627e-01,-6.822093101091150080e-01,1.000000000000000000e+00,-7.401924115866158338e-02,5.252038419047837942e-02,-1.789396997540192991e-01,1.157170983953621640e-01,4.021308801365085506e-01,5.768509570582193158e-01,1.224630867356535924e-01
-2.890537715278765907e-01,-3.554057751338104421e-01,6.716359413185940541e-01,4.559193209677008252e-01,3.621689470921586884e-01,3.585424776296686766e-01,-4.637926216731699802e-01,4.614456886922586598e-01,3.854983972836059092e-01,2.470926739169691799e-01,-5.194872299979629293e-01,8.165639309707900528e-02,3.424373539437740310e-02,6.757102279237308107e-01,-1.270680600000000382e-01,6.638842058194144302e-01,-3.024396047657356146e-01,-7.089385745051446364e-01,1.965258886647704151e-01,-5.756934939394524609e-01,-4.713747634795769081e-01,-4.266870669447342390e-01,-5.621418359769257342e-03,-4.341942344787290686e-01,-6.675650750170952774e-01,-4.686385946330485774e-01,2.022457900122066055e-01,-5.330079752341264632e-01,-3.936403852405914172e-01,9.643022527703280777e-02,-3.423159003126339806e-01,-7.401924115866158338e-02,1.000000000000000000e+00,-6.757758527561793516e-01,7.228066037700289215e-01,-4.256177780832191143e-02,1.837478365193874127e-02,-1.415099668835255731e-01,8.064754064042348736e-01
6.296439712237236197e-01,1.199204804950634862e-01,-1.454650649786165262e-01,-3.097800052560437667e-01,-5.933318328671448594e-01,-3.939564414892539612e-01,5.250792120944939301e-01,-6.472669233826786606e-01,-5.933026379777752712e-01,-5.731756773543571909e-02,3.481622837807003545e-01,-1.474292073591830787e-01,-8.214514756094913606e-02,-7.787023009566275134e-01,1.222446399999999045e-01,-5.711184548590315657e-01,2.609932142767522056e-01,8.707177724911857597e-01,-2.374045005788681939e-01,4.960542608149471344e-01,5.159963046947356469e-02,4.018557632499950572e-01,-3.885821067171020271e-01,2.426197868784817635e-01,2.045030213075442471e-01,6.981727409600515522e-01,-1.199822715332213574e-01,5.502896023624203048e-01,9.456834418679078980e-02,-6.202769409310814053e-02,4.630457241935572177e-01,5.252038419047837942e-02,-6.757758527561793516e-01,1.000000000000000000e+00,-8.568639948302591014e-01,-1.829385089151227828e-01,-2.345038314651012312e-01,4.145383471396866248e-01,-7.472185846390475561e-01
-2.977460791649993999e-01,-2.469516075075288974e-01,2.211584018343300539e-01,6.882459647784407164e-02,8.027101433887897652e-01,5.484264522167932032e-01,-3.718982924074792362e-01,7.804427990806804827e-01,6.938412841785148721e-01,2.647805179964334288e-01,-4.534150279107493908e-01,5.014766227096723039e-02,-2.008079788076676947e-02,8.559240713151133884e-01,1.857799999999998342e-02,5.347466599175429991e-01,-1.086517523533970797e-01,-7.922976029269497289e-01,6.220491030195308274e-02,-5.285798510768000558e-01,8.228732533999964793e-02,-1.967153977513776963e-01,5.501424624966125831e-01,-4.580723597060882279e-01,-2.039369069243119059e-01,-5.739461833453696205e-01,-4.923980910084781865e-02,-5.644648961041149882e-01,-2.592311213874294307e-01,-6.937097915553198935e-02,-2.589821035349048617e-01,-1.789396997540192991e-01,7.228066037700289215e-01,-8.568639948302591014e-01,1.000000000000000000e+00,3.831510651821609104e-01,1.581610824870588738e-01,-4.630093400817930083e-01,5.788311887512614939e-01
1.390202456085178895e-01,1.556046962928871735e-01,7.707787061106269148e-03,-5.282969219431519203e-01,4.095528096377330507e-01,-1.588652255519768242e-01,1.051321897619933721e-01,1.817814772136671364e-01,1.545173672612477622e-01,5.443370605714586974e-01,-3.595609373133137887e-01,1.118227331839651423e-01,8.053896240695851416e-02,3.615254298592498333e-02,4.705219999999998848e-02,-2.650160729997806941e-01,4.095787315664485562e-02,4.355603018346219935e-03,-2.980112751239222604e-02,1.549240414412905997e-01,7.144337856113153196e-01,2.080808420610858744e-01,6.820355730195655219e-01,-4.463884950438851140e-01,1.417454547929539732e-01,1.957157965799433685e-01,-6.848346691956160859e-01,-5.973576823733998259e-02,-5.768169608160828195e-03,-6.018195692614496627e-03,8.435455972352559617e-02,1.157170983953621640e-01,-4.256177780832191143e-02,-1.829385089151227828e-01,3.831510651821609104e-01,1.000000000000000000e+00,3.062159900372779520e-01,-2.372479324171456183e-01,-3.415631812980034487e-01
-3.569266063685762602e-01,7.975382342893362342e-01,3.052075255736431680e-01,3.267405810928523113e-01,-2.394706506649947608e-01,1.420129583850528732e-01,-5.824138142817747443e-01,-2.405990163122591619e-01,-2.620179173917982496e-01,5.360416162635226467e-01,-6.913237652935979582e-01,7.079435069435094929e-01,6.919417488297812113e-01,-5.420932521356084527e-02,-6.047451999999999828e-01,-2.373342794183201376e-01,-5.710054878527326405e-01,-3.373983906093747653e-01,6.185397591597763256e-01,3.819432623793737602e-01,2.049540961254571192e-01,-6.128392800451970546e-01,-1.245053644492537942e-01,-5.635599529536987617e-01,-3.590825131385701474e-01,2.535884929276422395e-01,-3.415210926192894791e-01,4.580879852044431599e-01,-3.293789068348311477e-02,6.242230115417913838e-01,-1.727646648412276553e-01,4.021308801365085506e-01,1.837478365193874127e-02,-2.345038314651012312e-01,1.581610824870588738e-01,3.062159900372779520e-01,1.000000000000000000e+00,-4.373928479310572603e-01,2.251879643707753176e-01
1.679711061794123272e-01,-3.331968982461384204e-02,1.543351015923949687e-01,2.204047699296469986e-01,-3.333936664814020623e-01,-7.310012981573553725e-01,-3.933913381270304210e-03,-5.534204727384814948e-01,-6.457309769680299461e-01,4.009970969889595921e-02,1.329265034591173844e-01,1.779712821797669597e-01,2.447544075431467014e-01,-4.525717760843334103e-01,-3.138206199999999946e-01,2.109269411637379465e-01,-3.378293461191255176e-01,2.541878322722754824e-01,2.570316434274246831e-01,4.987893161126054076e-01,-4.545991323730659561e-03,-2.137150548135756736e-02,-4.222894504554704220e-02,2.930262782496428353e-01,-2.354024522855940882e-01,5.194030547526118369e-01,5.320172659544932792e-01,-3.479963100518645436e-01,5.195856657782209620e-01,2.903497115441804888e-01,-3.116214270163238376e-01,5.768509570582193158e-01,-1.415099668835255731e-01,4.145383471396866248e-01,-4.630093400817930083e-01,-2.372479324171456183e-01,-4.373928479310572603e-01,1.000000000000000000e+00,-1.744782011930378907e-01
-7.122819513987116435e-01,-1.615616435996800396e-02,4.868055918597531950e-01,7.982221715744889368e-01,1.777118622431510808e-01,4.345249724653511558e-01,-7.808142207240758026e-01,3.141461604827042731e-01,2.364261047395758153e-01,-3.121930023893188660e-02,-3.813040223459460143e-01,3.629168849695979526e-01,3.145647026751870468e-01,6.905371561627214883e-01,-4.276012599999999830e-01,7.371396265947358639e-01,-5.284261804206977775e-01,-8.665219959988231802e-01,5.039094555746364001e-01,-3.797598387104504924e-01,-5.147470699832363827e-01,-7.328128845081199882e-01,-1.644593929529175325e-01,-1.469037519392140112e-01,-5.800976181479697846e-01,-5.011516607734847195e-01,3.934407263128364973e-01,-4.324124806874923843e-01,-5.046075707323356696e-02,3.758770557740396256e-01,-6.373445109200741587e-01,1.224630867356535924e-01,8.064754064042348736e-01,-7.472185846390475561e-01,5.788311887512614939e-01,-3.415631812980034487e-01,2.251879643707753176e-01,-1.744782011930378907e-01,1.000000000000000000e+00
