1.0,-0.15164329034797169,0.050132300748349755,-0.29376713985069913,-0.2767468427833788,0.18395021347302054,0.65721087344648454,0.11838327521985609,0.35740291529926715,-0.36063486791278837,0.37215457761878917,-0.65802258156470861,0.18322048080605233,0.038581184464294691,-0.3012596207822778,-0.07725799488805786,-0.61332500448732818,0.49445651999999995,-0.24874740541167742,-0.029807937986776719,-0.42194061036249014,-0.58428739906725236,-0.61329840792710932,-0.59892939384341237,0.094020353485517488,0.32400713766460193,-0.44404501362458959,0.22175447582526558,0.52172079616763178,0.20319309708021313,0.36352098649451692,-0.6121970660053897,0.37653642013180461,0.16520048729676373,-0.44230147863698621,0.65266952875039519,-0.012665445335883475,0.30988553487681203,-0.80157255139927674
-0.15164329034797169,1.0,-0.3800052179842347,0.25319463961642702,0.34940918343477956,0.24263584244404329,-0.29116770114559226,-0.25206099020718931,0.042774171201326761,0.62993364349747238,-0.46011401324314882,0.48257177238030108,-0.55505619950829899,0.27930284542375278,0.2566337101090384,-0.064068036224539049,-0.33156110508286074,-0.53699596000000005,0.36295236843030143,-0.61883865504627134,0.40218713519748578,0.2844369636282007,0.60043765800290416,0.39782953143464228,-0.067703015322430837,-0.35232318526059592,-0.42042211359736475,-0.72322093197248516,-0.67428650330112849,-0.0099906761580851357,-0.066010264529375418,-0.12788970575913261,-0.27450416848582015,0.14958714636539083,0.025663928765617031,0.020289243561505878,0.31945755561177885,0.045890505444321036,0.2875558679282138
0.050132300748349755,-0.3800052179842347,1.0,0.53119678327845365,-0.45511077848724646,0.11692570987509003,-0.30178350580245278,0.85131713241984253,0.37997150274923713,-0.74979819923921986,0.80732397051968285,-0.10422787311779143,0.64155038723391611,-0.85202678825331235,-0.5629962635311071,0.67550793981638824,0.36390484551322883,0.66823199999999994,-0.058352587792333648,0.74999147219241635,-0.70330214935098423,0.32090940498185927,-0.34120216493557726,0.14371334507573691,-0.5107076477199689,0.46284679889955765,0.68060078792897127,0.32974240764745871,0.38447575039950593,-0.049225507059163398,-0.75940227033272345,0.19247262164746043,0.12260819087695581,0.48535328197462047,0.34714675994717781,-0.31919453025153072,-0.86822740596068826,-0.75183489648857593,-0.25433143105357447
-0.29376713985069913,0.25319463961642702,0.53119678327845365,1.0,0.22223025202644567,-0.0016176621423008436,-0.83532799068600649,0.4159649954107788,0.062265346478473815,0.1262667042601846,0.033354090237968106,0.61989284864694272,0.059430984968345819,-0.38039161083165873,-0.41991984735969978,0.7000671594537109,0.10089106190113181,-0.19122528000000005,0.13079594869221434,0.075493314872644171,-0.12875530517468725,0.83350018853643637,0.53963627020776572,0.57003653800747844,-0.45852468581145267,-0.11873632838686235,0.35552601558707425,-0.48532882566704771,-0.42348409987117924,0.20717323166532561,-0.81809883227877234,0.025571806593363822,-0.40647749949824613,0.58936247306137768,0.38560610923733635,-0.60438018827551043,-0.51060314540387042,-0.68907822983463651,0.37411149098835439
-0.2767468427833788,0.34940918343477956,-0.45511077848724646,0.22223025202644567,1.0,-0.51017137678528424,-0.51615938575583842,-0.36692374233322228,-0.84813033309040953,0.71936901507203732,-0.83835949845548663,0.37788917743869527,-0.52433376158327183,0.46124935509728859,-0.19014185040589643,0.31153032348443682,-0.32132105465886146,-0.82418932,0.24007453790160774,-0.50396767999484104,0.81383547561705338,0.25746458423878693,0.71028932631221364,-0.077878300177105758,0.064070146884441584,-0.52082965071130749,-0.15038021812884925,-0.55112235639457829,-0.78868729185201536,-0.016175303151498718,0.1766893361981357,-0.42223767545352681,-0.29885952586881853,-0.18732362201774239,0.14820140812757246,-0.51127777861439305,0.562947080117703,0.26160454059480776,0.45032900850889196
0.18395021347302054,0.24263584244404329,0.11692570987509003,-0.0016176621423008436,-0.51017137678528424,1.0,0.22908834410950574,0.29851622981141424,0.70987997684444981,-0.1964381263191109,0.37323366424240167,-0.16475106182094967,-0.37774674297237848,-0.35300707058554598,-0.066610863386607835,-0.16333124645183186,-0.36968089041111041,0.35252754000000008,0.28520348511464921,0.20020585055159523,-0.19683373709140017,-0.26896469248689137,-0.1408716038162493,0.45834467946846325,-0.59967567262039911,0.4234347741738661,-0.39469440542330242,0.046123418290778581,0.085802564969623824,-0.45352351098453125,-0.33174338362805,-0.036411708025726242,0.56438564810604719,0.40845669993108147,0.20646466207672853,0.62577556128936185,0.020253410830942523,0.088177282788610964,-0.14534762155343955
0.65721087344648454,-0.29116770114559226,-0.30178350580245278,-0.83532799068600649,-0.51615938575583842,0.22908834410950574,1.0,-0.23710920698877702,0.33876616153510269,-0.32485979044561641,0.27882607152043803,-0.73929140566536622,0.11238844826069302,0.21181688165652113,0.3141689056333179,-0.66759293650877349,-0.23755060010202708,0.48124915999999995,-0.32515114672061768,-0.017492512611770646,-0.25261582302288921,-0.86352267029963148,-0.74937753586277078,-0.54679149731735222,0.38513975129324884,0.26367188418278931,-0.44523780798579321,0.54347677453586329,0.69454204133281094,0.0063907430175928542,0.68827077757168809,-0.1405360549121249,0.47959229739849718,-0.30742507569667671,-0.48824369518886707,0.83408550280958071,0.24668054128034259,0.59308672004106244,-0.64791677776817791
0.11838327521985609,-0.25206099020718931,0.85131713241984253,0.4159649954107788,-0.36692374233322228,0.29851622981141424,-0.23710920698877702,1.0,0.31259779213178274,-0.60966581177054735,0.74034420711853832,-0.13718784237025658,0.36156467123963776,-0.69601088701219815,-0.69971022483580514,0.6485882095643406,0.11503192595596796,0.66036491999999991,0.23232598394141835,0.81612530848761167,-0.48439199253143456,0.067461709372938383,-0.36794994190257513,0.045505641669068481,-0.75157240869635145,0.31887510316509626,0.50206946512365691,0.33371705869969315,0.30002573050976267,-0.34158812811520362,-0.63314640708741843,0.01353470943477169,0.24870976591985353,0.25730632465220393,0.37935061498376044,-0.1707525877121342,-0.62063897829033265,-0.52275504586103416,-0.27353738422276064
0.35740291529926715,0.042774171201326761,0.37997150274923713,0.062265346478473815,-0.84813033309040953,0.70987997684444981,0.33876616153510269,0.31259779213178274,1.0,-0.45880524514158122,0.68821558190253385,-0.18134616370704931,0.28547196020616816,-0.36805651525221461,0.12590069150525052,-0.26021392784287978,0.0088789481320055708,0.61088070000000005,-0.04149548684235338,0.23673858283830115,-0.76110477993311954,-0.053110664205896163,-0.4085305601049895,0.29263800523253602,-0.16843533825201917,0.51230756301862845,-0.10422799196541885,0.087358204182873822,0.46097985825435317,0.11883353314423484,-0.33170289366585554,0.25323277184136783,0.17421773492729398,0.54175941500506464,-0.20381653575285574,0.5855299034647321,-0.52213266669458303,-0.32924321833496079,-0.39926554456677332
-0.36063486791278837,0.62993364349747238,-0.74979819923921986,0.1262667042601846,0.71936901507203732,-0.1964381263191109,-0.32485979044561641,-0.60966581177054735,-0.45880524514158122,1.0,-0.91831673099531053,0.64460349642805548,-0.67231685752961001,0.74376453007107568,0.32539988700678207,-0.2373862933578916,-0.25636037307845111,-0.92603528000000002,0.22086997983183973,-0.73566647027017296,0.75353962721930312,0.27195146039603169,0.8029170757647498,0.23675675495445164,0.22306788537287001,-0.73267993304258905,-0.42895219221981346,-0.72131958781130323,-0.77327516761597204,0.18128861170229083,0.27154489820685407,-0.13413378124706299,-0.5247169684031715,-0.22108892841604696,-0.13513353498096359,-0.16582703332139401,0.60847807690314126,0.30412179398122707,0.62239328101859592
0.37215457761878917,-0.46011401324314882,0.80732397051968285,0.033354090237968106,-0.83835949845548663,0.37323366424240167,0.27882607152043803,0.74034420711853832,0.68821558190253385,-0.91831673099531053,1.0,-0.49130151451076504,0.67045986261650703,-0.71447756926302131,-0.29708540571058867,0.19711689643242833,0.25586470324607785,0.96463863999999999,-0.11302812390026686,0.76050998780628576,-0.86271212617637483,-0.17290146399034539,-0.76754509438923602,-0.09025876866165404,-0.32717571460006284,0.64351129107563432,0.41175058134973319,0.58945851580697917,0.7535435336238705,-0.11496452984037717,-0.39752044992746466,0.22409469332017698,0.38232588497944475,0.31195738773387549,0.04621200413850101,0.23242104354008655,-0.73910009964022261,-0.44738575137964837,-0.60557378564485842
-0.65802258156470861,0.48257177238030108,-0.10422787311779143,0.61989284864694272,0.37788917743869527,-0.16475106182094967,-0.73929140566536622,-0.13718784237025658,-0.18134616370704931,0.64460349642805548,-0.49130151451076504,1.0,-0.23666916487242823,0.16701376117890632,0.19122459419476273,0.14326581955523252,0.26587412838653263,-0.67258277999999994,0.046474705287515149,-0.3538852021225693,0.27209216014089549,0.80265694974738566,0.82832836098230112,0.68274636050934523,-0.065572977744311964,-0.65983407344860079,0.092432529693172422,-0.61094310188739009,-0.61453075100318588,0.33445643821414539,-0.37971536259937372,0.23538145044495445,-0.73902589528050067,0.094794448750442906,0.15429133153062427,-0.54431864357250326,-0.085603424420576182,-0.3974676301338691,0.8378933197414844
0.18322048080605233,-0.55505619950829899,0.64155038723391611,0.059430984968345819,-0.52433376158327183,-0.37774674297237848,0.11238844826069302,0.36156467123963776,0.28547196020616816,-0.67231685752961001,0.67045986261650703,-0.23666916487242823,1.0,-0.34046898625067273,-0.031960677970837868,0.14277459894738997,0.61977436860765001,0.6173910600000001,-0.37104212482165366,0.4678329936350924,-0.79080840317682011,0.15868092995517336,-0.57930083017853784,-0.32352784589064093,0.29523574861124691,0.29115220271178205,0.66838312293042779,0.40584465712993001,0.66094574892040525,0.4251009273103466,-0.14163992441374559,0.40211296438782662,-0.23322217964151495,0.085909237627547597,-0.27065096902649982,-0.19064387702766061,-0.81887991943139338,-0.60279356208875512,-0.43182862871849903
0.038581184464294691,0.27930284542375278,-0.85202678825331235,-0.38039161083165873,0.46124935509728859,-0.35300707058554598,0.21181688165652113,-0.69601088701219815,-0.36805651525221461,0.74376453007107568,-0.71447756926302131,0.16701376117890632,-0.34046898625067273,1.0,0.45019862980064151,-0.59705762298401965,-0.24772555548371936,-0.60101090000000001,0.12931355645012815,-0.620342434075282,0.5132775152179041,-0.17231790676465475,0.26892775275135972,-0.34433514850184666,0.61899042489236877,-0.5275162979866157,-0.44367678178251468,-0.43058713403770343,-0.31861408691835996,0.30389750956378653,0.74726292858626286,-0.099818327938316923,-0.45125401701527035,-0.47100514381972841,-0.60490941286888533,0.18124250080635396,0.59541613197589072,0.48615081949579697,0.14375341788784252
-0.3012596207822778,0.2566337101090384,-0.5629962635311071,-0.41991984735969978,-0.19014185040589643,-0.066610863386607835,0.3141689056333179,-0.69971022483580514,0.12590069150525052,0.32539988700678207,-0.29708540571058867,0.19122459419476273,-0.031960677970837868,0.45019862980064151,1.0,-0.81613173602262679,0.37425312302838765,-0.27335036000000001,-0.18005125289622978,-0.47808631282977343,0.11857218794614184,-0.012732268214488029,0.090905200807624875,0.15353786248519574,0.68218889454592724,-0.24940837611115621,-0.1707822297544376,-0.099475763767311598,0.0066984130543223204,0.26024486847184308,0.41981662533567971,0.54388977467648336,-0.32161414480490497,-0.35410164895382457,-0.35976272618703908,0.21910128279771843,0.2145616394048237,0.1914354722895156,0.22460036119041016
-0.07725799488805786,-0.064068036224539049,0.67550793981638824,0.7000671594537109,0.31153032348443682,-0.16333124645183186,-0.66759293650877349,0.6485882095643406,-0.26021392784287978,-0.2373862933578916,0.19711689643242833,0.14326581955523252,0.14277459894738997,-0.59705762298401965,-0.81613173602262679,1.0,-0.017032605721588719,0.080750639999999985,0.089642528181056197,0.36436656965946673,-0.056629078690461049,0.43140100672956627,0.17937226213678295,0.10319649988063112,-0.60540885933465305,0.059001216071536168,0.45747063524339804,-0.027240902339762198,-0.20241746167966532,-0.15463269695795842,-0.64539135993078689,-0.29870578411986082,0.043213394315564577,0.35414883661056162,0.56903474334314241,-0.64961179553171555,-0.37445457422666312,-0.4653940314488178,0.057215289816029517
-0.61332500448732818,-0.33156110508286074,0.36390484551322883,0.10089106190113181,-0.32132105465886146,-0.36968089041111041,-0.23755060010202708,0.11503192595596796,0.0088789481320055708,-0.25636037307845111,0.25586470324607785,0.26587412838653263,0.61977436860765001,-0.24772555548371936,0.37425312302838765,-0.017032605721588719,1.0,0.15478970000000003,-0.19476735843204587,0.37621182882063758,-0.29455218280496898,0.42827554797464706,-0.081993118314328692,0.19965568490465613,0.22848449117248718,-0.071246955013661017,0.79438591607913722,0.28384897732865055,0.24303497230117185,0.15982463469837838,-0.26525320437522609,0.84780021139573425,-0.40820775653767061,-0.20203679875041317,0.090163992585399921,-0.51681173490962429,-0.55829950095665659,-0.58174443799594322,0.26436341729279972
0.49445651999999995,-0.53699596000000005,0.66823199999999994,-0.19122528000000005,-0.82418932,0.35252754000000008,0.48124915999999995,0.66036491999999991,0.61088070000000005,-0.92603528000000002,0.96463863999999999,-0.67258277999999994,0.6173910600000001,-0.60101090000000001,-0.27335036000000001,0.080750639999999985,0.15478970000000003,1.0,-0.13764803999999997,0.74470064000000002,-0.78088400000000002,-0.41676424000000001,-0.90058780000000005,-0.28675141999999998,-0.24912566000000003,0.6423769399999999,0.30422605999999996,0.71596539999999997,0.84364215999999992,-0.18724589999999997,-0.17214218000000003,0.12576538000000004,0.51469081999999999,0.1388377999999999,-0.024707499999999993,0.36817279999999997,-0.56783146000000007,-0.21822067999999994,-0.71754790000000002
-0.24874740541167742,0.36295236843030143,-0.058352587792333648,0.13079594869221434,0.24007453790160774,0.28520348511464921,-0.32515114672061768,0.23232598394141835,-0.04149548684235338,0.22086997983183973,-0.11302812390026686,0.046474705287515149,-0.37104212482165366,0.12931355645012815,-0.18005125289622978,0.089642528181056197,-0.19476735843204587,-0.13764803999999997,1.0,0.17612648757507748,0.35464739864468486,0.042128876080161248,0.23353703075928151,0.074794595892645366,-0.39575364180243416,0.19312239278407245,0.074094293371631925,-0.44316942775664531,-0.55468133699762667,-0.61272337990546166,-0.1977434083116579,0.14106190982439581,0.039404028466499069,0.056614341721106763,0.12002858743419866,-0.043142597818997909,0.17656744170066122,-0.075127856295652287,0.066970844437629684
-0.029807937986776719,-0.61883865504627134,0.74999147219241635,0.075493314872644171,-0.50396767999484104,0.20020585055159523,-0.017492512611770646,0.81612530848761167,0.23673858283830115,-0.73566647027017296,0.76050998780628576,-0.3538852021225693,0.4678329936350924,-0.620342434075282,-0.47808631282977343,0.36436656965946673,0.37621182882063758,0.74470064000000002,0.17612648757507748,1.0,-0.46523877191415064,-0.12365644372704188,-0.5575944098976906,-0.078401044652469692,-0.53386042250816523,0.4817582773285829,0.66378872196262562,0.61830282803243231,0.49874534331948406,-0.43962194245606223,-0.44832948679074114,0.32513144666904548,0.3692394494287865,0.05486670010656286,0.30589679069050202,-0.11697876546955444,-0.55217463191311977,-0.40572398482079064,-0.2841478643363281
-0.42194061036249014,0.40218713519748578,-0.70330214935098423,-0.12875530517468725,0.81383547561705338,-0.19683373709140017,-0.25261582302288921,-0.48439199253143456,-0.76110477993311954,0.75353962721930312,-0.86271212617637483,0.27209216014089549,-0.79080840317682011,0.5132775152179041,0.11857218794614184,-0.056629078690461049,-0.29455218280496898,-0.78088400000000002,0.35464739864468486,-0.46523877191415064,1.0,-0.063301870488528422,0.61290587200840208,0.032024125187774095,0.0095618155878401459,-0.51425873441263881,-0.30961502703378468,-0.3488396900614163,-0.73107063304018449,-0.37605290137638775,0.33654119452917863,-0.23878575149313475,-0.022436275148686478,-0.46967524610566763,0.23492411818658071,-0.230589066449295,0.85058011345725115,0.57552360867735564,0.5304941779137502
-0.58428739906725236,0.2844369636282007,0.32090940498185927,0.83350018853643637,0.25746458423878693,-0.26896469248689137,-0.86352267029963148,0.067461709372938383,-0.053110664205896163,0.27195146039603169,-0.17290146399034539,0.80265694974738566,0.15868092995517336,-0.17231790676465475,-0.012732268214488029,0.43140100672956627,0.42827554797464706,-0.41676424000000001,0.042128876080161248,-0.12365644372704188,-0.063301870488528422,1.0,0.67931021933943048,0.61727250670568512,-0.066110670153274986,-0.24006327998997001,0.44196639215749023,-0.5835948051894464,-0.50147426970776943,0.40218663007610833,-0.66545948010596612,0.34453658242295804,-0.7088380201538198,0.45401784710499082,0.2086783672173137,-0.72524603639911189,-0.48570254703380245,-0.76748805101413442,0.57912672927366204
-0.61329840792710932,0.60043765800290416,-0.34120216493557726,0.53963627020776572,0.71028932631221364,-0.1408716038162493,-0.74937753586277078,-0.36794994190257513,-0.4085305601049895,0.8029170757647498,-0.76754509438923602,0.82832836098230112,-0.57930083017853784,0.26892775275135972,0.090905200807624875,0.17937226213678295,-0.081993118314328692,-0.90058780000000005,0.23353703075928151,-0.5575944098976906,0.61290587200840208,0.67931021933943048,1.0,0.60722746829654761,-0.078033940759607623,-0.51179413675006991,-0.14414654141997524,-0.78842662623757476,-0.90935174372605632,0.1187620752715462,-0.265891810974625,-0.035274287972556273,-0.50457164520769004,0.17923503285118397,0.25897561717201023,-0.49702235710224885,0.29257782860758624,-0.1032542061427955,0.80590596414616045
-0.59892939384341237,0.39782953143464228,0.14371334507573691,0.57003653800747844,-0.077878300177105758,0.45834467946846325,-0.54679149731735222,0.045505641669068481,0.29263800523253602,0.23675675495445164,-0.09025876866165404,0.68274636050934523,-0.32352784589064093,-0.34433514850184666,0.15353786248519574,0.10319649988063112,0.19965568490465613,-0.28675141999999998,0.074794595892645366,-0.078401044652469692,0.032024125187774095,0.61727250670568512,0.60722746829654761,1.0,-0.42481546347481874,-0.098029438201758773,0.013172505709426826,-0.35283780369399631,-0.40774572665680664,-0.039500022144134492,-0.69804995472487075,0.32678246885094547,-0.1573170200668092,0.46167434148192821,0.46382526260162937,-0.20583218178913695,-0.17443999680874556,-0.38801734945201505,0.65953189639481136
0.094020353485517488,-0.067703015322430837,-0.5107076477199689,-0.45852468581145267,0.064070146884441584,-0.59967567262039911,0.38513975129324884,-0.75157240869635145,-0.16843533825201917,0.22306788537287001,-0.32717571460006284,-0.065572977744311964,0.29523574861124691,0.61899042489236877,0.68218889454592724,-0.60540885933465305,0.22848449117248718,-0.24912566000000003,-0.39575364180243416,-0.53386042250816523,0.0095618155878401459,-0.066110670153274986,-0.078033940759607623,-0.42481546347481874,1.0,-0.20900661535286083,-0.10346003547323722,-0.083669724731151529,0.14344951240033668,0.61518183159658058,0.68661813005014205,0.19356764085482991,-0.44773811197562147,-0.34463916810763567,-0.66650653356074063,0.094916623567894279,0.14601927414512256,0.2044214449784777,-0.1000142694421244
0.32400713766460193,-0.35232318526059592,0.46284679889955765,-0.11873632838686235,-0.52082965071130749,0.4234347741738661,0.26367188418278931,0.31887510316509626,0.51230756301862845,-0.73267993304258905,0.64351129107563432,-0.65983407344860079,0.29115220271178205,-0.5275162979866157,-0.24940837611115621,0.059001216071536168,-0.071246955013661017,0.6423769399999999,0.19312239278407245,0.4817582773285829,-0.51425873441263881,-0.24006327998997001,-0.51179413675006991,-0.098029438201758773,-0.20900661535286083,1.0,0.13744618840058243,0.26023349339226759,0.35749922411881768,-0.31974819312860236,-0.27290825394348822,0.095160327878267337,0.58819349660232279,0.5203867256214878,0.086430426896656198,0.35472912188134903,-0.32989136047698814,-0.1787606734018268,-0.59501836150473342
-0.44404501362458959,-0.42042211359736475,0.68060078792897127,0.35552601558707425,-0.15038021812884925,-0.39469440542330242,-0.44523780798579321,0.50206946512365691,-0.10422799196541885,-0.42895219221981346,0.41175058134973319,0.092432529693172422,0.66838312293042779,-0.44367678178251468,-0.1707822297544376,0.45747063524339804,0.79438591607913722,0.30422605999999996,0.074094293371631925,0.66378872196262562,-0.30961502703378468,0.44196639215749023,-0.14414654141997524,0.013172505709426826,-0.10346003547323722,0.13744618840058243,1.0,0.2626995904145743,0.16449866856982734,-0.049509000914129922,-0.48613584232175372,0.61975892303699198,-0.24767241855569477,-0.021961381527065678,0.25099216780091493,-0.69383238861704777,-0.67778467700595058,-0.70344668325559989,0.086018261884999114
0.22175447582526558,-0.72322093197248516,0.32974240764745871,-0.48532882566704771,-0.55112235639457829,0.046123418290778581,0.54347677453586329,0.33371705869969315,0.087358204182873822,-0.72131958781130323,0.58945851580697917,-0.61094310188739009,0.40584465712993001,-0.43058713403770343,-0.099475763767311598,-0.027240902339762198,0.28384897732865055,0.71596539999999997,-0.44316942775664531,0.61830282803243231,-0.3488396900614163,-0.5835948051894464,-0.78842662623757476,-0.35283780369399631,-0.083669724731151529,0.26023349339226759,0.2626995904145743,1.0,0.83039871525935893,-0.26745755085151807,0.15369705747779855,0.073813166214371256,0.580902497027179,-0.37443150928664659,0.1532777127181835,0.19314787877433454,-0.15762629934904035,0.182875819341974,-0.39326887237963681
0.52172079616763178,-0.67428650330112849,0.38447575039950593,-0.42348409987117924,-0.78868729185201536,0.085802564969623824,0.69454204133281094,0.30002573050976267,0.46097985825435317,-0.77327516761597204,0.7535435336238705,-0.61453075100318588,0.66094574892040525,-0.31861408691835996,0.0066984130543223204,-0.20241746167966532,0.24303497230117185,0.84364215999999992,-0.55468133699762667,0.49874534331948406,-0.73107063304018449,-0.50147426970776943,-0.90935174372605632,-0.40774572665680664,0.14344951240033668,0.35749922411881768,0.16449866856982734,0.83039871525935893,1.0,0.15185347145026243,0.17945158483132326,0.10303070476021199,0.34868656852793611,-0.12253739398181897,-0.23476326430691641,0.41842565761314243,-0.42611751162120348,-0.0046675716552798813,-0.62745794395225574
0.20319309708021313,-0.0099906761580851357,-0.049225507059163398,0.20717323166532561,-0.016175303151498718,-0.45352351098453125,0.0063907430175928542,-0.34158812811520362,0.11883353314423484,0.18128861170229083,-0.11496452984037717,0.33445643821414539,0.4251009273103466,0.30389750956378653,0.26024486847184308,-0.15463269695795842,0.15982463469837838,-0.18724589999999997,-0.61272337990546166,-0.43962194245606223,-0.37605290137638775,0.40218663007610833,0.1187620752715462,-0.039500022144134492,0.61518183159658058,-0.31974819312860236,-0.049509000914129922,-0.26745755085151807,0.15185347145026243,1.0,0.13461663584677411,0.0030897638008573333,-0.68779973514412907,0.19083090296768518,-0.53781798546135173,-0.079529429799998788,-0.3416078674747085,-0.27893734922444108,0.022351048661169905
0.36352098649451692,-0.066010264529375418,-0.75940227033272345,-0.81809883227877234,0.1766893361981357,-0.33174338362805,0.68827077757168809,-0.63314640708741843,-0.33170289366585554,0.27154489820685407,-0.39752044992746466,-0.37971536259937372,-0.14163992441374559,0.74726292858626286,0.41981662533567971,-0.64539135993078689,-0.26525320437522609,-0.17214218000000003,-0.1977434083116579,-0.44832948679074114,0.33654119452917863,-0.66545948010596612,-0.265891810974625,-0.69804995472487075,0.68661813005014205,-0.27290825394348822,-0.48613584232175372,0.15369705747779855,0.17945158483132326,0.13461663584677411,1.0,-0.26144485775083254,0.036014495456270945,-0.67870983760710946,-0.56539317409445755,0.43617264694107677,0.64241052428237944,0.76868344904534858,-0.26237886904793628
-0.6121970660053897,-0.12788970575913261,0.19247262164746043,0.025571806593363822,-0.42223767545352681,-0.036411708025726242,-0.1405360549121249,0.01353470943477169,0.25323277184136783,-0.13413378124706299,0.22409469332017698,0.23538145044495445,0.40211296438782662,-0.099818327938316923,0.54388977467648336,-0.29870578411986082,0.84780021139573425,0.12576538000000004,0.14106190982439581,0.32513144666904548,-0.23878575149313475,0.34453658242295804,-0.035274287972556273,0.32678246885094547,0.19356764085482991,0.095160327878267337,0.61975892303699198,0.073813166214371256,0.10303070476021199,0.0030897638008573333,-0.26144485775083254,1.0,-0.33719712248959649,-0.078591752411875507,-0.067024478839622759,-0.22584767310844736,-0.4354657650362308,-0.50674287673976337,0.26729232581434603
0.37653642013180461,-0.27450416848582015,0.12260819087695581,-0.40647749949824613,-0.29885952586881853,0.56438564810604719,0.47959229739849718,0.24870976591985353,0.17421773492729398,-0.5247169684031715,0.38232588497944475,-0.73902589528050067,-0.23322217964151495,-0.45125401701527035,-0.32161414480490497,0.043213394315564577,-0.40820775653767061,0.51469081999999999,0.039404028466499069,0.3692394494287865,-0.022436275148686478,-0.7088380201538198,-0.50457164520769004,-0.1573170200668092,-0.44773811197562147,0.58819349660232279,-0.24767241855569477,0.580902497027179,0.34868656852793611,-0.68779973514412907,0.036014495456270945,-0.33719712248959649,1.0,0.036881198941131038,0.3539112289415533,0.49861500479747733,0.26276714978521648,0.473424516511397,-0.43878242932302697
0.16520048729676373,0.14958714636539083,0.48535328197462047,0.58936247306137768,-0.18732362201774239,0.40845669993108147,-0.30742507569667671,0.25730632465220393,0.54175941500506464,-0.22108892841604696,0.31195738773387549,0.094794448750442906,0.085909237627547597,-0.47100514381972841,-0.35410164895382457,0.35414883661056162,-0.20203679875041317,0.1388377999999999,0.056614341721106763,0.05486670010656286,-0.46967524610566763,0.45401784710499082,0.17923503285118397,0.46167434148192821,-0.34463916810763567,0.5203867256214878,-0.021961381527065678,-0.37443150928664659,-0.12253739398181897,0.19083090296768518,-0.67870983760710946,-0.078591752411875507,0.036881198941131038,1.0,0.085720085920787004,0.04321319007257067,-0.47458361787418391,-0.53615568873972308,-0.11165260847741369
-0.44230147863698621,0.025663928765617031,0.34714675994717781,0.38560610923733635,0.14820140812757246,0.20646466207672853,-0.48824369518886707,0.37935061498376044,-0.20381653575285574,-0.13513353498096359,0.04621200413850101,0.15429133153062427,-0.27065096902649982,-0.60490941286888533,-0.35976272618703908,0.56903474334314241,0.090163992585399921,-0.024707499999999993,0.12002858743419866,0.30589679069050202,0.23492411818658071,0.2086783672173137,0.25897561717201023,0.46382526260162937,-0.66650653356074063,0.086430426896656198,0.25099216780091493,0.1532777127181835,-0.23476326430691641,-0.53781798546135173,-0.56539317409445755,-0.067024478839622759,0.3539112289415533,0.085720085920787004,1.0,-0.436446768793262,-0.0093348501463856003,-0.10184262530594843,0.30817427203094439
0.65266952875039519,0.020289243561505878,-0.31919453025153072,-0.60438018827551043,-0.51127777861439305,0.62577556128936185,0.83408550280958071,-0.1707525877121342,0.5855299034647321,-0.16582703332139401,0.23242104354008655,-0.54431864357250326,-0.19064387702766061,0.18124250080635396,0.21910128279771843,-0.64961179553171555,-0.51681173490962429,0.36817279999999997,-0.043142597818997909,-0.11697876546955444,-0.230589066449295,-0.72524603639911189,-0.49702235710224885,-0.20583218178913695,0.094916623567894279,0.35472912188134903,-0.69383238861704777,0.19314787877433454,0.41842565761314243,-0.079529429799998788,0.43617264694107677,-0.22584767310844736,0.49861500479747733,0.04321319007257067,-0.436446768793262,1.0,0.27418658774757376,0.51741445750168791,-0.52094277677541712
-0.012665445335883475,0.31945755561177885,-0.86822740596068826,-0.51060314540387042,0.562947080117703,0.020253410830942523,0.24668054128034259,-0.62063897829033265,-0.52213266669458303,0.60847807690314126,-0.73910009964022261,-0.085603424420576182,-0.81887991943139338,0.59541613197589072,0.2145616394048237,-0.37445457422666312,-0.55829950095665659,-0.56783146000000007,0.17656744170066122,-0.55217463191311977,0.85058011345725115,-0.48570254703380245,0.29257782860758624,-0.17443999680874556,0.14601927414512256,-0.32989136047698814,-0.67778467700595058,-0.15762629934904035,-0.42611751162120348,-0.3416078674747085,0.64241052428237944,-0.4354657650362308,0.26276714978521648,-0.47458361787418391,-0.0093348501463856003,0.27418658774757376,1.0,0.88787158585254322,0.19397850843684719
0.30988553487681203,0.045890505444321036,-0.75183489648857593,-0.68907822983463651,0.26160454059480776,0.088177282788610964,0.59308672004106244,-0.52275504586103416,-0.32924321833496079,0.30412179398122707,-0.44738575137964837,-0.3974676301338691,-0.60279356208875512,0.48615081949579697,0.1914354722895156,-0.4653940314488178,-0.58174443799594322,-0.21822067999999994,-0.075127856295652287,-0.40572398482079064,0.57552360867735564,-0.76748805101413442,-0.1032542061427955,-0.38801734945201505,0.2044214449784777,-0.1787606734018268,-0.70344668325559989,0.182875819341974,-0.0046675716552798813,-0.27893734922444108,0.76868344904534858,-0.50674287673976337,0.473424516511397,-0.53615568873972308,-0.10184262530594843,0.51741445750168791,0.88787158585254322,1.0,-0.10260367985204895
-0.80157255139927674,0.2875558679282138,-0.25433143105357447,0.37411149098835439,0.45032900850889196,-0.14534762155343955,-0.64791677776817791,-0.27353738422276064,-0.39926554456677332,0.62239328101859592,-0.60557378564485842,0.8378933197414844,-0.43182862871849903,0.14375341788784252,0.22460036119041016,0.057215289816029517,0.26436341729279972,-0.71754790000000002,0.066970844437629684,-0.2841478643363281,0.5304941779137502,0.57912672927366204,0.80590596414616045,0.65953189639481136,-0.1000142694421244,-0.59501836150473342,0.086018261884999114,-0.39326887237963681,-0.62745794395225574,0.022351048661169905,-0.26237886904793628,0.26729232581434603,-0.43878242932302697,-0.11165260847741369,0.30817427203094439,-0.52094277677541712,0.19397850843684719,-0.10260367985204895,1.0
