1.0,0.62642191114108359,-0.16307195836030486,0.75392706605094706,-0.015994029261417575,0.24978207647446538,0.1059855289443645,-0.46040105276647564,-0.37746701700393215,-0.30632134304778286,0.11701655223208078,0.34629174000000007,0.091160976609930167,0.30307472199643526,0.32426521108612538,-0.18843647575772735,0.36231438103157726,-0.080136312901024118,0.21609483134993387,-0.22371440329588227,0.36599657907062855,0.40299373935542165,0.017471569889655092,0.59321274080182351,-0.24646627719876699,0.29672276860846397,-0.37432123617744983,0.40395976942649059,-0.40641765729490159,0.76971211815118656,0.53299499067693645,-0.14731828579361306,-0.46529414678648229,0.28266009776901729,-0.30007693064659252,0.79424484380242721,-0.66424167073274876,-0.61277168377805113,-0.10563749032931809
0.62642191114108359,1.0,-0.69272840552793069,0.83773267573746024,0.38390155192623587,0.23634221798672006,-0.59535321469894797,-0.60954498376551169,-0.68828673149673936,0.32261636203430422,-0.47059152621954803,0.89060000000000006,-0.027762838375291254,-0.28461424054037171,0.58052895910562385,-0.23532589617299812,0.76901469117556531,-0.7526514502998134,0.64232155201702745,-0.31172254977782382,0.50439816858085762,-0.26977375579828999,0.69380351277966512,0.56455923184385226,-0.84425975247012752,0.73728520026987621,-0.37603461283317152,0.78037947160970977,-0.34947357390947048,0.49512966289052679,0.23665296456745383,0.24622497487750439,-0.91274524766850684,-0.10281431071555382,-0.64749820667364233,0.69576482289489172,-0.83398826363223633,-0.26754036859447106,0.1898139642528158
-0.16307195836030486,-0.69272840552793069,1.0,-0.29404978623402594,-0.4609399955426372,-0.50297215936126094,0.54825556025020572,0.82161136172094629,0.71558033198120408,-0.37130698450620836,0.58670027214172671,-0.69463352,-0.42013747128410994,0.15478397583979436,-0.19302327100695379,0.64465864101265657,-0.3765288461812899,0.83222375002011706,-0.89913880348359065,-0.12167570453351906,-0.067165299404602793,0.63972474875321783,-0.86493399552104822,-0.39619734390856348,0.82813094857209768,-0.39168021040958206,-0.056920760516635992,-0.37758751278883268,0.43263466801891193,0.17161594417002343,-0.225558758582492,-0.58365422198848227,0.59620883613109044,0.44454009071909761,0.28711270717912701,-0.34597217527324547,0.36171974571377363,0.19448031832113152,-0.55236595506962483
0.75392706605094706,0.83773267573746024,-0.29404978623402594,1.0,0.25222185423244109,0.11988447671942253,-0.4408735813737355,-0.26687663418268093,-0.45771302483938892,0.17513129844280761,-0.26396322804027184,0.76665059999999996,-0.36563499153304196,-0.24201835259999421,0.72378723079265361,0.14940717124185965,0.7079884053189327,-0.48329554510973399,0.26969886221124079,-0.55501039925506501,0.56721665169962054,0.11188127481925868,0.34060810170653277,0.68485650185232494,-0.60432461072782273,0.78260721261718058,-0.52144198393493713,0.84650274165927242,-0.17492461141169136,0.82043387411382962,0.04653001324595045,-0.054694425316715964,-0.86995336373833487,0.37818510963142332,-0.76303173653169043,0.79121609542540328,-0.91212679133304186,-0.20374441919335567,-0.10536053969009393
-0.015994029261417575,0.38390155192623587,-0.4609399955426372,0.25222185423244109,1.0,0.10454680499661589,-0.56885375376713132,-0.19380147407991791,-0.60151871223011666,0.32042033972106021,-0.1119160883207182,0.50186325999999992,-0.17436676528231698,-0.40759071536874619,0.19545576515336549,-0.27618666772788975,-0.027229337745923642,-0.66221019973299966,0.56845084058399697,-0.3294585371966573,0.23296368909737869,-0.31655103162457421,0.44767831941992048,0.21209658296033035,-0.43083566780888854,0.6815649213686592,0.35043587903891082,0.44603319757029319,-0.49918593796335536,0.13159751986692614,0.016132368939267339,0.46331218737865715,-0.48691371519784726,-0.34302034013771504,-0.45552514522648369,0.23528854681307179,-0.04095114152847816,0.48779523926112212,0.59052088304672257
0.24978207647446538,0.23634221798672006,-0.50297215936126094,0.11988447671942253,0.10454680499661589,1.0,0.028094659959891164,-0.56066505119404431,-0.46610733809960686,-0.10330266568172586,-0.16555464765207037,0.14422877999999995,0.4582961664857228,0.26641160916380346,0.15638268224825772,-0.61070211699947974,-0.20314053721529368,-0.14808187437897513,0.52861589527230635,0.52934111605072987,0.040956011658472541,-0.12925078256249192,0.25534605633014451,0.3270176447608476,-0.34598140570891955,-0.023077215225306869,0.20012299541560372,-0.073232483878455018,-0.12538234982744884,0.012172700644456469,0.30313280186458996,0.33656537687659155,-0.11016129653620869,-0.21207480805268369,0.031948110705491702,0.4835608754441108,0.017804845365154129,-0.35628340018650478,0.3199766163150784
0.1059855289443645,-0.59535321469894797,0.54825556025020572,-0.4408735813737355,-0.56885375376713132,0.028094659959891164,1.0,0.032756527365084533,0.25393999260096989,-0.9130859386768666,0.8061429608709979,-0.87117038000000002,0.48557856480688621,0.89605229462378433,-0.56951094183241358,-0.15458001623678289,-0.55297676482037506,0.84932651438989271,-0.32748043515183733,0.41090681488592812,-0.089300330701869379,0.75368054096028481,-0.84703315718262295,-0.060025737373459349,0.8430822387373178,-0.78185879193151586,0.32615043920803249,-0.8144175196875264,-0.14216994040369491,0.009081984023256379,0.40990636877884634,-0.54876043157941079,0.79913182497039914,0.14879845068760753,0.83060427242745194,-0.055753648520984134,0.48044847311234518,-0.54274676762154028,-0.41700585891498254
-0.46040105276647564,-0.60954498376551169,0.82161136172094629,-0.26687663418268093,-0.19380147407991791,-0.56066505119404431,0.032756527365084533,1.0,0.75158955663508131,0.17164823271882926,0.14199511858512442,-0.37160002000000003,-0.75407818896144807,-0.38818457280583973,0.062796652366898409,0.80389769644433551,-0.23708030839970243,0.46597274508258923,-0.87432458034897997,-0.27276196474407305,-0.16385358598294211,0.18929958433613503,-0.49080977469802128,-0.55018091433619998,0.50215931075417719,-0.07781911398078116,-0.13897442147230465,-0.06627785116389702,0.67473213236230389,-0.013591740883736972,-0.63047473701918944,-0.29645494962985919,0.33322887345529861,0.39244252624877735,-0.08138569832621817,-0.51312122964481544,0.31124341151578661,0.6675686413312738,-0.33604073378916699
-0.37746701700393215,-0.68828673149673936,0.71558033198120408,-0.45771302483938892,-0.60151871223011666,-0.46610733809960686,0.25393999260096989,0.75158955663508131,1.0,0.11518150025359095,0.064712213545035174,-0.50971484,-0.34678741472239438,-0.11692442997825042,-0.29562830644204935,0.6543039261027499,-0.28933810210720817,0.6480483449684814,-0.91121139810108132,-0.082177948186493557,-0.64187446550262017,0.059360905796296028,-0.42209706882705705,-0.61671784800833751,0.52976807331618647,-0.53151106685802918,-0.37425935990498393,-0.30478132395913804,0.68128148961527291,-0.32487223795835218,-0.34246272487938434,-0.11937068211071948,0.53208279836615835,0.29525653123586548,0.15664172187519565,-0.70747603214001686,0.29326001023105569,0.31441491304666513,-0.18907892908084389
-0.30632134304778286,0.32261636203430422,-0.37130698450620836,0.17513129844280761,0.32042033972106021,-0.10330266568172586,-0.9130859386768666,0.17164823271882926,0.11518150025359095,1.0,-0.85100309597853563,0.6676302999999999,-0.49911998712380562,-0.93037341616084501,0.39670491412336284,0.29431684582414486,0.39283308388466887,-0.62347136926400515,0.049682632457495851,-0.30057876896460384,-0.24732367095665242,-0.85373135525721977,0.77116918178149718,-0.2377789968816236,-0.69193829387555472,0.49688580197701943,-0.43621935968069325,0.63033687023595686,0.41336290430378059,-0.26759231814953643,-0.48885115156954312,0.62691223233236337,-0.55566693027631353,-0.16086425951161407,-0.71119161901776839,-0.2692012231520165,-0.30135792171399783,0.63776887737609556,0.44376889484872234
0.11701655223208078,-0.47059152621954803,0.58670027214172671,-0.26396322804027184,-0.1119160883207182,-0.16555464765207037,0.8061429608709979,0.14199511858512442,0.064712213545035174,-0.85100309597853563,1.0,-0.71687926000000002,0.21921398699548278,0.69953027488906605,-0.49067044465557763,-0.030934998100184186,-0.56829172734602906,0.69803937494612456,-0.23870947424733246,0.054471765498233633,0.1506529467452227,0.81442743182127375,-0.83870832465959988,0.068757453569309096,0.80552793803694966,-0.42787236222784619,0.40578446846068877,-0.57977084849804283,-0.3793889096264087,0.25818784894032998,0.40088599048752721,-0.486760656308176,0.602123223838676,0.10481618667335096,0.5848987172937411,0.017776096260109502,0.42687027054517473,-0.25119929255122647,-0.28225883703352544
0.34629174000000007,0.89060000000000006,-0.69463352,0.76665059999999996,0.50186325999999992,0.14422877999999995,-0.87117038000000002,-0.37160002000000003,-0.50971484,0.6676302999999999,-0.71687926000000002,1.0,-0.29659893999999998,-0.61807632000000001,0.66111611999999997,-0.014514939999999976,0.74456163999999991,-0.88944957999999996,0.5242769599999999,-0.45021697999999999,0.29728793999999992,-0.52786157999999994,0.84498460000000009,0.4482053800000001,-0.94621522000000002,0.85448459999999993,-0.43588782000000004,0.92161863999999993,-0.12598520000000002,0.30994250000000001,-0.12742376,0.42019432000000001,-0.98013530000000004,-0.021172540000000017,-0.86009276000000001,0.46129824000000008,-0.79285168000000006,0.11558240000000009,0.30959413999999996
0.091160976609930167,-0.027762838375291254,-0.42013747128410994,-0.36563499153304196,-0.17436676528231698,0.4582961664857228,0.48557856480688621,-0.75407818896144807,-0.34678741472239438,-0.49911998712380562,0.21921398699548278,-0.29659893999999998,1.0,0.72874412298775493,-0.56951485564538618,-0.81466603116407288,-0.27061577056920683,0.09239158960098881,0.53411774076013874,0.66009619926309537,-0.15998637373073377,-0.0083004194283082255,0.028547919950503986,0.12846093104214162,0.082381710594091315,-0.56486950979743034,0.4261012585832088,-0.59448480396614667,-0.50738355894773302,-0.38251237844752894,0.67924668779946717,0.12736944652790433,0.36087511997985805,-0.48396019796769552,0.68976268828160958,0.055055057163572618,0.28319169212477047,-0.69060234546670296,0.2138749139743138
0.30307472199643526,-0.28461424054037171,0.15478397583979436,-0.24201835259999421,-0.40759071536874619,0.26641160916380346,0.89605229462378433,-0.38818457280583973,-0.11692442997825042,-0.93037341616084501,0.69953027488906605,-0.61807632000000001,0.72874412298775493,1.0,-0.51599330998974791,-0.44365775656155848,-0.39912650326964294,0.55729949235688603,0.083250880483647344,0.43499016128547185,0.02591996203055736,0.65828503918409698,-0.58716369116240386,0.28552248725188395,0.55723952330292448,-0.63241531820013641,0.37091460927482234,-0.68045064082779072,-0.44479628529128845,0.062544537827129626,0.58221555725216101,-0.42134376791174361,0.55659521989238625,0.066228635538908676,0.75871086766633244,0.20524215124921066,0.27275829461801454,-0.77397912300857241,-0.28152292473801122
0.32426521108612538,0.58052895910562385,-0.19302327100695379,0.72378723079265361,0.19545576515336549,0.15638268224825772,-0.56951094183241358,0.062796652366898409,-0.29562830644204935,0.39670491412336284,-0.49067044465557763,0.66111611999999997,-0.56951485564538618,-0.51599330998974791,1.0,0.24006492597597306,0.61855902428506604,-0.46653423666959154,0.085574548302601916,-0.29059823340584384,0.54451890946740822,-0.075721635763454961,0.33310034816801726,0.29776693357727974,-0.5657311030841442,0.75345022856605581,-0.34012658015368374,0.73908413453829225,0.2842530000579564,0.57671025961839739,-0.37273248547552101,-0.076102573501006104,-0.72106025742924285,0.33448689952406041,-0.71715044954551044,0.5840821827649888,-0.60928925262911537,0.13062234533561815,-0.20095915773204337
-0.18843647575772735,-0.23532589617299812,0.64465864101265657,0.14940717124185965,-0.27618666772788975,-0.61070211699947974,-0.15458001623678289,0.80389769644433551,0.6543039261027499,0.29431684582414486,-0.030934998100184186,-0.014514939999999976,-0.81466603116407288,-0.44365775656155848,0.24006492597597306,1.0,0.19398270234674195,0.26829379982014928,-0.76012760793768741,-0.57146487665065404,-0.040267586578830714,0.15592061313322447,-0.26344269110536761,-0.13390942432808514,0.19323592642993373,0.14057955352884319,-0.55909200978430218,0.2864525792306411,0.61872027419589748,0.22138691165492838,-0.61133885713230052,-0.27866617452387599,-0.043418545066318474,0.5853920888387748,-0.38167671488408944,-0.32332478049150332,-0.2153231351192679,0.4505250886094776,-0.42175927369516669
0.36231438103157726,0.76901469117556531,-0.3765288461812899,0.7079884053189327,-0.027229337745923642,-0.20314053721529368,-0.55297676482037506,-0.23708030839970243,-0.28933810210720817,0.39283308388466887,-0.56829172734602906,0.74456163999999991,-0.27061577056920683,-0.39912650326964294,0.61855902428506604,0.19398270234674195,1.0,-0.58846625342465719,0.22429020541056385,-0.41874306421775953,0.47208450622058168,-0.20478050093076311,0.51654606023688243,0.35424327588891752,-0.64328341933428013,0.60974067023875267,-0.56793787653573935,0.72800661962377533,0.047933276690729602,0.37212332566421763,-0.18109549245598627,-0.12667335102501809,-0.77059442537148737,0.18792076376620329,-0.57095361218934593,0.40116142418248801,-0.85786584872252847,-0.19114025859270931,-0.26287567560344899
-0.080136312901024118,-0.7526514502998134,0.83222375002011706,-0.48329554510973399,-0.66221019973299966,-0.14808187437897513,0.84932651438989271,0.46597274508258923,0.6480483449684814,-0.62347136926400515,0.69803937494612456,-0.88944957999999996,0.09239158960098881,0.55729949235688603,-0.46653423666959154,0.26829379982014928,-0.58846625342465719,1.0,-0.71414722478780834,0.25771574299565975,-0.25938673245621063,0.64374701221262554,-0.88144934452669332,-0.34710624751303798,0.88566799201557111,-0.7726703938086622,0.047391421426027237,-0.71818539300470041,0.28612320227937327,-0.019530740802720003,0.16135289634490912,-0.45447694212921713,0.82690165001585292,0.22848287421530941,0.63067411836423115,-0.31374005302135766,0.5031867725445478,-0.19572050455019188,-0.39771492280343512
0.21609483134993387,0.64232155201702745,-0.89913880348359065,0.26969886221124079,0.56845084058399697,0.52861589527230635,-0.32748043515183733,-0.87432458034897997,-0.91121139810108132,0.049682632457495851,-0.23870947424733246,0.5242769599999999,0.53411774076013874,0.083250880483647344,0.085574548302601916,-0.76012760793768741,0.22429020541056385,-0.71414722478780834,1.0,0.18927463629377497,0.32687448160785665,-0.35886939581220328,0.63161054747120593,0.5128083601724569,-0.63305550749175088,0.36826040351842804,0.33878739689636245,0.21632245390536756,-0.65784320379572481,-0.014838874859508933,0.39442962948381477,0.39746414348555847,-0.47296889042306522,-0.49883577136998875,-0.093843019972823488,0.47296175551430508,-0.22070901031391688,-0.2985463113393691,0.45148093999259409
-0.22371440329588227,-0.31172254977782382,-0.12167570453351906,-0.55501039925506501,-0.3294585371966573,0.52934111605072987,0.41090681488592812,-0.27276196474407305,-0.082177948186493557,-0.30057876896460384,0.054471765498233633,-0.45021697999999999,0.66009619926309537,0.43499016128547185,-0.29059823340584384,-0.57146487665065404,-0.41874306421775953,0.25771574299565975,0.18927463629377497,1.0,-0.11967636339339667,-0.082551374095976557,-0.098507794648245439,-0.2987612560547106,0.16890408387385886,-0.60097921168649249,0.50238729000854143,-0.6680233982620517,0.12275401464611983,-0.47164934889641591,0.25839539134932837,0.035036236334249994,0.52284057512568272,-0.36255690692065135,0.67167062484357354,-0.12477804135778695,0.57415029849638233,-0.35335074160609176,-0.0048507245645600505
0.36599657907062855,0.50439816858085762,-0.067165299404602793,0.56721665169962054,0.23296368909737869,0.040956011658472541,-0.089300330701869379,-0.16385358598294211,-0.64187446550262017,-0.24732367095665242,0.1506529467452227,0.29728793999999992,-0.15998637373073377,0.02591996203055736,0.54451890946740822,-0.040267586578830714,0.47208450622058168,-0.25938673245621063,0.32687448160785665,-0.11967636339339667,1.0,0.39325483284294849,-0.060315268054773136,0.46846352479646908,-0.17600237839989416,0.55751247937356707,0.14176595124930547,0.33256306059808666,-0.23178541619175169,0.68747722022309243,0.0059926536265697975,-0.50263058854789255,-0.42354457905412712,0.13495477892211832,-0.18212032866781699,0.67360562613658648,-0.36925629288084821,-0.23319774130648005,-0.47405418484570555
0.40299373935542165,-0.26977375579828999,0.63972474875321783,0.11188127481925868,-0.31655103162457421,-0.12925078256249192,0.75368054096028481,0.18929958433613503,0.059360905796296028,-0.85373135525721977,0.81442743182127375,-0.52786157999999994,-0.0083004194283082255,0.65828503918409698,-0.075721635763454961,0.15592061313322447,-0.20478050093076311,0.64374701221262554,-0.35886939581220328,-0.082551374095976557,0.39325483284294849,1.0,-0.86890800586388761,0.28044742539049144,0.68797640606345456,-0.21375319601533566,0.1445106967551312,-0.30882372409900799,-0.18508103138364868,0.59857675516543263,0.19452174788606522,-0.80295032459337767,0.35387413993994205,0.52453711388412627,0.35757878054496367,0.34729877926771274,0.059788185943232403,-0.41301479500243465,-0.66040595811089187
0.017471569889655092,0.69380351277966512,-0.86493399552104822,0.34060810170653277,0.44767831941992048,0.25534605633014451,-0.84703315718262295,-0.49080977469802128,-0.42209706882705705,0.77116918178149718,-0.83870832465959988,0.84498460000000009,0.028547919950503986,-0.58716369116240386,0.33310034816801726,-0.26344269110536761,0.51654606023688243,-0.88144934452669332,0.63161054747120593,-0.098507794648245439,-0.060315268054773136,-0.86890800586388761,1.0,0.15521966541306892,-0.94233908662135957,0.52952106785796871,-0.25955109347597716,0.61606143759944698,-0.085563864860919603,-0.20930001020365996,-0.042306913601238394,0.72107891003244484,-0.72550548006690241,-0.3967023703117426,-0.58425951129539555,0.1116693391425399,-0.46631753635633222,0.1508177556220992,0.59389042981736528
0.59321274080182351,0.56455923184385226,-0.39619734390856348,0.68485650185232494,0.21209658296033035,0.3270176447608476,-0.060025737373459349,-0.55018091433619998,-0.61671784800833751,-0.2377789968816236,0.068757453569309096,0.4482053800000001,0.12846093104214162,0.28552248725188395,0.29776693357727974,-0.13390942432808514,0.35424327588891752,-0.34710624751303798,0.5128083601724569,-0.2987612560547106,0.46846352479646908,0.28044742539049144,0.15521966541306892,1.0,-0.36473580453032273,0.43377402426185374,-0.1038733910604893,0.4110735896311204,-0.53089741653133804,0.57291797458431815,0.16085680472882652,-0.12722081650619654,-0.53433087174781857,0.35643093834709877,-0.30715741673402025,0.70462641788973279,-0.62144975422429227,-0.47405370582844436,-0.12501588719072862
-0.24646627719876699,-0.84425975247012752,0.82813094857209768,-0.60432461072782273,-0.43083566780888854,-0.34598140570891955,0.8430822387373178,0.50215931075417719,0.52976807331618647,-0.69193829387555472,0.80552793803694966,-0.94621522000000002,0.082381710594091315,0.55723952330292448,-0.5657311030841442,0.19323592642993373,-0.64328341933428013,0.88566799201557111,-0.63305550749175088,0.16890408387385886,-0.17600237839989416,0.68797640606345456,-0.94233908662135957,-0.36473580453032273,1.0,-0.68898991678924404,0.35241245235769636,-0.76910503665640173,0.075672364941435574,-0.09388320540720245,0.050809248423902033,-0.5704520982007647,0.87986022773237316,0.19674764399781058,0.72103188049806444,-0.38182076313477137,0.66106978340373557,-0.039978908503282742,-0.42551613000138316
0.29672276860846397,0.73728520026987621,-0.39168021040958206,0.78260721261718058,0.6815649213686592,-0.023077215225306869,-0.78185879193151586,-0.07781911398078116,-0.53151106685802918,0.49688580197701943,-0.42787236222784619,0.85448459999999993,-0.56486950979743034,-0.63241531820013641,0.75345022856605581,0.14057955352884319,0.60974067023875267,-0.7726703938086622,0.36826040351842804,-0.60097921168649249,0.55751247937356707,-0.21375319601533566,0.52952106785796871,0.43377402426185374,-0.68898991678924404,1.0,-0.20833214430481928,0.90973598523860644,-0.15304040714304731,0.54938136707396146,-0.27842636890691896,0.13781671579962645,-0.90338182051018656,0.13961925508770162,-0.85976759855179941,0.53260960198729823,-0.64479008365087664,0.33002464768529782,0.11147760856042108
-0.37432123617744983,-0.37603461283317152,-0.056920760516635992,-0.52144198393493713,0.35043587903891082,0.20012299541560372,0.32615043920803249,-0.13897442147230465,-0.37425935990498393,-0.43621935968069325,0.40578446846068877,-0.43588782000000004,0.4261012585832088,0.37091460927482234,-0.34012658015368374,-0.55909200978430218,-0.56793787653573935,0.047391421426027237,0.33878739689636245,0.50238729000854143,0.14176595124930547,0.1445106967551312,-0.25955109347597716,-0.1038733910604893,0.35241245235769636,-0.20833214430481928,1.0,-0.55944195660342599,-0.36787500341018403,-0.28636129668434529,0.10815548687864243,-0.10481870788358322,0.45427235178171887,-0.33211032488859366,0.58864966161876031,-0.051186969888499946,0.72172254758740428,0.056119522541291628,0.080163962877574921
0.40395976942649059,0.78037947160970977,-0.37758751278883268,0.84650274165927242,0.44603319757029319,-0.073232483878455018,-0.8144175196875264,-0.06627785116389702,-0.30478132395913804,0.63033687023595686,-0.57977084849804283,0.92161863999999993,-0.59448480396614667,-0.68045064082779072,0.73908413453829225,0.2864525792306411,0.72800661962377533,-0.71818539300470041,0.21632245390536756,-0.6680233982620517,0.33256306059808666,-0.30882372409900799,0.61606143759944698,0.4110735896311204,-0.76910503665640173,0.90973598523860644,-0.55944195660342599,1.0,-0.0055330405992077194,0.51547915334248251,-0.27473153907207543,0.23185419819468367,-0.9546621156547147,0.24946000326225312,-0.96426499361971763,0.44390287443838289,-0.82967064283589798,0.24745070058735041,0.12243538650410035
-0.40641765729490159,-0.34947357390947048,0.43263466801891193,-0.17492461141169136,-0.49918593796335536,-0.12538234982744884,-0.14216994040369491,0.67473213236230389,0.68128148961527291,0.41336290430378059,-0.3793889096264087,-0.12598520000000002,-0.50738355894773302,-0.44479628529128845,0.2842530000579564,0.61872027419589748,0.047933276690729602,0.28612320227937327,-0.65784320379572481,0.12275401464611983,-0.23178541619175169,-0.18508103138364868,-0.085563864860919603,-0.53089741653133804,0.075672364941435574,-0.15304040714304731,-0.36787500341018403,-0.0055330405992077194,1.0,-0.20234819071982468,-0.58988615608001405,-0.08543581881188729,0.16013878614177188,0.27652213680702642,-0.12626135110803155,-0.39915381750370793,0.095391066847731992,0.3634976425780172,-0.26934990072244869
0.76971211815118656,0.49512966289052679,0.17161594417002343,0.82043387411382962,0.13159751986692614,0.012172700644456469,0.009081984023256379,-0.013591740883736972,-0.32487223795835218,-0.26759231814953643,0.25818784894032998,0.30994250000000001,-0.38251237844752894,0.062544537827129626,0.57671025961839739,0.22138691165492838,0.37212332566421763,-0.019530740802720003,-0.014838874859508933,-0.47164934889641591,0.68747722022309243,0.59857675516543263,-0.20930001020365996,0.57291797458431815,-0.09388320540720245,0.54938136707396146,-0.28636129668434529,0.51547915334248251,-0.20234819071982468,1.0,0.14739662358794162,-0.39990690687651731,-0.48541164286356625,0.48023177408495576,-0.44827597492279198,0.78360893067330428,-0.60354459332584676,-0.24500463961921826,-0.37152365220438877
0.53299499067693645,0.23665296456745383,-0.225558758582492,0.04653001324595045,0.016132368939267339,0.30313280186458996,0.40990636877884634,-0.63047473701918944,-0.34246272487938434,-0.48885115156954312,0.40088599048752721,-0.12742376,0.67924668779946717,0.58221555725216101,-0.37273248547552101,-0.61133885713230052,-0.18109549245598627,0.16135289634490912,0.39442962948381477,0.25839539134932837,0.0059926536265697975,0.19452174788606522,-0.042306913601238394,0.16085680472882652,0.050809248423902033,-0.27842636890691896,0.10815548687864243,-0.27473153907207543,-0.58988615608001405,0.14739662358794162,1.0,0.17969256771134956,0.1116585365189305,-0.46260600532975393,0.34053098866964099,0.32114804230982663,-0.0020750331970075401,-0.62158867241811988,0.33212384046130061
-0.14731828579361306,0.24622497487750439,-0.58365422198848227,-0.054694425316715964,0.46331218737865715,0.33656537687659155,-0.54876043157941079,-0.29645494962985919,-0.11937068211071948,0.62691223233236337,-0.486760656308176,0.42019432000000001,0.12736944652790433,-0.42134376791174361,-0.076102573501006104,-0.27866617452387599,-0.12667335102501809,-0.45447694212921713,0.39746414348555847,0.035036236334249994,-0.50263058854789255,-0.80295032459337767,0.72107891003244484,-0.12722081650619654,-0.5704520982007647,0.13781671579962645,-0.10481870788358322,0.23185419819468367,-0.08543581881188729,-0.39990690687651731,0.17969256771134956,1.0,-0.27639313540982818,-0.58000315215961318,-0.33823997609199635,-0.18468059078833651,0.0015034764891274479,0.32782236307514301,0.9144812093808794
-0.46529414678648229,-0.91274524766850684,0.59620883613109044,-0.86995336373833487,-0.48691371519784726,-0.11016129653620869,0.79913182497039914,0.33322887345529861,0.53208279836615835,-0.55566693027631353,0.602123223838676,-0.98013530000000004,0.36087511997985805,0.55659521989238625,-0.72106025742924285,-0.043418545066318474,-0.77059442537148737,0.82690165001585292,-0.47296889042306522,0.52284057512568272,-0.42354457905412712,0.35387413993994205,-0.72550548006690241,-0.53433087174781857,0.87986022773237316,-0.90338182051018656,0.45427235178171887,-0.9546621156547147,0.16013878614177188,-0.48541164286356625,0.1116585365189305,-0.27639313540982818,1.0,-0.10091718993999178,0.88018756307504542,-0.57481747355391877,0.85385394298562634,-0.061738300393283048,-0.18597105861350616
0.28266009776901729,-0.10281431071555382,0.44454009071909761,0.37818510963142332,-0.34302034013771504,-0.21207480805268369,0.14879845068760753,0.39244252624877735,0.29525653123586548,-0.16086425951161407,0.10481618667335096,-0.021172540000000017,-0.48396019796769552,0.066228635538908676,0.33448689952406041,0.5853920888387748,0.18792076376620329,0.22848287421530941,-0.49883577136998875,-0.36255690692065135,0.13495477892211832,0.52453711388412627,-0.3967023703117426,0.35643093834709877,0.19674764399781058,0.13961925508770162,-0.33211032488859366,0.24946000326225312,0.27652213680702642,0.48023177408495576,-0.46260600532975393,-0.58000315215961318,-0.10091718993999178,1.0,-0.25286816398164541,0.2147259816908712,-0.34901752479686093,-0.065539229064515411,-0.64142738630771234
-0.30007693064659252,-0.64749820667364233,0.28711270717912701,-0.76303173653169043,-0.45552514522648369,0.031948110705491702,0.83060427242745194,-0.08138569832621817,0.15664172187519565,-0.71119161901776839,0.5848987172937411,-0.86009276000000001,0.68976268828160958,0.75871086766633244,-0.71715044954551044,-0.38167671488408944,-0.57095361218934593,0.63067411836423115,-0.093843019972823488,0.67167062484357354,-0.18212032866781699,0.35757878054496367,-0.58425951129539555,-0.30715741673402025,0.72103188049806444,-0.85976759855179941,0.58864966161876031,-0.96426499361971763,-0.12626135110803155,-0.44827597492279198,0.34053098866964099,-0.33823997609199635,0.88018756307504542,-0.25286816398164541,1.0,-0.33133324597846542,0.72611580643883522,-0.40407139190455305,-0.22053035842736285
0.79424484380242721,0.69576482289489172,-0.34597217527324547,0.79121609542540328,0.23528854681307179,0.4835608754441108,-0.055753648520984134,-0.51312122964481544,-0.70747603214001686,-0.2692012231520165,0.017776096260109502,0.46129824000000008,0.055055057163572618,0.20524215124921066,0.5840821827649888,-0.32332478049150332,0.40116142418248801,-0.31374005302135766,0.47296175551430508,-0.12477804135778695,0.67360562613658648,0.34729877926771274,0.1116693391425399,0.70462641788973279,-0.38182076313477137,0.53260960198729823,-0.051186969888499946,0.44390287443838289,-0.39915381750370793,0.78360893067330428,0.32114804230982663,-0.18468059078833651,-0.57481747355391877,0.2147259816908712,-0.33133324597846542,1.0,-0.58333337795745288,-0.492341949902033,-0.13068651117184282
-0.66424167073274876,-0.83398826363223633,0.36171974571377363,-0.91212679133304186,-0.04095114152847816,0.017804845365154129,0.48044847311234518,0.31124341151578661,0.29326001023105569,-0.30135792171399783,0.42687027054517473,-0.79285168000000006,0.28319169212477047,0.27275829461801454,-0.60928925262911537,-0.2153231351192679,-0.85786584872252847,0.5031867725445478,-0.22070901031391688,0.57415029849638233,-0.36925629288084821,0.059788185943232403,-0.46631753635633222,-0.62144975422429227,0.66106978340373557,-0.64479008365087664,0.72172254758740428,-0.82967064283589798,0.095391066847731992,-0.60354459332584676,-0.0020750331970075401,0.0015034764891274479,0.85385394298562634,-0.34901752479686093,0.72611580643883522,-0.58333337795745288,1.0,0.27622605014444596,0.10997554707771436
-0.61277168377805113,-0.26754036859447106,0.19448031832113152,-0.20374441919335567,0.48779523926112212,-0.35628340018650478,-0.54274676762154028,0.6675686413312738,0.31441491304666513,0.63776887737609556,-0.25119929255122647,0.11558240000000009,-0.69060234546670296,-0.77397912300857241,0.13062234533561815,0.4505250886094776,-0.19114025859270931,-0.19572050455019188,-0.2985463113393691,-0.35335074160609176,-0.23319774130648005,-0.41301479500243465,0.1508177556220992,-0.47405370582844436,-0.039978908503282742,0.33002464768529782,0.056119522541291628,0.24745070058735041,0.3634976425780172,-0.24500463961921826,-0.62158867241811988,0.32782236307514301,-0.061738300393283048,-0.065539229064515411,-0.40407139190455305,-0.492341949902033,0.27622605014444596,1.0,0.30746646609631195
-0.10563749032931809,0.1898139642528158,-0.55236595506962483,-0.10536053969009393,0.59052088304672257,0.3199766163150784,-0.41700585891498254,-0.33604073378916699,-0.18907892908084389,0.44376889484872234,-0.28225883703352544,0.30959413999999996,0.2138749139743138,-0.28152292473801122,-0.20095915773204337,-0.42175927369516669,-0.26287567560344899,-0.39771492280343512,0.45148093999259409,-0.0048507245645600505,-0.47405418484570555,-0.66040595811089187,0.59389042981736528,-0.12501588719072862,-0.42551613000138316,0.11147760856042108,0.080163962877574921,0.12243538650410035,-0.26934990072244869,-0.37152365220438877,0.33212384046130061,0.9144812093808794,-0.18597105861350616,-0.64142738630771234,-0.22053035842736285,-0.13068651117184282,0.10997554707771436,0.30746646609631195,1.0
