1.000000000000000000e+00,-8.091003422229691155e-01,-5.058588003096915475e-01,-6.049912143366885653e-01,7.029927797948888335e-01,-3.512403516301959572e-01,-4.295183308521963172e-01,-5.248942943539935957e-01,3.206264002003993141e-02,-3.535225394721720482e-01,4.479641853468540047e-01,7.454165770298843974e-01,8.383364600000000610e-01,3.899094258892004672e-01,2.004680563308121888e-01,-3.204269675497679049e-01,-7.975991243101688832e-01,3.173437328134137148e-01,-3.236059632898214966e-01,1.147642323225731287e-01,3.034447997250759865e-01,-2.768529722250016034e-01,-6.466084809798746669e-01,-3.571081368212684626e-01,3.391430565651698537e-01,-8.926298586751304498e-01,1.449362066718648534e-01,3.454084887478060528e-01,7.770256284131275004e-01,-9.183023416711080800e-02,3.181316412897425283e-01,-6.557427284814573154e-01,-8.604515487772153304e-02,1.318595215938467846e-01,-8.306438894688079611e-01,-1.657966190190865163e-01,7.163835225297091047e-02,-5.573346927334293932e-01,5.561778909529828674e-01
-8.091003422229691155e-01,1.000000000000000000e+00,3.703612958869102467e-01,7.216339574202099705e-01,-9.343204497757825466e-01,4.039891426505594074e-01,6.274054528191111979e-01,7.111747361379446852e-01,1.915139428839701674e-01,5.609868641996437200e-01,-2.135464198181689921e-01,-7.845151427530270283e-01,-9.802733599999999825e-01,-3.346037043316201220e-01,-4.800456366302325306e-01,3.447740991438544844e-01,9.267643315135947191e-01,4.317053805645161557e-02,6.836788948895091700e-01,-1.392732962497055527e-01,-4.673684833050907872e-01,2.936125949007290653e-02,6.921035780066419063e-01,6.422242279318712832e-01,-6.235265068526524290e-01,9.657290909186311278e-01,-2.419575309377652028e-01,-1.792444554839058291e-01,-7.793023122453534013e-01,-2.788069295755354893e-03,-5.733018327330914321e-01,7.312492325226570555e-01,1.595213116989993851e-01,-5.195339566246280627e-02,9.485024414117106950e-01,2.550675355269277356e-01,-3.039066603630182217e-01,7.126750515910471595e-01,-4.764945204328440154e-01
-5.058588003096915475e-01,3.703612958869102467e-01,1.000000000000000000e+00,4.417963252839496313e-01,-4.379824526334545887e-01,-1.468342087612141689e-01,6.094620054383320662e-01,-1.769599839066864633e-01,-1.067713023914897558e-01,6.570767834245083705e-01,8.206104021038128360e-02,-4.170762770442147382e-01,-3.802974000000000077e-01,1.976654294118898036e-01,2.957465641501301756e-01,6.950422661828228321e-01,4.284202209329742717e-01,-4.305219392902809861e-01,-2.401608990374579089e-01,-4.737333329339038501e-01,-1.698796331331708098e-01,8.706119189504765155e-01,5.891513871013125403e-01,-6.051714950678235838e-02,-1.072914345047292495e-01,3.649639029627545495e-01,2.931426888896614402e-01,-9.115018505063543497e-02,-4.938781570405888499e-01,2.755091569121324024e-01,1.086165350991543377e-01,6.370562851773051705e-01,-5.250536054454276735e-01,-5.602553736370181614e-01,4.428755014409974655e-01,-1.268342645275318259e-01,2.854492778851561718e-01,1.902228970258871277e-01,-4.475211369304153974e-01
-6.049912143366885653e-01,7.216339574202099705e-01,4.417963252839496313e-01,1.000000000000000000e+00,-7.200413047515917819e-01,-2.376039927075162261e-01,6.687352392055198047e-01,5.563319717366242978e-01,6.565650590859140046e-01,5.386741118557965002e-01,-3.973437315969411965e-01,-3.201627624176399123e-01,-8.196811800000000092e-01,-4.007620806015679271e-01,-5.357265426530494201e-01,8.157101503628515493e-01,4.605649307275111459e-01,-2.485169656323242549e-01,2.344576938153432877e-01,2.729729977820284370e-01,-8.254493611495031802e-01,1.083549599886778347e-01,9.107372139551757062e-01,7.233511446530974665e-01,-3.380691143815213184e-01,7.718658041232780986e-01,4.635808241680449138e-01,-1.798993705757798989e-01,-6.793987294939226596e-01,-1.698405908951852172e-01,-8.293860543127165030e-01,9.405297771366241122e-01,-4.117780197592875169e-01,-3.779133866083555504e-01,8.762829781134441332e-01,7.499819482540439619e-01,-2.851939262801762576e-01,9.611707709870656036e-01,-8.280982667806655595e-01
7.029927797948888335e-01,-9.343204497757825466e-01,-4.379824526334545887e-01,-7.200413047515917819e-01,1.000000000000000000e+00,-2.497690423857385211e-01,-7.958357819843947523e-01,-4.955435646877117684e-01,-2.068301211228362191e-01,-6.173023999942882645e-01,7.664862543707881559e-02,6.539015925306357335e-01,9.108369800000000183e-01,3.708488726000492841e-01,4.578213395689661458e-01,-4.583661898123188028e-01,-8.614709509509188567e-01,-1.379468232674202488e-02,-5.513781965566149079e-01,1.799466424310878498e-01,5.136042828419757900e-01,-7.249807360657758992e-02,-7.357722198897069799e-01,-5.376462891928024401e-01,6.914979755104138093e-01,-8.525377310772505046e-01,1.038283954526364461e-01,1.327190575959376340e-01,7.039408535366578068e-01,-3.192579866655557985e-02,5.255295924636703697e-01,-7.885614856580539511e-01,4.508769202848529611e-02,1.930062016059778396e-01,-9.014050441484704468e-01,-2.116847408178929302e-01,1.433001657150416164e-01,-6.694102168002651343e-01,5.207646807550632140e-01
-3.512403516301959572e-01,4.039891426505594074e-01,-1.468342087612141689e-01,-2.376039927075162261e-01,-2.497690423857385211e-01,1.000000000000000000e+00,-9.962811031240698112e-02,3.895660521252994335e-01,-3.794000674925773753e-01,-7.874450807379917983e-02,2.118149235603031255e-02,-5.960647121413684690e-01,-2.979937000000000280e-01,8.792423625552398675e-03,-1.698754361504331289e-01,-6.092045460273861623e-01,5.546553877522510945e-01,3.417841523900032596e-01,5.946268633764508760e-01,-2.888446401028341159e-01,3.886651102203813601e-01,-1.961960229176695769e-01,-1.648269281650733553e-01,-5.863505202738150679e-02,-2.629938183000851137e-01,3.614479002042756406e-01,-8.241853237803423715e-01,1.178774916718295374e-01,-2.836889605096816758e-01,2.059171196309605989e-01,1.489212381894664816e-01,-1.926456279161997964e-01,7.426438597721397583e-01,5.235310449412151623e-01,1.930580975414845635e-01,-4.319414514353957513e-01,-3.017774487134344263e-01,-1.478739248139808449e-01,3.473975129830906283e-01
-4.295183308521963172e-01,6.274054528191111979e-01,6.094620054383320662e-01,6.687352392055198047e-01,-7.958357819843947523e-01,-9.962811031240698112e-02,1.000000000000000000e+00,9.336527541136586950e-02,2.537290723446776197e-01,4.807153816946398983e-01,1.826678061951716309e-02,-3.768316894580630017e-01,-6.529008800000000168e-01,-2.466201952979544809e-01,-3.948922872336451673e-01,6.554591871858566066e-01,5.209408269204620634e-01,-3.530890281850001533e-01,4.330072665261855414e-02,-3.021820333156529509e-02,-3.675922247716346680e-01,3.571902552410169407e-01,6.504367954719457723e-01,1.890203122487928433e-01,-3.496466572275863105e-01,5.421399691249743080e-01,3.281161309396125603e-01,-2.646339820632571116e-01,-5.068461571755070727e-01,3.126285472244987040e-02,-3.335654852101864742e-01,8.452628434177578143e-01,-5.506961080219593407e-01,-2.210625417845348828e-01,7.149681397224931789e-01,1.412119067759129709e-01,9.752110376376457723e-02,5.360325071365166227e-01,-6.606602687479404823e-01
-5.248942943539935957e-01,7.111747361379446852e-01,-1.769599839066864633e-01,5.563319717366242978e-01,-4.955435646877117684e-01,3.895660521252994335e-01,9.336527541136586950e-02,1.000000000000000000e+00,3.432346424742642732e-01,1.562324403468394185e-01,-5.397202615930901670e-01,-5.321755235908893766e-01,-7.329727600000000010e-01,-3.024188555547447366e-01,-5.508345840740842547e-01,3.896315874851360994e-02,5.598566492038563602e-01,1.616659156113389173e-01,7.729611490791182815e-01,2.566104841357052524e-01,-3.819164226308822130e-01,-3.639524489093938220e-01,3.587204115600811094e-01,7.880542496301761179e-01,-2.803517591441314627e-01,7.723344809489059992e-01,-2.852998713986601986e-01,-7.905232174226120567e-02,-5.129200245882645781e-01,-3.456413366051752090e-01,-7.294125774339349499e-01,3.517279489035937678e-01,4.623666404685984888e-01,2.969741859872070400e-01,6.768151998209631648e-01,5.242684392878838029e-01,-6.251674181948010389e-01,6.978526030894479648e-01,-2.468404353689667985e-01
3.206264002003993141e-02,1.915139428839701674e-01,-1.067713023914897558e-01,6.565650590859140046e-01,-2.068301211228362191e-01,-3.794000674925773753e-01,2.537290723446776197e-01,3.432346424742642732e-01,1.000000000000000000e+00,2.271431016000715897e-01,-8.647953662356715199e-02,3.221969894688001546e-01,-2.973824800000000046e-01,-4.482652209212673600e-01,-6.959948890961449308e-01,5.352188751573579983e-01,-1.355258394171881264e-01,7.758778469816025869e-02,1.052549133995328429e-01,5.605854339394952257e-01,-7.894769878320514467e-01,-3.242227510619729025e-01,5.073618211723228688e-01,6.013974307888017012e-01,-1.331071225319016837e-01,2.296123343063990463e-01,5.893384317006605810e-01,7.535915619526477316e-02,-3.479903314655996560e-01,-7.663882238737329544e-02,-8.349724667552822499e-01,5.067087719138011481e-01,-3.900092397454003601e-01,-2.238160513399564122e-01,3.533670340634772478e-01,8.534592262035297638e-01,-5.436559825684279534e-01,7.284422654929028074e-01,-5.122716699082261460e-01
-3.535225394721720482e-01,5.609868641996437200e-01,6.570767834245083705e-01,5.386741118557965002e-01,-6.173023999942882645e-01,-7.874450807379917983e-02,4.807153816946398983e-01,1.562324403468394185e-01,2.271431016000715897e-01,1.000000000000000000e+00,3.544662108234805098e-01,-3.547735135371056225e-01,-5.017089399999999921e-01,1.014197499731173679e-01,8.769365797401605656e-02,6.422590425387665336e-01,5.791383219152165251e-01,2.507022995596754344e-01,3.595905401511624855e-01,-6.054340024543873877e-01,-5.617124520471535876e-01,3.867965866504020078e-01,6.332604768892317049e-01,4.934976586528251885e-01,-5.756482928856275771e-01,4.648731544955371775e-01,3.244691040814662308e-02,2.895251413918498162e-01,-5.994245540651230719e-01,3.053879403714278573e-01,-2.934917164315885563e-01,5.664908225517092388e-01,-1.625974542900774644e-01,-6.257411588905943400e-01,5.001905469166239016e-01,1.150909861055476741e-01,-9.099781032379886114e-02,3.817237902090089841e-01,-1.908727160019587366e-01
4.479641853468540047e-01,-2.135464198181689921e-01,8.206104021038128360e-02,-3.973437315969411965e-01,7.664862543707881559e-02,2.118149235603031255e-02,1.826678061951716309e-02,-5.397202615930901670e-01,-8.647953662356715199e-02,3.544662108234805098e-01,1.000000000000000000e+00,2.202526892149093418e-01,3.455418999999999574e-01,2.405163595720383185e-01,2.210102688456113407e-01,-1.213142378933296933e-01,-4.772600784177569860e-02,5.125638680028389293e-01,1.035286816507929517e-02,-5.915443698646840609e-01,1.421090453740908865e-01,9.614017931820831309e-02,-2.673745571150191180e-01,-2.717412757317759220e-01,-2.618261811619059243e-01,-4.065323404446520295e-01,-1.920449268622683725e-01,3.077772158937331359e-01,1.121405231277079195e-01,5.835081071541369235e-01,3.915692347666310802e-01,-2.575280197326935139e-01,-1.082984885368141678e-02,-1.830010552765359289e-01,-3.720332307682974182e-01,-5.138604293122994715e-01,1.035532106457662249e-01,-4.820454528342317246e-01,4.605368404252025427e-01
7.454165770298843974e-01,-7.845151427530270283e-01,-4.170762770442147382e-01,-3.201627624176399123e-01,6.539015925306357335e-01,-5.960647121413684690e-01,-3.768316894580630017e-01,-5.321755235908893766e-01,3.221969894688001546e-01,-3.547735135371056225e-01,2.202526892149093418e-01,1.000000000000000000e+00,7.272718400000000027e-01,-1.632952470545763132e-02,9.860040358063970611e-02,-2.451579920971029905e-02,-8.693519886398015650e-01,8.630692522027053060e-02,-5.490548047129827358e-01,3.639637865745582457e-01,-4.911692369559381849e-02,-2.944576582256247521e-01,-3.341784690052280737e-01,-2.649164958478777976e-01,3.190441240681987645e-01,-7.678915400362679167e-01,4.984099853977029815e-01,2.760272035216966291e-01,5.119157249676712373e-01,-6.217382290259055450e-02,8.787010713591889011e-02,-3.928022853855714369e-01,-3.497652532877455478e-01,-1.659506709523365375e-01,-6.739228850685604622e-01,1.944794317966711539e-01,1.148137669369393432e-01,-2.789044593359384927e-01,1.495657295708543444e-01
8.383364600000000610e-01,-9.802733599999999825e-01,-3.802974000000000077e-01,-8.196811800000000092e-01,9.108369800000000183e-01,-2.979937000000000280e-01,-6.529008800000000168e-01,-7.329727600000000010e-01,-2.973824800000000046e-01,-5.017089399999999921e-01,3.455418999999999574e-01,7.272718400000000027e-01,1.000000000000000000e+00,4.085489799999999505e-01,5.463468000000000213e-01,-4.401572799999999841e-01,-8.513127999999999806e-01,8.962786000000000364e-02,-5.836922199999999838e-01,-1.899324000000002233e-02,5.396936000000001066e-01,-4.199138000000002258e-02,-7.611553799999999370e-01,-6.646019199999999572e-01,5.281991399999999004e-01,-9.854820199999999586e-01,8.348573999999997497e-02,2.492635199999999607e-01,7.927019600000000388e-01,5.826506000000009067e-02,6.593658399999999808e-01,-8.141043000000000029e-01,-4.135118000000004290e-02,6.878827999999992393e-02,-9.898123800000000472e-01,-3.945692200000000538e-01,3.089520800000000733e-01,-8.149146999999999919e-01,6.120514399999998911e-01
3.899094258892004672e-01,-3.346037043316201220e-01,1.976654294118898036e-01,-4.007620806015679271e-01,3.708488726000492841e-01,8.792423625552398675e-03,-2.466201952979544809e-01,-3.024188555547447366e-01,-4.482652209212673600e-01,1.014197499731173679e-01,2.405163595720383185e-01,-1.632952470545763132e-02,4.085489799999999505e-01,1.000000000000000000e+00,6.062435626392762567e-01,-1.298113612168171893e-01,-1.885704408673991306e-01,2.044926117637575758e-01,-1.493326440094583651e-01,-4.418193708345842241e-01,4.087315577121604093e-01,3.608531854457172061e-01,-2.853749364820717949e-01,-3.105212020679971596e-01,2.216375932736905086e-01,-3.959982166394081515e-01,-1.502620477765854723e-01,4.799932891708641458e-01,4.491846084238085846e-01,-2.506181368785126776e-02,5.000215482629226660e-01,-3.788275642819695643e-01,6.110800910719909468e-02,-3.924688033349371663e-02,-4.242663250999750835e-01,-4.305588719329180858e-01,2.074238493016941909e-01,-4.933185344278906981e-01,5.252949785854790221e-01
2.004680563308121888e-01,-4.800456366302325306e-01,2.957465641501301756e-01,-5.357265426530494201e-01,4.578213395689661458e-01,-1.698754361504331289e-01,-3.948922872336451673e-01,-5.508345840740842547e-01,-6.959948890961449308e-01,8.769365797401605656e-02,2.210102688456113407e-01,9.860040358063970611e-02,5.463468000000000213e-01,6.062435626392762567e-01,1.000000000000000000e+00,-1.102431824719320441e-01,-1.961868704865945556e-01,-5.784560150665597061e-02,-3.781302474714001716e-01,-6.398604400315555107e-01,4.686735555930205410e-01,5.368573310343254246e-01,-3.757741807713356197e-01,-4.767027059116502041e-01,2.605649759447308811e-01,-4.784181311446248919e-01,-1.492585232084735480e-01,2.228866381764530169e-01,3.517765237308153603e-01,1.349401902276379794e-01,7.539099861175813100e-01,-4.691720932282694712e-01,4.753416511026571645e-02,-2.802933178631715760e-01,-5.558406870188773441e-01,-5.839388944331579401e-01,5.577045276984591293e-01,-6.899072150212032239e-01,4.841349452481127358e-01
-3.204269675497679049e-01,3.447740991438544844e-01,6.950422661828228321e-01,8.157101503628515493e-01,-4.583661898123188028e-01,-6.092045460273861623e-01,6.554591871858566066e-01,3.896315874851360994e-02,5.352188751573579983e-01,6.422590425387665336e-01,-1.213142378933296933e-01,-2.451579920971029905e-02,-4.401572799999999841e-01,-1.298113612168171893e-01,-1.102431824719320441e-01,1.000000000000000000e+00,1.595183490266459669e-01,-3.805136336137125430e-01,-2.078345419444651010e-01,5.053482789924193530e-02,-7.189699774167906954e-01,4.658633604620932012e-01,8.105875506771861305e-01,4.001937573901961365e-01,-1.531335447304778274e-01,3.722497611402067474e-01,7.373905702893812641e-01,-6.371506844941052239e-02,-4.671541103655745819e-01,-3.087331216494038424e-02,-4.877560122318423952e-01,8.391783268082275704e-01,-7.669517042790394701e-01,-6.931227155001947748e-01,5.407315877730753950e-01,5.495980948110708031e-01,4.617652317699642156e-02,6.529308083070948232e-01,-7.383614372681690519e-01
-7.975991243101688832e-01,9.267643315135947191e-01,4.284202209329742717e-01,4.605649307275111459e-01,-8.614709509509188567e-01,5.546553877522510945e-01,5.209408269204620634e-01,5.598566492038563602e-01,-1.355258394171881264e-01,5.791383219152165251e-01,-4.772600784177569860e-02,-8.693519886398015650e-01,-8.513127999999999806e-01,-1.885704408673991306e-01,-1.961868704865945556e-01,1.595183490266459669e-01,1.000000000000000000e+00,9.413221290895025517e-02,6.882472520478845057e-01,-4.487818934978483609e-01,-2.043552936989221913e-01,1.621395646763585663e-01,4.945762022845862083e-01,4.362167221966308794e-01,-6.349422784736968861e-01,8.618024674129886042e-01,-4.890749422067250940e-01,-1.390999023480953001e-01,-7.309005237059960081e-01,1.279180877816194217e-01,-2.573495407848713779e-01,5.287593379225572487e-01,3.245069106451354268e-01,-2.389546352482331548e-02,7.924580185212403149e-01,-9.204805056529358209e-02,-1.596783349626323956e-01,4.138056455848272419e-01,-2.368960586147618175e-01
3.173437328134137148e-01,4.317053805645161557e-02,-4.305219392902809861e-01,-2.485169656323242549e-01,-1.379468232674202488e-02,3.417841523900032596e-01,-3.530890281850001533e-01,1.616659156113389173e-01,7.758778469816025869e-02,2.507022995596754344e-01,5.125638680028389293e-01,8.630692522027053060e-02,8.962786000000000364e-02,2.044926117637575758e-01,-5.784560150665597061e-02,-3.805136336137125430e-01,9.413221290895025517e-02,1.000000000000000000e+00,6.219277391488055029e-01,-3.279549236392583222e-01,-1.344075462263828180e-01,-5.522200454503222167e-01,-1.657006095203601981e-01,3.195202276344580872e-01,-5.056417748832920944e-01,-9.760922697482242449e-02,-5.401035615969147496e-01,6.616635614918739972e-01,1.052459635496871826e-01,1.553497766752866549e-01,-1.094979932833600317e-01,-3.806480574000221107e-01,5.878391676012160172e-01,1.296926095626448755e-02,-1.898844169640968027e-01,-6.750432700072696302e-02,-3.504631922305410652e-01,-1.376948108065857990e-01,6.046531644760108071e-01
-3.236059632898214966e-01,6.836788948895091700e-01,-2.401608990374579089e-01,2.344576938153432877e-01,-5.513781965566149079e-01,5.946268633764508760e-01,4.330072665261855414e-02,7.729611490791182815e-01,1.052549133995328429e-01,3.595905401511624855e-01,1.035286816507929517e-02,-5.490548047129827358e-01,-5.836922199999999838e-01,-1.493326440094583651e-01,-3.781302474714001716e-01,-2.078345419444651010e-01,6.882472520478845057e-01,6.219277391488055029e-01,1.000000000000000000e+00,-2.176158212156621974e-01,-2.521427883116177937e-01,-4.636154278427181419e-01,1.673424817531221909e-01,6.820778034752797980e-01,-6.511612177603366414e-01,5.961160394389767303e-01,-6.686365247776537846e-01,1.730281570720730855e-01,-4.151390252040432216e-01,-9.709076479811819260e-02,-4.692775611007424241e-01,9.606138543928682827e-02,7.085425981934385664e-01,2.188407959554864723e-01,4.732177697097752489e-01,1.179605546879473610e-01,-5.689394521177909558e-01,3.574312372231923662e-01,1.568304709196877422e-01
1.147642323225731287e-01,-1.392732962497055527e-01,-4.737333329339038501e-01,2.729729977820284370e-01,1.799466424310878498e-01,-2.888446401028341159e-01,-3.021820333156529509e-02,2.566104841357052524e-01,5.605854339394952257e-01,-6.054340024543873877e-01,-5.915443698646840609e-01,3.639637865745582457e-01,-1.899324000000002233e-02,-4.418193708345842241e-01,-6.398604400315555107e-01,5.053482789924193530e-02,-4.487818934978483609e-01,-3.279549236392583222e-01,-2.176158212156621974e-01,1.000000000000000000e+00,-2.371342881442431438e-01,-4.684307410524721771e-01,6.428187136956246828e-02,1.652132602760191804e-01,3.576010204907399403e-01,-6.105622900216519169e-03,5.109045024205033370e-01,-3.254258916172087512e-01,1.681809387448690574e-01,-4.648319503072396719e-01,-5.092731257844709258e-01,1.362813543112923187e-01,-2.608347198511121734e-01,2.946343836671302951e-01,7.901242997663716905e-02,6.752250949095316424e-01,-2.603845053575493118e-01,4.362869581123382523e-01,-4.506506417640488982e-01
3.034447997250759865e-01,-4.673684833050907872e-01,-1.698796331331708098e-01,-8.254493611495031802e-01,5.136042828419757900e-01,3.886651102203813601e-01,-3.675922247716346680e-01,-3.819164226308822130e-01,-7.894769878320514467e-01,-5.617124520471535876e-01,1.421090453740908865e-01,-4.911692369559381849e-02,5.396936000000001066e-01,4.087315577121604093e-01,4.686735555930205410e-01,-7.189699774167906954e-01,-2.043552936989221913e-01,-1.344075462263828180e-01,-2.521427883116177937e-01,-2.371342881442431438e-01,1.000000000000000000e+00,1.934516665532592661e-01,-8.184444728304794969e-01,-7.879866474562767786e-01,5.069085650448054148e-01,-4.835142697675788859e-01,-4.638385359433184196e-01,-1.194196479723021453e-01,4.858124015153317266e-01,8.688696159719717926e-02,8.513372761117949938e-01,-6.890901744225914616e-01,3.347887858638750047e-01,6.027148436178721980e-01,-5.796008109625307991e-01,-8.309299078460856691e-01,3.388277923514150802e-01,-8.329535589841100540e-01,6.017503115722033780e-01
-2.768529722250016034e-01,2.936125949007290653e-02,8.706119189504765155e-01,1.083549599886778347e-01,-7.249807360657758992e-02,-1.961960229176695769e-01,3.571902552410169407e-01,-3.639524489093938220e-01,-3.242227510619729025e-01,3.867965866504020078e-01,9.614017931820831309e-02,-2.944576582256247521e-01,-4.199138000000002258e-02,3.608531854457172061e-01,5.368573310343254246e-01,4.658633604620932012e-01,1.621395646763585663e-01,-5.522200454503222167e-01,-4.636154278427181419e-01,-4.684307410524721771e-01,1.934516665532592661e-01,1.000000000000000000e+00,1.881511536096386883e-01,-3.544568126144946874e-01,3.091774557591980832e-01,6.132848322221712278e-02,2.583852184636235005e-01,-1.379401183465440994e-01,-1.960293939353741355e-01,3.365020285896688779e-01,4.176431815319606722e-01,3.114140360374239580e-01,-4.718299327536348287e-01,-3.046973429117902921e-01,1.054954303072101196e-01,-3.480239320412316095e-01,4.549477923304408034e-01,-1.433217866929941686e-01,-1.708419984861700158e-01
-6.466084809798746669e-01,6.921035780066419063e-01,5.891513871013125403e-01,9.107372139551757062e-01,-7.357722198897069799e-01,-1.648269281650733553e-01,6.504367954719457723e-01,3.587204115600811094e-01,5.073618211723228688e-01,6.332604768892317049e-01,-2.673745571150191180e-01,-3.341784690052280737e-01,-7.611553799999999370e-01,-2.853749364820717949e-01,-3.757741807713356197e-01,8.105875506771861305e-01,4.945762022845862083e-01,-1.657006095203601981e-01,1.673424817531221909e-01,6.428187136956246828e-02,-8.184444728304794969e-01,1.881511536096386883e-01,1.000000000000000000e+00,5.793783790187283511e-01,-5.052273421994852853e-01,7.147001768107295039e-01,4.118765513907843845e-01,-1.313468697016037523e-02,-6.757454015105326395e-01,-5.964222840199649017e-02,-6.653103870913099627e-01,9.115446022698855399e-01,-4.297604478294665409e-01,-6.187792192742439523e-01,8.143670165329718325e-01,5.965154386453375146e-01,-2.104631075012096397e-01,8.291837037873099892e-01,-7.850052473363847705e-01
-3.571081368212684626e-01,6.422242279318712832e-01,-6.051714950678235838e-02,7.233511446530974665e-01,-5.376462891928024401e-01,-5.863505202738150679e-02,1.890203122487928433e-01,7.880542496301761179e-01,6.013974307888017012e-01,4.934976586528251885e-01,-2.717412757317759220e-01,-2.649164958478777976e-01,-6.646019199999999572e-01,-3.105212020679971596e-01,-4.767027059116502041e-01,4.001937573901961365e-01,4.362167221966308794e-01,3.195202276344580872e-01,6.820778034752797980e-01,1.652132602760191804e-01,-7.879866474562767786e-01,-3.544568126144946874e-01,5.793783790187283511e-01,1.000000000000000000e+00,-5.083243676190100091e-01,6.516606245627774019e-01,1.255531043553625992e-02,5.930885985793057924e-02,-4.859806538326538194e-01,-2.864617094129418562e-01,-8.800722917450922722e-01,4.957489164557876138e-01,1.618616017243988403e-01,-1.981994870798722275e-01,6.376869433059453307e-01,7.313538461884951936e-01,-5.351418125738807152e-01,8.083066628840008816e-01,-3.441801811968153157e-01
3.391430565651698537e-01,-6.235265068526524290e-01,-1.072914345047292495e-01,-3.380691143815213184e-01,6.914979755104138093e-01,-2.629938183000851137e-01,-3.496466572275863105e-01,-2.803517591441314627e-01,-1.331071225319016837e-01,-5.756482928856275771e-01,-2.618261811619059243e-01,3.190441240681987645e-01,5.281991399999999004e-01,2.216375932736905086e-01,2.605649759447308811e-01,-1.531335447304778274e-01,-6.349422784736968861e-01,-5.056417748832920944e-01,-6.511612177603366414e-01,3.576010204907399403e-01,5.069085650448054148e-01,3.091774557591980832e-01,-5.052273421994852853e-01,-5.083243676190100091e-01,1.000000000000000000e+00,-4.710188266986569672e-01,3.251192854358493367e-01,-1.929206959030971003e-01,4.615708761247833136e-01,2.005537049028199501e-02,3.719905216304563167e-01,-3.421663571653904556e-01,-2.207624653160954742e-01,4.180508251327714753e-01,-4.714323598386179204e-01,-8.863003353300365206e-02,2.922155597142737649e-01,-3.447970070003642529e-01,1.611579333648182344e-01
-8.926298586751304498e-01,9.657290909186311278e-01,3.649639029627545495e-01,7.718658041232780986e-01,-8.525377310772505046e-01,3.614479002042756406e-01,5.421399691249743080e-01,7.723344809489059992e-01,2.296123343063990463e-01,4.648731544955371775e-01,-4.065323404446520295e-01,-7.678915400362679167e-01,-9.854820199999999586e-01,-3.959982166394081515e-01,-4.784181311446248919e-01,3.722497611402067474e-01,8.618024674129886042e-01,-9.760922697482242449e-02,5.961160394389767303e-01,-6.105622900216519169e-03,-4.835142697675788859e-01,6.132848322221712278e-02,7.147001768107295039e-01,6.516606245627774019e-01,-4.710188266986569672e-01,1.000000000000000000e+00,-1.546918521026058313e-01,-2.503050446368757509e-01,-8.056719364300927166e-01,-3.507030919020306947e-02,-6.150108690358895291e-01,7.498314147242522987e-01,1.367944963325750940e-01,-2.928019243250448364e-02,9.656473841864571250e-01,3.666736591373878640e-01,-3.142178370191347492e-01,7.751193567976791821e-01,-5.580888082900407055e-01
1.449362066718648534e-01,-2.419575309377652028e-01,2.931426888896614402e-01,4.635808241680449138e-01,1.038283954526364461e-01,-8.241853237803423715e-01,3.281161309396125603e-01,-2.852998713986601986e-01,5.893384317006605810e-01,3.244691040814662308e-02,-1.920449268622683725e-01,4.984099853977029815e-01,8.348573999999997497e-02,-1.502620477765854723e-01,-1.492585232084735480e-01,7.373905702893812641e-01,-4.890749422067250940e-01,-5.401035615969147496e-01,-6.686365247776537846e-01,5.109045024205033370e-01,-4.638385359433184196e-01,2.583852184636235005e-01,4.118765513907843845e-01,1.255531043553625992e-02,3.251192854358493367e-01,-1.546918521026058313e-01,1.000000000000000000e+00,-1.366087377805813574e-01,2.178111939640603456e-02,-1.321227639140410970e-01,-3.034363403636589074e-01,4.697068575216724051e-01,-9.228920079097721052e-01,-4.596409680287916188e-01,5.296256266508170274e-02,5.734010967261663483e-01,1.248729560981397535e-01,3.758820795889804556e-01,-6.311182264774801709e-01
3.454084887478060528e-01,-1.792444554839058291e-01,-9.115018505063543497e-02,-1.798993705757798989e-01,1.327190575959376340e-01,1.178774916718295374e-01,-2.646339820632571116e-01,-7.905232174226120567e-02,7.535915619526477316e-02,2.895251413918498162e-01,3.077772158937331359e-01,2.760272035216966291e-01,2.492635199999999607e-01,4.799932891708641458e-01,2.228866381764530169e-01,-6.371506844941052239e-02,-1.390999023480953001e-01,6.616635614918739972e-01,1.730281570720730855e-01,-3.254258916172087512e-01,-1.194196479723021453e-01,-1.379401183465440994e-01,-1.313468697016037523e-02,5.930885985793057924e-02,-1.929206959030971003e-01,-2.503050446368757509e-01,-1.366087377805813574e-01,1.000000000000000000e+00,1.267022019051794735e-01,1.239933868071860790e-01,1.693314357993003574e-02,-2.734248484485785058e-01,1.820933544305725904e-01,-2.220462364817074596e-01,-2.848055305154140182e-01,-2.073517873556485203e-02,-1.564834048541464684e-01,-1.767741190253509509e-01,5.021079539776954759e-01
7.770256284131275004e-01,-7.793023122453534013e-01,-4.938781570405888499e-01,-6.793987294939226596e-01,7.039408535366578068e-01,-2.836889605096816758e-01,-5.068461571755070727e-01,-5.129200245882645781e-01,-3.479903314655996560e-01,-5.994245540651230719e-01,1.121405231277079195e-01,5.119157249676712373e-01,7.927019600000000388e-01,4.491846084238085846e-01,3.517765237308153603e-01,-4.671541103655745819e-01,-7.309005237059960081e-01,1.052459635496871826e-01,-4.151390252040432216e-01,1.681809387448690574e-01,4.858124015153317266e-01,-1.960293939353741355e-01,-6.757454015105326395e-01,-4.859806538326538194e-01,4.615708761247833136e-01,-8.056719364300927166e-01,2.178111939640603456e-02,1.267022019051794735e-01,1.000000000000000000e+00,-2.300770517112050717e-01,4.802921664146255210e-01,-7.111357269481560772e-01,2.345392468204751668e-02,2.428699660794091941e-01,-7.908197097762070804e-01,-2.721014308708874507e-01,3.745702488044209688e-01,-6.231780598354119682e-01,5.384402078222999544e-01
-9.183023416711080800e-02,-2.788069295755354893e-03,2.755091569121324024e-01,-1.698405908951852172e-01,-3.192579866655557985e-02,2.059171196309605989e-01,3.126285472244987040e-02,-3.456413366051752090e-01,-7.663882238737329544e-02,3.053879403714278573e-01,5.835081071541369235e-01,-6.217382290259055450e-02,5.826506000000009067e-02,-2.506181368785126776e-02,1.349401902276379794e-01,-3.087331216494038424e-02,1.279180877816194217e-01,1.553497766752866549e-01,-9.709076479811819260e-02,-4.648319503072396719e-01,8.688696159719717926e-02,3.365020285896688779e-01,-5.964222840199649017e-02,-2.864617094129418562e-01,2.005537049028199501e-02,-3.507030919020306947e-02,-1.321227639140410970e-01,1.239933868071860790e-01,-2.300770517112050717e-01,1.000000000000000000e+00,3.165858036927024499e-01,-1.605744985725783905e-02,-1.435553894750617523e-02,-5.098204913026814500e-02,-6.516233375200507216e-02,-3.782624516551998384e-01,2.854873083813846413e-01,-2.608780052529338089e-01,2.630065926238133178e-01
3.181316412897425283e-01,-5.733018327330914321e-01,1.086165350991543377e-01,-8.293860543127165030e-01,5.255295924636703697e-01,1.489212381894664816e-01,-3.335654852101864742e-01,-7.294125774339349499e-01,-8.349724667552822499e-01,-2.934917164315885563e-01,3.915692347666310802e-01,8.787010713591889011e-02,6.593658399999999808e-01,5.000215482629226660e-01,7.539099861175813100e-01,-4.877560122318423952e-01,-2.573495407848713779e-01,-1.094979932833600317e-01,-4.692775611007424241e-01,-5.092731257844709258e-01,8.513372761117949938e-01,4.176431815319606722e-01,-6.653103870913099627e-01,-8.800722917450922722e-01,3.719905216304563167e-01,-6.150108690358895291e-01,-3.034363403636589074e-01,1.693314357993003574e-02,4.802921664146255210e-01,3.165858036927024499e-01,1.000000000000000000e+00,-6.310410762866601742e-01,1.012247549717694567e-01,1.385749750164540217e-01,-6.758451079703136077e-01,-9.051674954402549877e-01,5.858713928627996559e-01,-9.364186691175562238e-01,5.807384516971396682e-01
-6.557427284814573154e-01,7.312492325226570555e-01,6.370562851773051705e-01,9.405297771366241122e-01,-7.885614856580539511e-01,-1.926456279161997964e-01,8.452628434177578143e-01,3.517279489035937678e-01,5.067087719138011481e-01,5.664908225517092388e-01,-2.575280197326935139e-01,-3.928022853855714369e-01,-8.141043000000000029e-01,-3.788275642819695643e-01,-4.691720932282694712e-01,8.391783268082275704e-01,5.287593379225572487e-01,-3.806480574000221107e-01,9.606138543928682827e-02,1.362813543112923187e-01,-6.890901744225914616e-01,3.114140360374239580e-01,9.115446022698855399e-01,4.957489164557876138e-01,-3.421663571653904556e-01,7.498314147242522987e-01,4.697068575216724051e-01,-2.734248484485785058e-01,-7.111357269481560772e-01,-1.605744985725783905e-02,-6.310410762866601742e-01,1.000000000000000000e+00,-5.401113424383076067e-01,-4.054708364452249136e-01,8.841113188077603935e-01,5.249489787148348130e-01,-1.142423972080444661e-01,8.394151365015760646e-01,-8.676840536677354887e-01
-8.604515487772153304e-02,1.595213116989993851e-01,-5.250536054454276735e-01,-4.117780197592875169e-01,4.508769202848529611e-02,7.426438597721397583e-01,-5.506961080219593407e-01,4.623666404685984888e-01,-3.900092397454003601e-01,-1.625974542900774644e-01,-1.082984885368141678e-02,-3.497652532877455478e-01,-4.135118000000004290e-02,6.110800910719909468e-02,4.753416511026571645e-02,-7.669517042790394701e-01,3.245069106451354268e-01,5.878391676012160172e-01,7.085425981934385664e-01,-2.608347198511121734e-01,3.347887858638750047e-01,-4.718299327536348287e-01,-4.297604478294665409e-01,1.618616017243988403e-01,-2.207624653160954742e-01,1.367944963325750940e-01,-9.228920079097721052e-01,1.820933544305725904e-01,2.345392468204751668e-02,-1.435553894750617523e-02,1.012247549717694567e-01,-5.401113424383076067e-01,1.000000000000000000e+00,5.098206602065922244e-01,-9.660589912896257181e-02,-2.977611397029976681e-01,-3.072562989176142456e-01,-2.501717934773352581e-01,6.224377662997901961e-01
1.318595215938467846e-01,-5.195339566246280627e-02,-5.602553736370181614e-01,-3.779133866083555504e-01,1.930062016059778396e-01,5.235310449412151623e-01,-2.210625417845348828e-01,2.969741859872070400e-01,-2.238160513399564122e-01,-6.257411588905943400e-01,-1.830010552765359289e-01,-1.659506709523365375e-01,6.878827999999992393e-02,-3.924688033349371663e-02,-2.802933178631715760e-01,-6.931227155001947748e-01,-2.389546352482331548e-02,1.296926095626448755e-02,2.188407959554864723e-01,2.946343836671302951e-01,6.027148436178721980e-01,-3.046973429117902921e-01,-6.187792192742439523e-01,-1.981994870798722275e-01,4.180508251327714753e-01,-2.928019243250448364e-02,-4.596409680287916188e-01,-2.220462364817074596e-01,2.428699660794091941e-01,-5.098204913026814500e-02,1.385749750164540217e-01,-4.054708364452249136e-01,5.098206602065922244e-01,1.000000000000000000e+00,-1.247208053300775527e-01,-2.512976917280408395e-01,-9.411664735837754758e-02,-2.197043567832968058e-01,3.788813876050629581e-01
-8.306438894688079611e-01,9.485024414117106950e-01,4.428755014409974655e-01,8.762829781134441332e-01,-9.014050441484704468e-01,1.930580975414845635e-01,7.149681397224931789e-01,6.768151998209631648e-01,3.533670340634772478e-01,5.001905469166239016e-01,-3.720332307682974182e-01,-6.739228850685604622e-01,-9.898123800000000472e-01,-4.242663250999750835e-01,-5.558406870188773441e-01,5.407315877730753950e-01,7.924580185212403149e-01,-1.898844169640968027e-01,4.732177697097752489e-01,7.901242997663716905e-02,-5.796008109625307991e-01,1.054954303072101196e-01,8.143670165329718325e-01,6.376869433059453307e-01,-4.714323598386179204e-01,9.656473841864571250e-01,5.296256266508170274e-02,-2.848055305154140182e-01,-7.908197097762070804e-01,-6.516233375200507216e-02,-6.758451079703136077e-01,8.841113188077603935e-01,-9.660589912896257181e-02,-1.247208053300775527e-01,1.000000000000000000e+00,4.474094613819570299e-01,-2.673283190403783482e-01,8.528999810721216157e-01,-7.039167414422317082e-01
-1.657966190190865163e-01,2.550675355269277356e-01,-1.268342645275318259e-01,7.499819482540439619e-01,-2.116847408178929302e-01,-4.319414514353957513e-01,1.412119067759129709e-01,5.242684392878838029e-01,8.534592262035297638e-01,1.150909861055476741e-01,-5.138604293122994715e-01,1.944794317966711539e-01,-3.945692200000000538e-01,-4.305588719329180858e-01,-5.839388944331579401e-01,5.495980948110708031e-01,-9.204805056529358209e-02,-6.750432700072696302e-02,1.179605546879473610e-01,6.752250949095316424e-01,-8.309299078460856691e-01,-3.480239320412316095e-01,5.965154386453375146e-01,7.313538461884951936e-01,-8.863003353300365206e-02,3.666736591373878640e-01,5.734010967261663483e-01,-2.073517873556485203e-02,-2.721014308708874507e-01,-3.782624516551998384e-01,-9.051674954402549877e-01,5.249489787148348130e-01,-2.977611397029976681e-01,-2.512976917280408395e-01,4.474094613819570299e-01,1.000000000000000000e+00,-4.387565701665988027e-01,8.445807734623531626e-01,-6.108441404963951271e-01
7.163835225297091047e-02,-3.039066603630182217e-01,2.854492778851561718e-01,-2.851939262801762576e-01,1.433001657150416164e-01,-3.017774487134344263e-01,9.752110376376457723e-02,-6.251674181948010389e-01,-5.436559825684279534e-01,-9.099781032379886114e-02,1.035532106457662249e-01,1.148137669369393432e-01,3.089520800000000733e-01,2.074238493016941909e-01,5.577045276984591293e-01,4.617652317699642156e-02,-1.596783349626323956e-01,-3.504631922305410652e-01,-5.689394521177909558e-01,-2.603845053575493118e-01,3.388277923514150802e-01,4.549477923304408034e-01,-2.104631075012096397e-01,-5.351418125738807152e-01,2.922155597142737649e-01,-3.142178370191347492e-01,1.248729560981397535e-01,-1.564834048541464684e-01,3.745702488044209688e-01,2.854873083813846413e-01,5.858713928627996559e-01,-1.142423972080444661e-01,-3.072562989176142456e-01,-9.411664735837754758e-02,-2.673283190403783482e-01,-4.387565701665988027e-01,1.000000000000000000e+00,-4.294529517261481133e-01,1.247479950453718595e-01
-5.573346927334293932e-01,7.126750515910471595e-01,1.902228970258871277e-01,9.611707709870656036e-01,-6.694102168002651343e-01,-1.478739248139808449e-01,5.360325071365166227e-01,6.978526030894479648e-01,7.284422654929028074e-01,3.817237902090089841e-01,-4.820454528342317246e-01,-2.789044593359384927e-01,-8.149146999999999919e-01,-4.933185344278906981e-01,-6.899072150212032239e-01,6.529308083070948232e-01,4.138056455848272419e-01,-1.376948108065857990e-01,3.574312372231923662e-01,4.362869581123382523e-01,-8.329535589841100540e-01,-1.433217866929941686e-01,8.291837037873099892e-01,8.083066628840008816e-01,-3.447970070003642529e-01,7.751193567976791821e-01,3.758820795889804556e-01,-1.767741190253509509e-01,-6.231780598354119682e-01,-2.608780052529338089e-01,-9.364186691175562238e-01,8.394151365015760646e-01,-2.501717934773352581e-01,-2.197043567832968058e-01,8.528999810721216157e-01,8.445807734623531626e-01,-4.294529517261481133e-01,1.000000000000000000e+00,-7.725906020853243739e-01
5.561778909529828674e-01,-4.764945204328440154e-01,-4.475211369304153974e-01,-8.280982667806655595e-01,5.207646807550632140e-01,3.473975129830906283e-01,-6.606602687479404823e-01,-2.468404353689667985e-01,-5.122716699082261460e-01,-1.908727160019587366e-01,4.605368404252025427e-01,1.495657295708543444e-01,6.120514399999998911e-01,5.252949785854790221e-01,4.841349452481127358e-01,-7.383614372681690519e-01,-2.368960586147618175e-01,6.046531644760108071e-01,1.568304709196877422e-01,-4.506506417640488982e-01,6.017503115722033780e-01,-1.708419984861700158e-01,-7.850052473363847705e-01,-3.441801811968153157e-01,1.611579333648182344e-01,-5.580888082900407055e-01,-6.311182264774801709e-01,5.021079539776954759e-01,5.384402078222999544e-01,2.630065926238133178e-01,5.807384516971396682e-01,-8.676840536677354887e-01,6.224377662997901961e-01,3.788813876050629581e-01,-7.039167414422317082e-01,-6.108441404963951271e-01,1.247479950453718595e-01,-7.725906020853243739e-01,1.000000000000000000e+00
