1.000000000000000000e+00,-2.963271200000000549e-01,-7.599215999999997528e-02,6.807441000000000741e-01,-3.082620799999999939e-01,-8.580811600000000094e-01,-2.179577799999999899e-01,-2.087284600000000045e-01,7.087350800000000728e-01,-6.508084000000000646e-01,-1.690717200000000364e-01,-2.984370200000000528e-01,-9.555642199999999642e-01,5.775224599999999597e-01,1.058254599999999268e-01,4.101906600000000402e-01,-1.569093599999999977e-01,-4.394087599999999538e-01,4.069860999999999063e-01,-6.630554799999999194e-01,7.167755399999999888e-01,2.365219599999999200e-01,-2.933672600000000186e-01,-9.695063999999997684e-02,-5.126752000000001086e-02,8.131515600000001065e-01,-1.051130599999999804e-01,-5.159502999999999728e-01,-8.869993000000000460e-01,-1.790402599999999511e-01,9.611140000000073513e-03,1.865297599999999889e-01,7.059531400000000900e-01,7.958070600000000105e-01,-9.574408000000000918e-02,-3.565609800000000273e-01,8.676886399999999000e-01,-2.920116000000000378e-01,-6.468964600000000065e-01
-2.963271200000000549e-01,1.000000000000000000e+00,-8.401667044198495304e-01,7.215510760141818913e-03,8.042292364864511711e-02,4.376333223210829848e-01,-9.591318247739388791e-02,-2.465171535077523846e-01,2.169590173576141368e-01,6.027845832057785458e-01,7.236928476713095915e-01,4.485586257159793755e-01,6.307709275517300873e-02,-1.824566548102015684e-01,3.551019156210983851e-01,-7.244536920022396354e-01,-1.750044449449551509e-01,-3.765680558395381183e-01,-6.526911700362739710e-01,7.815587513756407922e-01,-3.181041357564888816e-01,-3.133016323205086717e-01,-4.722925569559090486e-01,-2.829843202623182341e-01,-6.983179934757519636e-01,-2.167063291007960135e-01,2.125374764664778038e-01,-4.703889651493894930e-01,3.728649976071137240e-01,2.765561826435547488e-01,-1.298789752608032755e-01,1.826120088246860895e-01,-8.057757090668516975e-01,-1.452631711897262035e-01,1.012429936482680537e-01,-3.398282513164621044e-01,1.452725763174732565e-01,6.754478732319590950e-02,-1.907800677003648748e-01
-7.599215999999997528e-02,-8.401667044198495304e-01,1.000000000000000000e+00,-4.233797846862374925e-02,2.032215604495286321e-01,4.278754182269359219e-02,1.139078141093467500e-01,-7.410179374127592866e-03,-4.065984133587833838e-01,-4.339007283706173279e-01,-7.838392274290366668e-01,-2.652195324184239977e-01,3.066218511640642075e-01,8.385830633712472448e-02,-3.814214841451439852e-01,5.247434145417326778e-01,9.951679333927575255e-02,5.787997610768058632e-01,3.944898591894275275e-01,-4.713759431754840912e-01,-2.212285212770637999e-01,8.603728942873614671e-02,6.684842678248963388e-01,-2.264856589701467332e-02,4.828037166144053538e-01,-5.837038499497487765e-02,-6.946106821221452454e-02,6.281937463103242081e-01,-5.082498612718838737e-02,-4.942784712831903571e-01,3.696942041641060328e-01,-5.000800826521003550e-01,5.261398086069528635e-01,-1.266595399338330818e-01,-1.572768828743285607e-01,3.923299777981772984e-01,-4.683630045135072639e-01,2.653677271576045937e-01,3.633388732767417473e-01
6.807441000000000741e-01,7.215510760141818913e-03,-4.233797846862374925e-02,1.000000000000000000e+00,-2.367080527157976455e-01,-2.540181319306881180e-01,-5.310152022827339113e-01,-8.447559964879842731e-01,8.420770741694041384e-01,-6.387586332400180256e-01,8.322843732509099812e-02,-8.538313810588904484e-02,-7.171630146374046166e-01,6.658824167930121884e-01,4.603876564225863888e-01,2.029178155912220172e-01,-4.126601617173819569e-01,-2.115539165491941986e-02,-3.934429451302323688e-02,-8.942258457191842869e-02,1.223321016496733138e-01,-5.736334991308433828e-02,-3.369108516795450425e-01,-5.908134487827625403e-01,-6.604178885850293668e-01,6.874547800169941159e-01,1.025792881352961539e-01,-3.772613511051037261e-01,-5.061654094761898204e-01,-6.967441220925408851e-01,2.619886511504495585e-01,-4.440425027466509134e-01,4.015958004454420194e-01,4.412449347571557601e-01,9.289246060065203814e-02,-3.331292116605459874e-01,5.990774468482328308e-01,5.828739806644467336e-02,-8.333115805728661396e-01
-3.082620799999999939e-01,8.042292364864511711e-02,2.032215604495286321e-01,-2.367080527157976455e-01,1.000000000000000000e+00,2.474748819167047476e-01,3.270088675328410854e-01,-4.894375116593813885e-02,-4.293195226217955129e-01,2.189958145670995726e-01,-4.826230707519668650e-01,-6.492763061733288106e-03,3.088070923531909817e-01,-1.972764271039865736e-01,-3.317417981366947988e-01,3.455589796518427834e-03,-2.405190988112438644e-01,-2.324343949371700246e-01,-1.700612503874970871e-02,2.964253628389964396e-02,-5.662358193247932769e-01,1.065888318509321774e-02,7.494206715492787163e-01,3.607789100696619927e-02,6.276377088708606777e-02,-3.892694027562507153e-01,5.370023620791204433e-01,3.443251403720504894e-02,3.507802508487449789e-01,1.266432357772424508e-02,1.771226501212407045e-01,-1.635278623740302750e-01,-3.145181309475698628e-01,-2.243005814793355979e-01,-6.802880748005563083e-01,1.252292353393059388e-01,-3.948651658405700760e-01,1.164951198954255196e-01,5.689448244193054949e-01
-8.580811600000000094e-01,4.376333223210829848e-01,4.278754182269359219e-02,-2.540181319306881180e-01,2.474748819167047476e-01,1.000000000000000000e+00,-1.367939896357138196e-01,-2.524213543909279434e-01,-3.583845645743850006e-01,4.656715166871302491e-01,2.947844805254537515e-01,3.546576379102810428e-01,7.722435583697416783e-01,-3.929521932229140813e-01,1.273856142383673062e-01,-4.198751832886601365e-01,3.034118167859148341e-02,5.228133597506338104e-01,-5.786489462538501050e-01,7.995642961114942660e-01,-8.358699789831203208e-01,-3.392363506874185308e-01,1.465984560235136513e-01,-2.980893185601163897e-01,-3.754139607696745928e-01,-6.854739001910524765e-01,2.356755101566436472e-01,3.783584459051009818e-01,7.915349406460355786e-01,-1.404112605068362218e-01,2.874870264320632529e-01,-4.711474877288127083e-01,-7.246433342613489703e-01,-7.119657112998499793e-01,1.930656420076422020e-01,2.149421118058547353e-01,-7.074386364991083198e-01,3.969975388376607017e-01,2.935212876692313566e-01
-2.179577799999999899e-01,-9.591318247739388791e-02,1.139078141093467500e-01,-5.310152022827339113e-01,3.270088675328410854e-01,-1.367939896357138196e-01,1.000000000000000000e+00,4.568973433645432958e-01,-4.809500278807505858e-01,2.533510101228840239e-01,-4.115031522362657124e-01,4.722544673342986277e-02,3.128057748333634702e-01,-1.451091213024871540e-01,-4.853999582983222205e-01,-9.652318474299970141e-02,-5.000407178058819541e-02,-2.932953598305093612e-01,2.327782560348947982e-01,-2.014432697137660822e-01,-1.316553403409790324e-01,-8.328830549939327324e-03,3.276084135368388384e-01,2.704198672136524650e-01,4.779912350844657265e-01,-1.323200231683694002e-02,-3.796457837127181212e-01,2.205017039512102428e-01,1.940762669553014186e-01,2.888379766890695199e-01,-2.054996116478851054e-01,3.870682996111029506e-01,1.113000936530104956e-02,4.594070804106555050e-02,-3.913868616881684415e-01,9.363184520930099841e-02,-1.422932803607221131e-01,-6.657005654813030748e-02,5.807980937993976189e-01
-2.087284600000000045e-01,-2.465171535077523846e-01,-7.410179374127592866e-03,-8.447559964879842731e-01,-4.894375116593813885e-02,-2.524213543909279434e-01,4.568973433645432958e-01,1.000000000000000000e+00,-5.806195051904118332e-01,3.479924446159393669e-01,-1.306911308891030299e-01,-1.164837288136296445e-01,2.802736344024853166e-01,-4.800127189079539392e-01,-4.763990716369821410e-01,5.111271818264143119e-02,5.033759247433174933e-01,-1.665684792795154023e-01,3.450770906119682291e-01,-3.204262159029779289e-01,4.130292931970527270e-01,2.608606254719700868e-01,1.569887884133999434e-01,7.548052313746496100e-01,8.471755558025391153e-01,-3.413156087034076025e-01,-2.493138802529251130e-01,1.930306598718524724e-01,5.686769462433136774e-02,7.980750798329330209e-01,-3.635252112481140996e-01,7.062782225324931717e-01,-1.190463883591346209e-02,-6.092829698491378232e-02,-5.386699320488719939e-02,2.433218964977407750e-01,-2.050798845401582415e-01,-3.355760020523088638e-01,5.906512434941058043e-01
7.087350800000000728e-01,2.169590173576141368e-01,-4.065984133587833838e-01,8.420770741694041384e-01,-4.293195226217955129e-01,-3.583845645743850006e-01,-4.809500278807505858e-01,-5.806195051904118332e-01,1.000000000000000000e+00,-5.324400972583556158e-01,3.942274247759731121e-01,-1.769424600848840679e-01,-8.094866556625580634e-01,6.690695034789626572e-01,4.572983313961177521e-01,1.402201647065265677e-01,-3.310027624665013435e-01,-1.959226860950601112e-01,5.398881197296116069e-02,-6.125637397118232491e-02,3.665117674626960920e-01,8.879220837312988557e-02,-6.079456764312308747e-01,-4.190232539148887048e-01,-6.142130370299416775e-01,7.177118647652500627e-01,8.470427700464495946e-02,-4.671000700426710672e-01,-4.795732623826987062e-01,-3.471173678769492454e-01,1.431519592673491381e-01,-2.556751817853252298e-02,2.957450069667434400e-01,6.212009964982045940e-01,1.663598732565965410e-01,-2.680197413282933150e-01,7.618138935205446272e-01,-3.088525339384849966e-01,-8.628197806084687560e-01
-6.508084000000000646e-01,6.027845832057785458e-01,-4.339007283706173279e-01,-6.387586332400180256e-01,2.189958145670995726e-01,4.656715166871302491e-01,2.533510101228840239e-01,3.479924446159393669e-01,-5.324400972583556158e-01,1.000000000000000000e+00,3.516385625770080958e-01,4.717476467298967191e-01,5.509681723806398868e-01,-6.875042358629452899e-01,1.665623931556523690e-02,-6.868225361889600533e-01,1.494626920932115577e-01,-2.336734273611389967e-01,-6.216580015344299603e-01,5.997490863878484069e-01,-3.325765709766981271e-01,-2.359759165762657929e-01,-6.757765889454452057e-02,2.301758759710809676e-01,-1.857286478506571872e-02,-6.732653686576159924e-01,1.035363591511056225e-01,-5.905081822394071117e-02,5.339553616979841877e-01,5.873739087761997713e-01,-3.108368961805495490e-01,2.760434586708307991e-01,-8.233127608437481593e-01,-5.238459187025411579e-01,1.910596377461927509e-02,-1.502066401387081307e-01,-3.197873827982552486e-01,3.365495574303848936e-01,4.394921561285393685e-01
-1.690717200000000364e-01,7.236928476713095915e-01,-7.838392274290366668e-01,8.322843732509099812e-02,-4.826230707519668650e-01,2.947844805254537515e-01,-4.115031522362657124e-01,-1.306911308891030299e-01,3.942274247759731121e-01,3.516385625770080958e-01,1.000000000000000000e+00,1.646783040447801771e-01,-4.048085978093830806e-02,-4.923441848895091649e-02,6.657415000714347331e-01,-4.005425456292929232e-01,-6.315829457226078414e-02,2.033759103445938188e-02,-5.327385117432373862e-01,7.038375398737336530e-01,5.250364189394358949e-02,-2.780938184897777804e-02,-7.348298984709864534e-01,-5.384393508245216564e-02,-5.606080787098434159e-01,-9.456949271011472202e-02,6.347756973783767742e-02,-2.231849865690891943e-01,3.056437920147431209e-01,2.329311004206185975e-01,-2.115374250317387239e-01,1.096892004724503294e-01,-5.462779842779594830e-01,-1.559418818394532058e-01,4.634606651069562711e-01,-4.495473858235757986e-02,1.438152455329376189e-01,-1.435342799717375661e-01,-3.927486692375485866e-01
-2.984370200000000528e-01,4.485586257159793755e-01,-2.652195324184239977e-01,-8.538313810588904484e-02,-6.492763061733288106e-03,3.546576379102810428e-01,4.722544673342986277e-02,-1.164837288136296445e-01,-1.769424600848840679e-01,4.717476467298967191e-01,1.646783040447801771e-01,1.000000000000000000e+00,2.016210634929185563e-01,-5.962553667677646940e-01,-7.639529643013726057e-02,-8.215598333566851430e-01,4.739627393849232817e-01,-1.488425648274046553e-01,-6.801737502360238885e-01,5.162689828355372379e-01,-1.925837700467279978e-01,-9.062513974973482878e-01,-3.239473091588340181e-01,-1.453020445359813617e-01,-3.333930318718280050e-01,-2.411981752646365773e-01,-2.374082919725457874e-01,-3.369513573632656467e-01,2.726263174425935104e-02,8.896913949950868705e-02,-3.894986648092508275e-01,-1.956420153940064896e-02,-4.097860457574942772e-01,-4.660878251184076837e-01,5.412497944828389418e-01,-6.876775527548036893e-01,-1.302035668167541432e-02,5.318538062727163895e-01,-2.127411631881540865e-01
-9.555642199999999642e-01,6.307709275517300873e-02,3.066218511640642075e-01,-7.171630146374046166e-01,3.088070923531909817e-01,7.722435583697416783e-01,3.128057748333634702e-01,2.802736344024853166e-01,-8.094866556625580634e-01,5.509681723806398868e-01,-4.048085978093830806e-02,2.016210634929185563e-01,1.000000000000000000e+00,-5.266372367780136621e-01,-1.890199892123430037e-01,-2.639208114959677443e-01,1.981986403758576598e-01,5.002044110812350342e-01,-2.763081254050316349e-01,4.688874576624743606e-01,-6.917016856780305867e-01,-1.642548707013095910e-01,4.118917170921194137e-01,1.047988366992990833e-01,2.377008879206710112e-01,-7.866926727965096733e-01,-3.391701324228453551e-03,6.131893805591971391e-01,7.944691258140169632e-01,1.378848981771882143e-01,5.697396171997035075e-02,-2.042107315845320681e-01,-5.244896004610615226e-01,-7.308415505829854997e-01,1.656479869760083684e-02,4.583666775568686069e-01,-9.021723382413833203e-01,3.388721483898348152e-01,7.478412229582837023e-01
5.775224599999999597e-01,-1.824566548102015684e-01,8.385830633712472448e-02,6.658824167930121884e-01,-1.972764271039865736e-01,-3.929521932229140813e-01,-1.451091213024871540e-01,-4.800127189079539392e-01,6.690695034789626572e-01,-6.875042358629452899e-01,-4.923441848895091649e-02,-5.962553667677646940e-01,-5.266372367780136621e-01,1.000000000000000000e+00,2.050453907600474079e-01,4.268754567153224544e-01,-5.829561515859802423e-01,2.040414008203114346e-02,4.777577563284038931e-01,-3.476121926504406323e-01,1.078963090750879594e-01,3.470331479416332576e-01,-1.533344906207182445e-01,-5.063831292894136471e-01,-2.597160982254331230e-01,6.922226375718814051e-01,4.464981877045844094e-02,-9.357009881069082435e-02,-3.366342509793111559e-01,-5.637030458637279917e-01,2.510156395077233760e-01,-1.241471980993888585e-01,5.793186757430659473e-01,7.191235323650899680e-01,-2.546166000917777228e-01,1.957514144871572437e-01,4.507032463351985374e-01,-2.363217297574427833e-01,-4.056066544591153122e-01
1.058254599999999268e-01,3.551019156210983851e-01,-3.814214841451439852e-01,4.603876564225863888e-01,-3.317417981366947988e-01,1.273856142383673062e-01,-4.853999582983222205e-01,-4.763990716369821410e-01,4.572983313961177521e-01,1.665623931556523690e-02,6.657415000714347331e-01,-7.639529643013726057e-02,-1.890199892123430037e-01,2.050453907600474079e-01,1.000000000000000000e+00,6.392131183196768374e-02,-4.098212387379191468e-01,1.312137686676893844e-01,-5.253318794521609769e-01,4.661686868991277710e-01,-1.975287367481580458e-02,2.202565169483489682e-01,-4.481223412299163988e-01,-1.451355750783916709e-01,-5.779977780931099263e-01,1.245593451668209894e-01,1.328780067099564755e-01,-1.610273269198747859e-01,1.281456566444110212e-01,-1.487777183152012850e-01,4.710604081680247468e-02,-3.732714652321485471e-01,-2.361569442635082783e-01,-1.061495943075053544e-01,1.553842211924265360e-01,7.078937857883957352e-02,1.767344886054610376e-01,2.913562278951697948e-02,-4.467316179688173294e-01
4.101906600000000402e-01,-7.244536920022396354e-01,5.247434145417326778e-01,2.029178155912220172e-01,3.455589796518427834e-03,-4.198751832886601365e-01,-9.652318474299970141e-02,5.111271818264143119e-02,1.402201647065265677e-01,-6.868225361889600533e-01,-4.005425456292929232e-01,-8.215598333566851430e-01,-2.639208114959677443e-01,4.268754567153224544e-01,6.392131183196768374e-02,1.000000000000000000e+00,-2.916385417182303375e-01,2.704080697290524027e-01,6.670221818282902060e-01,-6.577544282484243388e-01,2.907678538884893582e-01,7.810558954796520403e-01,4.573142031275028163e-01,2.511370433398790181e-01,4.176928496238642152e-01,3.158266444831847042e-01,1.168702984121203631e-01,3.915085257702839994e-01,-2.031565856660403901e-01,-2.088732013689287292e-01,4.518891447137904915e-01,-2.081548457453314127e-01,6.008878775666008920e-01,3.279927636849244710e-01,-4.058507783313035078e-01,5.678434778628439483e-01,-1.011645722809716846e-02,-5.022049729358396553e-01,1.075866781729660770e-01
-1.569093599999999977e-01,-1.750044449449551509e-01,9.951679333927575255e-02,-4.126601617173819569e-01,-2.405190988112438644e-01,3.034118167859148341e-02,-5.000407178058819541e-02,5.033759247433174933e-01,-3.310027624665013435e-01,1.494626920932115577e-01,-6.315829457226078414e-02,4.739627393849232817e-01,1.981986403758576598e-01,-5.829561515859802423e-01,-4.098212387379191468e-01,-2.916385417182303375e-01,1.000000000000000000e+00,9.414597752866528391e-02,-6.499754027402823708e-02,-7.676570388640090170e-02,3.261553911776083337e-01,-4.547410717707927597e-01,-1.866202629234449684e-01,2.736157836763142837e-01,3.841731622080744035e-01,-3.523878122086963605e-01,-2.591672466829099686e-01,-4.431583697211000095e-02,-2.104891934690523159e-01,3.541558878404643118e-01,-3.451035279643646092e-01,3.085575999262271107e-01,4.396806903480250661e-02,-2.467488571718146617e-01,5.937398032520060376e-01,-1.702854713631405670e-01,-1.214034980251930546e-01,1.331769010219182037e-01,1.792287547527639247e-02
-4.394087599999999538e-01,-3.765680558395381183e-01,5.787997610768058632e-01,-2.115539165491941986e-02,-2.324343949371700246e-01,5.228133597506338104e-01,-2.932953598305093612e-01,-1.665684792795154023e-01,-1.959226860950601112e-01,-2.336734273611389967e-01,2.033759103445938188e-02,-1.488425648274046553e-01,5.002044110812350342e-01,2.040414008203114346e-02,1.312137686676893844e-01,2.704080697290524027e-01,9.414597752866528391e-02,1.000000000000000000e+00,-2.130252941332139854e-03,2.111650569048561243e-01,-3.534974217060166124e-01,1.124313725460684456e-02,1.919442321198472079e-01,-8.658942316914695903e-02,4.439661169934067120e-02,-2.493480098569138548e-01,9.490173637373144899e-03,7.776241004617514552e-01,4.174881004512068783e-01,-5.045055849488400135e-01,2.817019820874488989e-01,-6.628487591403467993e-01,9.168804085371111412e-02,-4.868470140551714453e-01,3.765312298335671826e-01,5.522644645267947849e-01,-6.587178283270574974e-01,1.757274371486435838e-01,1.176273688345329110e-01
4.069860999999999063e-01,-6.526911700362739710e-01,3.944898591894275275e-01,-3.934429451302323688e-02,-1.700612503874970871e-02,-5.786489462538501050e-01,2.327782560348947982e-01,3.450770906119682291e-01,5.398881197296116069e-02,-6.216580015344299603e-01,-5.327385117432373862e-01,-6.801737502360238885e-01,-2.763081254050316349e-01,4.777577563284038931e-01,-5.253318794521609769e-01,6.670221818282902060e-01,-6.499754027402823708e-02,-2.130252941332139854e-03,1.000000000000000000e+00,-8.231484281654665169e-01,4.037556505125147188e-01,5.049357779244505462e-01,3.629933988472360817e-01,1.639495458375788139e-01,5.939746553598800327e-01,3.840128674132421427e-01,-1.061968391665648603e-01,2.155747854903807548e-01,-3.442480062130968133e-01,-2.124879638388195435e-02,1.823013547684577684e-01,3.126560197231135207e-01,7.040435196429397635e-01,5.963463919195921559e-01,-3.747992774857041298e-01,3.526389825250380028e-01,1.286052187186571827e-01,-5.977338523866811970e-01,1.853628116642936363e-01
-6.630554799999999194e-01,7.815587513756407922e-01,-4.713759431754840912e-01,-8.942258457191842869e-02,2.964253628389964396e-02,7.995642961114942660e-01,-2.014432697137660822e-01,-3.204262159029779289e-01,-6.125637397118232491e-02,5.997490863878484069e-01,7.038375398737336530e-01,5.162689828355372379e-01,4.688874576624743606e-01,-3.476121926504406323e-01,4.661686868991277710e-01,-6.577544282484243388e-01,-7.676570388640090170e-02,2.111650569048561243e-01,-8.231484281654665169e-01,1.000000000000000000e+00,-5.928524351255520797e-01,-4.175169966230308782e-01,-3.055102214837808750e-01,-2.164753125168937531e-01,-6.432915727153339924e-01,-4.667350740756404104e-01,1.917284357766299574e-01,3.721426662404126134e-04,6.902890515309862973e-01,5.503033590330699311e-03,-1.203717621355069184e-01,-2.943082739565454076e-01,-8.336531820591408515e-01,-6.463817199581902706e-01,3.597265101162329670e-01,-6.766241241403284090e-02,-3.564551049218906975e-01,3.323099522823673713e-01,-4.932526909709900736e-02
7.167755399999999888e-01,-3.181041357564888816e-01,-2.212285212770637999e-01,1.223321016496733138e-01,-5.662358193247932769e-01,-8.358699789831203208e-01,-1.316553403409790324e-01,4.130292931970527270e-01,3.665117674626960920e-01,-3.325765709766981271e-01,5.250364189394358949e-02,-1.925837700467279978e-01,-6.917016856780305867e-01,1.078963090750879594e-01,-1.975287367481580458e-02,2.907678538884893582e-01,3.261553911776083337e-01,-3.534974217060166124e-01,4.037556505125147188e-01,-5.928524351255520797e-01,1.000000000000000000e+00,2.566934506674866667e-01,-4.166529351413817417e-01,4.390624249492668385e-01,3.579633310762064258e-01,4.794516704735251600e-01,-3.009652043922104725e-01,-3.569000720809398786e-01,-7.248322349816195276e-01,3.559768112169208742e-01,-3.566052052642328385e-01,5.572065072881468017e-01,5.431633646335195520e-01,5.105671289815021385e-01,2.277654072123506124e-01,-2.276978682554002820e-01,6.432093243303018681e-01,-4.756783622342535267e-01,-4.110638617117944316e-01
2.365219599999999200e-01,-3.133016323205086717e-01,8.603728942873614671e-02,-5.736334991308433828e-02,1.065888318509321774e-02,-3.392363506874185308e-01,-8.328830549939327324e-03,2.608606254719700868e-01,8.879220837312988557e-02,-2.359759165762657929e-01,-2.780938184897777804e-02,-9.062513974973482878e-01,-1.642548707013095910e-01,3.470331479416332576e-01,2.202565169483489682e-01,7.810558954796520403e-01,-4.547410717707927597e-01,1.124313725460684456e-02,5.049357779244505462e-01,-4.175169966230308782e-01,2.566934506674866667e-01,1.000000000000000000e+00,2.990221572610822776e-01,3.447265961445041826e-01,3.681835030966502664e-01,1.021491327458547704e-01,2.007785186023598456e-01,2.753077222841524563e-01,5.060554699394180511e-02,1.919469549889004645e-01,3.638255950353135870e-01,1.258383113077648219e-01,1.891029897680045480e-01,3.527701101196679123e-01,-5.789924646589491575e-01,6.377098478432229323e-01,1.966028599048751449e-02,-5.967497887409787261e-01,2.905109855466420643e-01
-2.933672600000000186e-01,-4.722925569559090486e-01,6.684842678248963388e-01,-3.369108516795450425e-01,7.494206715492787163e-01,1.465984560235136513e-01,3.276084135368388384e-01,1.569887884133999434e-01,-6.079456764312308747e-01,-6.757765889454452057e-02,-7.348298984709864534e-01,-3.239473091588340181e-01,4.118917170921194137e-01,-1.533344906207182445e-01,-4.481223412299163988e-01,4.573142031275028163e-01,-1.866202629234449684e-01,1.919442321198472079e-01,3.629933988472360817e-01,-3.055102214837808750e-01,-4.166529351413817417e-01,2.990221572610822776e-01,1.000000000000000000e+00,2.230217859953693982e-01,4.791401613519301050e-01,-3.379369171156298979e-01,2.854888431349769662e-01,5.056269054055629875e-01,3.059858040552081437e-01,-9.289679053079034909e-02,3.880326194220273806e-01,-2.941797232648111216e-01,4.263051957353466981e-02,-2.424587897129214242e-01,-6.512652003912479115e-01,4.187122583261133069e-01,-6.022703596162690687e-01,-9.313772225808683927e-03,7.385358339012216833e-01
-9.695063999999997684e-02,-2.829843202623182341e-01,-2.264856589701467332e-02,-5.908134487827625403e-01,3.607789100696619927e-02,-2.980893185601163897e-01,2.704198672136524650e-01,7.548052313746496100e-01,-4.190232539148887048e-01,2.301758759710809676e-01,-5.384393508245216564e-02,-1.453020445359813617e-01,1.047988366992990833e-01,-5.063831292894136471e-01,-1.451355750783916709e-01,2.511370433398790181e-01,2.736157836763142837e-01,-8.658942316914695903e-02,1.639495458375788139e-01,-2.164753125168937531e-01,4.390624249492668385e-01,3.447265961445041826e-01,2.230217859953693982e-01,1.000000000000000000e+00,6.816972750676999482e-01,-2.178145189536883075e-01,-1.440093116220102741e-02,2.476477079077012144e-01,1.128371850664655895e-01,6.048601587948227998e-01,-4.477870797985724072e-01,3.342038502053563120e-01,-1.438208130902419654e-02,-2.900350197866863322e-01,-2.586059577676786195e-02,2.240837422103541809e-01,-2.318094336606008887e-01,-3.708436451305003323e-01,4.162530837303072828e-01
-5.126752000000001086e-02,-6.983179934757519636e-01,4.828037166144053538e-01,-6.604178885850293668e-01,6.276377088708606777e-02,-3.754139607696745928e-01,4.779912350844657265e-01,8.471755558025391153e-01,-6.142130370299416775e-01,-1.857286478506571872e-02,-5.606080787098434159e-01,-3.333930318718280050e-01,2.377008879206710112e-01,-2.597160982254331230e-01,-5.779977780931099263e-01,4.176928496238642152e-01,3.841731622080744035e-01,4.439661169934067120e-02,5.939746553598800327e-01,-6.432915727153339924e-01,3.579633310762064258e-01,3.681835030966502664e-01,4.791401613519301050e-01,6.816972750676999482e-01,1.000000000000000000e+00,-1.745064661014641139e-01,-2.488346497841995575e-01,4.172792985528215870e-01,-9.149362314996146994e-02,4.259379193415167575e-01,-1.536284119700356554e-01,3.932214111491869613e-01,3.740611471302970337e-01,1.420516094865520787e-02,-2.214910548904745757e-01,3.843886300217386753e-01,-2.844577904087233211e-01,-2.395548597471763852e-01,6.384431701506838586e-01
8.131515600000001065e-01,-2.167063291007960135e-01,-5.837038499497487765e-02,6.874547800169941159e-01,-3.892694027562507153e-01,-6.854739001910524765e-01,-1.323200231683694002e-02,-3.413156087034076025e-01,7.177118647652500627e-01,-6.732653686576159924e-01,-9.456949271011472202e-02,-2.411981752646365773e-01,-7.866926727965096733e-01,6.922226375718814051e-01,1.245593451668209894e-01,3.158266444831847042e-01,-3.523878122086963605e-01,-2.493480098569138548e-01,3.840128674132421427e-01,-4.667350740756404104e-01,4.794516704735251600e-01,1.021491327458547704e-01,-3.379369171156298979e-01,-2.178145189536883075e-01,-1.745064661014641139e-01,1.000000000000000000e+00,-2.601232177637693987e-01,-2.659607879823277510e-01,-6.510760759209008874e-01,-3.729717439261621692e-01,-3.745859348581838128e-03,6.150101385043943436e-02,6.789640581758401572e-01,7.115427094114461504e-01,-5.990107397972611186e-03,-2.934882232645987243e-01,7.524960005168063182e-01,-2.509558177335828311e-01,-6.301859225295303180e-01
-1.051130599999999804e-01,2.125374764664778038e-01,-6.946106821221452454e-02,1.025792881352961539e-01,5.370023620791204433e-01,2.356755101566436472e-01,-3.796457837127181212e-01,-2.493138802529251130e-01,8.470427700464495946e-02,1.035363591511056225e-01,6.347756973783767742e-02,-2.374082919725457874e-01,-3.391701324228453551e-03,4.464981877045844094e-02,1.328780067099564755e-01,1.168702984121203631e-01,-2.591672466829099686e-01,9.490173637373144899e-03,-1.061968391665648603e-01,1.917284357766299574e-01,-3.009652043922104725e-01,2.007785186023598456e-01,2.854888431349769662e-01,-1.440093116220102741e-02,-2.488346497841995575e-01,-2.601232177637693987e-01,1.000000000000000000e+00,-1.367577714101344405e-02,2.737045342014531868e-01,-1.032133568409721452e-01,1.947288281602894688e-01,-2.530594857623756355e-01,-2.985452753451068308e-01,-1.309751792668052695e-01,-3.130667075965712365e-01,1.928401994532647767e-01,-1.943786347501726408e-01,-1.119397590314738511e-02,1.012567031064685041e-01
-5.159502999999999728e-01,-4.703889651493894930e-01,6.281937463103242081e-01,-3.772613511051037261e-01,3.443251403720504894e-02,3.783584459051009818e-01,2.205017039512102428e-01,1.930306598718524724e-01,-4.671000700426710672e-01,-5.905081822394071117e-02,-2.231849865690891943e-01,-3.369513573632656467e-01,6.131893805591971391e-01,-9.357009881069082435e-02,-1.610273269198747859e-01,3.915085257702839994e-01,-4.431583697211000095e-02,7.776241004617514552e-01,2.155747854903807548e-01,3.721426662404126134e-04,-3.569000720809398786e-01,2.753077222841524563e-01,5.056269054055629875e-01,2.476477079077012144e-01,4.172792985528215870e-01,-2.659607879823277510e-01,-1.367577714101344405e-02,1.000000000000000000e+00,5.644565242078839473e-01,-2.398566318721153945e-01,2.902776507208388868e-01,-3.932307481618937950e-01,5.560367953648399919e-02,-4.161542728234156607e-01,-1.154893374490900161e-02,6.950390713758480832e-01,-7.425756063335748891e-01,1.180434817838726252e-02,5.569264057114414745e-01
-8.869993000000000460e-01,3.728649976071137240e-01,-5.082498612718838737e-02,-5.061654094761898204e-01,3.507802508487449789e-01,7.915349406460355786e-01,1.940762669553014186e-01,5.686769462433136774e-02,-4.795732623826987062e-01,5.339553616979841877e-01,3.056437920147431209e-01,2.726263174425935104e-02,7.944691258140169632e-01,-3.366342509793111559e-01,1.281456566444110212e-01,-2.031565856660403901e-01,-2.104891934690523159e-01,4.174881004512068783e-01,-3.442480062130968133e-01,6.902890515309862973e-01,-7.248322349816195276e-01,5.060554699394180511e-02,3.059858040552081437e-01,1.128371850664655895e-01,-9.149362314996146994e-02,-6.510760759209008874e-01,2.737045342014531868e-01,5.644565242078839473e-01,1.000000000000000000e+00,8.666705693961980483e-02,9.095208300561972992e-02,-2.675917412190310651e-01,-7.169440778489037935e-01,-6.818029086371208969e-01,-8.387138132835349202e-02,5.166297576017445659e-01,-7.920532670718742896e-01,6.359350435614380403e-02,5.841099958708261264e-01
-1.790402599999999511e-01,2.765561826435547488e-01,-4.942784712831903571e-01,-6.967441220925408851e-01,1.266432357772424508e-02,-1.404112605068362218e-01,2.888379766890695199e-01,7.980750798329330209e-01,-3.471173678769492454e-01,5.873739087761997713e-01,2.329311004206185975e-01,8.896913949950868705e-02,1.378848981771882143e-01,-5.637030458637279917e-01,-1.487777183152012850e-01,-2.088732013689287292e-01,3.541558878404643118e-01,-5.045055849488400135e-01,-2.124879638388195435e-02,5.503033590330699311e-03,3.559768112169208742e-01,1.919469549889004645e-01,-9.289679053079034909e-02,6.048601587948227998e-01,4.259379193415167575e-01,-3.729717439261621692e-01,-1.032133568409721452e-01,-2.398566318721153945e-01,8.666705693961980483e-02,1.000000000000000000e+00,-3.215659376495875188e-01,7.934231549760258906e-01,-4.055576531556165376e-01,-3.772636403504444486e-02,-9.114774878549099235e-02,-2.531469753942653875e-02,3.560819326863844114e-02,-3.709226352509536473e-01,3.791983785493278636e-01
9.611140000000073513e-03,-1.298789752608032755e-01,3.696942041641060328e-01,2.619886511504495585e-01,1.771226501212407045e-01,2.874870264320632529e-01,-2.054996116478851054e-01,-3.635252112481140996e-01,1.431519592673491381e-01,-3.108368961805495490e-01,-2.115374250317387239e-01,-3.894986648092508275e-01,5.697396171997035075e-02,2.510156395077233760e-01,4.710604081680247468e-02,4.518891447137904915e-01,-3.451035279643646092e-01,2.817019820874488989e-01,1.823013547684577684e-01,-1.203717621355069184e-01,-3.566052052642328385e-01,3.638255950353135870e-01,3.880326194220273806e-01,-4.477870797985724072e-01,-1.536284119700356554e-01,-3.745859348581838128e-03,1.947288281602894688e-01,2.902776507208388868e-01,9.095208300561972992e-02,-3.215659376495875188e-01,1.000000000000000000e+00,-3.631661655254760923e-01,3.994268034003906065e-03,2.057083188271615903e-01,-3.806531992237562889e-01,2.830962046914163865e-01,-9.919318086826303671e-02,-1.003349830472786974e-01,9.570342760395511572e-02
1.865297599999999889e-01,1.826120088246860895e-01,-5.000800826521003550e-01,-4.440425027466509134e-01,-1.635278623740302750e-01,-4.711474877288127083e-01,3.870682996111029506e-01,7.062782225324931717e-01,-2.556751817853252298e-02,2.760434586708307991e-01,1.096892004724503294e-01,-1.956420153940064896e-02,-2.042107315845320681e-01,-1.241471980993888585e-01,-3.732714652321485471e-01,-2.081548457453314127e-01,3.085575999262271107e-01,-6.628487591403467993e-01,3.126560197231135207e-01,-2.943082739565454076e-01,5.572065072881468017e-01,1.258383113077648219e-01,-2.941797232648111216e-01,3.342038502053563120e-01,3.932214111491869613e-01,6.150101385043943436e-02,-2.530594857623756355e-01,-3.932307481618937950e-01,-2.675917412190310651e-01,7.934231549760258906e-01,-3.631661655254760923e-01,1.000000000000000000e+00,-1.463550440034681183e-02,4.602392465810007383e-01,-8.981568010045860861e-02,-1.714125450053183009e-01,4.184258504049723215e-01,-4.493254684465701754e-01,1.234184545726161736e-01
7.059531400000000900e-01,-8.057757090668516975e-01,5.261398086069528635e-01,4.015958004454420194e-01,-3.145181309475698628e-01,-7.246433342613489703e-01,1.113000936530104956e-02,-1.190463883591346209e-02,2.957450069667434400e-01,-8.233127608437481593e-01,-5.462779842779594830e-01,-4.097860457574942772e-01,-5.244896004610615226e-01,5.793186757430659473e-01,-2.361569442635082783e-01,6.008878775666008920e-01,4.396806903480250661e-02,9.168804085371111412e-02,7.040435196429397635e-01,-8.336531820591408515e-01,5.431633646335195520e-01,1.891029897680045480e-01,4.263051957353466981e-02,-1.438208130902419654e-02,3.740611471302970337e-01,6.789640581758401572e-01,-2.985452753451068308e-01,5.560367953648399919e-02,-7.169440778489037935e-01,-4.055576531556165376e-01,3.994268034003906065e-03,-1.463550440034681183e-02,1.000000000000000000e+00,5.766421667213222912e-01,-1.703200658236437778e-03,4.498479667293463907e-02,3.782437820684174112e-01,-1.693543631477256173e-01,-2.920013739284922361e-01
7.958070600000000105e-01,-1.452631711897262035e-01,-1.266595399338330818e-01,4.412449347571557601e-01,-2.243005814793355979e-01,-7.119657112998499793e-01,4.594070804106555050e-02,-6.092829698491378232e-02,6.212009964982045940e-01,-5.238459187025411579e-01,-1.559418818394532058e-01,-4.660878251184076837e-01,-7.308415505829854997e-01,7.191235323650899680e-01,-1.061495943075053544e-01,3.279927636849244710e-01,-2.467488571718146617e-01,-4.868470140551714453e-01,5.963463919195921559e-01,-6.463817199581902706e-01,5.105671289815021385e-01,3.527701101196679123e-01,-2.424587897129214242e-01,-2.900350197866863322e-01,1.420516094865520787e-02,7.115427094114461504e-01,-1.309751792668052695e-01,-4.161542728234156607e-01,-6.818029086371208969e-01,-3.772636403504444486e-02,2.057083188271615903e-01,4.602392465810007383e-01,5.766421667213222912e-01,1.000000000000000000e+00,-3.249927049799417045e-01,-1.236135943344344595e-01,7.927071115580340832e-01,-4.227464047001654457e-01,-3.667221151272784807e-01
-9.574408000000000918e-02,1.012429936482680537e-01,-1.572768828743285607e-01,9.289246060065203814e-02,-6.802880748005563083e-01,1.930656420076422020e-01,-3.913868616881684415e-01,-5.386699320488719939e-02,1.663598732565965410e-01,1.910596377461927509e-02,4.634606651069562711e-01,5.412497944828389418e-01,1.656479869760083684e-02,-2.546166000917777228e-01,1.553842211924265360e-01,-4.058507783313035078e-01,5.937398032520060376e-01,3.765312298335671826e-01,-3.747992774857041298e-01,3.597265101162329670e-01,2.277654072123506124e-01,-5.789924646589491575e-01,-6.512652003912479115e-01,-2.586059577676786195e-02,-2.214910548904745757e-01,-5.990107397972611186e-03,-3.130667075965712365e-01,-1.154893374490900161e-02,-8.387138132835349202e-02,-9.114774878549099235e-02,-3.806531992237562889e-01,-8.981568010045860861e-02,-1.703200658236437778e-03,-3.249927049799417045e-01,1.000000000000000000e+00,-2.818358198716525709e-01,2.111413689464120003e-02,2.279803584145748407e-01,-5.176944686786292271e-01
-3.565609800000000273e-01,-3.398282513164621044e-01,3.923299777981772984e-01,-3.331292116605459874e-01,1.252292353393059388e-01,2.149421118058547353e-01,9.363184520930099841e-02,2.433218964977407750e-01,-2.680197413282933150e-01,-1.502066401387081307e-01,-4.495473858235757986e-02,-6.876775527548036893e-01,4.583666775568686069e-01,1.957514144871572437e-01,7.078937857883957352e-02,5.678434778628439483e-01,-1.702854713631405670e-01,5.522644645267947849e-01,3.526389825250380028e-01,-6.766241241403284090e-02,-2.276978682554002820e-01,6.377098478432229323e-01,4.187122583261133069e-01,2.240837422103541809e-01,3.843886300217386753e-01,-2.934882232645987243e-01,1.928401994532647767e-01,6.950390713758480832e-01,5.166297576017445659e-01,-2.531469753942653875e-02,2.830962046914163865e-01,-1.714125450053183009e-01,4.498479667293463907e-02,-1.236135943344344595e-01,-2.818358198716525709e-01,1.000000000000000000e+00,-5.874479908341103673e-01,-3.278409891604373017e-01,5.480815990556549000e-01
8.676886399999999000e-01,1.452725763174732565e-01,-4.683630045135072639e-01,5.990774468482328308e-01,-3.948651658405700760e-01,-7.074386364991083198e-01,-1.422932803607221131e-01,-2.050798845401582415e-01,7.618138935205446272e-01,-3.197873827982552486e-01,1.438152455329376189e-01,-1.302035668167541432e-02,-9.021723382413833203e-01,4.507032463351985374e-01,1.767344886054610376e-01,-1.011645722809716846e-02,-1.214034980251930546e-01,-6.587178283270574974e-01,1.286052187186571827e-01,-3.564551049218906975e-01,6.432093243303018681e-01,1.966028599048751449e-02,-6.022703596162690687e-01,-2.318094336606008887e-01,-2.844577904087233211e-01,7.524960005168063182e-01,-1.943786347501726408e-01,-7.425756063335748891e-01,-7.920532670718742896e-01,3.560819326863844114e-02,-9.919318086826303671e-02,4.184258504049723215e-01,3.782437820684174112e-01,7.927071115580340832e-01,2.111413689464120003e-02,-5.874479908341103673e-01,1.000000000000000000e+00,-2.242531889442736515e-01,-7.231985806154488383e-01
-2.920116000000000378e-01,6.754478732319590950e-02,2.653677271576045937e-01,5.828739806644467336e-02,1.164951198954255196e-01,3.969975388376607017e-01,-6.657005654813030748e-02,-3.355760020523088638e-01,-3.088525339384849966e-01,3.365495574303848936e-01,-1.435342799717375661e-01,5.318538062727163895e-01,3.388721483898348152e-01,-2.363217297574427833e-01,2.913562278951697948e-02,-5.022049729358396553e-01,1.331769010219182037e-01,1.757274371486435838e-01,-5.977338523866811970e-01,3.323099522823673713e-01,-4.756783622342535267e-01,-5.967497887409787261e-01,-9.313772225808683927e-03,-3.708436451305003323e-01,-2.395548597471763852e-01,-2.509558177335828311e-01,-1.119397590314738511e-02,1.180434817838726252e-02,6.359350435614380403e-02,-3.709226352509536473e-01,-1.003349830472786974e-01,-4.493254684465701754e-01,-1.693543631477256173e-01,-4.227464047001654457e-01,2.279803584145748407e-01,-3.278409891604373017e-01,-2.242531889442736515e-01,1.000000000000000000e+00,-1.383298651914499633e-03
-6.468964600000000065e-01,-1.907800677003648748e-01,3.633388732767417473e-01,-8.333115805728661396e-01,5.689448244193054949e-01,2.935212876692313566e-01,5.807980937993976189e-01,5.906512434941058043e-01,-8.628197806084687560e-01,4.394921561285393685e-01,-3.927486692375485866e-01,-2.127411631881540865e-01,7.478412229582837023e-01,-4.056066544591153122e-01,-4.467316179688173294e-01,1.075866781729660770e-01,1.792287547527639247e-02,1.176273688345329110e-01,1.853628116642936363e-01,-4.932526909709900736e-02,-4.110638617117944316e-01,2.905109855466420643e-01,7.385358339012216833e-01,4.162530837303072828e-01,6.384431701506838586e-01,-6.301859225295303180e-01,1.012567031064685041e-01,5.569264057114414745e-01,5.841099958708261264e-01,3.791983785493278636e-01,9.570342760395511572e-02,1.234184545726161736e-01,-2.920013739284922361e-01,-3.667221151272784807e-01,-5.176944686786292271e-01,5.480815990556549000e-01,-7.231985806154488383e-01,-1.383298651914499633e-03,1.000000000000000000e+00
