1.0,-0.28794114505916257,0.48261280000000006,-0.037814918473103393,0.099725591920450968,0.00013165402152343075,-0.67925333090192164,-0.6759335135837834,-0.76597460475368861,0.38992659071961033,0.19573435836383479,-0.56924991051475904,-0.57094271500444549,0.32128475132122386,0.42968300552093625,0.72125531064599135,-0.22537589391625548,0.046145377097177878,-0.36696024174619835,-0.25789432115298733,0.12502877989440003,-0.58810954922058423,0.31572804847445984,-0.3002969025728166,0.41876408776939889,-0.73727479336942692,0.16620848303986541,0.13773258274217826,0.30668520414098654,-0.090901232975574509,-0.24893591891230321,-0.10091784810226573,0.24402282074373491,-0.017951553474014059,-0.76197332034781529,0.70406702235345464,-0.47559518806653694,0.51703466690242605,-0.47571626787029903
-0.28794114505916257,1.0,0.089183060000000092,-0.65765928367850435,0.30044369320411091,0.671610170592988,-0.22068294858525658,0.30607247079823607,0.53299442016656107,0.027939825937052,-0.097443943618185147,0.54108437882697735,0.04786123453065267,-0.84856582971378014,-0.76044706113679883,0.13329240024779559,-0.25657838988755299,-0.090092321851814094,0.59003956102857347,0.15762859954107022,-0.68816070555478737,-0.4025188577748039,-0.43838505964438129,-0.24008022829318851,-0.615141903887508,0.56203493449942177,0.28043306141346769,-0.29333094236177909,-0.29194172442964716,-0.63267141746865629,-0.12951753760489637,0.26418218448931879,0.34937913737607051,-0.60377642114788543,0.3045006035452239,-0.32973278917928694,0.094095703315605267,0.077891875676281794,0.052973181745845817
0.48261280000000006,0.089183060000000092,1.0,-0.72431319999999999,0.23752171999999994,0.48147757999999996,-0.84590513999999994,-0.68223198000000007,-0.7054899,0.0063669200000000536,0.2126314199999999,-0.23848258,-0.97418782000000004,-0.079061660000000034,-0.17175686000000001,0.67323913999999996,-0.64493612,0.66797755999999997,-0.089736180000000054,0.27409675999999994,-0.58703766000000002,-0.73310486000000008,0.1800006999999999,-0.50299157999999999,-0.26918522,-0.62060046000000002,0.51007801999999991,-0.52262362000000007,0.38683241999999995,-0.24993114000000005,-0.85792836000000006,0.58448844000000011,0.93352251999999991,-0.76284395999999999,0.10589350000000008,0.14382395999999997,0.070160280000000075,0.89138146000000007,-0.85359335999999997
-0.037814918473103393,-0.65765928367850435,-0.72431319999999999,1.0,-0.41924792001721767,-0.61228389781773074,0.70473178179120866,0.18999404916113791,0.045314918424827877,0.0082364616539227827,-0.25531398966734675,-0.14696659891483221,0.59093813507155657,0.57281635564997913,0.66820802826025716,-0.48222752776021177,0.58103301944402397,-0.45524720484182818,-0.21057767908882713,-0.33066636417933593,0.92996254927615019,0.73476753343285095,0.058520169032393862,0.35028642672191534,0.72754271704865314,0.046056000843742749,-0.54859496935270957,0.44438596794264185,0.048612827163927612,0.49711758182972371,0.7089342170322197,-0.60103048752383392,-0.88632240486946634,0.95276582893599171,-0.34407687608948073,0.10521343659467147,-0.016211427288864655,-0.61581733913337844,0.50777671396478385
0.099725591920450968,0.30044369320411091,0.23752171999999994,-0.41924792001721767,1.0,0.2736656484814769,-0.40561446613952001,-0.49539151724859393,0.05970726764773937,0.036363048256941505,0.78226149101472486,0.091093191840481536,-0.26145427722335668,0.010885717626140712,0.13164214383893655,0.46370184281570226,-0.40536807075263331,-0.019431186753987157,-0.22481745410968479,-0.42078106122948672,-0.1662554701553218,-0.49818150080227735,0.024074397634891838,-0.57746432240665779,-0.22946753175234674,-0.24027720358915694,0.85526827739076827,0.10671534367157701,-0.70554845892815643,-0.3615867433389473,-0.49856785357797528,0.42147644354631014,0.18707947191066129,-0.54211530377002148,0.12446716487479012,0.36807776764330558,-0.12550922997535324,0.43123566615238085,-0.51203337951998018
0.00013165402152343075,0.671610170592988,0.48147757999999996,-0.61228389781773074,0.2736656484814769,1.0,-0.34423809198474536,-0.21727780683181475,-0.0472471737240161,-0.15114736818852609,-0.14549411845647314,0.33924813568709644,-0.46028787507852648,-0.44937459102774813,-0.35791484717537353,0.38004816096461408,-0.39246879577382504,0.11398243381562635,0.26346899784359262,0.043423282442910494,-0.47378507860526098,-0.37833715717784855,-0.11924968020968153,-0.63216903617255138,-0.20480266366724131,0.084315685079344768,0.53440913097817866,-0.73934235945842219,-0.070111745677089957,-0.51844821971549959,-0.34138339506539156,0.54872436468496666,0.53958714760072157,-0.68137634237598377,0.33146053667881281,-0.36565768356191991,0.39042551299580436,0.54090992373204405,-0.49446252088539322
-0.67925333090192164,-0.22068294858525658,-0.84590513999999994,0.70473178179120866,-0.40561446613952001,-0.34423809198474536,1.0,0.65105015739031091,0.57948204983661533,-0.31168060954981736,-0.38787232540653349,0.31780311262095484,0.80278481821122027,0.18021481517557322,0.17502435117205994,-0.86644357919207871,0.63041017193744031,-0.47405891058251137,0.02200330823180998,-0.10147430857989262,0.575379890250593,0.96169344993117567,-0.15015747650092676,0.45396564604626882,0.28124729940631044,0.58389868461356631,-0.46432929686399976,0.10756746004500833,-0.21528729365204494,0.45060557386749989,0.7283268185240025,-0.32097250799614274,-0.79280330596567938,0.68873843791339062,0.22559527795558254,-0.51547386767446557,0.34695017069058509,-0.72961639228278408,0.6716203413922367
-0.6759335135837834,0.30607247079823607,-0.68223198000000007,0.18999404916113791,-0.49539151724859393,-0.21727780683181475,0.65105015739031091,1.0,0.80574325214629794,-0.1273762805758781,-0.47367621612582095,0.41543489129265548,0.80555540318162711,-0.42817520558570671,-0.5215124637041948,-0.74799032529383769,0.39890196505855735,-0.39876185484573295,0.41126425907891018,0.20026252712692072,-0.082154420097651656,0.53842887867411393,-0.27965020227434145,0.71515944471146864,-0.25873548740842262,0.89339687257609601,-0.61676698538811003,0.15251240268300506,-0.091037956498240979,0.1702616932260482,0.64523419672388427,-0.32959880224402482,-0.40369818714856326,0.36247020317111367,0.14839217097290805,-0.52333776128642884,0.0001293945506413452,-0.76524016600963729,0.87829263439596328
-0.76597460475368861,0.53299442016656107,-0.7054899,0.045314918424827877,0.05970726764773937,-0.0472471737240161,0.57948204983661533,0.80574325214629794,1.0,-0.14066325878086672,-0.087581391676994413,0.52876164551985949,0.8030008471838822,-0.50721044724786146,-0.44633924879653475,-0.56420577448371212,0.30631567408763649,-0.44430862744005128,0.37974040452644542,0.024368055733044347,-0.10140968038336168,0.38109585321689093,-0.42290903606012437,0.33884935478371475,-0.38090257049928511,0.89194165328524266,-0.14852713429109143,0.21118773432702681,-0.56478246577963853,-0.068792064116794949,0.46331365908909128,-0.12440127732353023,-0.43604504660800503,0.11147355006695471,0.32451915845619728,-0.44906995877933692,0.070716277274887163,-0.63677963902960211,0.68978405133931353
0.38992659071961033,0.027939825937052,0.0063669200000000536,0.0082364616539227827,0.036363048256941505,-0.15114736818852609,-0.31168060954981736,-0.1273762805758781,-0.14066325878086672,1.0,0.027585703187023303,0.049895511469008905,0.0032598704928296983,0.058816182477229861,-0.023444786403354446,0.2631409733659914,0.25958077243332955,0.11736145245424932,0.18337135492572462,0.09342925947926084,-0.014004073630872568,-0.35240540267048875,-0.1017642597053056,-0.030878227653397868,-0.14694106943314855,-0.26702992197518771,-0.20927257644316316,0.3784757767830626,0.0979047900227486,-0.4639082942354345,0.074567256523233691,-0.64771545698115618,-0.019417968904343941,0.046203319055789289,-0.39134721950802887,0.52332939424612579,-0.36789108853961977,-0.14727147730938125,0.15347682253561615
0.19573435836383479,-0.097443943618185147,0.2126314199999999,-0.25531398966734675,0.78226149101472486,-0.14549411845647314,-0.38787232540653349,-0.47367621612582095,-0.087581391676994413,0.027585703187023303,1.0,-0.39177678668931798,-0.2336860351732363,0.25609447721751322,0.2797564641774104,0.48511236972406019,-0.39753037527053525,0.18637750808026199,-0.584572786033978,-0.34256078436549936,-0.05951854850819898,-0.37010629166786391,0.39903448050939977,-0.15952542148683435,-0.10792152728135967,-0.45676968325376738,0.64121220169758664,0.43996463982725731,-0.55759950565554617,0.082701365035864893,-0.42487175205038008,0.33372004282451906,0.12351405926036715,-0.32055143223020777,-0.093663354980489888,0.56004418135689693,-0.4499987452114772,0.3260969236737612,-0.40518450062791311
-0.56924991051475904,0.54108437882697735,-0.23848258,-0.14696659891483221,0.091093191840481536,0.33924813568709644,0.31780311262095484,0.41543489129265548,0.52876164551985949,0.049895511469008905,-0.39177678668931798,1.0,0.30944797983723532,-0.37527940744771721,-0.45477664886138902,-0.48382493080859462,0.23481845428836037,-0.25384921973116809,0.5514415661814549,0.055125815465535022,-0.21283043402946256,0.16357644877426208,-0.49989756056393736,-0.092505446503169608,-0.42808222670822499,0.56952151862841138,-0.018301924825241331,-0.33977604589722593,-0.27406809788817249,-0.42526871320632886,0.063709814231990639,-0.066517752891097764,-0.052752386310420951,-0.17559090311828127,0.51380867312419631,-0.47278632080881949,0.44135640216563682,-0.23463170868422714,0.25076748186386588
-0.57094271500444549,0.04786123453065267,-0.97418782000000004,0.59093813507155657,-0.26145427722335668,-0.46028787507852648,0.80278481821122027,0.80555540318162711,0.8030008471838822,0.0032598704928296983,-0.2336860351732363,0.30944797983723532,1.0,-0.085814321900512441,-0.038940836753982314,-0.70409384117751916,0.57576726038605486,-0.61442233129348989,0.21264670092146534,-0.16470585748767488,0.40081655688992696,0.66891081557235665,-0.22997533378775478,0.59651343608995588,0.081309849739519491,0.73411749139041871,-0.55587737573358886,0.52119924906102533,-0.36213996160862455,0.20259471987207839,0.82293018034230603,-0.56163517658803996,-0.83390655484311904,0.66791300008176524,-0.042796155217398955,-0.19390886101226934,-0.11238455699094045,-0.92924704558951998,0.92480867394681288
0.32128475132122386,-0.84856582971378014,-0.079061660000000034,0.57281635564997913,0.010885717626140712,-0.44937459102774813,0.18021481517557322,-0.42817520558570671,-0.50721044724786146,0.058816182477229861,0.25609447721751322,-0.37527940744771721,-0.085814321900512441,1.0,0.86437963208699675,-0.046422467644587927,0.18575492140297126,-0.10899682384189779,-0.72731952292893642,-0.52324295278888056,0.73626241729950492,0.34404573174228098,0.59520329067480648,0.063344776420672627,0.67708983818535329,-0.60968644564781271,-0.019434491922041719,0.25044746127684031,-0.035535190706521384,0.47270880311546765,0.15335692891499836,-0.21551466719836448,-0.37476979400110438,0.50180288175470655,-0.325372762953342,0.43426928856610642,-0.13378008927103505,0.019889123050434582,-0.18988664048717038
0.42968300552093625,-0.76044706113679883,-0.17175686000000001,0.66820802826025716,0.13164214383893655,-0.35791484717537353,0.17502435117205994,-0.5215124637041948,-0.44633924879653475,-0.023444786403354446,0.2797564641774104,-0.45477664886138902,-0.038940836753982314,0.86437963208699675,1.0,0.10626426996232319,0.20140850504677615,-0.25774928542323983,-0.6853541217574034,-0.6033196284350818,0.87014337633809846,0.28254503106829987,0.3878098494977521,-0.1775084173254271,0.84214062152365565,-0.56679894426344746,0.12246245510239151,0.29016069439253134,-0.13151342157911694,0.39858646366306261,0.17455678694091276,-0.1642438175258514,-0.50803017899382164,0.53401842123807286,-0.42832189091073664,0.44979233819827735,-0.089349614576221689,0.069706364092347581,-0.22858913633825995
0.72125531064599135,0.13329240024779559,0.67323913999999996,-0.48222752776021177,0.46370184281570226,0.38004816096461408,-0.86644357919207871,-0.74799032529383769,-0.56420577448371212,0.2631409733659914,0.48511236972406019,-0.48382493080859462,-0.70409384117751916,-0.046422467644587927,0.10626426996232319,1.0,-0.48058975135443444,0.38341236494298803,-0.20427675140014775,-0.0739777983155952,-0.27927842223916177,-0.80735355833329192,0.29605226532509143,-0.56160259258534428,0.028798174227462562,-0.64505389038406136,0.52968162110507999,-0.0027872260884579947,0.04115318973143902,-0.41425182276486583,-0.52897144111385586,0.26077375524645857,0.5386220502759218,-0.52653226983218249,-0.32052527418338589,0.56037469126128003,-0.3515933131922121,0.66161518252859064,-0.66375018739661984
-0.22537589391625548,-0.25657838988755299,-0.64493612,0.58103301944402397,-0.40536807075263331,-0.39246879577382504,0.63041017193744031,0.39890196505855735,0.30631567408763649,0.25958077243332955,-0.39753037527053525,0.23481845428836037,0.57576726038605486,0.18575492140297126,0.20140850504677615,-0.48058975135443444,1.0,-0.30562780122452871,0.053887690239801563,0.093562250631607169,0.51485508960628534,0.61865082857849341,-0.17202590383550731,0.24207203597645069,0.25736245693073412,0.24359317222791158,-0.51575048118740929,0.16882762504423102,-0.10710798886220246,0.0068763423797491181,0.62191028468117793,-0.68116062102618735,-0.64912308439903654,0.60147137369772685,-0.022453179403092553,-0.22309711342415306,0.19194367535301327,-0.59789252145584826,0.57044020323092115
0.046145377097177878,-0.090092321851814094,0.66797755999999997,-0.45524720484182818,-0.019431186753987157,0.11398243381562635,-0.47405891058251137,-0.39876185484573295,-0.44430862744005128,0.11736145245424932,0.18637750808026199,-0.25384921973116809,-0.61442233129348989,-0.10899682384189779,-0.25774928542323983,0.38341236494298803,-0.30562780122452871,1.0,0.055322713010300298,0.704974481976123,-0.4888731291039457,-0.35344215362321113,0.053340592941612919,-0.18648365207139733,-0.44533932049470926,-0.47892841695924121,0.15127148412203367,-0.2646013876262937,0.4673483004746995,-0.09192500189614336,-0.65817405113896932,0.31165533659370265,0.67549519625049892,-0.53665030445374318,0.38343699356404914,-0.021878738089056261,0.20177047098493242,0.42466972394743524,-0.45423421758763166
-0.36696024174619835,0.59003956102857347,-0.089736180000000054,-0.21057767908882713,-0.22481745410968479,0.26346899784359262,0.02200330823180998,0.41126425907891018,0.37974040452644542,0.18337135492572462,-0.584572786033978,0.5514415661814549,0.21264670092146534,-0.72731952292893642,-0.6853541217574034,-0.20427675140014775,0.053887690239801563,0.055322713010300298,1.0,0.49030282523758206,-0.4287355873930021,-0.13603348712910263,-0.71441889344281306,-0.083488656822943083,-0.50664410941377458,0.58474008317084203,-0.33579173441276344,-0.22569593176261488,0.25900749382721994,-0.61299291418914215,0.061467767228453735,-0.18814846582903894,0.13711333865766942,-0.18327663452072621,0.38057654830904242,-0.34719065116749082,0.31092927153588423,-0.30807101578370244,0.35131008768381716
-0.25789432115298733,0.15762859954107022,0.27409675999999994,-0.33066636417933593,-0.42078106122948672,0.043423282442910494,-0.10147430857989262,0.20026252712692072,0.024368055733044347,0.09342925947926084,-0.34256078436549936,0.055125815465535022,-0.16470585748767488,-0.52324295278888056,-0.6033196284350818,-0.0739777983155952,0.093562250631607169,0.704974481976123,0.49030282523758206,1.0,-0.53923520037029571,-0.093105544449532063,-0.45341729165702571,0.059090033547382813,-0.59488112536703419,0.11361646783258297,-0.24446123816861423,-0.33386419360789554,0.5643584386117193,-0.12824585016222526,-0.28813160596731113,0.063156215033573854,0.4485444044003925,-0.31477867311176588,0.44476558898235397,-0.47037811917537187,0.39781454793075588,0.035585817264517906,0.060335319685136571
0.12502877989440003,-0.68816070555478737,-0.58703766000000002,0.92996254927615019,-0.1662554701553218,-0.47378507860526098,0.575379890250593,-0.082154420097651656,-0.10140968038336168,-0.014004073630872568,-0.05951854850819898,-0.21283043402946256,0.40081655688992696,0.73626241729950492,0.87014337633809846,-0.27927842223916177,0.51485508960628534,-0.4888731291039457,-0.4287355873930021,-0.53923520037029571,1.0,0.62796337553731996,0.20059341066135369,0.096655925795141234,0.85413204164085299,-0.16153204929204948,-0.25597412500167854,0.36954877085580773,-0.12609084526141551,0.43216609189788258,0.58288616023373996,-0.45997931882019777,-0.83332448318434094,0.83758975153394044,-0.37881849846561522,0.21633559034403274,-0.0075039535135427715,-0.37824634367308535,0.23427858859547862
-0.58810954922058423,-0.4025188577748039,-0.73310486000000008,0.73476753343285095,-0.49818150080227735,-0.37833715717784855,0.96169344993117567,0.53842887867411393,0.38109585321689093,-0.35240540267048875,-0.37010629166786391,0.16357644877426208,0.66891081557235665,0.34404573174228098,0.28254503106829987,-0.80735355833329192,0.61865082857849341,-0.35344215362321113,-0.13603348712910263,-0.093105544449532063,0.62796337553731996,1.0,0.051707631540401817,0.48748844986132078,0.39973543977052145,0.40618262929629795,-0.49128819426821574,0.060763075352190485,-0.10269728485459804,0.56761128445759246,0.68898834599719672,-0.29179033894528389,-0.73304532067196648,0.71611492106585173,0.19722479721068392,-0.4800689750866321,0.33653560346946437,-0.64651220213677807,0.56827983884994593
0.31572804847445984,-0.43838505964438129,0.1800006999999999,0.058520169032393862,0.024074397634891838,-0.11924968020968153,-0.15015747650092676,-0.27965020227434145,-0.42290903606012437,-0.1017642597053056,0.39903448050939977,-0.49989756056393736,-0.22997533378775478,0.59520329067480648,0.3878098494977521,0.29605226532509143,-0.17202590383550731,0.053340592941612919,-0.71441889344281306,-0.45341729165702571,0.20059341066135369,0.051707631540401817,1.0,0.26038465822906603,0.41418175120614836,-0.47572631787646724,0.0389546972415322,0.20415987325251234,-0.090923786612761431,0.35122580501474043,0.066026789259419322,0.029501539265465469,0.027928567065723914,0.12136525326656497,-0.33056243622376963,0.41713072481292179,-0.49719223841492338,0.1265956834113304,-0.21228177219868097
-0.3002969025728166,-0.24008022829318851,-0.50299157999999999,0.35028642672191534,-0.57746432240665779,-0.63216903617255138,0.45396564604626882,0.71515944471146864,0.33884935478371475,-0.030878227653397868,-0.15952542148683435,-0.092505446503169608,0.59651343608995588,0.063344776420672627,-0.1775084173254271,-0.56160259258534428,0.24207203597645069,-0.18648365207139733,-0.083488656822943083,0.059090033547382813,0.096655925795141234,0.48748844986132078,0.26038465822906603,1.0,-0.011547233332133476,0.36956010908313952,-0.72572230684232741,0.4925624787938932,0.12347381027175618,0.57632423137306743,0.54910454824624899,-0.41835520242404972,-0.36711499133934278,0.55220930552513703,-0.22903805516275488,-0.0387524729297977,-0.43712909715270076,-0.6715004737016983,0.74663570190279482
0.41876408776939889,-0.615141903887508,-0.26918522,0.72754271704865314,-0.22946753175234674,-0.20480266366724131,0.28124729940631044,-0.25873548740842262,-0.38090257049928511,-0.14694106943314855,-0.10792152728135967,-0.42808222670822499,0.081309849739519491,0.67708983818535329,0.84214062152365565,0.028798174227462562,0.25736245693073412,-0.44533932049470926,-0.50664410941377458,-0.59488112536703419,0.85413204164085299,0.39973543977052145,0.41418175120614836,-0.011547233332133476,1.0,-0.30909855121589624,-0.16286835228138205,0.15799630897197034,0.051398166977307008,0.40002826634319283,0.45961890517382142,-0.24778588465549156,-0.55217843148634604,0.67549174001531331,-0.53815421532082597,0.25674989083858901,-0.1023311078906456,-0.074534216499954398,-0.018199604862227027
-0.73727479336942692,0.56203493449942177,-0.62060046000000002,0.046056000843742749,-0.24027720358915694,0.084315685079344768,0.58389868461356631,0.89339687257609601,0.89194165328524266,-0.26702992197518771,-0.45676968325376738,0.56952151862841138,0.73411749139041871,-0.60968644564781271,-0.56679894426344746,-0.64505389038406136,0.24359317222791158,-0.47892841695924121,0.58474008317084203,0.11361646783258297,-0.16153204929204948,0.40618262929629795,-0.47572631787646724,0.36956010908313952,-0.30909855121589624,1.0,-0.34596022326494646,-0.032648521885989538,-0.25174589850893458,-0.076733117304501122,0.51946233048424229,-0.11196926564669726,-0.33309957083154695,0.15132601953460287,0.32714205022730386,-0.6137248533631412,0.19001774060893731,-0.62387112605455675,0.71124224274113612
0.16620848303986541,0.28043306141346769,0.51007801999999991,-0.54859496935270957,0.85526827739076827,0.53440913097817866,-0.46432929686399976,-0.61676698538811003,-0.14852713429109143,-0.20927257644316316,0.64121220169758664,-0.018301924825241331,-0.55587737573358886,-0.019434491922041719,0.12246245510239151,0.52968162110507999,-0.51575048118740929,0.15127148412203367,-0.33579173441276344,-0.24446123816861423,-0.25597412500167854,-0.49128819426821574,0.0389546972415322,-0.72572230684232741,-0.16286835228138205,-0.34596022326494646,1.0,-0.30507389145266245,-0.48340270713134625,-0.21339735693402132,-0.6719990308198307,0.73802038400796255,0.43179241948435654,-0.69776261309466225,0.21930722086770929,0.081136222720803841,0.15376464266689158,0.76196868873974055,-0.78803567654189965
0.13773258274217826,-0.29333094236177909,-0.52262362000000007,0.44438596794264185,0.10671534367157701,-0.73934235945842219,0.10756746004500833,0.15251240268300506,0.21118773432702681,0.3784757767830626,0.43996463982725731,-0.33977604589722593,0.52119924906102533,0.25044746127684031,0.29016069439253134,-0.0027872260884579947,0.16882762504423102,-0.2646013876262937,-0.22569593176261488,-0.33386419360789554,0.36954877085580773,0.060763075352190485,0.20415987325251234,0.4925624787938932,0.15799630897197034,-0.032648521885989538,-0.30507389145266245,1.0,-0.27301214845724664,0.21421643202572799,0.39438848977031365,-0.56409267187627432,-0.55689105480791912,0.51582908952984918,-0.55643064047113799,0.67081304030972166,-0.76276349201703464,-0.54751516246619447,0.50323499102549407
0.30668520414098654,-0.29194172442964716,0.38683241999999995,0.048612827163927612,-0.70554845892815643,-0.070111745677089957,-0.21528729365204494,-0.091037956498240979,-0.56478246577963853,0.0979047900227486,-0.55759950565554617,-0.27406809788817249,-0.36213996160862455,-0.035535190706521384,-0.13151342157911694,0.04115318973143902,-0.10710798886220246,0.4673483004746995,0.25900749382721994,0.5643584386117193,-0.12609084526141551,-0.10269728485459804,-0.090923786612761431,0.12347381027175618,0.051398166977307008,-0.25174589850893458,-0.48340270713134625,-0.27301214845724664,1.0,0.13743189335059866,-0.12959845559950126,-0.11128017237491952,0.35077672791269554,0.089071193596807444,-0.1400953401528871,-0.067492333486619885,0.13403043073415769,0.13589240716934647,-0.066873122897523743
-0.090901232975574509,-0.63267141746865629,-0.24993114000000005,0.49711758182972371,-0.3615867433389473,-0.51844821971549959,0.45060557386749989,0.1702616932260482,-0.068792064116794949,-0.4639082942354345,0.082701365035864893,-0.42526871320632886,0.20259471987207839,0.47270880311546765,0.39858646366306261,-0.41425182276486583,0.0068763423797491181,-0.09192500189614336,-0.61299291418914215,-0.12824585016222526,0.43216609189788258,0.56761128445759246,0.35122580501474043,0.57632423137306743,0.40002826634319283,-0.076733117304501122,-0.21339735693402132,0.21421643202572799,0.13743189335059866,1.0,0.22357357735990385,0.10082458991709424,-0.33334580767172028,0.51612897570038641,-0.20501440729222903,-0.094283119855391742,-0.093528685250610574,-0.13780061076655964,0.15732924946641716
-0.24893591891230321,-0.12951753760489637,-0.85792836000000006,0.7089342170322197,-0.49856785357797528,-0.34138339506539156,0.7283268185240025,0.64523419672388427,0.46331365908909128,0.074567256523233691,-0.42487175205038008,0.063709814231990639,0.82293018034230603,0.15335692891499836,0.17455678694091276,-0.52897144111385586,0.62191028468117793,-0.65817405113896932,0.061467767228453735,-0.28813160596731113,0.58288616023373996,0.68898834599719672,0.066026789259419322,0.54910454824624899,0.45961890517382142,0.51946233048424229,-0.6719990308198307,0.39438848977031365,-0.12959845559950126,0.22357357735990385,1.0,-0.67683687006320659,-0.827104394457854,0.821247914438056,-0.31768235670125333,-0.11058875269308548,-0.16694382065201291,-0.83262521085100871,0.81794795107883178
-0.10091784810226573,0.26418218448931879,0.58448844000000011,-0.60103048752383392,0.42147644354631014,0.54872436468496666,-0.32097250799614274,-0.32959880224402482,-0.12440127732353023,-0.64771545698115618,0.33372004282451906,-0.066517752891097764,-0.56163517658803996,-0.21551466719836448,-0.1642438175258514,0.26077375524645857,-0.68116062102618735,0.31165533659370265,-0.18814846582903894,0.063156215033573854,-0.45997931882019777,-0.29179033894528389,0.029501539265465469,-0.41835520242404972,-0.24778588465549156,-0.11196926564669726,0.73802038400796255,-0.56409267187627432,-0.11128017237491952,0.10082458991709424,-0.67683687006320659,1.0,0.60556847225244148,-0.69441366036229746,0.44738112853761808,-0.31983421488974539,0.32383180284134849,0.71887249185366686,-0.68666453755189061
0.24402282074373491,0.34937913737607051,0.93352251999999991,-0.88632240486946634,0.18707947191066129,0.53958714760072157,-0.79280330596567938,-0.40369818714856326,-0.43604504660800503,-0.019417968904343941,0.12351405926036715,-0.052752386310420951,-0.83390655484311904,-0.37476979400110438,-0.50803017899382164,0.5386220502759218,-0.64912308439903654,0.67549519625049892,0.13711333865766942,0.4485444044003925,-0.83332448318434094,-0.73304532067196648,0.027928567065723914,-0.36711499133934278,-0.55217843148634604,-0.33309957083154695,0.43179241948435654,-0.55689105480791912,0.35077672791269554,-0.33334580767172028,-0.827104394457854,0.60556847225244148,1.0,-0.87193442116844122,0.26612837011151341,-0.047375676115389842,0.093900035771476639,0.76358691474913876,-0.6731326892659103
-0.017951553474014059,-0.60377642114788543,-0.76284395999999999,0.95276582893599171,-0.54211530377002148,-0.68137634237598377,0.68873843791339062,0.36247020317111367,0.11147355006695471,0.046203319055789289,-0.32055143223020777,-0.17559090311828127,0.66791300008176524,0.50180288175470655,0.53401842123807286,-0.52653226983218249,0.60147137369772685,-0.53665030445374318,-0.18327663452072621,-0.31477867311176588,0.83758975153394044,0.71611492106585173,0.12136525326656497,0.55220930552513703,0.67549174001531331,0.15132601953460287,-0.69776261309466225,0.51582908952984918,0.089071193596807444,0.51612897570038641,0.821247914438056,-0.69441366036229746,-0.87193442116844122,1.0,-0.46125410922040749,0.11829810180503435,-0.18450191443200789,-0.70975928461444748,0.65423123550955498
-0.76197332034781529,0.3045006035452239,0.10589350000000008,-0.34407687608948073,0.12446716487479012,0.33146053667881281,0.22559527795558254,0.14839217097290805,0.32451915845619728,-0.39134721950802887,-0.093663354980489888,0.51380867312419631,-0.042796155217398955,-0.325372762953342,-0.42832189091073664,-0.32052527418338589,-0.022453179403092553,0.38343699356404914,0.38057654830904242,0.44476558898235397,-0.37881849846561522,0.19722479721068392,-0.33056243622376963,-0.22903805516275488,-0.53815421532082597,0.32714205022730386,0.21930722086770929,-0.55643064047113799,-0.1400953401528871,-0.20501440729222903,-0.31768235670125333,0.44738112853761808,0.26612837011151341,-0.46125410922040749,1.0,-0.67728178870515721,0.74348051128907378,0.043508892655756692,-0.12357434872940389
0.70406702235345464,-0.32973278917928694,0.14382395999999997,0.10521343659467147,0.36807776764330558,-0.36565768356191991,-0.51547386767446557,-0.52333776128642884,-0.44906995877933692,0.52332939424612579,0.56004418135689693,-0.47278632080881949,-0.19390886101226934,0.43426928856610642,0.44979233819827735,0.56037469126128003,-0.22309711342415306,-0.021878738089056261,-0.34719065116749082,-0.47037811917537187,0.21633559034403274,-0.4800689750866321,0.41713072481292179,-0.0387524729297977,0.25674989083858901,-0.6137248533631412,0.081136222720803841,0.67081304030972166,-0.067492333486619885,-0.094283119855391742,-0.11058875269308548,-0.31983421488974539,-0.047375676115389842,0.11829810180503435,-0.67728178870515721,1.0,-0.76914260671236045,0.097176352032396038,-0.17414997160374843
-0.47559518806653694,0.094095703315605267,0.070160280000000075,-0.016211427288864655,-0.12550922997535324,0.39042551299580436,0.34695017069058509,0.0001293945506413452,0.070716277274887163,-0.36789108853961977,-0.4499987452114772,0.44135640216563682,-0.11238455699094045,-0.13378008927103505,-0.089349614576221689,-0.3515933131922121,0.19194367535301327,0.20177047098493242,0.31092927153588423,0.39781454793075588,-0.0075039535135427715,0.33653560346946437,-0.49719223841492338,-0.43712909715270076,-0.1023311078906456,0.19001774060893731,0.15376464266689158,-0.76276349201703464,0.13403043073415769,-0.093528685250610574,-0.16694382065201291,0.32383180284134849,0.093900035771476639,-0.18450191443200789,0.74348051128907378,-0.76914260671236045,1.0,0.15975635378255806,-0.20818068046364382
0.51703466690242605,0.077891875676281794,0.89138146000000007,-0.61581733913337844,0.43123566615238085,0.54090992373204405,-0.72961639228278408,-0.76524016600963729,-0.63677963902960211,-0.14727147730938125,0.3260969236737612,-0.23463170868422714,-0.92924704558951998,0.019889123050434582,0.069706364092347581,0.66161518252859064,-0.59789252145584826,0.42466972394743524,-0.30807101578370244,0.035585817264517906,-0.37824634367308535,-0.64651220213677807,0.1265956834113304,-0.6715004737016983,-0.074534216499954398,-0.62387112605455675,0.76196868873974055,-0.54751516246619447,0.13589240716934647,-0.13780061076655964,-0.83262521085100871,0.71887249185366686,0.76358691474913876,-0.70975928461444748,0.043508892655756692,0.097176352032396038,0.15975635378255806,1.0,-0.95511493677125503
-0.47571626787029903,0.052973181745845817,-0.85359335999999997,0.50777671396478385,-0.51203337951998018,-0.49446252088539322,0.6716203413922367,0.87829263439596328,0.68978405133931353,0.15347682253561615,-0.40518450062791311,0.25076748186386588,0.92480867394681288,-0.18988664048717038,-0.22858913633825995,-0.66375018739661984,0.57044020323092115,-0.45423421758763166,0.35131008768381716,0.060335319685136571,0.23427858859547862,0.56827983884994593,-0.21228177219868097,0.74663570190279482,-0.018199604862227027,0.71124224274113612,-0.78803567654189965,0.50323499102549407,-0.066873122897523743,0.15732924946641716,0.81794795107883178,-0.68666453755189061,-0.6731326892659103,0.65423123550955498,-0.12357434872940389,-0.17414997160374843,-0.20818068046364382,-0.95511493677125503,1.0
