1.000000000000000000e+00,7.996194423810618623e-01,4.515827619223846123e-01,2.465961378862995268e-01,-9.388612892399205156e-01,-1.562890995375684489e-01,-5.365418524217412388e-01,8.046366607736218368e-01,6.302743091907367923e-01,-1.770324445019527126e-01,-3.545709136754360280e-02,-4.529935085814857376e-01,-5.331310157911267611e-01,-6.143881813601748121e-01,6.922764735248281287e-01,6.045080876814340476e-01,2.621286112328869225e-02,-4.442893613065287406e-01,-3.297641364782500362e-01,-6.639490995321154498e-01,3.362873543106599354e-03,5.200708283294436240e-01,-2.205526266866604246e-01,-1.288577697652797949e-01,-4.812288617268282165e-01,-7.412312709887890483e-01,-7.319159399999999316e-01,-3.530114464910483196e-02,-1.316575510642444269e-01,-1.362307317396682371e-01,3.510028995098939952e-01,-7.858573538879214393e-01,4.253554918569296683e-02,1.422546697361321555e-01,-8.780004821236742085e-01,3.547108030064522466e-01,9.286364857404206807e-01,-2.436499243537378068e-01,-5.082320082760231061e-01
7.996194423810618623e-01,1.000000000000000000e+00,8.321717875498302330e-01,6.608505586575952329e-01,-8.764382079348245203e-01,-3.167486644722317113e-02,-5.039080986030510800e-01,9.363223720012432416e-01,4.455650354026426951e-01,-4.984627744359085288e-01,-9.564853716951514373e-02,-8.055296389666902757e-01,-5.213744659892027844e-01,-8.288909291450153871e-01,7.667644691996574613e-01,8.876782204881690230e-01,-2.209447931370942531e-01,-6.793015792581579282e-01,-1.539130250265396405e-01,-8.518656768750445529e-01,-3.907949667620295164e-01,2.119652564514963866e-01,-4.330941621526582241e-01,1.989036106721386032e-01,-5.497132191667469109e-02,-5.934924294114165555e-01,-9.572438599999999465e-01,-5.199253013757516584e-01,1.484036051096551123e-01,2.840369153844846117e-01,3.015223896736303200e-01,-4.555398850590252069e-01,4.085827606584494509e-01,2.660108401306677250e-01,-9.139746850623096108e-01,5.544864595901536353e-01,9.042855215262809443e-01,1.612651135920957490e-01,-2.720436626307962680e-01
4.515827619223846123e-01,8.321717875498302330e-01,1.000000000000000000e+00,8.671533192151309466e-01,-5.574592124162831563e-01,-2.159819635139927363e-01,-8.937684852554586556e-02,8.348505845090483657e-01,2.302408610386411092e-01,-2.782141545735186128e-01,-6.192345358555814000e-02,-6.271792154697152233e-01,-6.295770466646306573e-01,-8.748248232817759096e-01,5.266649357491381966e-01,8.367011393018440879e-01,-3.713528591789482802e-01,-4.715898440952389081e-01,-2.921849807223012574e-01,-8.305293195158601760e-01,-2.940635986350750852e-01,1.224671889156397492e-01,-5.193301348760162028e-01,5.271830259172675115e-01,3.068529674730205437e-01,-2.905387528863799806e-01,-9.041340799999999511e-01,-5.997122590440446821e-01,1.175741182676470764e-01,5.092875871413837796e-01,4.065573908502130851e-01,-1.490528827970843961e-01,6.618186809957014027e-01,3.058502823313370977e-01,-6.377911100249219478e-01,8.017872187215799862e-01,6.702180484280344519e-01,5.724311071596525080e-01,2.047079163459461504e-01
2.465961378862995268e-01,6.608505586575952329e-01,8.671533192151309466e-01,1.000000000000000000e+00,-3.251370710310449996e-01,-2.143188533510280991e-01,-1.997001755748702700e-01,6.936027630015954015e-01,-1.766294835682895303e-01,-3.197756903995416788e-01,-1.793335857163588232e-01,-6.247325798766237837e-01,-4.324613781783479549e-01,-8.905236089207572148e-01,5.539301373800106232e-01,8.115258271975348547e-01,-4.969958663334951843e-01,-1.924101637814607801e-01,-1.738563638027103286e-01,-6.961314669691415213e-01,-3.697886147164668458e-01,5.710526964599509092e-02,-4.755787863659191039e-01,8.193719660228859780e-01,6.137248183209241814e-01,-2.624460806575622529e-01,-8.021926600000000018e-01,-6.471429930364791527e-01,-6.868091023377131954e-02,7.468443318546672538e-01,5.201609475117944248e-01,1.374249613959174221e-01,7.282488875098380721e-01,4.152134243464454255e-01,-3.476844813478146001e-01,7.612024154775069995e-01,4.380676583193047757e-01,7.876251375113811903e-01,4.704514397202770315e-01
-9.388612892399205156e-01,-8.764382079348245203e-01,-5.574592124162831563e-01,-3.251370710310449996e-01,1.000000000000000000e+00,9.874744604967494732e-02,4.879321164263339394e-01,-8.230053800497416638e-01,-6.935508895361751636e-01,2.841646647497802491e-01,-1.089492582974343204e-01,5.679578019124207344e-01,5.992549720968505245e-01,6.583765917254958966e-01,-6.787533309220309397e-01,-7.038769899015249187e-01,1.125561414604040605e-01,5.632262813800390511e-01,2.281838410823294194e-01,6.523881341074582174e-01,1.383379800685456407e-01,-3.861544604713067486e-01,4.579792597297234757e-01,1.633349381541741585e-01,4.597803998781573309e-01,7.600905512365656591e-01,7.795513199999999365e-01,1.916677335310427166e-01,1.081110922314157397e-01,-1.882842884863980895e-02,-2.858713321770399718e-01,7.209390038085501384e-01,-1.016600906946603100e-01,-1.205146214379125003e-01,9.167949586966217534e-01,-3.165029603792727242e-01,-9.121590799538136229e-01,2.356016020940093214e-01,5.210458612501739362e-01
-1.562890995375684489e-01,-3.167486644722317113e-02,-2.159819635139927363e-01,-2.143188533510280991e-01,9.874744604967494732e-02,1.000000000000000000e+00,-3.825213426642549153e-01,-2.731778103297722304e-01,2.011406282453177905e-04,-6.307064005446867405e-01,2.430356784911203438e-01,-4.022896124627298731e-01,5.278117029336343302e-01,3.675417098517859138e-01,-1.812550706790629906e-01,-1.529256976356125897e-01,7.867114787713194723e-02,-5.359228283009055405e-01,8.603661461664932064e-01,8.321140379617691929e-02,-6.608810167455337892e-01,-7.558997522439979688e-01,4.269428415628881424e-01,-1.457401977468878451e-01,7.395733238940063736e-02,2.308453801569019526e-01,2.122915400000000563e-01,-4.275408332244889920e-01,3.976855366153297378e-01,-1.950763670949848816e-01,-7.323846094691967012e-01,2.961611564018965526e-01,-3.866609477816412843e-02,9.915058285832833995e-02,1.192564035972073500e-01,-5.664031191283507294e-01,-2.166075272078599734e-01,-4.510197128472202832e-02,-5.091960592525981433e-01
-5.365418524217412388e-01,-5.039080986030510800e-01,-8.937684852554586556e-02,-1.997001755748702700e-01,4.879321164263339394e-01,-3.825213426642549153e-01,1.000000000000000000e+00,-3.865254903576800238e-01,2.062504033827329553e-02,6.895285177688531553e-01,2.232546086606344293e-01,6.928043113645691031e-01,-2.206315452911667419e-01,3.117588589154048906e-01,-6.572093413415605045e-01,-4.270589832429387833e-01,-4.393273606497320738e-03,3.769039975131068254e-01,-3.638673019709707246e-01,4.008177544461871689e-01,5.378978218378189791e-01,4.924336629048845643e-03,-6.585821455945152503e-02,-3.460802990583022876e-02,6.256690045071852668e-02,5.284457111451268396e-01,3.980211199999998950e-01,3.205060294901858065e-01,-9.443992481404436812e-02,-4.165565193635938773e-02,1.904921656904765698e-02,1.840326195594080838e-01,-2.074359394428123768e-02,-3.065076207114514339e-01,4.545981522420406984e-01,1.490308129691407246e-01,-4.343790621261539031e-01,1.200597428111491172e-01,4.767294897043136692e-01
8.046366607736218368e-01,9.363223720012432416e-01,8.348505845090483657e-01,6.936027630015954015e-01,-8.230053800497416638e-01,-2.731778103297722304e-01,-3.865254903576800238e-01,1.000000000000000000e+00,4.505443068949265273e-01,-2.173293147127560998e-01,-2.373578753320350343e-01,-6.056216125276374651e-01,-5.601716835851432430e-01,-8.654674589140677332e-01,8.456707210596193791e-01,9.251923217508692954e-01,-4.990268078464359103e-02,-4.210518526593412525e-01,-4.432665494039340626e-01,-9.094574180455934354e-01,-1.514347252365545737e-01,4.751337934301810839e-01,-4.685812314557963321e-01,3.249006597943074337e-01,-8.115340243062869885e-02,-6.695957675718317015e-01,-9.789101599999999737e-01,-2.813174656872781676e-01,4.555704198126521443e-02,2.048860303898052682e-01,5.901084276830944608e-01,-5.850349368065297373e-01,2.915495094027564793e-01,2.386663068590491044e-01,-8.664498755738252456e-01,6.799042856831499781e-01,9.473615785917626209e-01,2.073214573505814950e-01,-1.448923684464604733e-01
6.302743091907367923e-01,4.455650354026426951e-01,2.302408610386411092e-01,-1.766294835682895303e-01,-6.935508895361751636e-01,2.011406282453177905e-04,2.062504033827329553e-02,4.505443068949265273e-01,1.000000000000000000e+00,1.719569602862219826e-01,3.427675997791554408e-01,-3.652757806356571324e-02,-4.673422497249659635e-01,-1.168950161370731489e-01,2.085115384682985629e-01,2.804015958629016980e-01,3.279884643815078604e-01,-4.091063919625185230e-01,-2.970684618300757363e-01,-3.564922979743942455e-01,1.963478418493769528e-01,3.311751435102129326e-01,-2.880189254886640349e-01,-4.923530744042199925e-01,-7.774885273988704215e-01,-4.738393352689149740e-01,-3.337279800000000352e-01,2.297911206906945725e-01,-2.208398010419381288e-02,-4.982121643999346539e-01,8.558676150315755460e-02,-8.199562054096665165e-01,-3.283406184629238389e-01,-1.490705506813836401e-01,-6.169806324168352063e-01,5.920605898442581408e-03,6.273994279324800472e-01,-4.790912663189529908e-01,-6.837030465244141597e-01
-1.770324445019527126e-01,-4.984627744359085288e-01,-2.782141545735186128e-01,-3.197756903995416788e-01,2.841646647497802491e-01,-6.307064005446867405e-01,6.895285177688531553e-01,-2.173293147127560998e-01,1.719569602862219826e-01,1.000000000000000000e+00,7.922420102803712227e-02,8.968498233747476123e-01,-2.337678361221652568e-01,2.404664327870614238e-01,-3.149656211394150640e-01,-3.439351463857091562e-01,3.570879645294431359e-01,7.504487099710699383e-01,-7.139119660025081693e-01,2.669351808905005563e-01,8.896319637728747898e-01,5.524620282514982605e-01,-7.011147715355904586e-02,-6.644308630035909713e-02,-3.049328070555231696e-01,6.169452321637391989e-02,3.381906599999999763e-01,8.138546785426672425e-01,-4.576073486660073297e-01,-3.681262789522260492e-01,4.559616129575955190e-01,-2.864823868274515295e-01,-4.115807019371011122e-01,-2.889850265442618915e-01,3.567561320370434830e-01,8.645524545178541465e-02,-1.837771847635105149e-01,-1.305331243729099255e-01,2.873404329658255096e-01
-3.545709136754360280e-02,-9.564853716951514373e-02,-6.192345358555814000e-02,-1.793335857163588232e-01,-1.089492582974343204e-01,2.430356784911203438e-01,2.232546086606344293e-01,-2.373578753320350343e-01,3.427675997791554408e-01,7.922420102803712227e-02,1.000000000000000000e+00,1.065761879165331716e-01,-4.181049491175159449e-01,7.676528170554322572e-02,-5.052484911274386370e-01,-2.082351469003802247e-01,-3.910046629869727286e-01,-1.303122375892024898e-01,2.456986674278404947e-01,2.767142713372363061e-01,1.737639853013978053e-03,-4.257342310446515787e-01,-2.832796924396692728e-01,-2.863232500774568479e-01,-2.035333227970055059e-01,1.391827657750837055e-01,1.954123999999999306e-01,-1.398048999250077751e-01,-4.698564467868366346e-01,3.457016284824215163e-02,-3.368732732449781775e-01,8.465919457793991132e-02,1.519478804992045740e-01,-2.558221489824225592e-01,1.457814684151685358e-01,-2.752059061488021374e-01,-1.880565812730185804e-01,-6.601675760805000848e-02,-1.469121026173309807e-01
-4.529935085814857376e-01,-8.055296389666902757e-01,-6.271792154697152233e-01,-6.247325798766237837e-01,5.679578019124207344e-01,-4.022896124627298731e-01,6.928043113645691031e-01,-6.056216125276374651e-01,-3.652757806356571324e-02,8.968498233747476123e-01,1.065761879165331716e-01,1.000000000000000000e+00,8.794825637628268800e-02,6.075348698358712385e-01,-5.947721759933253249e-01,-7.044754337941780964e-01,3.742028521686083797e-01,7.695413824642107770e-01,-4.098568419951238995e-01,6.223909568960497296e-01,8.174194224878903459e-01,2.827986833435341962e-01,1.960543984330647416e-01,-2.723885578436810451e-01,-2.829593407817272976e-01,3.409507924972779436e-01,7.088262199999999513e-01,8.315664545373286920e-01,-3.286093317150649562e-01,-4.494103927291050460e-01,9.112940423771045961e-02,-3.498019180037165166e-02,-5.146069266150281596e-01,-3.813548366980445969e-01,6.142040410033865472e-01,-2.436923408490251353e-01,-5.270335785641744319e-01,-2.811228938412000389e-01,2.362535499631715219e-01
-5.331310157911267611e-01,-5.213744659892027844e-01,-6.295770466646306573e-01,-4.324613781783479549e-01,5.992549720968505245e-01,5.278117029336343302e-01,-2.206315452911667419e-01,-5.601716835851432430e-01,-4.673422497249659635e-01,-2.337678361221652568e-01,-4.181049491175159449e-01,8.794825637628268800e-02,1.000000000000000000e+00,6.858084259772703195e-01,-1.404370963729907329e-01,-4.149153893870583532e-01,4.905835789446411077e-01,1.490759195203889553e-01,5.545390170896544735e-01,3.878143224079840801e-01,-3.082680042735149728e-01,-3.586744576619957936e-01,5.758942910173441287e-01,-8.893501994972830005e-02,1.443722766415067305e-01,2.700520889936727786e-01,5.687287800000000448e-01,1.365735168013745837e-01,4.891476610860504559e-01,-3.223298483127692293e-01,-4.096369126218615264e-01,3.597855896686139587e-01,-4.746353001324961629e-01,-4.199585755259860331e-02,4.814580096609580862e-01,-6.635401697439107238e-01,-5.297526857211005691e-01,-1.876776673077625301e-01,-1.761707431542758606e-01
-6.143881813601748121e-01,-8.288909291450153871e-01,-8.748248232817759096e-01,-8.905236089207572148e-01,6.583765917254958966e-01,3.675417098517859138e-01,3.117588589154048906e-01,-8.654674589140677332e-01,-1.168950161370731489e-01,2.404664327870614238e-01,7.676528170554322572e-02,6.075348698358712385e-01,6.858084259772703195e-01,1.000000000000000000e+00,-6.725885176781601915e-01,-8.602422031389842516e-01,4.800373288509056646e-01,2.609867416315608812e-01,3.584183770041449169e-01,7.686605114424254204e-01,1.926691813110483764e-01,-3.130067016347198861e-01,5.608705489813087253e-01,-5.631905187542348701e-01,-2.600703032915249735e-01,5.110989137371717561e-01,9.229055600000000137e-01,4.884149695891041310e-01,2.315309005825377520e-01,-5.967302026584481167e-01,-6.001443999014092201e-01,2.175780147668636699e-01,-6.382043184814215619e-01,-3.447799989719953495e-01,6.279539405527624352e-01,-7.911798846145172703e-01,-7.141148880062478943e-01,-5.085121708154602960e-01,-2.409747447266137321e-01
6.922764735248281287e-01,7.667644691996574613e-01,5.266649357491381966e-01,5.539301373800106232e-01,-6.787533309220309397e-01,-1.812550706790629906e-01,-6.572093413415605045e-01,8.456707210596193791e-01,2.085115384682985629e-01,-3.149656211394150640e-01,-5.052484911274386370e-01,-5.947721759933253249e-01,-1.404370963729907329e-01,-6.725885176781601915e-01,1.000000000000000000e+00,8.601706988342109339e-01,1.477366012363264258e-01,-2.255930997651966752e-01,-2.914507795389187361e-01,-7.452707576505067655e-01,-2.310504276591043293e-01,5.072680238314801748e-01,-3.616160337549051973e-01,2.922883986283786872e-01,-9.235499930712250116e-02,-7.763911909355605268e-01,-8.037426800000000426e-01,-1.333917410537985293e-01,9.442956294319243549e-02,1.440509106207206458e-01,6.020955931779217174e-01,-5.339244987506133189e-01,1.537049973092612098e-03,2.223731962198819689e-01,-7.255683349096987422e-01,3.837218680982241170e-01,8.037276415356113812e-01,3.468213871733250020e-02,-2.293319038763632634e-01
6.045080876814340476e-01,8.876782204881690230e-01,8.367011393018440879e-01,8.115258271975348547e-01,-7.038769899015249187e-01,-1.529256976356125897e-01,-4.270589832429387833e-01,9.251923217508692954e-01,2.804015958629016980e-01,-3.439351463857091562e-01,-2.082351469003802247e-01,-7.044754337941780964e-01,-4.149153893870583532e-01,-8.602422031389842516e-01,8.601706988342109339e-01,1.000000000000000000e+00,-1.321980976595513169e-01,-3.741019049237643279e-01,-2.563663946330764776e-01,-8.510228472809715505e-01,-3.653018553434984050e-01,2.814745595247377108e-01,-6.099207502186122509e-01,4.727786951856733366e-01,1.098341318142240508e-01,-6.580723809033056648e-01,-9.442202600000000334e-01,-4.280047029478139531e-01,4.935465319879559637e-02,3.947197023374561797e-01,5.786175296693926162e-01,-3.728994861937983130e-01,3.215941611556837887e-01,2.421734187988316966e-01,-7.201149040693866077e-01,5.685522598410619466e-01,7.938819698376138323e-01,3.376180095652177582e-01,-5.264031765647007172e-02
2.621286112328869225e-02,-2.209447931370942531e-01,-3.713528591789482802e-01,-4.969958663334951843e-01,1.125561414604040605e-01,7.867114787713194723e-02,-4.393273606497320738e-03,-4.990268078464359103e-02,3.279884643815078604e-01,3.570879645294431359e-01,-3.910046629869727286e-01,3.742028521686083797e-01,4.905835789446411077e-01,4.800373288509056646e-01,1.477366012363264258e-01,-1.321980976595513169e-01,1.000000000000000000e+00,1.957302287538446040e-01,-2.237438467397092345e-01,-4.588884993261053286e-02,2.696563028033704956e-01,3.468690762795146321e-01,3.182360721314081986e-01,-2.747324093684077040e-01,-5.040408532961635490e-01,-1.611667988433912180e-01,2.165799799999998942e-01,6.781832971978547508e-01,3.653714936664854696e-01,-8.418526165620442425e-01,1.123706473781358323e-01,-5.135514776487677402e-01,-8.306278814981493674e-01,-2.475657240653176827e-01,-5.461670447709802458e-03,-3.538186007321781901e-01,9.530256532399312974e-02,-4.628233869296865532e-01,-4.762714336758271383e-01
-4.442893613065287406e-01,-6.793015792581579282e-01,-4.715898440952389081e-01,-1.924101637814607801e-01,5.632262813800390511e-01,-5.359228283009055405e-01,3.769039975131068254e-01,-4.210518526593412525e-01,-4.091063919625185230e-01,7.504487099710699383e-01,-1.303122375892024898e-01,7.695413824642107770e-01,1.490759195203889553e-01,2.609867416315608812e-01,-2.255930997651966752e-01,-3.741019049237643279e-01,1.957302287538446040e-01,1.000000000000000000e+00,-4.133018205136517187e-01,4.444776310740429781e-01,6.276582433007082962e-01,3.789068112944699029e-01,-1.584220938470306053e-02,2.021633634628056120e-01,7.432188471526976481e-02,8.138238817179413442e-02,4.795292799999999467e-01,6.649615416276681845e-01,-5.327092675150600920e-01,-5.237496537098565441e-02,4.647497632050665017e-01,1.275514305508079760e-01,-3.396201779909769347e-01,-1.538975128568387252e-01,6.594429327954672848e-01,-8.878839769819854566e-02,-4.860733944666587591e-01,4.701322539633932818e-02,5.274058183823807644e-01
-3.297641364782500362e-01,-1.539130250265396405e-01,-2.921849807223012574e-01,-1.738563638027103286e-01,2.281838410823294194e-01,8.603661461664932064e-01,-3.638673019709707246e-01,-4.432665494039340626e-01,-2.970684618300757363e-01,-7.139119660025081693e-01,2.456986674278404947e-01,-4.098568419951238995e-01,5.545390170896544735e-01,3.584183770041449169e-01,-2.914507795389187361e-01,-2.563663946330764776e-01,-2.237438467397092345e-01,-4.133018205136517187e-01,1.000000000000000000e+00,2.955132105012929777e-01,-7.611485824646465614e-01,-8.518609307022623200e-01,3.296726593387621640e-01,-1.317732609704272417e-01,2.759262299805120833e-01,2.611652916123786139e-01,3.314137600000000017e-01,-5.315214991933138178e-01,2.841919960115870114e-01,8.562466059455067779e-02,-7.773104452166894607e-01,5.688704475633469260e-01,1.036393717727493446e-01,1.254507673451956962e-01,2.787426250613342371e-01,-6.165263976099543131e-01,-4.307009359405377658e-01,-1.201952519477483307e-02,-2.790907387321056032e-01
-6.639490995321154498e-01,-8.518656768750445529e-01,-8.305293195158601760e-01,-6.961314669691415213e-01,6.523881341074582174e-01,8.321140379617691929e-02,4.008177544461871689e-01,-9.094574180455934354e-01,-3.564922979743942455e-01,2.669351808905005563e-01,2.767142713372363061e-01,6.223909568960497296e-01,3.878143224079840801e-01,7.686605114424254204e-01,-7.452707576505067655e-01,-8.510228472809715505e-01,-4.588884993261053286e-02,4.444776310740429781e-01,2.955132105012929777e-01,1.000000000000000000e+00,2.794282432849565234e-01,-3.273671023266605529e-01,2.705595315483457775e-01,-4.580055201485396799e-01,-9.062849993895591427e-02,5.458771814956412394e-01,9.056155200000000072e-01,3.594469062135221549e-01,-1.972298751582372278e-01,-1.011733111070330787e-01,-4.648860125294442813e-01,4.380830396927833936e-01,-3.217733871954593372e-01,-3.916592707590371703e-01,7.263340734488303863e-01,-6.217916242949272920e-01,-8.330912166352711923e-01,-3.595191633272831200e-01,1.262407467000361272e-01
3.362873543106599354e-03,-3.907949667620295164e-01,-2.940635986350750852e-01,-3.697886147164668458e-01,1.383379800685456407e-01,-6.608810167455337892e-01,5.378978218378189791e-01,-1.514347252365545737e-01,1.963478418493769528e-01,8.896319637728747898e-01,1.737639853013978053e-03,8.174194224878903459e-01,-3.082680042735149728e-01,1.926691813110483764e-01,-2.310504276591043293e-01,-3.653018553434984050e-01,2.696563028033704956e-01,6.276582433007082962e-01,-7.611485824646465614e-01,2.794282432849565234e-01,1.000000000000000000e+00,6.664209921260995095e-01,3.243130465720056588e-02,-2.264555161850750620e-01,-4.361734573116487490e-01,8.356857787516480673e-02,2.756751799999999086e-01,7.924623220726179085e-01,-4.529911032875820753e-01,-3.253804268797112487e-01,3.773104171723520861e-01,-3.653906546409537714e-01,-3.496149343957885014e-01,-2.187728947543297608e-01,1.782181261454556243e-01,1.705152059457803460e-01,-6.790433360592390555e-02,-2.590568732331932078e-01,2.077908896064318833e-01
5.200708283294436240e-01,2.119652564514963866e-01,1.224671889156397492e-01,5.710526964599509092e-02,-3.861544604713067486e-01,-7.558997522439979688e-01,4.924336629048845643e-03,4.751337934301810839e-01,3.311751435102129326e-01,5.524620282514982605e-01,-4.257342310446515787e-01,2.827986833435341962e-01,-3.586744576619957936e-01,-3.130067016347198861e-01,5.072680238314801748e-01,2.814745595247377108e-01,3.468690762795146321e-01,3.789068112944699029e-01,-8.518609307022623200e-01,-3.273671023266605529e-01,6.664209921260995095e-01,1.000000000000000000e+00,-2.180719355657217973e-01,-1.686270391681338882e-02,-4.403741022418064532e-01,-5.801437300761506100e-01,-3.320357400000000236e-01,6.152503040303587412e-01,-3.014727724919161189e-01,-2.293345327520492360e-01,7.595815475691286567e-01,-7.247299443039734168e-01,-3.324714184536889938e-01,6.776551916692381827e-02,-3.780727356184606647e-01,4.103968224422667177e-01,5.315268215566417709e-01,-2.505681407372952751e-01,-7.746637629233493662e-04
-2.205526266866604246e-01,-4.330941621526582241e-01,-5.193301348760162028e-01,-4.755787863659191039e-01,4.579792597297234757e-01,4.269428415628881424e-01,-6.585821455945152503e-02,-4.685812314557963321e-01,-2.880189254886640349e-01,-7.011147715355904586e-02,-2.832796924396692728e-01,1.960543984330647416e-01,5.758942910173441287e-01,5.608705489813087253e-01,-3.616160337549051973e-01,-6.099207502186122509e-01,3.182360721314081986e-01,-1.584220938470306053e-02,3.296726593387621640e-01,2.705595315483457775e-01,3.243130465720056588e-02,-2.180719355657217973e-01,1.000000000000000000e+00,-1.233071908026940472e-01,8.313566079576718837e-02,4.826224043644374295e-01,4.835070800000000890e-01,1.394428493930038315e-01,3.209025996789890978e-01,-4.646885920224313460e-01,-4.907049710228887363e-01,2.312281326844521923e-01,-1.524768304775812044e-01,1.718913118448459620e-01,3.512640123187762975e-01,-2.686268858933276715e-01,-3.504911028595007472e-01,-8.171544537838323907e-02,-1.286176976101028047e-01
-1.288577697652797949e-01,1.989036106721386032e-01,5.271830259172675115e-01,8.193719660228859780e-01,1.633349381541741585e-01,-1.457401977468878451e-01,-3.460802990583022876e-02,3.249006597943074337e-01,-4.923530744042199925e-01,-6.644308630035909713e-02,-2.863232500774568479e-01,-2.723885578436810451e-01,-8.893501994972830005e-02,-5.631905187542348701e-01,2.922883986283786872e-01,4.727786951856733366e-01,-2.747324093684077040e-01,2.021633634628056120e-01,-1.317732609704272417e-01,-4.580055201485396799e-01,-2.264555161850750620e-01,-1.686270391681338882e-02,-1.233071908026940472e-01,1.000000000000000000e+00,8.078834174557505410e-01,7.573553193598060555e-03,-4.217438599999999704e-01,-4.088326791740414246e-01,-1.147169382620668865e-01,5.670026121641378314e-01,5.107706550217018249e-01,3.750180721337816880e-01,5.633002564317566296e-01,4.037192667877556596e-01,1.452111132965036855e-01,5.953587294044609957e-01,4.349058080005360760e-02,9.199598792906621414e-01,6.758061634896580516e-01
-4.812288617268282165e-01,-5.497132191667469109e-02,3.068529674730205437e-01,6.137248183209241814e-01,4.597803998781573309e-01,7.395733238940063736e-02,6.256690045071852668e-02,-8.115340243062869885e-02,-7.774885273988704215e-01,-3.049328070555231696e-01,-2.035333227970055059e-01,-2.829593407817272976e-01,1.443722766415067305e-01,-2.600703032915249735e-01,-9.235499930712250116e-02,1.098341318142240508e-01,-5.040408532961635490e-01,7.432188471526976481e-02,2.759262299805120833e-01,-9.062849993895591427e-02,-4.361734573116487490e-01,-4.403741022418064532e-01,8.313566079576718837e-02,8.078834174557505410e-01,1.000000000000000000e+00,4.009023959766013778e-01,-8.385748000000003977e-02,-6.146417577747412819e-01,1.011119760441175630e-01,6.822555027099588276e-01,1.211432469588192597e-02,8.025376707273181864e-01,6.877819617421897513e-01,3.516583284490091832e-01,3.857184135459691965e-01,3.520202326086461220e-01,-3.518086655232587345e-01,8.670227998251595070e-01,7.437012029697914750e-01
-7.412312709887890483e-01,-5.934924294114165555e-01,-2.905387528863799806e-01,-2.624460806575622529e-01,7.600905512365656591e-01,2.308453801569019526e-01,5.284457111451268396e-01,-6.695957675718317015e-01,-4.738393352689149740e-01,6.169452321637391989e-02,1.391827657750837055e-01,3.409507924972779436e-01,2.700520889936727786e-01,5.110989137371717561e-01,-7.763911909355605268e-01,-6.580723809033056648e-01,-1.611667988433912180e-01,8.138238817179413442e-02,2.611652916123786139e-01,5.458771814956412394e-01,8.356857787516480673e-02,-5.801437300761506100e-01,4.826224043644374295e-01,7.573553193598060555e-03,4.009023959766013778e-01,1.000000000000000000e+00,5.844647000000000592e-01,-1.326381992800833021e-01,2.613105346476942703e-01,9.369632309933174918e-02,-5.718087426535132245e-01,7.071430083400052080e-01,2.564478948030226579e-01,-1.535352763680940813e-01,6.092824283612549019e-01,-9.373719946401742886e-02,-7.209702235743430387e-01,2.761954930177036305e-01,4.221756146993515535e-01
-7.319159399999999316e-01,-9.572438599999999465e-01,-9.041340799999999511e-01,-8.021926600000000018e-01,7.795513199999999365e-01,2.122915400000000563e-01,3.980211199999998950e-01,-9.789101599999999737e-01,-3.337279800000000352e-01,3.381906599999999763e-01,1.954123999999999306e-01,7.088262199999999513e-01,5.687287800000000448e-01,9.229055600000000137e-01,-8.037426800000000426e-01,-9.442202600000000334e-01,2.165799799999998942e-01,4.795292799999999467e-01,3.314137600000000017e-01,9.056155200000000072e-01,2.756751799999999086e-01,-3.320357400000000236e-01,4.835070800000000890e-01,-4.217438599999999704e-01,-8.385748000000003977e-02,5.844647000000000592e-01,1.000000000000000000e+00,4.606181400000000092e-01,-5.528812000000005167e-02,-3.705275799999999675e-01,-5.220402200000000548e-01,4.162276000000000309e-01,-4.620108800000000127e-01,-3.038228400000000384e-01,8.237936400000001047e-01,-7.205927999999999223e-01,-8.829853399999999519e-01,-3.469569799999999704e-01,4.316414000000001749e-02
-3.530114464910483196e-02,-5.199253013757516584e-01,-5.997122590440446821e-01,-6.471429930364791527e-01,1.916677335310427166e-01,-4.275408332244889920e-01,3.205060294901858065e-01,-2.813174656872781676e-01,2.297911206906945725e-01,8.138546785426672425e-01,-1.398048999250077751e-01,8.315664545373286920e-01,1.365735168013745837e-01,4.884149695891041310e-01,-1.333917410537985293e-01,-4.280047029478139531e-01,6.781832971978547508e-01,6.649615416276681845e-01,-5.315214991933138178e-01,3.594469062135221549e-01,7.924623220726179085e-01,6.152503040303587412e-01,1.394428493930038315e-01,-4.088326791740414246e-01,-6.146417577747412819e-01,-1.326381992800833021e-01,4.606181400000000092e-01,1.000000000000000000e+00,-2.562515571049305274e-01,-6.842186524600554209e-01,2.979047008950248543e-01,-4.935095319206501685e-01,-8.120582425905540358e-01,-3.683079159760930255e-01,2.352003888541296106e-01,-2.877548422522968607e-01,-1.189425997645194161e-01,-5.847585845434246643e-01,-1.477390074491913285e-01
-1.316575510642444269e-01,1.484036051096551123e-01,1.175741182676470764e-01,-6.868091023377131954e-02,1.081110922314157397e-01,3.976855366153297378e-01,-9.443992481404436812e-02,4.555704198126521443e-02,-2.208398010419381288e-02,-4.576073486660073297e-01,-4.698564467868366346e-01,-3.286093317150649562e-01,4.891476610860504559e-01,2.315309005825377520e-01,9.442956294319243549e-02,4.935465319879559637e-02,3.653714936664854696e-01,-5.327092675150600920e-01,2.841919960115870114e-01,-1.972298751582372278e-01,-4.529911032875820753e-01,-3.014727724919161189e-01,3.209025996789890978e-01,-1.147169382620668865e-01,1.011119760441175630e-01,2.613105346476942703e-01,-5.528812000000005167e-02,-2.562515571049305274e-01,1.000000000000000000e+00,-2.087291752370938336e-01,-4.243619683104149498e-01,7.746620030175355165e-02,-6.224345476063868760e-02,-8.198675728441105759e-02,-2.337137403928827850e-01,-8.172430595028380707e-02,7.113775883185492754e-02,-6.509915763443679948e-02,-2.686017345138740353e-01
-1.362307317396682371e-01,2.840369153844846117e-01,5.092875871413837796e-01,7.468443318546672538e-01,-1.882842884863980895e-02,-1.950763670949848816e-01,-4.165565193635938773e-02,2.048860303898052682e-01,-4.982121643999346539e-01,-3.681262789522260492e-01,3.457016284824215163e-02,-4.494103927291050460e-01,-3.223298483127692293e-01,-5.967302026584481167e-01,1.440509106207206458e-01,3.947197023374561797e-01,-8.418526165620442425e-01,-5.237496537098565441e-02,8.562466059455067779e-02,-1.011733111070330787e-01,-3.253804268797112487e-01,-2.293345327520492360e-01,-4.646885920224313460e-01,5.670026121641378314e-01,6.822555027099588276e-01,9.369632309933174918e-02,-3.705275799999999675e-01,-6.842186524600554209e-01,-2.087291752370938336e-01,1.000000000000000000e+00,1.756298699741510871e-01,5.480138755288983532e-01,7.883387766927382190e-01,2.610110028640709734e-01,-1.315959092514575220e-03,4.915863374156048127e-01,-4.917550823474010208e-02,6.548090635002160598e-01,6.541026939925677075e-01
3.510028995098939952e-01,3.015223896736303200e-01,4.065573908502130851e-01,5.201609475117944248e-01,-2.858713321770399718e-01,-7.323846094691967012e-01,1.904921656904765698e-02,5.901084276830944608e-01,8.558676150315755460e-02,4.559616129575955190e-01,-3.368732732449781775e-01,9.112940423771045961e-02,-4.096369126218615264e-01,-6.001443999014092201e-01,6.020955931779217174e-01,5.786175296693926162e-01,1.123706473781358323e-01,4.647497632050665017e-01,-7.773104452166894607e-01,-4.648860125294442813e-01,3.773104171723520861e-01,7.595815475691286567e-01,-4.907049710228887363e-01,5.107706550217018249e-01,1.211432469588192597e-02,-5.718087426535132245e-01,-5.220402200000000548e-01,2.979047008950248543e-01,-4.243619683104149498e-01,1.756298699741510871e-01,1.000000000000000000e+00,-4.354048582692656710e-01,-1.925751305678374131e-02,1.156961696018975888e-01,-2.361274898909244968e-01,5.828911105692994310e-01,4.707867157080249942e-01,2.617756958253606991e-01,3.428290465461995562e-01
-7.858573538879214393e-01,-4.555398850590252069e-01,-1.490528827970843961e-01,1.374249613959174221e-01,7.209390038085501384e-01,2.961611564018965526e-01,1.840326195594080838e-01,-5.850349368065297373e-01,-8.199562054096665165e-01,-2.864823868274515295e-01,8.465919457793991132e-02,-3.498019180037165166e-02,3.597855896686139587e-01,2.175780147668636699e-01,-5.339244987506133189e-01,-3.728994861937983130e-01,-5.135514776487677402e-01,1.275514305508079760e-01,5.688704475633469260e-01,4.380830396927833936e-01,-3.653906546409537714e-01,-7.247299443039734168e-01,2.312281326844521923e-01,3.750180721337816880e-01,8.025376707273181864e-01,7.071430083400052080e-01,4.162276000000000309e-01,-4.935095319206501685e-01,7.746620030175355165e-02,5.480138755288983532e-01,-4.354048582692656710e-01,1.000000000000000000e+00,4.897335219645190252e-01,1.550351318261993239e-01,6.860279999430441977e-01,-1.130946913014654331e-01,-7.698914393694956670e-01,5.532303049051566779e-01,6.066411832996845277e-01
4.253554918569296683e-02,4.085827606584494509e-01,6.618186809957014027e-01,7.282488875098380721e-01,-1.016600906946603100e-01,-3.866609477816412843e-02,-2.074359394428123768e-02,2.915495094027564793e-01,-3.283406184629238389e-01,-4.115807019371011122e-01,1.519478804992045740e-01,-5.146069266150281596e-01,-4.746353001324961629e-01,-6.382043184814215619e-01,1.537049973092612098e-03,3.215941611556837887e-01,-8.306278814981493674e-01,-3.396201779909769347e-01,1.036393717727493446e-01,-3.217733871954593372e-01,-3.496149343957885014e-01,-3.324714184536889938e-01,-1.524768304775812044e-01,5.633002564317566296e-01,6.877819617421897513e-01,2.564478948030226579e-01,-4.620108800000000127e-01,-8.120582425905540358e-01,-6.224345476063868760e-02,7.883387766927382190e-01,-1.925751305678374131e-02,4.897335219645190252e-01,1.000000000000000000e+00,3.535577457068495022e-01,-1.351333858120784548e-01,6.475543422338440047e-01,9.774793158912351010e-02,7.662866480289362014e-01,5.465726992495252290e-01
1.422546697361321555e-01,2.660108401306677250e-01,3.058502823313370977e-01,4.152134243464454255e-01,-1.205146214379125003e-01,9.915058285832833995e-02,-3.065076207114514339e-01,2.386663068590491044e-01,-1.490705506813836401e-01,-2.889850265442618915e-01,-2.558221489824225592e-01,-3.813548366980445969e-01,-4.199585755259860331e-02,-3.447799989719953495e-01,2.223731962198819689e-01,2.421734187988316966e-01,-2.475657240653176827e-01,-1.538975128568387252e-01,1.254507673451956962e-01,-3.916592707590371703e-01,-2.187728947543297608e-01,6.776551916692381827e-02,1.718913118448459620e-01,4.037192667877556596e-01,3.516583284490091832e-01,-1.535352763680940813e-01,-3.038228400000000384e-01,-3.683079159760930255e-01,-8.198675728441105759e-02,2.610110028640709734e-01,1.156961696018975888e-01,1.550351318261993239e-01,3.535577457068495022e-01,1.000000000000000000e+00,-7.524919598230424278e-02,3.164259487941417648e-01,1.405775880903677999e-01,3.943251764402935233e-01,1.472759741437391356e-01
-8.780004821236742085e-01,-9.139746850623096108e-01,-6.377911100249219478e-01,-3.476844813478146001e-01,9.167949586966217534e-01,1.192564035972073500e-01,4.545981522420406984e-01,-8.664498755738252456e-01,-6.169806324168352063e-01,3.567561320370434830e-01,1.457814684151685358e-01,6.142040410033865472e-01,4.814580096609580862e-01,6.279539405527624352e-01,-7.255683349096987422e-01,-7.201149040693866077e-01,-5.461670447709802458e-03,6.594429327954672848e-01,2.787426250613342371e-01,7.263340734488303863e-01,1.782181261454556243e-01,-3.780727356184606647e-01,3.512640123187762975e-01,1.452111132965036855e-01,3.857184135459691965e-01,6.092824283612549019e-01,8.237936400000001047e-01,2.352003888541296106e-01,-2.337137403928827850e-01,-1.315959092514575220e-03,-2.361274898909244968e-01,6.860279999430441977e-01,-1.351333858120784548e-01,-7.524919598230424278e-02,1.000000000000000000e+00,-4.203134212042853868e-01,-9.451500367511416201e-01,1.963500334831031757e-01,4.774930791985121381e-01
3.547108030064522466e-01,5.544864595901536353e-01,8.017872187215799862e-01,7.612024154775069995e-01,-3.165029603792727242e-01,-5.664031191283507294e-01,1.490308129691407246e-01,6.799042856831499781e-01,5.920605898442581408e-03,8.645524545178541465e-02,-2.752059061488021374e-01,-2.436923408490251353e-01,-6.635401697439107238e-01,-7.911798846145172703e-01,3.837218680982241170e-01,5.685522598410619466e-01,-3.538186007321781901e-01,-8.878839769819854566e-02,-6.165263976099543131e-01,-6.217916242949272920e-01,1.705152059457803460e-01,4.103968224422667177e-01,-2.686268858933276715e-01,5.953587294044609957e-01,3.520202326086461220e-01,-9.373719946401742886e-02,-7.205927999999999223e-01,-2.877548422522968607e-01,-8.172430595028380707e-02,4.915863374156048127e-01,5.828911105692994310e-01,-1.130946913014654331e-01,6.475543422338440047e-01,3.164259487941417648e-01,-4.203134212042853868e-01,1.000000000000000000e+00,5.186291377735385844e-01,6.131863252674306652e-01,5.265766633757231752e-01
9.286364857404206807e-01,9.042855215262809443e-01,6.702180484280344519e-01,4.380676583193047757e-01,-9.121590799538136229e-01,-2.166075272078599734e-01,-4.343790621261539031e-01,9.473615785917626209e-01,6.273994279324800472e-01,-1.837771847635105149e-01,-1.880565812730185804e-01,-5.270335785641744319e-01,-5.297526857211005691e-01,-7.141148880062478943e-01,8.037276415356113812e-01,7.938819698376138323e-01,9.530256532399312974e-02,-4.860733944666587591e-01,-4.307009359405377658e-01,-8.330912166352711923e-01,-6.790433360592390555e-02,5.315268215566417709e-01,-3.504911028595007472e-01,4.349058080005360760e-02,-3.518086655232587345e-01,-7.209702235743430387e-01,-8.829853399999999519e-01,-1.189425997645194161e-01,7.113775883185492754e-02,-4.917550823474010208e-02,4.707867157080249942e-01,-7.698914393694956670e-01,9.774793158912351010e-02,1.405775880903677999e-01,-9.451500367511416201e-01,5.186291377735385844e-01,1.000000000000000000e+00,-7.778213221798262189e-02,-3.977664587164296828e-01
-2.436499243537378068e-01,1.612651135920957490e-01,5.724311071596525080e-01,7.876251375113811903e-01,2.356016020940093214e-01,-4.510197128472202832e-02,1.200597428111491172e-01,2.073214573505814950e-01,-4.790912663189529908e-01,-1.305331243729099255e-01,-6.601675760805000848e-02,-2.811228938412000389e-01,-1.876776673077625301e-01,-5.085121708154602960e-01,3.468213871733250020e-02,3.376180095652177582e-01,-4.628233869296865532e-01,4.701322539633932818e-02,-1.201952519477483307e-02,-3.595191633272831200e-01,-2.590568732331932078e-01,-2.505681407372952751e-01,-8.171544537838323907e-02,9.199598792906621414e-01,8.670227998251595070e-01,2.761954930177036305e-01,-3.469569799999999704e-01,-5.847585845434246643e-01,-6.509915763443679948e-02,6.548090635002160598e-01,2.617756958253606991e-01,5.532303049051566779e-01,7.662866480289362014e-01,3.943251764402935233e-01,1.963500334831031757e-01,6.131863252674306652e-01,-7.778213221798262189e-02,1.000000000000000000e+00,7.310970557669089764e-01
-5.082320082760231061e-01,-2.720436626307962680e-01,2.047079163459461504e-01,4.704514397202770315e-01,5.210458612501739362e-01,-5.091960592525981433e-01,4.767294897043136692e-01,-1.448923684464604733e-01,-6.837030465244141597e-01,2.873404329658255096e-01,-1.469121026173309807e-01,2.362535499631715219e-01,-1.761707431542758606e-01,-2.409747447266137321e-01,-2.293319038763632634e-01,-5.264031765647007172e-02,-4.762714336758271383e-01,5.274058183823807644e-01,-2.790907387321056032e-01,1.262407467000361272e-01,2.077908896064318833e-01,-7.746637629233493662e-04,-1.286176976101028047e-01,6.758061634896580516e-01,7.437012029697914750e-01,4.221756146993515535e-01,4.316414000000001749e-02,-1.477390074491913285e-01,-2.686017345138740353e-01,6.541026939925677075e-01,3.428290465461995562e-01,6.066411832996845277e-01,5.465726992495252290e-01,1.472759741437391356e-01,4.774930791985121381e-01,5.265766633757231752e-01,-3.977664587164296828e-01,7.310970557669089764e-01,1.000000000000000000e+00
