1.0,0.41523252037360259,0.17267612726120998,0.16182262694809071,0.26428050106096773,0.30836810028614287,0.59432213828483049,0.45626265958090495,-0.16528648560441245,0.028410980859662607,0.055855637400103464,-0.11731304437616481,0.10184860695866416,-0.22073027880810114,-0.46249629040955109,-0.09076087467488507,0.46519355343231056,0.3055321633739464,0.44427087590703418,0.45995487524023621,-0.069330505898198336,-0.25188325365717124,-0.049659202283333752,-0.16039875901574652,0.079233027478392004,0.37814332798441019,-0.19312342571933172,0.6461976849631853,-0.77825158919561399,0.24535318896374908,0.18782514746793461,-0.18342447498891867,-0.068203819412931369,-0.1877055245818344,0.20319826815426126,-0.25401663280450626,0.31605917617391033,0.031171259778562721,0.40723566
0.41523252037360259,1.0,0.73857302616341824,-0.13624355688978151,-0.46677117618453345,0.37404308597501212,-0.08142122632983223,0.28377142932610866,-0.78310417195531967,-0.75826009848210751,-0.16669333123311575,0.71909797701118849,0.73644069405660784,0.18032689545178723,-0.41236974027297207,-0.079896005377815035,0.65597579552727037,0.073540917725330834,0.91835015347905502,0.9354087834976843,-0.20597024513695078,-0.18860469512874622,-0.43824582519573951,-0.039007467474706257,0.27816007171481105,0.88103149920834167,-0.045352850044320631,0.5260356597923771,-0.071231535813163827,-0.27068566683576045,0.69769971200807512,0.36644496517662217,0.5023682586239705,-0.36603271877827381,0.58809110081025617,0.39572944538650634,-0.051120933246231071,0.47840144391036366,0.93464645999999996
0.17267612726120998,0.73857302616341824,1.0,0.16187657607261691,-0.68089178704056297,0.63127342647361084,-0.26801948048100466,0.47393440926647656,-0.91814015990539843,-0.75875594715623373,-0.31815112367029724,0.83310835049720922,0.81149759326936022,0.51972910058884847,0.063113174018784232,-0.36235596846040125,0.74996858313925885,0.16804095189164792,0.61513877326168231,0.65968326122926335,0.19695615507964115,-0.40110527025335257,-0.69275025771049337,0.3957235458199842,0.6173943866089433,0.56990543252762593,-0.31229213290052804,0.043293544006014574,0.0039782060842211316,-0.040703407268854241,0.79420294985270756,0.26081745949968682,0.42816200229517165,-0.38619057136208446,0.68862297465912914,0.67084287856452862,-0.11148522939079343,0.21952396920113876,0.73051320000000008
0.16182262694809071,-0.13624355688978151,0.16187657607261691,1.0,-0.018492734021136232,0.79960297896917853,0.31344340348166405,0.04962043947205512,-0.22616112378361314,0.3727425155168228,0.092916747941994754,-0.11259189642184735,-0.15489947199787144,-0.22846637216830376,0.72506993927777386,-0.77425213302060869,0.60441367588146155,0.36473181790455139,-0.41239453497680556,-0.2626815808166138,0.96341086886579608,-0.87625468296329145,-0.17322057639827343,0.0021562104726089715,0.79337157662953839,-0.36621856333788788,-0.97605334715472503,-0.13269606182894833,0.059323657190183593,0.72903272218018222,0.51586478638353217,-0.69196230976038287,0.18194459074323577,-0.5062197088052609,0.25876071728688926,-0.16968166137620597,-0.59477971595570733,-0.63001427521332731,-0.26187207999999995
0.26428050106096773,-0.46677117618453345,-0.68089178704056297,-0.018492734021136232,1.0,-0.24688283875079403,0.54116572248747963,-0.23580790464121631,0.77701870987597288,0.82404314109888344,0.37988266341977123,-0.78522042092700306,-0.79775124821981247,-0.50263356516329882,-0.14671828873281562,-0.030092594737223678,-0.45717415671996248,0.43312097358688417,-0.43075533151317952,-0.29223548249703041,-0.15024278597000579,0.33287153020956467,0.63874101948771067,-0.21389697122700219,-0.5170179077080268,-0.25505531248285968,0.14533453935169166,0.41208010674500622,-0.11952976035980788,0.25086729198605889,-0.59613877872579146,-0.36291198320280105,-0.1405744499957301,-0.14165849319719981,-0.45071218074475738,-0.57016678764090933,0.25567202691894186,-0.29577315735967097,-0.51116366000000002
0.30836810028614287,0.37404308597501212,0.63127342647361084,0.79960297896917853,-0.24688283875079403,1.0,0.22080200797683419,0.2627334327626073,-0.64647221500310204,-0.10119622287888193,0.018183716693361475,0.37391343363446,0.2785835788593648,0.08421318630990525,0.48328087157503336,-0.86781693015677475,0.8405090615745785,0.53421835375796545,0.095739086319371253,0.27612017831625435,0.7576464752223091,-0.80081597323380704,-0.46706437424868991,0.22924628167000649,0.85261884922780729,0.17066846815921075,-0.87643446335510233,0.13238464442551462,0.05640697790415744,0.55017714251996341,0.78425578716669608,-0.37593332550202962,0.54183025303080989,-0.73553129437026588,0.65244533925143788,0.25990254885642639,-0.42858555847872754,-0.45179122364304264,0.27087872000000002
0.59432213828483049,-0.08142122632983223,-0.26801948048100466,0.31344340348166405,0.54116572248747963,0.22080200797683419,1.0,-0.32819480638902193,0.27900543012530776,0.51951694733439169,0.78350616904819126,-0.50225101150944995,-0.41830758301944404,-0.58198276615048494,0.022373955187764014,-0.16648063000510732,0.071744325972990325,0.34498032954553576,-0.021837567292541247,0.049456075554714998,0.0936030556532369,-0.13041889625856348,0.46292740345020578,-0.13088217435152943,-0.17311886615175759,0.042325204240768299,-0.31627075253559089,0.65127063264173335,-0.32568276439285077,0.36409736222633737,-0.14194489536319602,-0.64836487117444996,0.10235934099309921,-0.3286182986784536,0.25280567977212498,-0.46105834845971683,0.068924406922439424,-0.49016465358478362,-0.022109220000000041
0.45626265958090495,0.28377142932610866,0.47393440926647656,0.04962043947205512,-0.23580790464121631,0.2627334327626073,-0.32819480638902193,1.0,-0.42719332531633436,-0.36522250040849286,-0.7701699147787554,0.33476970800487027,0.48028476273551646,0.56222898067707483,-0.31360913697527326,-0.11907941618353693,0.39830029636955278,0.13475245059249918,0.26390797241277508,0.22160532449105041,0.048801150186651099,-0.22815392526648187,-0.62385119893684404,0.2167108724657546,0.38841229203342675,0.13154436143179563,-0.03405102234493329,-0.17775940815345131,-0.62407842431882787,0.13796972655204787,0.25953986968630893,0.35396323088105131,-0.22686501937884598,0.16140960413692676,0.02479189104866213,0.2987183420256998,0.39113824761703714,0.2055201086253958,0.27667763999999995
-0.16528648560441245,-0.78310417195531967,-0.91814015990539843,-0.22616112378361314,0.77701870987597288,-0.64647221500310204,0.27900543012530776,-0.42719332531633436,1.0,0.77477971775209742,0.35943936687817374,-0.8994277732431285,-0.89396834167330386,-0.47459064058413597,-0.050727639565750771,0.30122125636532104,-0.82306439735885173,-0.13683558369041482,-0.64590534431943747,-0.68198719780617689,-0.25451690424293588,0.4713755261680459,0.7303808757238005,-0.32810564812002574,-0.70811764239351427,-0.60956068952219011,0.38002520855663763,-0.0054867370574969154,-0.037628463515509802,-0.07862927406626169,-0.84795913818003299,-0.22628608068606421,-0.42619753336908112,0.33957029298328634,-0.73463967632250937,-0.67871539217161692,0.29695135695603381,-0.22557049664815582,-0.77619082000000006
0.028410980859662607,-0.75826009848210751,-0.75875594715623373,0.3727425155168228,0.82404314109888344,-0.10119622287888193,0.51951694733439169,-0.36522250040849286,0.77477971775209742,1.0,0.39471369444728521,-0.87598317697962991,-0.89041994401353719,-0.56754627464619345,0.31803741319543155,-0.16187683235236308,-0.37599477162959877,0.30532902085909874,-0.78811813817323562,-0.66920614831801017,0.29353341784576964,-0.00068629691195351387,0.57912009459798419,-0.20833435182461729,-0.21376194785695701,-0.65092204806246423,-0.21015480310585591,0.02312337406825362,0.014590891018500902,0.49892555104217312,-0.50241099702552861,-0.65953943955337146,-0.24941762274078388,-0.079973427406269282,-0.46257120143714425,-0.65421461964548833,-0.1084089318299568,-0.5621360138115995,-0.80448194000000006
0.055855637400103464,-0.16669333123311575,-0.31815112367029724,0.092916747941994754,0.37988266341977123,0.018183716693361475,0.78350616904819126,-0.7701699147787554,0.35943936687817374,0.39471369444728521,1.0,-0.39913695476045497,-0.47505577795547566,-0.58963070874146906,0.19896945951542525,-0.091381965792068198,-0.20565549799303434,0.10168302452184312,-0.095078232308880115,-0.044997612239399874,-0.017569553366126534,0.095346225685553648,0.60155850577482162,-0.089588742184292747,-0.35539591310704427,0.012794297617744569,-0.13429984305162071,0.50936693599916716,0.17893401177874738,0.032377875619278622,-0.23003879756756815,-0.51978245430178538,0.28327980356111654,-0.3309030102862468,0.23371750152920709,-0.3409337086222744,-0.072603932101826946,-0.46230481893835301,-0.096640460000000039
-0.11731304437616481,0.71909797701118849,0.83310835049720922,-0.11259189642184735,-0.78522042092700306,0.37391343363446,-0.50225101150944995,0.33476970800487027,-0.8994277732431285,-0.87598317697962991,-0.39913695476045497,1.0,0.92445028570885823,0.66632243001550473,-0.069223523109042118,-0.10502343176081058,0.50700228621272969,0.07929451807018964,0.6541739291518297,0.67399700908758298,-0.014899811085937298,-0.10439854791499441,-0.68075220989327112,0.44495124215542714,0.45170465742782728,0.66688996642009435,-0.038367911473642262,-0.087120469757885816,0.2237325164691574,-0.12438813453756446,0.61184860330408219,0.50729793455945305,0.45107778784793146,-0.18940506411330998,0.65723787894637842,0.87111974777053314,-0.17167502730265105,0.32231865018947159,0.76363629999999993
0.10184860695866416,0.73644069405660784,0.81149759326936022,-0.15489947199787144,-0.79775124821981247,0.2785835788593648,-0.41830758301944404,0.48028476273551646,-0.89396834167330386,-0.89041994401353719,-0.47505577795547566,0.92445028570885823,1.0,0.64090171052482259,-0.23623684355041763,0.10038705626481541,0.5447104266649021,-0.023437241620186455,0.75049651487416003,0.70403761361202943,-0.10569055725732013,-0.10996183960256616,-0.65653652811969698,0.39552746328957028,0.40614552200061532,0.67515337584242074,0.017116342310352025,-0.070344011437166828,-0.082452563325999872,-0.10917238688478675,0.56097073717077306,0.48398565502341256,0.22040731837648192,0.012131751756988385,0.62045413401959515,0.77683100552952111,-0.031167385770629719,0.46691537894068624,0.82969921999999996
-0.22073027880810114,0.18032689545178723,0.51972910058884847,-0.22846637216830376,-0.50263356516329882,0.08421318630990525,-0.58198276615048494,0.56222898067707483,-0.47459064058413597,-0.56754627464619345,-0.58963070874146906,0.66632243001550473,0.64090171052482259,1.0,-0.010147693060663621,0.05993759230385496,0.046799753676533551,0.10155629879831829,0.22785642633235312,0.2035432225090659,-0.085380659159283501,0.14741613667700942,-0.66712462760926106,0.5682267345246359,0.20821674510750252,0.19864855284047139,0.20600417531370604,-0.40819909517932013,-0.048925207720106251,-0.076239885633882246,0.12212240829232758,0.64809606861257063,0.001445320938430578,0.25909968863643362,0.33187264405253941,0.81883524631573534,0.26724117226819627,0.12250151694709126,0.30825207999999993
-0.46249629040955109,-0.41236974027297207,0.063113174018784232,0.72506993927777386,-0.14671828873281562,0.48328087157503336,0.022373955187764014,-0.31360913697527326,-0.050727639565750771,0.31803741319543155,0.19896945951542525,-0.069223523109042118,-0.23623684355041763,-0.010147693060663621,1.0,-0.56673787766224359,0.18764201807983366,0.14607508808178232,-0.61859801907846257,-0.49871785108049521,0.82753908375805063,-0.53765750231375753,-0.10675511278487829,0.1874593860054305,0.54258079736675469,-0.54574867274351158,-0.69432047659955898,-0.45446458048384425,0.49164695514912427,0.42252279287671735,0.28467308325014579,-0.49819836090257302,0.13228869344311261,-0.3102501760506915,0.18419339934391593,0.033885473217832009,-0.60501536094609376,-0.60304445431438425,-0.46246889999999996
-0.09076087467488507,-0.079896005377815035,-0.36235596846040125,-0.77425213302060869,-0.030092594737223678,-0.86781693015677475,-0.16648063000510732,-0.11907941618353693,0.30122125636532104,-0.16187683235236308,-0.091381965792068198,-0.10502343176081058,0.10038705626481541,0.05993759230385496,-0.56673787766224359,1.0,-0.54775604760960561,-0.53388333664221843,0.23916683631546293,0.028458638793351618,-0.77071219160717908,0.68313009421434012,0.22832906475038539,-0.13263020751943783,-0.69004207992530808,0.1093262223158087,0.7961694924368351,-0.063101782134478854,-0.24332122493838151,-0.48271595185564947,-0.55500417263073398,0.42690701047125079,-0.58102862358418605,0.78289591313237894,-0.33840649346603469,-0.063186780097025913,0.37105773314244955,0.60778347870895089,0.096423579999999953
0.46519355343231056,0.65597579552727037,0.74996858313925885,0.60441367588146155,-0.45717415671996248,0.8405090615745785,0.071744325972990325,0.39830029636955278,-0.82306439735885173,-0.37599477162959877,-0.20565549799303434,0.50700228621272969,0.5447104266649021,0.046799753676533551,0.18764201807983366,-0.54775604760960561,1.0,0.27588127346128877,0.42875355210562077,0.52276324374486161,0.53424983963151718,-0.78343913633895634,-0.57199733520187257,0.094131861255426913,0.83293066481120337,0.3938509676204191,-0.71394594937343336,0.17069495680254948,-0.11600733403714564,0.34582376575999696,0.92086272744161835,-0.22069724405262608,0.35080048637212358,-0.56064540003130048,0.58488899655914051,0.23821740978205738,-0.41778563447755757,0.034362760162885538,0.55071464000000003
0.3055321633739464,0.073540917725330834,0.16804095189164792,0.36473181790455139,0.43312097358688417,0.53421835375796545,0.34498032954553576,0.13475245059249918,-0.13683558369041482,0.30532902085909874,0.10168302452184312,0.07929451807018964,-0.023437241620186455,0.10155629879831829,0.14607508808178232,-0.53388333664221843,0.27588127346128877,1.0,-0.048590502522702778,0.26381262436816311,0.28344903419364875,-0.053633166873169172,-0.055630468669037147,0.460467276497872,0.23050464778994798,0.25897019418229505,-0.34365200095230619,0.32736787017226104,0.097729085219623646,0.69929962498856035,0.11520278002701884,-0.31494413238036445,0.37553988830361873,-0.66198250254058533,0.38644659635253065,0.30370929542022851,-0.096115094709293802,-0.37716082795024075,0.078161680000000011
0.44427087590703418,0.91835015347905502,0.61513877326168231,-0.41239453497680556,-0.43075533151317952,0.095739086319371253,-0.021837567292541247,0.26390797241277508,-0.64590534431943747,-0.78811813817323562,-0.095078232308880115,0.6541739291518297,0.75049651487416003,0.22785642633235312,-0.61859801907846257,0.23916683631546293,0.42875355210562077,-0.048590502522702778,1.0,0.93868369542077434,-0.49632229254043059,0.099622654959886064,-0.33253589174124987,0.06191864722908888,-0.016798728717876882,0.92323837680046827,0.2417939713069959,0.52924395561588133,-0.24397323590329509,-0.38945777311000379,0.41751038588621237,0.45045516304535616,0.30714203911730181,-0.11192778532367016,0.53386215306185225,0.41274563340760423,0.21284855348573248,0.58484761542223018,0.97398425999999994
0.45995487524023621,0.9354087834976843,0.65968326122926335,-0.2626815808166138,-0.29223548249703041,0.27612017831625435,0.049456075554714998,0.22160532449105041,-0.68198719780617689,-0.66920614831801017,-0.044997612239399874,0.67399700908758298,0.70403761361202943,0.2035432225090659,-0.49871785108049521,0.028458638793351618,0.52276324374486161,0.26381262436816311,0.93868369542077434,1.0,-0.35787397418394773,0.055960843127641706,-0.31085362187743387,0.16074725751764948,0.0840633403677086,0.98179540976947854,0.095560928103159984,0.62186629728265963,-0.088413001341806505,-0.17818654222873512,0.49662577815204134,0.32712201252735468,0.46760854295769338,-0.38152482676343885,0.63280188433836171,0.48524233943208295,0.076729260542833883,0.47571828988443682,0.95763408000000005
-0.069330505898198336,-0.20597024513695078,0.19695615507964115,0.96341086886579608,-0.15024278597000579,0.7576464752223091,0.0936030556532369,0.048801150186651099,-0.25451690424293588,0.29353341784576964,-0.017569553366126534,-0.014899811085937298,-0.10569055725732013,-0.085380659159283501,0.82753908375805063,-0.77071219160717908,0.53424983963151718,0.28344903419364875,-0.49632229254043059,-0.35787397418394773,1.0,-0.84622736877759519,-0.24891275332184432,0.073597175772450618,0.83741848104765992,-0.44921103577131993,-0.9370689495577027,-0.34528352904413473,0.20512313044862951,0.67051016395906926,0.51110328640806557,-0.57708484236053137,0.16591995666318626,-0.42846970843574755,0.21557016221863923,-0.04750275567287654,-0.64800597044683417,-0.61975684716638257,-0.33077029999999996
-0.25188325365717124,-0.18860469512874622,-0.40110527025335257,-0.87625468296329145,0.33287153020956467,-0.80081597323380704,-0.13041889625856348,-0.22815392526648187,0.4713755261680459,-0.00068629691195351387,0.095346225685553648,-0.10439854791499441,-0.10996183960256616,0.14741613667700942,-0.53765750231375753,0.68313009421434012,-0.78343913633895634,-0.053633166873169172,0.099622654959886064,0.055960843127641706,-0.84622736877759519,1.0,0.38995258591360016,0.2003680442562478,-0.87985603956442471,0.1979718310011202,0.91513392612755062,0.091029605847572373,0.077826655836658015,-0.40252077936908931,-0.76355153097681949,0.42500825115557356,-0.19771284916214932,0.39189981131922297,-0.29779063876216039,0.15445701642222667,0.53587878700254277,0.35797907104636389,-0.012169879999999966
-0.049659202283333752,-0.43824582519573951,-0.69275025771049337,-0.17322057639827343,0.63874101948771067,-0.46706437424868991,0.46292740345020578,-0.62385119893684404,0.7303808757238005,0.57912009459798419,0.60155850577482162,-0.68075220989327112,-0.65653652811969698,-0.66712462760926106,-0.10675511278487829,0.22832906475038539,-0.57199733520187257,-0.055630468669037147,-0.33253589174124987,-0.31085362187743387,-0.24891275332184432,0.38995258591360016,1.0,-0.32304045123099068,-0.61839216175395362,-0.23805608845318343,0.23572143351745642,0.30206523968466914,0.10860413295915215,-0.041997961419877904,-0.60894839097344622,-0.37275551329222051,-0.060567500750177347,0.048747494469107921,-0.34486698869350935,-0.57455880704154305,0.12191882290409713,-0.10084218632270475,-0.42870441999999997
-0.16039875901574652,-0.039007467474706257,0.3957235458199842,0.0021562104726089715,-0.21389697122700219,0.22924628167000649,-0.13088217435152943,0.2167108724657546,-0.32810564812002574,-0.20833435182461729,-0.089588742184292747,0.44495124215542714,0.39552746328957028,0.5682267345246359,0.1874593860054305,-0.13263020751943783,0.094131861255426913,0.460467276497872,0.06191864722908888,0.16074725751764948,0.073597175772450618,0.2003680442562478,-0.32304045123099068,1.0,0.15062277135103277,0.20369266444898992,-0.0024270954618183,-0.30866713397394829,0.11713839871754816,0.35815209490762345,-0.019596221056651486,-0.040402777903725692,0.11216828123665265,-0.18081778379614125,0.42613438794897285,0.77079915156027767,0.11771361306085183,-0.099877727352896573,0.19905039999999996
0.079233027478392004,0.27816007171481105,0.6173943866089433,0.79337157662953839,-0.5170179077080268,0.85261884922780729,-0.17311886615175759,0.38841229203342675,-0.70811764239351427,-0.21376194785695701,-0.35539591310704427,0.45170465742782728,0.40614552200061532,0.20821674510750252,0.54258079736675469,-0.69004207992530808,0.83293066481120337,0.23050464778994798,-0.016798728717876882,0.0840633403677086,0.83741848104765992,-0.87985603956442471,-0.61839216175395362,0.15062277135103277,1.0,-0.03205170502399237,-0.84187750412198148,-0.2871494372610765,0.090103433278121578,0.49914022932198315,0.82457888077621533,-0.22432518984374314,0.26581124222662805,-0.41907976692695065,0.42942417115803322,0.27847338734303584,-0.58883424573069121,-0.24972562260325434,0.15190451999999999
0.37814332798441019,0.88103149920834167,0.56990543252762593,-0.36621856333788788,-0.25505531248285968,0.17066846815921075,0.042325204240768299,0.13154436143179563,-0.60956068952219011,-0.65092204806246423,0.012794297617744569,0.66688996642009435,0.67515337584242074,0.19864855284047139,-0.54574867274351158,0.1093262223158087,0.3938509676204191,0.25897019418229505,0.92323837680046827,0.98179540976947854,-0.44921103577131993,0.1979718310011202,-0.23805608845318343,0.20369266444898992,-0.03205170502399237,1.0,0.20225720123019569,0.61221403154271803,-0.022191012744209065,-0.19767463878361305,0.37003596930946947,0.35959606436932962,0.46900810408039689,-0.33946429528750194,0.60199969178798207,0.5164301541135391,0.092328786081890074,0.467613516961774,0.93537270000000006
-0.19312342571933172,-0.045352850044320631,-0.31229213290052804,-0.97605334715472503,0.14533453935169166,-0.87643446335510233,-0.31627075253559089,-0.03405102234493329,0.38002520855663763,-0.21015480310585591,-0.13429984305162071,-0.038367911473642262,0.017116342310352025,0.20600417531370604,-0.69432047659955898,0.7961694924368351,-0.71394594937343336,-0.34365200095230619,0.2417939713069959,0.095560928103159984,-0.9370689495577027,0.91513392612755062,0.23572143351745642,-0.0024270954618183,-0.84187750412198148,0.20225720123019569,1.0,0.038578197215121283,-0.090696316397906804,-0.65182798861857161,-0.65000134651338337,0.63098212232418682,-0.30203799838950662,0.5806585968175324,-0.40780133119499046,0.083738529701896908,0.63247623961635402,0.57935090345951135,0.082345139999999928
0.6461976849631853,0.5260356597923771,0.043293544006014574,-0.13269606182894833,0.41208010674500622,0.13238464442551462,0.65127063264173335,-0.17775940815345131,-0.0054867370574969154,0.02312337406825362,0.50936693599916716,-0.087120469757885816,-0.070344011437166828,-0.40819909517932013,-0.45446458048384425,-0.063101782134478854,0.17069495680254948,0.32736787017226104,0.52924395561588133,0.62186629728265963,-0.34528352904413473,0.091029605847572373,0.30206523968466914,-0.30866713397394829,-0.2871494372610765,0.61221403154271803,0.038578197215121283,1.0,-0.19297753004373097,-0.11794980289249773,0.10253795383065985,-0.080998500591774561,0.419206800277175,-0.45870107511673514,0.31415994784218471,-0.22975378240479849,0.1888136778524612,0.053219404273751117,0.46944826000000006
-0.77825158919561399,-0.071231535813163827,0.0039782060842211316,0.059323657190183593,-0.11952976035980788,0.05640697790415744,-0.32568276439285077,-0.62407842431882787,-0.037628463515509802,0.014590891018500902,0.17893401177874738,0.2237325164691574,-0.082452563325999872,-0.048925207720106251,0.49164695514912427,-0.24332122493838151,-0.11600733403714564,0.097729085219623646,-0.24397323590329509,-0.088413001341806505,0.20512313044862951,0.077826655836658015,0.10860413295915215,0.11713839871754816,0.090103433278121578,-0.022191012744209065,-0.090696316397906804,-0.19297753004373097,1.0,-0.051368495648593748,0.14143899916221114,-0.049650143892072035,0.51240414749814689,-0.40099380130771678,0.086138552242262315,0.261732749989814,-0.62186154618781864,-0.0790960782707541,-0.16058384000000003
0.24535318896374908,-0.27068566683576045,-0.040703407268854241,0.72903272218018222,0.25086729198605889,0.55017714251996341,0.36409736222633737,0.13796972655204787,-0.07862927406626169,0.49892555104217312,0.032377875619278622,-0.12438813453756446,-0.10917238688478675,-0.076239885633882246,0.42252279287671735,-0.48271595185564947,0.34582376575999696,0.69929962498856035,-0.38945777311000379,-0.17818654222873512,0.67051016395906926,-0.40252077936908931,-0.041997961419877904,0.35815209490762345,0.49914022932198315,-0.19767463878361305,-0.65182798861857161,-0.11794980289249773,-0.051368495648593748,1.0,0.094362792948813279,-0.63157903976943908,-0.013322702193558311,-0.36175541597201449,0.21453299409531956,0.052599224370657026,-0.37705606569781691,-0.55892120640599519,-0.23848734000000005
0.18782514746793461,0.69769971200807512,0.79420294985270756,0.51586478638353217,-0.59613877872579146,0.78425578716669608,-0.14194489536319602,0.25953986968630893,-0.84795913818003299,-0.50241099702552861,-0.23003879756756815,0.61184860330408219,0.56097073717077306,0.12212240829232758,0.28467308325014579,-0.55500417263073398,0.92086272744161835,0.11520278002701884,0.41751038588621237,0.49662577815204134,0.51110328640806557,-0.76355153097681949,-0.60894839097344622,-0.019596221056651486,0.82457888077621533,0.37003596930946947,-0.65000134651338337,0.10253795383065985,0.14143899916221114,0.094362792948813279,1.0,-0.041190068486219672,0.49131776006834482,-0.55056914163966675,0.57560698023176915,0.2928818078861336,-0.50863055778266264,0.092094112129985417,0.53441205999999997
-0.18342447498891867,0.36644496517662217,0.26081745949968682,-0.69196230976038287,-0.36291198320280105,-0.37593332550202962,-0.64836487117444996,0.35396323088105131,-0.22628608068606421,-0.65953943955337146,-0.51978245430178538,0.50729793455945305,0.48398565502341256,0.64809606861257063,-0.49819836090257302,0.42690701047125079,-0.22069724405262608,-0.31494413238036445,0.45045516304535616,0.32712201252735468,-0.57708484236053137,0.42500825115557356,-0.37275551329222051,-0.040402777903725692,-0.22432518984374314,0.35959606436932962,0.63098212232418682,-0.080998500591774561,-0.049650143892072035,-0.63157903976943908,-0.041190068486219672,1.0,-0.070178293388325708,0.4537527482982241,-0.050934757197110582,0.42950499523996899,0.36070117381828398,0.50181818280038526,0.37851313999999991
-0.068203819412931369,0.5023682586239705,0.42816200229517165,0.18194459074323577,-0.1405744499957301,0.54183025303080989,0.10235934099309921,-0.22686501937884598,-0.42619753336908112,-0.24941762274078388,0.28327980356111654,0.45107778784793146,0.22040731837648192,0.001445320938430578,0.13228869344311261,-0.58102862358418605,0.35080048637212358,0.37553988830361873,0.30714203911730181,0.46760854295769338,0.16591995666318626,-0.19771284916214932,-0.060567500750177347,0.11216828123665265,0.26581124222662805,0.46900810408039689,-0.30203799838950662,0.419206800277175,0.51240414749814689,-0.013322702193558311,0.49131776006834482,-0.070178293388325708,1.0,-0.76075695551272504,0.62083287051936331,0.3414733175295096,-0.28058097173695201,-0.19858501326722044,0.40174555999999995
-0.1877055245818344,-0.36603271877827381,-0.38619057136208446,-0.5062197088052609,-0.14165849319719981,-0.73553129437026588,-0.3286182986784536,0.16140960413692676,0.33957029298328634,-0.079973427406269282,-0.3309030102862468,-0.18940506411330998,0.012131751756988385,0.25909968863643362,-0.3102501760506915,0.78289591313237894,-0.56064540003130048,-0.66198250254058533,-0.11192778532367016,-0.38152482676343885,-0.42846970843574755,0.39189981131922297,0.048747494469107921,-0.18081778379614125,-0.41907976692695065,-0.33946429528750194,0.5806585968175324,-0.45870107511673514,-0.40099380130771678,-0.36175541597201449,-0.55056914163966675,0.4537527482982241,-0.76075695551272504,1.0,-0.48019224789734144,-0.12932634885746505,0.41350063741828536,0.28994519078154823,-0.22898083999999996
0.20319826815426126,0.58809110081025617,0.68862297465912914,0.25876071728688926,-0.45071218074475738,0.65244533925143788,0.25280567977212498,0.02479189104866213,-0.73463967632250937,-0.46257120143714425,0.23371750152920709,0.65723787894637842,0.62045413401959515,0.33187264405253941,0.18419339934391593,-0.33840649346603469,0.58488899655914051,0.38644659635253065,0.53386215306185225,0.63280188433836171,0.21557016221863923,-0.29779063876216039,-0.34486698869350935,0.42613438794897285,0.42942417115803322,0.60199969178798207,-0.40780133119499046,0.31415994784218471,0.086138552242262315,0.21453299409531956,0.57560698023176915,-0.050934757197110582,0.62083287051936331,-0.48019224789734144,1.0,0.61361671552161845,-0.18413277731091479,-0.17172785853138667,0.68750448000000008
-0.25401663280450626,0.39572944538650634,0.67084287856452862,-0.16968166137620597,-0.57016678764090933,0.25990254885642639,-0.46105834845971683,0.2987183420256998,-0.67871539217161692,-0.65421461964548833,-0.3409337086222744,0.87111974777053314,0.77683100552952111,0.81883524631573534,0.033885473217832009,-0.063186780097025913,0.23821740978205738,0.30370929542022851,0.41274563340760423,0.48524233943208295,-0.04750275567287654,0.15445701642222667,-0.57455880704154305,0.77079915156027767,0.27847338734303584,0.5164301541135391,0.083738529701896908,-0.22975378240479849,0.261732749989814,0.052599224370657026,0.2928818078861336,0.42950499523996899,0.3414733175295096,-0.12932634885746505,0.61361671552161845,1.0,-0.0049120715651896907,0.16411699389575463,0.54709465999999995
0.31605917617391033,-0.051120933246231071,-0.11148522939079343,-0.59477971595570733,0.25567202691894186,-0.42858555847872754,0.068924406922439424,0.39113824761703714,0.29695135695603381,-0.1084089318299568,-0.072603932101826946,-0.17167502730265105,-0.031167385770629719,0.26724117226819627,-0.60501536094609376,0.37105773314244955,-0.41778563447755757,-0.096115094709293802,0.21284855348573248,0.076729260542833883,-0.64800597044683417,0.53587878700254277,0.12191882290409713,0.11771361306085183,-0.58883424573069121,0.092328786081890074,0.63247623961635402,0.1888136778524612,-0.62186154618781864,-0.37705606569781691,-0.50863055778266264,0.36070117381828398,-0.28058097173695201,0.41350063741828536,-0.18413277731091479,-0.0049120715651896907,1.0,0.21038253533637546,0.088821639999999924
0.031171259778562721,0.47840144391036366,0.21952396920113876,-0.63001427521332731,-0.29577315735967097,-0.45179122364304264,-0.49016465358478362,0.2055201086253958,-0.22557049664815582,-0.5621360138115995,-0.46230481893835301,0.32231865018947159,0.46691537894068624,0.12250151694709126,-0.60304445431438425,0.60778347870895089,0.034362760162885538,-0.37716082795024075,0.58484761542223018,0.47571828988443682,-0.61975684716638257,0.35797907104636389,-0.10084218632270475,-0.099877727352896573,-0.24972562260325434,0.467613516961774,0.57935090345951135,0.053219404273751117,-0.0790960782707541,-0.55892120640599519,0.092094112129985417,0.50181818280038526,-0.19858501326722044,0.28994519078154823,-0.17172785853138667,0.16411699389575463,0.21038253533637546,1.0,0.47707848000000008
0.40723566,0.93464645999999996,0.73051320000000008,-0.26187207999999995,-0.51116366000000002,0.27087872000000002,-0.022109220000000041,0.27667763999999995,-0.77619082000000006,-0.80448194000000006,-0.096640460000000039,0.76363629999999993,0.82969921999999996,0.30825207999999993,-0.46246889999999996,0.096423579999999953,0.55071464000000003,0.078161680000000011,0.97398425999999994,0.95763408000000005,-0.33077029999999996,-0.012169879999999966,-0.42870441999999997,0.19905039999999996,0.15190451999999999,0.93537270000000006,0.082345139999999928,0.46944826000000006,-0.16058384000000003,-0.23848734000000005,0.53441205999999997,0.37851313999999991,0.40174555999999995,-0.22898083999999996,0.68750448000000008,0.54709465999999995,0.088821639999999924,0.47707848000000008,1.0
