1.0,-0.34093314402651065,-0.013068037348972106,0.63198977267192979,0.49483967999999989,0.51966621993842665,0.33654543289651256,0.62911400449618227,0.34307748671469218,-0.10311433105965231,0.85718468597721598,-0.60856880644139433,0.51668090241178199,-0.79639398666676042,-0.2368601872748391,-0.18455165602468726,-0.0054123986973720339,0.7424715787759697,0.25242413342779069,0.010161411457818868,-0.34709778141732428,0.80785510104807923,0.2990166386060556,0.531905531628452,0.65302513843693732,-0.68419925292585904,0.59564261994571277,-0.56364583225067244,0.42739037345129938,-0.74315214068450275,-0.28261946145173472,0.67440210264745526,-0.45688777271722558,0.77582277675969691,0.54456678814622439,-0.08630770403273369,-0.69741778771165275,0.34171065102724907,0.35513467026949225
-0.34093314402651065,1.0,0.61484455285002226,-0.22040685624131381,0.27686115999999994,-0.29452346539522983,-0.18675021058949468,0.15912151497781693,-0.42156402783845098,-0.76385577594525,-0.21306689586547553,-0.16291140952281338,0.03029847834267424,0.45973163094624536,0.58341087515721435,0.076083840121699456,-0.13421782908170582,0.041231509112259083,-0.12521450734905401,0.025416702916607636,0.53991183755931682,-0.73460222494682292,-0.17275859639339278,-0.50070708013381604,0.024598116878827157,0.0921369326729789,0.26024236021458508,0.27956100600095957,-0.77293720338486083,-0.17532149624581286,0.23274232281995524,0.20641204401773933,0.064119995668705104,-0.043735796326605507,0.013662908904598337,0.36798756434243507,0.84155560406997987,-0.56345616579482238,0.28125258905554712
-0.013068037348972106,0.61484455285002226,1.0,-0.083525757339656004,-0.047150139999999952,-0.45497084894523654,-0.44795321717113445,0.36557192951945272,0.31378121824163085,-0.27407908730221314,-0.13867932699261962,-0.00011663912960243263,-0.21751924051672356,0.095514007046358221,0.18945305564701054,0.50461696511762144,0.15235936984950335,-0.058302111942191655,0.18452748185241247,-0.34734282670794658,0.17221920256358902,-0.17096462119946909,-0.32040477048765936,0.12137632854812999,-0.058329012104692872,-0.25596363356786972,0.44977492860917934,-0.4065262884762893,-0.5426876023804359,-0.021398573966843179,0.36382895855176561,-0.0017746506874438154,-0.33852603192767922,0.38208476672552616,0.51816118705589909,0.20736301093668016,0.49605329039396728,-0.46116628416641309,-0.15429354816577437
0.63198977267192979,-0.22040685624131381,-0.083525757339656004,1.0,0.44488594000000004,0.58001924617260692,0.17070017773253246,0.6298267286816488,0.034740471465313817,-0.096087594512768229,0.7917255813422075,-0.5015462926885893,0.22672162024133335,-0.84425910260516968,0.03207698158330094,-0.054403664193673033,-0.60683616277750663,0.57770945757873227,0.56566612870942146,0.39752271779232784,0.11052310452190336,0.47030697214743822,-0.089782374140282908,0.46629554101517756,0.32681893549857383,-0.14048723381650383,-0.037946393552799246,-0.1496731300237539,0.56835645330017803,-0.57182713240335359,-0.41132981804518992,0.51445438998937609,-0.59522860831647706,0.53960347865604208,0.43714132419973328,0.1917420167836329,-0.29017582043171586,-0.1001601251805756,0.34745232854588753
0.49483967999999989,0.27686115999999994,-0.047150139999999952,0.44488594000000004,1.0,0.75348725999999999,0.7589700800000001,0.17930044000000001,-0.49463544000000004,-0.78406929999999997,0.77766779999999991,-0.97213294000000006,0.89711373999999999,-0.20896221999999998,0.15737664000000007,-0.73338028,-0.44661614000000005,0.9386856400000001,-0.022840920000000042,0.56825056000000007,0.22096691999999996,-0.061165299999999978,0.42372601999999993,-0.10614440000000003,0.71290249999999999,-0.32769842000000005,0.31340692000000003,0.30081815999999995,0.020538799999999968,-0.93056090000000002,-0.64674786000000006,0.90247710000000003,0.19798045999999991,0.18762586000000003,-0.013559679999999963,0.29881449999999998,-0.12048639999999999,0.23590947999999989,0.97625504000000007
0.51966621993842665,-0.29452346539522983,-0.45497084894523654,0.58001924617260692,0.75348725999999999,1.0,0.87224787565608064,0.0081194133383895271,-0.29247676105921427,-0.23300731778944653,0.81239465013820966,-0.76443646060666048,0.76704906510510151,-0.39877186677092552,-0.31214811215782423,-0.71829925641048331,-0.47802884389179445,0.81730538232586114,0.061011896221920103,0.78847734584254225,0.21858345370069318,0.27469400319550064,0.37990822166571453,0.25999986752824356,0.73132626944844981,-0.11476310927673941,-0.13180588809847341,0.34456544738930195,0.61466069678346902,-0.68051047793302677,-0.88200465225420865,0.63869891181304028,0.14178041537429451,0.08925559640921446,-0.193892159214759,-0.10336654651654385,-0.55242966907158952,0.55034120095314709,0.7744435767949599
0.33654543289651256,-0.18675021058949468,-0.44795321717113445,0.17070017773253246,0.7589700800000001,0.87224787565608064,1.0,-0.32222495205191853,-0.38349816798032987,-0.34325657352189903,0.5960412533230155,-0.73657756602820545,0.89489133270209986,-0.042093330028927976,-0.3300373564929277,-0.89645584001838774,-0.24069025885117756,0.7488185937317704,-0.18184102039974459,0.69106295494004233,0.077710354571813453,0.052534541302050264,0.52115269655043284,-0.022927647390355195,0.6811326872877399,-0.1408682756763151,-0.002579526012083555,0.4504222629451663,0.31227822750425666,-0.61046086974045743,-0.85049515390919217,0.60712216534443575,0.52855983103119986,-0.17644277489058363,-0.43126858489304615,-0.11296889595933364,-0.47950953915345412,0.72997368466848789,0.81857072737543646
0.62911400449618227,0.15912151497781693,0.36557192951945272,0.6298267286816488,0.17930044000000001,0.0081194133383895271,-0.32222495205191853,1.0,0.26046686422529503,-0.21129617819632004,0.46422897729965384,-0.21400027132537988,-0.052980923519204838,-0.6595417368921227,0.22043722428274926,0.37782207541385443,-0.14837820508220798,0.32708100543818497,0.36469620135080305,-0.14243185597428601,0.046507259518738832,0.45746185923579064,-0.18336763375991136,0.30347946745611259,0.29902243351548813,-0.30094770419769917,0.50190954865537996,-0.57834190502427141,0.12106874453924954,-0.47125118165420693,0.23002174418151178,0.45549276171790498,-0.86974854423463999,0.85719362000272681,0.68363082637335659,0.01689522952165964,-0.039847570276432237,-0.40093720187989074,0.03489883081602474
0.34307748671469218,-0.42156402783845098,0.31378121824163085,0.034740471465313817,-0.49463544000000004,-0.29247676105921427,-0.38349816798032987,0.26046686422529503,1.0,0.65358755812016134,-0.059687765470162989,0.34063967453248994,-0.32617578615927023,-0.39463818743576695,-0.60997286051525357,0.62252403910384813,0.55749370926385877,-0.20494316125922066,0.46127663469407792,-0.46985676325836589,-0.38348562525572383,0.67468511906211581,-0.33689916850728729,0.67878180072390848,-0.12432281601050861,-0.33164856701461626,0.29473631175769288,-0.78280699390154718,0.25735453579076623,0.25669327284266152,0.18837946587293669,-0.28530249548924896,-0.56522131703723077,0.53329365721016542,0.59554909696971725,-0.37489123680957204,-0.39387958973931386,0.22015543781928221,-0.62818949566827376
-0.10311433105965231,-0.76385577594525,-0.27407908730221314,-0.096087594512768229,-0.78406929999999997,-0.23300731778944653,-0.34325657352189903,-0.21129617819632004,0.65358755812016134,1.0,-0.3321537687257704,0.67812417313721018,-0.57507706788675639,-0.1754003493648976,-0.5810122439449058,0.47148409733636448,0.33713914052372268,-0.5802755661144583,0.19391806704278131,-0.27708775000357438,-0.3218234738646289,0.49362871967147703,-0.2523653305170887,0.50888875670557265,-0.42314688571841913,0.16680304810932317,-0.41309752496051744,-0.3296492523269427,0.53295902506215054,0.69616391120780685,0.15223117842766798,-0.71455225573454861,-0.21903357667109657,-0.039991647354930965,0.05805831914175219,-0.4475145793667476,-0.4309737546977106,0.23273156687208948,-0.78280270323262513
0.85718468597721598,-0.21306689586547553,-0.13867932699261962,0.7917255813422075,0.77766779999999991,0.81239465013820966,0.5960412533230155,0.46422897729965384,-0.059687765470162989,-0.3321537687257704,1.0,-0.84975191302321407,0.68853093815814104,-0.73683273747758915,-0.084369280758291948,-0.45906645008250185,-0.43152051048332896,0.91284650645810717,0.21995490871124743,0.4046571930504817,-0.05262350022553159,0.52492698256468573,0.37398268910822152,0.42824593547947837,0.72537065530315237,-0.48901538486985902,0.28569607715719519,-0.12045636510214959,0.45964856811674265,-0.87348738238274892,-0.58004382295482348,0.78304697481955432,-0.2387063665912264,0.53186251182818656,0.31673488528396249,0.1365383336214061,-0.5491103162916976,0.28164410878101309,0.69124903015253703
-0.60856880644139433,-0.16291140952281338,-0.00011663912960243263,-0.5015462926885893,-0.97213294000000006,-0.76443646060666048,-0.73657756602820545,-0.21400027132537988,0.34063967453248994,0.67812417313721018,-0.84975191302321407,1.0,-0.88877656729386945,0.31908000829205069,-0.080211343747553579,0.67652615878734734,0.4046449376422695,-0.96540771708909223,-0.030561422057353137,-0.47698177037731992,-0.12447202897467514,-0.08920661959877095,-0.45822826573782405,-0.067990308146972656,-0.7066012651403637,0.47087923515907476,-0.35845563281131892,-0.15564211070929856,-0.10485608525099796,0.93558322498113589,0.65453387153060505,-0.8724652230414115,-0.13415334504357199,-0.30834825176529734,-0.14686005169621738,-0.3333514570589553,0.23539222717009495,-0.28157608671069351,-0.91453243238106796
0.51668090241178199,0.03029847834267424,-0.21751924051672356,0.22672162024133335,0.89711373999999999,0.76704906510510151,0.89489133270209986,-0.052980923519204838,-0.32617578615927023,-0.57507706788675639,0.68853093815814104,-0.88877656729386945,1.0,-0.11540377920773912,-0.14657829088719268,-0.85097862542363167,-0.11516596930034952,0.8931229222568724,-0.06057855389039471,0.50466743369325506,0.0083614985438138691,0.075986088963595488,0.48749139227461141,-0.10684138043393532,0.7136270873994377,-0.41010792519996642,0.36637624815288367,0.23439850036004428,0.11928705620704827,-0.83399556104158989,-0.73742620392624991,0.8313885642824953,0.37458194605677586,0.10288509718175452,-0.122658443913778,0.070077081865040136,-0.37466654631911006,0.60643689547984891,0.88392201204312026
-0.79639398666676042,0.45973163094624536,0.095514007046358221,-0.84425910260516968,-0.20896221999999998,-0.39877186677092552,-0.042093330028927976,-0.6595417368921227,-0.39463818743576695,-0.1754003493648976,-0.73683273747758915,0.31908000829205069,-0.11540377920773912,1.0,0.17020690376678624,-0.14490492181779466,0.28086160907059426,-0.45351856087932996,-0.53007951979611567,-0.03636323890533058,0.26929000037317291,-0.78679458499073196,0.011913827616094603,-0.6782416346312824,-0.29532960041786804,0.35660532005734374,-0.18440512638911788,0.47875943606779814,-0.57178485665860568,0.44995939353324882,0.18791406737601149,-0.35875586206883009,0.69641046087588054,-0.69774367036315232,-0.5959805486011065,-0.024118895829093646,0.55324029920521511,-0.048427401405842341,-0.077663627360472401
-0.2368601872748391,0.58341087515721435,0.18945305564701054,0.03207698158330094,0.15737664000000007,-0.31214811215782423,-0.3300373564929277,0.22043722428274926,-0.60997286051525357,-0.5810122439449058,-0.084369280758291948,-0.080211343747553579,-0.14657829088719268,0.17020690376678624,1.0,-0.0063096661658015906,-0.36481245474732649,-0.078195279401375356,-0.20597895042704295,-0.24409114073400456,0.051204679721987154,-0.51612180069916092,0.099197122593736309,-0.56144180190344328,-0.26879384956802876,-0.012901595132695613,0.079829066544222754,0.16442890854015182,-0.5847576128361287,-0.12073754009576584,0.47023056902743759,0.10158280071019214,0.051871275881012723,-0.10542161764369358,0.09370361534935602,0.73178868193136914,0.64507882900193914,-0.79080456559846224,0.16071480093663668
-0.18455165602468726,0.076083840121699456,0.50461696511762144,-0.054403664193673033,-0.73338028,-0.71829925641048331,-0.89645584001838774,0.37782207541385443,0.62252403910384813,0.47148409733636448,-0.45906645008250185,0.67652615878734734,-0.85097862542363167,-0.14490492181779466,-0.0063096661658015906,1.0,0.19527880901840908,-0.6324243517831416,0.30246900277521016,-0.54600801480178263,0.014609447244555389,0.13787948133789252,-0.57413621007557503,0.35257170914718028,-0.50741922726015332,0.14888471170988712,-0.00076844604741513334,-0.50816921439692964,-0.11528391304934502,0.56373410922690559,0.66423050476925849,-0.5801979753011417,-0.67712489977705326,0.33926829755662424,0.5000118670735898,-0.095318867476148483,0.30522113747899393,-0.54371764302598657,-0.81249715977072179
-0.0054123986973720339,-0.13421782908170582,0.15235936984950335,-0.60683616277750663,-0.44661614000000005,-0.47802884389179445,-0.24069025885117756,-0.14837820508220798,0.55749370926385877,0.33713914052372268,-0.43152051048332896,0.4046449376422695,-0.11516596930034952,0.28086160907059426,-0.36481245474732649,0.19527880901840908,1.0,-0.33308070730428113,-0.03748295676139022,-0.58447729428995199,-0.45152321514139299,0.2184407759182756,-0.070316424561612134,-0.037719953170830059,-0.14184774141070478,-0.30803268399563383,0.44754662187162203,-0.50217593222617585,-0.21469421806836528,0.31989889832555302,0.34679785424848303,-0.26856207825766693,0.049387574564273271,0.076315172444958751,0.10903663129302353,-0.39863740064502001,-0.18641700934054983,0.33105090742737442,-0.48511958710605602
0.7424715787759697,0.041231509112259083,-0.058302111942191655,0.57770945757873227,0.9386856400000001,0.81730538232586114,0.7488185937317704,0.32708100543818497,-0.20494316125922066,-0.5802755661144583,0.91284650645810717,-0.96540771708909223,0.8931229222568724,-0.45351856087932996,-0.078195279401375356,-0.6324243517831416,-0.33308070730428113,1.0,0.11326995060433977,0.50595601782584876,0.087843140267448383,0.27309762466942183,0.40147487615773275,0.17146797650435913,0.80688319666335073,-0.47029629180140975,0.4101906280245553,0.045725754169653146,0.24714605203750453,-0.96539964905934295,-0.68175593811071311,0.92134870077698627,-0.012751548330877722,0.42251456003797117,0.16743337536169051,0.12692614435342545,-0.39132321277395893,0.38559150078178872,0.87201675513170951
0.25242413342779069,-0.12521450734905401,0.18452748185241247,0.56566612870942146,-0.022840920000000042,0.061011896221920103,-0.18184102039974459,0.36469620135080305,0.46127663469407792,0.19391806704278131,0.21995490871124743,-0.030561422057353137,-0.06057855389039471,-0.53007951979611567,-0.20597895042704295,0.30246900277521016,-0.03748295676139022,0.11326995060433977,1.0,0.091897208998567098,-0.0035519169752249429,0.29596391180135251,-0.68301477638792485,0.31868983985962074,-0.17449191090613161,-0.11142925025393634,0.0058682119303896108,-0.27746233618093658,0.29143566083008365,-0.10708186785895847,-0.24288984145965903,0.11379262664488396,-0.58607879976324695,0.39171569161798137,0.54834255951547961,0.086636752847940299,-0.030626822896738848,-0.037736591236305426,-0.14934589017369479
0.010161411457818868,0.025416702916607636,-0.34734282670794658,0.39752271779232784,0.56825056000000007,0.78847734584254225,0.69106295494004233,-0.14243185597428601,-0.46985676325836589,-0.27708775000357438,0.4046571930504817,-0.47698177037731992,0.50466743369325506,-0.03636323890533058,-0.24409114073400456,-0.54600801480178263,-0.58447729428995199,0.50595601782584876,0.091897208998567098,1.0,0.65238366679928261,-0.1913345946878926,0.012840984950423184,-0.023179507018160767,0.48203293024019245,0.43057002676391976,-0.44810927740096729,0.67963987017409455,0.43662939522136884,-0.38026795125075913,-0.83322096353333941,0.42766722732318141,0.18827269969917371,-0.21311426789532578,-0.49178327455568299,-0.18989418276043102,-0.077761982834461771,0.3181171903825602,0.65805028356561401
-0.34709778141732428,0.53991183755931682,0.17221920256358902,0.11052310452190336,0.22096691999999996,0.21858345370069318,0.077710354571813453,0.046507259518738832,-0.38348562525572383,-0.3218234738646289,-0.05262350022553159,-0.12447202897467514,0.0083614985438138691,0.26929000037317291,0.051204679721987154,0.014609447244555389,-0.45152321514139299,0.087843140267448383,-0.0035519169752249429,0.65238366679928261,1.0,-0.51122800337122709,-0.27943960171083082,-0.091401624141350085,0.20728812317619347,0.5334151431762526,-0.39405523287546396,0.57726644665437887,0.032703346986516738,-0.04919958057937087,-0.2949257319458316,0.079047022555050514,-0.041674545799414618,-0.10488071807606864,-0.2522484769310771,-0.090810130227360494,0.49089369069397715,-0.25176821931979559,0.28875118640289549
0.80785510104807923,-0.73460222494682292,-0.17096462119946909,0.47030697214743822,-0.061165299999999978,0.27469400319550064,0.052534541302050264,0.45746185923579064,0.67468511906211581,0.49362871967147703,0.52492698256468573,-0.08920661959877095,0.075986088963595488,-0.78679458499073196,-0.51612180069916092,0.13787948133789252,0.2184407759182756,0.27309762466942183,0.29596391180135251,-0.1913345946878926,-0.51122800337122709,1.0,0.11476027353698293,0.73325660280977978,0.32681092419981495,-0.48889353403906721,0.3006273817016013,-0.71120751037264651,0.65844569801052166,-0.22272400161826048,-0.086887515674271443,0.15945407655160715,-0.54827210468268062,0.6528406491028147,0.49019128760091624,-0.37565023518205931,-0.85447212212478552,0.40034942835487419,-0.17673790995441274
0.2990166386060556,-0.17275859639339278,-0.32040477048765936,-0.089782374140282908,0.42372601999999993,0.37990822166571453,0.52115269655043284,-0.18336763375991136,-0.33689916850728729,-0.2523653305170887,0.37398268910822152,-0.45822826573782405,0.48749139227461141,0.011913827616094603,0.099197122593736309,-0.57413621007557503,-0.070316424561612134,0.40147487615773275,-0.68301477638792485,0.012840984950423184,-0.27943960171083082,0.11476027353698293,1.0,-0.028418181359414013,0.42385347378181165,-0.33518156303495567,0.19077105186051996,0.079813636419598336,0.021063037209688051,-0.36959545949882694,-0.14208126152309045,0.29559864491335341,0.47649349792739304,-0.035679852824478268,-0.21754034773015074,0.12708305349635771,-0.39098182715870133,0.31131632340856485,0.46132946631144417
0.531905531628452,-0.50070708013381604,0.12137632854812999,0.46629554101517756,-0.10614440000000003,0.25999986752824356,-0.022927647390355195,0.30347946745611259,0.67878180072390848,0.50888875670557265,0.42824593547947837,-0.067990308146972656,-0.10684138043393532,-0.6782416346312824,-0.56144180190344328,0.35257170914718028,-0.037719953170830059,0.17146797650435913,0.31868983985962074,-0.023179507018160767,-0.091401624141350085,0.73325660280977978,-0.028418181359414013,1.0,0.26713310831855397,-0.28330429266542423,-0.017374151280808936,-0.46768979812262795,0.5684131899891971,-0.037668171141090924,-0.16393315928941618,-0.10434985764926497,-0.53285414268017928,0.52521684086876086,0.49070553127331051,-0.23406156207888618,-0.56295327039327758,0.19773232486332432,-0.20235045336531648
0.65302513843693732,0.024598116878827157,-0.058329012104692872,0.32681893549857383,0.71290249999999999,0.73132626944844981,0.6811326872877399,0.29902243351548813,-0.12432281601050861,-0.42314688571841913,0.72537065530315237,-0.7066012651403637,0.7136270873994377,-0.29532960041786804,-0.26879384956802876,-0.50741922726015332,-0.14184774141070478,0.80688319666335073,-0.17449191090613161,0.48203293024019245,0.20728812317619347,0.32681092419981495,0.42385347378181165,0.26713310831855397,1.0,-0.34499287205285656,0.36237588079003097,0.034632457130074623,0.26353203787191209,-0.75246844068262131,-0.49631944105849557,0.71407820652538201,-0.032062042111754535,0.34218342950964753,-0.061625129322583336,-0.33809261131103763,-0.47746292655152001,0.43290278296152096,0.70856113580500157
-0.68419925292585904,0.0921369326729789,-0.25596363356786972,-0.14048723381650383,-0.32769842000000005,-0.11476310927673941,-0.1408682756763151,-0.30094770419769917,-0.33164856701461626,0.16680304810932317,-0.48901538486985902,0.47087923515907476,-0.41010792519996642,0.35660532005734374,-0.012901595132695613,0.14888471170988712,-0.30803268399563383,-0.47029629180140975,-0.11142925025393634,0.43057002676391976,0.5334151431762526,-0.48889353403906721,-0.33518156303495567,-0.28330429266542423,-0.34499287205285656,1.0,-0.72013293099603404,0.56821967273487406,0.068776604760277804,0.5001327849886954,-0.017793998214018988,-0.37943916714772807,0.10495090823733876,-0.52540850922613203,-0.6383579030049028,-0.24463918368020324,0.40937729644568088,-0.20559148361747617,-0.18289065252883727
0.59564261994571277,0.26024236021458508,0.44977492860917934,-0.037946393552799246,0.31340692000000003,-0.13180588809847341,-0.002579526012083555,0.50190954865537996,0.29473631175769288,-0.41309752496051744,0.28569607715719519,-0.35845563281131892,0.36637624815288367,-0.18440512638911788,0.079829066544222754,-0.00076844604741513334,0.44754662187162203,0.4101906280245553,0.0058682119303896108,-0.44810927740096729,-0.39405523287546396,0.3006273817016013,0.19077105186051996,-0.017374151280808936,0.36237588079003097,-0.72013293099603404,1.0,-0.61971634608514536,-0.37448508409049797,-0.53657150654993646,0.21939360897009058,0.54149532027689373,-0.22790626625067978,0.6183014389679713,0.51705583657553633,0.046558154629243398,-0.12897380902787711,0.088182182579412571,0.17577640805238059
-0.56364583225067244,0.27956100600095957,-0.4065262884762893,-0.1496731300237539,0.30081815999999995,0.34456544738930195,0.4504222629451663,-0.57834190502427141,-0.78280699390154718,-0.3296492523269427,-0.12045636510214959,-0.15564211070929856,0.23439850036004428,0.47875943606779814,0.16442890854015182,-0.50816921439692964,-0.50217593222617585,0.045725754169653146,-0.27746233618093658,0.67963987017409455,0.57726644665437887,-0.71120751037264651,0.079813636419598336,-0.46768979812262795,0.034632457130074623,0.56821967273487406,-0.61971634608514536,1.0,-0.070955624517777413,0.026865880031813654,-0.43629312676632837,-0.0012144998085663304,0.63227769318484817,-0.72447530076390365,-0.73658297525694405,0.13182789114640422,0.34819177760661313,0.034724643658054583,0.46675426266569719
0.42739037345129938,-0.77293720338486083,-0.5426876023804359,0.56835645330017803,0.020538799999999968,0.61466069678346902,0.31227822750425666,0.12106874453924954,0.25735453579076623,0.53295902506215054,0.45964856811674265,-0.10485608525099796,0.11928705620704827,-0.57178485665860568,-0.5847576128361287,-0.11528391304934502,-0.21469421806836528,0.24714605203750453,0.29143566083008365,0.43662939522136884,0.032703346986516738,0.65844569801052166,0.021063037209688051,0.5684131899891971,0.26353203787191209,0.068776604760277804,-0.37448508409049797,-0.070955624517777413,1.0,-0.09976521416281077,-0.53753765780998919,0.078739879982968733,-0.28943216742209926,0.25372707797673161,0.030596422052383127,-0.42823366352541214,-0.72114166974912453,0.46844771582896072,0.008827233146731648
-0.74315214068450275,-0.17532149624581286,-0.021398573966843179,-0.57182713240335359,-0.93056090000000002,-0.68051047793302677,-0.61046086974045743,-0.47125118165420693,0.25669327284266152,0.69616391120780685,-0.87348738238274892,0.93558322498113589,-0.83399556104158989,0.44995939353324882,-0.12073754009576584,0.56373410922690559,0.31989889832555302,-0.96539964905934295,-0.10708186785895847,-0.38026795125075913,-0.04919958057937087,-0.22272400161826048,-0.36959545949882694,-0.037668171141090924,-0.75246844068262131,0.5001327849886954,-0.53657150654993646,0.026865880031813654,-0.09976521416281077,1.0,0.5054437885062758,-0.97084942053143131,0.094648025483337658,-0.48786907567053256,-0.24295631569778176,-0.21273972206284802,0.26460232767317227,-0.21057735714240305,-0.84968935610867879
-0.28261946145173472,0.23274232281995524,0.36382895855176561,-0.41132981804518992,-0.64674786000000006,-0.88200465225420865,-0.85049515390919217,0.23002174418151178,0.18837946587293669,0.15223117842766798,-0.58004382295482348,0.65453387153060505,-0.73742620392624991,0.18791406737601149,0.47023056902743759,0.66423050476925849,0.34679785424848303,-0.68175593811071311,-0.24288984145965903,-0.83322096353333941,-0.2949257319458316,-0.086887515674271443,-0.14208126152309045,-0.16393315928941618,-0.49631944105849557,-0.017793998214018988,0.21939360897009058,-0.43629312676632837,-0.53753765780998919,0.5054437885062758,1.0,-0.51012825361111658,-0.26223857447630655,0.055782434747894634,0.23705508253498508,0.094795523608560486,0.39122930241473663,-0.65461274440329464,-0.66644865562465827
0.67440210264745526,0.20641204401773933,-0.0017746506874438154,0.51445438998937609,0.90247710000000003,0.63869891181304028,0.60712216534443575,0.45549276171790498,-0.28530249548924896,-0.71455225573454861,0.78304697481955432,-0.8724652230414115,0.8313885642824953,-0.35875586206883009,0.10158280071019214,-0.5801979753011417,-0.26856207825766693,0.92134870077698627,0.11379262664488396,0.42766722732318141,0.079047022555050514,0.15945407655160715,0.29559864491335341,-0.10434985764926497,0.71407820652538201,-0.37943916714772807,0.54149532027689373,-0.0012144998085663304,0.078739879982968733,-0.97084942053143131,-0.51012825361111658,1.0,-0.078104133929909239,0.43884021025672543,0.14155397322752727,0.11823933203580093,-0.2122702004284529,0.23901465200340719,0.83533532680016231
-0.45688777271722558,0.064119995668705104,-0.33852603192767922,-0.59522860831647706,0.19798045999999991,0.14178041537429451,0.52855983103119986,-0.86974854423463999,-0.56522131703723077,-0.21903357667109657,-0.2387063665912264,-0.13415334504357199,0.37458194605677586,0.69641046087588054,0.051871275881012723,-0.67712489977705326,0.049387574564273271,-0.012751548330877722,-0.58607879976324695,0.18827269969917371,-0.041674545799414618,-0.54827210468268062,0.47649349792739304,-0.53285414268017928,-0.032062042111754535,0.10495090823733876,-0.22790626625067978,0.63227769318484817,-0.28943216742209926,0.094648025483337658,-0.26223857447630655,-0.078104133929909239,1.0,-0.77637572601885529,-0.70184147703230593,0.14739573990400415,0.073874021743697296,0.37134376210426179,0.33853988250461436
0.77582277675969691,-0.043735796326605507,0.38208476672552616,0.53960347865604208,0.18762586000000003,0.08925559640921446,-0.17644277489058363,0.85719362000272681,0.53329365721016542,-0.039991647354930965,0.53186251182818656,-0.30834825176529734,0.10288509718175452,-0.69774367036315232,-0.10542161764369358,0.33926829755662424,0.076315172444958751,0.42251456003797117,0.39171569161798137,-0.21311426789532578,-0.10488071807606864,0.6528406491028147,-0.035679852824478268,0.52521684086876086,0.34218342950964753,-0.52540850922613203,0.6183014389679713,-0.72447530076390365,0.25372707797673161,-0.48786907567053256,0.055782434747894634,0.43884021025672543,-0.77637572601885529,1.0,0.81822067599110793,-0.041175013641641382,-0.29280477529542037,-0.060535075734966477,0.0019332189626616967
0.54456678814622439,0.013662908904598337,0.51816118705589909,0.43714132419973328,-0.013559679999999963,-0.193892159214759,-0.43126858489304615,0.68363082637335659,0.59554909696971725,0.05805831914175219,0.31673488528396249,-0.14686005169621738,-0.122658443913778,-0.5959805486011065,0.09370361534935602,0.5000118670735898,0.10903663129302353,0.16743337536169051,0.54834255951547961,-0.49178327455568299,-0.2522484769310771,0.49019128760091624,-0.21754034773015074,0.49070553127331051,-0.061625129322583336,-0.6383579030049028,0.51705583657553633,-0.73658297525694405,0.030596422052383127,-0.24295631569778176,0.23705508253498508,0.14155397322752727,-0.70184147703230593,0.81822067599110793,1.0,0.33574110090391118,-0.066103429742610104,-0.28304638249514769,-0.22248994621337093
-0.08630770403273369,0.36798756434243507,0.20736301093668016,0.1917420167836329,0.29881449999999998,-0.10336654651654385,-0.11296889595933364,0.01689522952165964,-0.37489123680957204,-0.4475145793667476,0.1365383336214061,-0.3333514570589553,0.070077081865040136,-0.024118895829093646,0.73178868193136914,-0.095318867476148483,-0.39863740064502001,0.12692614435342545,0.086636752847940299,-0.18989418276043102,-0.090810130227360494,-0.37565023518205931,0.12708305349635771,-0.23406156207888618,-0.33809261131103763,-0.24463918368020324,0.046558154629243398,0.13182789114640422,-0.42823366352541214,-0.21273972206284802,0.094795523608560486,0.11823933203580093,0.14739573990400415,-0.041175013641641382,0.33574110090391118,1.0,0.45747287150262839,-0.50754102122364764,0.23779159269906225
-0.69741778771165275,0.84155560406997987,0.49605329039396728,-0.29017582043171586,-0.12048639999999999,-0.55242966907158952,-0.47950953915345412,-0.039847570276432237,-0.39387958973931386,-0.4309737546977106,-0.5491103162916976,0.23539222717009495,-0.37466654631911006,0.55324029920521511,0.64507882900193914,0.30522113747899393,-0.18641700934054983,-0.39132321277395893,-0.030626822896738848,-0.077761982834461771,0.49089369069397715,-0.85447212212478552,-0.39098182715870133,-0.56295327039327758,-0.47746292655152001,0.40937729644568088,-0.12897380902787711,0.34819177760661313,-0.72114166974912453,0.26460232767317227,0.39122930241473663,-0.2122702004284529,0.073874021743697296,-0.29280477529542037,-0.066103429742610104,0.45747287150262839,1.0,-0.74650064995398502,-0.087115671966042946
0.34171065102724907,-0.56345616579482238,-0.46116628416641309,-0.1001601251805756,0.23590947999999989,0.55034120095314709,0.72997368466848789,-0.40093720187989074,0.22015543781928221,0.23273156687208948,0.28164410878101309,-0.28157608671069351,0.60643689547984891,-0.048427401405842341,-0.79080456559846224,-0.54371764302598657,0.33105090742737442,0.38559150078178872,-0.037736591236305426,0.3181171903825602,-0.25176821931979559,0.40034942835487419,0.31131632340856485,0.19773232486332432,0.43290278296152096,-0.20559148361747617,0.088182182579412571,0.034724643658054583,0.46844771582896072,-0.21057735714240305,-0.65461274440329464,0.23901465200340719,0.37134376210426179,-0.060535075734966477,-0.28304638249514769,-0.50754102122364764,-0.74650064995398502,1.0,0.25783183065081633
0.35513467026949225,0.28125258905554712,-0.15429354816577437,0.34745232854588753,0.97625504000000007,0.7744435767949599,0.81857072737543646,0.03489883081602474,-0.62818949566827376,-0.78280270323262513,0.69124903015253703,-0.91453243238106796,0.88392201204312026,-0.077663627360472401,0.16071480093663668,-0.81249715977072179,-0.48511958710605602,0.87201675513170951,-0.14934589017369479,0.65805028356561401,0.28875118640289549,-0.17673790995441274,0.46132946631144417,-0.20235045336531648,0.70856113580500157,-0.18289065252883727,0.17577640805238059,0.46675426266569719,0.008827233146731648,-0.84968935610867879,-0.66644865562465827,0.83533532680016231,0.33853988250461436,0.0019332189626616967,-0.22248994621337093,0.23779159269906225,-0.087115671966042946,0.25783183065081633,1.0
