1.000000000000000000e+00,4.060166447279150437e-01,-5.262783103956202302e-01,2.573430092135164382e-01,-2.239966918850069544e-01,-2.355091104220509157e-01,-3.567313547115049666e-01,2.569035000882730069e-01,-4.394497705388110687e-01,-1.920832505049191730e-01,-2.688257040280851995e-01,4.907963887918618817e-01,-6.413810042485333651e-02,-2.117588585208579066e-01,2.913607794181052313e-01,-2.275743425417059151e-01,-4.081785199999999891e-01,2.752202418265695671e-01,-1.468508440398102848e-02,3.902819104113969262e-01,2.861018651128802714e-01,2.812628266523654191e-02,6.701378435885063656e-01,-4.286604021932030606e-02,-3.795798907635414277e-01,-4.525354509102127998e-02,-4.477761854770538341e-01,-4.709979340676489490e-01,-4.549586309244003229e-03,5.007362036437028596e-01,-4.680014473645772721e-01,3.734887979039435701e-01,-3.600587066395452562e-01,4.630086795829662094e-01,1.698996472551504155e-01,-1.232310208230294052e-01,4.237223934266823866e-01,-4.738173633513563521e-02,3.569768877055012890e-01
4.060166447279150437e-01,1.000000000000000000e+00,-7.541668959279511641e-01,4.615338465058149153e-01,-3.461932325846084346e-01,-2.171123214263353252e-01,-2.018318051965426463e-01,-1.526331969295485411e-02,-4.328176790570259502e-01,1.880098249650823949e-01,-5.680070578474977205e-01,6.794671817551912740e-01,-3.430762868630395368e-01,-1.384448641581925710e-01,5.730669350957227071e-01,-2.994766620227754528e-01,-7.097111000000000391e-01,6.715666222428103849e-01,-1.130299507763021932e-01,-4.265613263935263411e-01,1.834249071420441801e-01,4.837707691971884771e-01,7.512905353317180790e-01,-1.942283642287717937e-01,-1.378694519511463323e-01,2.127389050177644902e-01,-6.323476084307755318e-01,-1.291082964846771708e-01,1.167538186253674060e-01,2.364546299253383055e-01,-5.116220183353302753e-01,3.200736391140711068e-01,-6.518310714945616535e-01,7.364216668177874237e-01,-3.371592393708887636e-01,-3.132759781081254080e-01,5.713248043114368402e-01,-2.511870575844716846e-01,6.414807433898315203e-01
-5.262783103956202302e-01,-7.541668959279511641e-01,1.000000000000000000e+00,-4.312323329562727237e-01,3.813031888967186589e-01,1.378211473101196571e-01,3.678140277942257286e-01,-2.857081821617816764e-01,5.723068366637055204e-01,-1.896158816475844999e-01,6.091794423585698004e-01,-8.075096228554766720e-01,3.088081980547199845e-01,1.946399313585603086e-01,-6.768827696959762719e-01,1.171517256667075485e-02,8.426212600000000386e-01,-6.992024845653180831e-01,7.056014379037685302e-02,-1.204886457708350955e-01,-3.045720116567166569e-01,-4.385317924009800028e-01,-5.659943334410885152e-01,3.060416400517912972e-01,5.398460950005780079e-01,-1.130810763331660390e-01,6.575685059028794077e-01,5.383574376242701298e-01,-3.939165881866912855e-01,-1.851349867491509649e-01,7.311298944311481751e-01,-4.933260223646586673e-01,9.047119559347460704e-01,-8.746675734695082971e-01,6.557771270613881043e-02,4.348057160561155099e-01,-8.753529107130558762e-01,5.013333656604306715e-02,-4.789997853019993812e-01
2.573430092135164382e-01,4.615338465058149153e-01,-4.312323329562727237e-01,1.000000000000000000e+00,4.501157527938225433e-01,-6.568837627474699570e-01,-1.575289051417330111e-01,-1.794959954645657940e-01,-5.896734106883468884e-01,-1.299514735292038869e-01,-6.838605451274142322e-01,8.149648716827156969e-01,-8.395416661008376913e-01,-4.161938050217832696e-01,-1.761956344594284574e-01,-3.748601811490503977e-03,-6.498738000000003900e-02,-7.173618707635776026e-03,6.113291534779025094e-01,-1.757444734611060544e-01,6.571879696757280120e-01,-3.949799850587631944e-03,4.242957754428380301e-01,5.300207600696341670e-01,3.060304144238653601e-01,8.521532599730076152e-01,-5.980939202739296023e-01,-3.203912310344484426e-01,5.683958942448749108e-01,-1.719622337797195311e-01,3.673443530272924029e-02,1.573899351523110335e-01,-1.964102822736988885e-01,1.075412035025950369e-01,-6.233204785621393462e-01,-8.800478053675828138e-02,5.962768685718934369e-01,-8.988121859740038078e-01,4.523188478542060076e-01
-2.239966918850069544e-01,-3.461932325846084346e-01,3.813031888967186589e-01,4.501157527938225433e-01,1.000000000000000000e+00,-5.229842360869255691e-01,5.703950069026667707e-02,-2.476524291205435824e-01,-1.844601161203299200e-02,-4.133689656432927295e-01,2.155526008058432919e-01,-6.071958443644046542e-03,-4.484617100607882212e-01,-2.908865634528682853e-01,-8.628395229457745952e-01,1.070137482502404452e-01,7.851982399999999362e-01,-6.671581714522746287e-01,6.609533760811074909e-01,-1.105656310738521581e-01,4.265932537012404047e-01,-5.574162851025260546e-01,2.555219030061606569e-02,7.974246478537529992e-01,5.620827417327556308e-01,5.917720287240610944e-01,1.046518389323023435e-01,-2.816508597256202340e-02,1.012901355463815267e-01,-6.563815056124129299e-01,6.185793275191516782e-01,-7.014921610275359765e-02,6.144196930753315078e-01,-6.401330921174803734e-01,-5.684792751777896225e-01,5.334133126489337684e-01,-2.149149712448175098e-01,-6.990920112562459821e-01,-2.312548562900681448e-01
-2.355091104220509157e-01,-2.171123214263353252e-01,1.378211473101196571e-01,-6.568837627474699570e-01,-5.229842360869255691e-01,1.000000000000000000e+00,6.772822190107019580e-01,-3.692087027959781720e-01,5.743756888397864024e-01,7.073654243794011975e-01,5.438852271264203037e-02,-6.102037328529617000e-01,6.545315593711066304e-01,8.868449397151001445e-01,5.390712343830146303e-01,5.501217158989176736e-01,-2.915577999999999781e-01,3.857214368623885781e-01,-8.903335872376748616e-01,6.302037176905611604e-02,-9.215477829975475821e-01,6.366671605239649923e-01,-3.876086211515339386e-01,-8.604902055964609442e-01,-6.707158147678586591e-02,-4.669746534660594861e-01,4.760896982143314471e-01,5.204943353981372756e-01,-3.770907885891816025e-01,4.790842263218941799e-01,1.506981391354824396e-01,-5.434827877316622535e-01,-7.216377397536557874e-03,3.892317449976613608e-02,7.079783403382610141e-01,-5.524274282161600880e-01,-2.560888305375004226e-01,5.941204292847879209e-01,1.437800410336703694e-02
-3.567313547115049666e-01,-2.018318051965426463e-01,3.678140277942257286e-01,-1.575289051417330111e-01,5.703950069026667707e-02,6.772822190107019580e-01,1.000000000000000000e+00,-9.153956227992653405e-01,5.714896702614792323e-01,7.386163386955336696e-01,-1.580248950966088028e-01,-5.320621410441502830e-01,1.750080131533698347e-01,8.907412872196522891e-01,1.050538882574547639e-01,6.661936443959401988e-01,9.650975999999999999e-02,1.147959903189377795e-01,-5.686498212476701619e-01,-3.501927065446344134e-01,-7.924034610894077346e-01,5.831508737498487527e-01,-2.905705315235060926e-01,-4.087422027472970010e-01,5.685517897293730361e-01,1.680021343168427439e-01,4.804434839182675221e-01,7.827333682355329669e-01,-3.049482087217433302e-01,3.320757437762957842e-01,7.120263729990810031e-01,-8.602353957529345063e-01,4.054427210695342731e-01,-3.661324720926063536e-01,2.644912132780317116e-01,-4.466307688518669772e-01,-3.429854897628162314e-01,-1.043385462935137870e-01,1.825844292157836612e-01
2.569035000882730069e-01,-1.526331969295485411e-02,-2.857081821617816764e-01,-1.794959954645657940e-01,-2.476524291205435824e-01,-3.692087027959781720e-01,-9.153956227992653405e-01,1.000000000000000000e+00,-3.648738978315195780e-01,-6.152642256975177082e-01,3.266263546432400799e-01,2.822889707453836716e-01,1.029351512059762663e-01,-7.003049026969666579e-01,2.007420495116760129e-02,-5.354640454999848309e-01,-1.389671799999999680e-01,-7.034268252316054626e-02,3.309521013518277321e-01,5.435074930347053579e-01,5.513984686819957126e-01,-5.270085502247787712e-01,4.362605392282569577e-02,1.468967835478727224e-01,-7.323526266273140406e-01,-4.529600900850938028e-01,-2.744172208782187372e-01,-7.410276262861497099e-01,2.180020590827926596e-01,-2.527994244631791565e-01,-7.464461384813090294e-01,8.040631323433737876e-01,-4.110253739334213674e-01,3.646309991631722647e-01,6.757576497125143689e-02,3.545078546304772926e-01,2.467135728201375888e-01,4.522971696630120331e-01,-3.511813283117587448e-01
-4.394497705388110687e-01,-4.328176790570259502e-01,5.723068366637055204e-01,-5.896734106883468884e-01,-1.844601161203299200e-02,5.743756888397864024e-01,5.714896702614792323e-01,-3.648738978315195780e-01,1.000000000000000000e+00,4.280748504165182156e-01,4.267126551893997699e-01,-7.642843599242723496e-01,4.153900139575653072e-01,5.613038590643329995e-01,-8.659715709699350450e-02,2.476965043092132224e-01,3.127946600000000021e-01,-1.599103858450272864e-01,-4.521481565612198716e-01,-1.719000323112563067e-01,-6.730221524564770075e-01,1.265826617095582862e-01,-4.676077998865827978e-01,-3.081437642694157542e-01,3.934278262478649868e-01,-2.948265756692264872e-01,5.393783075869402754e-01,6.608264373825302185e-01,-3.989464155425895830e-01,3.763812608978196056e-02,4.835835161496203072e-01,-5.535220153055536718e-01,5.309063081342333401e-01,-4.551685754655928617e-01,4.265386942324491115e-01,-1.728006579298943524e-01,-5.628627453904944122e-01,3.308568705879600946e-01,-2.491778459578876115e-01
-1.920832505049191730e-01,1.880098249650823949e-01,-1.896158816475844999e-01,-1.299514735292038869e-01,-4.133689656432927295e-01,7.073654243794011975e-01,7.386163386955336696e-01,-6.152642256975177082e-01,4.280748504165182156e-01,1.000000000000000000e+00,-4.574176513988819637e-01,-1.604405996477966390e-01,7.963002039980107694e-02,8.032512893530400211e-01,6.355431997461169491e-01,5.740706118627745269e-01,-4.921712400000000098e-01,6.019094791223039698e-01,-7.143727600198365169e-01,-3.097676877658809835e-01,-7.314422076745419332e-01,8.910502844574834658e-01,-1.821346365283829372e-01,-7.531306811789227895e-01,1.255290998075090647e-01,4.268616958284107005e-02,1.291796263641235287e-01,5.214456984579310950e-01,-2.109320657665204879e-02,5.020519966588025129e-01,1.492313953173182439e-01,-5.824024146490582865e-01,-2.130308383553942420e-01,2.161465332886886859e-01,4.029397402552820084e-01,-8.085623085806121768e-01,1.671639292186168357e-01,1.411310185379167359e-01,3.433569402417593341e-01
-2.688257040280851995e-01,-5.680070578474977205e-01,6.091794423585698004e-01,-6.838605451274142322e-01,2.155526008058432919e-01,5.438852271264203037e-02,-1.580248950966088028e-01,3.266263546432400799e-01,4.267126551893997699e-01,-4.574176513988819637e-01,1.000000000000000000e+00,-6.822166405725400562e-01,4.645696586574001863e-01,-8.961903786221976642e-02,-4.737789456620905559e-01,-3.107741780304582035e-01,6.002509599999998890e-01,-4.515006823683604398e-01,1.963806708000774906e-02,1.155027294156184825e-01,-1.013042326448714558e-01,-6.284260518912797577e-01,-1.999359069492472885e-01,1.656145998865425628e-01,-7.990956730598343383e-02,-5.157157179323549334e-01,4.714232013131219312e-01,4.739473174315439463e-02,-4.607258784464766110e-01,-3.748652326948551106e-01,1.377342658404124565e-01,1.474235118264983768e-01,5.273097881167105871e-01,-3.934066873916508555e-01,1.480683391062152521e-01,6.791464646253762005e-01,-6.772707531329456021e-01,4.679965847112546595e-01,-7.347594307377605105e-01
4.907963887918618817e-01,6.794671817551912740e-01,-8.075096228554766720e-01,8.149648716827156969e-01,-6.071958443644046542e-03,-6.102037328529617000e-01,-5.320621410441502830e-01,2.822889707453836716e-01,-7.642843599242723496e-01,-1.604405996477966390e-01,-6.822166405725400562e-01,1.000000000000000000e+00,-6.816726037861015053e-01,-5.644038669394354502e-01,2.212067962733011706e-01,-2.176080998736442118e-01,-4.915722399999999936e-01,3.129048097477339363e-01,4.646329399398615445e-01,4.407768100932864946e-02,7.223329602104450187e-01,6.820627020481655201e-02,5.421996818990127975e-01,2.486257188555112130e-01,-2.297711112202102668e-01,4.941011508065919489e-01,-8.023441091060820041e-01,-6.372327468432228414e-01,6.292907281386547202e-01,-3.265404741639486852e-02,-5.316482403959165159e-01,5.382873818205409222e-01,-6.677654964730497245e-01,5.850223996774781554e-01,-4.182303934529969514e-01,-1.818853314484816242e-01,8.648205401222753830e-01,-4.918166788528586797e-01,4.485828072359773766e-01
-6.413810042485333651e-02,-3.430762868630395368e-01,3.088081980547199845e-01,-8.395416661008376913e-01,-4.484617100607882212e-01,6.545315593711066304e-01,1.750080131533698347e-01,1.029351512059762663e-01,4.153900139575653072e-01,7.963002039980107694e-02,4.645696586574001863e-01,-6.816726037861015053e-01,1.000000000000000000e+00,3.836143814911684990e-01,2.409483109201838724e-01,2.345414587269828155e-01,-2.588630000000002873e-02,-8.034150664232525552e-02,-6.567715697932773322e-01,3.498489711195016394e-01,-6.421056226698607095e-01,1.406082449087314168e-01,-3.191461058484740265e-01,-5.154321142325549721e-01,-2.570253556950606311e-01,-8.974888105142020400e-01,6.805538960096243484e-01,3.977303721588508756e-01,-7.615887529320549687e-01,2.340549541995879945e-01,7.616543358817725456e-03,-1.936240913565315247e-01,1.639326613024482682e-01,-1.531525466643144928e-01,4.689622643162014715e-01,1.118001429214086906e-02,-5.990903635861124510e-01,7.577499793686774954e-01,-3.130619455966632270e-02
-2.117588585208579066e-01,-1.384448641581925710e-01,1.946399313585603086e-01,-4.161938050217832696e-01,-2.908865634528682853e-01,8.868449397151001445e-01,8.907412872196522891e-01,-7.003049026969666579e-01,5.613038590643329995e-01,8.032512893530400211e-01,-8.961903786221976642e-02,-5.644038669394354502e-01,3.836143814911684990e-01,1.000000000000000000e+00,4.187147891254134890e-01,5.840626927747212260e-01,-1.850014399999999615e-01,4.056356657547077749e-01,-8.207355883322556833e-01,-2.052275143997356333e-01,-9.184767866863666752e-01,6.942786583038099701e-01,-2.171265403516712822e-01,-7.290101460499557318e-01,1.947907291796281970e-01,-1.101462467122828054e-01,3.772778758130636012e-01,6.289047446451162537e-01,-3.132392289614292502e-01,5.010918962020584067e-01,3.681491105183072321e-01,-7.640200209439628187e-01,1.323461312922558086e-01,-4.975691445171724625e-02,5.549562190970140918e-01,-5.622724472792263173e-01,-2.654216757115651637e-01,2.595098625188339558e-01,7.609848894169954359e-02
2.913607794181052313e-01,5.730669350957227071e-01,-6.768827696959762719e-01,-1.761956344594284574e-01,-8.628395229457745952e-01,5.390712343830146303e-01,1.050538882574547639e-01,2.007420495116760129e-02,-8.659715709699350450e-02,6.355431997461169491e-01,-4.737789456620905559e-01,2.212067962733011706e-01,2.409483109201838724e-01,4.187147891254134890e-01,1.000000000000000000e+00,1.559521100793416770e-01,-9.569210999999999689e-01,8.904127469635270131e-01,-7.195714933291741389e-01,9.870108337045491176e-03,-4.248079321332720037e-01,8.185634416433005267e-01,2.133572610224361288e-01,-8.756110347768255586e-01,-5.168055056299760697e-01,-3.237431598607450334e-01,-2.385623767383175942e-01,-3.966054738492874598e-04,-1.572598914642314716e-03,6.196486161652732250e-01,-5.891629499359255506e-01,2.294278102414608334e-02,-7.748058111171837181e-01,7.997844524183351789e-01,4.352387465774265052e-01,-7.204843077051334976e-01,4.674896738647077443e-01,4.529460353180189691e-01,4.451261061304292443e-01
-2.275743425417059151e-01,-2.994766620227754528e-01,1.171517256667075485e-02,-3.748601811490503977e-03,1.070137482502404452e-01,5.501217158989176736e-01,6.661936443959401988e-01,-5.354640454999848309e-01,2.476965043092132224e-01,5.740706118627745269e-01,-3.107741780304582035e-01,-2.176080998736442118e-01,2.345414587269828155e-01,5.840626927747212260e-01,1.559521100793416770e-01,1.000000000000000000e+00,-4.478075999999997503e-02,-1.682431259897022510e-02,-3.847406748787464137e-01,2.370395703099731910e-01,-4.869039293611862607e-01,5.134782822724416329e-01,-3.999598642486637545e-01,-3.496044129818447477e-01,1.968814392851155337e-01,5.480273076350519745e-02,4.770209070400390217e-01,3.801934699909494952e-01,-1.127750995157010133e-01,7.424423151323740477e-02,4.587599708379275221e-01,-5.768865780337132376e-01,1.008537216430849953e-01,-2.695199880772761736e-01,1.910013545968923809e-01,-4.728506568000279686e-01,-3.605397237406464395e-02,-6.077007942991735634e-02,3.016499533983250658e-01
-4.081785199999999891e-01,-7.097111000000000391e-01,8.426212600000000386e-01,-6.498738000000003900e-02,7.851982399999999362e-01,-2.915577999999999781e-01,9.650975999999999999e-02,-1.389671799999999680e-01,3.127946600000000021e-01,-4.921712400000000098e-01,6.002509599999998890e-01,-4.915722399999999936e-01,-2.588630000000002873e-02,-1.850014399999999615e-01,-9.569210999999999689e-01,-4.478075999999997503e-02,1.000000000000000000e+00,-8.849639799999999834e-01,4.980682000000000720e-01,-3.504834000000001115e-02,1.517297600000000468e-01,-7.271863000000000632e-01,-3.526172199999999535e-01,7.045886199999999988e-01,5.573503600000000446e-01,1.668616999999998907e-01,4.561555399999999150e-01,2.109515200000000590e-01,-1.847465999999999831e-01,-5.337188200000000382e-01,7.106654800000000716e-01,-2.058396999999999588e-01,8.992420599999999542e-01,-8.987090600000000595e-01,-2.694902200000000025e-01,6.763776399999998912e-01,-6.677433600000000080e-01,-2.834834999999999994e-01,-5.073424600000000506e-01
2.752202418265695671e-01,6.715666222428103849e-01,-6.992024845653180831e-01,-7.173618707635776026e-03,-6.671581714522746287e-01,3.857214368623885781e-01,1.147959903189377795e-01,-7.034268252316054626e-02,-1.599103858450272864e-01,6.019094791223039698e-01,-4.515006823683604398e-01,3.129048097477339363e-01,-8.034150664232525552e-02,4.056356657547077749e-01,8.904127469635270131e-01,-1.682431259897022510e-02,-8.849639799999999834e-01,1.000000000000000000e+00,-5.737509210197385690e-01,-2.347012902679527779e-01,-2.932492953423090909e-01,7.340720215543624638e-01,4.283364769902530123e-01,-7.417549430862288018e-01,-4.375152259425659773e-01,-1.603624781854350728e-02,-4.747346210549494572e-01,-1.215384171008313946e-01,1.926635777850982945e-01,5.267370587566424511e-01,-5.671066533874469240e-01,5.644947505458920711e-02,-7.644169931892463854e-01,8.768890171506393827e-01,3.244738142410185100e-01,-6.307177007603476104e-01,5.620299379554166697e-01,2.472244086249836270e-01,2.688521441485043906e-01
-1.468508440398102848e-02,-1.130299507763021932e-01,7.056014379037685302e-02,6.113291534779025094e-01,6.609533760811074909e-01,-8.903335872376748616e-01,-5.686498212476701619e-01,3.309521013518277321e-01,-4.521481565612198716e-01,-7.143727600198365169e-01,1.963806708000774906e-02,4.646329399398615445e-01,-6.567715697932773322e-01,-8.207355883322556833e-01,-7.195714933291741389e-01,-3.847406748787464137e-01,4.980682000000000720e-01,-5.737509210197385690e-01,1.000000000000000000e+00,4.941398721216339052e-02,8.992683381386351593e-01,-7.479789977023187930e-01,5.162165432035530077e-02,9.265191556223184577e-01,2.002313490318711475e-01,5.361219108828358948e-01,-3.670878892089764478e-01,-5.068951900347837825e-01,5.154127918763703464e-01,-6.073311736413484763e-01,5.020597575928439221e-02,4.332025645734242092e-01,1.760660728617751969e-01,-2.682548572168899637e-01,-6.197979078559370247e-01,5.619341368355678101e-01,1.981298042126354020e-01,-5.963442821219233636e-01,-2.278690653261043475e-01
3.902819104113969262e-01,-4.265613263935263411e-01,-1.204886457708350955e-01,-1.757444734611060544e-01,-1.105656310738521581e-01,6.302037176905611604e-02,-3.501927065446344134e-01,5.435074930347053579e-01,-1.719000323112563067e-01,-3.097676877658809835e-01,1.155027294156184825e-01,4.407768100932864946e-02,3.498489711195016394e-01,-2.052275143997356333e-01,9.870108337045491176e-03,2.370395703099731910e-01,-3.504834000000001115e-02,-2.347012902679527779e-01,4.941398721216339052e-02,1.000000000000000000e+00,1.846160578221144877e-01,-2.711200953963291971e-01,-2.337343154392895750e-01,-3.845671339679258144e-02,-5.340472533023243873e-01,-4.004909646065329953e-01,1.384982872881750093e-01,-5.049994810439173420e-01,7.189269839625500591e-02,5.265576610592664908e-02,-2.705529162855125347e-01,2.569608227116047527e-01,-1.471162653594253467e-01,-1.539466977641887335e-04,4.466900656701048855e-01,-2.618875400507755802e-02,1.146824300671145241e-01,3.576015225129233199e-01,-1.378656077059354779e-01
2.861018651128802714e-01,1.834249071420441801e-01,-3.045720116567166569e-01,6.571879696757280120e-01,4.265932537012404047e-01,-9.215477829975475821e-01,-7.924034610894077346e-01,5.513984686819957126e-01,-6.730221524564770075e-01,-7.314422076745419332e-01,-1.013042326448714558e-01,7.223329602104450187e-01,-6.421056226698607095e-01,-9.184767866863666752e-01,-4.248079321332720037e-01,-4.869039293611862607e-01,1.517297600000000468e-01,-2.932492953423090909e-01,8.992683381386351593e-01,1.846160578221144877e-01,1.000000000000000000e+00,-6.338067889100820196e-01,3.333485278455728396e-01,7.666018158269025662e-01,-1.341136898631105356e-01,4.258471904170380573e-01,-5.887253669512150234e-01,-7.588524702188211846e-01,5.650140892306688700e-01,-4.857225769263978088e-01,-3.262459044848194378e-01,6.805428277347009836e-01,-1.949743065447728241e-01,1.161114094310302380e-01,-5.575668031634504196e-01,4.359884361224025118e-01,4.559320727096449200e-01,-4.868602133849194713e-01,-8.336782974907824828e-02
2.812628266523654191e-02,4.837707691971884771e-01,-4.385317924009800028e-01,-3.949799850587631944e-03,-5.574162851025260546e-01,6.366671605239649923e-01,5.831508737498487527e-01,-5.270085502247787712e-01,1.265826617095582862e-01,8.910502844574834658e-01,-6.284260518912797577e-01,6.820627020481655201e-02,1.406082449087314168e-01,6.942786583038099701e-01,8.185634416433005267e-01,5.134782822724416329e-01,-7.271863000000000632e-01,7.340720215543624638e-01,-7.479789977023187930e-01,-2.711200953963291971e-01,-6.338067889100820196e-01,1.000000000000000000e+00,8.286600882294477277e-02,-7.926014381961006272e-01,-2.590372961381764202e-03,-1.473217461114630089e-02,-1.627342224041048932e-02,4.305079979747375996e-01,-1.009354963475680295e-01,5.707865063987077603e-01,-6.451348694406161544e-02,-4.198891855413671159e-01,-4.383565293240637706e-01,4.349717891103337952e-01,2.498316413018984994e-01,-8.164161607325041148e-01,2.839803075270496135e-01,9.812006740666628923e-02,6.308973735663988558e-01
6.701378435885063656e-01,7.512905353317180790e-01,-5.659943334410885152e-01,4.242957754428380301e-01,2.555219030061606569e-02,-3.876086211515339386e-01,-2.905705315235060926e-01,4.362605392282569577e-02,-4.676077998865827978e-01,-1.821346365283829372e-01,-1.999359069492472885e-01,5.421996818990127975e-01,-3.191461058484740265e-01,-2.171265403516712822e-01,2.133572610224361288e-01,-3.999598642486637545e-01,-3.526172199999999535e-01,4.283364769902530123e-01,5.162165432035530077e-02,-2.337343154392895750e-01,3.333485278455728396e-01,8.286600882294477277e-02,1.000000000000000000e+00,7.826557164924578813e-02,-1.613502686882451742e-01,2.411235419573015126e-01,-6.026489119006627204e-01,-3.315429849654728534e-01,-2.200288714071456028e-02,1.124112994762168777e-01,-4.012120305566767020e-01,3.779727006554994273e-01,-3.580774893648167589e-01,5.509248892473397330e-01,-3.279594725669654487e-01,7.153418584580684136e-02,3.588557468965163366e-01,-3.274558933154673723e-01,3.364537367306268401e-01
-4.286604021932030606e-02,-1.942283642287717937e-01,3.060416400517912972e-01,5.300207600696341670e-01,7.974246478537529992e-01,-8.604902055964609442e-01,-4.087422027472970010e-01,1.468967835478727224e-01,-3.081437642694157542e-01,-7.531306811789227895e-01,1.656145998865425628e-01,2.486257188555112130e-01,-5.154321142325549721e-01,-7.290101460499557318e-01,-8.756110347768255586e-01,-3.496044129818447477e-01,7.045886199999999988e-01,-7.417549430862288018e-01,9.265191556223184577e-01,-3.845671339679258144e-02,7.666018158269025662e-01,-7.926014381961006272e-01,7.826557164924578813e-02,1.000000000000000000e+00,3.841597754510517881e-01,4.935909123755387040e-01,-1.345613164676082996e-01,-2.678661029097583746e-01,2.293977497876486527e-01,-6.072537632505352612e-01,2.938314518535645736e-01,2.563544191211575285e-01,4.467631914080582023e-01,-5.032283844899529957e-01,-6.779793944910156300e-01,6.790699829003783439e-01,-1.090021446401825411e-01,-6.529943390433554651e-01,-1.939124231079566718e-01
-3.795798907635414277e-01,-1.378694519511463323e-01,5.398460950005780079e-01,3.060304144238653601e-01,5.620827417327556308e-01,-6.707158147678586591e-02,5.685517897293730361e-01,-7.323526266273140406e-01,3.934278262478649868e-01,1.255290998075090647e-01,-7.990956730598343383e-02,-2.297711112202102668e-01,-2.570253556950606311e-01,1.947907291796281970e-01,-5.168055056299760697e-01,1.968814392851155337e-01,5.573503600000000446e-01,-4.375152259425659773e-01,2.002313490318711475e-01,-5.340472533023243873e-01,-1.341136898631105356e-01,-2.590372961381764202e-03,-1.613502686882451742e-01,3.841597754510517881e-01,1.000000000000000000e+00,5.150850571112645104e-01,2.282034336784085904e-01,6.471278895818202148e-01,-1.605656909225917084e-01,-1.478819920338065863e-01,8.485477957977840546e-01,-5.125266215582287010e-01,7.169667880430066198e-01,-6.887692881703680881e-01,-3.878444336960480965e-01,7.852516778658406860e-02,-3.536590327968601732e-01,-6.394299975202829556e-01,1.950959761896310374e-01
-4.525354509102127998e-02,2.127389050177644902e-01,-1.130810763331660390e-01,8.521532599730076152e-01,5.917720287240610944e-01,-4.669746534660594861e-01,1.680021343168427439e-01,-4.529600900850938028e-01,-2.948265756692264872e-01,4.268616958284107005e-02,-5.157157179323549334e-01,4.941011508065919489e-01,-8.974888105142020400e-01,-1.101462467122828054e-01,-3.237431598607450334e-01,5.480273076350519745e-02,1.668616999999998907e-01,-1.603624781854350728e-02,5.361219108828358948e-01,-4.004909646065329953e-01,4.258471904170380573e-01,-1.473217461114630089e-02,2.411235419573015126e-01,4.935909123755387040e-01,5.150850571112645104e-01,1.000000000000000000e+00,-4.852016915151396437e-01,-1.290555611787841395e-01,6.167694777913949045e-01,-2.005866547033384739e-01,3.225007907390556872e-01,-1.638534896659417095e-01,6.047548523704945889e-02,-8.870513244018440879e-02,-4.807061787961993127e-01,-9.071738860792713521e-02,3.854372282191389498e-01,-8.998885960492023495e-01,1.244028916880148966e-01
-4.477761854770538341e-01,-6.323476084307755318e-01,6.575685059028794077e-01,-5.980939202739296023e-01,1.046518389323023435e-01,4.760896982143314471e-01,4.804434839182675221e-01,-2.744172208782187372e-01,5.393783075869402754e-01,1.291796263641235287e-01,4.714232013131219312e-01,-8.023441091060820041e-01,6.805538960096243484e-01,3.772778758130636012e-01,-2.385623767383175942e-01,4.770209070400390217e-01,4.561555399999999150e-01,-4.747346210549494572e-01,-3.670878892089764478e-01,1.384982872881750093e-01,-5.887253669512150234e-01,-1.627342224041048932e-02,-6.026489119006627204e-01,-1.345613164676082996e-01,2.282034336784085904e-01,-4.852016915151396437e-01,1.000000000000000000e+00,6.397448331450416026e-01,-6.924028204557991506e-01,-1.823845552925449157e-02,6.054058834585845927e-01,-4.401230346468423815e-01,6.132756504394494268e-01,-6.653091879733467051e-01,2.082397809568183322e-01,1.610826510462387839e-01,-7.539106332679300637e-01,3.344450021648797677e-01,-1.035455535340713551e-01
-4.709979340676489490e-01,-1.291082964846771708e-01,5.383574376242701298e-01,-3.203912310344484426e-01,-2.816508597256202340e-02,5.204943353981372756e-01,7.827333682355329669e-01,-7.410276262861497099e-01,6.608264373825302185e-01,5.214456984579310950e-01,4.739473174315439463e-02,-6.372327468432228414e-01,3.977303721588508756e-01,6.289047446451162537e-01,-3.966054738492874598e-04,3.801934699909494952e-01,2.109515200000000590e-01,-1.215384171008313946e-01,-5.068951900347837825e-01,-5.049994810439173420e-01,-7.588524702188211846e-01,4.305079979747375996e-01,-3.315429849654728534e-01,-2.678661029097583746e-01,6.471278895818202148e-01,-1.290555611787841395e-01,6.397448331450416026e-01,1.000000000000000000e+00,-6.314098674950945345e-01,2.001673794160999664e-01,6.775290009991850049e-01,-7.247079452404202593e-01,5.409430479807304515e-01,-5.020950535440077411e-01,5.599249473490555511e-03,-1.674395569161851727e-01,-6.233472126017481907e-01,9.220929865075682200e-03,2.849916757399969525e-01
-4.549586309244003229e-03,1.167538186253674060e-01,-3.939165881866912855e-01,5.683958942448749108e-01,1.012901355463815267e-01,-3.770907885891816025e-01,-3.049482087217433302e-01,2.180020590827926596e-01,-3.989464155425895830e-01,-2.109320657665204879e-02,-4.607258784464766110e-01,6.292907281386547202e-01,-7.615887529320549687e-01,-3.132392289614292502e-01,-1.572598914642314716e-03,-1.127750995157010133e-01,-1.847465999999999831e-01,1.926635777850982945e-01,5.154127918763703464e-01,7.189269839625500591e-02,5.650140892306688700e-01,-1.009354963475680295e-01,-2.200288714071456028e-02,2.293977497876486527e-01,-1.605656909225917084e-01,6.167694777913949045e-01,-6.924028204557991506e-01,-6.314098674950945345e-01,1.000000000000000000e+00,-1.817415267261716649e-01,-3.077564054904120550e-01,1.923530104074713809e-01,-4.529398247727322580e-01,3.234588659540998945e-01,-6.046973425794641838e-02,-2.553462697707110096e-01,7.017608508600210460e-01,-3.332633838165265927e-01,-1.929611467292118299e-01
5.007362036437028596e-01,2.364546299253383055e-01,-1.851349867491509649e-01,-1.719622337797195311e-01,-6.563815056124129299e-01,4.790842263218941799e-01,3.320757437762957842e-01,-2.527994244631791565e-01,3.763812608978196056e-02,5.020519966588025129e-01,-3.748652326948551106e-01,-3.265404741639486852e-02,2.340549541995879945e-01,5.010918962020584067e-01,6.196486161652732250e-01,7.424423151323740477e-02,-5.337188200000000382e-01,5.267370587566424511e-01,-6.073311736413484763e-01,5.265576610592664908e-02,-4.857225769263978088e-01,5.707865063987077603e-01,1.124112994762168777e-01,-6.072537632505352612e-01,-1.478819920338065863e-01,-2.005866547033384739e-01,-1.823845552925449157e-02,2.001673794160999664e-01,-1.817415267261716649e-01,1.000000000000000000e+00,-1.310895221528044496e-01,-2.380868961259774985e-01,-2.364022749942162049e-01,3.353672781502584632e-01,6.064643710615277294e-01,-5.863661245650398923e-01,1.564162157749862392e-01,2.719044268965029043e-01,3.827268868224665832e-01
-4.680014473645772721e-01,-5.116220183353302753e-01,7.311298944311481751e-01,3.673443530272924029e-02,6.185793275191516782e-01,1.506981391354824396e-01,7.120263729990810031e-01,-7.464461384813090294e-01,4.835835161496203072e-01,1.492313953173182439e-01,1.377342658404124565e-01,-5.316482403959165159e-01,7.616543358817725456e-03,3.681491105183072321e-01,-5.891629499359255506e-01,4.587599708379275221e-01,7.106654800000000716e-01,-5.671066533874469240e-01,5.020597575928439221e-02,-2.705529162855125347e-01,-3.262459044848194378e-01,-6.451348694406161544e-02,-4.012120305566767020e-01,2.938314518535645736e-01,8.485477957977840546e-01,3.225007907390556872e-01,6.054058834585845927e-01,6.775290009991850049e-01,-3.077564054904120550e-01,-1.310895221528044496e-01,1.000000000000000000e+00,-6.614645223490320802e-01,8.562636506891843080e-01,-8.688174782240131178e-01,-1.468315836357672877e-01,1.219976455291567896e-01,-5.765351543149195290e-01,-4.219892915613361328e-01,-1.714109140627154138e-02
3.734887979039435701e-01,3.200736391140711068e-01,-4.933260223646586673e-01,1.573899351523110335e-01,-7.014921610275359765e-02,-5.434827877316622535e-01,-8.602353957529345063e-01,8.040631323433737876e-01,-5.535220153055536718e-01,-5.824024146490582865e-01,1.474235118264983768e-01,5.382873818205409222e-01,-1.936240913565315247e-01,-7.640200209439628187e-01,2.294278102414608334e-02,-5.768865780337132376e-01,-2.058396999999999588e-01,5.644947505458920711e-02,4.332025645734242092e-01,2.569608227116047527e-01,6.805428277347009836e-01,-4.198891855413671159e-01,3.779727006554994273e-01,2.563544191211575285e-01,-5.125266215582287010e-01,-1.638534896659417095e-01,-4.401230346468423815e-01,-7.247079452404202593e-01,1.923530104074713809e-01,-2.380868961259774985e-01,-6.614645223490320802e-01,1.000000000000000000e+00,-4.354198029532789782e-01,4.693757586016136796e-01,-2.296656712633653175e-01,4.165930536278548701e-01,4.770654281834167953e-01,1.062726039433524589e-01,-8.301440534707249519e-02
-3.600587066395452562e-01,-6.518310714945616535e-01,9.047119559347460704e-01,-1.964102822736988885e-01,6.144196930753315078e-01,-7.216377397536557874e-03,4.054427210695342731e-01,-4.110253739334213674e-01,5.309063081342333401e-01,-2.130308383553942420e-01,5.273097881167105871e-01,-6.677654964730497245e-01,1.639326613024482682e-01,1.323461312922558086e-01,-7.748058111171837181e-01,1.008537216430849953e-01,8.992420599999999542e-01,-7.644169931892463854e-01,1.760660728617751969e-01,-1.471162653594253467e-01,-1.949743065447728241e-01,-4.383565293240637706e-01,-3.580774893648167589e-01,4.467631914080582023e-01,7.169667880430066198e-01,6.047548523704945889e-02,6.132756504394494268e-01,5.409430479807304515e-01,-4.529398247727322580e-01,-2.364022749942162049e-01,8.562636506891843080e-01,-4.354198029532789782e-01,1.000000000000000000e+00,-9.316680848161167372e-01,-1.113268379797348190e-01,4.799471385618680475e-01,-7.777587094337191642e-01,-2.139906803375114797e-01,-2.899593570219284877e-01
4.630086795829662094e-01,7.364216668177874237e-01,-8.746675734695082971e-01,1.075412035025950369e-01,-6.401330921174803734e-01,3.892317449976613608e-02,-3.661324720926063536e-01,3.646309991631722647e-01,-4.551685754655928617e-01,2.161465332886886859e-01,-3.934066873916508555e-01,5.850223996774781554e-01,-1.531525466643144928e-01,-4.975691445171724625e-02,7.997844524183351789e-01,-2.695199880772761736e-01,-8.987090600000000595e-01,8.768890171506393827e-01,-2.682548572168899637e-01,-1.539466977641887335e-04,1.161114094310302380e-01,4.349717891103337952e-01,5.509248892473397330e-01,-5.032283844899529957e-01,-6.887692881703680881e-01,-8.870513244018440879e-02,-6.653091879733467051e-01,-5.020950535440077411e-01,3.234588659540998945e-01,3.353672781502584632e-01,-8.688174782240131178e-01,4.693757586016136796e-01,-9.316680848161167372e-01,1.000000000000000000e+00,1.675742426249958172e-01,-4.055036173978091019e-01,7.228264179215240226e-01,2.555491918172889121e-01,2.248102953652270641e-01
1.698996472551504155e-01,-3.371592393708887636e-01,6.557771270613881043e-02,-6.233204785621393462e-01,-5.684792751777896225e-01,7.079783403382610141e-01,2.644912132780317116e-01,6.757576497125143689e-02,4.265386942324491115e-01,4.029397402552820084e-01,1.480683391062152521e-01,-4.182303934529969514e-01,4.689622643162014715e-01,5.549562190970140918e-01,4.352387465774265052e-01,1.910013545968923809e-01,-2.694902200000000025e-01,3.244738142410185100e-01,-6.197979078559370247e-01,4.466900656701048855e-01,-5.575668031634504196e-01,2.498316413018984994e-01,-3.279594725669654487e-01,-6.779793944910156300e-01,-3.878444336960480965e-01,-4.807061787961993127e-01,2.082397809568183322e-01,5.599249473490555511e-03,-6.046973425794641838e-02,6.064643710615277294e-01,-1.468315836357672877e-01,-2.296656712633653175e-01,-1.113268379797348190e-01,1.675742426249958172e-01,1.000000000000000000e+00,-4.861975122410028272e-01,-4.032345553308339797e-02,6.973063943361580419e-01,-2.785285508310681446e-01
-1.232310208230294052e-01,-3.132759781081254080e-01,4.348057160561155099e-01,-8.800478053675828138e-02,5.334133126489337684e-01,-5.524274282161600880e-01,-4.466307688518669772e-01,3.545078546304772926e-01,-1.728006579298943524e-01,-8.085623085806121768e-01,6.791464646253762005e-01,-1.818853314484816242e-01,1.118001429214086906e-02,-5.622724472792263173e-01,-7.204843077051334976e-01,-4.728506568000279686e-01,6.763776399999998912e-01,-6.307177007603476104e-01,5.619341368355678101e-01,-2.618875400507755802e-02,4.359884361224025118e-01,-8.164161607325041148e-01,7.153418584580684136e-02,6.790699829003783439e-01,7.852516778658406860e-02,-9.071738860792713521e-02,1.610826510462387839e-01,-1.674395569161851727e-01,-2.553462697707110096e-01,-5.863661245650398923e-01,1.219976455291567896e-01,4.165930536278548701e-01,4.799471385618680475e-01,-4.055036173978091019e-01,-4.861975122410028272e-01,1.000000000000000000e+00,-4.320581949408960343e-01,-8.265145940749525633e-02,-4.609481628167430567e-01
4.237223934266823866e-01,5.713248043114368402e-01,-8.753529107130558762e-01,5.962768685718934369e-01,-2.149149712448175098e-01,-2.560888305375004226e-01,-3.429854897628162314e-01,2.467135728201375888e-01,-5.628627453904944122e-01,1.671639292186168357e-01,-6.772707531329456021e-01,8.648205401222753830e-01,-5.990903635861124510e-01,-2.654216757115651637e-01,4.674896738647077443e-01,-3.605397237406464395e-02,-6.677433600000000080e-01,5.620299379554166697e-01,1.981298042126354020e-01,1.146824300671145241e-01,4.559320727096449200e-01,2.839803075270496135e-01,3.588557468965163366e-01,-1.090021446401825411e-01,-3.536590327968601732e-01,3.854372282191389498e-01,-7.539106332679300637e-01,-6.233472126017481907e-01,7.017608508600210460e-01,1.564162157749862392e-01,-5.765351543149195290e-01,4.770654281834167953e-01,-7.777587094337191642e-01,7.228264179215240226e-01,-4.032345553308339797e-02,-4.320581949408960343e-01,1.000000000000000000e+00,-2.236118834517624443e-01,3.152364925067804857e-01
-4.738173633513563521e-02,-2.511870575844716846e-01,5.013333656604306715e-02,-8.988121859740038078e-01,-6.990920112562459821e-01,5.941204292847879209e-01,-1.043385462935137870e-01,4.522971696630120331e-01,3.308568705879600946e-01,1.411310185379167359e-01,4.679965847112546595e-01,-4.918166788528586797e-01,7.577499793686774954e-01,2.595098625188339558e-01,4.529460353180189691e-01,-6.077007942991735634e-02,-2.834834999999999994e-01,2.472244086249836270e-01,-5.963442821219233636e-01,3.576015225129233199e-01,-4.868602133849194713e-01,9.812006740666628923e-02,-3.274558933154673723e-01,-6.529943390433554651e-01,-6.394299975202829556e-01,-8.998885960492023495e-01,3.344450021648797677e-01,9.220929865075682200e-03,-3.332633838165265927e-01,2.719044268965029043e-01,-4.219892915613361328e-01,1.062726039433524589e-01,-2.139906803375114797e-01,2.555491918172889121e-01,6.973063943361580419e-01,-8.265145940749525633e-02,-2.236118834517624443e-01,1.000000000000000000e+00,-3.491984288571468031e-01
3.569768877055012890e-01,6.414807433898315203e-01,-4.789997853019993812e-01,4.523188478542060076e-01,-2.312548562900681448e-01,1.437800410336703694e-02,1.825844292157836612e-01,-3.511813283117587448e-01,-2.491778459578876115e-01,3.433569402417593341e-01,-7.347594307377605105e-01,4.485828072359773766e-01,-3.130619455966632270e-02,7.609848894169954359e-02,4.451261061304292443e-01,3.016499533983250658e-01,-5.073424600000000506e-01,2.688521441485043906e-01,-2.278690653261043475e-01,-1.378656077059354779e-01,-8.336782974907824828e-02,6.308973735663988558e-01,3.364537367306268401e-01,-1.939124231079566718e-01,1.950959761896310374e-01,1.244028916880148966e-01,-1.035455535340713551e-01,2.849916757399969525e-01,-1.929611467292118299e-01,3.827268868224665832e-01,-1.714109140627154138e-02,-8.301440534707249519e-02,-2.899593570219284877e-01,2.248102953652270641e-01,-2.785285508310681446e-01,-4.609481628167430567e-01,3.152364925067804857e-01,-3.491984288571468031e-01,1.000000000000000000e+00
