1.0,0.25284977759647403,0.89537991456600874,0.91977230670913324,-0.62388056779207224,-0.14813260506697742,-0.39106707648297778,0.80702028025067729,0.26947526886422968,-0.046073140464033983,0.49256861541223579,0.41190405769836336,0.52980717726763138,-0.3366394040458443,0.68294302190575928,-0.22081470718716281,0.96426634,-0.21200722883250697,-0.92899919010869791,-0.31745812567649639,-0.70116969238164928,0.43671621540977973,0.95917469600569349,0.68362948257323186,0.56249343182884926,-0.65846847860035351,0.91924397607282904,0.6571003120253962,0.39901811896649408,-0.70008896243300223,0.95678040700450573,0.49205016748597297,-0.050807496606357271,-0.84331895611545027,0.57819615778786992,0.48261204945351927,0.11547229693457772,-0.18977936268078027,0.93371638772611176
0.25284977759647403,1.0,-0.073537421249031093,0.14968087293870988,0.069017880103830129,-0.61657203718551457,-0.63563914192006565,0.26868413796111862,-0.68701797105952456,-0.43837968754455126,-0.71195926925922937,-0.28679855328736192,0.18587577055852486,0.53371256364738373,0.048590685576535703,-0.80938513888495145,0.25820248000000001,0.038644280483983127,-0.20563509313461348,0.27715038970781769,0.17945299436822446,0.45360288952944988,0.097276973157257252,0.50188753049527079,-0.17922860411781977,0.054937281153247461,0.35118934539292129,0.35339105049377634,0.25561169440140696,0.24919413022019529,0.22660980524801208,-0.52132822362527365,0.68910003861767644,-0.27002547809138111,0.057252049860362086,0.046748514614700531,-0.66118022149195377,0.56867426264852261,0.10871209701517286
0.89537991456600874,-0.073537421249031093,1.0,0.87326007417414786,-0.75022955628701815,0.23259856676300406,-0.013978509361899538,0.84771433593214041,0.59814106841385306,0.35469597686122828,0.72626740126884703,0.41134025993877793,0.40750124100818963,-0.51822072994379476,0.80270884017453392,0.035022950517975417,0.93514377999999998,-0.37764227287357932,-0.91177654082406623,-0.58469997015950537,-0.6145768580920421,0.11917310280632473,0.97021014045983134,0.69234580038954319,0.64411699716650106,-0.77941472788156119,0.87744524571560611,0.70156822399857321,0.51700528046692562,-0.90025076990185726,0.91636302171246142,0.62926359328667925,-0.43916645946571131,-0.85571784292507613,0.7878989840672328,0.54717600927873544,0.32149117617467615,-0.31876246217868265,0.9608987801305684
0.91977230670913324,0.14968087293870988,0.87326007417414786,1.0,-0.62949960426437457,-0.0079547861111262264,-0.18467904942482471,0.79770428591963694,0.23464451011184317,-0.046329664258393098,0.54070077546175699,0.44161842818179908,0.68350432682431939,-0.3706633289172761,0.60919210165161486,-0.15458131517334484,0.93837370000000009,-0.13906433950586061,-0.8971849207870416,-0.28186505198058392,-0.63796204308903459,0.18157883004317338,0.93210580457419778,0.6325988648317844,0.62983465964254992,-0.58643666024305885,0.89707787546775264,0.46776980187492839,0.31267585086099797,-0.63313003682687508,0.92466472410188838,0.58595695179791674,-0.11630720452817175,-0.76509292589682132,0.5249685139190754,0.48947306731500351,0.15287664193814776,-0.24572864088654994,0.93056670541079611
-0.62388056779207224,0.069017880103830129,-0.75022955628701815,-0.62949960426437457,1.0,-0.15541313153956535,0.13929795463896433,-0.81122388368506693,-0.39750048654656728,-0.49218065338836414,-0.55771361313114365,-0.572642534105259,-0.23426372857814154,0.69752383354320247,-0.45510282767372645,-0.31685799389651759,-0.67649077999999996,0.49191193327672222,0.76144570471819206,0.80644090100058585,0.48933981403040316,-0.29769493942134201,-0.74210693172114717,-0.6574857647504988,-0.54910097227871424,0.37317880757907962,-0.6818674056460331,-0.59253127857837384,-0.20847445454305372,0.76600548061272755,-0.59856440433712232,-0.70205656560843765,0.45353508518529251,0.66700962029809574,-0.69096956820924171,-0.73286353302286633,-0.55927691122959078,0.51632136049748323,-0.78444819153639589
-0.14813260506697742,-0.61657203718551457,0.23259856676300406,-0.0079547861111262264,-0.15541313153956535,1.0,0.82308383322484258,0.014045380918748447,0.67907435215021228,0.72024455363407036,0.44922681793382307,0.051260395485794551,-0.17849844251605693,-0.39119600698860607,0.16495126899640244,0.49434459740605313,-0.017179739999999999,-0.41238375542778177,0.084375057722531135,-0.42363760177146204,0.19901295813285083,-0.66833406862864897,0.057647421308956323,-0.054648395873640732,0.33547719946819499,-0.21893943781334857,-0.072896891302020955,-0.0041724166849843505,0.10236247895736962,-0.34142790215591973,-0.025738554971062182,0.22342218405765155,-0.68893791222096235,0.11014474499643445,0.30617920026469014,0.30893481735940104,0.43600767223953174,-0.394785984868739,0.093374957849757065
-0.39106707648297778,-0.63563914192006565,-0.013978509361899538,-0.18467904942482471,0.13929795463896433,0.82308383322484258,1.0,-0.21614982505397928,0.48504911019814867,0.57094584280529981,0.28963004395782155,-0.12111591341439214,-0.24146750043520887,-0.16633440254636589,0.0048704210046433289,0.4061034382833808,-0.23130898,-0.14738286757119431,0.31346008513331869,-0.17332787764524044,0.34891318712254227,-0.92217460411244501,-0.18294596239816013,-0.24444329498077422,-0.021291785630400736,-0.069584634318080457,-0.25235653884513354,-0.25430338150768134,0.076079675508297778,-0.044973128843782774,-0.21270498610468896,0.072369795458493272,-0.5510620343318372,0.28145293342057115,0.096989343103347156,-0.10822762674638364,0.24747956803400961,-0.13361894911599564,-0.14964735835490922
0.80702028025067729,0.26868413796111862,0.84771433593214041,0.79770428591963694,-0.81122388368506693,0.014045380918748447,-0.21614982505397928,1.0,0.2698114557169089,0.2909630962203027,0.38803413414785881,0.38178988432881894,0.3606496715237183,-0.41669918060826472,0.66632082250149538,-0.1172812232950293,0.90162817999999989,-0.38788316898465403,-0.91738581973221045,-0.66971724887545836,-0.48903779248902063,0.26105125616533031,0.8918404994819763,0.92319865641295196,0.48393208150093081,-0.52852805340126208,0.93808961736696783,0.77309391515515657,0.51525836500429989,-0.75699909393090081,0.85845004330752195,0.50392245530192303,-0.18271169175986626,-0.91419442925263561,0.82711927566169818,0.5266410792439099,0.19086438006867534,-0.110390758368998,0.91771796787809246
0.26947526886422968,-0.68701797105952456,0.59814106841385306,0.23464451011184317,-0.39750048654656728,0.67907435215021228,0.48504911019814867,0.2698114557169089,1.0,0.70061799344419329,0.80769854490748605,0.19711940476334394,-0.11816550322219427,-0.53520971116374805,0.54492925414763072,0.49287573297030429,0.2998077400000001,-0.27427739062649054,-0.32722502775938372,-0.56485229585546326,-0.25971998307971655,-0.28461527419315219,0.41384003301040656,0.08985622506226125,0.47903650415717075,-0.60466295339216436,0.18927521690942137,0.30361721918948614,0.32580682491918445,-0.74266700287399834,0.28453529198941629,0.48125322238464191,-0.82276824217168798,-0.29084467513111917,0.53727844827845361,0.30903538280496434,0.52406566038990465,-0.36540133814468034,0.39341787378985182
-0.046073140464033983,-0.43837968754455126,0.35469597686122828,-0.046329664258393098,-0.49218065338836414,0.72024455363407036,0.57094584280529981,0.2909630962203027,0.70061799344419329,1.0,0.39652615172103411,-0.010974302008595905,-0.38022900105670321,-0.39936804535668413,0.39468081262435484,0.43315573879632019,0.10393830000000004,-0.56291151508374149,-0.14173488517673949,-0.73371561468223068,0.20210187130556823,-0.40188352047406412,0.16762084936849495,0.28228405074416452,0.1801365456477434,-0.37425727861822117,0.094952747316597239,0.43541275974301186,0.43134738152887209,-0.55926296553811838,0.042026155431370761,0.210281814091069,-0.83169419188476745,-0.23342957999837111,0.66105620348421479,0.36778370391040255,0.41017131159320708,-0.22482667222720903,0.21101880206867543
0.49256861541223579,-0.71195926925922937,0.72626740126884703,0.54070077546175699,-0.55771361313114365,0.44922681793382307,0.28963004395782155,0.38803413414785881,0.80769854490748605,0.39652615172103411,1.0,0.56037464152666461,0.21824147229378732,-0.73658424040757609,0.4670864113159553,0.57628797177098801,0.4778831400000001,-0.20203093964647309,-0.51571344626935678,-0.52678245583873251,-0.66601998858510947,-0.10165454872241471,0.61819334968129169,0.088371070710353911,0.56440893776794421,-0.52565443898915287,0.37141862984174773,0.18417394843170243,0.086286774622453655,-0.75235977791479791,0.49643228717466997,0.84804183446849735,-0.68234827479840221,-0.40654830913592777,0.41126639024717915,0.30865672116843701,0.68583226541248088,-0.6385837555032885,0.59517234768686689
0.41190405769836336,-0.28679855328736192,0.41134025993877793,0.44161842818179908,-0.572642534105259,0.051260395485794551,-0.12111591341439214,0.38178988432881894,0.19711940476334394,-0.010974302008595905,0.56037464152666461,1.0,0.020303870147436325,-0.90110605898704166,-0.18332691507331103,0.65461926833093675,0.35128841999999993,-0.25032010761612938,-0.39120751967244083,-0.52780919521167413,-0.80856130400482995,0.39346546198605381,0.4867714947498521,0.091682184804017006,0.21578311939138045,0.19878834790700001,0.38642424857957952,-0.058168741442795935,-0.49508106547991737,-0.29325432888810005,0.3962817013760036,0.86850272209260049,0.003068130501649865,-0.21943020714129308,0.010402172055165143,0.28119128805438487,0.84710641811329124,-0.71818696881860677,0.51317491506857871
0.52980717726763138,0.18587577055852486,0.40750124100818963,0.68350432682431939,-0.23426372857814154,-0.17849844251605693,-0.24146750043520887,0.3606496715237183,-0.11816550322219427,-0.38022900105670321,0.21824147229378732,0.020303870147436325,1.0,0.099884563893342049,0.40289987810291539,-0.39865673534819646,0.52622418000000004,0.16774874649454202,-0.47470721083988537,0.19168595385898077,-0.26616391045825227,0.047506195668728858,0.47425816754793115,0.31032984509854739,0.69005411372364733,-0.38516582977033914,0.44166924545780656,0.129909718624096,0.13219680637800105,-0.30159216485627288,0.48683318460325203,0.21906331250928734,0.057263578743697793,-0.32791928708943247,0.16914727335129814,0.38701656723443412,-0.2382324111641051,-0.14568630128803522,0.45326686576205122
-0.3366394040458443,0.53371256364738373,-0.51822072994379476,-0.3706633289172761,0.69752383354320247,-0.39119600698860607,-0.16633440254636589,-0.41669918060826472,-0.53520971116374805,-0.39936804535668413,-0.73658424040757609,-0.90110605898704166,0.099884563893342049,1.0,-0.0013575684861606807,-0.81716697277237693,-0.33273587999999998,0.42756739211469341,0.3839745067380852,0.7626985442391464,0.66165653206730224,-0.15554976839611179,-0.49458920399750811,-0.130888618829024,-0.34276682882601417,-0.0066525654295471748,-0.33867314234489648,-0.075038280520910425,0.30673816941507587,0.52267874818343374,-0.34795036632641374,-0.90109497969324526,0.3877297268600125,0.24485572985903362,-0.25463587502241775,-0.42232969243605356,-0.96811264635259442,0.79944436346161885,-0.52890915598686639
0.68294302190575928,0.048590685576535703,0.80270884017453392,0.60919210165161486,-0.45510282767372645,0.16495126899640244,0.0048704210046433289,0.66632082250149538,0.54492925414763072,0.39468081262435484,0.4670864113159553,-0.18332691507331103,0.40289987810291539,-0.0013575684861606807,1.0,-0.33799254172494952,0.75047342000000006,-0.22787088861595869,-0.73103554242219171,-0.33616859219298445,-0.20358615691010101,-0.061686778111169779,0.71655598608800941,0.67293448494101127,0.54273989851478843,-0.96939031624103322,0.66383632630585743,0.81742631824515399,0.87708115076974535,-0.8264031767843466,0.70637871230657834,0.16339063742878543,-0.5030727358858853,-0.80517791490466917,0.85766675033848938,0.35705105133556347,-0.16629080710510336,0.10212207627947563,0.67970034844449501
-0.22081470718716281,-0.80938513888495145,0.035022950517975417,-0.15458131517334484,-0.31685799389651759,0.49434459740605313,0.4061034382833808,-0.1172812232950293,0.49287573297030429,0.43315573879632019,0.57628797177098801,0.65461926833093675,-0.39865673534819646,-0.81716697277237693,-0.33799254172494952,1.0,-0.23679835999999999,-0.24437706986754013,0.143895776913705,-0.52780938191549176,-0.31541628918114295,-0.10594437260970843,-0.054245309320154339,-0.37114190901594163,0.050140559924566008,0.29046667803241144,-0.24287263175939519,-0.33641711080156794,-0.52758065807202281,-0.16371942104833226,-0.21299187125127655,0.66263450155325021,-0.46888721486635565,0.25187381525387931,-0.10720376851258759,0.10994367113285741,0.93066502816095531,-0.72685283015279978,-0.022836742087457271
0.96426634,0.25820248000000001,0.93514377999999998,0.93837370000000009,-0.67649077999999996,-0.017179739999999999,-0.23130898,0.90162817999999989,0.2998077400000001,0.10393830000000004,0.4778831400000001,0.35128841999999993,0.52622418000000004,-0.33273587999999998,0.75047342000000006,-0.23679835999999999,1.0,-0.29389476000000003,-0.95400229999999997,-0.42561623999999998,-0.59009489999999998,0.25991637999999995,0.98113036000000009,0.80938276000000009,0.56720766,-0.69365065999999997,0.97764491999999992,0.72442685999999989,0.52179289999999989,-0.74931066000000002,0.9820018399999999,0.47875044,-0.13320314,-0.90170762000000004,0.72116208000000004,0.50553492000000011,0.095096300000000022,-0.13628251999999996,0.97501984000000008
-0.21200722883250697,0.038644280483983127,-0.37764227287357932,-0.13906433950586061,0.49191193327672222,-0.41238375542778177,-0.14738286757119431,-0.38788316898465403,-0.27427739062649054,-0.56291151508374149,-0.20203093964647309,-0.25032010761612938,0.16774874649454202,0.42756739211469341,-0.22787088861595869,-0.24437706986754013,-0.29389476000000003,1.0,0.19954271623444808,0.63840067205169271,0.069771201344999853,-0.041612874242067777,-0.33262197141686128,-0.42890993365163849,-0.2355180401590769,0.1815439258603167,-0.32307736180249813,-0.50899533935335783,-0.19512177696616012,0.45173789083584426,-0.30871068356411091,-0.19482517912736846,0.28670158180072919,0.27386198317774407,-0.50836018489726942,-0.50230706220753552,-0.37344827841430095,0.4655305071497034,-0.37152449250333125
-0.92899919010869791,-0.20563509313461348,-0.91177654082406623,-0.8971849207870416,0.76144570471819206,0.084375057722531135,0.31346008513331869,-0.91738581973221045,-0.32722502775938372,-0.14173488517673949,-0.51571344626935678,-0.39120751967244083,-0.47470721083988537,0.3839745067380852,-0.73103554242219171,0.143895776913705,-0.95400229999999997,0.19954271623444808,1.0,0.49347167728684665,0.63379903850857988,-0.34098670228065525,-0.95235413558170201,-0.79383344537921396,-0.54179947235722248,0.6587212077552641,-0.93625238464214178,-0.7089733927403431,-0.49813331677722539,0.77338452350040765,-0.9159227377793937,-0.55246293658357948,0.20389217150185804,0.92989732494198385,-0.72917602176433172,-0.48024708859461368,-0.16001231269465763,0.11806474576683434,-0.94766683973310628
-0.31745812567649639,0.27715038970781769,-0.58469997015950537,-0.28186505198058392,0.80644090100058585,-0.42363760177146204,-0.17332787764524044,-0.66971724887545836,-0.56485229585546326,-0.73371561468223068,-0.52678245583873251,-0.52780919521167413,0.19168595385898077,0.7626985442391464,-0.33616859219298445,-0.52780938191549176,-0.42561623999999998,0.63840067205169271,0.49347167728684665,1.0,0.34859471067581715,-0.074272367241732556,-0.52445748635143374,-0.56279627369227792,-0.31939683751230674,0.21914943042013552,-0.47448022015914754,-0.54246937004932783,-0.21262986907170178,0.72370737761883919,-0.39319533962568187,-0.61927092058964528,0.51024658462661499,0.51902198000041333,-0.71668295060427767,-0.48646064734520644,-0.68173295153132596,0.45822039729569641,-0.5719442886062629
-0.70116969238164928,0.17945299436822446,-0.6145768580920421,-0.63796204308903459,0.48933981403040316,0.19901295813285083,0.34891318712254227,-0.48903779248902063,-0.25971998307971655,0.20210187130556823,-0.66601998858510947,-0.80856130400482995,-0.26616391045825227,0.66165653206730224,-0.20358615691010101,-0.31541628918114295,-0.59009489999999998,0.069771201344999853,0.63379903850857988,0.34859471067581715,1.0,-0.51570261812909279,-0.69237069549678676,-0.21234074303376482,-0.30023009027138287,0.19561046659611919,-0.57057961447735905,-0.17872084441106401,0.15635613379552993,0.4785818593225375,-0.66043827500632035,-0.81070577401541777,-0.028037080275068998,0.50933770046238092,-0.1536407971131066,-0.12166366032257014,-0.54811472059372679,0.4938665306425209,-0.65881579188043027
0.43671621540977973,0.45360288952944988,0.11917310280632473,0.18157883004317338,-0.29769493942134201,-0.66833406862864897,-0.92217460411244501,0.26105125616533031,-0.28461527419315219,-0.40188352047406412,-0.10165454872241471,0.39346546198605381,0.047506195668728858,-0.15554976839611179,-0.061686778111169779,-0.10594437260970843,0.25991637999999995,-0.041612874242067777,-0.34098670228065525,-0.074272367241732556,-0.51570261812909279,1.0,0.27058105016581246,0.22269644932165394,0.040954796868910633,0.11221104868238573,0.28558050734018997,0.27886286948051298,-0.20257477502913507,-0.080600836423045302,0.25325169965397359,0.1411771951603758,0.45031251402388772,-0.27902665241138386,-0.057907405579120073,0.21964655859988746,0.087322429817355718,-0.12423861774574743,0.24434738841203771
0.95917469600569349,0.097276973157257252,0.97021014045983134,0.93210580457419778,-0.74210693172114717,0.057647421308956323,-0.18294596239816013,0.8918404994819763,0.41384003301040656,0.16762084936849495,0.61819334968129169,0.4867714947498521,0.47425816754793115,-0.49458920399750811,0.71655598608800941,-0.054245309320154339,0.98113036000000009,-0.33262197141686128,-0.95235413558170201,-0.52445748635143374,-0.69237069549678676,0.27058105016581246,1.0,0.74355968038952791,0.60313292535036844,-0.67058022369219994,0.9499892870320783,0.68037036847399379,0.43133852304430453,-0.81185394823024637,0.9707284070301464,0.62338319993949909,-0.22251956993567673,-0.87844044348618322,0.71040810840291457,0.5290969986859928,0.27388640035891887,-0.28599151221143049,0.99333989491041308
0.68362948257323186,0.50188753049527079,0.69234580038954319,0.6325988648317844,-0.6574857647504988,-0.054648395873640732,-0.24444329498077422,0.92319865641295196,0.08985622506226125,0.28228405074416452,0.088371070710353911,0.091682184804017006,0.31032984509854739,-0.130888618829024,0.67293448494101127,-0.37114190901594163,0.80938276000000009,-0.42890993365163849,-0.79383344537921396,-0.56279627369227792,-0.21234074303376482,0.22269644932165394,0.74355968038952791,1.0,0.35990081347427755,-0.50870062385874504,0.86964730678613156,0.86731888053319162,0.66309537873846125,-0.63401140707521031,0.75483620239970795,0.17233932046360087,-0.054555048943947693,-0.86540037606644327,0.8513868029512428,0.47457575866025636,-0.093859609212558315,0.12081977326014703,0.77139794678066698
0.56249343182884926,-0.17922860411781977,0.64411699716650106,0.62983465964254992,-0.54910097227871424,0.33547719946819499,-0.021291785630400736,0.48393208150093081,0.47903650415717075,0.1801365456477434,0.56440893776794421,0.21578311939138045,0.69005411372364733,-0.34276682882601417,0.54273989851478843,0.050140559924566008,0.56720766,-0.2355180401590769,-0.54179947235722248,-0.31939683751230674,-0.30023009027138287,0.040954796868910633,0.60313292535036844,0.35990081347427755,1.0,-0.54048363123242416,0.43942398494857482,0.33135563349892466,0.16455267578252461,-0.71218584499934734,0.49283124493560898,0.4361973749383572,-0.41110266865357054,-0.36289310796283963,0.46684382882788822,0.79399836840847904,0.23222289231572368,-0.49573847894777245,0.59399681591264741
-0.65846847860035351,0.054937281153247461,-0.77941472788156119,-0.58643666024305885,0.37317880757907962,-0.21893943781334857,-0.069584634318080457,-0.52852805340126208,-0.60466295339216436,-0.37425727861822117,-0.52565443898915287,0.19878834790700001,-0.38516582977033914,-0.0066525654295471748,-0.96939031624103322,0.29046667803241144,-0.69365065999999997,0.1815439258603167,0.6587212077552641,0.21914943042013552,0.19561046659611919,0.11221104868238573,-0.67058022369219994,-0.50870062385874504,-0.54048363123242416,1.0,-0.5725234137692421,-0.71426849938684578,-0.81791738745379816,0.77821463153414394,-0.65668586173662424,-0.15271721938320701,0.55939921108045576,0.70231649750817371,-0.74782914312312321,-0.33824053848277974,0.14639795539144096,-0.04933252778123412,-0.62323676049870058
0.91924397607282904,0.35118934539292129,0.87744524571560611,0.89707787546775264,-0.6818674056460331,-0.072896891302020955,-0.25235653884513354,0.93808961736696783,0.18927521690942137,0.094952747316597239,0.37141862984174773,0.38642424857957952,0.44166924545780656,-0.33867314234489648,0.66383632630585743,-0.24287263175939519,0.97764491999999992,-0.32307736180249813,-0.93625238464214178,-0.47448022015914754,-0.57057961447735905,0.28558050734018997,0.9499892870320783,0.86964730678613156,0.43942398494857482,-0.5725234137692421,1.0,0.72609016018494199,0.49693608134086453,-0.67345873748922591,0.9662085562124817,0.45785799088063606,-0.029661163359549471,-0.91039370545424469,0.71559702219674948,0.44438480325803015,0.094736139716295367,-0.077732228249551144,0.95863648986142946
0.6571003120253962,0.35339105049377634,0.70156822399857321,0.46776980187492839,-0.59253127857837384,-0.0041724166849843505,-0.25430338150768134,0.77309391515515657,0.30361721918948614,0.43541275974301186,0.18417394843170243,-0.058168741442795935,0.129909718624096,-0.075038280520910425,0.81742631824515399,-0.33641711080156794,0.72442685999999989,-0.50899533935335783,-0.7089733927403431,-0.54246937004932783,-0.17872084441106401,0.27886286948051298,0.68037036847399379,0.86731888053319162,0.33135563349892466,-0.71426849938684578,0.72609016018494199,1.0,0.79825484564489857,-0.74142850484760126,0.67564446174872506,0.073407834116039211,-0.26155391990480814,-0.84314733110091622,0.89244368963347409,0.45240859013089452,-0.10370520053559895,0.09224759765418479,0.67267138295131712
0.39901811896649408,0.25561169440140696,0.51700528046692562,0.31267585086099797,-0.20847445454305372,0.10236247895736962,0.076079675508297778,0.51525836500429989,0.32580682491918445,0.43134738152887209,0.086286774622453655,-0.49508106547991737,0.13219680637800105,0.30673816941507587,0.87708115076974535,-0.52758065807202281,0.52179289999999989,-0.19512177696616012,-0.49813331677722539,-0.21262986907170178,0.15635613379552993,-0.20257477502913507,0.43133852304430453,0.66309537873846125,0.16455267578252461,-0.81791738745379816,0.49693608134086453,0.79825484564489857,1.0,-0.54478866764725675,0.48031488416030688,-0.21077748931027704,-0.36837190827489946,-0.68809524155401702,0.80243808075228706,0.093968080465127723,-0.44416636772677198,0.47485556741151014,0.41046318269384957
-0.70008896243300223,0.24919413022019529,-0.90025076990185726,-0.63313003682687508,0.76600548061272755,-0.34142790215591973,-0.044973128843782774,-0.75699909393090081,-0.74266700287399834,-0.55926296553811838,-0.75235977791479791,-0.29325432888810005,-0.30159216485627288,0.52267874818343374,-0.8264031767843466,-0.16371942104833226,-0.74931066000000002,0.45173789083584426,0.77338452350040765,0.72370737761883919,0.4785818593225375,-0.080600836423045302,-0.81185394823024637,-0.63401140707521031,-0.71218584499934734,0.77821463153414394,-0.67345873748922591,-0.74142850484760126,-0.54478866764725675,1.0,-0.70499621782529598,-0.58261415344042355,0.63213282279124916,0.75862436097636254,-0.86402169825467123,-0.59736264893014834,-0.37692172916490607,0.37860744314433892,-0.79728050672610706
0.95678040700450573,0.22660980524801208,0.91636302171246142,0.92466472410188838,-0.59856440433712232,-0.025738554971062182,-0.21270498610468896,0.85845004330752195,0.28453529198941629,0.042026155431370761,0.49643228717466997,0.3962817013760036,0.48683318460325203,-0.34795036632641374,0.70637871230657834,-0.21299187125127655,0.9820018399999999,-0.30871068356411091,-0.9159227377793937,-0.39319533962568187,-0.66043827500632035,0.25325169965397359,0.9707284070301464,0.75483620239970795,0.49283124493560898,-0.65668586173662424,0.9662085562124817,0.67564446174872506,0.48031488416030688,-0.70499621782529598,1.0,0.49864319564214749,-0.072034811527191281,-0.87986181703629673,0.66065726277459857,0.38935181302699468,0.11500974998374389,-0.15148320996715145,0.95739627157161888
0.49205016748597297,-0.52132822362527365,0.62926359328667925,0.58595695179791674,-0.70205656560843765,0.22342218405765155,0.072369795458493272,0.50392245530192303,0.48125322238464191,0.210281814091069,0.84804183446849735,0.86850272209260049,0.21906331250928734,-0.90109497969324526,0.16339063742878543,0.66263450155325021,0.47875044,-0.19482517912736846,-0.55246293658357948,-0.61927092058964528,-0.81070577401541777,0.1411771951603758,0.62338319993949909,0.17233932046360087,0.4361973749383572,-0.15271721938320701,0.45785799088063606,0.073407834116039211,-0.21077748931027704,-0.58261415344042355,0.49864319564214749,1.0,-0.38332692851050792,-0.39979074349325994,0.27452591329098319,0.32691489553681163,0.83025887776036189,-0.72570127624688896,0.6370004361192062
-0.050807496606357271,0.68910003861767644,-0.43916645946571131,-0.11630720452817175,0.45353508518529251,-0.68893791222096235,-0.5510620343318372,-0.18271169175986626,-0.82276824217168798,-0.83169419188476745,-0.68234827479840221,0.003068130501649865,0.057263578743697793,0.3877297268600125,-0.5030727358858853,-0.46888721486635565,-0.13320314,0.28670158180072919,0.20389217150185804,0.51024658462661499,-0.028037080275068998,0.45031251402388772,-0.22251956993567673,-0.054555048943947693,-0.41110266865357054,0.55939921108045576,-0.029661163359549471,-0.26155391990480814,-0.36837190827489946,0.63213282279124916,-0.072034811527191281,-0.38332692851050792,1.0,0.21157605457399112,-0.53555857437017895,-0.34838776708087582,-0.41490699527730235,0.3517093690590955,-0.22984544325193515
-0.84331895611545027,-0.27002547809138111,-0.85571784292507613,-0.76509292589682132,0.66700962029809574,0.11014474499643445,0.28145293342057115,-0.91419442925263561,-0.29084467513111917,-0.23342957999837111,-0.40654830913592777,-0.21943020714129308,-0.32791928708943247,0.24485572985903362,-0.80517791490466917,0.25187381525387931,-0.90170762000000004,0.27386198317774407,0.92989732494198385,0.51902198000041333,0.50933770046238092,-0.27902665241138386,-0.87844044348618322,-0.86540037606644327,-0.36289310796283963,0.70231649750817371,-0.91039370545424469,-0.84314733110091622,-0.68809524155401702,0.75862436097636254,-0.87986181703629673,-0.39979074349325994,0.21157605457399112,1.0,-0.829688351486635,-0.31885322392323867,-0.023987758922251134,-0.05889278741510056,-0.87013744817147742
0.57819615778786992,0.057252049860362086,0.7878989840672328,0.5249685139190754,-0.69096956820924171,0.30617920026469014,0.096989343103347156,0.82711927566169818,0.53727844827845361,0.66105620348421479,0.41126639024717915,0.010402172055165143,0.16914727335129814,-0.25463587502241775,0.85766675033848938,-0.10720376851258759,0.72116208000000004,-0.50836018489726942,-0.72917602176433172,-0.71668295060427767,-0.1536407971131066,-0.057907405579120073,0.71040810840291457,0.8513868029512428,0.46684382882788822,-0.74782914312312321,0.71559702219674948,0.89244368963347409,0.80243808075228706,-0.86402169825467123,0.66065726277459857,0.27452591329098319,-0.53555857437017895,-0.829688351486635,1.0,0.48789121397363078,0.084898126214369873,-0.01493940895715694,0.72378141826148046
0.48261204945351927,0.046748514614700531,0.54717600927873544,0.48947306731500351,-0.73286353302286633,0.30893481735940104,-0.10822762674638364,0.5266410792439099,0.30903538280496434,0.36778370391040255,0.30865672116843701,0.28119128805438487,0.38701656723443412,-0.42232969243605356,0.35705105133556347,0.10994367113285741,0.50553492000000011,-0.50230706220753552,-0.48024708859461368,-0.48646064734520644,-0.12166366032257014,0.21964655859988746,0.5290969986859928,0.47457575866025636,0.79399836840847904,-0.33824053848277974,0.44438480325803015,0.45240859013089452,0.093968080465127723,-0.59736264893014834,0.38935181302699468,0.32691489553681163,-0.34838776708087582,-0.31885322392323867,0.48789121397363078,1.0,0.3235639758243728,-0.53852065837179153,0.56552891059463761
0.11547229693457772,-0.66118022149195377,0.32149117617467615,0.15287664193814776,-0.55927691122959078,0.43600767223953174,0.24747956803400961,0.19086438006867534,0.52406566038990465,0.41017131159320708,0.68583226541248088,0.84710641811329124,-0.2382324111641051,-0.96811264635259442,-0.16629080710510336,0.93066502816095531,0.095096300000000022,-0.37344827841430095,-0.16001231269465763,-0.68173295153132596,-0.54811472059372679,0.087322429817355718,0.27388640035891887,-0.093859609212558315,0.23222289231572368,0.14639795539144096,0.094736139716295367,-0.10370520053559895,-0.44416636772677198,-0.37692172916490607,0.11500974998374389,0.83025887776036189,-0.41490699527730235,-0.023987758922251134,0.084898126214369873,0.3235639758243728,1.0,-0.82259195962798382,0.30740600475813912
-0.18977936268078027,0.56867426264852261,-0.31876246217868265,-0.24572864088654994,0.51632136049748323,-0.394785984868739,-0.13361894911599564,-0.110390758368998,-0.36540133814468034,-0.22482667222720903,-0.6385837555032885,-0.71818696881860677,-0.14568630128803522,0.79944436346161885,0.10212207627947563,-0.72685283015279978,-0.13628251999999996,0.4655305071497034,0.11806474576683434,0.45822039729569641,0.4938665306425209,-0.12423861774574743,-0.28599151221143049,0.12081977326014703,-0.49573847894777245,-0.04933252778123412,-0.077732228249551144,0.09224759765418479,0.47485556741151014,0.37860744314433892,-0.15148320996715145,-0.72570127624688896,0.3517093690590955,-0.05889278741510056,-0.01493940895715694,-0.53852065837179153,-0.82259195962798382,1.0,-0.30313890085054074
0.93371638772611176,0.10871209701517286,0.9608987801305684,0.93056670541079611,-0.78444819153639589,0.093374957849757065,-0.14964735835490922,0.91771796787809246,0.39341787378985182,0.21101880206867543,0.59517234768686689,0.51317491506857871,0.45326686576205122,-0.52890915598686639,0.67970034844449501,-0.022836742087457271,0.97501984000000008,-0.37152449250333125,-0.94766683973310628,-0.5719442886062629,-0.65881579188043027,0.24434738841203771,0.99333989491041308,0.77139794678066698,0.59399681591264741,-0.62323676049870058,0.95863648986142946,0.67267138295131712,0.41046318269384957,-0.79728050672610706,0.95739627157161888,0.6370004361192062,-0.22984544325193515,-0.87013744817147742,0.72378141826148046,0.56552891059463761,0.30740600475813912,-0.30313890085054074,1.0
