1.0,0.66531467753523243,0.61943080121119309,0.16271430981281373,-0.41263589483592839,-0.28290295776510554,-0.55608502109932612,-0.72158795944931131,0.3225368507245398,0.77773683086052403,-0.81752482493328626,0.78457075832195422,0.0022081476655136725,-0.026283147523539094,0.12726835084717852,-0.26604674585801991,-0.13454000726658011,0.89803750309535757,-0.75909384224978382,0.25952043170382783,-0.92568128000000005,-0.70459666677854749,-0.63486855260698793,-0.13915833652120507,-0.54972885385855597,0.062023113437020383,-0.66992297428090897,-0.81650084123879729,-0.59789863013528244,-0.49035593092667978,0.16887556225528003,0.15916036534244266,0.057236847680381925,0.20786508146444765,-0.68014582515290689,-0.023356853272126832,-0.10959881140860664,0.68434004869626697,-0.12324166776047848
0.66531467753523243,1.0,0.12011184611228001,0.20675577227578373,-0.78310184735855459,-0.17279157579513804,-0.68108871166250395,-0.55579093082228137,0.39842669611991283,0.70085747190938286,-0.46955218314325958,0.81621317686825279,0.2319000178539605,0.5890365836039273,0.27825450732043217,0.35337951070837514,0.16414662316688189,0.8077434150636803,-0.59536986680654014,-0.27902712693548154,-0.85049255999999995,-0.3167765295267182,-0.31800889414885397,-0.17601801288625848,-0.44286245431961463,0.18599966918874944,-0.68540686812582041,-0.7327472472146459,-0.79026475486939296,-0.29468784932519332,-0.075308762411164909,-0.26429354015887718,0.055699829677054585,0.58150208836061323,-0.30621412402918818,0.20889846162804782,0.17281289329138136,0.30721505733221549,0.17101714138592192
0.61943080121119309,0.12011184611228001,1.0,-0.20520459211967915,0.1559211547761705,-0.33476254555017954,0.029443787085844414,-0.40432132260454551,0.30368509184599901,0.74578282726856548,-0.62961571538419769,0.25452222404029895,-0.0071816253135032785,-0.64851707159780991,0.1734991616282284,-0.56561831198605073,-0.49910386702780074,0.53908105980132026,-0.52474031210227323,0.26024880189432431,-0.56978317999999994,-0.44583200301824266,-0.56463068435600561,-0.12633709269222457,-0.18558803101590268,-0.24524175687061783,-0.54548236415495932,-0.64569329520048846,0.050565060456223651,-0.3451610655556801,0.6414460602287958,0.2338680676253525,0.087819171348289274,-0.5867987447787113,-0.66510215256337868,-0.063594801863495642,-0.16259930559069205,0.78281296688374014,-0.0027363336066904241
0.16271430981281373,0.20675577227578373,-0.20520459211967915,1.0,0.0926412917425284,0.4208300598300167,-0.49053937249303892,-0.26937893194071194,0.27882135278659453,-0.093369942148178911,-0.045360386986015189,-0.04761540309820491,-0.53308236764226191,0.02866368795734639,-0.77925897201449024,-0.27328109955935359,0.76017157028519067,0.037163342892371172,-0.32122808270727082,0.19075390692253849,-0.14672384000000005,0.011057221904886404,-0.47263574155762428,-0.044938883920650402,0.30970747185999509,0.21210593953860046,-0.1869874115380657,-0.25442043899045796,-0.58912149772070277,-0.36144648457619794,-0.81855131083614885,0.64347432259996906,-0.15781520531438245,0.41333261061708781,0.040823334587826263,-0.43985218312589747,-0.37903336349204153,-0.041561377970525636,-0.52156217587516618
-0.41263589483592839,-0.78310184735855459,0.1559211547761705,0.0926412917425284,1.0,0.33053483199523126,0.4711358966611236,0.27911465746063185,-0.10880598359033809,-0.38744143920631946,0.26294520413227923,-0.74347898434139781,-0.50754404411970999,-0.73362104724884702,-0.53105319397766382,-0.62197388017991906,0.072323794742540623,-0.60639086765991301,0.19088037937685026,0.22537972410670354,0.53528131999999995,0.22069580034768224,-0.13342033698999389,-0.11916741592809456,0.64560870871630527,-0.28560551182184324,0.27225443471662841,0.33551899227754689,0.4949499169457332,-0.049120718522766532,-0.033288889913872022,0.61078088128279984,0.011127436607409048,-0.6593914597836491,0.019974107578226881,-0.4636304480071336,-0.44342931466837504,0.0082868991370890904,-0.35554652451878416
-0.28290295776510554,-0.17279157579513804,-0.33476254555017954,0.4208300598300167,0.33053483199523126,1.0,-0.45882637815166227,0.15881396298914341,-0.53074822189636539,-0.4623845133050038,0.47821169887830767,-0.40940416051187717,-0.87522977785680045,0.10743017640422664,-0.59407361766769029,-0.10680039938135287,0.70188958333646534,-0.48463819458007512,-0.32530383762935366,-0.43373698796398935,0.22106311999999995,-0.18814291354377194,-0.39581603747424299,-0.30717362640049345,0.74425724183430375,-0.36466009503658442,0.036196501461415578,-0.017560877116005423,-0.29904299784127814,-0.64891623870378279,-0.4193535911058458,0.60552913252104901,0.40309460438584055,-0.012263473245244226,-0.25217041342892943,-0.87931895283824379,-0.82325971116583252,0.16877684805352691,-0.44633386716080758
-0.55608502109932612,-0.68108871166250395,0.029443787085844414,-0.49053937249303892,0.4711358966611236,-0.45882637815166227,1.0,0.36207134611035785,0.1261146668115383,-0.26507177961127137,0.25071509019897731,-0.4314862804005376,0.45346117260877894,-0.45067179090997872,0.18008559680777769,0.0009659972169623731,-0.48388403939133695,-0.42065566777605728,0.79147123651462625,0.2560111859991811,0.6229152200000001,0.65543579236137073,0.67670312624206685,0.36322308640131945,0.078182414826408003,-0.030780449541302643,0.50012451922358259,0.66976947133370313,0.9442646427781467,0.76839458729994015,0.32271146243893345,-0.31785295191676916,-0.45645991848629291,-0.53192895677348229,0.5450905924790872,0.49010488407930708,0.51006890065784505,-0.48076458802129651,0.19005423619163275
-0.72158795944931131,-0.55579093082228137,-0.40432132260454551,-0.26937893194071194,0.27911465746063185,0.15881396298914341,0.36207134611035785,1.0,-0.57684540902061199,-0.67468688253509757,0.69208720064574802,-0.75193302629843362,0.088206345904890668,-0.045952072504912768,0.19119375807744407,0.13364524014372195,-0.13440946771165693,-0.7137112067381487,0.5785897882973251,0.032970102918548176,0.75390099999999993,0.23647237706074534,0.41733709543988329,0.18193148774282183,0.10506943587849818,0.30760121934088169,0.78942115099745547,0.63394628597764846,0.45432217724556134,0.33708855793024484,0.092305389272168137,-0.17793615601107288,0.29732501687012436,-0.17191696246751215,0.43152717156143866,-0.0123857226927514,-0.0034802589554877496,-0.41660135345683785,0.5539349889635935
0.3225368507245398,0.39842669611991283,0.30368509184599901,0.27882135278659453,-0.10880598359033809,-0.53074822189636539,0.1261146668115383,-0.57684540902061199,1.0,0.60281462780146622,-0.55536973570794312,0.38813737743672316,0.34466783783659061,-0.11376213118205281,-0.12312378386514791,-0.088162068497449619,-0.03178902469114462,0.47825860452477853,-0.037912384868953014,0.15227301665725976,-0.41549776000000005,0.40500942189071809,-0.060962385525382017,-0.071120235369413615,-0.11716640338813893,0.19618095032762334,-0.5559679085637832,-0.32567455080896757,-0.14246946271504099,0.27495304688763772,-0.18035314085456883,-0.062760791009928152,-0.50942796219655595,0.092433885370437896,0.2091078526518812,0.47804073158640226,0.47817107765502104,-0.093976100706265386,-0.086259354908890626
0.77773683086052403,0.70085747190938286,0.74578282726856548,-0.093369942148178911,-0.38744143920631946,-0.4623845133050038,-0.26507177961127137,-0.67468688253509757,0.60281462780146622,1.0,-0.77472800017543897,0.71347363841262279,0.27208953780127781,-0.065498506122251332,0.34667237371707094,-0.082646779827389161,-0.30373786312557582,0.86303416855680837,-0.60842363134131316,-0.038537743398046914,-0.88902115999999998,-0.33701239725327325,-0.45025625060907887,-0.23799188868256144,-0.39653572147144994,-0.091229512447642505,-0.8431374103525765,-0.83113056086132064,-0.36896855893276903,-0.260554249232548,0.41039450360703966,-0.12535954792565135,0.015605363110923967,-0.08108631245167415,-0.51844750047640831,0.25264565512439779,0.16937928286964318,0.61599954540662405,0.12607478815911999
-0.81752482493328626,-0.46955218314325958,-0.62961571538419769,-0.045360386986015189,0.26294520413227923,0.47821169887830767,0.25071509019897731,0.69208720064574802,-0.55536973570794312,-0.77472800017543897,1.0,-0.66145091904328313,-0.13384192907252046,0.18102147775235797,-0.095391895615044242,0.31207325886511533,0.35717485365113849,-0.69739883293244587,0.46052100490606179,-0.26697360891750432,0.73696286,0.39688400306318167,0.46201245083458198,0.39429683267277849,0.45103826137428288,-0.075584371573571035,0.70295477572298248,0.61879228784294327,0.37431699495333737,0.187759807175604,-0.16435955134935398,-0.092055729950886733,-0.04427667413935623,-0.019773805060637917,0.40711524884421907,-0.19659078353422754,-0.099239194458504737,-0.45485291244262882,0.078531649688940261
0.78457075832195422,0.81621317686825279,0.25452222404029895,-0.04761540309820491,-0.74347898434139781,-0.40940416051187717,-0.4314862804005376,-0.75193302629843362,0.38813737743672316,0.71347363841262279,-0.66145091904328313,1.0,0.3523086789459543,0.44989571159699432,0.35200980677038812,0.28210743626273821,-0.13728059591283251,0.8770753467898772,-0.47062400420068562,-0.10881755446343595,-0.83975279999999997,-0.36568892615307136,-0.15835243731092591,-0.061617844713496267,-0.60031689245778486,0.065896085128371112,-0.62875495999483144,-0.59143168244833599,-0.51733438890431782,-0.14066263097711065,0.11347918548846758,-0.34259413606079181,-0.17490051194572645,0.47175979659770156,-0.36036324674570941,0.36625935663533171,0.30769391848684491,0.31313689104860304,0.00055277899720093671
0.0022081476655136725,0.2319000178539605,-0.0071816253135032785,-0.53308236764226191,-0.50754404411970999,-0.87522977785680045,0.45346117260877894,0.088206345904890668,0.34466783783659061,0.27208953780127781,-0.13384192907252046,0.3523086789459543,1.0,0.24398054463938523,0.764895520692075,0.52155533940513332,-0.58333101776031071,0.32452016609191492,0.49060781509484103,0.12881516044599603,-0.053758500000000042,0.35100801742120175,0.66994330795122203,0.38643452917145527,-0.69511677281108852,0.40661463488951943,0.14040231390450225,0.19530043442810605,0.31640730430027342,0.76992565610673813,0.37501775014052696,-0.89480178567746027,-0.36874995191130733,0.16625433170185314,0.45042473597084781,0.97138258797695132,0.94413022561608317,-0.39464533705641475,0.67530508947780388
-0.026283147523539094,0.5890365836039273,-0.64851707159780991,0.02866368795734639,-0.73362104724884702,0.10743017640422664,-0.45067179090997872,-0.045952072504912768,-0.11376213118205281,-0.065498506122251332,0.18102147775235797,0.44989571159699432,0.24398054463938523,1.0,0.26055770615364604,0.76575586202380219,0.29685934183553925,0.15087334412327161,-0.0026950676806435318,-0.57002655511611144,-0.15963729999999998,0.0378557033789549,0.29535430297729143,-0.067457246211698449,-0.21929629090900302,0.19230264319526341,-0.061561379630744067,0.0049480249118717358,-0.48915397137930117,0.066232176472196022,-0.31105814190267078,-0.53386493600310492,0.063157050189776284,0.79552814015693896,0.18429010960831979,0.24226109036962751,0.26111638802281584,-0.30931753117028904,0.20064343837165347
0.12726835084717852,0.27825450732043217,0.1734991616282284,-0.77925897201449024,-0.53105319397766382,-0.59407361766769029,0.18008559680777769,0.19119375807744407,-0.12312378386514791,0.34667237371707094,-0.095391895615044242,0.35200980677038812,0.764895520692075,0.26055770615364604,1.0,0.50787938354968076,-0.65665022323803135,0.34787647420274881,0.13421005934683961,-0.093073983589083115,-0.19370304000000005,-0.15578016165353167,0.39337799253577216,0.1691071029949632,-0.6884348128936687,0.097480637525867025,0.059778232186321216,-0.028750639062140024,0.19551760992927328,0.32203795401311014,0.73003886068623125,-0.82780208796499233,0.17043192214711622,-0.041652472452715111,-0.039274159447478064,0.62349185346772495,0.55489050630790071,0.068530856431160872,0.77555162768333175
-0.26604674585801991,0.35337951070837514,-0.56561831198605073,-0.27328109955935359,-0.62197388017991906,-0.10680039938135287,0.0009659972169623731,0.13364524014372195,-0.088162068497449619,-0.082646779827389161,0.31207325886511533,0.28210743626273821,0.52155533940513332,0.76575586202380219,0.50787938354968076,1.0,0.12846732548791615,0.025817100140874925,0.3122606966666871,-0.45877247625018236,0.068686599999999931,0.31619835675792352,0.62610816210627607,0.18177509214553864,-0.20486223282650418,0.1277371505870144,0.15803391003575734,0.23141034825016721,-0.038845985427784599,0.37890261385141943,-0.066663344824578363,-0.75971864156395075,-0.14091870513563892,0.41100202237074651,0.42582344788704979,0.50327817443022016,0.55915390210211491,-0.47382595166911573,0.4398166238793455
-0.13454000726658011,0.16414662316688189,-0.49910386702780074,0.76017157028519067,0.072323794742540623,0.70188958333646534,-0.48388403939133695,-0.13440946771165693,-0.03178902469114462,-0.30373786312557582,0.35717485365113849,-0.13728059591283251,-0.58333101776031071,0.29685934183553925,-0.65665022323803135,0.12846732548791615,1.0,-0.16774389641482496,-0.24428148828440996,-0.19313559788090573,0.04200677999999991,0.10333635777738258,-0.2386987572446552,-0.028556448693713626,0.52183692339497612,-0.075026587622822327,-0.034969935598443753,-0.060614975282095432,-0.50755682241145195,-0.3876153490690149,-0.79962180019129092,0.46858175955445097,-0.079836202283739624,0.38942475871657323,0.088154247938916006,-0.52253346106831455,-0.39983972369623871,-0.14202491350610494,-0.49236682542786142
0.89803750309535757,0.8077434150636803,0.53908105980132026,0.037163342892371172,-0.60639086765991301,-0.48463819458007512,-0.42065566777605728,-0.7137112067381487,0.47825860452477853,0.86303416855680837,-0.69739883293244587,0.8770753467898772,0.32452016609191492,0.15087334412327161,0.34787647420274881,0.025817100140874925,-0.16774389641482496,1.0,-0.60992989137172005,0.1383013784022171,-0.93363784000000005,-0.45544061238028971,-0.3680598662430718,0.063989238055223649,-0.64493225707262525,0.094372411249234664,-0.65709017007485493,-0.77403462428853531,-0.50715881865008916,-0.2456468107837238,0.24188317359642636,-0.17893037926896754,-0.15758116417715801,0.2900738553243134,-0.48909783320884354,0.28515829713222307,0.22256238801902287,0.51606725809387954,0.072402733339732878
-0.75909384224978382,-0.59536986680654014,-0.52474031210227323,-0.32122808270727082,0.19088037937685026,-0.32530383762935366,0.79147123651462625,0.5785897882973251,-0.037912384868953014,-0.60842363134131316,0.46052100490606179,-0.47062400420068562,0.49060781509484103,-0.0026950676806435318,0.13421005934683961,0.3122606966666871,-0.24428148828440996,-0.60992989137172005,1.0,0.1602450187656663,0.81543385999999995,0.76399004012192218,0.89628463725510299,0.35627208111806402,0.0085050544344245811,0.28812454001685056,0.74105107376073376,0.91688702910487951,0.726103982375367,0.91000812955414334,-0.077160513426173624,-0.46142635879034372,-0.37197404205622847,-0.046594939734997703,0.88311093123055373,0.5499392381107534,0.60473828866017076,-0.87920863614459699,0.28681527298382353
0.25952043170382783,-0.27902712693548154,0.26024880189432431,0.19075390692253849,0.22537972410670354,-0.43373698796398935,0.2560111859991811,0.032970102918548176,0.15227301665725976,-0.038537743398046914,-0.26697360891750432,-0.10881755446343595,0.12881516044599603,-0.57002655511611144,-0.093073983589083115,-0.45877247625018236,-0.19313559788090573,0.1383013784022171,0.1602450187656663,1.0,0.053190819999999972,-0.10729563333675243,-0.042010756416806933,0.45213497758488863,-0.42536636210016415,0.40269979959913088,0.34077191864542467,0.12102375012096769,0.19170075956526891,0.20869709217306165,-0.02909640802072877,0.25309083966133816,-0.30307019564596677,-0.077010405789355238,0.11749020016784958,0.1267718192466174,0.12680086700885571,-0.057627792511652239,-0.021419408892048148
-0.92568128000000005,-0.85049255999999995,-0.56978317999999994,-0.14672384000000005,0.53528131999999995,0.22106311999999995,0.6229152200000001,0.75390099999999993,-0.41549776000000005,-0.88902115999999998,0.73696286,-0.83975279999999997,-0.053758500000000042,-0.15963729999999998,-0.19370304000000005,0.068686599999999931,0.04200677999999991,-0.93363784000000005,0.81543385999999995,0.053190819999999972,1.0,0.58182289999999992,0.61098981999999991,0.22188363999999994,0.43461097999999998,0.0248332200000001,0.83495136000000003,0.92201581999999993,0.68224518000000001,0.51002604000000007,-0.17386935999999997,-0.022558140000000004,-0.078560439999999954,-0.24074878,0.66064622000000006,-0.024249179999999981,0.051360239999999946,-0.68231434000000002,0.039579440000000021
-0.70459666677854749,-0.3167765295267182,-0.44583200301824266,0.011057221904886404,0.22069580034768224,-0.18814291354377194,0.65543579236137073,0.23647237706074534,0.40500942189071809,-0.33701239725327325,0.39688400306318167,-0.36568892615307136,0.35100801742120175,0.0378557033789549,-0.15578016165353167,0.31619835675792352,0.10333635777738258,-0.45544061238028971,0.76399004012192218,-0.10729563333675243,0.58182289999999992,1.0,0.68514743172378223,0.2097821402834954,0.3416230741507798,0.14385752286879977,0.30757567477650694,0.60577856088842652,0.49660865836171414,0.75907694333062725,-0.31552589813713883,-0.30589206414782211,-0.57308612239600798,-0.02393592806456845,0.85874320142727756,0.47559052019853243,0.56559674524964987,-0.80924606051549841,0.071137143741407449
-0.63486855260698793,-0.31800889414885397,-0.56463068435600561,-0.47263574155762428,-0.13342033698999389,-0.39581603747424299,0.67670312624206685,0.41733709543988329,-0.060962385525382017,-0.45025625060907887,0.46201245083458198,-0.15835243731092591,0.66994330795122203,0.29535430297729143,0.39337799253577216,0.62610816210627607,-0.2386987572446552,-0.3680598662430718,0.89628463725510299,-0.042010756416806933,0.61098981999999991,0.68514743172378223,1.0,0.45750432136487201,-0.16126502913841154,0.17920173384345192,0.63202897786012502,0.80278794284317623,0.62457036250868159,0.89009592946022109,0.043170446937428442,-0.74211161366651779,-0.43420175122057919,0.11453007200990116,0.78935586509386213,0.69621759254757509,0.75641273994840763,-0.81917103233373767,0.36090586502305283
-0.13915833652120507,-0.17601801288625848,-0.12633709269222457,-0.044938883920650402,-0.11916741592809456,-0.30717362640049345,0.36322308640131945,0.18193148774282183,-0.071120235369413615,-0.23799188868256144,0.39429683267277849,-0.061617844713496267,0.38643452917145527,-0.067457246211698449,0.1691071029949632,0.18177509214553864,-0.028556448693713626,0.063989238055223649,0.35627208111806402,0.45213497758488863,0.22188363999999994,0.2097821402834954,0.45750432136487201,1.0,-0.29447499016021789,0.1943057464866309,0.55595523373767808,0.31370780615188532,0.40275418858201001,0.39747811279980827,0.079081975323691434,-0.27262325749071703,-0.65522621355671362,0.093777520962423172,0.31103710230122944,0.31495432604362217,0.38566773965183526,-0.29362315063967831,0.11338315137475637
-0.54972885385855597,-0.44286245431961463,-0.18558803101590268,0.30970747185999509,0.64560870871630527,0.74425724183430375,0.078182414826408003,0.10506943587849818,-0.11716640338813893,-0.39653572147144994,0.45103826137428288,-0.60031689245778486,-0.69511677281108852,-0.21929629090900302,-0.6884348128936687,-0.20486223282650418,0.52183692339497612,-0.64493225707262525,0.0085050544344245811,-0.42536636210016415,0.43461097999999998,0.3416230741507798,-0.16126502913841154,-0.29447499016021789,1.0,-0.50540224088545527,-0.014075630515015378,0.1673038681891337,0.1425542373308743,-0.26772630047461926,-0.3377742945981701,0.54544285719834551,0.060151737436890305,-0.38333265911969017,0.04814046528036222,-0.61256773414683097,-0.53746895013951446,-0.048015234253404225,-0.5154821434851794
0.062023113437020383,0.18599966918874944,-0.24524175687061783,0.21210593953860046,-0.28560551182184324,-0.36466009503658442,-0.030780449541302643,0.30760121934088169,0.19618095032762334,-0.091229512447642505,-0.075584371573571035,0.065896085128371112,0.40661463488951943,0.19230264319526341,0.097480637525867025,0.1277371505870144,-0.075026587622822327,0.094372411249234664,0.28812454001685056,0.40269979959913088,0.0248332200000001,0.14385752286879977,0.17920173384345192,0.1943057464866309,-0.50540224088545527,1.0,0.28136007032335203,0.13628971029755804,-0.16610888537937252,0.40692140211900985,-0.32607717139333858,-0.21493878473126171,-0.15861434582760525,0.52733099139449868,0.45401205462256239,0.41151536373126019,0.37990430231868877,-0.43259629289974094,0.48063530732478865
-0.66992297428090897,-0.68540686812582041,-0.54548236415495932,-0.1869874115380657,0.27225443471662841,0.036196501461415578,0.50012451922358259,0.78942115099745547,-0.5559679085637832,-0.8431374103525765,0.70295477572298248,-0.62875495999483144,0.14040231390450225,-0.061561379630744067,0.059778232186321216,0.15803391003575734,-0.034969935598443753,-0.65709017007485493,0.74105107376073376,0.34077191864542467,0.83495136000000003,0.30757567477650694,0.63202897786012502,0.55595523373767808,-0.014075630515015378,0.28136007032335203,1.0,0.85719625499098695,0.58351894848294772,0.5064073737426632,-0.076742100087016096,-0.16469530822958101,-0.14040933985329315,-0.013819448172008496,0.56772692745783815,0.089435012366321343,0.15079981868234282,-0.61393224638257082,0.23703107563356204
-0.81650084123879729,-0.7327472472146459,-0.64569329520048846,-0.25442043899045796,0.33551899227754689,-0.017560877116005423,0.66976947133370313,0.63394628597764846,-0.32567455080896757,-0.83113056086132064,0.61879228784294327,-0.59143168244833599,0.19530043442810605,0.0049480249118717358,-0.028750639062140024,0.23141034825016721,-0.060614975282095432,-0.77403462428853531,0.91688702910487951,0.12102375012096769,0.92201581999999993,0.60577856088842652,0.80278794284317623,0.31370780615188532,0.1673038681891337,0.13628971029755804,0.85719625499098695,1.0,0.67965146705827773,0.70052999457442344,-0.16923456769465073,-0.2553886982425167,-0.23431537777421446,-0.041794446310981434,0.75449145987487864,0.24263759262106999,0.31414475160512689,-0.80998380140236459,0.087855785596460831
-0.59789863013528244,-0.79026475486939296,0.050565060456223651,-0.58912149772070277,0.4949499169457332,-0.29904299784127814,0.9442646427781467,0.45432217724556134,-0.14246946271504099,-0.36896855893276903,0.37431699495333737,-0.51733438890431782,0.31640730430027342,-0.48915397137930117,0.19551760992927328,-0.038845985427784599,-0.50755682241145195,-0.50715881865008916,0.726103982375367,0.19170075956526891,0.68224518000000001,0.49660865836171414,0.62457036250868159,0.40275418858201001,0.1425542373308743,-0.16610888537937252,0.58351894848294772,0.67965146705827773,1.0,0.62160967631524033,0.44210028166897475,-0.25621703504579352,-0.32910091441653239,-0.630788790344885,0.39489904339025406,0.31063211684992798,0.32903061659075472,-0.35008058907645501,0.15983581352537773
-0.49035593092667978,-0.29468784932519332,-0.3451610655556801,-0.36144648457619794,-0.049120718522766532,-0.64891623870378279,0.76839458729994015,0.33708855793024484,0.27495304688763772,-0.260554249232548,0.187759807175604,-0.14066263097711065,0.76992565610673813,0.066232176472196022,0.32203795401311014,0.37890261385141943,-0.3876153490690149,-0.2456468107837238,0.91000812955414334,0.20869709217306165,0.51002604000000007,0.75907694333062725,0.89009592946022109,0.39747811279980827,-0.26772630047461926,0.40692140211900985,0.5064073737426632,0.70052999457442344,0.62160967631524033,1.0,0.021455938674981731,-0.65511372973418502,-0.52435041043899222,0.068138052958268164,0.84925095911640847,0.83336465517636682,0.86309456437488274,-0.81584834752297153,0.40052469092041654
0.16887556225528003,-0.075308762411164909,0.6414460602287958,-0.81855131083614885,-0.033288889913872022,-0.4193535911058458,0.32271146243893345,0.092305389272168137,-0.18035314085456883,0.41039450360703966,-0.16435955134935398,0.11347918548846758,0.37501775014052696,-0.31105814190267078,0.73003886068623125,-0.066663344824578363,-0.79962180019129092,0.24188317359642636,-0.077160513426173624,-0.02909640802072877,-0.17386935999999997,-0.31552589813713883,0.043170446937428442,0.079081975323691434,-0.3377742945981701,-0.32607717139333858,-0.076742100087016096,-0.16923456769465073,0.44210028166897475,0.021455938674981731,1.0,-0.37983984055464665,0.23026312929348669,-0.59541588719826477,-0.42593610326167736,0.22872045762289395,0.13260272683365817,0.48922498935504205,0.43850877583849279
0.15916036534244266,-0.26429354015887718,0.2338680676253525,0.64347432259996906,0.61078088128279984,0.60552913252104901,-0.31785295191676916,-0.17793615601107288,-0.062760791009928152,-0.12535954792565135,-0.092055729950886733,-0.34259413606079181,-0.89480178567746027,-0.53386493600310492,-0.82780208796499233,-0.75971864156395075,0.46858175955445097,-0.17893037926896754,-0.46142635879034372,0.25309083966133816,-0.022558140000000004,-0.30589206414782211,-0.74211161366651779,-0.27262325749071703,0.54544285719834551,-0.21493878473126171,-0.16469530822958101,-0.2553886982425167,-0.25621703504579352,-0.65511372973418502,-0.37983984055464665,1.0,0.17887059510296033,-0.23917808557648151,-0.39524788356748236,-0.8437046022591671,-0.82631623416350963,0.39924734809783125,-0.67634523519318046
0.057236847680381925,0.055699829677054585,0.087819171348289274,-0.15781520531438245,0.011127436607409048,0.40309460438584055,-0.45645991848629291,0.29732501687012436,-0.50942796219655595,0.015605363110923967,-0.04427667413935623,-0.17490051194572645,-0.36874995191130733,0.063157050189776284,0.17043192214711622,-0.14091870513563892,-0.079836202283739624,-0.15758116417715801,-0.37197404205622847,-0.30307019564596677,-0.078560439999999954,-0.57308612239600798,-0.43420175122057919,-0.65522621355671362,0.060151737436890305,-0.15861434582760525,-0.14040933985329315,-0.23431537777421446,-0.32910091441653239,-0.52435041043899222,0.23026312929348669,0.17887059510296033,1.0,-0.15196881329545064,-0.44871328412195605,-0.46777703065492005,-0.54138852325976772,0.44058051523879277,0.21418696855953837
0.20786508146444765,0.58150208836061323,-0.5867987447787113,0.41333261061708781,-0.6593914597836491,-0.012263473245244226,-0.53192895677348229,-0.17191696246751215,0.092433885370437896,-0.08108631245167415,-0.019773805060637917,0.47175979659770156,0.16625433170185314,0.79552814015693896,-0.041652472452715111,0.41100202237074651,0.38942475871657323,0.2900738553243134,-0.046594939734997703,-0.077010405789355238,-0.24074878,-0.02393592806456845,0.11453007200990116,0.093777520962423172,-0.38333265911969017,0.52733099139449868,-0.013819448172008496,-0.041794446310981434,-0.630788790344885,0.068138052958268164,-0.59541588719826477,-0.23917808557648151,-0.15196881329545064,1.0,0.22869029895800147,0.20336576593455247,0.224579495480876,-0.3449925907618035,0.011352841177315692
-0.68014582515290689,-0.30621412402918818,-0.66510215256337868,0.040823334587826263,0.019974107578226881,-0.25217041342892943,0.5450905924790872,0.43152717156143866,0.2091078526518812,-0.51844750047640831,0.40711524884421907,-0.36036324674570941,0.45042473597084781,0.18429010960831979,-0.039274159447478064,0.42582344788704979,0.088154247938916006,-0.48909783320884354,0.88311093123055373,0.11749020016784958,0.66064622000000006,0.85874320142727756,0.78935586509386213,0.31103710230122944,0.04814046528036222,0.45401205462256239,0.56772692745783815,0.75449145987487864,0.39489904339025406,0.84925095911640847,-0.42593610326167736,-0.39524788356748236,-0.44871328412195605,0.22869029895800147,1.0,0.55023350117122849,0.63937534397028528,-0.97200649967116814,0.22989269462083214
-0.023356853272126832,0.20889846162804782,-0.063594801863495642,-0.43985218312589747,-0.4636304480071336,-0.87931895283824379,0.49010488407930708,-0.0123857226927514,0.47804073158640226,0.25264565512439779,-0.19659078353422754,0.36625935663533171,0.97138258797695132,0.24226109036962751,0.62349185346772495,0.50327817443022016,-0.52253346106831455,0.28515829713222307,0.5499392381107534,0.1267718192466174,-0.024249179999999981,0.47559052019853243,0.69621759254757509,0.31495432604362217,-0.61256773414683097,0.41151536373126019,0.089435012366321343,0.24263759262106999,0.31063211684992798,0.83336465517636682,0.22872045762289395,-0.8437046022591671,-0.46777703065492005,0.20336576593455247,0.55023350117122849,1.0,0.98410516882381782,-0.49929005798875414,0.54393319169130794
-0.10959881140860664,0.17281289329138136,-0.16259930559069205,-0.37903336349204153,-0.44342931466837504,-0.82325971116583252,0.51006890065784505,-0.0034802589554877496,0.47817107765502104,0.16937928286964318,-0.099239194458504737,0.30769391848684491,0.94413022561608317,0.26111638802281584,0.55489050630790071,0.55915390210211491,-0.39983972369623871,0.22256238801902287,0.60473828866017076,0.12680086700885571,0.051360239999999946,0.56559674524964987,0.75641273994840763,0.38566773965183526,-0.53746895013951446,0.37990430231868877,0.15079981868234282,0.31414475160512689,0.32903061659075472,0.86309456437488274,0.13260272683365817,-0.82631623416350963,-0.54138852325976772,0.224579495480876,0.63937534397028528,0.98410516882381782,1.0,-0.58844716283029597,0.48527767795514304
0.68434004869626697,0.30721505733221549,0.78281296688374014,-0.041561377970525636,0.0082868991370890904,0.16877684805352691,-0.48076458802129651,-0.41660135345683785,-0.093976100706265386,0.61599954540662405,-0.45485291244262882,0.31313689104860304,-0.39464533705641475,-0.30931753117028904,0.068530856431160872,-0.47382595166911573,-0.14202491350610494,0.51606725809387954,-0.87920863614459699,-0.057627792511652239,-0.68231434000000002,-0.80924606051549841,-0.81917103233373767,-0.29362315063967831,-0.048015234253404225,-0.43259629289974094,-0.61393224638257082,-0.80998380140236459,-0.35008058907645501,-0.81584834752297153,0.48922498935504205,0.39924734809783125,0.44058051523879277,-0.3449925907618035,-0.97200649967116814,-0.49929005798875414,-0.58844716283029597,1.0,-0.16039476315953691
-0.12324166776047848,0.17101714138592192,-0.0027363336066904241,-0.52156217587516618,-0.35554652451878416,-0.44633386716080758,0.19005423619163275,0.5539349889635935,-0.086259354908890626,0.12607478815911999,0.078531649688940261,0.00055277899720093671,0.67530508947780388,0.20064343837165347,0.77555162768333175,0.4398166238793455,-0.49236682542786142,0.072402733339732878,0.28681527298382353,-0.021419408892048148,0.039579440000000021,0.071137143741407449,0.36090586502305283,0.11338315137475637,-0.5154821434851794,0.48063530732478865,0.23703107563356204,0.087855785596460831,0.15983581352537773,0.40052469092041654,0.43850877583849279,-0.67634523519318046,0.21418696855953837,0.011352841177315692,0.22989269462083214,0.54393319169130794,0.48527767795514304,-0.16039476315953691,1.0
