1.000000000000000000e+00,-7.116008249712389988e-01,-7.885231744841276758e-01,7.982461266818834389e-01,7.406878461986134143e-02,-5.192096985466380099e-01,4.595435067402425799e-01,-5.966930227451384683e-01,-3.888725060874547723e-01,-3.258398702406617442e-01,-4.430760951580824808e-02,3.223482958581766478e-01,5.185332666038841021e-01,8.383645200000000575e-01,1.711530360815290142e-01,6.470429577440183211e-01,6.159592391560883735e-03,7.022623660948246194e-02,-2.448594537073099098e-01,8.491974711111432983e-01,-3.742605892860385169e-02,-4.884855673345665505e-01,-4.528157255701022454e-01,-2.646616500541566080e-02,3.583104235791703673e-01,2.420606881669598864e-01,-7.113836379817550792e-01,-3.754793317460801139e-01,-8.625723716243328676e-01,-2.050263671400723298e-01,-8.711743190358013367e-01,-6.545261496586413097e-01,-2.190045926778676488e-01,-3.610663932540792986e-01,-5.840282487898276198e-01,-8.385723982093515882e-01,-2.639128080349296135e-01,5.463603633987819119e-01,4.720835705787210235e-01
-7.116008249712389988e-01,1.000000000000000000e+00,6.792129613969957180e-01,-6.374135803022451530e-01,-2.310198249480408250e-01,2.975476883006904494e-01,-2.210565042212187803e-01,3.907798458243025852e-01,4.978220782414450873e-01,3.261276243362982163e-01,1.052716615075404150e-01,-3.665031259890703663e-01,-1.445154454113963538e-01,-7.018764200000000564e-01,-2.509429964985053774e-01,-5.395769518063102677e-01,1.214316554201202714e-01,-3.725438445139085952e-01,-2.779592365719159297e-02,-7.888778164070919807e-01,1.267525226532929816e-01,3.883123638064156502e-01,4.436415606960855129e-01,1.650573827580625874e-01,-5.005076883612293859e-01,-3.085783645790285412e-02,7.301032157763177599e-01,1.054137960335608526e-01,6.538230953965022962e-01,2.494229730277323642e-01,7.628936482261616803e-01,4.240840342696608478e-01,3.076786713193920275e-01,2.560636327423609915e-01,3.130451603703457431e-01,6.209960182805948081e-01,4.387687046011364833e-01,-3.112683210603129913e-01,5.826920382757412586e-02
-7.885231744841276758e-01,6.792129613969957180e-01,1.000000000000000000e+00,-7.128111743277792955e-01,3.081819274559909339e-01,3.822241680084772497e-01,-1.109217757675429600e-01,4.237422327779474807e-01,6.278914336156334874e-01,5.541847111696193151e-01,-2.737664609192210219e-01,-1.996445422847123730e-01,-4.133424023997563368e-01,-9.329003399999999946e-01,-4.490557511085235820e-01,-8.061737882491780693e-01,2.004561650854851940e-01,-3.519446457724745292e-01,-6.787864046310419786e-02,-7.890055607559627315e-01,2.193669377416343769e-01,5.674633907019059897e-01,5.597725141957591299e-01,1.422038232483372744e-01,-5.704875691951452055e-01,-3.610248780852820527e-01,7.659532857092363756e-01,4.657872909172376952e-01,7.268666576767246479e-01,9.814094669131490090e-02,8.578877741511897748e-01,3.102036951688704192e-01,4.498937863895176581e-01,3.699998472097074109e-01,4.140372718332431257e-01,8.928187709554615825e-01,5.791229909830848399e-01,-4.631536252108188756e-01,-4.234914068204129745e-01
7.982461266818834389e-01,-6.374135803022451530e-01,-7.128111743277792955e-01,1.000000000000000000e+00,1.933057855054486074e-01,-1.717069458338293941e-01,6.954345149681255833e-01,-7.110816810097370100e-02,-3.217800550864916009e-01,7.011432818855534155e-02,8.213299436354817851e-02,2.594241712209341966e-01,1.240428103389759895e-01,6.267445000000000377e-01,-2.019589942253593173e-01,7.855926598781978187e-01,8.067071865567534972e-02,-1.544500212269847572e-02,-4.735984698472650578e-01,6.878656709829332749e-01,-1.283533235057520427e-01,-8.848089470162319170e-01,-9.955258697477120666e-02,1.328487133425138578e-01,6.016250788143431283e-01,2.473999357195954540e-01,-6.771900930403733643e-01,-2.157725434603161574e-01,-5.454264313957819521e-01,1.501152761951218273e-01,-6.220149128206339251e-01,-5.533022765327691994e-01,1.890417590279345472e-01,-6.055717582492221585e-01,-9.019213532094665364e-01,-5.670213239030245100e-01,-3.623674048742770992e-01,2.049407664328145307e-01,5.725584511080596961e-01
7.406878461986134143e-02,-2.310198249480408250e-01,3.081819274559909339e-01,1.933057855054486074e-01,1.000000000000000000e+00,8.048809856996554102e-02,4.778641428389653889e-01,1.174652302515623026e-01,1.710805900816161351e-01,4.734612860731691741e-01,-4.086815787631659092e-01,4.425214096580971090e-01,-2.529425113667295166e-01,-2.300111799999999818e-01,-4.753401496419616401e-01,-1.336668386549653698e-01,2.173472813627319034e-01,-2.745904774831691153e-01,-3.983595581093051785e-01,-5.515455408823662781e-02,1.211977136241305930e-01,-1.044139092045122674e-01,3.594214506186728664e-01,1.049430581267157686e-01,8.074601704836825711e-02,-3.105954143657526645e-01,-1.051803724149687723e-02,5.511356537477173356e-01,9.212472535988452949e-02,2.377072205077873646e-02,1.331488685075784550e-01,-3.416658710896293139e-01,4.413173344899235517e-01,8.741027676273140090e-02,-2.741852181554045864e-01,2.359284805174169664e-01,1.961584908346401812e-01,-7.772825257032556223e-02,-2.386051079092824101e-01
-5.192096985466380099e-01,2.975476883006904494e-01,3.822241680084772497e-01,-1.717069458338293941e-01,8.048809856996554102e-02,1.000000000000000000e+00,-2.114968162588916900e-01,7.279475550822552821e-01,-6.753079816471062313e-02,3.272424321083077237e-01,2.288237779322174204e-01,-2.342703216478250403e-02,-7.222516239826014539e-01,-4.540448200000000156e-01,-1.787868683312994200e-01,1.417064188985663331e-01,-4.068328815374479546e-01,-4.771620590204382895e-01,3.923792303212621929e-02,-5.102413202122436653e-01,-4.011132145985700226e-01,-1.619866212462412747e-01,2.675984496680568481e-01,-2.645226786756322279e-01,1.380307550124048321e-01,-6.397478082983873993e-01,3.839562347061591194e-03,1.404933119984684009e-01,4.920760515740775776e-01,4.587928939516847104e-01,6.827659719363491364e-01,6.894158387464004445e-01,2.478509296653454985e-01,-3.265129905313904901e-01,-2.279469885640042146e-02,4.682694973536777328e-01,-3.121417126727475955e-01,-6.108920623624177759e-01,-1.845294411973795456e-01
4.595435067402425799e-01,-2.210565042212187803e-01,-1.109217757675429600e-01,6.954345149681255833e-01,4.778641428389653889e-01,-2.114968162588916900e-01,1.000000000000000000e+00,6.473607847115549208e-02,4.061613086462643740e-01,6.636999445493240168e-01,-2.591243470083538780e-02,8.655105608108498716e-02,1.000012994926253312e-01,9.629899999999969040e-03,-7.857996311597839068e-01,1.560833408884869378e-01,6.214069218978117704e-01,-1.796378305247488261e-01,-8.963420245525414165e-01,2.454397600054994133e-01,3.616503900603622035e-01,-6.337577847377515727e-01,5.144652681391637117e-01,6.019206715590024181e-01,2.204317065779418106e-02,4.034492625417966383e-01,-4.999484339482002625e-03,1.508596812327331060e-01,-2.129230697768374203e-01,3.611600923528937024e-01,-1.596346973962780580e-01,-6.934055628160159523e-01,7.492861293597845584e-01,-3.394777601769856656e-01,-8.476814291345590169e-01,3.601040627034041153e-02,3.673681035188599564e-01,-1.006378327955596563e-01,5.459760811525347091e-01
-5.966930227451384683e-01,3.907798458243025852e-01,4.237422327779474807e-01,-7.110816810097370100e-02,1.174652302515623026e-01,7.279475550822552821e-01,6.473607847115549208e-02,1.000000000000000000e+00,1.811104511762058611e-01,5.688520842489113161e-01,7.024339529552006689e-02,-1.066899493573307683e-01,-8.448283639988214411e-01,-6.165927399999999725e-01,-4.829487156683066607e-01,-6.384663821395747917e-03,-1.562821385389778217e-01,-4.521249212651954896e-01,-8.100406461928046087e-02,-5.123256193429785998e-01,-3.915672208071275251e-01,-2.590990757219979179e-01,5.607405773577437413e-01,9.124069295043024663e-02,2.500507347414537285e-01,-2.575827580776064440e-01,2.337334682184642742e-01,3.752479598371438740e-01,7.866097162661845887e-01,3.611220799029734585e-01,7.010015307081773894e-01,5.550488500099385325e-01,5.634365898632541780e-01,-2.625894070193447449e-01,-1.562854635866141872e-01,6.171066669856436482e-01,-5.967098067889201052e-02,-6.755599911748602082e-01,-4.163369510534695173e-02
-3.888725060874547723e-01,4.978220782414450873e-01,6.278914336156334874e-01,-3.217800550864916009e-01,1.710805900816161351e-01,-6.753079816471062313e-02,4.061613086462643740e-01,1.811104511762058611e-01,1.000000000000000000e+00,7.571277614844967863e-01,1.150073064938710865e-01,-4.305387901823066188e-01,-9.326843714553643278e-03,-7.355545399999999789e-01,-7.492107622134960287e-01,-7.330991886239784927e-01,7.314959933302414008e-01,-1.137737823803776083e-01,-5.628980307819237972e-01,-4.765494233288132819e-01,6.365039548193676122e-01,2.298579867179094127e-01,7.972852517200644806e-01,7.395647629006933954e-01,-7.347108452711307303e-01,3.869519486240443618e-01,8.412462065880532691e-01,3.928000688835340815e-01,3.649542111669727973e-01,3.535826493213937161e-01,5.273552714578032541e-01,-1.291714128320062549e-01,7.233137747390430139e-01,1.785023695812910927e-01,2.288457884022224165e-02,7.391987654581216871e-01,9.019981393664222580e-01,-4.640328815083375469e-01,1.246380453578873060e-01
-3.258398702406617442e-01,3.261276243362982163e-01,5.541847111696193151e-01,7.011432818855534155e-02,4.734612860731691741e-01,3.272424321083077237e-01,6.636999445493240168e-01,5.688520842489113161e-01,7.571277614844967863e-01,1.000000000000000000e+00,8.580492955870272498e-02,-1.857979363301384690e-01,-3.893215970584764096e-01,-7.040554199999999874e-01,-9.738623856898236397e-01,-3.324692239557928142e-01,5.749006417863169460e-01,-3.249681162885360575e-01,-7.561605766804629924e-01,-4.264190389248361801e-01,3.726883316864758044e-01,-2.776425946428232594e-01,9.337262769438748888e-01,6.504104508782512228e-01,-3.189358336044618158e-01,1.289295507406407471e-01,5.341431841142153525e-01,4.791800987130217515e-01,4.303156633560825672e-01,6.042378916178091641e-01,5.892748009338630855e-01,-1.044441948635990575e-01,9.720492771866632298e-01,-1.642359203727765948e-01,-4.162298179750872906e-01,7.508381227244480538e-01,5.724209426684297997e-01,-6.241449120210603718e-01,1.601633798833282385e-01
-4.430760951580824808e-02,1.052716615075404150e-01,-2.737664609192210219e-01,8.213299436354817851e-02,-4.086815787631659092e-01,2.288237779322174204e-01,-2.591243470083538780e-02,7.024339529552006689e-02,1.150073064938710865e-01,8.580492955870272498e-02,1.000000000000000000e+00,-5.010916268829768150e-01,1.417560088268304819e-01,7.469795999999995217e-02,-2.096124487512274204e-02,2.328841392201204674e-01,1.396389154680028610e-01,2.301241486137925452e-01,-2.244997283865559912e-01,-6.248701188486006919e-02,2.137926759278861721e-01,-3.233940126139547844e-01,1.838536607345051532e-01,3.399394245349517951e-01,-1.283522521009305140e-01,4.250146591513757621e-01,1.968049851976606812e-02,-3.578064013708106006e-01,-1.644419535599629945e-01,6.897762640526285960e-01,5.986799456437175149e-02,2.251751597026034057e-01,6.451800714775833556e-02,-2.478542845448883924e-01,-1.466632940175535416e-01,5.028344785606764233e-03,-1.231657450568701406e-01,-2.309141447715954143e-01,4.694236292577128045e-01
3.223482958581766478e-01,-3.665031259890703663e-01,-1.996445422847123730e-01,2.594241712209341966e-01,4.425214096580971090e-01,-2.342703216478250403e-02,8.655105608108498716e-02,-1.066899493573307683e-01,-4.305387901823066188e-01,-1.857979363301384690e-01,-5.010916268829768150e-01,1.000000000000000000e+00,1.701012683718832949e-02,2.897640800000000905e-01,1.443539838159448863e-01,3.024058996057246707e-01,-3.029663519064581534e-01,-2.347918913245636841e-01,3.803678303852832399e-02,1.187164036700614489e-01,-2.641842823335202040e-01,-1.768222514403208212e-01,-1.984230279344699199e-01,-4.829731468871040212e-01,3.396597733094158800e-01,-3.306141327534051766e-01,-3.420122517133238893e-01,2.059882024819134072e-01,-1.491417053566736484e-01,-1.913755771368126357e-01,-1.926335197542909383e-01,-1.903055772329633466e-01,-1.377164898503210055e-01,1.783110943554549743e-01,-1.640413477686802346e-01,-3.467233460257261868e-01,-1.770915789070056368e-01,2.697541200503820735e-01,-2.388677315955728409e-01
5.185332666038841021e-01,-1.445154454113963538e-01,-4.133424023997563368e-01,1.240428103389759895e-01,-2.529425113667295166e-01,-7.222516239826014539e-01,1.000012994926253312e-01,-8.448283639988214411e-01,-9.326843714553643278e-03,-3.893215970584764096e-01,1.417560088268304819e-01,1.701012683718832949e-02,1.000000000000000000e+00,5.297218800000000893e-01,2.635672102113159609e-01,1.848934835752535748e-03,4.216223462121828636e-01,3.998679239903659699e-01,-2.015732543281544553e-01,2.652516814289780367e-01,5.840198816521289249e-01,1.008890123177389186e-01,-3.513145856268622969e-01,7.021716423202573054e-02,-2.949740590673275431e-01,5.340115210314976268e-01,-2.077119203644785597e-02,-5.403222528587910967e-01,-6.374728440602029922e-01,-2.748290900961009031e-02,-5.498716958303889735e-01,-6.494787607414083119e-01,-3.064738394210019812e-01,3.671999704661373931e-01,-3.456266474816892947e-02,-5.263358495019732075e-01,2.339927980055697965e-01,5.568220313472336258e-01,4.096652121216599607e-01
8.383645200000000575e-01,-7.018764200000000564e-01,-9.329003399999999946e-01,6.267445000000000377e-01,-2.300111799999999818e-01,-4.540448200000000156e-01,9.629899999999969040e-03,-6.165927399999999725e-01,-7.355545399999999789e-01,-7.040554199999999874e-01,7.469795999999995217e-02,2.897640800000000905e-01,5.297218800000000893e-01,1.000000000000000000e+00,5.946585200000000793e-01,7.465077200000000968e-01,-2.634494800000000136e-01,3.503032600000000052e-01,1.664830999999999950e-01,8.149535199999999868e-01,-1.945146800000000509e-01,-3.857206199999999585e-01,-7.523487399999999603e-01,-3.169290399999999952e-01,5.233053599999999417e-01,1.799276400000000553e-01,-8.251238800000000317e-01,-5.661989400000000394e-01,-8.181348999999999982e-01,-2.747689399999999615e-01,-9.249197000000000113e-01,-3.998004600000000242e-01,-6.154860200000000781e-01,-2.237056400000000389e-01,-2.979821400000000065e-01,-9.760842199999999469e-01,-6.026919800000000160e-01,6.535750600000000965e-01,2.977167800000000142e-01
1.711530360815290142e-01,-2.509429964985053774e-01,-4.490557511085235820e-01,-2.019589942253593173e-01,-4.753401496419616401e-01,-1.787868683312994200e-01,-7.857996311597839068e-01,-4.829487156683066607e-01,-7.492107622134960287e-01,-9.738623856898236397e-01,-2.096124487512274204e-02,1.443539838159448863e-01,2.635672102113159609e-01,5.946585200000000793e-01,1.000000000000000000e+00,2.778569881055405477e-01,-6.622539217119958188e-01,3.230838304501328917e-01,8.351915879625699812e-01,3.284958994580520764e-01,-4.073012484448509385e-01,3.382821153208197540e-01,-8.779305943176478610e-01,-6.637940391760945857e-01,2.566782029768444606e-01,-2.241860336630601691e-01,-4.832365209676879325e-01,-4.238189074255033217e-01,-3.503603996282712574e-01,-5.463449725117828226e-01,-4.581788237872443936e-01,2.808973213672103508e-01,-9.917563311788940572e-01,1.705357028342604497e-01,5.315180113115243188e-01,-6.360767048305028259e-01,-6.043221298467597036e-01,5.343682587128953942e-01,-2.905283380927152770e-01
6.470429577440183211e-01,-5.395769518063102677e-01,-8.061737882491780693e-01,7.855926598781978187e-01,-1.336668386549653698e-01,1.417064188985663331e-01,1.560833408884869378e-01,-6.384663821395747917e-03,-7.330991886239784927e-01,-3.324692239557928142e-01,2.328841392201204674e-01,3.024058996057246707e-01,1.848934835752535748e-03,7.465077200000000968e-01,2.778569881055405477e-01,1.000000000000000000e+00,-4.612699059622284437e-01,-8.742012518345786132e-02,-4.524402416926371316e-03,6.033255171832745400e-01,-5.289584012926042966e-01,-7.723962160961701517e-01,-4.343319552759092317e-01,-3.028222557242847279e-01,7.575290848339146788e-01,-7.174832472585512821e-02,-8.844496379884120296e-01,-4.302497920478983162e-01,-5.057090711543438255e-01,8.653098851509211098e-02,-5.483020452749159945e-01,-5.869179714000394982e-02,-2.432907301838423408e-01,-6.425807837715015181e-01,-6.172160569828492038e-01,-7.236678729030188162e-01,-7.893552724955543720e-01,2.477954313148739707e-01,4.242215693533770149e-01
6.159592391560883735e-03,1.214316554201202714e-01,2.004561650854851940e-01,8.067071865567534972e-02,2.173472813627319034e-01,-4.068328815374479546e-01,6.214069218978117704e-01,-1.562821385389778217e-01,7.314959933302414008e-01,5.749006417863169460e-01,1.396389154680028610e-01,-3.029663519064581534e-01,4.216223462121828636e-01,-2.634494800000000136e-01,-6.622539217119958188e-01,-4.612699059622284437e-01,1.000000000000000000e+00,2.761135642531402645e-01,-7.438895733844459457e-01,-1.788055443954528201e-01,8.861102258037570900e-01,-4.970675226313859413e-02,5.553064164634239352e-01,6.982068967909226265e-01,-4.842428423823816885e-01,6.485315844172256927e-01,5.615858495278219786e-01,1.286535988961003407e-01,2.601626791585653908e-03,4.085025981465539857e-01,6.634452021232924157e-02,-6.556274635569198095e-01,6.141455593138984703e-01,2.592851066790710646e-01,-2.637823414873817773e-01,3.465392955732187752e-01,7.429740144742985608e-01,-1.429380591895705599e-01,3.441671732194861444e-01
7.022623660948246194e-02,-3.725438445139085952e-01,-3.519446457724745292e-01,-1.544500212269847572e-02,-2.745904774831691153e-01,-4.771620590204382895e-01,-1.796378305247488261e-01,-4.521249212651954896e-01,-1.137737823803776083e-01,-3.249681162885360575e-01,2.301241486137925452e-01,-2.347918913245636841e-01,3.998679239903659699e-01,3.503032600000000052e-01,3.230838304501328917e-01,-8.742012518345786132e-02,2.761135642531402645e-01,1.000000000000000000e+00,1.830890307970575726e-01,3.135258252483293373e-01,4.452272917761266324e-01,7.275606217188744507e-02,-2.346562718537691938e-01,1.346912503164109376e-01,-7.055603431300028205e-02,5.011937157692462064e-01,-2.226259255847257146e-02,-2.003724095712599018e-01,-3.350877045436264079e-01,-2.787490223479272000e-02,-4.660590743841604433e-01,-2.667101776236282529e-01,-3.769565505095348601e-01,3.074482352410344843e-01,2.611923512237654954e-01,-1.977926956729671448e-01,-7.449169236171579445e-02,1.916616341148140168e-01,-2.083596334215875867e-01
-2.448594537073099098e-01,-2.779592365719159297e-02,-6.787864046310419786e-02,-4.735984698472650578e-01,-3.983595581093051785e-01,3.923792303212621929e-02,-8.963420245525414165e-01,-8.100406461928046087e-02,-5.628980307819237972e-01,-7.561605766804629924e-01,-2.244997283865559912e-01,3.803678303852832399e-02,-2.015732543281544553e-01,1.664830999999999950e-01,8.351915879625699812e-01,-4.524402416926371316e-03,-7.438895733844459457e-01,1.830890307970575726e-01,1.000000000000000000e+00,7.314152078684879599e-02,-5.883853238255835061e-01,5.275277871846608679e-01,-6.465831670697790301e-01,-6.304842848353588991e-01,2.426164716018872625e-01,-4.076087861698838299e-01,-2.266247951702539953e-01,-4.965188145259631647e-02,1.272280319934543102e-01,-6.661663052900264059e-01,-9.607022236174794783e-02,5.923260120489313163e-01,-8.148593538955225535e-01,1.803731362444488950e-01,7.391133427218145036e-01,-2.250902553666532246e-01,-5.021999173931934735e-01,2.505857737775507021e-01,-5.880927616060470653e-01
8.491974711111432983e-01,-7.888778164070919807e-01,-7.890055607559627315e-01,6.878656709829332749e-01,-5.515455408823662781e-02,-5.102413202122436653e-01,2.454397600054994133e-01,-5.123256193429785998e-01,-4.765494233288132819e-01,-4.264190389248361801e-01,-6.248701188486006919e-02,1.187164036700614489e-01,2.652516814289780367e-01,8.149535199999999868e-01,3.284958994580520764e-01,6.033255171832745400e-01,-1.788055443954528201e-01,3.135258252483293373e-01,7.314152078684879599e-02,1.000000000000000000e+00,-2.048665822855555430e-01,-3.997345808433378500e-01,-5.193762162781356828e-01,7.851146858767747705e-03,4.249662576169543904e-01,2.197326895559076343e-01,-7.636880798770632195e-01,-2.816958552158260742e-01,-8.025855500887016936e-01,-4.011390077520576858e-01,-9.249558509275782603e-01,-4.259011461875037430e-01,-3.900569355362538682e-01,-4.618397679667650135e-01,-3.627329140719521283e-01,-7.814352710286801562e-01,-4.351470983251399804e-01,5.216483969753159533e-01,1.904119853477986846e-01
-3.742605892860385169e-02,1.267525226532929816e-01,2.193669377416343769e-01,-1.283533235057520427e-01,1.211977136241305930e-01,-4.011132145985700226e-01,3.616503900603622035e-01,-3.915672208071275251e-01,6.365039548193676122e-01,3.726883316864758044e-01,2.137926759278861721e-01,-2.641842823335202040e-01,5.840198816521289249e-01,-1.945146800000000509e-01,-4.073012484448509385e-01,-5.289584012926042966e-01,8.861102258037570900e-01,4.452272917761266324e-01,-5.883853238255835061e-01,-2.048665822855555430e-01,1.000000000000000000e+00,1.443452436624197699e-01,4.031265775064827861e-01,5.558696042542387028e-01,-6.953810571604985835e-01,5.625137584717260220e-01,5.637083415364172456e-01,-4.013138546702500059e-02,-1.647640655146978828e-01,4.227833674076491577e-01,4.009863593731087528e-02,-5.769597822731091785e-01,3.452610839276190613e-01,4.551676007335596075e-01,-9.872769467070448279e-03,2.885205865572733064e-01,7.076420574626037796e-01,-6.406280685357355897e-02,1.467036561451153520e-01
-4.884855673345665505e-01,3.883123638064156502e-01,5.674633907019059897e-01,-8.848089470162319170e-01,-1.044139092045122674e-01,-1.619866212462412747e-01,-6.337577847377515727e-01,-2.590990757219979179e-01,2.298579867179094127e-01,-2.776425946428232594e-01,-3.233940126139547844e-01,-1.768222514403208212e-01,1.008890123177389186e-01,-3.857206199999999585e-01,3.382821153208197540e-01,-7.723962160961701517e-01,-4.970675226313859413e-02,7.275606217188744507e-02,5.275277871846608679e-01,-3.997345808433378500e-01,1.443452436624197699e-01,1.000000000000000000e+00,-1.745074977085629420e-01,-2.124345370016854639e-01,-5.367744934597954432e-01,-2.400361231357100444e-01,5.040996450319715771e-01,1.443051525962646409e-01,3.009654360791364502e-01,-4.981845719565981545e-01,2.975347836156523873e-01,2.652885032366052442e-01,-3.630474502936100745e-01,6.596275865765555135e-01,8.989599501259070147e-01,3.037883375947332820e-01,3.686268238393975993e-01,9.571806359914336593e-02,-5.609380474474172651e-01
-4.528157255701022454e-01,4.436415606960855129e-01,5.597725141957591299e-01,-9.955258697477120666e-02,3.594214506186728664e-01,2.675984496680568481e-01,5.144652681391637117e-01,5.607405773577437413e-01,7.972852517200644806e-01,9.337262769438748888e-01,1.838536607345051532e-01,-1.984230279344699199e-01,-3.513145856268622969e-01,-7.523487399999999603e-01,-8.779305943176478610e-01,-4.343319552759092317e-01,5.553064164634239352e-01,-2.346562718537691938e-01,-6.465831670697790301e-01,-5.193762162781356828e-01,4.031265775064827861e-01,-1.745074977085629420e-01,1.000000000000000000e+00,7.150271439403675933e-01,-4.297041754612579423e-01,2.653367696456920832e-01,6.762647237376960829e-01,5.546614779739075241e-01,4.873978522817767334e-01,6.257073525971621475e-01,6.468519243321031453e-01,3.210360858508323062e-02,8.908678471866862125e-01,-1.751498121480767750e-02,-2.342499443556739225e-01,7.823964534727587683e-01,6.467523083921010718e-01,-6.493494545871687507e-01,9.289686425386788071e-02
-2.646616500541566080e-02,1.650573827580625874e-01,1.422038232483372744e-01,1.328487133425138578e-01,1.049430581267157686e-01,-2.645226786756322279e-01,6.019206715590024181e-01,9.124069295043024663e-02,7.395647629006933954e-01,6.504104508782512228e-01,3.399394245349517951e-01,-4.829731468871040212e-01,7.021716423202573054e-02,-3.169290399999999952e-01,-6.637940391760945857e-01,-3.028222557242847279e-01,6.982068967909226265e-01,1.346912503164109376e-01,-6.304842848353588991e-01,7.851146858767747705e-03,5.558696042542387028e-01,-2.124345370016854639e-01,7.150271439403675933e-01,1.000000000000000000e+00,-4.367761525135986367e-01,6.910315749583105793e-01,4.629019357278866265e-01,2.371276024701074736e-01,-1.744796795613637319e-03,4.098912466486510087e-01,9.603212456561420474e-02,-2.949503805150762714e-01,6.331205362743957954e-01,-1.537977852741376772e-01,-3.065026199505810345e-01,3.699040097881295397e-01,5.904808986273352156e-01,-1.971859306985829230e-01,3.829806853393277755e-01
3.583104235791703673e-01,-5.005076883612293859e-01,-5.704875691951452055e-01,6.016250788143431283e-01,8.074601704836825711e-02,1.380307550124048321e-01,2.204317065779418106e-02,2.500507347414537285e-01,-7.347108452711307303e-01,-3.189358336044618158e-01,-1.283522521009305140e-01,3.396597733094158800e-01,-2.949740590673275431e-01,5.233053599999999417e-01,2.566782029768444606e-01,7.575290848339146788e-01,-4.842428423823816885e-01,-7.055603431300028205e-02,2.426164716018872625e-01,4.249662576169543904e-01,-6.953810571604985835e-01,-5.367744934597954432e-01,-4.297041754612579423e-01,-4.367761525135986367e-01,1.000000000000000000e+00,-2.361157726010800206e-01,-7.566687940330739659e-01,-1.000952342107086501e-01,-4.796710539059795275e-02,-2.304816807938052658e-01,-3.901873044345346986e-01,2.156253487926506479e-02,-2.110682007305724472e-01,-4.034696573073635606e-01,-4.002801216515076144e-01,-5.104349302487839468e-01,-7.902338691038600649e-01,1.856238303334650785e-01,1.188028534618654902e-01
2.420606881669598864e-01,-3.085783645790285412e-02,-3.610248780852820527e-01,2.473999357195954540e-01,-3.105954143657526645e-01,-6.397478082983873993e-01,4.034492625417966383e-01,-2.575827580776064440e-01,3.869519486240443618e-01,1.289295507406407471e-01,4.250146591513757621e-01,-3.306141327534051766e-01,5.340115210314976268e-01,1.799276400000000553e-01,-2.241860336630601691e-01,-7.174832472585512821e-02,6.485315844172256927e-01,5.011937157692462064e-01,-4.076087861698838299e-01,2.197326895559076343e-01,5.625137584717260220e-01,-2.400361231357100444e-01,2.653367696456920832e-01,6.910315749583105793e-01,-2.361157726010800206e-01,1.000000000000000000e+00,2.626198984605486175e-01,-1.437640114876186925e-01,-2.609307404330569735e-01,2.615718624972611095e-01,-3.332008096799344288e-01,-4.560551801935192606e-01,2.069477872843362987e-01,8.687593680715460787e-02,-2.373576025548960189e-01,-1.215450508165191457e-01,4.071948749780903154e-01,8.814791203015165388e-02,5.304677597093856445e-01
-7.113836379817550792e-01,7.301032157763177599e-01,7.659532857092363756e-01,-6.771900930403733643e-01,-1.051803724149687723e-02,3.839562347061591194e-03,-4.999484339482002625e-03,2.337334682184642742e-01,8.412462065880532691e-01,5.341431841142153525e-01,1.968049851976606812e-02,-3.420122517133238893e-01,-2.077119203644785597e-02,-8.251238800000000317e-01,-4.832365209676879325e-01,-8.844496379884120296e-01,5.615858495278219786e-01,-2.226259255847257146e-02,-2.266247951702539953e-01,-7.636880798770632195e-01,5.637083415364172456e-01,5.040996450319715771e-01,6.762647237376960829e-01,4.629019357278866265e-01,-7.566687940330739659e-01,2.626198984605486175e-01,1.000000000000000000e+00,3.844786794321145562e-01,6.147818676054184195e-01,2.688939190543002677e-01,7.032852901782785660e-01,1.161531420390212038e-01,4.871181259811465103e-01,5.248964514423221095e-01,3.879593265205828478e-01,8.085888884063727744e-01,8.411352179176809774e-01,-4.186218268915973262e-01,-1.358112976845773090e-01
-3.754793317460801139e-01,1.054137960335608526e-01,4.657872909172376952e-01,-2.157725434603161574e-01,5.511356537477173356e-01,1.404933119984684009e-01,1.508596812327331060e-01,3.752479598371438740e-01,3.928000688835340815e-01,4.791800987130217515e-01,-3.578064013708106006e-01,2.059882024819134072e-01,-5.403222528587910967e-01,-5.661989400000000394e-01,-4.238189074255033217e-01,-4.302497920478983162e-01,1.286535988961003407e-01,-2.003724095712599018e-01,-4.965188145259631647e-02,-2.816958552158260742e-01,-4.013138546702500059e-02,1.443051525962646409e-01,5.546614779739075241e-01,2.371276024701074736e-01,-1.000952342107086501e-01,-1.437640114876186925e-01,3.844786794321145562e-01,1.000000000000000000e+00,4.944764582070919068e-01,-8.313838806569912032e-02,4.165061104468499864e-01,1.564128821953210680e-01,4.151884635899087961e-01,4.625963725280360372e-02,1.350989941893019353e-01,5.441037551713955311e-01,3.524457728411276580e-01,-3.533591136137321786e-01,-4.797723035489445675e-01
-8.625723716243328676e-01,6.538230953965022962e-01,7.268666576767246479e-01,-5.454264313957819521e-01,9.212472535988452949e-02,4.920760515740775776e-01,-2.129230697768374203e-01,7.866097162661845887e-01,3.649542111669727973e-01,4.303156633560825672e-01,-1.644419535599629945e-01,-1.491417053566736484e-01,-6.374728440602029922e-01,-8.181348999999999982e-01,-3.503603996282712574e-01,-5.057090711543438255e-01,2.601626791585653908e-03,-3.350877045436264079e-01,1.272280319934543102e-01,-8.025855500887016936e-01,-1.647640655146978828e-01,3.009654360791364502e-01,4.873978522817767334e-01,-1.744796795613637319e-03,-4.796710539059795275e-02,-2.609307404330569735e-01,6.147818676054184195e-01,4.944764582070919068e-01,1.000000000000000000e+00,9.463030381056314333e-02,8.422225468865343068e-01,5.271622501165132979e-01,4.173174649602434672e-01,2.447871908496209448e-01,3.066690853074486300e-01,7.796272138863511447e-01,2.457579051767221912e-01,-5.334451678977125688e-01,-2.860937724993969367e-01
-2.050263671400723298e-01,2.494229730277323642e-01,9.814094669131490090e-02,1.501152761951218273e-01,2.377072205077873646e-02,4.587928939516847104e-01,3.611600923528937024e-01,3.611220799029734585e-01,3.535826493213937161e-01,6.042378916178091641e-01,6.897762640526285960e-01,-1.913755771368126357e-01,-2.748290900961009031e-02,-2.747689399999999615e-01,-5.463449725117828226e-01,8.653098851509211098e-02,4.085025981465539857e-01,-2.787490223479272000e-02,-6.661663052900264059e-01,-4.011390077520576858e-01,4.227833674076491577e-01,-4.981845719565981545e-01,6.257073525971621475e-01,4.098912466486510087e-01,-2.304816807938052658e-01,2.615718624972611095e-01,2.688939190543002677e-01,-8.313838806569912032e-02,9.463030381056314333e-02,1.000000000000000000e+00,4.087570754704676901e-01,2.088407820282001115e-02,5.861949785104033639e-01,-1.487970655799938924e-01,-4.216126191022546710e-01,3.762722288100638357e-01,1.727479043452720964e-01,-5.308261327425716214e-01,3.916171838901982838e-01
-8.711743190358013367e-01,7.628936482261616803e-01,8.578877741511897748e-01,-6.220149128206339251e-01,1.331488685075784550e-01,6.827659719363491364e-01,-1.596346973962780580e-01,7.010015307081773894e-01,5.273552714578032541e-01,5.892748009338630855e-01,5.986799456437175149e-02,-1.926335197542909383e-01,-5.498716958303889735e-01,-9.249197000000000113e-01,-4.581788237872443936e-01,-5.483020452749159945e-01,6.634452021232924157e-02,-4.660590743841604433e-01,-9.607022236174794783e-02,-9.249558509275782603e-01,4.009863593731087528e-02,2.975347836156523873e-01,6.468519243321031453e-01,9.603212456561420474e-02,-3.901873044345346986e-01,-3.332008096799344288e-01,7.032852901782785660e-01,4.165061104468499864e-01,8.422225468865343068e-01,4.087570754704676901e-01,1.000000000000000000e+00,5.673638986108487936e-01,5.158283125015453718e-01,1.856936346214968780e-01,2.748605182795575419e-01,8.898393155893797868e-01,3.848714284027349164e-01,-6.661414366926109443e-01,-2.326739728251072670e-01
-6.545261496586413097e-01,4.240840342696608478e-01,3.102036951688704192e-01,-5.533022765327691994e-01,-3.416658710896293139e-01,6.894158387464004445e-01,-6.934055628160159523e-01,5.550488500099385325e-01,-1.291714128320062549e-01,-1.044441948635990575e-01,2.251751597026034057e-01,-1.903055772329633466e-01,-6.494787607414083119e-01,-3.998004600000000242e-01,2.808973213672103508e-01,-5.869179714000394982e-02,-6.556274635569198095e-01,-2.667101776236282529e-01,5.923260120489313163e-01,-4.259011461875037430e-01,-5.769597822731091785e-01,2.652885032366052442e-01,3.210360858508323062e-02,-2.949503805150762714e-01,2.156253487926506479e-02,-4.560551801935192606e-01,1.161531420390212038e-01,1.564128821953210680e-01,5.271622501165132979e-01,2.088407820282001115e-02,5.673638986108487936e-01,1.000000000000000000e+00,-2.046159200687179824e-01,-1.196734231697614698e-01,5.126348760631804780e-01,3.445079151159615716e-01,-3.041834548502286850e-01,-4.060536818208630438e-01,-3.823702680163520440e-01
-2.190045926778676488e-01,3.076786713193920275e-01,4.498937863895176581e-01,1.890417590279345472e-01,4.413173344899235517e-01,2.478509296653454985e-01,7.492861293597845584e-01,5.634365898632541780e-01,7.233137747390430139e-01,9.720492771866632298e-01,6.451800714775833556e-02,-1.377164898503210055e-01,-3.064738394210019812e-01,-6.154860200000000781e-01,-9.917563311788940572e-01,-2.432907301838423408e-01,6.141455593138984703e-01,-3.769565505095348601e-01,-8.148593538955225535e-01,-3.900569355362538682e-01,3.452610839276190613e-01,-3.630474502936100745e-01,8.908678471866862125e-01,6.331205362743957954e-01,-2.110682007305724472e-01,2.069477872843362987e-01,4.871181259811465103e-01,4.151884635899087961e-01,4.173174649602434672e-01,5.861949785104033639e-01,5.158283125015453718e-01,-2.046159200687179824e-01,1.000000000000000000e+00,-1.786956657268329307e-01,-5.360076157471915792e-01,6.479994401522223280e-01,5.655930577237014978e-01,-5.658000898493414921e-01,3.227528751359999282e-01
-3.610663932540792986e-01,2.560636327423609915e-01,3.699998472097074109e-01,-6.055717582492221585e-01,8.741027676273140090e-02,-3.265129905313904901e-01,-3.394777601769856656e-01,-2.625894070193447449e-01,1.785023695812910927e-01,-1.642359203727765948e-01,-2.478542845448883924e-01,1.783110943554549743e-01,3.671999704661373931e-01,-2.237056400000000389e-01,1.705357028342604497e-01,-6.425807837715015181e-01,2.592851066790710646e-01,3.074482352410344843e-01,1.803731362444488950e-01,-4.618397679667650135e-01,4.551676007335596075e-01,6.596275865765555135e-01,-1.751498121480767750e-02,-1.537977852741376772e-01,-4.034696573073635606e-01,8.687593680715460787e-02,5.248964514423221095e-01,4.625963725280360372e-02,2.447871908496209448e-01,-1.487970655799938924e-01,1.856936346214968780e-01,-1.196734231697614698e-01,-1.786956657268329307e-01,1.000000000000000000e+00,5.997665930595249550e-01,2.017262172269678744e-01,4.481809191965753225e-01,1.124748660561145364e-01,-3.894103464241328028e-01
-5.840282487898276198e-01,3.130451603703457431e-01,4.140372718332431257e-01,-9.019213532094665364e-01,-2.741852181554045864e-01,-2.279469885640042146e-02,-8.476814291345590169e-01,-1.562854635866141872e-01,2.288457884022224165e-02,-4.162298179750872906e-01,-1.466632940175535416e-01,-1.640413477686802346e-01,-3.456266474816892947e-02,-2.979821400000000065e-01,5.315180113115243188e-01,-6.172160569828492038e-01,-2.637823414873817773e-01,2.611923512237654954e-01,7.391133427218145036e-01,-3.627329140719521283e-01,-9.872769467070448279e-03,8.989599501259070147e-01,-2.342499443556739225e-01,-3.065026199505810345e-01,-4.002801216515076144e-01,-2.373576025548960189e-01,3.879593265205828478e-01,1.350989941893019353e-01,3.066690853074486300e-01,-4.216126191022546710e-01,2.748605182795575419e-01,5.126348760631804780e-01,-5.360076157471915792e-01,5.997665930595249550e-01,1.000000000000000000e+00,2.513566422610866713e-01,1.161443549325464758e-01,5.313918844556208762e-03,-7.011565082950366179e-01
-8.385723982093515882e-01,6.209960182805948081e-01,8.928187709554615825e-01,-5.670213239030245100e-01,2.359284805174169664e-01,4.682694973536777328e-01,3.601040627034041153e-02,6.171066669856436482e-01,7.391987654581216871e-01,7.508381227244480538e-01,5.028344785606764233e-03,-3.467233460257261868e-01,-5.263358495019732075e-01,-9.760842199999999469e-01,-6.360767048305028259e-01,-7.236678729030188162e-01,3.465392955732187752e-01,-1.977926956729671448e-01,-2.250902553666532246e-01,-7.814352710286801562e-01,2.885205865572733064e-01,3.037883375947332820e-01,7.823964534727587683e-01,3.699040097881295397e-01,-5.104349302487839468e-01,-1.215450508165191457e-01,8.085888884063727744e-01,5.441037551713955311e-01,7.796272138863511447e-01,3.762722288100638357e-01,8.898393155893797868e-01,3.445079151159615716e-01,6.479994401522223280e-01,2.017262172269678744e-01,2.513566422610866713e-01,1.000000000000000000e+00,5.714471007059901408e-01,-7.065005374991717435e-01,-3.108915119478500855e-01
-2.639128080349296135e-01,4.387687046011364833e-01,5.791229909830848399e-01,-3.623674048742770992e-01,1.961584908346401812e-01,-3.121417126727475955e-01,3.673681035188599564e-01,-5.967098067889201052e-02,9.019981393664222580e-01,5.724209426684297997e-01,-1.231657450568701406e-01,-1.770915789070056368e-01,2.339927980055697965e-01,-6.026919800000000160e-01,-6.043221298467597036e-01,-7.893552724955543720e-01,7.429740144742985608e-01,-7.449169236171579445e-02,-5.021999173931934735e-01,-4.351470983251399804e-01,7.076420574626037796e-01,3.686268238393975993e-01,6.467523083921010718e-01,5.904808986273352156e-01,-7.902338691038600649e-01,4.071948749780903154e-01,8.411352179176809774e-01,3.524457728411276580e-01,2.457579051767221912e-01,1.727479043452720964e-01,3.848714284027349164e-01,-3.041834548502286850e-01,5.655930577237014978e-01,4.481809191965753225e-01,1.161443549325464758e-01,5.714471007059901408e-01,1.000000000000000000e+00,-2.651770448195655550e-01,4.874636448152792206e-02
5.463603633987819119e-01,-3.112683210603129913e-01,-4.631536252108188756e-01,2.049407664328145307e-01,-7.772825257032556223e-02,-6.108920623624177759e-01,-1.006378327955596563e-01,-6.755599911748602082e-01,-4.640328815083375469e-01,-6.241449120210603718e-01,-2.309141447715954143e-01,2.697541200503820735e-01,5.568220313472336258e-01,6.535750600000000965e-01,5.343682587128953942e-01,2.477954313148739707e-01,-1.429380591895705599e-01,1.916616341148140168e-01,2.505857737775507021e-01,5.216483969753159533e-01,-6.406280685357355897e-02,9.571806359914336593e-02,-6.493494545871687507e-01,-1.971859306985829230e-01,1.856238303334650785e-01,8.814791203015165388e-02,-4.186218268915973262e-01,-3.533591136137321786e-01,-5.334451678977125688e-01,-5.308261327425716214e-01,-6.661414366926109443e-01,-4.060536818208630438e-01,-5.658000898493414921e-01,1.124748660561145364e-01,5.313918844556208762e-03,-7.065005374991717435e-01,-2.651770448195655550e-01,1.000000000000000000e+00,1.411179118405345712e-01
4.720835705787210235e-01,5.826920382757412586e-02,-4.234914068204129745e-01,5.725584511080596961e-01,-2.386051079092824101e-01,-1.845294411973795456e-01,5.459760811525347091e-01,-4.163369510534695173e-02,1.246380453578873060e-01,1.601633798833282385e-01,4.694236292577128045e-01,-2.388677315955728409e-01,4.096652121216599607e-01,2.977167800000000142e-01,-2.905283380927152770e-01,4.242215693533770149e-01,3.441671732194861444e-01,-2.083596334215875867e-01,-5.880927616060470653e-01,1.904119853477986846e-01,1.467036561451153520e-01,-5.609380474474172651e-01,9.289686425386788071e-02,3.829806853393277755e-01,1.188028534618654902e-01,5.304677597093856445e-01,-1.358112976845773090e-01,-4.797723035489445675e-01,-2.860937724993969367e-01,3.916171838901982838e-01,-2.326739728251072670e-01,-3.823702680163520440e-01,3.227528751359999282e-01,-3.894103464241328028e-01,-7.011565082950366179e-01,-3.108915119478500855e-01,4.874636448152792206e-02,1.411179118405345712e-01,1.000000000000000000e+00
