1.000000000000000000e+00,-3.104292013014584017e-01,-2.985842112177508056e-01,-4.190833803449259265e-02,1.977367146960745670e-01,4.227259727031881242e-01,4.719947988071782619e-01,-3.292886061456020697e-01,-5.693469580651587814e-01,-1.670955941447301585e-01,-4.123973418045402961e-01,3.244486449805290829e-02,-3.187645800369841576e-01,7.634531971483659030e-01,3.508099111626620803e-01,5.316939163989927719e-01,-1.579460092081733658e-01,-3.304582868479384317e-01,-2.517209848305620445e-01,7.291276301512130686e-01,2.228823301150385794e-02,-4.205222098760877381e-01,-3.780245599999999540e-01,3.792595225417328964e-01,-1.344616327758261587e-03,1.048039413484318505e-01,-2.546183776815712507e-01,-4.245577371644390641e-01,9.641544803207775793e-02,1.628786507755501656e-01,-3.676070067011207865e-01,2.890626385901410300e-01,2.987503033414209974e-01,-4.484260046329702765e-01,4.717600145818665602e-01,3.849762481170726502e-01,2.803646405908375994e-01,-6.880803131024484931e-02,-3.566987396914770292e-01
-3.104292013014584017e-01,1.000000000000000000e+00,-3.679477157771832152e-01,4.145470602127634407e-01,4.749224098469812527e-01,-4.577470581041968578e-01,-7.776079551126159339e-01,2.392401120137868376e-01,4.966732078250730154e-01,-7.123877153817060881e-01,6.202575978682630664e-01,-3.639630913100329324e-02,2.965624103595232430e-01,-6.198357080523717588e-01,-6.482532672715949351e-01,-4.276803729706855628e-01,3.376119740262360502e-01,2.058386614024857453e-01,9.420538712062971609e-02,-6.281897761906736211e-01,7.976231415546400916e-01,-4.620939834149637715e-01,7.302796000000000287e-01,-1.006900378370038096e-01,-2.283716641440848849e-01,-1.871398447176594315e-01,-6.629327567687923750e-01,3.597970256973963554e-01,3.353113871697310788e-01,-1.209469730134314358e-01,7.488444839752120274e-02,-8.282688943979096274e-01,4.327802242104818453e-01,1.756820911081889425e-01,-6.466022999387115444e-01,-8.102630042237909391e-01,-7.472791979877824176e-01,6.165158642007819711e-01,2.464140944946259515e-01
-2.985842112177508056e-01,-3.679477157771832152e-01,1.000000000000000000e+00,1.282323211873748758e-01,-1.027528232458294888e-01,1.431942672983998466e-01,4.246591133548377472e-01,6.451408126854831782e-01,4.439351113785491854e-01,4.371219102633393527e-01,2.828728981717195667e-01,7.399038083912408137e-01,6.692688243221566191e-01,-3.711948268333222778e-01,6.150652048564999586e-01,3.141511621374790675e-01,2.977713318154103228e-01,5.153895223878297571e-01,-9.466736081966975469e-02,-1.838818248000988476e-01,-8.244552235733421108e-01,5.090814035151616235e-01,-4.947413400000000294e-01,5.702011931403871969e-01,5.146093949280341473e-01,8.357977516508328097e-01,8.191667143243903659e-01,-6.430571263902071788e-01,-1.044210420393155148e-01,-7.174153189588805546e-01,-4.062707383249967164e-01,1.249854619899729014e-01,-2.865650108744952629e-01,1.992246662694344694e-01,2.012027003248991197e-01,2.473091637037045654e-01,7.257044109016008715e-01,1.546603128855993381e-01,-6.517099445038653238e-01
-4.190833803449259265e-02,4.145470602127634407e-01,1.282323211873748758e-01,1.000000000000000000e+00,-2.589618137256000097e-01,3.839184249402840532e-01,1.353296726529422678e-01,7.347937075252625183e-01,3.609549302933682396e-02,-2.362209174587985017e-01,1.263135409806818155e-01,6.145325012394347031e-01,2.564483145663483676e-01,-1.735736361180750809e-01,3.114745062073253079e-01,5.674225807052727527e-02,1.067105948636128260e-01,8.078614134849737560e-01,3.842437864984358797e-01,5.211870556409037292e-02,1.012541852670797854e-01,-6.493129649745990779e-03,-2.205912799999999452e-01,1.733839907679023407e-01,6.081401744028884782e-01,4.012182528580199303e-01,7.612199232792650483e-02,-4.335756733718604816e-01,3.919317760433804199e-01,-3.324566599793358779e-01,-1.708891566705937615e-01,-8.257578973066451167e-02,3.506066940557795580e-02,4.156984332182274700e-01,-2.236179499864801024e-01,2.957914238900860235e-02,3.946555918251141992e-02,5.840583628512209247e-01,-5.118782241167904035e-01
1.977367146960745670e-01,4.749224098469812527e-01,-1.027528232458294888e-01,-2.589618137256000097e-01,1.000000000000000000e+00,-5.360423393894511168e-01,-4.951932857485931150e-01,-1.024472762084951694e-01,5.322995967673641582e-01,-5.676948585029075733e-01,6.340355346708238526e-01,-2.939822131892739360e-02,4.341773787272944496e-01,-3.677264019741968148e-01,-4.270058629293833063e-01,9.270248823617832645e-02,5.375697908951011517e-01,-3.163762792000786583e-01,-4.759436335385786587e-01,-4.637108406102638525e-01,4.204476191755453507e-01,-5.722951706651799864e-01,5.295829000000000786e-01,4.479845893707815052e-01,-4.592425169672588736e-01,1.021866542457593452e-01,-5.729520431163686034e-01,3.334666803324010803e-02,1.243066918672243865e-01,-2.632958789276905187e-01,-3.552243209165864557e-01,-7.328665435951213780e-01,5.682371703702986387e-01,-2.600214305378493740e-01,-2.338220419478489742e-01,-6.532948741151244354e-01,-3.019283051530268769e-01,4.042461632922983439e-01,9.344663747654574984e-03
4.227259727031881242e-01,-4.577470581041968578e-01,1.431942672983998466e-01,3.839184249402840532e-01,-5.360423393894511168e-01,1.000000000000000000e+00,8.651955575520663411e-01,2.656197229792330861e-01,-6.985192985913498687e-01,5.111424084840147097e-01,-7.348211602277207044e-01,4.456367182685037620e-01,-4.138796865800890012e-01,5.757483186344620751e-01,8.226532284262089156e-01,2.229223492942320195e-01,-3.878570693042642237e-01,4.857585509782991751e-01,-1.650078431795605483e-01,8.158479507863958258e-01,-3.660070386742790838e-01,4.942227952056221230e-01,-8.791626399999999952e-01,3.491287183292183377e-02,6.367717289399903446e-01,2.824268149557722651e-01,4.922950902370781812e-01,-4.665292317366601105e-01,5.320802039646850279e-01,2.131283393892278166e-01,6.255900959188320787e-02,7.143775439651883774e-01,-4.611051023464273757e-01,-1.667723936590746192e-01,6.140409408331006791e-01,8.573849836062316099e-01,4.605482484267807153e-01,-1.620325385687454989e-01,-4.961864951339354790e-01
4.719947988071782619e-01,-7.776079551126159339e-01,4.246591133548377472e-01,1.353296726529422678e-01,-4.951932857485931150e-01,8.651955575520663411e-01,1.000000000000000000e+00,1.758449671786745938e-01,-5.940793071279176774e-01,6.374434307994097937e-01,-6.587643985652147371e-01,4.822138128537590829e-01,-2.373228684934156063e-01,6.138828392828385994e-01,9.556847134780608322e-01,5.143463704472243103e-01,-2.818348108691307585e-01,2.921182882301480710e-01,-1.466457596848895206e-01,8.061326873424229378e-01,-7.125962816841135972e-01,5.027697001466148174e-01,-9.907291799999999871e-01,2.807415235826855038e-01,5.874064533752785255e-01,4.786939727702620440e-01,7.057013452362351780e-01,-6.781257316008932889e-01,1.571924395878602221e-01,1.727310082191971935e-02,-2.218218478158251461e-01,8.000236019105719798e-01,-4.523160864288782168e-01,-1.709275465858914322e-01,7.266598936935290132e-01,9.465281164421822657e-01,8.014093558144980145e-01,-2.466678693334234673e-01,-6.399258629572683876e-01
-3.292886061456020697e-01,2.392401120137868376e-01,6.451408126854831782e-01,7.347937075252625183e-01,-1.024472762084951694e-01,2.656197229792330861e-01,1.758449671786745938e-01,1.000000000000000000e+00,4.429815310368420134e-01,-1.893224356749731094e-02,3.846528547065604653e-01,8.702128104407930165e-01,6.357102185206575662e-01,-5.071336262177505994e-01,4.393998408400404121e-01,1.445223782655374878e-02,4.045561279865708126e-01,8.957940738553984428e-01,-1.912408574905802294e-02,-2.555643381769210909e-01,-2.721875231736085032e-01,2.717456329892187217e-01,-2.888636799999999560e-01,4.468323074648458682e-01,7.514269604611062414e-01,7.465292930100726476e-01,4.373344501929930517e-01,-5.273095868938282305e-01,3.564248869009969956e-01,-6.578957274321228788e-01,-1.529015022757575781e-01,-1.536746822169751947e-01,-3.423680102909511941e-02,2.993361970123962768e-01,-1.324749852282676443e-01,-2.077569516142624070e-02,3.080436186476229743e-01,4.910596564736774972e-01,-6.576551373053701743e-01
-5.693469580651587814e-01,4.966732078250730154e-01,4.439351113785491854e-01,3.609549302933682396e-02,5.322995967673641582e-01,-6.985192985913498687e-01,-5.940793071279176774e-01,4.429815310368420134e-01,1.000000000000000000e+00,-3.924294548048780085e-01,9.583608625253881019e-01,2.712283294405039569e-01,8.937828521708474083e-01,-8.955062988821512748e-01,-3.646119550067029591e-01,-1.820469919350782562e-01,6.200008358304082146e-01,1.625048336982722053e-01,-4.894443727572643510e-02,-9.261688030579716679e-01,2.289650554876257807e-02,-1.997968184020625371e-01,5.314101600000000758e-01,3.974477003053208390e-01,-8.588470456841738876e-02,3.694900119524380244e-01,-6.894138665366689178e-02,-9.343681179223461974e-03,-1.902631047675260867e-01,-7.352848614676318340e-01,-2.371998664692393510e-01,-7.579844872097666331e-01,3.660642591392308520e-01,2.609824051079489560e-01,-4.920834552127583139e-01,-7.566324440020584241e-01,-1.156629806424305101e-01,4.570270513582345706e-01,-6.885195904666548128e-02
-1.670955941447301585e-01,-7.123877153817060881e-01,4.371219102633393527e-01,-2.362209174587985017e-01,-5.676948585029075733e-01,5.111424084840147097e-01,6.374434307994097937e-01,-1.893224356749731094e-02,-3.924294548048780085e-01,1.000000000000000000e+00,-5.958751086376189443e-01,8.212328349108061198e-02,-3.223551437201864767e-01,2.071316711638230279e-01,5.611200954097433913e-01,1.663591379673537707e-01,-4.350710915421633906e-01,2.168926737252877268e-01,-3.032967897130357804e-02,3.974304890990441597e-01,-6.728981250908607770e-01,9.202319329848890339e-01,-6.597549600000000014e-01,-2.843861325440063537e-01,1.942840181171580083e-01,5.539128496605516538e-02,8.027919436843200529e-01,-8.834524939778953811e-02,1.074522561301961276e-01,2.536194497771478984e-01,1.803978649473740870e-01,7.379841902678012655e-01,-9.223277859664887890e-01,-5.830575940965058990e-02,4.442488166655660375e-01,7.621641679150971127e-01,4.121695607206247725e-01,-3.908154468615908650e-01,-3.257668249534523969e-02
-4.123973418045402961e-01,6.202575978682630664e-01,2.828728981717195667e-01,1.263135409806818155e-01,6.340355346708238526e-01,-7.348211602277207044e-01,-6.587643985652147371e-01,3.846528547065604653e-01,9.583608625253881019e-01,-5.958751086376189443e-01,1.000000000000000000e+00,2.228107805719771739e-01,8.726984674139031117e-01,-8.244976762775118040e-01,-4.369560791549305101e-01,-1.040359129735700383e-01,6.742259817793804233e-01,9.557487990280706669e-02,1.692947242122808116e-02,-8.861406932814660520e-01,1.960554158834441896e-01,-4.211888187793126348e-01,6.120839600000000935e-01,4.468458211132226854e-01,-1.454169222981880616e-01,3.313099351088906186e-01,-2.676986668735000241e-01,-4.313001669744444266e-02,-1.917070713610540544e-01,-7.136449035640286542e-01,-3.468377820061180894e-01,-8.569865276133060705e-01,5.352561681120823200e-01,2.758548046317519375e-01,-5.588273110205576044e-01,-8.379007707441739061e-01,-1.931338010453775567e-01,5.856166304313044080e-01,-9.092409464456371881e-02
3.244486449805290829e-02,-3.639630913100329324e-02,7.399038083912408137e-01,6.145325012394347031e-01,-2.939822131892739360e-02,4.456367182685037620e-01,4.822138128537590829e-01,8.702128104407930165e-01,2.712283294405039569e-01,8.212328349108061198e-02,2.228107805719771739e-01,1.000000000000000000e+00,6.019224928031936539e-01,-2.404277367191332559e-01,7.083335077597370244e-01,3.135446705604607587e-01,3.119831560089019185e-01,7.721846988076711549e-01,-1.616004619052769375e-01,2.945318716430520012e-02,-4.941460674540356091e-01,2.279656246758679505e-01,-5.592224599999999768e-01,7.001432941561667178e-01,7.343567251625265913e-01,9.250335925324222330e-01,5.359905259051351845e-01,-7.996849183362457758e-01,3.147510603501491033e-01,-7.047353059709068335e-01,-4.550918848864015098e-01,2.096078138092746790e-02,-2.224576413216496767e-02,6.680279253261540984e-02,2.119332026407190483e-01,2.335094034467470603e-01,6.077502899104468836e-01,4.109644525922682146e-01,-8.947075420634414966e-01
-3.187645800369841576e-01,2.965624103595232430e-01,6.692688243221566191e-01,2.564483145663483676e-01,4.341773787272944496e-01,-4.138796865800890012e-01,-2.373228684934156063e-01,6.357102185206575662e-01,8.937828521708474083e-01,-3.223551437201864767e-01,8.726984674139031117e-01,6.019224928031936539e-01,1.000000000000000000e+00,-7.266509354676989885e-01,2.968878988501322952e-02,1.313729468073814854e-01,6.107726968785255339e-01,3.474536718041857930e-01,-6.771284773068014795e-03,-6.717105494283024392e-01,-2.471353341697451744e-01,-1.710447841875765984e-01,1.713244199999999218e-01,7.010474673256918976e-01,1.924407591561246023e-01,7.172109177675978220e-01,1.432451389900893657e-01,-4.449352801085891262e-01,-1.791937244124146844e-01,-9.454923570518941611e-01,-5.214111952894340263e-01,-5.644000924724814627e-01,3.513618474477382403e-01,2.843501115628337406e-01,-2.984527824256775208e-01,-4.880559144983261377e-01,2.440751268779617622e-01,5.506686582222570792e-01,-4.820671546369865723e-01
7.634531971483659030e-01,-6.198357080523717588e-01,-3.711948268333222778e-01,-1.735736361180750809e-01,-3.677264019741968148e-01,5.757483186344620751e-01,6.138828392828385994e-01,-5.071336262177505994e-01,-8.955062988821512748e-01,2.071316711638230279e-01,-8.244976762775118040e-01,-2.404277367191332559e-01,-7.266509354676989885e-01,1.000000000000000000e+00,3.904052131855992314e-01,3.017610896306208712e-01,-4.608349097128423555e-01,-3.824078172650163809e-01,-6.408692856806885718e-02,9.172294409403026760e-01,-1.297407545040052124e-01,-5.715277705541509101e-02,-5.201093199999999861e-01,-8.286524266043739095e-02,1.039812019526459158e-01,-2.032507272719704938e-01,1.453585282937549031e-02,-1.756685016102474961e-01,-7.144777623883900863e-02,5.340545455261617169e-01,1.864945372708839977e-02,6.943092399301089568e-01,-4.918927556424020076e-02,-2.847805379176698848e-01,6.051740484009174859e-01,6.904152423535320215e-01,3.225586989921485626e-01,-5.242613912595781578e-01,-8.325315559996830650e-02
3.508099111626620803e-01,-6.482532672715949351e-01,6.150652048564999586e-01,3.114745062073253079e-01,-4.270058629293833063e-01,8.226532284262089156e-01,9.556847134780608322e-01,4.393998408400404121e-01,-3.646119550067029591e-01,5.611200954097433913e-01,-4.369560791549305101e-01,7.083335077597370244e-01,2.968878988501322952e-02,3.904052131855992314e-01,1.000000000000000000e+00,5.169776636922654989e-01,-1.181414018349206257e-01,5.007839998190558584e-01,-1.362715858975609151e-01,6.324582939534131310e-01,-7.597247016191043256e-01,5.064606183498017167e-01,-9.774654400000000187e-01,4.470530685531058923e-01,7.207519285747988613e-01,6.952794498314156524e-01,7.709113660328856810e-01,-8.122177114195369141e-01,2.022446296218653183e-01,-2.369435637267589545e-01,-3.278595002174367612e-01,6.536335127438334114e-01,-3.965057850570213316e-01,-6.164226884592777927e-02,6.305288236989851081e-01,8.338249261314059080e-01,8.500312446598252691e-01,-5.267249189374946516e-02,-8.023963868021117829e-01
5.316939163989927719e-01,-4.276803729706855628e-01,3.141511621374790675e-01,5.674225807052727527e-02,9.270248823617832645e-02,2.229223492942320195e-01,5.143463704472243103e-01,1.445223782655374878e-02,-1.820469919350782562e-01,1.663591379673537707e-01,-1.040359129735700383e-01,3.135446705604607587e-01,1.313729468073814854e-01,3.017610896306208712e-01,5.169776636922654989e-01,1.000000000000000000e+00,1.094889134025186506e-01,-3.632385495241663431e-02,1.371189598246713715e-01,4.075830351252372474e-01,-4.006580720391773598e-01,-4.277790078547848152e-02,-4.764471200000000017e-01,5.062510848738813740e-01,1.115626246338525807e-01,4.471172035548032775e-01,2.551010471752586106e-01,-6.753491876794356363e-01,-1.729223011294863943e-01,-2.181199461013953733e-01,-6.949328105547937229e-01,3.018565016705036519e-01,-8.276213270509533149e-02,-7.577434503037457081e-02,1.457228544686019756e-01,3.968511882730338947e-01,5.622857771193739973e-01,2.234172254235100574e-01,-5.672309113891323973e-01
-1.579460092081733658e-01,3.376119740262360502e-01,2.977713318154103228e-01,1.067105948636128260e-01,5.375697908951011517e-01,-3.878570693042642237e-01,-2.818348108691307585e-01,4.045561279865708126e-01,6.200008358304082146e-01,-4.350710915421633906e-01,6.742259817793804233e-01,3.119831560089019185e-01,6.107726968785255339e-01,-4.608349097128423555e-01,-1.181414018349206257e-01,1.094889134025186506e-01,1.000000000000000000e+00,9.912620035185543133e-02,-2.674210335221636203e-01,-5.073832741674373370e-01,1.266902848456022967e-01,-2.734207693610615775e-01,2.645564600000001043e-01,5.482805075440221332e-01,1.844201075280830771e-01,4.368807252618596149e-01,-8.046488565370236989e-02,-2.640617026624088592e-01,-2.190665189780769198e-02,-4.375751977663177028e-01,-3.262059940970974958e-01,-5.599153188742853615e-01,4.741763412841988878e-01,2.705839102033214538e-01,-3.913930558170382601e-01,-4.852793415507453134e-01,9.075025096556901816e-02,3.302235387631216601e-01,-3.383396405471448265e-01
-3.304582868479384317e-01,2.058386614024857453e-01,5.153895223878297571e-01,8.078614134849737560e-01,-3.163762792000786583e-01,4.857585509782991751e-01,2.921182882301480710e-01,8.957940738553984428e-01,1.625048336982722053e-01,2.168926737252877268e-01,9.557487990280706669e-02,7.721846988076711549e-01,3.474536718041857930e-01,-3.824078172650163809e-01,5.007839998190558584e-01,-3.632385495241663431e-02,9.912620035185543133e-02,1.000000000000000000e+00,1.154470748160709714e-01,-5.133008257356118376e-02,-2.309972779760989248e-01,4.964206945726687970e-01,-4.124393600000000326e-01,1.469309206564758385e-01,7.033988283230905303e-01,5.539943624883104656e-01,4.929752638181535418e-01,-4.220990733961116903e-01,5.529859031751638287e-01,-3.889637277462825171e-01,-3.381182292798234901e-02,4.758644978677051274e-02,-3.613039422534838341e-01,3.365508850436468302e-01,-6.221879989451345461e-02,1.934658448345231985e-01,1.894578505093082454e-01,4.568577887733977771e-01,-5.293958483348367716e-01
-2.517209848305620445e-01,9.420538712062971609e-02,-9.466736081966975469e-02,3.842437864984358797e-01,-4.759436335385786587e-01,-1.650078431795605483e-01,-1.466457596848895206e-01,-1.912408574905802294e-02,-4.894443727572643510e-02,-3.032967897130357804e-02,1.692947242122808116e-02,-1.616004619052769375e-01,-6.771284773068014795e-03,-6.408692856806885718e-02,-1.362715858975609151e-01,1.371189598246713715e-01,-2.674210335221636203e-01,1.154470748160709714e-01,1.000000000000000000e+00,-4.078553226146078292e-02,1.352439620514829521e-02,-4.344114278480962210e-02,1.171575600000001049e-01,-3.325421912534535784e-01,-8.425203482158431789e-02,-2.037907295611167680e-01,3.951574237675510581e-03,3.998054898898974197e-02,-4.388018737229468780e-01,-4.490011822917502893e-02,-9.265206111555589208e-02,1.132719188893966389e-01,-1.698461688029716532e-01,5.793926738424528544e-01,-4.816499693654850422e-01,-3.276675713472779194e-02,-1.182488186819112691e-01,1.810759076300805237e-01,1.442641285441978449e-01
7.291276301512130686e-01,-6.281897761906736211e-01,-1.838818248000988476e-01,5.211870556409037292e-02,-4.637108406102638525e-01,8.158479507863958258e-01,8.061326873424229378e-01,-2.555643381769210909e-01,-9.261688030579716679e-01,3.974304890990441597e-01,-8.861406932814660520e-01,2.945318716430520012e-02,-6.717105494283024392e-01,9.172294409403026760e-01,6.324582939534131310e-01,4.075830351252372474e-01,-5.073832741674373370e-01,-5.133008257356118376e-02,-4.078553226146078292e-02,1.000000000000000000e+00,-2.577935990870510174e-01,1.850893191756738110e-01,-7.467220599999999653e-01,-4.729628196413733499e-02,2.690345696039300183e-01,-1.951017207259403419e-02,2.233236191089521261e-01,-3.403389463016246452e-01,1.760287560802672457e-01,4.603913827423617988e-01,-1.646421212952546911e-02,7.946008910112538626e-01,-2.938637001687561257e-01,-2.849393402718881085e-01,6.256759268254920014e-01,8.605217288334705561e-01,4.130944128124063863e-01,-3.677099960260007405e-01,-2.756245614713864200e-01
2.228823301150385794e-02,7.976231415546400916e-01,-8.244552235733421108e-01,1.012541852670797854e-01,4.204476191755453507e-01,-3.660070386742790838e-01,-7.125962816841135972e-01,-2.721875231736085032e-01,2.289650554876257807e-02,-6.728981250908607770e-01,1.960554158834441896e-01,-4.941460674540356091e-01,-2.471353341697451744e-01,-1.297407545040052124e-01,-7.597247016191043256e-01,-4.006580720391773598e-01,1.266902848456022967e-01,-2.309972779760989248e-01,1.352439620514829521e-02,-2.577935990870510174e-01,1.000000000000000000e+00,-5.684382474090251547e-01,7.344624799999999176e-01,-3.816372732035004378e-01,-4.489727270644888746e-01,-6.162581822023556199e-01,-8.947209107164837416e-01,6.000165301188107314e-01,3.043162084444066551e-01,4.140224016053755118e-01,2.845684411781219114e-01,-5.734844010641781953e-01,4.293303969556594435e-01,-2.178343673440220896e-02,-5.160356979181143222e-01,-6.318046634504590475e-01,-8.806977183260255027e-01,2.470375446647549433e-01,5.377244605120797827e-01
-4.205222098760877381e-01,-4.620939834149637715e-01,5.090814035151616235e-01,-6.493129649745990779e-03,-5.722951706651799864e-01,4.942227952056221230e-01,5.027697001466148174e-01,2.717456329892187217e-01,-1.997968184020625371e-01,9.202319329848890339e-01,-4.211888187793126348e-01,2.279656246758679505e-01,-1.710447841875765984e-01,-5.715277705541509101e-02,5.064606183498017167e-01,-4.277790078547848152e-02,-2.734207693610615775e-01,4.964206945726687970e-01,-4.344114278480962210e-02,1.850893191756738110e-01,-5.684382474090251547e-01,1.000000000000000000e+00,-5.686471200000000614e-01,-3.080484230128413548e-01,3.622877590129510716e-01,1.288204223410563398e-01,8.176151318665569878e-01,-5.052710596222941691e-02,2.919910242064352457e-01,1.557768035390581229e-01,3.070518970311035267e-01,5.569937815311605256e-01,-9.163357548985850975e-01,1.177732173294610829e-01,2.771449317170907589e-01,6.036752871873750648e-01,2.914451803027290899e-01,-2.278656266456655088e-01,-5.803638660288877593e-02
-3.780245599999999540e-01,7.302796000000000287e-01,-4.947413400000000294e-01,-2.205912799999999452e-01,5.295829000000000786e-01,-8.791626399999999952e-01,-9.907291799999999871e-01,-2.888636799999999560e-01,5.314101600000000758e-01,-6.597549600000000014e-01,6.120839600000000935e-01,-5.592224599999999768e-01,1.713244199999999218e-01,-5.201093199999999861e-01,-9.774654400000000187e-01,-4.764471200000000017e-01,2.645564600000001043e-01,-4.124393600000000326e-01,1.171575600000001049e-01,-7.467220599999999653e-01,7.344624799999999176e-01,-5.686471200000000614e-01,1.000000000000000000e+00,-2.773103799999999675e-01,-6.535505999999999815e-01,-5.301074199999999959e-01,-7.617548400000000441e-01,6.939000200000000618e-01,-2.051313200000000059e-01,4.426864000000008126e-02,2.054138199999999692e-01,-7.793062400000000389e-01,4.988982200000000589e-01,1.105057000000000400e-01,-6.831867600000000040e-01,-9.305085800000000296e-01,-7.964986600000000250e-01,1.899666200000000860e-01,6.693872999999999074e-01
3.792595225417328964e-01,-1.006900378370038096e-01,5.702011931403871969e-01,1.733839907679023407e-01,4.479845893707815052e-01,3.491287183292183377e-02,2.807415235826855038e-01,4.468323074648458682e-01,3.974477003053208390e-01,-2.843861325440063537e-01,4.468458211132226854e-01,7.001432941561667178e-01,7.010474673256918976e-01,-8.286524266043739095e-02,4.470530685531058923e-01,5.062510848738813740e-01,5.482805075440221332e-01,1.469309206564758385e-01,-3.325421912534535784e-01,-4.729628196413733499e-02,-3.816372732035004378e-01,-3.080484230128413548e-01,-2.773103799999999675e-01,1.000000000000000000e+00,3.652100814765811831e-01,8.711708267324705934e-01,1.658685273095943380e-01,-8.156606235253869297e-01,-9.521828072872472182e-02,-7.721522030503445988e-01,-7.377725361198748111e-01,-2.151451038837712271e-01,4.851965596522583302e-01,-7.366661092800587396e-02,2.265032832974772647e-01,-3.457288145824839037e-02,6.328295580652290031e-01,3.419589055142772116e-01,-8.311363660590914693e-01
-1.344616327758261587e-03,-2.283716641440848849e-01,5.146093949280341473e-01,6.081401744028884782e-01,-4.592425169672588736e-01,6.367717289399903446e-01,5.874064533752785255e-01,7.514269604611062414e-01,-8.588470456841738876e-02,1.942840181171580083e-01,-1.454169222981880616e-01,7.343567251625265913e-01,1.924407591561246023e-01,1.039812019526459158e-01,7.207519285747988613e-01,1.115626246338525807e-01,1.844201075280830771e-01,7.033988283230905303e-01,-8.425203482158431789e-02,2.690345696039300183e-01,-4.489727270644888746e-01,3.622877590129510716e-01,-6.535505999999999815e-01,3.652100814765811831e-01,1.000000000000000000e+00,6.496498203492757639e-01,5.961208551467963579e-01,-6.383504592583291171e-01,2.557451505215700416e-01,-3.321126893705448335e-01,-5.293810993412182558e-02,3.591298318948756840e-01,-1.108667895698062650e-01,2.861388417481630642e-01,2.728444637623416158e-01,4.469292621378294084e-01,5.920529557876190729e-01,2.295672654324924095e-02,-7.164397073278607753e-01
1.048039413484318505e-01,-1.871398447176594315e-01,8.357977516508328097e-01,4.012182528580199303e-01,1.021866542457593452e-01,2.824268149557722651e-01,4.786939727702620440e-01,7.465292930100726476e-01,3.694900119524380244e-01,5.539128496605516538e-02,3.313099351088906186e-01,9.250335925324222330e-01,7.172109177675978220e-01,-2.032507272719704938e-01,6.952794498314156524e-01,4.471172035548032775e-01,4.368807252618596149e-01,5.539943624883104656e-01,-2.037907295611167680e-01,-1.951017207259403419e-02,-6.162581822023556199e-01,1.288204223410563398e-01,-5.301074199999999959e-01,8.711708267324705934e-01,6.496498203492757639e-01,1.000000000000000000e+00,5.487370110751276231e-01,-8.935611942951227071e-01,6.284628954588789007e-02,-8.137264192601436630e-01,-6.159953766024421906e-01,-7.946848081453822266e-03,9.445762107635102822e-02,1.033638690273759320e-01,2.501101923068583255e-01,1.931576477600494557e-01,7.493511825910263990e-01,3.626853428083549602e-01,-9.326356169021088327e-01
-2.546183776815712507e-01,-6.629327567687923750e-01,8.191667143243903659e-01,7.612199232792650483e-02,-5.729520431163686034e-01,4.922950902370781812e-01,7.057013452362351780e-01,4.373344501929930517e-01,-6.894138665366689178e-02,8.027919436843200529e-01,-2.676986668735000241e-01,5.359905259051351845e-01,1.432451389900893657e-01,1.453585282937549031e-02,7.709113660328856810e-01,2.551010471752586106e-01,-8.046488565370236989e-02,4.929752638181535418e-01,3.951574237675510581e-03,2.233236191089521261e-01,-8.947209107164837416e-01,8.176151318665569878e-01,-7.617548400000000441e-01,1.658685273095943380e-01,5.961208551467963579e-01,5.487370110751276231e-01,1.000000000000000000e+00,-4.928064712417269955e-01,-4.212751216991049430e-02,-2.556475558598942932e-01,-1.059624967497886788e-01,5.922553378080742670e-01,-6.534915779146223125e-01,1.550389947234254162e-01,4.228070872264570457e-01,6.746558500514140411e-01,7.567633299014812076e-01,-2.006551285057273648e-01,-4.847545244053187430e-01
-4.245577371644390641e-01,3.597970256973963554e-01,-6.430571263902071788e-01,-4.335756733718604816e-01,3.334666803324010803e-02,-4.665292317366601105e-01,-6.781257316008932889e-01,-5.273095868938282305e-01,-9.343681179223461974e-03,-8.834524939778953811e-02,-4.313001669744444266e-02,-7.996849183362457758e-01,-4.449352801085891262e-01,-1.756685016102474961e-01,-8.122177114195369141e-01,-6.753491876794356363e-01,-2.640617026624088592e-01,-4.220990733961116903e-01,3.998054898898974197e-02,-3.403389463016246452e-01,6.000165301188107314e-01,-5.052710596222941691e-02,6.939000200000000618e-01,-8.156606235253869297e-01,-6.383504592583291171e-01,-8.935611942951227071e-01,-4.928064712417269955e-01,1.000000000000000000e+00,-6.507877048233908640e-03,6.063572336205604874e-01,7.097634912650726546e-01,-2.357312783392648270e-01,-5.950476664936740767e-02,-1.354772754766424558e-01,-3.567871940575806922e-01,-4.304710707253076030e-01,-8.181722645649348591e-01,-2.909156842124532849e-01,9.670294824790649502e-01
9.641544803207775793e-02,3.353113871697310788e-01,-1.044210420393155148e-01,3.919317760433804199e-01,1.243066918672243865e-01,5.320802039646850279e-01,1.571924395878602221e-01,3.564248869009969956e-01,-1.902631047675260867e-01,1.074522561301961276e-01,-1.917070713610540544e-01,3.147510603501491033e-01,-1.791937244124146844e-01,-7.144777623883900863e-02,2.022446296218653183e-01,-1.729223011294863943e-01,-2.190665189780769198e-02,5.529859031751638287e-01,-4.388018737229468780e-01,1.760287560802672457e-01,3.043162084444066551e-01,2.919910242064352457e-01,-2.051313200000000059e-01,-9.521828072872472182e-02,2.557451505215700416e-01,6.284628954588789007e-02,-4.212751216991049430e-02,-6.507877048233908640e-03,1.000000000000000000e+00,2.254636883723143692e-01,2.306606458966446449e-01,-3.161401586004990855e-02,-2.689123480905639685e-01,-2.090262713672128014e-01,9.863097906986842411e-02,1.367556957776708548e-01,-2.720498355024468240e-01,2.849803490435326436e-01,-1.328153073993247058e-01
1.628786507755501656e-01,-1.209469730134314358e-01,-7.174153189588805546e-01,-3.324566599793358779e-01,-2.632958789276905187e-01,2.131283393892278166e-01,1.727310082191971935e-02,-6.578957274321228788e-01,-7.352848614676318340e-01,2.536194497771478984e-01,-7.136449035640286542e-01,-7.047353059709068335e-01,-9.454923570518941611e-01,5.340545455261617169e-01,-2.369435637267589545e-01,-2.181199461013953733e-01,-4.375751977663177028e-01,-3.889637277462825171e-01,-4.490011822917502893e-02,4.603913827423617988e-01,4.140224016053755118e-01,1.557768035390581229e-01,4.426864000000008126e-02,-7.721522030503445988e-01,-3.321126893705448335e-01,-8.137264192601436630e-01,-2.556475558598942932e-01,6.063572336205604874e-01,2.254636883723143692e-01,1.000000000000000000e+00,5.779637115454315799e-01,3.571734072293522022e-01,-3.316915616412293710e-01,-2.278057546236810227e-01,1.122716067430417353e-01,2.802430937436283243e-01,-4.356468282213757370e-01,-4.632913816647801775e-01,6.312940628023759881e-01
-3.676070067011207865e-01,7.488444839752120274e-02,-4.062707383249967164e-01,-1.708891566705937615e-01,-3.552243209165864557e-01,6.255900959188320787e-02,-2.218218478158251461e-01,-1.529015022757575781e-01,-2.371998664692393510e-01,1.803978649473740870e-01,-3.468377820061180894e-01,-4.550918848864015098e-01,-5.214111952894340263e-01,1.864945372708839977e-02,-3.278595002174367612e-01,-6.949328105547937229e-01,-3.262059940970974958e-01,-3.381182292798234901e-02,-9.265206111555589208e-02,-1.646421212952546911e-02,2.845684411781219114e-01,3.070518970311035267e-01,2.054138199999999692e-01,-7.377725361198748111e-01,-5.293810993412182558e-02,-6.159953766024421906e-01,-1.059624967497886788e-01,7.097634912650726546e-01,2.306606458966446449e-01,5.779637115454315799e-01,1.000000000000000000e+00,1.658202827372954880e-01,-2.619404767900997966e-01,-8.227602960819636879e-02,-1.357005840572600430e-01,-1.685200816817002470e-02,-4.862665224220634186e-01,-4.470323011234427213e-01,6.299661227140445074e-01
2.890626385901410300e-01,-8.282688943979096274e-01,1.249854619899729014e-01,-8.257578973066451167e-02,-7.328665435951213780e-01,7.143775439651883774e-01,8.000236019105719798e-01,-1.536746822169751947e-01,-7.579844872097666331e-01,7.379841902678012655e-01,-8.569865276133060705e-01,2.096078138092746790e-02,-5.644000924724814627e-01,6.943092399301089568e-01,6.536335127438334114e-01,3.018565016705036519e-01,-5.599153188742853615e-01,4.758644978677051274e-02,1.132719188893966389e-01,7.946008910112538626e-01,-5.734844010641781953e-01,5.569937815311605256e-01,-7.793062400000000389e-01,-2.151451038837712271e-01,3.591298318948756840e-01,-7.946848081453822266e-03,5.922553378080742670e-01,-2.357312783392648270e-01,-3.161401586004990855e-02,3.571734072293522022e-01,1.658202827372954880e-01,1.000000000000000000e+00,-6.132297281281141599e-01,-8.829840274203734629e-02,5.010632426602296130e-01,9.125145539453223265e-01,5.177858776588468714e-01,-6.052222040456772811e-01,-1.606285676062011725e-01
2.987503033414209974e-01,4.327802242104818453e-01,-2.865650108744952629e-01,3.506066940557795580e-02,5.682371703702986387e-01,-4.611051023464273757e-01,-4.523160864288782168e-01,-3.423680102909511941e-02,3.660642591392308520e-01,-9.223277859664887890e-01,5.352561681120823200e-01,-2.224576413216496767e-02,3.513618474477382403e-01,-4.918927556424020076e-02,-3.965057850570213316e-01,-8.276213270509533149e-02,4.741763412841988878e-01,-3.613039422534838341e-01,-1.698461688029716532e-01,-2.938637001687561257e-01,4.293303969556594435e-01,-9.163357548985850975e-01,4.988982200000000589e-01,4.851965596522583302e-01,-1.108667895698062650e-01,9.445762107635102822e-02,-6.534915779146223125e-01,-5.950476664936740767e-02,-2.689123480905639685e-01,-3.316915616412293710e-01,-2.619404767900997966e-01,-6.132297281281141599e-01,1.000000000000000000e+00,-7.994590385729692661e-02,-1.809823368417878831e-01,-6.218238177734708438e-01,-1.243723753688892181e-01,1.842455057693331011e-01,-1.055512241923074329e-01
-4.484260046329702765e-01,1.756820911081889425e-01,1.992246662694344694e-01,4.156984332182274700e-01,-2.600214305378493740e-01,-1.667723936590746192e-01,-1.709275465858914322e-01,2.993361970123962768e-01,2.609824051079489560e-01,-5.830575940965058990e-02,2.758548046317519375e-01,6.680279253261540984e-02,2.843501115628337406e-01,-2.847805379176698848e-01,-6.164226884592777927e-02,-7.577434503037457081e-02,2.705839102033214538e-01,3.365508850436468302e-01,5.793926738424528544e-01,-2.849393402718881085e-01,-2.178343673440220896e-02,1.177732173294610829e-01,1.105057000000000400e-01,-7.366661092800587396e-02,2.861388417481630642e-01,1.033638690273759320e-01,1.550389947234254162e-01,-1.354772754766424558e-01,-2.090262713672128014e-01,-2.278057546236810227e-01,-8.227602960819636879e-02,-8.829840274203734629e-02,-7.994590385729692661e-02,1.000000000000000000e+00,-4.727929472931307053e-01,-1.713871104586673078e-01,-2.292655944879267230e-02,1.762844852001993479e-01,-6.783208944655581829e-02
4.717600145818665602e-01,-6.466022999387115444e-01,2.012027003248991197e-01,-2.236179499864801024e-01,-2.338220419478489742e-01,6.140409408331006791e-01,7.266598936935290132e-01,-1.324749852282676443e-01,-4.920834552127583139e-01,4.442488166655660375e-01,-5.588273110205576044e-01,2.119332026407190483e-01,-2.984527824256775208e-01,6.051740484009174859e-01,6.305288236989851081e-01,1.457228544686019756e-01,-3.913930558170382601e-01,-6.221879989451345461e-02,-4.816499693654850422e-01,6.256759268254920014e-01,-5.160356979181143222e-01,2.771449317170907589e-01,-6.831867600000000040e-01,2.265032832974772647e-01,2.728444637623416158e-01,2.501101923068583255e-01,4.228070872264570457e-01,-3.567871940575806922e-01,9.863097906986842411e-02,1.122716067430417353e-01,-1.357005840572600430e-01,5.010632426602296130e-01,-1.809823368417878831e-01,-4.727929472931307053e-01,1.000000000000000000e+00,6.976367419594936559e-01,5.880841892633777990e-01,-3.377243709040195219e-01,-3.344874196821926993e-01
3.849762481170726502e-01,-8.102630042237909391e-01,2.473091637037045654e-01,2.957914238900860235e-02,-6.532948741151244354e-01,8.573849836062316099e-01,9.465281164421822657e-01,-2.077569516142624070e-02,-7.566324440020584241e-01,7.621641679150971127e-01,-8.379007707441739061e-01,2.335094034467470603e-01,-4.880559144983261377e-01,6.904152423535320215e-01,8.338249261314059080e-01,3.968511882730338947e-01,-4.852793415507453134e-01,1.934658448345231985e-01,-3.276675713472779194e-02,8.605217288334705561e-01,-6.318046634504590475e-01,6.036752871873750648e-01,-9.305085800000000296e-01,-3.457288145824839037e-02,4.469292621378294084e-01,1.931576477600494557e-01,6.746558500514140411e-01,-4.304710707253076030e-01,1.367556957776708548e-01,2.802430937436283243e-01,-1.685200816817002470e-02,9.125145539453223265e-01,-6.218238177734708438e-01,-1.713871104586673078e-01,6.976367419594936559e-01,1.000000000000000000e+00,6.408238025502563939e-01,-3.938464370728867459e-01,-3.736530344523458225e-01
2.803646405908375994e-01,-7.472791979877824176e-01,7.257044109016008715e-01,3.946555918251141992e-02,-3.019283051530268769e-01,4.605482484267807153e-01,8.014093558144980145e-01,3.080436186476229743e-01,-1.156629806424305101e-01,4.121695607206247725e-01,-1.931338010453775567e-01,6.077502899104468836e-01,2.440751268779617622e-01,3.225586989921485626e-01,8.500312446598252691e-01,5.622857771193739973e-01,9.075025096556901816e-02,1.894578505093082454e-01,-1.182488186819112691e-01,4.130944128124063863e-01,-8.806977183260255027e-01,2.914451803027290899e-01,-7.964986600000000250e-01,6.328295580652290031e-01,5.920529557876190729e-01,7.493511825910263990e-01,7.567633299014812076e-01,-8.181722645649348591e-01,-2.720498355024468240e-01,-4.356468282213757370e-01,-4.862665224220634186e-01,5.177858776588468714e-01,-1.243723753688892181e-01,-2.292655944879267230e-02,5.880841892633777990e-01,6.408238025502563939e-01,1.000000000000000000e+00,-1.822706591540959875e-01,-7.818513644049983613e-01
-6.880803131024484931e-02,6.165158642007819711e-01,1.546603128855993381e-01,5.840583628512209247e-01,4.042461632922983439e-01,-1.620325385687454989e-01,-2.466678693334234673e-01,4.910596564736774972e-01,4.570270513582345706e-01,-3.908154468615908650e-01,5.856166304313044080e-01,4.109644525922682146e-01,5.506686582222570792e-01,-5.242613912595781578e-01,-5.267249189374946516e-02,2.234172254235100574e-01,3.302235387631216601e-01,4.568577887733977771e-01,1.810759076300805237e-01,-3.677099960260007405e-01,2.470375446647549433e-01,-2.278656266456655088e-01,1.899666200000000860e-01,3.419589055142772116e-01,2.295672654324924095e-02,3.626853428083549602e-01,-2.006551285057273648e-01,-2.909156842124532849e-01,2.849803490435326436e-01,-4.632913816647801775e-01,-4.470323011234427213e-01,-6.052222040456772811e-01,1.842455057693331011e-01,1.762844852001993479e-01,-3.377243709040195219e-01,-3.938464370728867459e-01,-1.822706591540959875e-01,1.000000000000000000e+00,-3.129933387308296844e-01
-3.566987396914770292e-01,2.464140944946259515e-01,-6.517099445038653238e-01,-5.118782241167904035e-01,9.344663747654574984e-03,-4.961864951339354790e-01,-6.399258629572683876e-01,-6.576551373053701743e-01,-6.885195904666548128e-02,-3.257668249534523969e-02,-9.092409464456371881e-02,-8.947075420634414966e-01,-4.820671546369865723e-01,-8.325315559996830650e-02,-8.023963868021117829e-01,-5.672309113891323973e-01,-3.383396405471448265e-01,-5.293958483348367716e-01,1.442641285441978449e-01,-2.756245614713864200e-01,5.377244605120797827e-01,-5.803638660288877593e-02,6.693872999999999074e-01,-8.311363660590914693e-01,-7.164397073278607753e-01,-9.326356169021088327e-01,-4.847545244053187430e-01,9.670294824790649502e-01,-1.328153073993247058e-01,6.312940628023759881e-01,6.299661227140445074e-01,-1.606285676062011725e-01,-1.055512241923074329e-01,-6.783208944655581829e-02,-3.344874196821926993e-01,-3.736530344523458225e-01,-7.818513644049983613e-01,-3.129933387308296844e-01,1.000000000000000000e+00
