1.000000000000000000e+00,-7.557738557025817094e-02,-7.043255801041887754e-01,-5.009915391782132632e-01,-7.836304164294297658e-01,5.724618513467653047e-01,-8.273831799999999959e-01,-4.973033614397947000e-01,-5.149868750868006329e-01,-6.517452101554346289e-01,-1.941896750012300559e-03,3.390824687486669875e-01,5.346719300198278235e-01,7.475438218438229532e-01,-1.196672915710898372e-01,4.521210967916926560e-01,8.301463334891445722e-01,4.497396772486604855e-01,-5.458762500733621570e-01,-2.956051724499622613e-01,4.374146580768984993e-01,2.461301956970003146e-01,1.758800821962953620e-01,-2.602150601434834454e-01,3.796805816316011217e-01,7.697601089028049959e-01,6.510737384554446394e-03,4.882142805061263080e-01,2.701840318305146482e-01,1.907175580132994541e-01,-7.378478686413255661e-01,1.253316556408231031e-01,-3.656110460337857332e-02,1.161105658605080526e-01,5.744556224214708573e-01,-5.075525779563058171e-01,-3.732011884376837951e-01,6.786119704497964866e-01,-1.317563478977438751e-01
-7.557738557025817094e-02,1.000000000000000000e+00,-3.983773456201169516e-01,-6.589806263097197636e-01,-3.052317496416179776e-01,2.873506369831066443e-01,-3.108319200000000393e-01,2.395340163033600756e-01,-3.097285686300857988e-01,1.197831670673138449e-02,-2.578086787270476021e-01,-1.995814900653066493e-01,6.553777783407976898e-01,3.678116285649245532e-01,-5.662989225934305093e-01,5.430765668414309078e-01,2.283397275366629703e-02,1.884452454211945072e-01,2.390755323800375365e-01,-3.176755421742477603e-01,5.276273204440018461e-01,4.100296632038583633e-01,6.132813234770739808e-02,-2.617225046133048738e-01,-5.366613705302719639e-01,3.509462651764582719e-01,1.084477376398642889e-01,-5.183617923751889789e-01,-8.399189671473539232e-02,-8.693132722847254912e-02,2.592513845684527585e-01,2.087277098580479218e-01,3.171425246791733099e-01,-2.580612882443030776e-01,1.023926725250354497e-01,6.396325682259336454e-02,-3.389632375002907261e-01,2.322607001855303832e-01,-9.840783734974414831e-02
-7.043255801041887754e-01,-3.983773456201169516e-01,1.000000000000000000e+00,7.974624177805818004e-01,9.476447395820232211e-01,-4.509639100821148383e-01,9.105027000000001092e-01,3.349953260258993204e-01,4.883114468799403252e-01,7.589012224548208341e-01,2.291043205335770994e-01,-8.040276299153437112e-02,-7.958608713333509277e-01,-9.304307173656738428e-01,2.406005912432274130e-01,-7.192677487274129478e-01,-7.404228034038000672e-01,-6.436476144998959370e-01,4.691357760229695195e-01,3.809360494006298614e-01,-9.050439256656208631e-01,-1.655583976314119465e-01,-4.289447166554663515e-02,3.782190672581639546e-01,7.073954807413296297e-03,-8.849710380135189514e-01,7.606659958417513745e-02,-2.502957374787536104e-01,-8.820304499737208204e-02,1.130657651850004719e-01,6.665318351331371849e-01,-1.547329323655035338e-01,-8.956903318833273064e-02,-4.227217191384645689e-01,-4.891907625136296400e-01,4.758578003494145503e-01,5.975281161217144144e-01,-6.350933212284300966e-01,2.390048828722968477e-01
-5.009915391782132632e-01,-6.589806263097197636e-01,7.974624177805818004e-01,1.000000000000000000e+00,6.854058563149034722e-01,-2.923842385431839053e-01,6.836853599999999087e-01,8.078382612388612660e-02,4.421791461004341839e-01,4.177487411914512783e-01,2.088367204279447664e-01,9.634798154673637760e-02,-7.915971727086485998e-01,-6.813321693350669062e-01,4.230023085797605664e-01,-6.445598736284837704e-01,-4.387743297465875880e-01,-3.938140923941368388e-01,2.232590125256072311e-01,5.768673969824100745e-01,-7.173655744476534757e-01,-2.707721958831358910e-01,-1.389491170848969059e-01,2.049928373324788056e-01,2.146927439707554397e-01,-6.757082177300737236e-01,-2.552387692111374728e-01,3.961989230007501028e-02,-1.094212920969289682e-01,-4.360010905573401263e-02,2.800534170039601367e-01,-3.185912511562117855e-01,-3.013891663939436416e-01,-6.334814069750183130e-02,-4.496042933388713636e-01,2.624235683273853925e-01,4.332963501083386126e-01,-5.647000242264665903e-01,2.647383222055580410e-01
-7.836304164294297658e-01,-3.052317496416179776e-01,9.476447395820232211e-01,6.854058563149034722e-01,1.000000000000000000e+00,-6.598211396720708999e-01,9.161786199999999436e-01,3.060217700004057573e-01,4.582793369600136613e-01,8.423642909415973712e-01,3.662092735110341613e-01,-1.012814019134416904e-01,-7.072028077668268686e-01,-9.855096510912167984e-01,3.217060337509550783e-01,-6.399884506249140514e-01,-8.890108243791078335e-01,-7.841062181041245083e-01,4.649866940227248002e-01,1.531385943926786841e-01,-8.205862000567761827e-01,-1.831263602729653606e-01,1.181381568995918951e-01,5.677949092478260518e-01,-1.161646096391728486e-02,-9.577633302098407242e-01,6.809240871627995906e-02,-2.619151817926093639e-01,5.890370812481571239e-02,1.770827998668010606e-01,7.552130306462864207e-01,2.334827851621925580e-03,1.357876505294497160e-01,-4.162933216464745900e-01,-3.506453074650475177e-01,3.693978029063378354e-01,6.903246486372774937e-01,-5.401116177036191512e-01,4.291628668011920889e-02
5.724618513467653047e-01,2.873506369831066443e-01,-4.509639100821148383e-01,-2.923842385431839053e-01,-6.598211396720708999e-01,1.000000000000000000e+00,-6.328340399999999866e-01,-2.099448647896854370e-01,-4.070882272961302561e-01,-4.928203197653222012e-01,-3.065515586738544740e-01,1.942613956743169668e-01,4.715411309727050027e-01,7.054005992608918252e-01,-4.050538141181549423e-01,4.546981727184204458e-01,7.009024243133072929e-01,5.856032511371651594e-01,-4.892025096414043261e-02,1.314433372813688383e-01,3.503753281740242809e-01,4.760349978206316335e-01,-1.150542283790391695e-01,-5.918981736729675980e-01,8.436857447995126102e-02,6.877247156456579580e-01,-1.450121420521698901e-01,5.795880833337260785e-02,-1.309601934752252506e-01,-1.745115609469876650e-01,-4.253561718851124329e-01,-2.597825555661892327e-01,-2.544889745744841614e-01,2.077814374296887978e-02,8.570667878133431117e-02,-4.645852940610933901e-02,-5.182689256204959793e-01,2.823978984150982696e-01,1.906623165038867918e-01
-8.273831799999999959e-01,-3.108319200000000393e-01,9.105027000000001092e-01,6.836853599999999087e-01,9.161786199999999436e-01,-6.328340399999999866e-01,1.000000000000000000e+00,5.510535599999999423e-01,7.373800600000000038e-01,6.262285800000000346e-01,4.336500000000009791e-02,-2.330092999999999748e-01,-8.648430999999999758e-01,-9.132898400000000194e-01,2.564241400000000226e-01,-7.458337400000000228e-01,-7.990656800000000004e-01,-4.798494399999999604e-01,5.273696999999999413e-01,3.974591800000000230e-01,-7.958171800000000129e-01,-4.522694200000000331e-01,-2.655499000000000054e-01,3.186326600000000120e-01,-1.385446999999999651e-01,-9.090270799999999873e-01,1.993440399999999446e-01,-2.683519800000000455e-01,-3.089559600000000295e-01,-1.403186800000000289e-01,6.202394799999999542e-01,-1.269378799999999474e-01,-8.298223999999998490e-02,-2.919760599999999817e-01,-6.057596800000000226e-01,5.932424599999999160e-01,5.777128400000000052e-01,-8.124122799999999867e-01,2.753995199999998977e-01
-4.973033614397947000e-01,2.395340163033600756e-01,3.349953260258993204e-01,8.078382612388612660e-02,3.060217700004057573e-01,-2.099448647896854370e-01,5.510535599999999423e-01,1.000000000000000000e+00,6.023922460360187081e-01,1.961782301121801908e-01,-5.596452671051261873e-01,-6.399726689142855030e-01,-4.446224623563893585e-01,-2.531112159810364193e-01,-3.426328423516292743e-01,-3.314951967546115319e-01,-4.126739872287309985e-01,1.712359800130573151e-01,6.273761241215213280e-01,4.200859598121302052e-01,-1.984270524832729143e-01,-2.834113949032902036e-01,-5.922714700677516042e-01,-3.116643095052511470e-01,-5.222873497311414370e-01,-2.835622275557761474e-01,4.074543132954480673e-01,-4.868005940302334023e-01,-7.262124545809846010e-01,-4.673366104745481087e-01,4.380362837321345459e-01,1.906878556577425721e-01,-9.042050653794617143e-02,-3.313048909110238305e-01,-4.464785706520090214e-01,8.436005024294490617e-01,7.726875254465888354e-02,-6.417683117821374461e-01,6.582195165977624551e-01
-5.149868750868006329e-01,-3.097285686300857988e-01,4.883114468799403252e-01,4.421791461004341839e-01,4.582793369600136613e-01,-4.070882272961302561e-01,7.373800600000000038e-01,6.023922460360187081e-01,1.000000000000000000e+00,-2.654533282303751102e-02,-2.085336835514876586e-01,-8.225996690598354200e-02,-8.261482457966533577e-01,-4.803584180270549786e-01,4.017990551069590688e-01,-5.909847067447021596e-01,-4.267108036761093071e-01,9.637450621483062418e-02,5.106563519156246400e-01,4.164612939651747836e-01,-5.269767226681535410e-01,-8.488416279581231239e-01,-5.722952184016611987e-01,7.142128495644678443e-02,5.703990212284048428e-02,-6.019632259041672873e-01,3.111457568155064357e-01,1.020717521381318410e-01,-5.701343364757073262e-01,-6.601721875147881224e-01,5.330018141324330272e-02,-1.105537068288408031e-01,-1.368588658283165782e-01,3.754579905695582670e-02,-5.750448183274504688e-01,5.906233537490713781e-01,4.751699923970326700e-01,-8.323523476331587956e-01,3.317963767172268374e-01
-6.517452101554346289e-01,1.197831670673138449e-02,7.589012224548208341e-01,4.177487411914512783e-01,8.423642909415973712e-01,-4.928203197653222012e-01,6.262285800000000346e-01,1.961782301121801908e-01,-2.654533282303751102e-02,1.000000000000000000e+00,3.620023152968079860e-01,-2.568684536057836421e-01,-2.728893630385355040e-01,-7.828263901076130127e-01,-4.455799105043471708e-02,-2.788802742970621362e-01,-8.113149761950435579e-01,-8.603862722628040638e-01,3.870850152765479835e-01,-1.540025406748046777e-02,-5.313741804328091511e-01,3.244197977188700843e-01,3.665297775731122254e-01,4.835846818373467637e-01,-2.460985547487202219e-01,-7.084063840677160551e-01,-8.561323399902243114e-02,-5.580874881337464233e-01,2.405427936736768135e-01,4.763462738556597520e-01,9.396467597644099223e-01,1.672573843850088393e-01,2.753172181593895873e-01,-5.601774619008085265e-01,-8.883430129289547617e-02,2.646238561186715632e-01,4.349716964174882849e-01,-1.732669221196004306e-01,1.043345124168865157e-02
-1.941896750012300559e-03,-2.578086787270476021e-01,2.291043205335770994e-01,2.088367204279447664e-01,3.662092735110341613e-01,-3.065515586738544740e-01,4.336500000000009791e-02,-5.596452671051261873e-01,-2.085336835514876586e-01,3.620023152968079860e-01,1.000000000000000000e+00,6.397194831346287858e-01,1.123182057827708420e-02,-3.927163661538544126e-01,6.960734171841100881e-01,-6.292348939040780242e-02,-3.588617482443893225e-01,-7.671119145620789448e-01,-5.951251871550651551e-02,-6.517758848717650766e-01,-3.514129189146519283e-01,1.031703026239803728e-01,8.799457842371929406e-01,8.763288305728423877e-01,6.972877789418790995e-01,-4.085175707133976708e-01,-1.006457415871318262e-01,4.460896876307217096e-01,9.061593197490512841e-01,5.161241406528989106e-01,1.184682143689514966e-01,3.247664785853655034e-01,6.204643368415444504e-01,-1.772605688914719035e-01,5.367970225884219904e-01,-5.846059938119817501e-01,7.025205231001504513e-01,4.317534653266001943e-01,-7.502925604195347375e-01
3.390824687486669875e-01,-1.995814900653066493e-01,-8.040276299153437112e-02,9.634798154673637760e-02,-1.012814019134416904e-01,1.942613956743169668e-01,-2.330092999999999748e-01,-6.399726689142855030e-01,-8.225996690598354200e-02,-2.568684536057836421e-01,6.397194831346287858e-01,1.000000000000000000e+00,7.196796725234304304e-02,3.432449434738175931e-02,6.346573687282850429e-01,-2.162445240992613357e-02,2.199042011499678095e-01,-1.501107328438423261e-01,-2.195069782707770867e-01,-4.143421066418280230e-01,-2.038440012085398212e-01,-1.172174369344931993e-01,4.615917477109414135e-01,4.473734270250180889e-01,7.725709719213174065e-01,-1.622227795653122771e-03,-4.296761709421613104e-03,6.574072891080157133e-01,5.744443037764993543e-01,1.264735591337754483e-01,-4.499274406851643815e-01,-5.835554349880484049e-02,1.992813806128862220e-01,-2.005910168575323477e-02,2.510520426853825038e-01,-6.454339276792713243e-01,3.776378171215773460e-01,3.374874774537735544e-01,-5.964230199815344635e-01
5.346719300198278235e-01,6.553777783407976898e-01,-7.958608713333509277e-01,-7.915971727086485998e-01,-7.072028077668268686e-01,4.715411309727050027e-01,-8.648430999999999758e-01,-4.446224623563893585e-01,-8.261482457966533577e-01,-2.728893630385355040e-01,1.123182057827708420e-02,7.196796725234304304e-02,1.000000000000000000e+00,7.359023497966811211e-01,-4.215696367315321380e-01,8.469825737652986186e-01,4.942441738034010212e-01,2.215489503362204071e-01,-3.451626421929608890e-01,-5.520813358627678635e-01,8.094148822256119757e-01,6.444068583264407346e-01,4.184463579274092515e-01,-1.865478941367691712e-01,-1.530507331928563086e-01,7.462478467018036632e-01,-1.985531765267203874e-01,-9.832007235550432878e-02,3.804534434438353041e-01,2.741009515214002934e-01,-2.079421180474004816e-01,2.218498461059963955e-01,3.104079070361028814e-01,7.923253703922006341e-02,5.943685553007157507e-01,-5.147373434722607444e-01,-5.334647596302144468e-01,8.144237142065489099e-01,-3.833350096048590561e-01
7.475438218438229532e-01,3.678116285649245532e-01,-9.304307173656738428e-01,-6.813321693350669062e-01,-9.855096510912167984e-01,7.054005992608918252e-01,-9.132898400000000194e-01,-2.531112159810364193e-01,-4.803584180270549786e-01,-7.828263901076130127e-01,-3.927163661538544126e-01,3.432449434738175931e-02,7.359023497966811211e-01,1.000000000000000000e+00,-3.786045900932644148e-01,7.237398656538222008e-01,8.338984827134570121e-01,7.769090298945644513e-01,-3.460376803022355285e-01,-1.276709876779227315e-01,8.480584041281565844e-01,2.717779280006168419e-01,-1.044757868691251618e-01,-5.877290007276586570e-01,-3.746662760960707550e-02,9.436622359387828451e-01,-1.421439578397344361e-01,1.586121733595229621e-01,-8.681344079087968679e-02,-2.189666969203261371e-01,-6.667668640549769821e-01,5.422212218667527700e-02,-7.903791872085112746e-02,3.687890880262788551e-01,3.785974205436324347e-01,-2.826156830581860180e-01,-6.919705810091318909e-01,5.470264548603765986e-01,2.805461595973023081e-02
-1.196672915710898372e-01,-5.662989225934305093e-01,2.406005912432274130e-01,4.230023085797605664e-01,3.217060337509550783e-01,-4.050538141181549423e-01,2.564241400000000226e-01,-3.426328423516292743e-01,4.017990551069590688e-01,-4.455799105043471708e-02,6.960734171841100881e-01,6.346573687282850429e-01,-4.215696367315321380e-01,-3.786045900932644148e-01,1.000000000000000000e+00,-2.966433512349541668e-01,-3.025631162377638295e-01,-3.608899421121603002e-01,5.121197689282104559e-02,-2.642340980449643384e-01,-4.141252173037639484e-01,-5.567736830169044415e-01,3.437636461766109264e-01,7.184523863394182142e-01,7.936665658135805268e-01,-5.155273759869933858e-01,-3.906548135044217440e-02,6.936648240302194512e-01,4.306552600277291365e-01,-1.135811691583777649e-01,-2.292838885216479661e-01,1.113176659049262412e-01,3.421997778069127971e-01,2.568192704381278557e-01,1.657813745996418453e-01,-3.211430697245949983e-01,7.594131776292640801e-01,-3.829059666895852365e-02,-5.058770325808008561e-01
4.521210967916926560e-01,5.430765668414309078e-01,-7.192677487274129478e-01,-6.445598736284837704e-01,-6.399884506249140514e-01,4.546981727184204458e-01,-7.458337400000000228e-01,-3.314951967546115319e-01,-5.909847067447021596e-01,-2.788802742970621362e-01,-6.292348939040780242e-02,-2.162445240992613357e-02,8.469825737652986186e-01,7.237398656538222008e-01,-2.966433512349541668e-01,1.000000000000000000e+00,3.425629467397464656e-01,2.928476601033168092e-01,-9.233090221273250811e-03,-3.854040532372734473e-01,7.876316488747141520e-01,5.213366350281033457e-01,3.155569277544415518e-01,-1.700394664981571824e-01,-1.159790956379273125e-01,5.795462191509670458e-01,-4.401593296167648495e-01,-1.570994238979419311e-01,2.087317839588621604e-01,-5.801296388531240744e-02,-1.656361753858150154e-01,3.275726513679017571e-01,4.300841398613924893e-01,1.567539015008061476e-01,6.115320042260193878e-01,-2.427730524322832817e-01,-3.929899745726534444e-01,6.793778189709006599e-01,-1.619595841587606888e-01
8.301463334891445722e-01,2.283397275366629703e-02,-7.404228034038000672e-01,-4.387743297465875880e-01,-8.890108243791078335e-01,7.009024243133072929e-01,-7.990656800000000004e-01,-4.126739872287309985e-01,-4.267108036761093071e-01,-8.113149761950435579e-01,-3.588617482443893225e-01,2.199042011499678095e-01,4.942441738034010212e-01,8.338984827134570121e-01,-3.025631162377638295e-01,3.425629467397464656e-01,1.000000000000000000e+00,7.349850163021162119e-01,-6.529036858313674863e-01,5.417162012486965300e-02,5.446599039703203804e-01,1.385410621383064700e-01,-2.180956717756102337e-01,-6.155455463798295002e-01,9.894464207870171113e-02,9.040330858918214085e-01,-1.735500240486051102e-02,3.627703840533912372e-01,-7.962410920782356238e-02,-1.463577354318648660e-02,-8.262356589209998159e-01,-3.065373514597084514e-01,-4.630922654187835663e-01,3.709504030722959311e-01,1.317566777337227379e-01,-4.044583673634163379e-01,-7.110617684106742553e-01,3.980981830806376576e-01,3.107779339857325712e-02
4.497396772486604855e-01,1.884452454211945072e-01,-6.436476144998959370e-01,-3.938140923941368388e-01,-7.841062181041245083e-01,5.856032511371651594e-01,-4.798494399999999604e-01,1.712359800130573151e-01,9.637450621483062418e-02,-8.603862722628040638e-01,-7.671119145620789448e-01,-1.501107328438423261e-01,2.215489503362204071e-01,7.769090298945644513e-01,-3.608899421121603002e-01,2.928476601033168092e-01,7.349850163021162119e-01,1.000000000000000000e+00,-1.491687398605788806e-01,3.539221629778763201e-01,5.654183328269738462e-01,-1.992868602417772472e-01,-6.841883571011655452e-01,-8.125720058810772528e-01,-1.893315704200009830e-01,7.128538006132314475e-01,6.198999989443875619e-02,1.119482442525150390e-01,-6.385549112472603817e-01,-6.315735531393975588e-01,-6.735440050069876339e-01,-2.567894510446539491e-01,-4.674858095417033788e-01,4.304020325662253899e-01,-1.864488072614314262e-01,1.576078797415018662e-01,-6.619640719526397321e-01,-8.266843544781386777e-02,4.097092035118654607e-01
-5.458762500733621570e-01,2.390755323800375365e-01,4.691357760229695195e-01,2.232590125256072311e-01,4.649866940227248002e-01,-4.892025096414043261e-02,5.273696999999999413e-01,6.273761241215213280e-01,5.106563519156246400e-01,3.870850152765479835e-01,-5.951251871550651551e-02,-2.195069782707770867e-01,-3.451626421929608890e-01,-3.460376803022355285e-01,5.121197689282104559e-02,-9.233090221273250811e-03,-6.529036858313674863e-01,-1.491687398605788806e-01,1.000000000000000000e+00,1.678377187079027333e-01,-3.438375621523109826e-01,-6.680590151218047945e-02,-1.004686296025077419e-01,1.366134770328912840e-01,-1.073053277605914846e-01,-5.494372366263691188e-01,4.537647215794791272e-02,-4.066800284270964405e-01,-3.195405078412597577e-01,-5.096738057039220671e-01,5.625722323499933175e-01,3.088431256696398952e-01,3.921046693625828694e-01,-3.750310784724621427e-01,-1.517311808240712490e-01,7.405761564833830413e-01,4.946819176030155529e-01,-4.268338292662587352e-01,3.495968201814535492e-01
-2.956051724499622613e-01,-3.176755421742477603e-01,3.809360494006298614e-01,5.768673969824100745e-01,1.531385943926786841e-01,1.314433372813688383e-01,3.974591800000000230e-01,4.200859598121302052e-01,4.164612939651747836e-01,-1.540025406748046777e-02,-6.517758848717650766e-01,-4.143421066418280230e-01,-5.520813358627678635e-01,-1.276709876779227315e-01,-2.642340980449643384e-01,-3.854040532372734473e-01,5.417162012486965300e-02,3.539221629778763201e-01,1.678377187079027333e-01,1.000000000000000000e+00,-2.417633517192256665e-01,-2.258888856219811447e-01,-7.915316106710386101e-01,-6.012901446121192706e-01,-3.707353079981464128e-01,-1.070389203389251198e-01,-1.167405657481679071e-01,-3.085191820176996780e-01,-7.837911425637934526e-01,-4.099611707281580197e-01,5.784818072885151985e-02,-5.343701244011249685e-01,-7.673275604550331419e-01,1.766726190649555162e-01,-7.425774946766650064e-01,6.515878530594640949e-01,-2.921540672864550992e-01,-7.057324753638846149e-01,7.985312708111641511e-01
4.374146580768984993e-01,5.276273204440018461e-01,-9.050439256656208631e-01,-7.173655744476534757e-01,-8.205862000567761827e-01,3.503753281740242809e-01,-7.958171800000000129e-01,-1.984270524832729143e-01,-5.269767226681535410e-01,-5.313741804328091511e-01,-3.514129189146519283e-01,-2.038440012085398212e-01,8.094148822256119757e-01,8.480584041281565844e-01,-4.141252173037639484e-01,7.876316488747141520e-01,5.446599039703203804e-01,5.654183328269738462e-01,-3.438375621523109826e-01,-2.417633517192256665e-01,1.000000000000000000e+00,3.065331882927809226e-01,-1.295579796473250722e-02,-4.378200643376284895e-01,-3.079566272367831870e-01,7.960235102720523148e-01,-2.916403477709146874e-01,-8.912612865860518319e-02,-2.994596529844639754e-02,-1.389027310366206802e-01,-3.750680094022703082e-01,1.377693029445950512e-01,7.451648045319896052e-02,4.072404922045773090e-01,3.781769644574469735e-01,-3.097528221451804065e-01,-7.068849393024372318e-01,5.347432626247201615e-01,-9.349477523518300026e-02
2.461301956970003146e-01,4.100296632038583633e-01,-1.655583976314119465e-01,-2.707721958831358910e-01,-1.831263602729653606e-01,4.760349978206316335e-01,-4.522694200000000331e-01,-2.834113949032902036e-01,-8.488416279581231239e-01,3.244197977188700843e-01,1.031703026239803728e-01,-1.172174369344931993e-01,6.444068583264407346e-01,2.717779280006168419e-01,-5.567736830169044415e-01,5.213366350281033457e-01,1.385410621383064700e-01,-1.992868602417772472e-01,-6.680590151218047945e-02,-2.258888856219811447e-01,3.065331882927809226e-01,1.000000000000000000e+00,4.756903671845205128e-01,-1.078571139854844901e-01,-2.075864562933102953e-01,3.594830503065389316e-01,-3.543242076733966739e-01,-4.233587896143835572e-01,3.675215040304463665e-01,5.284139403037012572e-01,3.165324909424890309e-01,1.061358015835415086e-01,1.591655645862370960e-01,-3.514712539305103189e-01,3.942316662326534882e-01,-1.809198225083636924e-01,-3.606841735923341785e-01,5.715247825785707558e-01,-3.710227883408122318e-02
1.758800821962953620e-01,6.132813234770739808e-02,-4.289447166554663515e-02,-1.389491170848969059e-01,1.181381568995918951e-01,-1.150542283790391695e-01,-2.655499000000000054e-01,-5.922714700677516042e-01,-5.722952184016611987e-01,3.665297775731122254e-01,8.799457842371929406e-01,4.615917477109414135e-01,4.184463579274092515e-01,-1.044757868691251618e-01,3.437636461766109264e-01,3.155569277544415518e-01,-2.180956717756102337e-01,-6.841883571011655452e-01,-1.004686296025077419e-01,-7.915316106710386101e-01,-1.295579796473250722e-02,4.756903671845205128e-01,1.000000000000000000e+00,7.239105933211187338e-01,4.667726995180037641e-01,-1.102388963479849909e-01,-1.769648951629287370e-01,2.026503662258405392e-01,9.637399328634155271e-01,6.483186893790386929e-01,1.862474918806060475e-01,4.992868473490911785e-01,7.382324303129164100e-01,-2.364596555176996795e-01,7.656928974237782182e-01,-6.174179742649295033e-01,4.271872445059564649e-01,7.402892395215333599e-01,-7.233673078281701585e-01
-2.602150601434834454e-01,-2.617225046133048738e-01,3.782190672581639546e-01,2.049928373324788056e-01,5.677949092478260518e-01,-5.918981736729675980e-01,3.186326600000000120e-01,-3.116643095052511470e-01,7.142128495644678443e-02,4.835846818373467637e-01,8.763288305728423877e-01,4.473734270250180889e-01,-1.865478941367691712e-01,-5.877290007276586570e-01,7.184523863394182142e-01,-1.700394664981571824e-01,-6.155455463798295002e-01,-8.125720058810772528e-01,1.366134770328912840e-01,-6.012901446121192706e-01,-4.378200643376284895e-01,-1.078571139854844901e-01,7.239105933211187338e-01,1.000000000000000000e+00,5.179881154420066247e-01,-6.459345484357780220e-01,-2.735692057308482250e-03,2.531447711129107825e-01,7.170718343839275200e-01,3.499385853737542185e-01,2.950759444565133061e-01,3.817132879803606382e-01,6.570616057627336470e-01,-1.852571072615231407e-01,3.537086046173919529e-01,-3.419659608275845142e-01,8.172554668827698432e-01,1.890916987163723528e-01,-6.150530200219804788e-01
3.796805816316011217e-01,-5.366613705302719639e-01,7.073954807413296297e-03,2.146927439707554397e-01,-1.161646096391728486e-02,8.436857447995126102e-02,-1.385446999999999651e-01,-5.222873497311414370e-01,5.703990212284048428e-02,-2.460985547487202219e-01,6.972877789418790995e-01,7.725709719213174065e-01,-1.530507331928563086e-01,-3.746662760960707550e-02,7.936665658135805268e-01,-1.159790956379273125e-01,9.894464207870171113e-02,-1.893315704200009830e-01,-1.073053277605914846e-01,-3.707353079981464128e-01,-3.079566272367831870e-01,-2.075864562933102953e-01,4.667726995180037641e-01,5.179881154420066247e-01,1.000000000000000000e+00,-1.267692809932506603e-01,-1.749051901058620503e-02,8.615655944976570169e-01,5.661862789518388173e-01,6.234105524732726222e-02,-4.705267494852954924e-01,1.246475303111612282e-01,2.840270986186546609e-01,8.979198915984859530e-02,4.265842921964753121e-01,-4.754582573479324004e-01,5.647669551537246591e-01,2.825198682826803309e-01,-4.776498441134564010e-01
7.697601089028049959e-01,3.509462651764582719e-01,-8.849710380135189514e-01,-6.757082177300737236e-01,-9.577633302098407242e-01,6.877247156456579580e-01,-9.090270799999999873e-01,-2.835622275557761474e-01,-6.019632259041672873e-01,-7.084063840677160551e-01,-4.085175707133976708e-01,-1.622227795653122771e-03,7.462478467018036632e-01,9.436622359387828451e-01,-5.155273759869933858e-01,5.795462191509670458e-01,9.040330858918214085e-01,7.128538006132314475e-01,-5.494372366263691188e-01,-1.070389203389251198e-01,7.960235102720523148e-01,3.594830503065389316e-01,-1.102388963479849909e-01,-6.459345484357780220e-01,-1.267692809932506603e-01,1.000000000000000000e+00,-4.998093435346256941e-02,1.240753701692633437e-01,-5.113403502394157918e-02,1.513267440725404693e-02,-6.328306482027211688e-01,-6.557936889989414431e-02,-2.449669349735889845e-01,2.878310350543138996e-01,2.995757608607186873e-01,-3.673609570969986748e-01,-8.075825747694312939e-01,5.535399756917014358e-01,1.718507746594034186e-02
6.510737384554446394e-03,1.084477376398642889e-01,7.606659958417513745e-02,-2.552387692111374728e-01,6.809240871627995906e-02,-1.450121420521698901e-01,1.993440399999999446e-01,4.074543132954480673e-01,3.111457568155064357e-01,-8.561323399902243114e-02,-1.006457415871318262e-01,-4.296761709421613104e-03,-1.985531765267203874e-01,-1.421439578397344361e-01,-3.906548135044217440e-02,-4.401593296167648495e-01,-1.735500240486051102e-02,6.198999989443875619e-02,4.537647215794791272e-02,-1.167405657481679071e-01,-2.916403477709146874e-01,-3.543242076733966739e-01,-1.769648951629287370e-01,-2.735692057308482250e-03,-1.749051901058620503e-02,-4.998093435346256941e-02,1.000000000000000000e+00,1.181688535237494925e-01,-1.432421452542448348e-01,1.342166653400922015e-03,-4.703963875597819144e-02,1.604540261648243482e-01,9.081651843246432796e-04,-1.925797351221993359e-01,-1.394177901281307141e-01,1.868142270046324049e-01,1.979993279685827168e-01,-1.851738024477060374e-01,-7.030631104527389208e-02
4.882142805061263080e-01,-5.183617923751889789e-01,-2.502957374787536104e-01,3.961989230007501028e-02,-2.619151817926093639e-01,5.795880833337260785e-02,-2.683519800000000455e-01,-4.868005940302334023e-01,1.020717521381318410e-01,-5.580874881337464233e-01,4.460896876307217096e-01,6.574072891080157133e-01,-9.832007235550432878e-02,1.586121733595229621e-01,6.936648240302194512e-01,-1.570994238979419311e-01,3.627703840533912372e-01,1.119482442525150390e-01,-4.066800284270964405e-01,-3.085191820176996780e-01,-8.912612865860518319e-02,-4.233587896143835572e-01,2.026503662258405392e-01,2.531447711129107825e-01,8.615655944976570169e-01,1.240753701692633437e-01,1.181688535237494925e-01,1.000000000000000000e+00,3.830012478711559698e-01,-1.616392834171586149e-02,-7.470631103553707630e-01,-2.465734049470408307e-02,4.736849034087250998e-02,3.522666131100619658e-01,3.135049201385309292e-01,-5.615633334056391313e-01,2.872055104733745590e-01,2.291573769507949387e-01,-4.774072802406374438e-01
2.701840318305146482e-01,-8.399189671473539232e-02,-8.820304499737208204e-02,-1.094212920969289682e-01,5.890370812481571239e-02,-1.309601934752252506e-01,-3.089559600000000295e-01,-7.262124545809846010e-01,-5.701343364757073262e-01,2.405427936736768135e-01,9.061593197490512841e-01,5.744443037764993543e-01,3.804534434438353041e-01,-8.681344079087968679e-02,4.306552600277291365e-01,2.087317839588621604e-01,-7.962410920782356238e-02,-6.385549112472603817e-01,-3.195405078412597577e-01,-7.837911425637934526e-01,-2.994596529844639754e-02,3.675215040304463665e-01,9.637399328634155271e-01,7.170718343839275200e-01,5.661862789518388173e-01,-5.113403502394157918e-02,-1.432421452542448348e-01,3.830012478711559698e-01,1.000000000000000000e+00,7.024091571990250804e-01,5.126975738813710493e-03,3.573095276319082636e-01,5.962718683777464834e-01,-1.197366808773828728e-01,7.195251655835908089e-01,-7.708571856550618939e-01,3.815097545302715831e-01,7.393114633480037945e-01,-8.056605583950325888e-01
1.907175580132994541e-01,-8.693132722847254912e-02,1.130657651850004719e-01,-4.360010905573401263e-02,1.770827998668010606e-01,-1.745115609469876650e-01,-1.403186800000000289e-01,-4.673366104745481087e-01,-6.601721875147881224e-01,4.763462738556597520e-01,5.161241406528989106e-01,1.264735591337754483e-01,2.741009515214002934e-01,-2.189666969203261371e-01,-1.135811691583777649e-01,-5.801296388531240744e-02,-1.463577354318648660e-02,-6.315735531393975588e-01,-5.096738057039220671e-01,-4.099611707281580197e-01,-1.389027310366206802e-01,5.284139403037012572e-01,6.483186893790386929e-01,3.499385853737542185e-01,6.234105524732726222e-02,1.513267440725404693e-02,1.342166653400922015e-03,-1.616392834171586149e-02,7.024091571990250804e-01,1.000000000000000000e+00,2.516269643790093324e-01,1.209608118248086395e-01,1.230933896956099560e-01,-3.314255587485804289e-01,3.717476325192820563e-01,-5.253727691506271391e-01,2.082393064184667394e-02,5.212754982102755230e-01,-4.025993906570794478e-01
-7.378478686413255661e-01,2.592513845684527585e-01,6.665318351331371849e-01,2.800534170039601367e-01,7.552130306462864207e-01,-4.253561718851124329e-01,6.202394799999999542e-01,4.380362837321345459e-01,5.330018141324330272e-02,9.396467597644099223e-01,1.184682143689514966e-01,-4.499274406851643815e-01,-2.079421180474004816e-01,-6.667668640549769821e-01,-2.292838885216479661e-01,-1.656361753858150154e-01,-8.262356589209998159e-01,-6.735440050069876339e-01,5.625722323499933175e-01,5.784818072885151985e-02,-3.750680094022703082e-01,3.165324909424890309e-01,1.862474918806060475e-01,2.950759444565133061e-01,-4.705267494852954924e-01,-6.328306482027211688e-01,-4.703963875597819144e-02,-7.470631103553707630e-01,5.126975738813710493e-03,2.516269643790093324e-01,1.000000000000000000e+00,2.131908846254078616e-01,2.854965562335425311e-01,-5.682508209153209755e-01,-1.708751298063568846e-01,4.678989830586139931e-01,3.136788198010529993e-01,-2.685013271560163783e-01,1.646959977916724049e-01
1.253316556408231031e-01,2.087277098580479218e-01,-1.547329323655035338e-01,-3.185912511562117855e-01,2.334827851621925580e-03,-2.597825555661892327e-01,-1.269378799999999474e-01,1.906878556577425721e-01,-1.105537068288408031e-01,1.672573843850088393e-01,3.247664785853655034e-01,-5.835554349880484049e-02,2.218498461059963955e-01,5.422212218667527700e-02,1.113176659049262412e-01,3.275726513679017571e-01,-3.065373514597084514e-01,-2.567894510446539491e-01,3.088431256696398952e-01,-5.343701244011249685e-01,1.377693029445950512e-01,1.061358015835415086e-01,4.992868473490911785e-01,3.817132879803606382e-01,1.246475303111612282e-01,-6.557936889989414431e-02,1.604540261648243482e-01,-2.465734049470408307e-02,3.573095276319082636e-01,1.209608118248086395e-01,2.131908846254078616e-01,1.000000000000000000e+00,7.970502634623811700e-01,-2.799376708956293203e-01,7.242127844150829663e-01,-6.065796984001503578e-03,4.112315824248248819e-01,4.857654968060828859e-01,-1.290714711562957195e-01
-3.656110460337857332e-02,3.171425246791733099e-01,-8.956903318833273064e-02,-3.013891663939436416e-01,1.357876505294497160e-01,-2.544889745744841614e-01,-8.298223999999998490e-02,-9.042050653794617143e-02,-1.368588658283165782e-01,2.753172181593895873e-01,6.204643368415444504e-01,1.992813806128862220e-01,3.104079070361028814e-01,-7.903791872085112746e-02,3.421997778069127971e-01,4.300841398613924893e-01,-4.630922654187835663e-01,-4.674858095417033788e-01,3.921046693625828694e-01,-7.673275604550331419e-01,7.451648045319896052e-02,1.591655645862370960e-01,7.382324303129164100e-01,6.570616057627336470e-01,2.840270986186546609e-01,-2.449669349735889845e-01,9.081651843246432796e-04,4.736849034087250998e-02,5.962718683777464834e-01,1.230933896956099560e-01,2.854965562335425311e-01,7.970502634623811700e-01,1.000000000000000000e+00,-2.462264097852491784e-01,7.258948584503758239e-01,-1.884949868400595530e-01,5.802161812171521271e-01,4.902808203615722782e-01,-5.277913750313828478e-01
1.161105658605080526e-01,-2.580612882443030776e-01,-4.227217191384645689e-01,-6.334814069750183130e-02,-4.162933216464745900e-01,2.077814374296887978e-02,-2.919760599999999817e-01,-3.313048909110238305e-01,3.754579905695582670e-02,-5.601774619008085265e-01,-1.772605688914719035e-01,-2.005910168575323477e-02,7.923253703922006341e-02,3.687890880262788551e-01,2.568192704381278557e-01,1.567539015008061476e-01,3.709504030722959311e-01,4.304020325662253899e-01,-3.750310784724621427e-01,1.766726190649555162e-01,4.072404922045773090e-01,-3.514712539305103189e-01,-2.364596555176996795e-01,-1.852571072615231407e-01,8.979198915984859530e-02,2.878310350543138996e-01,-1.925797351221993359e-01,3.522666131100619658e-01,-1.197366808773828728e-01,-3.314255587485804289e-01,-5.682508209153209755e-01,-2.799376708956293203e-01,-2.462264097852491784e-01,1.000000000000000000e+00,-5.020582012441954928e-02,-1.898663956856288526e-01,-2.933173330575928883e-01,1.908073760231630139e-02,-1.442667420661906397e-01
5.744556224214708573e-01,1.023926725250354497e-01,-4.891907625136296400e-01,-4.496042933388713636e-01,-3.506453074650475177e-01,8.570667878133431117e-02,-6.057596800000000226e-01,-4.464785706520090214e-01,-5.750448183274504688e-01,-8.883430129289547617e-02,5.367970225884219904e-01,2.510520426853825038e-01,5.943685553007157507e-01,3.785974205436324347e-01,1.657813745996418453e-01,6.115320042260193878e-01,1.317566777337227379e-01,-1.864488072614314262e-01,-1.517311808240712490e-01,-7.425774946766650064e-01,3.781769644574469735e-01,3.942316662326534882e-01,7.656928974237782182e-01,3.537086046173919529e-01,4.265842921964753121e-01,2.995757608607186873e-01,-1.394177901281307141e-01,3.135049201385309292e-01,7.195251655835908089e-01,3.717476325192820563e-01,-1.708751298063568846e-01,7.242127844150829663e-01,7.258948584503758239e-01,-5.020582012441954928e-02,1.000000000000000000e+00,-5.295693899844737818e-01,1.611274430916613265e-01,8.830318876171261433e-01,-4.856800661567999278e-01
-5.075525779563058171e-01,6.396325682259336454e-02,4.758578003494145503e-01,2.624235683273853925e-01,3.693978029063378354e-01,-4.645852940610933901e-02,5.932424599999999160e-01,8.436005024294490617e-01,5.906233537490713781e-01,2.646238561186715632e-01,-5.846059938119817501e-01,-6.454339276792713243e-01,-5.147373434722607444e-01,-2.826156830581860180e-01,-3.211430697245949983e-01,-2.427730524322832817e-01,-4.044583673634163379e-01,1.576078797415018662e-01,7.405761564833830413e-01,6.515878530594640949e-01,-3.097528221451804065e-01,-1.809198225083636924e-01,-6.174179742649295033e-01,-3.419659608275845142e-01,-4.754582573479324004e-01,-3.673609570969986748e-01,1.868142270046324049e-01,-5.615633334056391313e-01,-7.708571856550618939e-01,-5.253727691506271391e-01,4.678989830586139931e-01,-6.065796984001503578e-03,-1.884949868400595530e-01,-1.898663956856288526e-01,-5.295693899844737818e-01,1.000000000000000000e+00,6.871006894492802386e-02,-7.112982483881072904e-01,7.704848954466567701e-01
-3.732011884376837951e-01,-3.389632375002907261e-01,5.975281161217144144e-01,4.332963501083386126e-01,6.903246486372774937e-01,-5.182689256204959793e-01,5.777128400000000052e-01,7.726875254465888354e-02,4.751699923970326700e-01,4.349716964174882849e-01,7.025205231001504513e-01,3.776378171215773460e-01,-5.334647596302144468e-01,-6.919705810091318909e-01,7.594131776292640801e-01,-3.929899745726534444e-01,-7.110617684106742553e-01,-6.619640719526397321e-01,4.946819176030155529e-01,-2.921540672864550992e-01,-7.068849393024372318e-01,-3.606841735923341785e-01,4.271872445059564649e-01,8.172554668827698432e-01,5.647669551537246591e-01,-8.075825747694312939e-01,1.979993279685827168e-01,2.872055104733745590e-01,3.815097545302715831e-01,2.082393064184667394e-02,3.136788198010529993e-01,4.112315824248248819e-01,5.802161812171521271e-01,-2.933173330575928883e-01,1.611274430916613265e-01,6.871006894492802386e-02,1.000000000000000000e+00,-1.536869578386819701e-01,-3.057017848298016482e-01
6.786119704497964866e-01,2.322607001855303832e-01,-6.350933212284300966e-01,-5.647000242264665903e-01,-5.401116177036191512e-01,2.823978984150982696e-01,-8.124122799999999867e-01,-6.417683117821374461e-01,-8.323523476331587956e-01,-1.732669221196004306e-01,4.317534653266001943e-01,3.374874774537735544e-01,8.144237142065489099e-01,5.470264548603765986e-01,-3.829059666895852365e-02,6.793778189709006599e-01,3.980981830806376576e-01,-8.266843544781386777e-02,-4.268338292662587352e-01,-7.057324753638846149e-01,5.347432626247201615e-01,5.715247825785707558e-01,7.402892395215333599e-01,1.890916987163723528e-01,2.825198682826803309e-01,5.535399756917014358e-01,-1.851738024477060374e-01,2.291573769507949387e-01,7.393114633480037945e-01,5.212754982102755230e-01,-2.685013271560163783e-01,4.857654968060828859e-01,4.902808203615722782e-01,1.908073760231630139e-02,8.830318876171261433e-01,-7.112982483881072904e-01,-1.536869578386819701e-01,1.000000000000000000e+00,-5.225176013480874460e-01
-1.317563478977438751e-01,-9.840783734974414831e-02,2.390048828722968477e-01,2.647383222055580410e-01,4.291628668011920889e-02,1.906623165038867918e-01,2.753995199999998977e-01,6.582195165977624551e-01,3.317963767172268374e-01,1.043345124168865157e-02,-7.502925604195347375e-01,-5.964230199815344635e-01,-3.833350096048590561e-01,2.805461595973023081e-02,-5.058770325808008561e-01,-1.619595841587606888e-01,3.107779339857325712e-02,4.097092035118654607e-01,3.495968201814535492e-01,7.985312708111641511e-01,-9.349477523518300026e-02,-3.710227883408122318e-02,-7.233673078281701585e-01,-6.150530200219804788e-01,-4.776498441134564010e-01,1.718507746594034186e-02,-7.030631104527389208e-02,-4.774072802406374438e-01,-8.056605583950325888e-01,-4.025993906570794478e-01,1.646959977916724049e-01,-1.290714711562957195e-01,-5.277913750313828478e-01,-1.442667420661906397e-01,-4.856800661567999278e-01,7.704848954466567701e-01,-3.057017848298016482e-01,-5.225176013480874460e-01,1.000000000000000000e+00
