1.0,0.6776252471023011,-0.2235103778100829,0.0039299554144852497,-0.18314845696736418,0.41302189981922494,0.49182295478524568,0.09715839754123988,-0.1254299631887576,-0.43725888105513361,0.21880907833594948,0.19331794702297114,-0.31377991120949988,-0.34897965292406863,0.32220555018270469,-0.31955825011688826,-0.34884859726438694,-0.25827272218750075,0.46725886407190997,-0.045284240503616451,-0.17641785390280623,0.099720241200088489,0.44777991208510365,-0.082819770719307018,0.24075312453066119,-0.22925402151318497,0.11952162103324368,0.029425904454264143,0.091398503092227273,-0.53341729999999998,0.58503696864210175,-0.40693949132870505,-0.5040294886032386,-0.02568588564771055,0.037862699630264139,0.39238539402290645,-0.17341355029902786,-0.53629395202948316,-0.53490110236365218
0.6776252471023011,1.0,-0.46561463873786729,-0.19446391536969701,-0.54422422828928974,0.45684117479110364,0.82688366620679843,0.05787393054053562,-0.49233168342142808,-0.54990401353581708,0.57994009752047004,0.59255309925174471,-0.59738482036822671,-0.56395387384371076,0.2611293825594575,-0.014872382702877279,-0.0019323371381199639,-0.4830339513604387,0.85224709673912513,-0.51827566783308332,0.095428304714580553,0.21912099680923791,0.56279057412917743,0.36165821414443311,-0.13777782886971165,-0.59032495352868464,-0.30854110714665017,0.23565151541269228,0.52979657970436189,-0.82191252000000004,0.4182311715468281,-0.55109434035246152,-0.90035339357155975,-0.23800053433618049,-0.33994275633668292,0.7541503971310145,-0.21355492297886289,-0.67645751495105333,-0.46181534154872284
-0.2235103778100829,-0.46561463873786729,1.0,0.30758552429884761,0.75966256345335337,-0.81416877817558819,-0.76356907192933976,0.44902164101034076,0.33064799781181842,0.66561940726223778,0.040942796024137591,-0.42035628254076901,0.3249183060334293,-0.11576307720687538,-0.75484542332179294,-0.078152096999379625,-0.32204225350939308,0.34651440295320768,-0.79316332421967706,0.81681794974104827,-0.12148292600859972,0.46292881506269823,0.093513944317037356,0.40560775181967218,-0.43150560242686065,0.56662800902030941,-0.27798668163243573,-0.13726055427522288,-0.10637975026447806,0.81190596000000004,-0.38071631417759749,0.14782183539625288,0.76598498103871548,0.24120760303966951,-0.044495246880136223,-0.84278223841583078,0.91412229932692546,0.65262672681820166,0.35958485292633746
0.0039299554144852497,-0.19446391536969701,0.30758552429884761,1.0,0.5814328894897689,-0.58947917867328425,-0.27687246258759113,-0.031534725831137957,-0.19993715742897045,0.090463154833590367,0.48790190151754231,-0.62815102736807149,0.078175711963742678,-0.24631089440746529,-0.21532369633180465,-0.27186497307623309,-0.3809816761450649,-0.49496398805785297,-0.3092256038675778,0.50578516804531481,-0.68331599439480906,0.67338000733481185,0.39409368244661575,0.12390788087471807,-0.035696112022363488,-0.072412614642508505,-0.03616922056397151,-0.46319582581986868,0.32509065478953086,0.37687998,-0.22089991388260857,-0.61668931646819336,0.27926214018000101,-0.49338569185538567,-0.18285402478297771,-0.41363176532028523,0.43743791894427569,-0.022847541885053162,0.021097305361377106
-0.18314845696736418,-0.54422422828928974,0.75966256345335337,0.5814328894897689,1.0,-0.82396716430420813,-0.7099336027016907,0.36644914213368068,0.0862333031385836,0.66538013719860944,0.069622551708787311,-0.54114292267783226,0.60914415555343071,-0.15532840014441249,-0.64903786394712082,-0.29791520173367281,-0.59405443459331431,0.26417381347215091,-0.80002194397449955,0.89448793732634879,-0.35602121950710064,0.54379706233460157,0.121585114432938,0.22779238240145927,0.045602474040693071,0.50668981103169664,-0.11345681838899903,-0.40220961817383072,-0.26025974054685391,0.8345232600000001,-0.43894382424922884,0.086059540601654785,0.72689096672767439,0.060313488230833386,0.054018071310682515,-0.82367372825497642,0.71644244845335714,0.70224996540321649,0.3334031421809841
0.41302189981922494,0.45684117479110364,-0.81416877817558819,-0.58947917867328425,-0.82396716430420813,1.0,0.72623988404013395,-0.49789688332599535,0.13280911771813173,-0.72485170669055676,-0.26126836256440233,0.53589115887344607,-0.3802310386131218,0.16648182299454126,0.83383722283886508,0.024091377056064477,0.29068763256316421,-0.11649477646600381,0.70470866570165103,-0.78706570904199669,0.16551497415486238,-0.66993293282192734,-0.10800975210391518,-0.50400447396374159,0.36108032675992147,-0.22637095502436824,0.47700838967408599,0.45671973354087902,-0.086987605099418594,-0.81526695999999998,0.6657104666497391,0.083609495727007696,-0.63109268666590013,0.1890050638686688,0.25937556752354057,0.71572908374057276,-0.84678310294727244,-0.63289558289177483,-0.55523408862829671
0.49182295478524568,0.82688366620679843,-0.76356907192933976,-0.27687246258759113,-0.7099336027016907,0.72623988404013395,1.0,-0.30628286224581225,-0.26731588940705486,-0.72501309889968912,0.38389287845964165,0.72418703842476151,-0.51365598639137322,-0.46334912025947095,0.59217842286363709,-0.050712078910566054,0.0033103421992765041,-0.57948583256016395,0.91112137493262824,-0.82378038172697121,-0.084126995639201466,-0.057216035256925979,0.48716663816329975,0.064804958296493631,0.074392252492886168,-0.4408445583895757,-0.0040023755031700662,0.51150282753055776,0.42927528258608855,-0.94317850000000003,0.61307499275720434,-0.40728427295034642,-0.92750323491270203,-0.034917496303050896,0.023285643364549535,0.78413794464690267,-0.55997828398045013,-0.75792049993527311,-0.7001700902966469
0.09715839754123988,0.05787393054053562,0.44902164101034076,-0.031534725831137957,0.36644914213368068,-0.49789688332599535,-0.30628286224581225,1.0,-0.33405650403967796,0.65728096751163279,0.021026614545613255,0.06008255526952605,0.35318559593385868,-0.20772002575126242,-0.70660445817477846,-0.075219186330352641,-0.30332506606262927,0.41206834991686725,-0.22708347980446475,0.4988082051725321,0.35419306767480374,0.32651866440765565,-0.0035659043224071322,0.45732331998519232,-0.015351649342989536,-0.038544046370265428,-0.53281106950252122,-0.3583270195266377,-0.14578235431251488,0.31162859999999992,-0.39109899381749774,0.096713399020293758,0.090036071294134698,0.011667962744838055,-0.14219109696061377,-0.14398963900075135,0.40051170349954246,0.45721611739949253,0.42826962732159884
-0.1254299631887576,-0.49233168342142808,0.33064799781181842,-0.19993715742897045,0.0862333031385836,0.13280911771813173,-0.26731588940705486,-0.33405650403967796,1.0,-0.021135257463896204,-0.52966486493663278,-0.063091427373536291,0.17503331377472664,0.21987516301227103,0.19300654808149578,-0.17602065533850608,-0.15110846953323737,0.27357179095617729,-0.45879362971317073,0.1015466362811399,-0.29619881926781444,-0.38523586744587368,-0.11363538450368559,-0.39543855732217614,-0.052210918667382318,0.80992143623737567,0.56941976168348651,0.56261324072000263,-0.38614038109140375,0.27375163999999996,0.41677283054517927,0.44121194111898626,0.55224375886530419,0.79403663666043878,0.69519711137630191,-0.55297928755847392,0.063151664203202368,0.19753957567344704,-0.3394054087917322
-0.43725888105513361,-0.54990401353581708,0.66561940726223778,0.090463154833590367,0.66538013719860944,-0.72485170669055676,-0.72501309889968912,0.65728096751163279,-0.021135257463896204,1.0,-0.15469429683396019,-0.23228354768506837,0.73849715140666872,0.027818682376240331,-0.87144463851898823,-0.060364096090921186,-0.22708893442109351,0.62053353718913495,-0.74524315426095211,0.71143153755774502,0.23907443506251153,0.28022484754029831,-0.25393747558322377,0.34862200136422761,0.031750517702283147,0.39959496552350032,-0.41965829877207367,-0.39521008473312519,-0.45692115123278704,0.80738105999999998,-0.73122428557548924,0.49490653205815816,0.61489721023409705,0.159515997189553,-0.029288500526923812,-0.61252204123149268,0.57305791310935017,0.89569189336322319,0.70169586677840867
0.21880907833594948,0.57994009752047004,0.040942796024137591,0.48790190151754231,0.069622551708787311,-0.26126836256440233,0.38389287845964165,0.021026614545613255,-0.52966486493663278,-0.15469429683396019,1.0,0.12947702537562306,-0.34308625129848191,-0.7835276790760316,-0.241440983770603,-0.13205929904505784,-0.17766775065102766,-0.67777458766085352,0.33083311170381635,-0.061572474473436015,-0.31729515222257992,0.84502269938046681,0.80049520821316567,0.74646275283853314,-0.43414905710042806,-0.38988450281886428,-0.54879102754444642,0.0012553606314945898,0.72004913196438136,-0.21845844000000003,-0.087297758421733096,-0.74957532575228802,-0.4189585661055823,-0.45878995893809932,-0.57259371490349698,0.15776553535593563,0.42283820782849491,-0.31191878196798212,-0.20298793194097745
0.19331794702297114,0.59255309925174471,-0.42035628254076901,-0.62815102736807149,-0.54114292267783226,0.53589115887344607,0.72418703842476151,0.06008255526952605,-0.063091427373536291,-0.23228354768506837,0.12947702537562306,1.0,-0.17631342420894092,-0.44693939106949665,0.19011094111183996,0.077196804738752595,-0.06459511313771131,-0.043883711600608874,0.60188448454411703,-0.65111204189960514,0.25861781199362882,-0.13636538488768812,0.29204353483040241,0.29374948840590431,0.029390245667641132,-0.046191162396235816,-0.2440413183210986,0.66666403541658115,0.11521545530631153,-0.63309762000000003,0.37386879965154529,0.11916616227956509,-0.65166293133078868,0.3856095004333111,0.15604609863779054,0.52282116611715723,-0.32350936697676236,-0.23824841219714041,-0.42481649214997025
-0.31377991120949988,-0.59738482036822671,0.3249183060334293,0.078175711963742678,0.60914415555343071,-0.3802310386131218,-0.51365598639137322,0.35318559593385868,0.17503331377472664,0.73849715140666872,-0.34308625129848191,-0.17631342420894092,1.0,0.032992776084830686,-0.50738375237018962,-0.52970306405281875,-0.40848586530572906,0.59607142554453585,-0.7033786915837934,0.55845307429925095,-0.051915268879414778,0.076774624113234213,-0.24024413600409944,-0.027905681569389273,0.43558897832092147,0.52270567355643005,0.10855136609951965,-0.24870367979702879,-0.77586907976733721,0.67175274000000007,-0.43053439394016918,0.56754048924483502,0.55671430083552209,0.37215339185851681,0.38729545016234573,-0.58429444817241127,0.16545299300275379,0.82344520577818892,0.30456166240769922
-0.34897965292406863,-0.56395387384371076,-0.11576307720687538,-0.24631089440746529,-0.15532840014441249,0.16648182299454126,-0.46334912025947095,-0.20772002575126242,0.21987516301227103,0.027818682376240331,-0.7835276790760316,-0.44693939106949665,0.032992776084830686,1.0,0.26951017861179888,0.39812095722327723,0.60636816164075336,0.47548538067784951,-0.2221756269014773,0.022871521906579352,0.43504175462247519,-0.76802947468376148,-0.93682368621386802,-0.72287421497649462,0.26131840892979846,-0.024118938151100312,0.459130131642557,-0.34829948316491982,-0.43103126016703458,0.20965034000000005,-0.19321492015009226,0.48482314085030037,0.3733749696814147,-0.097381602149122545,0.049485830551280072,0.0038684607381360703,-0.3823083532486623,0.11420061004647712,0.48254247635444347
0.32220555018270469,0.2611293825594575,-0.75484542332179294,-0.21532369633180465,-0.64903786394712082,0.83383722283886508,0.59217842286363709,-0.70660445817477846,0.19300654808149578,-0.87144463851898823,-0.241440983770603,0.19011094111183996,-0.50738375237018962,0.26951017861179888,1.0,0.11006244798723208,0.19584689481051656,-0.3948425367372902,0.59916319138621088,-0.68588097391155667,-0.19310830994354289,-0.60766836371930588,-0.057913843086879906,-0.70170365558309122,0.32560655264471672,-0.21417619262631651,0.64807174549818725,0.35407209255930328,0.13235933832688151,-0.70801636000000001,0.75176539174337298,-0.17990149047924101,-0.45516510649829173,0.0083479924185382946,0.33276643136976175,0.54118087995844499,-0.79601905793141692,-0.75787804014624716,-0.61148663492197286
-0.31955825011688826,-0.014872382702877279,-0.078152096999379625,-0.27186497307623309,-0.29791520173367281,0.024091377056064477,-0.050712078910566054,-0.075219186330352641,-0.17602065533850608,-0.060364096090921186,-0.13205929904505784,0.077196804738752595,-0.52970306405281875,0.39812095722327723,0.11006244798723208,1.0,0.51169226570760085,0.0025792285231204669,0.21640703484222298,-0.2657956493898066,0.46726748329100409,-0.31261038403998387,-0.35441862736862012,-0.028537931899640705,-0.25363620513953128,-0.20455647689512058,-0.37894718834338159,-0.024924129605506107,0.35993653473391551,-0.13951544000000005,-0.14088369116248264,0.10754963573686274,-0.078934373628746071,-0.26985285465134962,-0.31960673554713354,0.27824993144631333,-0.053247793640864398,-0.13533342791601355,0.4055637820238428
-0.34884859726438694,-0.0019323371381199639,-0.32204225350939308,-0.3809816761450649,-0.59405443459331431,0.29068763256316421,0.0033103421992765041,-0.30332506606262927,-0.15110846953323737,-0.22708893442109351,-0.17766775065102766,-0.06459511313771131,-0.40848586530572906,0.60636816164075336,0.19584689481051656,0.51169226570760085,1.0,0.11235672512677192,0.26987061960059855,-0.44007591650775396,0.64378552266730482,-0.47727932284924812,-0.59993063526613777,-0.15151161152952203,-0.28115994524229304,-0.47693487987499938,-0.0043435580802268104,-0.12077062262651161,0.086602465227189215,-0.19867908000000001,-0.28760577666630727,0.15895618640951614,-0.15042860519519274,-0.36108093311407286,-0.50621378094252267,0.44056375810142101,-0.31982320888272409,-0.20752729143151447,0.39569176724903143
-0.25827272218750075,-0.4830339513604387,0.34651440295320768,-0.49496398805785297,0.26417381347215091,-0.11649477646600381,-0.57948583256016395,0.41206834991686725,0.27357179095617729,0.62053353718913495,-0.67777458766085352,-0.043883711600608874,0.59607142554453585,0.47548538067784951,-0.3948425367372902,0.0025792285231204669,0.11235672512677192,1.0,-0.52527710460457355,0.39553469080736453,0.61262028506803734,-0.40539958234454243,-0.67701996439554912,-0.12805935225727152,0.25187660919364585,0.42678650789347627,0.086935491833780298,-0.17993140396847285,-0.82704201736237348,0.50742060000000011,-0.39736408405465184,0.87745070662840963,0.51049166943800983,0.43224453974186899,0.13379274181260659,-0.31070291837021491,0.08371694445303296,0.74616749329031606,0.55004357663877368
0.46725886407190997,0.85224709673912513,-0.79316332421967706,-0.3092256038675778,-0.80002194397449955,0.70470866570165103,0.91112137493262824,-0.22708347980446475,-0.45879362971317073,-0.74524315426095211,0.33083311170381635,0.60188448454411703,-0.7033786915837934,-0.2221756269014773,0.59916319138621088,0.21640703484222298,0.26987061960059855,-0.52527710460457355,1.0,-0.82828453461122109,0.17892014966146075,-0.16061628730064142,0.26337808403100904,0.020349530760874045,0.029564644151227407,-0.70209873908494136,-0.076923504253094771,0.2754006369990657,0.52164865039601493,-0.97253524000000002,0.47070703482901788,-0.4505020063106826,-0.96748165926745389,-0.30505064757537387,-0.23858689794232535,0.9441617391292475,-0.59586791851247933,-0.83780925854270594,-0.45107467342198332
-0.045284240503616451,-0.51827566783308332,0.81681794974104827,0.50578516804531481,0.89448793732634879,-0.78706570904199669,-0.82378038172697121,0.4988082051725321,0.1015466362811399,0.71143153755774502,-0.061572474473436015,-0.65111204189960514,0.55845307429925095,0.022871521906579352,-0.68588097391155667,-0.2657956493898066,-0.44007591650775396,0.39553469080736453,-0.82828453461122109,1.0,-0.17777871086370609,0.43568356743660885,-0.046544430888392191,0.13416422981435963,0.032255639571429115,0.41419633493583813,-0.11681279833411524,-0.56587387501542818,-0.35339780449613228,0.85264530000000005,-0.4667413974824603,0.12120289336376466,0.75590792820435371,0.0009044665926437863,-0.023465028227500646,-0.77613359987706443,0.70700137554347142,0.67165518350349918,0.46328600457807567
-0.17641785390280623,0.095428304714580553,-0.12148292600859972,-0.68331599439480906,-0.35602121950710064,0.16551497415486238,-0.084126995639201466,0.35419306767480374,-0.29619881926781444,0.23907443506251153,-0.31729515222257992,0.25861781199362882,-0.051915268879414778,0.43504175462247519,-0.19310830994354289,0.46726748329100409,0.64378552266730482,0.61262028506803734,0.17892014966146075,-0.17777871086370609,1.0,-0.4279189354367976,-0.63512261914238999,0.095829321179970006,-0.017129498832282875,-0.31665743830420995,-0.29655532132568752,-0.198027446391565,-0.24644927384242366,-0.087755200000000033,-0.41808557864310725,0.50036075599626573,-0.16113454756768769,-0.093418309179136516,-0.42534419048172328,0.41664144397746533,-0.18027927732879723,0.19162049535815939,0.60394829931769922
0.099720241200088489,0.21912099680923791,0.46292881506269823,0.67338000733481185,0.54379706233460157,-0.66993293282192734,-0.057216035256925979,0.32651866440765565,-0.38523586744587368,0.28022484754029831,0.84502269938046681,-0.13636538488768812,0.076774624113234213,-0.76802947468376148,-0.60766836371930588,-0.31261038403998387,-0.47727932284924812,-0.40539958234454243,-0.16061628730064142,0.43568356743660885,-0.4279189354367976,1.0,0.73813452818551606,0.77623134323774567,-0.37953753002864166,-0.062856546925682211,-0.57420404803787917,-0.19758468227047854,0.44772831825874504,0.26264343999999995,-0.30137138131684704,-0.5733658505210032,0.021229534487232318,-0.30350475994369985,-0.39709054006272149,-0.30845768606121998,0.7339153997817387,0.13130771260054164,0.0062820010544137883
0.44777991208510365,0.56279057412917743,0.093513944317037356,0.39409368244661575,0.121585114432938,-0.10800975210391518,0.48716663816329975,-0.0035659043224071322,-0.11363538450368559,-0.25393747558322377,0.80049520821316567,0.29204353483040241,-0.24024413600409944,-0.93682368621386802,-0.057913843086879906,-0.35441862736862012,-0.59993063526613777,-0.67701996439554912,0.26337808403100904,-0.046544430888392191,-0.63512261914238999,0.73813452818551606,1.0,0.55672771116134157,-0.30397790846773032,0.010128103607184899,-0.29556220325600346,0.37395344838572908,0.57732355940463831,-0.27562956000000005,0.38098167277041123,-0.66717721981290989,-0.3550999904850739,0.025288678580909687,-0.014760252306650424,-0.015072421920947742,0.35567245981384565,-0.3280075021564306,-0.63167529483763196
-0.082819770719307018,0.36165821414443311,0.40560775181967218,0.12390788087471807,0.22779238240145927,-0.50400447396374159,0.064804958296493631,0.45732331998519232,-0.39543855732217614,0.34862200136422761,0.74646275283853314,0.29374948840590431,-0.027905681569389273,-0.72287421497649462,-0.70170365558309122,-0.028537931899640705,-0.15151161152952203,-0.12805935225727152,0.020349530760874045,0.13416422981435963,0.095829321179970006,0.77623134323774567,0.55672771116134157,1.0,-0.58660442192740547,-0.096582589708395894,-0.81214264137149106,0.074267148329211108,0.42736188062939245,0.10731756000000003,-0.39083842516952305,-0.25565699868534941,-0.14733241904370853,-0.10825538168869721,-0.52649763103658831,-0.07963424346590936,0.67330376905968381,0.21690391199602338,0.15020599552548414
0.24075312453066119,-0.13777782886971165,-0.43150560242686065,-0.035696112022363488,0.045602474040693071,0.36108032675992147,0.074392252492886168,-0.015351649342989536,-0.052210918667382318,0.031750517702283147,-0.43414905710042806,0.029390245667641132,0.43558897832092147,0.26131840892979846,0.32560655264471672,-0.25363620513953128,-0.28115994524229304,0.25187660919364585,0.029564644151227407,0.032255639571429115,-0.017129498832282875,-0.37953753002864166,-0.30397790846773032,-0.58660442192740547,1.0,0.031201938070886587,0.47541188153202751,-0.26927024232915975,-0.58245855284618875,-0.083236300000000041,0.13383890128875298,0.27327565377470897,-0.066494163203229179,0.04976724395486648,0.39965091280628062,0.15561050700756518,-0.55459601945745163,0.033560782542676387,-0.055025070130230599
-0.22925402151318497,-0.59032495352868464,0.56662800902030941,-0.072412614642508505,0.50668981103169664,-0.22637095502436824,-0.4408445583895757,-0.038544046370265428,0.80992143623737567,0.39959496552350032,-0.38988450281886428,-0.046191162396235816,0.52270567355643005,-0.024118938151100312,-0.21417619262631651,-0.20455647689512058,-0.47693487987499938,0.42678650789347627,-0.70209873908494136,0.41419633493583813,-0.31665743830420995,-0.062856546925682211,0.010128103607184899,-0.096582589708395894,0.031201938070886587,1.0,0.22779585243070344,0.4035006003742953,-0.50184045673554745,0.55915584000000007,0.11693143150486077,0.5723877848168647,0.70047040861709797,0.82020475243094937,0.65225599048165395,-0.78210086000728585,0.36389168855660864,0.60478419687561613,-0.11312368349283823
0.11952162103324368,-0.30854110714665017,-0.27798668163243573,-0.03616922056397151,-0.11345681838899903,0.47700838967408599,-0.0040023755031700662,-0.53281106950252122,0.56941976168348651,-0.41965829877207367,-0.54879102754444642,-0.2440413183210986,0.10855136609951965,0.459130131642557,0.64807174549818725,-0.37894718834338159,-0.0043435580802268104,0.086935491833780298,-0.076923504253094771,-0.11681279833411524,-0.29655532132568752,-0.57420404803787917,-0.29556220325600346,-0.81214264137149106,0.47541188153202751,0.22779585243070344,1.0,0.14759680563948166,-0.42437092400334381,-0.063955619999999991,0.48902332058267656,0.15328584266930639,0.19090513521798788,0.28808513246361644,0.55089488615767179,-0.080220533147551565,-0.50457853884579651,-0.19251163194459195,-0.41173658488815779
0.029425904454264143,0.23565151541269228,-0.13726055427522288,-0.46319582581986868,-0.40220961817383072,0.45671973354087902,0.51150282753055776,-0.3583270195266377,0.56261324072000263,-0.39521008473312519,0.0012553606314945898,0.66666403541658115,-0.24870367979702879,-0.34829948316491982,0.35407209255930328,-0.024924129605506107,-0.12077062262651161,-0.17993140396847285,0.2754006369990657,-0.56587387501542818,-0.198027446391565,-0.19758468227047854,0.37395344838572908,0.074267148329211108,-0.26927024232915975,0.4035006003742953,0.14759680563948166,1.0,0.16095824198586842,-0.40840003999999996,0.65031376811446207,0.1092501688953194,-0.22914193419431761,0.70320184434500455,0.48125152231238627,0.063752934933547889,-0.1408079295173984,-0.23715988319668813,-0.69572455124988386
0.091398503092227273,0.52979657970436189,-0.10637975026447806,0.32509065478953086,-0.26025974054685391,-0.086987605099418594,0.42927528258608855,-0.14578235431251488,-0.38614038109140375,-0.45692115123278704,0.72004913196438136,0.11521545530631153,-0.77586907976733721,-0.43103126016703458,0.13235933832688151,0.35993653473391551,0.086602465227189215,-0.82704201736237348,0.52164865039601493,-0.35339780449613228,-0.24644927384242366,0.44772831825874504,0.57732355940463831,0.42736188062939245,-0.58245855284618875,-0.50184045673554745,-0.42437092400334381,0.16095824198586842,1.0,-0.42786460000000004,0.18194189856737297,-0.81586335369631691,-0.47212458988082129,-0.49501134995981572,-0.43701152428936607,0.32510388783263261,0.17404914909020003,-0.62458190342892683,-0.248172947569092
-0.53341729999999998,-0.82191252000000004,0.81190596000000004,0.37687998,0.8345232600000001,-0.81526695999999998,-0.94317850000000003,0.31162859999999992,0.27375163999999996,0.80738105999999998,-0.21845844000000003,-0.63309762000000003,0.67175274000000007,0.20965034000000005,-0.70801636000000001,-0.13951544000000005,-0.19867908000000001,0.50742060000000011,-0.97253524000000002,0.85264530000000005,-0.087755200000000033,0.26264343999999995,-0.27562956000000005,0.10731756000000003,-0.083236300000000041,0.55915584000000007,-0.063955619999999991,-0.40840003999999996,-0.42786460000000004,1.0,-0.63781993999999997,0.38037397999999989,0.93401888,0.13069949999999997,0.043204199999999915,-0.89771900000000004,0.66591756000000002,0.85584499999999997,0.59541306000000005
0.58503696864210175,0.4182311715468281,-0.38071631417759749,-0.22089991388260857,-0.43894382424922884,0.6657104666497391,0.61307499275720434,-0.39109899381749774,0.41677283054517927,-0.73122428557548924,-0.087297758421733096,0.37386879965154529,-0.43053439394016918,-0.19321492015009226,0.75176539174337298,-0.14088369116248264,-0.28760577666630727,-0.39736408405465184,0.47070703482901788,-0.4667413974824603,-0.41808557864310725,-0.30137138131684704,0.38098167277041123,-0.39083842516952305,0.13383890128875298,0.11693143150486077,0.48902332058267656,0.65031376811446207,0.18194189856737297,-0.63781993999999997,1.0,-0.25137714145460516,-0.39673953197987583,0.39400100976391422,0.56104192984202295,0.27976484896373771,-0.42983279282893228,-0.64246279784838933,-0.8910258637145706
-0.40693949132870505,-0.55109434035246152,0.14782183539625288,-0.61668931646819336,0.086059540601654785,0.083609495727007696,-0.40728427295034642,0.096713399020293758,0.44121194111898626,0.49490653205815816,-0.74957532575228802,0.11916616227956509,0.56754048924483502,0.48482314085030037,-0.17990149047924101,0.10754963573686274,0.15895618640951614,0.87745070662840963,-0.4505020063106826,0.12120289336376466,0.50036075599626573,-0.5733658505210032,-0.66717721981290989,-0.25565699868534941,0.27327565377470897,0.5723877848168647,0.15328584266930639,0.1092501688953194,-0.81586335369631691,0.38037397999999989,-0.25137714145460516,1.0,0.45398934655990414,0.60515877044338762,0.35476086040899846,-0.26922122227975309,-0.10984126710886565,0.67436365987538349,0.38405198075766445
-0.5040294886032386,-0.90035339357155975,0.76598498103871548,0.27926214018000101,0.72689096672767439,-0.63109268666590013,-0.92750323491270203,0.090036071294134698,0.55224375886530419,0.61489721023409705,-0.4189585661055823,-0.65166293133078868,0.55671430083552209,0.3733749696814147,-0.45516510649829173,-0.078934373628746071,-0.15042860519519274,0.51049166943800983,-0.96748165926745389,0.75590792820435371,-0.16113454756768769,0.021229534487232318,-0.3550999904850739,-0.14733241904370853,-0.066494163203229179,0.70047040861709797,0.19090513521798788,-0.22914193419431761,-0.47212458988082129,0.93401888,-0.39673953197987583,0.45398934655990414,1.0,0.29319775156901073,0.23826144657928164,-0.92053569990908124,0.53902616040553342,0.74519256665035538,0.43428767348303415
-0.02568588564771055,-0.23800053433618049,0.24120760303966951,-0.49338569185538567,0.060313488230833386,0.1890050638686688,-0.034917496303050896,0.011667962744838055,0.79403663666043878,0.159515997189553,-0.45878995893809932,0.3856095004333111,0.37215339185851681,-0.097381602149122545,0.0083479924185382946,-0.26985285465134962,-0.36108093311407286,0.43224453974186899,-0.30505064757537387,0.0009044665926437863,-0.093418309179136516,-0.30350475994369985,0.025288678580909687,-0.10825538168869721,0.04976724395486648,0.82020475243094937,0.28808513246361644,0.70320184434500455,-0.49501134995981572,0.13069949999999997,0.39400100976391422,0.60515877044338762,0.29319775156901073,1.0,0.75440010635901811,-0.38758695525486497,0.019813618100388643,0.35481872251248192,-0.36296294315682776
0.037862699630264139,-0.33994275633668292,-0.044495246880136223,-0.18285402478297771,0.054018071310682515,0.25937556752354057,0.023285643364549535,-0.14219109696061377,0.69519711137630191,-0.029288500526923812,-0.57259371490349698,0.15604609863779054,0.38729545016234573,0.049485830551280072,0.33276643136976175,-0.31960673554713354,-0.50621378094252267,0.13379274181260659,-0.23858689794232535,-0.023465028227500646,-0.42534419048172328,-0.39709054006272149,-0.014760252306650424,-0.52649763103658831,0.39965091280628062,0.65225599048165395,0.55089488615767179,0.48125152231238627,-0.43701152428936607,0.043204199999999915,0.56104192984202295,0.35476086040899846,0.23826144657928164,0.75440010635901811,1.0,-0.3167879991264938,-0.30783148567466945,0.11752316584803744,-0.49302799334479341
0.39238539402290645,0.7541503971310145,-0.84278223841583078,-0.41363176532028523,-0.82367372825497642,0.71572908374057276,0.78413794464690267,-0.14398963900075135,-0.55297928755847392,-0.61252204123149268,0.15776553535593563,0.52282116611715723,-0.58429444817241127,0.0038684607381360703,0.54118087995844499,0.27824993144631333,0.44056375810142101,-0.31070291837021491,0.9441617391292475,-0.77613359987706443,0.41664144397746533,-0.30845768606121998,-0.015072421920947742,-0.07963424346590936,0.15561050700756518,-0.78210086000728585,-0.080220533147551565,0.063752934933547889,0.32510388783263261,-0.89771900000000004,0.27976484896373771,-0.26922122227975309,-0.92053569990908124,-0.38758695525486497,-0.3167879991264938,1.0,-0.69247718351028531,-0.716235822013924,-0.20548359262540972
-0.17341355029902786,-0.21355492297886289,0.91412229932692546,0.43743791894427569,0.71644244845335714,-0.84678310294727244,-0.55997828398045013,0.40051170349954246,0.063151664203202368,0.57305791310935017,0.42283820782849491,-0.32350936697676236,0.16545299300275379,-0.3823083532486623,-0.79601905793141692,-0.053247793640864398,-0.31982320888272409,0.08371694445303296,-0.59586791851247933,0.70700137554347142,-0.18027927732879723,0.7339153997817387,0.35567245981384565,0.67330376905968381,-0.55459601945745163,0.36389168855660864,-0.50457853884579651,-0.1408079295173984,0.17404914909020003,0.66591756000000002,-0.42983279282893228,-0.10984126710886565,0.53902616040553342,0.019813618100388643,-0.30783148567466945,-0.69247718351028531,1.0,0.50847255977370809,0.3089184852207662
-0.53629395202948316,-0.67645751495105333,0.65262672681820166,-0.022847541885053162,0.70224996540321649,-0.63289558289177483,-0.75792049993527311,0.45721611739949253,0.19753957567344704,0.89569189336322319,-0.31191878196798212,-0.23824841219714041,0.82344520577818892,0.11420061004647712,-0.75787804014624716,-0.13533342791601355,-0.20752729143151447,0.74616749329031606,-0.83780925854270594,0.67165518350349918,0.19162049535815939,0.13130771260054164,-0.3280075021564306,0.21690391199602338,0.033560782542676387,0.60478419687561613,-0.19251163194459195,-0.23715988319668813,-0.62458190342892683,0.85584499999999997,-0.64246279784838933,0.67436365987538349,0.74519256665035538,0.35481872251248192,0.11752316584803744,-0.716235822013924,0.50847255977370809,1.0,0.59986810546736669
-0.53490110236365218,-0.46181534154872284,0.35958485292633746,0.021097305361377106,0.3334031421809841,-0.55523408862829671,-0.7001700902966469,0.42826962732159884,-0.3394054087917322,0.70169586677840867,-0.20298793194097745,-0.42481649214997025,0.30456166240769922,0.48254247635444347,-0.61148663492197286,0.4055637820238428,0.39569176724903143,0.55004357663877368,-0.45107467342198332,0.46328600457807567,0.60394829931769922,0.0062820010544137883,-0.63167529483763196,0.15020599552548414,-0.055025070130230599,-0.11312368349283823,-0.41173658488815779,-0.69572455124988386,-0.248172947569092,0.59541306000000005,-0.8910258637145706,0.38405198075766445,0.43428767348303415,-0.36296294315682776,-0.49302799334479341,-0.20548359262540972,0.3089184852207662,0.59986810546736669,1.0
