1.0,0.59366965496472335,0.51868858256469175,-0.089584211609464906,-0.067458582216837953,-0.41445507738372594,0.23070513507091536,-0.55121680214308655,0.3329416836643273,0.074405706568958369,0.75693957493217456,-0.24855551650127058,-0.077789146160264597,0.41778062660068516,0.20680049518159171,-0.58596372351823423,0.37875393115335554,-0.50608497589990931,-0.30500874930327776,0.86492690674332595,0.08070979398896079,0.1610579373990898,-0.52612966237329706,0.72987857208226725,0.10440625409601687,-0.84825904829506704,0.22195374409575883,-0.7941602088354085,-0.058057804570648797,0.3584895003217583,0.83235137820730953,-0.39627891322075165,0.43250461524790751,-0.5964579675216598,-0.73229977567971249,0.12685556092421865,0.57848433736214133,-0.76395381830738907,0.74493472000000005
0.59366965496472335,1.0,0.28111564926011223,0.38625990558879852,0.00093064238025220014,-0.44681304441632991,-0.61944841498401459,-0.40306018956942014,-0.18302190166806157,-0.39486079756072673,0.10592226230727729,-0.62408317622541154,-0.11731335055867061,-0.35451682246188143,0.57787425246293,-0.38617139910038728,0.20997454326818152,0.36234512738998653,0.14204523774340608,0.29366420300752033,-0.71800798896342777,-0.57481530892167476,-0.28081469589758534,0.38944479770261892,0.39102256260653417,-0.33196552024960241,0.058266490569568806,-0.24972717855870022,0.063372566854240642,0.41209019429233534,0.41103563606854615,-0.76616205641529578,0.19335040595825501,0.053967723849281633,-0.24269728064500723,0.69008763612264468,0.13766165505685662,-0.72268032951290673,0.16694472000000005
0.51868858256469175,0.28111564926011223,1.0,0.44761537725893719,0.34388999220033201,-0.42199751564207466,0.34160116826204601,0.021388028744831773,0.39989109638934234,-0.37487158771529094,0.12308088421625744,-0.044178606712955835,0.061185538337904827,0.65053178011169654,-0.34137509223976609,-0.054061069481441619,0.041073556594692806,-0.43731815136779234,-0.054854602977432457,0.52351033865041785,0.27932152912478453,0.24954827260161383,-0.12261872438355173,0.07771264405157792,0.0020650589596126721,-0.26928250218872879,-0.32481050480537699,-0.39745767710649305,-0.65378756152701745,0.047338230733271341,0.33188176986740847,0.20896051454644624,-0.12696543290249565,-0.67067657018297067,-0.21378185698656568,-0.46174761404839054,0.26762214344514224,-0.62496550939831885,0.44841135999999993
-0.089584211609464906,0.38625990558879852,0.44761537725893719,1.0,0.6083604407272043,-0.59461923349700707,-0.43796787415356658,0.48502011106792686,0.16422106082329646,-0.42643317866398744,-0.37435757831441319,-0.57297215266021984,-0.29581467552248331,-0.1852851676200723,0.23898890317565918,0.010476257369087423,-0.052426903650319504,0.4038587405134722,0.65774824810366106,-0.042868784309961445,-0.44023839691332611,-0.58366219524687157,0.50279369876489066,-0.041747779448457457,0.46693669968564439,0.12929789427134905,-0.65276321795701475,-0.0012525900198136063,-0.083211626455407875,-0.074562533549231994,0.010812641820213515,-0.264607639863703,-0.18500416578421341,-0.0036447084218172465,0.094222198380816927,0.13270778618791171,-0.035896370786344632,-0.42692263208940212,0.024559900000000079
-0.067458582216837953,0.00093064238025220014,0.34388999220033201,0.6083604407272043,1.0,-0.48808197263123021,0.021089603850195149,0.74485833969699489,0.68590658496387125,0.14173854075750447,-0.075766299229000675,-0.63558520570209442,-0.71453181170849001,0.22754628077007477,0.078517588557162094,-0.41155651323911668,-0.2760985522254768,0.12705969797419861,0.69999877342430628,0.29698250675213927,-0.025059971799261005,-0.41311190549399507,0.70342549609043326,0.20236803943466952,0.69418425720012911,0.13484768931723179,-0.94440218574132395,-0.31433580300162611,0.039936026571814331,0.27014267712773776,0.33023690681356282,-0.08819468772480521,0.32340785690878771,-0.41180641658479233,-0.25302697988049538,-0.057457387588584027,0.30497723333963461,-0.42411395104880412,0.38172407999999991
-0.41445507738372594,-0.44681304441632991,-0.42199751564207466,-0.59461923349700707,-0.48808197263123021,1.0,0.13514868001694225,-0.20631047517395712,-0.31041409161889261,-0.098666654686174401,-0.13087107460530389,0.55627869529448082,0.33029883379211744,-0.060308026840626708,-0.32384291962440043,0.43732723269517221,0.1051074713057681,0.034271793814850342,-0.29565967337623633,-0.45356158682049735,0.15579395716207378,0.35172352869831014,-0.10428633700401059,-0.40653290925367475,-0.58009097995950554,0.33596315166063778,0.47671828850591924,0.42461784645942952,-0.096057644314831978,-0.06843180501810596,-0.48278344811079615,0.39027588785697215,-0.26205217619000959,0.19342545563048621,0.34533523028235308,-0.14457486581499632,-0.16142883578551695,0.55413206842719642,-0.41211288000000001
0.23070513507091536,-0.61944841498401459,0.34160116826204601,-0.43796787415356658,0.021089603850195149,0.13514868001694225,1.0,-0.0057971661356070424,0.54903470832612222,0.38128644583632593,0.50917238998149261,0.52827947288168031,0.082508456814112383,0.91547626847850039,-0.61497268290271245,-0.045950982803105535,0.064257280057536795,-0.91963949120547406,-0.42785896438175236,0.47741964558608324,0.96454590397353546,0.86793898889600563,-0.1658356064816737,0.11468687437347248,-0.35769475461517508,-0.3299886236647101,0.055179933014718151,-0.4206923302715963,-0.30151938058488087,-0.12761169610405068,0.25964484395426324,0.63925843346579247,0.11636766645357309,-0.72030413525531289,-0.3587433853883466,-0.81659416093807213,0.38429115581078904,0.069356991491287087,0.49084854
-0.55121680214308655,-0.40306018956942014,0.021388028744831773,0.48502011106792686,0.74485833969699489,-0.20631047517395712,-0.0057971661356070424,1.0,0.45764461375421739,0.12188163338464764,-0.43235028628689948,-0.21073032055362012,-0.31922989861219475,0.069887298035231846,-0.036848721551797192,0.17851056379233932,-0.32653316149108264,0.19312331831518179,0.49367763183701352,-0.25434262300241434,0.10432930365113581,-0.23194310217363467,0.93252447672621408,-0.17905389085889456,0.25333311514004098,0.46463946667209166,-0.87687806303988192,0.095997984794501848,-0.047709011763690246,-0.3180927570957407,-0.20591693136702108,0.25092703000117339,-0.19322493600386104,-0.038953945766587894,0.22392009730179602,-0.26352179401336762,-0.056415155257553057,0.12947749118000512,-0.0051593800000000467
0.3329416836643273,-0.18302190166806157,0.39989109638934234,0.16422106082329646,0.68590658496387125,-0.31041409161889261,0.54903470832612222,0.45764461375421739,1.0,0.44310560706964591,0.53531149654077959,-0.32045776373027146,-0.54528466956324362,0.68235443816596131,-0.0123619106164965,-0.47664192091917079,0.13965560232143795,-0.51695062193490193,0.21416686827931813,0.68221012216636789,0.46021749020015379,0.15184648791027239,0.46346085039825768,0.59015270164470557,0.26831225788575364,-0.43824392689616443,-0.56984639635589363,-0.7810604274911388,0.014927012651920929,0.10134000970995392,0.66717890832800197,0.028692314636716666,0.39238366894197935,-0.82131226361276288,-0.65157600829115736,-0.32003128019496402,0.69662832240535599,-0.4621016896093505,0.84397724000000007
0.074405706568958369,-0.39486079756072673,-0.37487158771529094,-0.42643317866398744,0.14173854075750447,-0.098666654686174401,0.38128644583632593,0.12188163338464764,0.44310560706964591,1.0,0.44241721659806466,-0.045410569243963514,-0.35709288071552953,0.19535672517150271,-0.022767262623171896,-0.43975519686793113,-0.19874868308617527,-0.35626630256929942,0.040142215861950853,0.34304751380335097,0.38478491624378897,0.14569154440756515,0.10811315155514946,0.45916727920410993,0.1132349979318082,-0.26211049386025242,-0.057781927828825887,-0.34626876835458198,0.47950672626036617,0.17796979340922622,0.36033090296017506,0.0099373024778784871,0.49677103157227226,-0.13889672211113763,-0.36831406613608275,-0.043240313713930584,0.13805121530748948,0.18111781456743803,0.34517656000000008
0.75693957493217456,0.10592226230727729,0.12308088421625744,-0.37435757831441319,-0.075766299229000675,-0.13087107460530389,0.50917238998149261,-0.43235028628689948,0.53531149654077959,0.44241721659806466,1.0,-0.13890524877277333,-0.28640668655558255,0.48849559195316311,0.22382797643129812,-0.66640874622992652,0.56086769457218744,-0.64998845893480262,-0.25330749797347779,0.83719263608562777,0.33563545234584735,0.32514575995984252,-0.3301716496263527,0.81235885318389656,0.082022866581086512,-0.91602286110649178,0.31091295743634489,-0.87911703922145057,0.3046182921325658,0.25281380042223328,0.85202831061154694,-0.31156876439133901,0.63674263989685453,-0.66940144328772944,-0.91447539505995723,0.029336756138791498,0.80731284419018012,-0.45678097517659416,0.8434600000000001
-0.24855551650127058,-0.62408317622541154,-0.044178606712955835,-0.57297215266021984,-0.63558520570209442,0.55627869529448082,0.52827947288168031,-0.21073032055362012,-0.32045776373027146,-0.045410569243963514,-0.13890524877277333,1.0,0.77000324114111318,0.32516388719125139,-0.69985863871976606,0.7024981348576258,-0.072241421768361375,-0.47808886871972528,-0.72151266440099726,-0.34691509305549784,0.6505696363594039,0.84411930521595724,-0.37556912179859681,-0.54636395469305399,-0.87826446884090126,0.19574973070178042,0.49848658969197085,0.40081791644873793,-0.48094308954780063,-0.52241109829102117,-0.5544196607595574,0.81532354515444472,-0.56294014437743856,0.089543865480026408,0.45042664230947443,-0.69137647641739253,-0.37335418314475965,0.65982187234671341,-0.36231285999999996
-0.077789146160264597,-0.11731335055867061,0.061185538337904827,-0.29581467552248331,-0.71453181170849001,0.33029883379211744,0.082508456814112383,-0.31922989861219475,-0.54528466956324362,-0.35709288071552953,-0.28640668655558255,0.77000324114111318,1.0,0.019575191374465593,-0.37566160494213496,0.73986371438280063,0.013177432936200389,-0.201392096908945,-0.71781397085897081,-0.40849154970682794,0.23247521748666924,0.52740790208450827,-0.43437764806675644,-0.52398840261302859,-0.8137656049952039,0.14800586241905561,0.51996882954527301,0.43927326269885869,-0.48420551618421237,-0.5596342069572976,-0.54282117480240821,0.47189788041157316,-0.72171080666712406,0.31510084305939029,0.56351439349266841,-0.35821263367443812,-0.47915094207047654,0.39852739772855156,-0.44050078000000004
0.41778062660068516,-0.35451682246188143,0.65053178011169654,-0.1852851676200723,0.22754628077007477,-0.060308026840626708,0.91547626847850039,0.069887298035231846,0.68235443816596131,0.19535672517150271,0.48849559195316311,0.32516388719125139,0.019575191374465593,1.0,-0.54530099124336573,-0.11822074398497209,0.078385323824668493,-0.88655940881999695,-0.3493148002409569,0.62645442225902315,0.85933429726238353,0.7444946628221456,-0.095852259757555389,0.20733988458305855,-0.23635095750996862,-0.38087519811605197,-0.159550286257682,-0.56598725775351422,-0.47285821083732782,-0.048992218867465624,0.40848992034980303,0.5389849998619699,0.09794676123104272,-0.88627258066715242,-0.42916176086949681,-0.78320602866049149,0.4930140435410873,-0.25566659274662568,0.64405351999999993
0.20680049518159171,0.57787425246293,-0.34137509223976609,0.23898890317565918,0.078517588557162094,-0.32384291962440043,-0.61497268290271245,-0.036848721551797192,-0.0123619106164965,-0.022767262623171896,0.22382797643129812,-0.69985863871976606,-0.37566160494213496,-0.54530099124336573,1.0,-0.43170405573968146,0.39909149806127042,0.47146226289044985,0.26078280114210561,0.080531972037538799,-0.67568433708966302,-0.67372200574535823,0.19328540499652125,0.5301370902653938,0.52060254874879353,-0.31491932935535338,-0.010926283742446094,-0.29774236830088291,0.66384721375847122,0.10687393089638889,0.38721468693410227,-0.8946779532850605,0.38823036627277158,0.1961158297641816,-0.38799534293436244,0.8234119340676016,0.36856403531797827,-0.42028286771622958,0.21789283999999998
-0.58596372351823423,-0.38617139910038728,-0.054061069481441619,0.010476257369087423,-0.41155651323911668,0.43732723269517221,-0.045950982803105535,0.17851056379233932,-0.47664192091917079,-0.43975519686793113,-0.66640874622992652,0.7024981348576258,0.73986371438280063,-0.11822074398497209,-0.43170405573968146,1.0,-0.13233939589052163,0.08706317513488096,-0.31761168743772816,-0.77416893542465093,0.14620670332276739,0.33060500606755039,0.091236514740043032,-0.75873873154895055,-0.74096979952241926,0.55210157184664954,0.14311287901228203,0.7091113336799022,-0.51126702243777744,-0.73034683608833117,-0.86700974216183546,0.63096205027411356,-0.93681924674271311,0.44293767587576294,0.82757739852873824,-0.43580062899585464,-0.640847706848368,0.62358482296579321,-0.66540268000000002
0.37875393115335554,0.20997454326818152,0.041073556594692806,-0.052426903650319504,-0.2760985522254768,0.1051074713057681,0.064257280057536795,-0.32653316149108264,0.13965560232143795,-0.19874868308617527,0.56086769457218744,-0.072241421768361375,0.013177432936200389,0.078385323824668493,0.39909149806127042,-0.13233939589052163,1.0,-0.227839505902489,-0.15953878066353544,0.26053443908921353,-0.033805053110903892,0.11834117406662648,-0.1011316651836496,0.34868639648792915,-0.1219028238870543,-0.65532893939061621,0.3884866201325779,-0.47373596186104405,0.2149043101319921,-0.2599167434802136,0.35142189214570363,-0.37804291008780821,0.03515431409821005,-0.29171876972072319,-0.47864420874761721,0.14526010237652145,0.63360494344000939,-0.24014662519590499,0.43474769999999996
-0.50608497589990931,0.36234512738998653,-0.43731815136779234,0.4038587405134722,0.12705969797419861,0.034271793814850342,-0.91963949120547406,0.19312331831518179,-0.51695062193490193,-0.35626630256929942,-0.64998845893480262,-0.47808886871972528,-0.201392096908945,-0.88655940881999695,0.47146226289044985,0.08706317513488096,-0.227839505902489,1.0,0.55666729927261971,-0.61386102768916684,-0.88348762151874682,-0.8609089329563212,0.32479409458024183,-0.30266710138832403,0.42314888845029175,0.59237666224249586,-0.19195688081608861,0.5737461486414035,0.29633438205721435,0.17677706213448494,-0.41146142230481919,-0.45866505233312449,-0.081282194026433177,0.72132720402802064,0.45782768828145304,0.70118296341997355,-0.41777814737030045,0.094563862023318984,-0.61366787999999994
-0.30500874930327776,0.14204523774340608,-0.054854602977432457,0.65774824810366106,0.69999877342430628,-0.29565967337623633,-0.42785896438175236,0.49367763183701352,0.21416686827931813,0.040142215861950853,-0.25330749797347779,-0.72151266440099726,-0.71781397085897081,-0.3493148002409569,0.26078280114210561,-0.31761168743772816,-0.15953878066353544,0.55666729927261971,1.0,-0.045382576120894358,-0.48498431739388986,-0.74287925275958433,0.60482838301375486,0.047424506752379796,0.73112176056604905,0.23985871438342354,-0.61597213577219456,0.035155902606307528,0.39855263456168855,0.31259147951870614,0.069446970945259243,-0.36537523715609926,0.24615362917104652,0.091259286237948503,-0.043994513831908375,0.34707783328372754,0.0082387850933472086,-0.18079341650905401,-0.024040880000000042
0.86492690674332595,0.29366420300752033,0.52351033865041785,-0.042868784309961445,0.29698250675213927,-0.45356158682049735,0.47741964558608324,-0.25434262300241434,0.68221012216636789,0.34304751380335097,0.83719263608562777,-0.34691509305549784,-0.40849154970682794,0.62645442225902315,0.080531972037538799,-0.77416893542465093,0.26053443908921353,-0.61386102768916684,-0.045382576120894358,1.0,0.29903228811274291,0.18077067297940361,-0.25666789240077587,0.78216477517713656,0.31950878446309622,-0.80284449796293489,-0.073517438434365229,-0.92166908537598058,0.058869351499647636,0.46180886361141371,0.94498231077212935,-0.26884701040504366,0.65725091954910075,-0.82251894955676552,-0.88689791376256877,-0.055364256658897708,0.74050859804541824,-0.73738524738206201,0.91223919999999992
0.08070979398896079,-0.71800798896342777,0.27932152912478453,-0.44023839691332611,-0.025059971799261005,0.15579395716207378,0.96454590397353546,0.10432930365113581,0.46021749020015379,0.38478491624378897,0.33563545234584735,0.6505696363594039,0.23247521748666924,0.85933429726238353,-0.67568433708966302,0.14620670332276739,-0.033805053110903892,-0.88348762151874682,-0.48498431739388986,0.29903228811274291,1.0,0.89941095002066551,-0.09533605701969064,-0.04094177822745635,-0.47504156724824498,-0.18279268422545214,0.023467320724813799,-0.26078619703957412,-0.35266407165578073,-0.30241948007698161,0.07296309530320419,0.76241369060536168,-0.064997521793026133,-0.57209193246463397,-0.16032027624109224,-0.89127019096410409,0.20240025983105187,0.23544867550111681,0.34036062
0.1610579373990898,-0.57481530892167476,0.24954827260161383,-0.58366219524687157,-0.41311190549399507,0.35172352869831014,0.86793898889600563,-0.23194310217363467,0.15184648791027239,0.14569154440756515,0.32514575995984252,0.84411930521595724,0.52740790208450827,0.7444946628221456,-0.67372200574535823,0.33060500606755039,0.11834117406662648,-0.8609089329563212,-0.74287925275958433,0.18077067297940361,0.89941095002066551,1.0,-0.39436244836226297,-0.12931435693144067,-0.73885534743843539,-0.22956584981444567,0.38819056637726568,-0.13289053297671166,-0.47183316658178637,-0.36932575841057846,-0.053529072968363622,0.74131349543264835,-0.24456724234204619,-0.4313932787277493,-0.045888725497909455,-0.81418532508683461,0.10161340684639392,0.28521486234406757,0.18276464000000003
-0.52612966237329706,-0.28081469589758534,-0.12261872438355173,0.50279369876489066,0.70342549609043326,-0.10428633700401059,-0.1658356064816737,0.93252447672621408,0.46346085039825768,0.10811315155514946,-0.3301716496263527,-0.37556912179859681,-0.43437764806675644,-0.095852259757555389,0.19328540499652125,0.091236514740043032,-0.1011316651836496,0.32479409458024183,0.60482838301375486,-0.25666789240077587,-0.09533605701969064,-0.39436244836226297,1.0,-0.02984725844982572,0.30351251965935244,0.35288158677503811,-0.79084133695920378,0.02173893566647208,0.14813041325126547,-0.2643434512984405,-0.12316585197136269,0.0074221320774668651,-0.1235326857623609,0.0035329603983589677,0.1227246846337338,-0.024175939283698825,0.069172760777011622,0.065582504968770577,0.045389380000000035
0.72987857208226725,0.38944479770261892,0.07771264405157792,-0.041747779448457457,0.20236803943466952,-0.40653290925367475,0.11468687437347248,-0.17905389085889456,0.59015270164470557,0.45916727920410993,0.81235885318389656,-0.54636395469305399,-0.52398840261302859,0.20733988458305855,0.5301370902653938,-0.75873873154895055,0.34868639648792915,-0.30266710138832403,0.047424506752379796,0.78216477517713656,-0.04094177822745635,-0.12931435693144067,-0.02984725844982572,1.0,0.35951162465019504,-0.80654937839071605,-0.024917253675319741,-0.87669351928287986,0.40481796144597926,0.37918149326468392,0.91174518171638452,-0.60452261802093477,0.6748757764773553,-0.5030860822533062,-0.86510170777938977,0.36502492989051466,0.69147670626086377,-0.65253441449204708,0.82849807999999991
0.10440625409601687,0.39102256260653417,0.0020650589596126721,0.46693669968564439,0.69418425720012911,-0.58009097995950554,-0.35769475461517508,0.25333311514004098,0.26831225788575364,0.1132349979318082,0.082022866581086512,-0.87826446884090126,-0.8137656049952039,-0.23635095750996862,0.52060254874879353,-0.74096979952241926,-0.1219028238870543,0.42314888845029175,0.73112176056604905,0.31950878446309622,-0.47504156724824498,-0.73885534743843539,0.30351251965935244,0.35951162465019504,1.0,-0.039271907957740791,-0.53307460078546642,-0.28577012159800358,0.50153520611154456,0.56754280820379399,0.46759865721212862,-0.62454140060296726,0.6859154740400889,-0.094777208558524617,-0.42513073672429263,0.52095593537894924,0.32023208230577777,-0.49639591088064888,0.26539329999999994
-0.84825904829506704,-0.33196552024960241,-0.26928250218872879,0.12929789427134905,0.13484768931723179,0.33596315166063778,-0.3299886236647101,0.46463946667209166,-0.43824392689616443,-0.26211049386025242,-0.91602286110649178,0.19574973070178042,0.14800586241905561,-0.38087519811605197,-0.31491932935535338,0.55210157184664954,-0.65532893939061621,0.59237666224249586,0.23985871438342354,-0.80284449796293489,-0.18279268422545214,-0.22956584981444567,0.35288158677503811,-0.80654937839071605,-0.039271907957740791,1.0,-0.31558379906213335,0.86593291126249972,-0.22735288828828884,-0.089502482367621025,-0.82404004261358599,0.42302864899641068,-0.43051902754082877,0.57497878707440531,0.83222154040344964,-0.093236345224117403,-0.70843956534565533,0.5569960240759857,-0.81549176000000001
0.22195374409575883,0.058266490569568806,-0.32481050480537699,-0.65276321795701475,-0.94440218574132395,0.47671828850591924,0.055179933014718151,-0.87687806303988192,-0.56984639635589363,-0.057781927828825887,0.31091295743634489,0.49848658969197085,0.51996882954527301,-0.159550286257682,-0.010926283742446094,0.14311287901228203,0.3884866201325779,-0.19195688081608861,-0.61597213577219456,-0.073517438434365229,0.023467320724813799,0.38819056637726568,-0.79084133695920378,-0.024917253675319741,-0.53307460078546642,-0.31558379906213335,1.0,0.1219820741831272,0.11359623723786941,-0.049017556865911874,-0.098796819762620239,-0.051773402267487965,-0.0508810549166714,0.24664311150610327,-0.0047091242615122488,0.13730535115627684,-0.081399298876289661,0.27007813295662259,-0.20100426000000005
-0.7941602088354085,-0.24972717855870022,-0.39745767710649305,-0.0012525900198136063,-0.31433580300162611,0.42461784645942952,-0.4206923302715963,0.095997984794501848,-0.7810604274911388,-0.34626876835458198,-0.87911703922145057,0.40081791644873793,0.43927326269885869,-0.56598725775351422,-0.29774236830088291,0.7091113336799022,-0.47373596186104405,0.5737461486414035,0.035155902606307528,-0.92166908537598058,-0.26078619703957412,-0.13289053297671166,0.02173893566647208,-0.87669351928287986,-0.28577012159800358,0.86593291126249972,0.1219820741831272,1.0,-0.17084409732155023,-0.23352170180201637,-0.95286149314326163,0.36267499056854952,-0.58627997137827492,0.81159804613862485,0.93324475936307039,-0.0060607139143177419,-0.87676870059835421,0.71799481129175746,-0.99180811999999996
-0.058057804570648797,0.063372566854240642,-0.65378756152701745,-0.083211626455407875,0.039936026571814331,-0.096057644314831978,-0.30151938058488087,-0.047709011763690246,0.014927012651920929,0.47950672626036617,0.3046182921325658,-0.48094308954780063,-0.48420551618421237,-0.47285821083732782,0.66384721375847122,-0.51126702243777744,0.2149043101319921,0.29633438205721435,0.39855263456168855,0.058869351499647636,-0.35266407165578073,-0.47183316658178637,0.14813041325126547,0.40481796144597926,0.50153520611154456,-0.22735288828828884,0.11359623723786941,-0.17084409732155023,1.0,0.22062410597418924,0.28538603414362923,-0.62695584005351501,0.6002041619192644,0.25212585424328154,-0.3734208558281481,0.61443864329418818,0.23085458619643451,0.018886290182647373,0.10463315999999989
0.3584895003217583,0.41209019429233534,0.047338230733271341,-0.074562533549231994,0.27014267712773776,-0.06843180501810596,-0.12761169610405068,-0.3180927570957407,0.10134000970995392,0.17796979340922622,0.25281380042223328,-0.52241109829102117,-0.5596342069572976,-0.048992218867465624,0.10687393089638889,-0.73034683608833117,-0.2599167434802136,0.17677706213448494,0.31259147951870614,0.46180886361141371,-0.30241948007698161,-0.36932575841057846,-0.2643434512984405,0.37918149326468392,0.56754280820379399,-0.089502482367621025,-0.049017556865911874,-0.23352170180201637,0.22062410597418924,1.0,0.48022145725051169,-0.40345831273273108,0.7390977901842869,-0.18604523336870615,-0.39039074683932468,0.44393700994858343,0.18934964654884345,-0.45717378383956031,0.19494645999999993
0.83235137820730953,0.41103563606854615,0.33188176986740847,0.010812641820213515,0.33023690681356282,-0.48278344811079615,0.25964484395426324,-0.20591693136702108,0.66717890832800197,0.36033090296017506,0.85202831061154694,-0.5544196607595574,-0.54282117480240821,0.40848992034980303,0.38721468693410227,-0.86700974216183546,0.35142189214570363,-0.41146142230481919,0.069446970945259243,0.94498231077212935,0.07296309530320419,-0.053529072968363622,-0.12316585197136269,0.91174518171638452,0.46759865721212862,-0.82404004261358599,-0.098796819762620239,-0.95286149314326163,0.28538603414362923,0.48022145725051169,1.0,-0.52414126970820474,0.75321816063275349,-0.70590814976260141,-0.95059146131135019,0.21299845914168467,0.81286658007802248,-0.79019444574093667,0.92219793999999999
-0.39627891322075165,-0.76616205641529578,0.20896051454644624,-0.264607639863703,-0.08819468772480521,0.39027588785697215,0.63925843346579247,0.25092703000117339,0.028692314636716666,0.0099373024778784871,-0.31156876439133901,0.81532354515444472,0.47189788041157316,0.5389849998619699,-0.8946779532850605,0.63096205027411356,-0.37804291008780821,-0.45866505233312449,-0.36537523715609926,-0.26884701040504366,0.76241369060536168,0.74131349543264835,0.0074221320774668651,-0.60452261802093477,-0.62454140060296726,0.42302864899641068,-0.051773402267487965,0.36267499056854952,-0.62695584005351501,-0.40345831273273108,-0.52414126970820474,1.0,-0.5164742963886898,-0.13599041288585068,0.4661637416878921,-0.9089411237567272,-0.35070121474974103,0.54429659093542015,-0.26495263999999996
0.43250461524790751,0.19335040595825501,-0.12696543290249565,-0.18500416578421341,0.32340785690878771,-0.26205217619000959,0.11636766645357309,-0.19322493600386104,0.39238366894197935,0.49677103157227226,0.63674263989685453,-0.56294014437743856,-0.72171080666712406,0.09794676123104272,0.38823036627277158,-0.93681924674271311,0.03515431409821005,-0.081282194026433177,0.24615362917104652,0.65725091954910075,-0.064997521793026133,-0.24456724234204619,-0.1235326857623609,0.6748757764773553,0.6859154740400889,-0.43051902754082877,-0.0508810549166714,-0.58627997137827492,0.6002041619192644,0.7390977901842869,0.75321816063275349,-0.5164742963886898,1.0,-0.36970804329907975,-0.77700941599690854,0.39377078403409449,0.58692688627747069,-0.45468295787815355,0.54651628000000008
-0.5964579675216598,0.053967723849281633,-0.67067657018297067,-0.0036447084218172465,-0.41180641658479233,0.19342545563048621,-0.72030413525531289,-0.038953945766587894,-0.82131226361276288,-0.13889672211113763,-0.66940144328772944,0.089543865480026408,0.31510084305939029,-0.88627258066715242,0.1961158297641816,0.44293767587576294,-0.29171876972072319,0.72132720402802064,0.091259286237948503,-0.82251894955676552,-0.57209193246463397,-0.4313932787277493,0.0035329603983589677,-0.5030860822533062,-0.094777208558524617,0.57497878707440531,0.24664311150610327,0.81159804613862485,0.25212585424328154,-0.18604523336870615,-0.70590814976260141,-0.13599041288585068,-0.36970804329907975,1.0,0.72107076225595867,0.45646830932005805,-0.78733704305708208,0.58940349566148564,-0.86493354
-0.73229977567971249,-0.24269728064500723,-0.21378185698656568,0.094222198380816927,-0.25302697988049538,0.34533523028235308,-0.3587433853883466,0.22392009730179602,-0.65157600829115736,-0.36831406613608275,-0.91447539505995723,0.45042664230947443,0.56351439349266841,-0.42916176086949681,-0.38799534293436244,0.82757739852873824,-0.47864420874761721,0.45782768828145304,-0.043994513831908375,-0.88689791376256877,-0.16032027624109224,-0.045888725497909455,0.1227246846337338,-0.86510170777938977,-0.42513073672429263,0.83222154040344964,-0.0047091242615122488,0.93324475936307039,-0.3734208558281481,-0.39039074683932468,-0.95059146131135019,0.4661637416878921,-0.77700941599690854,0.72107076225595867,1.0,-0.15236103668445777,-0.89628642352587273,0.66717512802063672,-0.90621439999999998
0.12685556092421865,0.69008763612264468,-0.46174761404839054,0.13270778618791171,-0.057457387588584027,-0.14457486581499632,-0.81659416093807213,-0.26352179401336762,-0.32003128019496402,-0.043240313713930584,0.029336756138791498,-0.69137647641739253,-0.35821263367443812,-0.78320602866049149,0.8234119340676016,-0.43580062899585464,0.14526010237652145,0.70118296341997355,0.34707783328372754,-0.055364256658897708,-0.89127019096410409,-0.81418532508683461,-0.024175939283698825,0.36502492989051466,0.52095593537894924,-0.093236345224117403,0.13730535115627684,-0.0060607139143177419,0.61443864329418818,0.44393700994858343,0.21299845914168467,-0.9089411237567272,0.39377078403409449,0.45646830932005805,-0.15236103668445777,1.0,0.029920978358755235,-0.27847982241288938,-0.097394340000000024
0.57848433736214133,0.13766165505685662,0.26762214344514224,-0.035896370786344632,0.30497723333963461,-0.16142883578551695,0.38429115581078904,-0.056415155257553057,0.69662832240535599,0.13805121530748948,0.80731284419018012,-0.37335418314475965,-0.47915094207047654,0.4930140435410873,0.36856403531797827,-0.640847706848368,0.63360494344000939,-0.41777814737030045,0.0082387850933472086,0.74050859804541824,0.20240025983105187,0.10161340684639392,0.069172760777011622,0.69147670626086377,0.32023208230577777,-0.70843956534565533,-0.081399298876289661,-0.87676870059835421,0.23085458619643451,0.18934964654884345,0.81286658007802248,-0.35070121474974103,0.58692688627747069,-0.78733704305708208,-0.89628642352587273,0.029920978358755235,1.0,-0.62835134163476147,0.87808770000000003
-0.76395381830738907,-0.72268032951290673,-0.62496550939831885,-0.42692263208940212,-0.42411395104880412,0.55413206842719642,0.069356991491287087,0.12947749118000512,-0.4621016896093505,0.18111781456743803,-0.45678097517659416,0.65982187234671341,0.39852739772855156,-0.25566659274662568,-0.42028286771622958,0.62358482296579321,-0.24014662519590499,0.094563862023318984,-0.18079341650905401,-0.73738524738206201,0.23544867550111681,0.28521486234406757,0.065582504968770577,-0.65253441449204708,-0.49639591088064888,0.5569960240759857,0.27007813295662259,0.71799481129175746,0.018886290182647373,-0.45717378383956031,-0.79019444574093667,0.54429659093542015,-0.45468295787815355,0.58940349566148564,0.66717512802063672,-0.27847982241288938,-0.62835134163476147,1.0,-0.69621189999999999
0.74493472000000005,0.16694472000000005,0.44841135999999993,0.024559900000000079,0.38172407999999991,-0.41211288000000001,0.49084854,-0.0051593800000000467,0.84397724000000007,0.34517656000000008,0.8434600000000001,-0.36231285999999996,-0.44050078000000004,0.64405351999999993,0.21789283999999998,-0.66540268000000002,0.43474769999999996,-0.61366787999999994,-0.024040880000000042,0.91223919999999992,0.34036062,0.18276464000000003,0.045389380000000035,0.82849807999999991,0.26539329999999994,-0.81549176000000001,-0.20100426000000005,-0.99180811999999996,0.10463315999999989,0.19494645999999993,0.92219793999999999,-0.26495263999999996,0.54651628000000008,-0.86493354,-0.90621439999999998,-0.097394340000000024,0.87808770000000003,-0.69621189999999999,1.0
