1.0,0.89479310984351978,0.84815181021995212,-0.96133365952959438,0.18139300710429118,-0.16002495387948804,-0.16343535971124279,-0.60019728659556559,0.088598880001431582,0.79390950267477112,0.27289485521245782,0.84715426068400268,-0.803107630520842,-0.66199805946739654,0.88947568841998137,-0.65395869903551018,-0.79199492018175843,-0.29456099601081287,-0.0626955679931471,0.76494340220084156,0.64780489650947837,0.83204681548731196,-0.69639000381684768,-0.25652714527934783,-0.058548757882033051,0.17936336141052256,-0.80265754030876846,-0.022411774314057314,-0.26707524712886777,-0.43463646716192178,-0.15032608982199649,-0.48040975842897748,0.73145164272810137,-0.64367286624553333,-0.62080759636000293,-0.05230348888781787,0.25524519633187565,-0.94750926000000002,0.8853607643844249
0.89479310984351978,1.0,0.92607991069522955,-0.89037614357850148,0.35909723006122907,0.10311400863344866,-0.42575055776829224,-0.52353020433113417,-0.1224998123227066,0.62483698873728954,0.13184800290475321,0.72665669450618298,-0.95961262887428145,-0.61190402333175076,0.88810095605074812,-0.63225536507531443,-0.65794686575076344,-0.49772578244849652,0.13796612749124956,0.7021358734133093,0.53207206012625985,0.86361031667384835,-0.56000809470917257,-0.2097933022474166,-0.14849972141254197,0.28338978158137951,-0.66052455545528743,0.17291713701753408,-0.2921204573651523,-0.51061168618337982,-0.25849764118991436,-0.32767017694271305,0.73897493105977785,-0.57163298017916397,-0.74153178675665188,0.08791366258871143,0.36653511415014128,-0.91575470000000003,0.94071770574971292
0.84815181021995212,0.92607991069522955,1.0,-0.9008367117608912,0.2498369243311066,-0.17899066952380582,-0.1533212162362238,-0.62456161763490059,0.1740569798863037,0.50988070904586258,0.28006470206284811,0.75367399714098104,-0.84224690516490752,-0.6898070365540353,0.77647653970540831,-0.70646331629336356,-0.65953590701095144,-0.38680426489165315,0.28669550173011421,0.6573850479831348,0.65081664259115446,0.84651915648409981,-0.68906952824248624,-0.26970509082242367,-0.44279171225129976,0.16345002780877405,-0.74764397243492642,0.11164025835284877,-0.49140619000607411,-0.66904353192994859,0.035517999297483324,-0.38630806465693629,0.50747671140280992,-0.81096599679693493,-0.73384014131715025,-0.20362287112265895,0.29537990217583626,-0.95893324000000002,0.9618672748090521
-0.96133365952959438,-0.89037614357850148,-0.9008367117608912,1.0,-0.028986187180184208,0.29787241551126409,0.09607017226647914,0.75790337301495692,-0.22851193755244828,-0.68437553991276323,-0.45779108590619627,-0.93257651932925134,0.80805721233619909,0.78134569390890996,-0.90259939356470853,0.80747727419986837,0.69065667813746012,0.14774069082348251,0.015724531372552399,-0.82396493343535226,-0.66178965277414081,-0.74028746628952424,0.78641949932813449,0.24753879352890953,0.14073690703502301,-0.31489987572916656,0.91077032160332805,-0.087480109159901898,0.48379387439588634,0.50390534789807451,0.0051203702049986543,0.46839161924139106,-0.70390237514483633,0.76393333858707935,0.66629707067959665,0.21215032209699922,-0.13874569819668905,0.98162386000000001,-0.87626278989274375
0.18139300710429118,0.35909723006122907,0.2498369243311066,-0.028986187180184208,1.0,0.51457872091330581,-0.33769380483281081,0.42756332017083853,-0.46687681175106738,0.26393799470230733,-0.59425088646177915,-0.22802165098066138,-0.34324183218996973,0.12723202781068696,-0.0013037918525042769,0.24542535602667764,-0.35417568270101601,-0.78075019214934549,0.32552650630814939,-0.080187528301225316,0.099991137449831721,0.60886100614645955,0.17101344361468965,0.076516915164185101,-0.20263695773868073,-0.24798980873549115,0.28275432482455476,-0.28993361485336649,0.39276030810522689,-0.28225131096984346,-0.36706999851550803,-0.22963464180829035,0.052812454077261074,0.062116907888339346,-0.1293441050577861,0.62026041210839089,0.40304337761407899,-0.13870170000000004,0.37874182880116647
-0.16002495387948804,0.10311400863344866,-0.17899066952380582,0.29787241551126409,0.51457872091330581,1.0,-0.71527117567398235,0.5159245149101882,-0.93909041273394289,-0.057331110014447413,-0.73186053800530659,-0.44670717545540772,-0.17225178018566514,0.43310798401008466,0.01813020541909556,0.46887286509338089,0.089624225668641672,-0.60990107942812122,-0.076277355428061383,-0.35050756920605231,-0.39106084861231427,0.074970261543574959,0.59609583328003268,-0.049106536515128849,0.42101552416414478,0.10175189402049339,0.58143629764794003,0.22058233377612285,0.4864470867890035,0.39626522704896833,-0.81383080517420481,0.49303515568052958,0.26807587311647202,0.69744195220077909,-0.077325112850391065,0.76954200093732583,0.50569353635444614,0.27928387999999993,-0.0401626815702045
-0.16343535971124279,-0.42575055776829224,-0.1533212162362238,0.09607017226647914,-0.33769380483281081,-0.71527117567398235,1.0,-0.028879155407496911,0.69089801390796224,-0.030436167246704136,0.26876662399895451,-0.048756485549739166,0.56086521402994582,-0.0301506540960986,-0.3795232972524501,0.028688706793873774,-0.12375731260347159,0.39669563746641517,0.13313281764776205,-0.12040666813084824,0.23757817236182832,-0.2536231576214284,-0.11511869125419576,0.042916813157536489,-0.4254128318497768,-0.24571757437226957,-0.10581027689261974,-0.13806927023366478,-0.22455576872442931,-0.19261999395260374,0.55363956232284861,-0.35926224582796457,-0.57338938757560576,-0.34331248026817329,0.40409753456936148,-0.54795003723793967,-0.43619407383653502,0.079213760000000022,-0.25263333325744902
-0.60019728659556559,-0.52353020433113417,-0.62456161763490059,0.75790337301495692,0.42756332017083853,0.5159245149101882,-0.028879155407496911,1.0,-0.48304934095637503,-0.13713109358583242,-0.86953872540837851,-0.90350914888897937,0.44765334197066758,0.73919464955178371,-0.67181064101476151,0.95526957214336228,0.13239490663156717,-0.43169488079177099,0.27592789219141994,-0.66749240080779371,-0.49220663352529564,-0.27581314150055936,0.89891817503515792,0.44627277724766612,0.015973710371028883,-0.54207241346758706,0.92357043439533493,-0.093121538583141927,0.78445144389090771,0.24617859969079928,-0.35107052463186844,0.13551062872264605,-0.55707849506410634,0.69818997718051345,0.48087734886716377,0.4855210178620526,-0.020116782247057263,0.68854177999999999,-0.53570908065633627
0.088598880001431582,-0.1224998123227066,0.1740569798863037,-0.22851193755244828,-0.46687681175106738,-0.93909041273394289,0.69089801390796224,-0.48304934095637503,1.0,-0.060320451619125207,0.71904068774041707,0.34584506575043023,0.19039119829611698,-0.26825237993474926,-0.052645901367860772,-0.4528273397100821,-0.0036107191322782665,0.57849165343501652,0.18591707137776187,0.35447087291811269,0.48259669395824728,-0.050789711574642363,-0.59363936909783088,0.018803254876233449,-0.53096146404098599,-0.17047386774445408,-0.51705079544826738,-0.21121472277536801,-0.39063276318578422,-0.50533879835119599,0.91900293637584951,-0.51009116259279941,-0.34688522399088129,-0.70629021740402409,0.22636160409530579,-0.76023479493412638,-0.40539214109391236,-0.23680095999999995,0.021560062665750231
0.79390950267477112,0.62483698873728954,0.50988070904586258,-0.68437553991276323,0.26393799470230733,-0.057331110014447413,-0.030436167246704136,-0.13713109358583242,-0.060320451619125207,1.0,-0.10640435824276546,0.50543930303716866,-0.58235873402279381,-0.37318805640827429,0.64297603519788826,-0.20162469625881688,-0.88667086702135212,-0.43108411147793374,-0.0077168279545957756,0.61213373418511685,0.47002839212624176,0.62719141944031531,-0.24386621264346345,0.18589450786983808,0.038755148467519866,-0.012962049511305015,-0.45476713257519163,-0.065984041174240629,0.11726831361737412,-0.35492984199340305,-0.37092104809750487,-0.64405187035203204,0.50592855785006818,-0.33752055534410086,-0.32322459460226516,0.14113760249672935,0.013429440919812005,-0.6702766,0.57427308165310442
0.27289485521245782,0.13184800290475321,0.28006470206284811,-0.45779108590619627,-0.59425088646177915,-0.73186053800530659,0.26876662399895451,-0.86953872540837851,0.71904068774041707,-0.10640435824276546,1.0,0.69904730450682306,-0.096739362681028465,-0.5795775242825173,0.31443606963188536,-0.83776710011236133,0.18280724735013795,0.76832285892266017,-0.24121274300695067,0.55355283652108833,0.34522274724640539,-0.073609123800644244,-0.80399528165485001,-0.22444602442559297,-0.030307144391623554,0.4347412663423218,-0.77587759490281349,-0.0039929165971103412,-0.67957627389366404,-0.19515521091004295,0.66343414518846822,-0.20625452497463515,0.24129548124555816,-0.5976471642585035,-0.10578949769792878,-0.59339553804951273,-0.31293103293472058,-0.36949321999999996,0.14605109141163813
0.84715426068400268,0.72665669450618298,0.75367399714098104,-0.93257651932925134,-0.22802165098066138,-0.44670717545540772,-0.048756485549739166,-0.90350914888897937,0.34584506575043023,0.50543930303716866,0.69904730450682306,1.0,-0.65627633018668996,-0.83581498033790214,0.84139318480674463,-0.90787102547726739,-0.45793115944888341,0.18614969951175242,-0.21080685771623778,0.807413148691426,0.52620406986892188,0.50411336412794938,-0.86727686288986161,-0.29789229396785205,0.018633930153322549,0.46856316546041576,-0.97571335711294893,0.061339977910401584,-0.60882193921689698,-0.32846453044940138,0.13963398689103204,-0.34950401909328549,0.70604970731829886,-0.72358821480909474,-0.60537779346645015,-0.34890681083047659,-0.0066094486602017166,-0.86588748000000004,0.70754665046957377
-0.803107630520842,-0.95961262887428145,-0.84224690516490752,0.80805721233619909,-0.34324183218996973,-0.17225178018566514,0.56086521402994582,0.44765334197066758,0.19039119829611698,-0.58235873402279381,-0.096739362681028465,-0.65627633018668996,1.0,0.58387351907555296,-0.86115562295293591,0.58795966008683065,0.53102463918386222,0.48263507849974441,-0.18504122156584618,-0.71998893119392238,-0.42790875459526884,-0.76563237967942865,0.45537878969775597,0.055964883314123637,0.084858563566920481,-0.31532694908794623,0.58138231444982913,-0.25737370288335576,0.2033693426150453,0.47890914854106498,0.28000079214203516,0.31484124626216348,-0.73540600711175419,0.46725743896467825,0.73595606640065514,-0.1626602251578308,-0.24352800024494317,0.82625747999999999,-0.8331566526881965
-0.66199805946739654,-0.61190402333175076,-0.6898070365540353,0.78134569390890996,0.12723202781068696,0.43310798401008466,-0.0301506540960986,0.73919464955178371,-0.26825237993474926,-0.37318805640827429,-0.5795775242825173,-0.83581498033790214,0.58387351907555296,1.0,-0.61688884554772261,0.7976427388890821,0.38016153499055561,-0.14685731756613954,0.0087762228241443987,-0.54561223322020924,-0.39098950111293118,-0.39189728771539578,0.6905750739719666,0.21880407195912416,0.11411245465604454,-0.45979700520539635,0.82275057452734845,-0.16883511327400852,0.70827337848247918,0.25548744550384361,-0.13576856839507817,0.29114596977451923,-0.50541892402653854,0.682497849316544,0.75492486656970292,0.27084192419132969,0.26194030285262937,0.7431396400000001,-0.59172512990046022
0.88947568841998137,0.88810095605074812,0.77647653970540831,-0.90259939356470853,-0.0013037918525042769,0.01813020541909556,-0.3795232972524501,-0.67181064101476151,-0.052645901367860772,0.64297603519788826,0.31443606963188536,0.84139318480674463,-0.86115562295293591,-0.61688884554772261,1.0,-0.70903912894230992,-0.57421276472695537,-0.20956961054647652,-0.14813448209225141,0.79644883146935275,0.49498728813038378,0.64405471820728033,-0.60318956361355558,-0.27593031585163225,0.14067532561118451,0.48263631852782668,-0.76866855808000523,0.27044718678763568,-0.30188951545706538,-0.28793262098839922,-0.26310851401692442,-0.26220488375843182,0.87269282115589553,-0.48261331574125066,-0.65365086101146175,-0.0204685934718906,0.23629454314923326,-0.85915189999999997,0.77321140351036455
-0.65395869903551018,-0.63225536507531443,-0.70646331629336356,0.80747727419986837,0.24542535602667764,0.46887286509338089,0.028688706793873774,0.95526957214336228,-0.4528273397100821,-0.20162469625881688,-0.83776710011236133,-0.90787102547726739,0.58795966008683065,0.7976427388890821,-0.70903912894230992,1.0,0.17117430129113745,-0.32805908270251194,0.12223571419436917,-0.76588092211660286,-0.54085936252547262,-0.38385681362795909,0.90508324932087936,0.33252941080328713,0.093502609223826791,-0.56774726530727126,0.93244785991432422,-0.14812694210233177,0.72233444765912169,0.39252251242355735,-0.35386870135001575,0.29746119438609209,-0.58799536836357058,0.74619910366621711,0.50517904369994293,0.35907199639156068,0.054678315149250381,0.7548795399999999,-0.59833436304888732
-0.79199492018175843,-0.65794686575076344,-0.65953590701095144,0.69065667813746012,-0.35417568270101601,0.089624225668641672,-0.12375731260347159,0.13239490663156717,-0.0036107191322782665,-0.88667086702135212,0.18280724735013795,-0.45793115944888341,0.53102463918386222,0.38016153499055561,-0.57421276472695537,0.17117430129113745,1.0,0.57973226656694854,-0.1755872843060951,-0.4240114763163701,-0.54362203643611973,-0.76568485169080736,0.27920517265014599,0.05554187327781062,0.26779559872820491,0.16275168878317373,0.43174937962300575,0.071824257758044963,0.0042083007185812968,0.4550655901043969,0.28863303307830407,0.55280706038166127,-0.33212872228972035,0.49623859918270014,0.42324650264513014,0.0033275688902263331,-0.1980153128204554,0.73977655999999992,-0.71793080205359661
-0.29456099601081287,-0.49772578244849652,-0.38680426489165315,0.14774069082348251,-0.78075019214934549,-0.60990107942812122,0.39669563746641517,-0.43169488079177099,0.57849165343501652,-0.43108411147793374,0.76832285892266017,0.18614969951175242,0.48263507849974441,-0.14685731756613954,-0.20956961054647652,-0.32805908270251194,0.57973226656694854,1.0,-0.42820623458902363,0.055768075400287817,-0.10704329356040219,-0.64522979362235011,-0.30961265248789088,-0.076750525174331535,0.2583830654229704,0.3059642478786247,-0.26199776899076094,-0.059974860560892664,-0.36756992969484481,0.29717134953380026,0.60020776104820261,0.091514466158315891,-0.11757521268791392,-0.049749313951128409,0.32725967525996491,-0.4790782161092475,-0.51832722289638233,0.27088519999999994,-0.49531593369891619
-0.0626955679931471,0.13796612749124956,0.28669550173011421,0.015724531372552399,0.32552650630814939,-0.076277355428061383,0.13313281764776205,0.27592789219141994,0.18591707137776187,-0.0077168279545957756,-0.24121274300695067,-0.21080685771623778,-0.18504122156584618,0.0087762228241443987,-0.14813448209225141,0.12223571419436917,-0.1755872843060951,-0.42820623458902363,1.0,0.019384994382206297,0.10105722575108206,0.23113200065093528,0.15772467517603256,0.44173279937162019,-0.79226670754636697,-0.40822572977631411,0.12807227873899651,0.16932838564311556,0.10562280071480709,-0.67901999522584422,0.2694003698276114,-0.36342828829312057,-0.45744234867970812,-0.34231457507171548,-0.04098475907896329,-0.200868529402253,-0.19166855639250813,-0.13260605999999997,0.17136922457330173
0.76494340220084156,0.7021358734133093,0.6573850479831348,-0.82396493343535226,-0.080187528301225316,-0.35050756920605231,-0.12040666813084824,-0.66749240080779371,0.35447087291811269,0.61213373418511685,0.55355283652108833,0.807413148691426,-0.71998893119392238,-0.54561223322020924,0.79644883146935275,-0.76588092211660286,-0.4240114763163701,0.055768075400287817,0.019384994382206297,1.0,0.58683018572950385,0.49968917657147655,-0.69608214904776267,0.12246218552259622,-0.044297955215335492,0.34375652249650235,-0.81700146242998617,0.089687518636728469,-0.25314563246525457,-0.59116486148074054,0.16408873939042193,-0.65088463546823594,0.61398600773884471,-0.63662795477628797,-0.29319832917098532,-0.19828150574648495,-0.10446034877928795,-0.77827911999999999,0.59234563393594108
0.64780489650947837,0.53207206012625985,0.65081664259115446,-0.66178965277414081,0.099991137449831721,-0.39106084861231427,0.23757817236182832,-0.49220663352529564,0.48259669395824728,0.47002839212624176,0.34522274724640539,0.52620406986892188,-0.42790875459526884,-0.39098950111293118,0.49498728813038378,-0.54085936252547262,-0.54362203643611973,-0.10704329356040219,0.10105722575108206,0.58683018572950385,1.0,0.64059385681738079,-0.67988216101311594,-0.27269737552852902,-0.42011560436339229,-0.10841408707615585,-0.63471607794315188,-0.10630996238916057,-0.26883164912577096,-0.60251824623977512,0.30580493821414606,-0.59183479801380312,0.22617568925437326,-0.72864194237617808,-0.20816491827159642,-0.21835994236954528,0.18060146357330728,-0.70182415999999992,0.60853226014602191
0.83204681548731196,0.86361031667384835,0.84651915648409981,-0.74028746628952424,0.60886100614645955,0.074970261543574959,-0.2536231576214284,-0.27581314150055936,-0.050789711574642363,0.62719141944031531,-0.073609123800644244,0.50411336412794938,-0.76563237967942865,-0.39189728771539578,0.64405471820728033,-0.38385681362795909,-0.76568485169080736,-0.64522979362235011,0.23113200065093528,0.49968917657147655,0.64059385681738079,1.0,-0.51043751578119556,-0.26975011633171542,-0.33732948777302202,-0.13827153634115708,-0.4749131071388033,-0.17900832018508028,-0.049329741968950985,-0.57246770447965212,-0.15443635402770384,-0.43659445560617671,0.46350038939442606,-0.57045851526875335,-0.55175309621616997,0.13233897888134888,0.52013972857457902,-0.82044919999999999,0.92508300542285893
-0.69639000381684768,-0.56000809470917257,-0.68906952824248624,0.78641949932813449,0.17101344361468965,0.59609583328003268,-0.11511869125419576,0.89891817503515792,-0.59363936909783088,-0.24386621264346345,-0.80399528165485001,-0.86727686288986161,0.45537878969775597,0.6905750739719666,-0.60318956361355558,0.90508324932087936,0.27920517265014599,-0.30961265248789088,0.15772467517603256,-0.69608214904776267,-0.67988216101311594,-0.51043751578119556,1.0,0.44789033308123766,0.18973857543016684,-0.2449354189768585,0.91770766490641731,0.19010639405405222,0.6042254969883355,0.42349225170545668,-0.48710648645095467,0.37768367748608112,-0.44859370493899836,0.8176266998913827,0.39726978902274901,0.43781868864540935,-0.096645232738478068,0.75634493999999997,-0.64014751617518073
-0.25652714527934783,-0.2097933022474166,-0.26970509082242367,0.24753879352890953,0.076516915164185101,-0.049106536515128849,0.042916813157536489,0.44627277724766612,0.018803254876233449,0.18589450786983808,-0.22444602442559297,-0.29789229396785205,0.055964883314123637,0.21880407195912416,-0.27593031585163225,0.33252941080328713,0.05554187327781062,-0.076750525174331535,0.44173279937162019,0.12246218552259622,-0.27269737552852902,-0.26975011633171542,0.44789033308123766,1.0,-0.099203664331867614,-0.1946847878732981,0.28564199022462561,0.019739418518470664,0.36147670517207203,-0.29464296215026187,0.0089003208610041202,-0.42171394869582091,-0.3139576981187911,0.16041253959570534,0.36483415631433413,0.054784020932707816,-0.56206930457194515,0.23918978000000002,-0.31863161110327898
-0.058548757882033051,-0.14849972141254197,-0.44279171225129976,0.14073690703502301,-0.20263695773868073,0.42101552416414478,-0.4254128318497768,0.015973710371028883,-0.53096146404098599,0.038755148467519866,-0.030307144391623554,0.018633930153322549,0.084858563566920481,0.11411245465604454,0.14067532561118451,0.093502609223826791,0.26779559872820491,0.2583830654229704,-0.79226670754636697,-0.044297955215335492,-0.42011560436339229,-0.33732948777302202,0.18973857543016684,-0.099203664331867614,1.0,0.47115802341967439,0.11866936757133001,0.010083263829634894,0.21609925954601036,0.78482557002982756,-0.55093020689307504,0.41016719287429448,0.52886580600847855,0.65405272509315382,0.060846263929358713,0.42622727568605684,0.045147590870777313,0.29763889999999993,-0.3175930250214104
0.17936336141052256,0.28338978158137951,0.16345002780877405,-0.31489987572916656,-0.24798980873549115,0.10175189402049339,-0.24571757437226957,-0.54207241346758706,-0.17047386774445408,-0.012962049511305015,0.4347412663423218,0.46856316546041576,-0.31532694908794623,-0.45979700520539635,0.48263631852782668,-0.56774726530727126,0.16275168878317373,0.3059642478786247,-0.40822572977631411,0.34375652249650235,-0.10841408707615585,-0.13827153634115708,-0.2449354189768585,-0.1946847878732981,0.47115802341967439,1.0,-0.39208708336740161,0.47894052741395371,-0.49447426246049925,0.20604472736046026,-0.22094782130069629,0.15981188183114095,0.62649531836729899,-0.0058076205398461811,-0.32093049433177412,0.10882636335425502,-0.16206629878506137,-0.20632421999999995,0.087713366661626019
-0.80265754030876846,-0.66052455545528743,-0.74764397243492642,0.91077032160332805,0.28275432482455476,0.58143629764794003,-0.10581027689261974,0.92357043439533493,-0.51705079544826738,-0.45476713257519163,-0.77587759490281349,-0.97571335711294893,0.58138231444982913,0.82275057452734845,-0.76866855808000523,0.93244785991432422,0.43174937962300575,-0.26199776899076094,0.12807227873899651,-0.81700146242998617,-0.63471607794315188,-0.4749131071388033,0.91770766490641731,0.28564199022462561,0.11866936757133001,-0.39208708336740161,1.0,-0.047844756306309355,0.64532085646785675,0.42745089596382108,-0.3104858052945661,0.43724950590210104,-0.57953565900305426,0.81978040313815281,0.51391390499558343,0.45173476653400146,0.07390132212494982,0.85694241999999998,-0.66708633663752959
-0.022411774314057314,0.17291713701753408,0.11164025835284877,-0.087480109159901898,-0.28993361485336649,0.22058233377612285,-0.13806927023366478,-0.093121538583141927,-0.21121472277536801,-0.065984041174240629,-0.0039929165971103412,0.061339977910401584,-0.25737370288335576,-0.16883511327400852,0.27044718678763568,-0.14812694210233177,0.071824257758044963,-0.059974860560892664,0.16932838564311556,0.089687518636728469,-0.10630996238916057,-0.17900832018508028,0.19010639405405222,0.019739418518470664,0.010083263829634894,0.47894052741395371,-0.047844756306309355,1.0,-0.19469693391352255,0.025306789716253598,-0.23577814176756304,0.1828485390212809,0.2011840507935207,0.062137736343476302,-0.23945832719442686,0.093281120146282301,-0.21907462910153253,-0.070066659999999947,-0.048049727050163207
-0.26707524712886777,-0.2921204573651523,-0.49140619000607411,0.48379387439588634,0.39276030810522689,0.4864470867890035,-0.22455576872442931,0.78445144389090771,-0.39063276318578422,0.11726831361737412,-0.67957627389366404,-0.60882193921689698,0.2033693426150453,0.70827337848247918,-0.30188951545706538,0.72233444765912169,0.0042083007185812968,-0.36756992969484481,0.10562280071480709,-0.25314563246525457,-0.26883164912577096,-0.049329741968950985,0.6042254969883355,0.36147670517207203,0.21609925954601036,-0.49447426246049925,0.64532085646785675,-0.19469693391352255,1.0,0.1736225554904646,-0.30839861068798641,-0.090433050611956972,-0.21293514537758731,0.59855614686085101,0.51555777064353903,0.50926924909183091,0.067103825347929941,0.45628413999999995,-0.36901174801739844
-0.43463646716192178,-0.51061168618337982,-0.66904353192994859,0.50390534789807451,-0.28225131096984346,0.39626522704896833,-0.19261999395260374,0.24617859969079928,-0.50533879835119599,-0.35492984199340305,-0.19515521091004295,-0.32846453044940138,0.47890914854106498,0.25548744550384361,-0.28793262098839922,0.39252251242355735,0.4550655901043969,0.29717134953380026,-0.67901999522584422,-0.59116486148074054,-0.60251824623977512,-0.57246770447965212,0.42349225170545668,-0.29464296215026187,0.78482557002982756,0.20604472736046026,0.42745089596382108,0.025306789716253598,0.1736225554904646,1.0,-0.42651510013653726,0.74200248635554922,0.084472599473179921,0.77232998720979951,0.10518145634258691,0.3024487248510182,0.037962267918043857,0.61210030000000004,-0.56802487372971311
-0.15032608982199649,-0.25849764118991436,0.035517999297483324,0.0051203702049986543,-0.36706999851550803,-0.81383080517420481,0.55363956232284861,-0.35107052463186844,0.91900293637584951,-0.37092104809750487,0.66343414518846822,0.13963398689103204,0.28000079214203516,-0.13576856839507817,-0.26310851401692442,-0.35386870135001575,0.28863303307830407,0.60020776104820261,0.2694003698276114,0.16408873939042193,0.30580493821414606,-0.15443635402770384,-0.48710648645095467,0.0089003208610041202,-0.55093020689307504,-0.22094782130069629,-0.3104858052945661,-0.23577814176756304,-0.30839861068798641,-0.42651510013653726,1.0,-0.3361254257044709,-0.484646899344916,-0.55991687135279189,0.2879412190060332,-0.6719005017772498,-0.37689268343989757,-0.023291999999999979,-0.11915867588347424
-0.48040975842897748,-0.32767017694271305,-0.38630806465693629,0.46839161924139106,-0.22963464180829035,0.49303515568052958,-0.35926224582796457,0.13551062872264605,-0.51009116259279941,-0.64405187035203204,-0.20625452497463515,-0.34950401909328549,0.31484124626216348,0.29114596977451923,-0.26220488375843182,0.29746119438609209,0.55280706038166127,0.091514466158315891,-0.36342828829312057,-0.65088463546823594,-0.59183479801380312,-0.43659445560617671,0.37768367748608112,-0.42171394869582091,0.41016719287429448,0.15981188183114095,0.43724950590210104,0.1828485390212809,-0.090433050611956972,0.74200248635554922,-0.3361254257044709,1.0,-0.0048364704740357792,0.59111881650678333,-0.10518329089882178,0.1007638227474065,0.37653154233895547,0.50025279999999994,-0.32193337071596245
0.73145164272810137,0.73897493105977785,0.50747671140280992,-0.70390237514483633,0.052812454077261074,0.26807587311647202,-0.57338938757560576,-0.55707849506410634,-0.34688522399088129,0.50592855785006818,0.24129548124555816,0.70604970731829886,-0.73540600711175419,-0.50541892402653854,0.87269282115589553,-0.58799536836357058,-0.33212872228972035,-0.11757521268791392,-0.45744234867970812,0.61398600773884471,0.22617568925437326,0.46350038939442606,-0.44859370493899836,-0.3139576981187911,0.52886580600847855,0.62649531836729899,-0.57953565900305426,0.2011840507935207,-0.21293514537758731,0.084472599473179921,-0.484646899344916,-0.0048364704740357792,1.0,-0.12049437423421416,-0.57828782078101371,0.27679534660149818,0.29475106443443189,-0.60665860000000005,0.57380344448204235
-0.64367286624553333,-0.57163298017916397,-0.81096599679693493,0.76393333858707935,0.062116907888339346,0.69744195220077909,-0.34331248026817329,0.69818997718051345,-0.70629021740402409,-0.33752055534410086,-0.5976471642585035,-0.72358821480909474,0.46725743896467825,0.682497849316544,-0.48261331574125066,0.74619910366621711,0.49623859918270014,-0.049749313951128409,-0.34231457507171548,-0.63662795477628797,-0.72864194237617808,-0.57045851526875335,0.8176266998913827,0.16041253959570534,0.65405272509315382,-0.0058076205398461811,0.81978040313815281,0.062137736343476302,0.59855614686085101,0.77232998720979951,-0.55991687135279189,0.59111881650678333,-0.12049437423421416,1.0,0.41041076220379719,0.59061539824169129,0.070104558930455529,0.8153167400000001,-0.69306313806916653
-0.62080759636000293,-0.74153178675665188,-0.73384014131715025,0.66629707067959665,-0.1293441050577861,-0.077325112850391065,0.40409753456936148,0.48087734886716377,0.22636160409530579,-0.32322459460226516,-0.10578949769792878,-0.60537779346645015,0.73595606640065514,0.75492486656970292,-0.65365086101146175,0.50517904369994293,0.42324650264513014,0.32725967525996491,-0.04098475907896329,-0.29319832917098532,-0.20816491827159642,-0.55175309621616997,0.39726978902274901,0.36483415631433413,0.060846263929358713,-0.32093049433177412,0.51391390499558343,-0.23945832719442686,0.51555777064353903,0.10518145634258691,0.2879412190060332,-0.10518329089882178,-0.57828782078101371,0.41041076220379719,1.0,0.037136729042388926,-0.21474563248869682,0.68005354000000007,-0.7204689486396596
-0.05230348888781787,0.08791366258871143,-0.20362287112265895,0.21215032209699922,0.62026041210839089,0.76954200093732583,-0.54795003723793967,0.4855210178620526,-0.76023479493412638,0.14113760249672935,-0.59339553804951273,-0.34890681083047659,-0.1626602251578308,0.27084192419132969,-0.0204685934718906,0.35907199639156068,0.0033275688902263331,-0.4790782161092475,-0.200868529402253,-0.19828150574648495,-0.21835994236954528,0.13233897888134888,0.43781868864540935,0.054784020932707816,0.42622727568605684,0.10882636335425502,0.45173476653400146,0.093281120146282301,0.50926924909183091,0.3024487248510182,-0.6719005017772498,0.1007638227474065,0.27679534660149818,0.59061539824169129,0.037136729042388926,1.0,0.24479320709650768,0.21862372000000008,-0.077927251296654523
0.25524519633187565,0.36653511415014128,0.29537990217583626,-0.13874569819668905,0.40304337761407899,0.50569353635444614,-0.43619407383653502,-0.020116782247057263,-0.40539214109391236,0.013429440919812005,-0.31293103293472058,-0.0066094486602017166,-0.24352800024494317,0.26194030285262937,0.23629454314923326,0.054678315149250381,-0.1980153128204554,-0.51832722289638233,-0.19166855639250813,-0.10446034877928795,0.18060146357330728,0.52013972857457902,-0.096645232738478068,-0.56206930457194515,0.045147590870777313,-0.16206629878506137,0.07390132212494982,-0.21907462910153253,0.067103825347929941,0.037962267918043857,-0.37689268343989757,0.37653154233895547,0.29475106443443189,0.070104558930455529,-0.21474563248869682,0.24479320709650768,1.0,-0.19273857999999999,0.47566691296892788
-0.94750926000000002,-0.91575470000000003,-0.95893324000000002,0.98162386000000001,-0.13870170000000004,0.27928387999999993,0.079213760000000022,0.68854177999999999,-0.23680095999999995,-0.6702766,-0.36949321999999996,-0.86588748000000004,0.82625747999999999,0.7431396400000001,-0.85915189999999997,0.7548795399999999,0.73977655999999992,0.27088519999999994,-0.13260605999999997,-0.77827911999999999,-0.70182415999999992,-0.82044919999999999,0.75634493999999997,0.23918978000000002,0.29763889999999993,-0.20632421999999995,0.85694241999999998,-0.070066659999999947,0.45628413999999995,0.61210030000000004,-0.023291999999999979,0.50025279999999994,-0.60665860000000005,0.8153167400000001,0.68005354000000007,0.21862372000000008,-0.19273857999999999,1.0,-0.93056035999999998
0.8853607643844249,0.94071770574971292,0.9618672748090521,-0.87626278989274375,0.37874182880116647,-0.0401626815702045,-0.25263333325744902,-0.53570908065633627,0.021560062665750231,0.57427308165310442,0.14605109141163813,0.70754665046957377,-0.8331566526881965,-0.59172512990046022,0.77321140351036455,-0.59833436304888732,-0.71793080205359661,-0.49531593369891619,0.17136922457330173,0.59234563393594108,0.60853226014602191,0.92508300542285893,-0.64014751617518073,-0.31863161110327898,-0.3175930250214104,0.087713366661626019,-0.66708633663752959,-0.048049727050163207,-0.36901174801739844,-0.56802487372971311,-0.11915867588347424,-0.32193337071596245,0.57380344448204235,-0.69306313806916653,-0.7204689486396596,-0.077927251296654523,0.47566691296892788,-0.93056035999999998,1.0
