1.000000000000000000e+00,6.480579930104473085e-01,-4.782413929783002060e-01,5.229303556488859028e-01,2.227629329673413983e-01,-8.889196027246154541e-01,-5.658996880439104427e-01,-1.996305830279839766e-01,1.058770337787997839e-01,-4.737314588777917779e-01,5.938715557517505739e-02,4.386426107149948295e-01,-1.291336542952742639e-01,-2.528931512187188729e-02,-5.084094426525496146e-01,1.647126216257027986e-01,7.361878443181384124e-02,-4.800414902021473140e-01,-1.596239878471366058e-01,-8.146233968513908463e-01,4.087029834016782659e-01,-5.413909489004301578e-01,7.760873803319418007e-02,-4.808874673474997641e-01,1.546418105484154704e-01,-8.259506808306824599e-01,1.699683217153390435e-01,-9.776460350407273348e-02,-2.681769541409512528e-02,2.020680050608120726e-01,1.695799620100507110e-01,1.310999437997444408e-02,1.904480794501316465e-01,1.940616931643537879e-01,-8.632665999999999951e-02,4.347513773542212995e-02,-1.387823113865047919e-01,-3.468572692025675107e-03,4.290882272196801239e-02
6.480579930104473085e-01,1.000000000000000000e+00,-9.054402767576136268e-01,3.715196011550290223e-01,1.132194149650075921e-01,-6.973455338882513788e-01,-7.770118476975675925e-01,-6.657973464345908754e-01,2.219084972656223398e-01,-2.792498454455380474e-01,7.745539812091606358e-02,1.542681443763997962e-01,2.100606114110867839e-01,2.993381525542219146e-01,-7.409660007770219048e-01,8.714722301953703454e-02,2.663837068369251382e-01,-8.041056710214002923e-01,-1.397731232686518776e-01,-6.454656589411342793e-01,8.055421051901907603e-01,-1.458592509035416818e-01,-1.340345999218437445e-01,-8.281446633262636858e-01,1.948169505921930611e-01,-8.692437580656970919e-01,1.682978252139899489e-02,2.468847831220469802e-01,-7.075634915605288899e-01,5.417140366235059235e-01,-3.976800863821705612e-02,2.435560854056511293e-01,7.393343999487889118e-02,-3.284464627922321078e-01,-3.649571000000000343e-01,6.528061219400216331e-01,-4.973444943954421493e-01,3.765524849038372479e-01,-1.675769821011336980e-01
-4.782413929783002060e-01,-9.054402767576136268e-01,1.000000000000000000e+00,-2.524608679669158029e-01,-6.528968679287823484e-02,5.280010808319014481e-01,6.364719152906780364e-01,6.890357138364145984e-01,-2.870932377211964925e-01,2.235739408245158988e-01,-4.841040428175697602e-02,-8.544098585181839067e-02,-2.846533652977189521e-01,-4.181752803134769492e-01,6.998328967736473505e-01,4.728277404091654583e-03,-4.354279148765884955e-01,7.636859023698513438e-01,-2.460183435227779672e-02,4.277496136414942751e-01,-7.401325871636575959e-01,3.129759244852713812e-02,1.043438691836418852e-01,7.880733721462174213e-01,-9.300372337884407759e-02,7.506089434512922542e-01,-2.068401440709706149e-02,-2.456862015515505482e-01,7.686600452995938637e-01,-4.923004353589127691e-01,1.184772985920597294e-01,-3.007489118604021461e-01,1.182591225805009055e-01,4.801217612625139353e-01,3.906624999999999126e-01,-6.470779762141611879e-01,5.035573555151587888e-01,-4.220852245998748531e-01,1.891411056336021468e-01
5.229303556488859028e-01,3.715196011550290223e-01,-2.524608679669158029e-01,1.000000000000000000e+00,3.460270372795009042e-01,-2.516091484331087202e-01,-2.455893022579891394e-02,-3.945865083055646871e-01,4.447370221835938442e-01,-4.919944412571651826e-01,3.892420681635851976e-01,-4.271318765112561144e-02,7.555072090714944066e-02,2.826154050469128487e-01,-2.440791676858795334e-01,-3.605861418822677855e-01,3.387677057602435093e-01,-3.302282383730284487e-01,-2.267786375909117413e-01,-4.483302204064971153e-01,-4.087769681514182712e-02,-5.777884394783312505e-01,2.989061754258786618e-01,-4.113858323479754886e-01,1.844090293578355411e-01,-6.520427279239036089e-01,1.553589969512796376e-01,2.997278091979719283e-01,3.942846531025305523e-02,-3.238065347017834439e-01,-3.491379532645392803e-01,2.356269169507754779e-01,1.885372490398980194e-01,-2.314676943356276384e-01,-3.011325999999999725e-01,-2.033727958360802002e-01,-2.852875498355683104e-01,2.630689327219289941e-01,-5.410627279823291419e-02
2.227629329673413983e-01,1.132194149650075921e-01,-6.528968679287823484e-02,3.460270372795009042e-01,1.000000000000000000e+00,8.471329351459336299e-02,2.193537038412816109e-01,-6.410930155221770121e-01,8.242304707320667889e-01,4.389635842633293206e-01,-1.127852153368111288e-01,-7.032396715017569244e-01,5.754609492072981780e-01,5.031333494401860618e-01,5.086200992889581274e-01,-7.476517665754147668e-01,7.763486138693294347e-02,-5.050836122448465471e-01,-3.616222558411524846e-01,-5.857145464417790048e-01,-3.606831294097102569e-01,-7.157455859931372011e-01,-2.110510377638858404e-01,-5.547336961065895133e-01,-7.097015631656422574e-01,-3.961993513327575211e-01,3.665841272444266274e-01,6.217791379895014625e-01,2.751079143061865850e-01,-4.019930456266986862e-01,-3.689625165022188402e-01,7.814926954094186806e-01,7.808365466482727335e-01,-4.339099750766185482e-01,-8.536818600000000146e-01,-5.040591645980778690e-01,-8.012153416796591321e-01,6.460136859694981526e-01,-7.904600119634618283e-01
-8.889196027246154541e-01,-6.973455338882513788e-01,5.280010808319014481e-01,-2.516091484331087202e-01,8.471329351459336299e-02,1.000000000000000000e+00,8.037254628410512858e-01,5.005030453061845575e-02,2.561352706612091690e-01,4.585109714025038530e-01,-5.961450502737362239e-02,-6.371482066463447502e-01,2.177143851513788919e-01,1.858964543575077066e-01,6.656221931355302823e-01,-5.042118421735725109e-01,9.122712896737504573e-02,3.840647468487304317e-01,1.699301206836418832e-01,7.120724768691999440e-01,-6.703880657247330843e-01,2.514526132026620453e-01,8.519812011063442048e-02,3.454522263114399583e-01,-3.349589043258957566e-01,6.902190578662303899e-01,-2.926311895975480804e-02,1.427870012995961502e-01,1.967470086983300614e-01,-4.986115118561548765e-01,-3.803717535543161277e-01,2.251137721179906626e-01,4.890115840063033459e-03,-3.960250853994640163e-01,-1.586883199999999938e-01,-3.565665017261033243e-01,-5.349420090938251937e-02,1.642905440245924775e-01,-1.695983048363914336e-01
-5.658996880439104427e-01,-7.770118476975675925e-01,6.364719152906780364e-01,-2.455893022579891394e-02,2.193537038412816109e-01,8.037254628410512858e-01,1.000000000000000000e+00,2.008166890850515418e-01,3.423939937963918489e-01,1.149592674531313835e-01,2.190111121643610881e-01,-3.840234718212773846e-01,-1.370233087079563150e-01,2.871003393797099124e-01,6.483181697705409086e-01,-6.373297878276388273e-01,1.883273200005465275e-01,5.791783405898567327e-01,-1.075427008528583306e-01,5.509558034624933986e-01,-9.460728521733391405e-01,4.153149621392304702e-02,4.832298595049671630e-01,4.793998485909486407e-01,-2.396765063421091302e-01,5.433920769598904466e-01,-8.550838781806896494e-02,6.883787734560736782e-02,4.554356337912791597e-01,-8.261471024693464171e-01,-5.686513852085011145e-01,2.813875572149534404e-02,1.901778688605321177e-01,-1.792923545382162642e-01,-3.206118000000002244e-02,-7.697678326801657978e-01,1.029216898422461168e-01,-1.419991187617357931e-01,5.298051206112791567e-02
-1.996305830279839766e-01,-6.657973464345908754e-01,6.890357138364145984e-01,-3.945865083055646871e-01,-6.410930155221770121e-01,5.005030453061845575e-02,2.008166890850515418e-01,1.000000000000000000e+00,-7.889720254656251708e-01,-2.113457646922784483e-01,-2.681963496443548478e-02,5.841806542599617957e-01,-6.780578652851346755e-01,-7.161203640224386158e-01,1.195748744919959694e-01,5.932817280181454933e-01,-4.346814186792172796e-01,8.476732713458399182e-01,2.093694070431652843e-01,4.739533620522740631e-01,-2.589776256308496394e-01,3.271008947990992066e-01,2.067564862264318348e-01,9.161107798392332802e-01,3.670194196725313773e-01,6.641139451960242912e-01,-2.074001470708559947e-01,-7.062681219092274976e-01,4.985062886516309355e-01,-4.821421752027136437e-02,4.710520587904429846e-01,-7.859034840945878786e-01,-4.133513629365676012e-01,8.213352681412553480e-01,8.992779799999999213e-01,-2.309903031602391077e-01,9.463209875349752886e-01,-8.378810182492979486e-01,6.843694982217136680e-01
1.058770337787997839e-01,2.219084972656223398e-01,-2.870932377211964925e-01,4.447370221835938442e-01,8.242304707320667889e-01,2.561352706612091690e-01,3.423939937963918489e-01,-7.889720254656251708e-01,1.000000000000000000e+00,2.062347368929417779e-01,1.803708562950813096e-02,-6.862408101542576411e-01,5.076409851154808361e-01,7.650537797373702098e-01,2.476926595809918197e-01,-9.163578753893096840e-01,4.817766124189420407e-01,-5.331033299028823391e-01,-1.829408711636524021e-01,-3.023633575046032473e-01,-3.091734467488166382e-01,-4.869583960612168250e-01,1.176056554424894096e-01,-6.541425066851910275e-01,-5.139947928222031726e-01,-4.402639817297984703e-01,2.369561995159898127e-01,5.503352583619243177e-01,-9.557895696242481309e-02,-4.076458704049760184e-01,-6.801816367913515737e-01,7.932906581968423021e-01,5.639218531207030871e-01,-8.121480729912357033e-01,-8.857001399999999691e-01,-3.368684373567238377e-01,-8.368965938305843455e-01,6.816348402925993533e-01,-6.080197096551946956e-01
-4.737314588777917779e-01,-2.792498454455380474e-01,2.235739408245158988e-01,-4.919944412571651826e-01,4.389635842633293206e-01,4.585109714025038530e-01,1.149592674531313835e-01,-2.113457646922784483e-01,2.062347368929417779e-01,1.000000000000000000e+00,-6.563905624929536886e-01,-7.396851942152449233e-01,7.240652152815004738e-01,-2.767184445231609530e-02,7.280588569091541729e-01,-2.000073652205234809e-01,-3.133786235395253916e-01,-2.212307550884365370e-01,2.059145619328287546e-01,2.128530633759066759e-02,-1.636586722767087443e-01,-1.457721932222734440e-01,-7.608141590950316946e-01,-1.266771019079808991e-01,-7.726473635623469782e-01,3.634942016967842027e-01,3.146352541072794939e-01,3.008569192643504864e-01,2.252314933627431182e-01,7.961165114535147247e-02,2.286066900654347700e-01,6.127629687837253813e-01,2.596143804656681486e-01,-2.366945957270949474e-01,-4.989229400000000370e-01,-7.805887681076645324e-02,-4.541257999685816560e-01,5.695173870930317905e-01,-7.838789093074222114e-01
5.938715557517505739e-02,7.745539812091606358e-02,-4.841040428175697602e-02,3.892420681635851976e-01,-1.127852153368111288e-01,-5.961450502737362239e-02,2.190111121643610881e-01,-2.681963496443548478e-02,1.803708562950813096e-02,-6.563905624929536886e-01,1.000000000000000000e+00,2.658314804558885580e-01,-4.675154998119848693e-01,4.190285892628842213e-01,-3.210952269501717304e-01,-1.860989624517101204e-01,3.952481668581358520e-01,2.869720723606447588e-01,-6.776695351100542331e-01,8.433705867520274735e-02,-1.715271732653601278e-01,2.410795208982899895e-01,6.707520166695338792e-01,1.709780993698959695e-01,4.765517099522129096e-01,-1.877336998564525516e-01,-3.479223301708783134e-01,2.964312342728284699e-01,-1.319247639559161800e-01,-4.952727844987509509e-01,-6.175771945231131044e-01,-4.296417525445656027e-01,1.218459302983460196e-01,5.618974710435964415e-02,2.226717199999999064e-01,-1.343885124207992998e-01,1.882908237976473609e-01,-3.618441256356373370e-01,4.481230689263803191e-01
4.386426107149948295e-01,1.542681443763997962e-01,-8.544098585181839067e-02,-4.271318765112561144e-02,-7.032396715017569244e-01,-6.371482066463447502e-01,-3.840234718212773846e-01,5.841806542599617957e-01,-6.862408101542576411e-01,-7.396851942152449233e-01,2.658314804558885580e-01,1.000000000000000000e+00,-7.900709596515054223e-01,-3.976511139357246094e-01,-6.776168721197624034e-01,7.134963905596776179e-01,-2.377585941115956808e-02,3.497428995432997345e-01,2.141115546180651433e-02,2.490315474008311658e-02,3.782952968705319829e-01,3.136227932273457086e-01,3.872979915920058969e-01,3.689522544559197814e-01,7.404248189111516387e-01,-8.701800050149274823e-02,-3.533750611634232652e-01,-6.281667521370178919e-01,-1.159953009077121927e-01,3.082605829273177278e-01,3.340903063117487970e-01,-8.370708502567301146e-01,-4.514383331037719049e-01,6.613377459482266962e-01,8.107213200000000786e-01,2.553073804151663184e-01,7.439833653652867529e-01,-7.864740838583512694e-01,8.233379378519972702e-01
-1.291336542952742639e-01,2.100606114110867839e-01,-2.846533652977189521e-01,7.555072090714944066e-02,5.754609492072981780e-01,2.177143851513788919e-01,-1.370233087079563150e-01,-6.780578652851346755e-01,5.076409851154808361e-01,7.240652152815004738e-01,-4.675154998119848693e-01,-7.900709596515054223e-01,1.000000000000000000e+00,2.357705391792852545e-01,3.662163860147295558e-01,-3.576241327572731166e-01,7.877867155737980354e-02,-6.842723593786278480e-01,2.393425903281757583e-01,-2.484378127420801274e-01,1.210637467980449633e-01,-4.398038170981077855e-01,-7.297351351371957895e-01,-6.163540211822839954e-01,-6.967484507946513084e-01,-1.765445417122283867e-01,5.616404539273571750e-01,5.871071533367018258e-01,-3.731725354812402695e-02,1.176519014994985568e-01,6.907201754755398770e-02,9.035291624983030623e-01,1.858075801090996459e-01,-5.820138323246648593e-01,-8.038757400000000608e-01,1.139338988998920693e-01,-7.823394243825469996e-01,9.529449916187177072e-01,-9.263611986392399356e-01
-2.528931512187188729e-02,2.993381525542219146e-01,-4.181752803134769492e-01,2.826154050469128487e-01,5.031333494401860618e-01,1.858964543575077066e-01,2.871003393797099124e-01,-7.161203640224386158e-01,7.650537797373702098e-01,-2.767184445231609530e-02,4.190285892628842213e-01,-3.976511139357246094e-01,2.357705391792852545e-01,1.000000000000000000e+00,-4.159292934441995160e-02,-7.649975850557727552e-01,6.732743489874377651e-01,-3.396902905287095820e-01,-4.303567217562955238e-01,-7.229164434176259257e-02,-1.562925339952375425e-01,-5.219998052155946922e-02,3.000479596354665990e-01,-4.867214646911940945e-01,-1.585982567325248116e-01,-3.741547256221128270e-01,-1.169464812349509664e-01,6.219082537025523161e-01,-4.053378503695483359e-01,-3.401285485826348043e-01,-8.450228872973337690e-01,4.370128289780091935e-01,4.360203726629215404e-01,-7.254762167193163913e-01,-6.164033399999999663e-01,-9.874900894954280473e-02,-6.276222254756824714e-01,3.998688076213408604e-01,-3.296451659022917036e-01
-5.084094426525496146e-01,-7.409660007770219048e-01,6.998328967736473505e-01,-2.440791676858795334e-01,5.086200992889581274e-01,6.656221931355302823e-01,6.483181697705409086e-01,1.195748744919959694e-01,2.476926595809918197e-01,7.280588569091541729e-01,-3.210952269501717304e-01,-6.776168721197624034e-01,3.662163860147295558e-01,-4.159292934441995160e-02,1.000000000000000000e+00,-4.284692712745776233e-01,-3.204587808028905305e-01,2.593567659197240083e-01,-1.067889389750273019e-02,1.764335668772785415e-01,-7.632558090155368014e-01,-2.832256687807931939e-01,-2.918232141082878206e-01,2.946633782741769347e-01,-7.001435363082075813e-01,5.488446262206223558e-01,3.018888377392184297e-01,2.225345743115078601e-01,7.211506867159841461e-01,-5.175916363356556360e-01,-1.984320285629269723e-02,3.820775379352018275e-01,4.044260965076394987e-01,-5.482704707229224539e-03,-2.834299000000000124e-01,-6.981351759845368932e-01,-1.540407041098837138e-01,2.238084080147101640e-01,-5.059150839065049698e-01
1.647126216257027986e-01,8.714722301953703454e-02,4.728277404091654583e-03,-3.605861418822677855e-01,-7.476517665754147668e-01,-5.042118421735725109e-01,-6.373297878276388273e-01,5.932817280181454933e-01,-9.163578753893096840e-01,-2.000073652205234809e-01,-1.860989624517101204e-01,7.134963905596776179e-01,-3.576241327572731166e-01,-7.649975850557727552e-01,-4.284692712745776233e-01,1.000000000000000000e+00,-4.030974488038822634e-01,1.855283036669231056e-01,3.174225018417486943e-01,5.254290572998646797e-02,5.922889644085073124e-01,3.617083923502368292e-01,-2.620665288440734986e-01,3.410189483798797827e-01,4.800997863815890665e-01,1.551667112579192542e-01,-1.375891846415361330e-01,-5.996676000590788203e-01,-4.792162332463284491e-02,6.252378827048302723e-01,8.179757627811509169e-01,-6.292200629377339149e-01,-5.573081402819727304e-01,7.129227650485119305e-01,7.266271600000000497e-01,5.270177727712828109e-01,6.497264758625694858e-01,-4.898706622919676845e-01,4.751083045489915002e-01
7.361878443181384124e-02,2.663837068369251382e-01,-4.354279148765884955e-01,3.387677057602435093e-01,7.763486138693294347e-02,9.122712896737504573e-02,1.883273200005465275e-01,-4.346814186792172796e-01,4.817766124189420407e-01,-3.133786235395253916e-01,3.952481668581358520e-01,-2.377585941115956808e-02,7.877867155737980354e-02,6.732743489874377651e-01,-3.204587808028905305e-01,-4.030974488038822634e-01,1.000000000000000000e+00,-2.493427390312466796e-01,5.302650254231731225e-02,1.676706727454849444e-01,-7.416138332372226166e-04,9.409638887761732906e-02,4.484463952269618359e-01,-3.186760429905444725e-01,1.348942223506235383e-01,-3.067263657526617671e-01,-1.097138097536363016e-01,1.653586293219352632e-01,-3.742927349388115998e-01,-3.089018160880698249e-01,-5.719855347837989878e-01,1.741150923238504455e-01,-1.129145764181107015e-01,-5.838407297460319612e-01,-2.635377599999999543e-01,2.369850721059835880e-02,-2.594465855188037851e-01,2.297767665968859785e-01,1.501676486382028802e-02
-4.800414902021473140e-01,-8.041056710214002923e-01,7.636859023698513438e-01,-3.302282383730284487e-01,-5.050836122448465471e-01,3.840647468487304317e-01,5.791783405898567327e-01,8.476732713458399182e-01,-5.331033299028823391e-01,-2.212307550884365370e-01,2.869720723606447588e-01,3.497428995432997345e-01,-6.842723593786278480e-01,-3.396902905287095820e-01,2.593567659197240083e-01,1.855283036669231056e-01,-2.493427390312466796e-01,1.000000000000000000e+00,-7.751475503408410128e-02,6.687827777772408222e-01,-5.659381317429208469e-01,4.224665237555728647e-01,4.549143867279462072e-01,9.706122431361343672e-01,3.243556293208311181e-01,7.647176215454098980e-01,-3.212740931317009663e-01,-3.827259931925977021e-01,4.322588233349635711e-01,-3.764008792370818757e-01,-1.492952439551862263e-02,-7.270427696193275668e-01,-2.575574537202201530e-01,5.682913443928307995e-01,7.623702999999999452e-01,-4.107704184514258672e-01,8.283135320130216028e-01,-8.045185856734263785e-01,6.614596963326019319e-01
-1.596239878471366058e-01,-1.397731232686518776e-01,-2.460183435227779672e-02,-2.267786375909117413e-01,-3.616222558411524846e-01,1.699301206836418832e-01,-1.075427008528583306e-01,2.093694070431652843e-01,-1.829408711636524021e-01,2.059145619328287546e-01,-6.776695351100542331e-01,2.141115546180651433e-02,2.393425903281757583e-01,-4.303567217562955238e-01,-1.067889389750273019e-02,3.174225018417486943e-01,5.302650254231731225e-02,-7.751475503408410128e-02,1.000000000000000000e+00,3.656663308194190165e-01,2.054359065104754967e-01,5.209382883804017372e-02,-2.750235143668758320e-01,3.889915760620606122e-02,-9.774108105072323860e-02,2.645892456256488390e-01,2.409970524081471444e-01,-5.669055703638985477e-01,-5.292147145596995915e-03,3.660223853579586684e-01,5.336729230825689729e-01,1.370430734658451000e-01,-6.607867182116313742e-01,-1.100526856942868059e-01,1.119690200000000857e-01,2.497522735287387718e-01,1.617281367492485189e-01,1.625046902522721548e-01,2.291494521458346378e-03
-8.146233968513908463e-01,-6.454656589411342793e-01,4.277496136414942751e-01,-4.483302204064971153e-01,-5.857145464417790048e-01,7.120724768691999440e-01,5.509558034624933986e-01,4.739533620522740631e-01,-3.023633575046032473e-01,2.128530633759066759e-02,8.433705867520274735e-02,2.490315474008311658e-02,-2.484378127420801274e-01,-7.229164434176259257e-02,1.764335668772785415e-01,5.254290572998646797e-02,1.676706727454849444e-01,6.687827777772408222e-01,3.656663308194190165e-01,1.000000000000000000e+00,-3.341987962587835148e-01,6.751103034050200957e-01,2.928614332850747459e-01,6.620794959166742544e-01,2.164019876465457515e-01,8.006769955592507593e-01,-2.253062527869887921e-01,-2.970677488164979452e-01,-1.494451439723487075e-02,-1.813069707282397025e-01,-1.164642242179318721e-01,-3.536019430048984447e-01,-5.004136536733551077e-01,-3.144460900511224927e-02,4.516575000000000450e-01,-1.868002162892378609e-02,5.096068267730184953e-01,-3.394011608291151449e-01,4.134972473227573886e-01
4.087029834016782659e-01,8.055421051901907603e-01,-7.401325871636575959e-01,-4.087769681514182712e-02,-3.606831294097102569e-01,-6.703880657247330843e-01,-9.460728521733391405e-01,-2.589776256308496394e-01,-3.091734467488166382e-01,-1.636586722767087443e-01,-1.715271732653601278e-01,3.782952968705319829e-01,1.210637467980449633e-01,-1.562925339952375425e-01,-7.632558090155368014e-01,5.922889644085073124e-01,-7.416138332372226166e-04,-5.659381317429208469e-01,2.054359065104754967e-01,-3.341987962587835148e-01,1.000000000000000000e+00,1.742603422839222593e-01,-3.724041895756515230e-01,-4.922045701832143405e-01,3.378033350273328406e-01,-4.828482654559037579e-01,-1.225578982833228775e-02,-9.026605655360392388e-02,-6.866785079705961525e-01,8.711057562684301203e-01,4.329269828690865407e-01,-4.246050413843257404e-02,-3.299309608989672293e-01,-1.014506102490427691e-02,3.961619999999999031e-02,9.174983163619627735e-01,-1.049848695259719827e-01,1.544259808886661867e-01,2.840040011302482140e-02
-5.413909489004301578e-01,-1.458592509035416818e-01,3.129759244852713812e-02,-5.777884394783312505e-01,-7.157455859931372011e-01,2.514526132026620453e-01,4.153149621392304702e-02,3.271008947990992066e-01,-4.869583960612168250e-01,-1.457721932222734440e-01,2.410795208982899895e-01,3.136227932273457086e-01,-4.398038170981077855e-01,-5.219998052155946922e-02,-2.832256687807931939e-01,3.617083923502368292e-01,9.409638887761732906e-02,4.224665237555728647e-01,5.209382883804017372e-02,6.751103034050200957e-01,1.742603422839222593e-01,1.000000000000000000e+00,2.502365727877272628e-01,4.275954992248778841e-01,4.631548165487123780e-01,4.680213285188124517e-01,-5.992403447317541376e-01,-3.145373616964003416e-01,-4.629432450778590558e-01,1.835643859542824829e-01,-6.733204885614341162e-02,-5.789901877534346930e-01,-4.133562146819104166e-01,7.157547668699307253e-02,5.220676799999999229e-01,4.539363375031904013e-01,4.557475717191956099e-01,-4.661616699730062319e-01,5.353818552577467305e-01
7.760873803319418007e-02,-1.340345999218437445e-01,1.043438691836418852e-01,2.989061754258786618e-01,-2.110510377638858404e-01,8.519812011063442048e-02,4.832298595049671630e-01,2.067564862264318348e-01,1.176056554424894096e-01,-7.608141590950316946e-01,6.707520166695338792e-01,3.872979915920058969e-01,-7.297351351371957895e-01,3.000479596354665990e-01,-2.918232141082878206e-01,-2.620665288440734986e-01,4.484463952269618359e-01,4.549143867279462072e-01,-2.750235143668758320e-01,2.928614332850747459e-01,-3.724041895756515230e-01,2.502365727877272628e-01,1.000000000000000000e+00,2.940892623047789423e-01,4.999581151386491840e-01,-3.616573809795904648e-02,-3.965207484077411526e-01,-2.475614122763563907e-01,-7.219623766733855585e-02,-5.106362920536212657e-01,-6.284513187446152394e-01,-4.790241319688476884e-01,-9.993576083499598403e-03,-1.859028812022189836e-02,3.325278000000000400e-01,-3.221229728219072164e-01,3.563679486836992538e-01,-5.574346725985365181e-01,6.978095982555984067e-01
-4.808874673474997641e-01,-8.281446633262636858e-01,7.880733721462174213e-01,-4.113858323479754886e-01,-5.547336961065895133e-01,3.454522263114399583e-01,4.793998485909486407e-01,9.161107798392332802e-01,-6.541425066851910275e-01,-1.266771019079808991e-01,1.709780993698959695e-01,3.689522544559197814e-01,-6.163540211822839954e-01,-4.867214646911940945e-01,2.946633782741769347e-01,3.410189483798797827e-01,-3.186760429905444725e-01,9.706122431361343672e-01,3.889915760620606122e-02,6.620794959166742544e-01,-4.922045701832143405e-01,4.275954992248778841e-01,2.940892623047789423e-01,1.000000000000000000e+00,2.798161909467384301e-01,8.119813989660034093e-01,-2.738583772377726766e-01,-4.593903256522877121e-01,5.056510263739568689e-01,-3.026107806233498954e-01,1.855515696749484023e-01,-7.324868640439252676e-01,-3.310209296771537968e-01,6.669755374206814968e-01,8.090878999999999710e-01,-3.594105587408117919e-01,8.742135510278253863e-01,-7.832308492848047976e-01,6.153551142445998767e-01
1.546418105484154704e-01,1.948169505921930611e-01,-9.300372337884407759e-02,1.844090293578355411e-01,-7.097015631656422574e-01,-3.349589043258957566e-01,-2.396765063421091302e-01,3.670194196725313773e-01,-5.139947928222031726e-01,-7.726473635623469782e-01,4.765517099522129096e-01,7.404248189111516387e-01,-6.967484507946513084e-01,-1.585982567325248116e-01,-7.001435363082075813e-01,4.800997863815890665e-01,1.348942223506235383e-01,3.243556293208311181e-01,-9.774108105072323860e-02,2.164019876465457515e-01,3.378033350273328406e-01,4.631548165487123780e-01,4.999581151386491840e-01,2.798161909467384301e-01,1.000000000000000000e+00,-2.590673999265265606e-02,-4.277309631413750424e-01,-3.506097305637653760e-01,-3.573681630859483205e-01,2.159401092159746738e-01,-7.737885935963279005e-03,-7.269290489928360577e-01,-3.911771217167671066e-01,3.287738276508050395e-01,6.576785999999998911e-01,3.723512047127678359e-01,5.826140193818171165e-01,-6.121226754802420178e-01,7.919851550892647030e-01
-8.259506808306824599e-01,-8.692437580656970919e-01,7.506089434512922542e-01,-6.520427279239036089e-01,-3.961993513327575211e-01,6.902190578662303899e-01,5.433920769598904466e-01,6.641139451960242912e-01,-4.402639817297984703e-01,3.634942016967842027e-01,-1.877336998564525516e-01,-8.701800050149274823e-02,-1.765445417122283867e-01,-3.741547256221128270e-01,5.488446262206223558e-01,1.551667112579192542e-01,-3.067263657526617671e-01,7.647176215454098980e-01,2.645892456256488390e-01,8.006769955592507593e-01,-4.828482654559037579e-01,4.680213285188124517e-01,-3.616573809795904648e-02,8.119813989660034093e-01,-2.590673999265265606e-02,1.000000000000000000e+00,-1.272682096357974357e-01,-2.805735112558873090e-01,3.690388510249824616e-01,-1.761791591498105547e-01,1.735160624914618144e-01,-3.290340211913688750e-01,-3.068662819048578183e-01,2.880642990896986055e-01,4.628017600000000620e-01,-2.291671263327656194e-01,5.407419194445131083e-01,-3.772126851019951821e-01,2.168923977349495047e-01
1.699683217153390435e-01,1.682978252139899489e-02,-2.068401440709706149e-02,1.553589969512796376e-01,3.665841272444266274e-01,-2.926311895975480804e-02,-8.550838781806896494e-02,-2.074001470708559947e-01,2.369561995159898127e-01,3.146352541072794939e-01,-3.479223301708783134e-01,-3.533750611634232652e-01,5.616404539273571750e-01,-1.169464812349509664e-01,3.018888377392184297e-01,-1.375891846415361330e-01,-1.097138097536363016e-01,-3.212740931317009663e-01,2.409970524081471444e-01,-2.253062527869887921e-01,-1.225578982833228775e-02,-5.992403447317541376e-01,-3.965207484077411526e-01,-2.738583772377726766e-01,-4.277309631413750424e-01,-1.272682096357974357e-01,1.000000000000000000e+00,2.779699484934788911e-01,3.295029351184132760e-01,6.227162558929910663e-02,2.622865576709086377e-01,5.473970321451733234e-01,1.940215715192630808e-01,-9.644861456280079404e-02,-3.833282799999999657e-01,-1.768891450718760305e-01,-3.188512272579325790e-01,4.978158657283662247e-01,-4.808985868530714636e-01
-9.776460350407273348e-02,2.468847831220469802e-01,-2.456862015515505482e-01,2.997278091979719283e-01,6.217791379895014625e-01,1.427870012995961502e-01,6.883787734560736782e-02,-7.062681219092274976e-01,5.503352583619243177e-01,3.008569192643504864e-01,2.964312342728284699e-01,-6.281667521370178919e-01,5.871071533367018258e-01,6.219082537025523161e-01,2.225345743115078601e-01,-5.996676000590788203e-01,1.653586293219352632e-01,-3.827259931925977021e-01,-5.669055703638985477e-01,-2.970677488164979452e-01,-9.026605655360392388e-02,-3.145373616964003416e-01,-2.475614122763563907e-01,-4.593903256522877121e-01,-3.506097305637653760e-01,-2.805735112558873090e-01,2.779699484934788911e-01,1.000000000000000000e+00,-1.258866559216802739e-01,-2.226660651282046377e-01,-4.960920626107012676e-01,5.714314391024862827e-01,5.033913481863487860e-01,-4.686511744773986243e-01,-6.750374800000000786e-01,-6.825180343472317390e-02,-6.904505634226878463e-01,6.118762251116632855e-01,-6.435550551405594399e-01
-2.681769541409512528e-02,-7.075634915605288899e-01,7.686600452995938637e-01,3.942846531025305523e-02,2.751079143061865850e-01,1.967470086983300614e-01,4.554356337912791597e-01,4.985062886516309355e-01,-9.557895696242481309e-02,2.252314933627431182e-01,-1.319247639559161800e-01,-1.159953009077121927e-01,-3.731725354812402695e-02,-4.053378503695483359e-01,7.211506867159841461e-01,-4.792162332463284491e-02,-3.742927349388115998e-01,4.322588233349635711e-01,-5.292147145596995915e-03,-1.494451439723487075e-02,-6.866785079705961525e-01,-4.629432450778590558e-01,-7.219623766733855585e-02,5.056510263739568689e-01,-3.573681630859483205e-01,3.690388510249824616e-01,3.295029351184132760e-01,-1.258866559216802739e-01,1.000000000000000000e+00,-5.549005013994434687e-01,2.667992825775340471e-01,-3.558873280481962553e-02,2.193763504975195788e-01,5.169046279649976983e-01,1.535507199999999184e-01,-8.200226605723286433e-01,2.848994566208131185e-01,-1.825897776038251374e-01,-8.715908116108375681e-02
2.020680050608120726e-01,5.417140366235059235e-01,-4.923004353589127691e-01,-3.238065347017834439e-01,-4.019930456266986862e-01,-4.986115118561548765e-01,-8.261471024693464171e-01,-4.821421752027136437e-02,-4.076458704049760184e-01,7.961165114535147247e-02,-4.952727844987509509e-01,3.082605829273177278e-01,1.176519014994985568e-01,-3.401285485826348043e-01,-5.175916363356556360e-01,6.252378827048302723e-01,-3.089018160880698249e-01,-3.764008792370818757e-01,3.660223853579586684e-01,-1.813069707282397025e-01,8.711057562684301203e-01,1.835643859542824829e-01,-5.106362920536212657e-01,-3.026107806233498954e-01,2.159401092159746738e-01,-1.761791591498105547e-01,6.227162558929910663e-02,-2.226660651282046377e-01,-5.549005013994434687e-01,1.000000000000000000e+00,5.944817994059030664e-01,-3.077569777062080791e-02,-3.444753029116516818e-01,8.174362162142619070e-02,1.097148999999999486e-01,8.404995520858612457e-01,-3.606089718974440569e-03,8.158779796179792265e-02,-2.000952948270177945e-03
1.695799620100507110e-01,-3.976800863821705612e-02,1.184772985920597294e-01,-3.491379532645392803e-01,-3.689625165022188402e-01,-3.803717535543161277e-01,-5.686513852085011145e-01,4.710520587904429846e-01,-6.801816367913515737e-01,2.286066900654347700e-01,-6.175771945231131044e-01,3.340903063117487970e-01,6.907201754755398770e-02,-8.450228872973337690e-01,-1.984320285629269723e-02,8.179757627811509169e-01,-5.719855347837989878e-01,-1.492952439551862263e-02,5.336729230825689729e-01,-1.164642242179318721e-01,4.329269828690865407e-01,-6.733204885614341162e-02,-6.284513187446152394e-01,1.855515696749484023e-01,-7.737885935963279005e-03,1.735160624914618144e-01,2.622865576709086377e-01,-4.960920626107012676e-01,2.667992825775340471e-01,5.944817994059030664e-01,1.000000000000000000e+00,-1.826823033389969042e-01,-3.957108498854581824e-01,6.072663571650951386e-01,3.883301800000000803e-01,2.959543359550861341e-01,3.723961831439945858e-01,-1.201201794023269431e-01,1.981797652048123554e-02
1.310999437997444408e-02,2.435560854056511293e-01,-3.007489118604021461e-01,2.356269169507754779e-01,7.814926954094186806e-01,2.251137721179906626e-01,2.813875572149534404e-02,-7.859034840945878786e-01,7.932906581968423021e-01,6.127629687837253813e-01,-4.296417525445656027e-01,-8.370708502567301146e-01,9.035291624983030623e-01,4.370128289780091935e-01,3.820775379352018275e-01,-6.292200629377339149e-01,1.741150923238504455e-01,-7.270427696193275668e-01,1.370430734658451000e-01,-3.536019430048984447e-01,-4.246050413843257404e-02,-5.789901877534346930e-01,-4.790241319688476884e-01,-7.324868640439252676e-01,-7.269290489928360577e-01,-3.290340211913688750e-01,5.473970321451733234e-01,5.714314391024862827e-01,-3.558873280481962553e-02,-3.077569777062080791e-02,-1.826823033389969042e-01,1.000000000000000000e+00,4.180099586275981549e-01,-7.320116619879613040e-01,-9.527215799999999568e-01,-8.501626701938236330e-02,-9.113198232604510229e-01,9.529660337142712434e-01,-9.168048564456391381e-01
1.904480794501316465e-01,7.393343999487889118e-02,1.182591225805009055e-01,1.885372490398980194e-01,7.808365466482727335e-01,4.890115840063033459e-03,1.901778688605321177e-01,-4.133513629365676012e-01,5.639218531207030871e-01,2.596143804656681486e-01,1.218459302983460196e-01,-4.514383331037719049e-01,1.858075801090996459e-01,4.360203726629215404e-01,4.044260965076394987e-01,-5.573081402819727304e-01,-1.129145764181107015e-01,-2.575574537202201530e-01,-6.607867182116313742e-01,-5.004136536733551077e-01,-3.299309608989672293e-01,-4.133562146819104166e-01,-9.993576083499598403e-03,-3.310209296771537968e-01,-3.911771217167671066e-01,-3.068662819048578183e-01,1.940215715192630808e-01,5.033913481863487860e-01,2.193763504975195788e-01,-3.444753029116516818e-01,-3.957108498854581824e-01,4.180099586275981549e-01,1.000000000000000000e+00,-1.642994395357767479e-01,-5.643383600000000389e-01,-4.441162828310741273e-01,-5.505629734720192126e-01,2.807837843069329598e-01,-4.777989865802214631e-01
1.940616931643537879e-01,-3.284464627922321078e-01,4.801217612625139353e-01,-2.314676943356276384e-01,-4.339099750766185482e-01,-3.960250853994640163e-01,-1.792923545382162642e-01,8.213352681412553480e-01,-8.121480729912357033e-01,-2.366945957270949474e-01,5.618974710435964415e-02,6.613377459482266962e-01,-5.820138323246648593e-01,-7.254762167193163913e-01,-5.482704707229224539e-03,7.129227650485119305e-01,-5.838407297460319612e-01,5.682913443928307995e-01,-1.100526856942868059e-01,-3.144460900511224927e-02,-1.014506102490427691e-02,7.157547668699307253e-02,-1.859028812022189836e-02,6.669755374206814968e-01,3.287738276508050395e-01,2.880642990896986055e-01,-9.644861456280079404e-02,-4.686511744773986243e-01,5.169046279649976983e-01,8.174362162142619070e-02,6.072663571650951386e-01,-7.320116619879613040e-01,-1.642994395357767479e-01,1.000000000000000000e+00,7.841798200000000829e-01,-1.501458270533758688e-01,7.789100191830143904e-01,-7.420493098727538595e-01,5.083887874185919475e-01
-8.632665999999999951e-02,-3.649571000000000343e-01,3.906624999999999126e-01,-3.011325999999999725e-01,-8.536818600000000146e-01,-1.586883199999999938e-01,-3.206118000000002244e-02,8.992779799999999213e-01,-8.857001399999999691e-01,-4.989229400000000370e-01,2.226717199999999064e-01,8.107213200000000786e-01,-8.038757400000000608e-01,-6.164033399999999663e-01,-2.834299000000000124e-01,7.266271600000000497e-01,-2.635377599999999543e-01,7.623702999999999452e-01,1.119690200000000857e-01,4.516575000000000450e-01,3.961619999999999031e-02,5.220676799999999229e-01,3.325278000000000400e-01,8.090878999999999710e-01,6.576785999999998911e-01,4.628017600000000620e-01,-3.833282799999999657e-01,-6.750374800000000786e-01,1.535507199999999184e-01,1.097148999999999486e-01,3.883301800000000803e-01,-9.527215799999999568e-01,-5.643383600000000389e-01,7.841798200000000829e-01,1.000000000000000000e+00,8.179213999999990214e-02,9.849018599999999068e-01,-9.096876200000000301e-01,8.758026999999999340e-01
4.347513773542212995e-02,6.528061219400216331e-01,-6.470779762141611879e-01,-2.033727958360802002e-01,-5.040591645980778690e-01,-3.565665017261033243e-01,-7.697678326801657978e-01,-2.309903031602391077e-01,-3.368684373567238377e-01,-7.805887681076645324e-02,-1.343885124207992998e-01,2.553073804151663184e-01,1.139338988998920693e-01,-9.874900894954280473e-02,-6.981351759845368932e-01,5.270177727712828109e-01,2.369850721059835880e-02,-4.107704184514258672e-01,2.497522735287387718e-01,-1.868002162892378609e-02,9.174983163619627735e-01,4.539363375031904013e-01,-3.221229728219072164e-01,-3.594105587408117919e-01,3.723512047127678359e-01,-2.291671263327656194e-01,-1.768891450718760305e-01,-6.825180343472317390e-02,-8.200226605723286433e-01,8.404995520858612457e-01,2.959543359550861341e-01,-8.501626701938236330e-02,-4.441162828310741273e-01,-1.501458270533758688e-01,8.179213999999990214e-02,1.000000000000000000e+00,-6.088508455232288091e-02,1.365301363669834678e-01,8.487577864346855516e-02
-1.387823113865047919e-01,-4.973444943954421493e-01,5.035573555151587888e-01,-2.852875498355683104e-01,-8.012153416796591321e-01,-5.349420090938251937e-02,1.029216898422461168e-01,9.463209875349752886e-01,-8.368965938305843455e-01,-4.541257999685816560e-01,1.882908237976473609e-01,7.439833653652867529e-01,-7.823394243825469996e-01,-6.276222254756824714e-01,-1.540407041098837138e-01,6.497264758625694858e-01,-2.594465855188037851e-01,8.283135320130216028e-01,1.617281367492485189e-01,5.096068267730184953e-01,-1.049848695259719827e-01,4.557475717191956099e-01,3.563679486836992538e-01,8.742135510278253863e-01,5.826140193818171165e-01,5.407419194445131083e-01,-3.188512272579325790e-01,-6.904505634226878463e-01,2.848994566208131185e-01,-3.606089718974440569e-03,3.723961831439945858e-01,-9.113198232604510229e-01,-5.505629734720192126e-01,7.789100191830143904e-01,9.849018599999999068e-01,-6.088508455232288091e-02,1.000000000000000000e+00,-9.003274688535940484e-01,8.502322565650147768e-01
-3.468572692025675107e-03,3.765524849038372479e-01,-4.220852245998748531e-01,2.630689327219289941e-01,6.460136859694981526e-01,1.642905440245924775e-01,-1.419991187617357931e-01,-8.378810182492979486e-01,6.816348402925993533e-01,5.695173870930317905e-01,-3.618441256356373370e-01,-7.864740838583512694e-01,9.529449916187177072e-01,3.998688076213408604e-01,2.238084080147101640e-01,-4.898706622919676845e-01,2.297767665968859785e-01,-8.045185856734263785e-01,1.625046902522721548e-01,-3.394011608291151449e-01,1.544259808886661867e-01,-4.661616699730062319e-01,-5.574346725985365181e-01,-7.832308492848047976e-01,-6.121226754802420178e-01,-3.772126851019951821e-01,4.978158657283662247e-01,6.118762251116632855e-01,-1.825897776038251374e-01,8.158779796179792265e-02,-1.201201794023269431e-01,9.529660337142712434e-01,2.807837843069329598e-01,-7.420493098727538595e-01,-9.096876200000000301e-01,1.365301363669834678e-01,-9.003274688535940484e-01,1.000000000000000000e+00,-8.924345295681391788e-01
4.290882272196801239e-02,-1.675769821011336980e-01,1.891411056336021468e-01,-5.410627279823291419e-02,-7.904600119634618283e-01,-1.695983048363914336e-01,5.298051206112791567e-02,6.843694982217136680e-01,-6.080197096551946956e-01,-7.838789093074222114e-01,4.481230689263803191e-01,8.233379378519972702e-01,-9.263611986392399356e-01,-3.296451659022917036e-01,-5.059150839065049698e-01,4.751083045489915002e-01,1.501676486382028802e-02,6.614596963326019319e-01,2.291494521458346378e-03,4.134972473227573886e-01,2.840040011302482140e-02,5.353818552577467305e-01,6.978095982555984067e-01,6.153551142445998767e-01,7.919851550892647030e-01,2.168923977349495047e-01,-4.808985868530714636e-01,-6.435550551405594399e-01,-8.715908116108375681e-02,-2.000952948270177945e-03,1.981797652048123554e-02,-9.168048564456391381e-01,-4.777989865802214631e-01,5.083887874185919475e-01,8.758026999999999340e-01,8.487577864346855516e-02,8.502322565650147768e-01,-8.924345295681391788e-01,1.000000000000000000e+00
