1.0,-0.84375252069246398,0.525935864946798,-0.61959878526985246,-0.19919058190870187,-0.47934936580999554,-0.35310887507713262,-0.2004540266770419,-0.51491003742058306,-0.57486531119936357,-0.99033631881209983,0.96529909999999997,0.032761207730159184,0.91603545947271481,0.79192378437132438,-0.48737670301499531,0.31989141719777242,-0.77334185488207741,0.16732478628623093,0.91411215034426752,-0.40509704428766363,-0.70978073854488188,0.75579718283935293,-0.92369581532430156,0.31347033987980216,0.055371707695984894,-0.10980390917479893,-0.95805917824800046,0.29111295958930788,-0.48508787228951616,0.84375196905708205,0.021017350994486692,-0.028707909220228568,-0.37236891083903717,-0.30951153772681195,0.63979617125485044,0.1773769312685699,-0.74175788760083572,-0.96841541351674132
-0.84375252069246398,1.0,-0.81509061214211742,0.88011277191125403,0.66296147507237879,0.11885445039666286,0.35230689789863817,-0.14169052745299743,0.53569775969885713,0.57801529413530384,0.89096672530766352,-0.93170936000000004,-0.12045327080671367,-0.70736838612689878,-0.43728470692748583,0.72567756288851681,-0.25834745457929736,0.59623895239196489,-0.46292096793247711,-0.76516223499906966,0.52801653518564229,0.67228181655755281,-0.72185572920344687,0.66914000146923103,-0.20609279007231621,-0.32311543513091695,-0.026968738945119874,0.86957174451339048,-0.019885127334085307,0.54135851550368741,-0.59441342607313552,-0.16479316139292641,-0.23630069668252215,0.25856805731111654,-0.087583210541244211,-0.58799324409009246,-0.28806549359729011,0.94643320588182367,0.90776088415439282
0.525935864946798,-0.81509061214211742,1.0,-0.79097425410838229,-0.7810123984370736,0.13272320052791259,-0.27392202312553704,0.34863003832603479,-0.38250207241435341,-0.43471177106630005,-0.55732800280468331,0.64563338000000003,0.43829192743200418,0.29792237665649907,0.0090891211357516516,-0.80016981977101953,0.10568045848469586,-0.20761749708759217,0.56465489024992122,0.38914684298544,-0.45189545445168355,-0.40117665050526036,0.64818399296652296,-0.25948469185443251,0.42990281468888591,0.36711759655920795,0.18695471127227936,-0.56027062257749072,-0.063456366322347857,-0.52529355965278379,0.2161792557135126,-0.012808721745989985,0.5669010010869473,0.22346932580252052,0.44570577026346236,0.62061152512836815,0.28412983995753521,-0.7507767356969367,-0.58214377302097631
-0.61959878526985246,0.88011277191125403,-0.79097425410838229,1.0,0.68990342498153789,-0.21207062777030145,0.58160761949897044,-0.13117639946288612,0.78050710116063071,0.16739248584106187,0.68707605039812858,-0.79622722000000001,-0.010594192486043864,-0.37929140643695414,-0.064486844203385685,0.75755092158417869,-0.54071708295488907,0.51470709412431037,-0.19053165968544689,-0.41773967363801157,0.13631409265418803,0.40286249285106068,-0.43085524453073343,0.44674830163199758,-0.11903117276794108,-0.26981651814047214,-0.46799868643632847,0.68105857447336604,-0.1764810477673672,0.7879384090155217,-0.19438213827702183,-0.0069546913282526575,-0.29594116087667016,-0.036878266460906875,-0.025626320632707273,-0.33989353076618289,0.10587583817777121,0.75558377754468575,0.7737354790362605
-0.19919058190870187,0.66296147507237879,-0.7810123984370736,0.68990342498153789,1.0,-0.28080871848689193,0.15910873513966761,-0.53874323331332041,0.12339728359184134,0.3225697105284146,0.26874129347079101,-0.36334407999999996,-0.079827287032972205,-0.041950322686411287,0.22687612674751523,0.67308337445648125,-0.004379895836531254,0.0030996691444059423,-0.6777869336719855,-0.21250945553773598,0.48454129429981141,0.28540157526556487,-0.36369901853547609,-0.0065336792800614668,0.09679440583746364,-0.44529669860793769,-0.097707032151958279,0.24998853184183537,0.40891131523960661,0.20953554746663405,0.030384877478503273,-0.40498865920188803,-0.43125516756498405,-0.086761698631249703,-0.6145637055533365,-0.27784646745475444,-0.36672394145769588,0.72889662796832233,0.31064951026983428
-0.47934936580999554,0.11885445039666286,0.13272320052791259,-0.21207062777030145,-0.28080871848689193,1.0,-0.23331603797950506,0.2906109875709959,-0.17774338373119972,0.38662255170932841,0.3988188523553291,-0.27072331999999999,-0.0126715449849791,-0.55227712649324556,-0.78528229013612971,0.150785503372661,0.11629705849971927,0.11622201195006242,0.018965765456540263,-0.64269566134563871,0.28351637491678844,0.16650085871243153,-0.3406976029292465,0.54613286804377692,0.058674487302732538,-0.13972577337980019,0.58545135384091995,0.34825012604055239,0.11128805067904896,-0.31789111731910907,-0.68869867342755842,-0.34893156847646611,0.64187607953765058,0.37133626787772628,0.47548463161958399,-0.099951975983582561,-0.30233756192642514,0.14934659362677261,0.29621524920674491
-0.35310887507713262,0.35230689789863817,-0.27392202312553704,0.58160761949897044,0.15910873513966761,-0.23331603797950506,1.0,0.21610374495732904,0.70618966506078262,-0.37857752318733157,0.35532945648498165,-0.45709104,0.3500379095823139,-0.098149095083420596,0.09550142655078829,0.25269260541345345,-0.80221834172853845,0.64182824966200513,0.4057259366133526,-0.028074326491048639,-0.45223017413018513,0.26252996267626,-0.16030601444248294,0.38205772450157433,-0.13848747735816794,0.41619090526867525,-0.74697192176819871,0.3752587316532694,-0.76002236801125833,0.81217215947518007,0.10707314292579034,0.33778496401398511,-0.22526751095343892,-0.3682756070513391,0.34026421499765108,-0.20805850680806931,0.66239000979279328,0.11817325282207067,0.46337947794999529
-0.2004540266770419,-0.14169052745299743,0.34863003832603479,-0.13117639946288612,-0.53874323331332041,0.2906109875709959,0.21610374495732904,1.0,0.20621074034088194,-0.10661699229983267,0.15679429044363413,-0.11190464,0.38046482865647147,-0.23456932253729643,-0.33499499010758338,-0.19339577690484924,-0.22859265161476286,0.27407438497015524,0.50288066519425045,-0.087639322286672539,-0.31632199200519062,0.11932270085314362,-0.078387190472493345,0.29234304889486457,-0.11872244008503602,0.28841773348355598,-0.077933511385165993,0.24953032836481548,-0.52025887677320137,0.15460329624804092,-0.21209754781434573,0.42665751410673391,0.38811467238689207,0.12495329924807319,0.56256937689088848,0.17475359730512702,0.37023457598040477,-0.28861375716156162,0.14171801767821521
-0.51491003742058306,0.53569775969885713,-0.38250207241435341,0.78050710116063071,0.12339728359184134,-0.17774338373119972,0.70618966506078262,0.20621074034088194,1.0,-0.25376481028629461,0.55205746206874406,-0.64897610000000006,0.097587696392642587,-0.27090382754968784,-0.079389932761567056,0.46904503069586639,-0.8328056304163608,0.58256920483072405,0.42144228678034096,-0.20157355382666498,-0.39812172675922947,0.10853582832307022,-0.091331313771348913,0.4611494486953443,-0.14756222934145155,0.019357473005500926,-0.72233772115341577,0.54872446601238645,-0.58735454305894907,0.93210606887199343,-0.067117107563585854,0.32677227687968424,-0.04223285597453702,-0.13429849009060837,0.48821157343843313,-0.090059753705620485,0.60491569155606462,0.30173717194327465,0.6633676386941878
-0.57486531119936357,0.57801529413530384,-0.43471177106630005,0.16739248584106187,0.3225697105284146,0.38662255170932841,-0.37857752318733157,-0.10661699229983267,-0.25376481028629461,1.0,0.58292072098230507,-0.50432596000000007,-0.3047095860590901,-0.73089667343966713,-0.62420894807927207,0.22883439773879213,0.53270594284054407,0.23413039523695325,-0.78773618096482001,-0.75500100777573276,0.93580092262059611,0.7107755415756406,-0.76519455894318755,0.40368976869664608,-0.30448420967685846,-0.28106627067657569,0.71569558544256773,0.58123920275130991,0.40795382163227017,-0.22137924990564042,-0.78511389579770585,-0.30347207146223831,-0.11816682861409128,0.55792865005097947,-0.37741603874099133,-0.57240258101469854,-0.86179176286247439,0.71245628644008063,0.47614573031290403
-0.99033631881209983,0.89096672530766352,-0.55732800280468331,0.68707605039812858,0.26874129347079101,0.3988188523553291,0.35532945648498165,0.15679429044363413,0.55205746206874406,0.58292072098230507,1.0,-0.98496812,-0.031503948113296071,-0.91372849430865466,-0.75267571754208362,0.51695955228911561,-0.31868555226746187,0.77832667101222108,-0.21166997728756887,-0.9077521535427201,0.43030926972200256,0.72789864085012046,-0.74187576287566814,0.9052684911750164,-0.27258484104980274,-0.11947813772551291,0.087965041365625302,0.97389358873371545,-0.2501869886280027,0.50967144204346948,-0.82515894496533337,-0.039817438440127556,-0.0015935672518472277,0.41720224844515141,0.26387683068910195,-0.61096890276511795,-0.19175899031391264,0.79697646566094382,0.98736514525479113
0.96529909999999997,-0.93170936000000004,0.64563338000000003,-0.79622722000000001,-0.36334407999999996,-0.27072331999999999,-0.45709104,-0.11190464,-0.64897610000000006,-0.50432596000000007,-0.98496812,1.0,0.033539820000000109,0.83873898000000002,0.63037260000000006,-0.59127291999999998,0.4058787399999999,-0.77905663999999997,0.19788085999999994,0.83416672000000003,-0.36319935999999997,-0.69693402000000004,0.71931212000000011,-0.85525945999999997,0.28842546000000002,0.12029766000000008,0.061350079999999974,-0.96370929999999999,0.2907203599999999,-0.62864680000000006,0.71770025999999998,-0.0028554600000000319,0.091682920000000001,-0.30632501999999995,-0.22071370000000001,0.60484954000000002,0.10678645999999992,-0.81390257999999993,-0.99619522000000005
0.032761207730159184,-0.12045327080671367,0.43829192743200418,-0.010594192486043864,-0.079827287032972205,-0.0126715449849791,0.3500379095823139,0.38046482865647147,0.097587696392642587,-0.3047095860590901,-0.031503948113296071,0.033539820000000109,1.0,0.036990993354455999,-0.051522204863284182,-0.33167224112108001,-0.46006795093251751,0.32096120927158983,0.41372469767162418,0.013384294174765199,-0.31470766662002536,0.080542379737535544,0.28453996337161547,0.15989517517473387,0.62922419850523226,0.36106524934252465,-0.15773593003394498,-0.075540592600728373,-0.21897729156882073,0.0049835311581401922,0.089295050461675671,-0.22988271041576744,0.39892671902766802,0.16148168935094348,0.38898960146693207,0.31162377038340217,0.36895087189682318,-0.10977489272475453,0.016881154829879147
0.91603545947271481,-0.70736838612689878,0.29792237665649907,-0.37929140643695414,-0.041950322686411287,-0.55227712649324556,-0.098149095083420596,-0.23456932253729643,-0.27090382754968784,-0.73089667343966713,-0.91372849430865466,0.83873898000000002,0.036990993354455999,1.0,0.90231035214695465,-0.27239833882392228,0.032971438916191149,-0.70983830898393474,0.26659317361556123,0.93994083407600748,-0.55200445544017762,-0.77874769504145225,0.74791854351845144,-0.87310510757541904,0.26254102864551448,0.056896915904494458,-0.39843789554813874,-0.90577737260192881,0.13661531348260439,-0.20590596067878961,0.95521727582571392,0.086419279175420083,-0.15838378781740095,-0.65002539231010281,-0.26892634092181622,0.53812533694234543,0.36880524127062447,-0.67595607313281625,-0.85138387796184123
0.79192378437132438,-0.43728470692748583,0.0090891211357516516,-0.064486844203385685,0.22687612674751523,-0.78528229013612971,0.09550142655078829,-0.33499499010758338,-0.079389932761567056,-0.62420894807927207,-0.75267571754208362,0.63037260000000006,-0.051522204863284182,0.90231035214695465,1.0,-0.0611708671464068,-0.00890088187308633,-0.55977813898365825,0.088268417474870589,0.89768982035682288,-0.45780611626445977,-0.55776896172185741,0.53926376400598885,-0.84308588607665114,0.10255003326788553,0.026462906993029431,-0.56358526322051117,-0.70219539221764093,0.088671495040283696,0.052525713608543259,0.95963678896006144,0.17049698574426381,-0.39548540226285822,-0.68325524776587665,-0.44976825535238074,0.41623618049281308,0.35859783388177147,-0.44432523820702569,-0.66209638952319572
-0.48737670301499531,0.72567756288851681,-0.80016981977101953,0.75755092158417869,0.67308337445648125,0.150785503372661,0.25269260541345345,-0.19339577690484924,0.46904503069586639,0.22883439773879213,0.51695955228911561,-0.59127291999999998,-0.33167224112108001,-0.27239833882392228,-0.0611708671464068,1.0,-0.21005304873987587,0.043235477941632218,-0.32325496239451795,-0.38421949135410277,0.24898686326036057,0.14933516658247115,-0.48906779734493622,0.28736886782885368,-0.1147597220665498,-0.59073585191336309,-0.21134635014529651,0.54061847852293443,0.14080422563102171,0.45896048039228199,-0.18636231644407725,-0.13132855200834373,-0.056631232323242055,-0.14093123447599856,-0.098779787534750127,-0.18108350587322106,-0.11125902902358607,0.62986721166059656,0.54830152275282962
0.31989141719777242,-0.25834745457929736,0.10568045848469586,-0.54071708295488907,-0.004379895836531254,0.11629705849971927,-0.80221834172853845,-0.22859265161476286,-0.8328056304163608,0.53270594284054407,-0.31868555226746187,0.4058787399999999,-0.46006795093251751,0.032971438916191149,-0.00890088187308633,-0.21005304873987587,1.0,-0.5470681947032261,-0.65888223403355717,0.041309200543693775,0.621185409163165,0.058299678769496328,-0.16556026594583045,-0.40134153577469445,-0.13687662583374141,-0.27635966036825621,0.76004554290582427,-0.25392097275489944,0.66386465586671672,-0.77181314162792047,-0.11982166607342341,-0.17819349853721175,-0.096626863645287234,0.29325589390858542,-0.62333078262980912,-0.0047540334962995427,-0.77756133978927777,-0.050457734215785234,-0.43951815140490735
-0.77334185488207741,0.59623895239196489,-0.20761749708759217,0.51470709412431037,0.0030996691444059423,0.11622201195006242,0.64182824966200513,0.27407438497015524,0.58256920483072405,0.23413039523695325,0.77832667101222108,-0.77905663999999997,0.32096120927158983,-0.70983830898393474,-0.55977813898365825,0.043235477941632218,-0.5470681947032261,1.0,0.14305949290120445,-0.61186650694439615,0.051839515959292815,0.73056318551911192,-0.47036965053304319,0.80371588171122366,-0.2246188860910589,0.40116565339927551,-0.16982872159849594,0.74489406801243929,-0.60419785880428878,0.59826777422767718,-0.5667373902507068,0.1096195508766306,-0.085863419157845206,0.27610285373241084,0.41815650719034314,-0.51866996817589617,0.18770615404086299,0.46984724623907742,0.80888150249107305
0.16732478628623093,-0.46292096793247711,0.56465489024992122,-0.19053165968544689,-0.6777869336719855,0.018965765456540263,0.4057259366133526,0.50288066519425045,0.42144228678034096,-0.78773618096482001,-0.21166997728756887,0.19788085999999994,0.41372469767162418,0.26659317361556123,0.088268417474870589,-0.32325496239451795,-0.65888223403355717,0.14305949290120445,1.0,0.36168204225593126,-0.91712788385073452,-0.46076785927523578,0.56210120975392797,0.030269333189536434,0.15947109309047627,0.44586791236471485,-0.55435292895657329,-0.22641260698066018,-0.64515821419808161,0.31126121009840085,0.31882624267193643,0.37020374152731733,0.42372063717459552,-0.28744040341926241,0.8162117255295368,0.45132125823996094,0.89304641569830756,-0.64171284969821962,-0.14055596878606302
0.91411215034426752,-0.76516223499906966,0.38914684298544,-0.41773967363801157,-0.21250945553773598,-0.64269566134563871,-0.028074326491048639,-0.087639322286672539,-0.20157355382666498,-0.75500100777573276,-0.9077521535427201,0.83416672000000003,0.013384294174765199,0.93994083407600748,0.89768982035682288,-0.38421949135410277,0.041309200543693775,-0.61186650694439615,0.36168204225593126,1.0,-0.64498153941888181,-0.70573949032862404,0.71447852418615221,-0.86641244698013042,0.10037012119920358,0.21472075029046236,-0.46882317208102914,-0.84902152919759444,-0.045075888480085882,-0.11183553145949007,0.95134535622018424,0.32117708852263605,-0.18246371000134634,-0.61215933231358166,-0.20399436419930508,0.56200335731147666,0.48156415830444038,-0.78492752765169105,-0.84302435519450292
-0.40509704428766363,0.52801653518564229,-0.45189545445168355,0.13631409265418803,0.48454129429981141,0.28351637491678844,-0.45223017413018513,-0.31632199200519062,-0.39812172675922947,0.93580092262059611,0.43030926972200256,-0.36319935999999997,-0.31470766662002536,-0.55200445544017762,-0.45780611626445977,0.24898686326036057,0.621185409163165,0.051839515959292815,-0.91712788385073452,-0.64498153941888181,1.0,0.60612086912298535,-0.65849160187268574,0.26884019463134418,-0.12041120955742968,-0.43667904374544858,0.75577196877029551,0.41977451091190998,0.58371707673838591,-0.36369683260744246,-0.64366874437305277,-0.4162068841072189,-0.19862463692708904,0.54002537460794331,-0.56289049527586021,-0.52954679229373491,-0.95820671375460165,0.70973505111530755,0.32717379116243572
-0.70978073854488188,0.67228181655755281,-0.40117665050526036,0.40286249285106068,0.28540157526556487,0.16650085871243153,0.26252996267626,0.11932270085314362,0.10853582832307022,0.7107755415756406,0.72789864085012046,-0.69693402000000004,0.080542379737535544,-0.77874769504145225,-0.55776896172185741,0.14933516658247115,0.058299678769496328,0.73056318551911192,-0.46076785927523578,-0.70573949032862404,0.60612086912298535,1.0,-0.82620896995489046,0.641140052447289,-0.30788066935057834,0.086994310081790066,0.28864364486432703,0.76263853881101817,-0.12603820683947783,0.21415660646699222,-0.70565137698219516,-0.05795718166260351,-0.22934341204664985,0.41466244577914313,-0.12759621589102865,-0.63011604873090732,-0.40428715970391238,0.66315722703532465,0.68667737307109655
0.75579718283935293,-0.72185572920344687,0.64818399296652296,-0.43085524453073343,-0.36369901853547609,-0.3406976029292465,-0.16030601444248294,-0.078387190472493345,-0.091331313771348913,-0.76519455894318755,-0.74187576287566814,0.71931212000000011,0.28453996337161547,0.74791854351845144,0.53926376400598885,-0.48906779734493622,-0.16556026594583045,-0.47036965053304319,0.56210120975392797,0.71447852418615221,-0.65849160187268574,-0.82620896995489046,1.0,-0.59675454228104352,0.55258786905749591,0.097594723769267575,-0.28872237874361478,-0.80055918032000239,0.059885196852901369,-0.23610433438572836,0.70119327693438627,-0.049333910125838265,0.25018935907812789,-0.20009904531250078,0.2093915741265763,0.70724380265027442,0.48113995566917722,-0.66167975175603155,-0.6786955520979967
-0.92369581532430156,0.66914000146923103,-0.25948469185443251,0.44674830163199758,-0.0065336792800614668,0.54613286804377692,0.38205772450157433,0.29234304889486457,0.4611494486953443,0.40368976869664608,0.9052684911750164,-0.85525945999999997,0.15989517517473387,-0.87310510757541904,-0.84308588607665114,0.28736886782885368,-0.40134153577469445,0.80371588171122366,0.030269333189536434,-0.86641244698013042,0.26884019463134418,0.641140052447289,-0.59675454228104352,1.0,-0.10831673267971521,0.020849501140505225,0.14259086075328115,0.86314873032818418,-0.39871126482772723,0.38050044270073802,-0.83097409146335766,-0.00092952347647203058,0.19632638115806561,0.46125604320037489,0.50066038209532737,-0.54180574714240126,-0.063066176336855018,0.55799391077236427,0.88101689760808921
0.31347033987980216,-0.20609279007231621,0.42990281468888591,-0.11903117276794108,0.09679440583746364,0.058674487302732538,-0.13848747735816794,-0.11872244008503602,-0.14756222934145155,-0.30448420967685846,-0.27258484104980274,0.28842546000000002,0.62922419850523226,0.26254102864551448,0.10255003326788553,-0.1147597220665498,-0.13687662583374141,-0.2246188860910589,0.15947109309047627,0.10037012119920358,-0.12041120955742968,-0.30788066935057834,0.55258786905749591,-0.10831673267971521,1.0,-0.30335849820220318,0.10891988163663892,-0.34615412425535375,0.39444778919506157,-0.384380018851814,0.20113440480621494,-0.59852728834147617,0.56472220897931336,0.28601101912563093,0.18330933997101798,0.5972123164602533,0.047127992027630683,-0.066746983372417107,-0.24477690016713116
0.055371707695984894,-0.32311543513091695,0.36711759655920795,-0.26981651814047214,-0.44529669860793769,-0.13972577337980019,0.41619090526867525,0.28841773348355598,0.019357473005500926,-0.28106627067657569,-0.11947813772551291,0.12029766000000008,0.36106524934252465,0.056896915904494458,0.026462906993029431,-0.59073585191336309,-0.27635966036825621,0.40116565339927551,0.44586791236471485,0.21472075029046236,-0.43667904374544858,0.086994310081790066,0.097594723769267575,0.020849501140505225,-0.30335849820220318,1.0,-0.28060553113591791,-0.13804011954976375,-0.6612602084093433,0.17982131947619881,0.14921738495283474,0.33079137071923009,-0.14568695594928244,-0.23701525663822642,0.26301319471670559,-0.1636283553306081,0.46597033161396845,-0.41062212284901084,-0.095290708527539889
-0.10980390917479893,-0.026968738945119874,0.18695471127227936,-0.46799868643632847,-0.097707032151958279,0.58545135384091995,-0.74697192176819871,-0.077933511385165993,-0.72233772115341577,0.71569558544256773,0.087965041365625302,0.061350079999999974,-0.15773593003394498,-0.39843789554813874,-0.56358526322051117,-0.21134635014529651,0.76004554290582427,-0.16982872159849594,-0.55435292895657329,-0.46882317208102914,0.75577196877029551,0.28864364486432703,-0.28872237874361478,0.14259086075328115,0.10891988163663892,-0.28060553113591791,1.0,0.062254082153299736,0.6035046768852329,-0.795506796655295,-0.5991120558017814,-0.46182333508782353,0.26594696215172525,0.65768639758027159,-0.22006857064678353,-0.16130313587903355,-0.85552845361386598,0.20164122586439087,-0.058481550222889284
-0.95805917824800046,0.86957174451339048,-0.56027062257749072,0.68105857447336604,0.24998853184183537,0.34825012604055239,0.3752587316532694,0.24953032836481548,0.54872446601238645,0.58123920275130991,0.97389358873371545,-0.96370929999999999,-0.075540592600728373,-0.90577737260192881,-0.70219539221764093,0.54061847852293443,-0.25392097275489944,0.74489406801243929,-0.22641260698066018,-0.84902152919759444,0.41977451091190998,0.76263853881101817,-0.80055918032000239,0.86314873032818418,-0.34615412425535375,-0.13804011954976375,0.062254082153299736,1.0,-0.2873116442636528,0.53134162692832143,-0.79599306860971952,0.090435376138538845,-0.02608961281463007,0.40687597590439162,0.2228898244324469,-0.56549256114919522,-0.17392747679173551,0.74649645100260453,0.95897915336961748
0.29111295958930788,-0.019885127334085307,-0.063456366322347857,-0.1764810477673672,0.40891131523960661,0.11128805067904896,-0.76002236801125833,-0.52025887677320137,-0.58735454305894907,0.40795382163227017,-0.2501869886280027,0.2907203599999999,-0.21897729156882073,0.13661531348260439,0.088671495040283696,0.14080422563102171,0.66386465586671672,-0.60419785880428878,-0.64515821419808161,-0.045075888480085882,0.58371707673838591,-0.12603820683947783,0.059885196852901369,-0.39871126482772723,0.39444778919506157,-0.6612602084093433,0.6035046768852329,-0.2873116442636528,1.0,-0.68037423544234499,-0.0078784529421657406,-0.71282022908014708,0.13590256700155137,0.27359850957837795,-0.54657610466144746,0.24565471575637474,-0.72773302188934874,0.25323337604273333,-0.31271016931799334
-0.48508787228951616,0.54135851550368741,-0.52529355965278379,0.7879384090155217,0.20953554746663405,-0.31789111731910907,0.81217215947518007,0.15460329624804092,0.93210606887199343,-0.22137924990564042,0.50967144204346948,-0.62864680000000006,0.0049835311581401922,-0.20590596067878961,0.052525713608543259,0.45896048039228199,-0.77181314162792047,0.59826777422767718,0.31126121009840085,-0.11183553145949007,-0.36369683260744246,0.21415660646699222,-0.23610433438572836,0.38050044270073802,-0.384380018851814,0.17982131947619881,-0.795506796655295,0.53134162692832143,-0.68037423544234499,1.0,0.017612313996021024,0.4696396402547951,-0.32288610006942703,-0.34230461867853285,0.27969827481127202,-0.2836671898131965,0.5865950931784556,0.28314577650374234,0.62107838356846068
0.84375196905708205,-0.59441342607313552,0.2161792557135126,-0.19438213827702183,0.030384877478503273,-0.68869867342755842,0.10707314292579034,-0.21209754781434573,-0.067117107563585854,-0.78511389579770585,-0.82515894496533337,0.71770025999999998,0.089295050461675671,0.95521727582571392,0.95963678896006144,-0.18636231644407725,-0.11982166607342341,-0.5667373902507068,0.31882624267193643,0.95134535622018424,-0.64366874437305277,-0.70565137698219516,0.70119327693438627,-0.83097409146335766,0.20113440480621494,0.14921738495283474,-0.5991120558017814,-0.79599306860971952,-0.0078784529421657406,0.017612313996021024,1.0,0.17793149757983823,-0.21338016255151865,-0.68713958034630185,-0.23125064971174225,0.5422030869491189,0.51845188888123828,-0.61636166774849366,-0.73120434716214988
0.021017350994486692,-0.16479316139292641,-0.012808721745989985,-0.0069546913282526575,-0.40498865920188803,-0.34893156847646611,0.33778496401398511,0.42665751410673391,0.32677227687968424,-0.30347207146223831,-0.039817438440127556,-0.0028554600000000319,-0.22988271041576744,0.086419279175420083,0.17049698574426381,-0.13132855200834373,-0.17819349853721175,0.1096195508766306,0.37020374152731733,0.32117708852263605,-0.4162068841072189,-0.05795718166260351,-0.049333910125838265,-0.00092952347647203058,-0.59852728834147617,0.33079137071923009,-0.46182333508782353,0.090435376138538845,-0.71282022908014708,0.4696396402547951,0.17793149757983823,1.0,-0.3561045285694785,-0.3113908597579193,0.11295002268964968,-0.16622688840558089,0.47104665883528785,-0.40792079026351086,-0.013267249862348637
-0.028707909220228568,-0.23630069668252215,0.5669010010869473,-0.29594116087667016,-0.43125516756498405,0.64187607953765058,-0.22526751095343892,0.38811467238689207,-0.04223285597453702,-0.11816682861409128,-0.0015935672518472277,0.091682920000000001,0.39892671902766802,-0.15838378781740095,-0.39548540226285822,-0.056631232323242055,-0.096626863645287234,-0.085863419157845206,0.42372063717459552,-0.18246371000134634,-0.19862463692708904,-0.22934341204664985,0.25018935907812789,0.19632638115806561,0.56472220897931336,-0.14568695594928244,0.26594696215172525,-0.02608961281463007,0.13590256700155137,-0.32288610006942703,-0.21338016255151865,-0.3561045285694785,1.0,0.37313918049500139,0.67227290162979814,0.59635742999545571,0.12537347767373286,-0.20718995664087919,-0.034561786491951969
-0.37236891083903717,0.25856805731111654,0.22346932580252052,-0.036878266460906875,-0.086761698631249703,0.37133626787772628,-0.3682756070513391,0.12495329924807319,-0.13429849009060837,0.55792865005097947,0.41720224844515141,-0.30632501999999995,0.16148168935094348,-0.65002539231010281,-0.68325524776587665,-0.14093123447599856,0.29325589390858542,0.27610285373241084,-0.28744040341926241,-0.61215933231358166,0.54002537460794331,0.41466244577914313,-0.20009904531250078,0.46125604320037489,0.28601101912563093,-0.23701525663822642,0.65768639758027159,0.40687597590439162,0.27359850957837795,-0.34230461867853285,-0.68713958034630185,-0.3113908597579193,0.37313918049500139,1.0,0.14383227283392286,-0.030654005185807794,-0.49598496073367881,0.38766442641914112,0.34296277513283963
-0.30951153772681195,-0.087583210541244211,0.44570577026346236,-0.025626320632707273,-0.6145637055533365,0.47548463161958399,0.34026421499765108,0.56256937689088848,0.48821157343843313,-0.37741603874099133,0.26387683068910195,-0.22071370000000001,0.38898960146693207,-0.26892634092181622,-0.44976825535238074,-0.098779787534750127,-0.62333078262980912,0.41815650719034314,0.8162117255295368,-0.20399436419930508,-0.56289049527586021,-0.12759621589102865,0.2093915741265763,0.50066038209532737,0.18330933997101798,0.26301319471670559,-0.22006857064678353,0.2228898244324469,-0.54657610466144746,0.27969827481127202,-0.23125064971174225,0.11295002268964968,0.67227290162979814,0.14383227283392286,1.0,0.26757887429740362,0.60760941522708745,-0.24120591784617873,0.29033507644884504
0.63979617125485044,-0.58799324409009246,0.62061152512836815,-0.33989353076618289,-0.27784646745475444,-0.099951975983582561,-0.20805850680806931,0.17475359730512702,-0.090059753705620485,-0.57240258101469854,-0.61096890276511795,0.60484954000000002,0.31162377038340217,0.53812533694234543,0.41623618049281308,-0.18108350587322106,-0.0047540334962995427,-0.51866996817589617,0.45132125823996094,0.56200335731147666,-0.52954679229373491,-0.63011604873090732,0.70724380265027442,-0.54180574714240126,0.5972123164602533,-0.1636283553306081,-0.16130313587903355,-0.56549256114919522,0.24565471575637474,-0.2836671898131965,0.5422030869491189,-0.16622688840558089,0.59635742999545571,-0.030654005185807794,0.26757887429740362,1.0,0.38108901336610668,-0.54790508191192921,-0.57018901338412842
0.1773769312685699,-0.28806549359729011,0.28412983995753521,0.10587583817777121,-0.36672394145769588,-0.30233756192642514,0.66239000979279328,0.37023457598040477,0.60491569155606462,-0.86179176286247439,-0.19175899031391264,0.10678645999999992,0.36895087189682318,0.36880524127062447,0.35859783388177147,-0.11125902902358607,-0.77756133978927777,0.18770615404086299,0.89304641569830756,0.48156415830444038,-0.95820671375460165,-0.40428715970391238,0.48113995566917722,-0.063066176336855018,0.047127992027630683,0.46597033161396845,-0.85552845361386598,-0.17392747679173551,-0.72773302188934874,0.5865950931784556,0.51845188888123828,0.47104665883528785,0.12537347767373286,-0.49598496073367881,0.60760941522708745,0.38108901336610668,1.0,-0.51872378746130654,-0.07253059070893482
-0.74175788760083572,0.94643320588182367,-0.7507767356969367,0.75558377754468575,0.72889662796832233,0.14934659362677261,0.11817325282207067,-0.28861375716156162,0.30173717194327465,0.71245628644008063,0.79697646566094382,-0.81390257999999993,-0.10977489272475453,-0.67595607313281625,-0.44432523820702569,0.62986721166059656,-0.050457734215785234,0.46984724623907742,-0.64171284969821962,-0.78492752765169105,0.70973505111530755,0.66315722703532465,-0.66167975175603155,0.55799391077236427,-0.066746983372417107,-0.41062212284901084,0.20164122586439087,0.74649645100260453,0.25323337604273333,0.28314577650374234,-0.61636166774849366,-0.40792079026351086,-0.20718995664087919,0.38766442641914112,-0.24120591784617873,-0.54790508191192921,-0.51872378746130654,1.0,0.79055709569205923
-0.96841541351674132,0.90776088415439282,-0.58214377302097631,0.7737354790362605,0.31064951026983428,0.29621524920674491,0.46337947794999529,0.14171801767821521,0.6633676386941878,0.47614573031290403,0.98736514525479113,-0.99619522000000005,0.016881154829879147,-0.85138387796184123,-0.66209638952319572,0.54830152275282962,-0.43951815140490735,0.80888150249107305,-0.14055596878606302,-0.84302435519450292,0.32717379116243572,0.68667737307109655,-0.6786955520979967,0.88101689760808921,-0.24477690016713116,-0.095290708527539889,-0.058481550222889284,0.95897915336961748,-0.31271016931799334,0.62107838356846068,-0.73120434716214988,-0.013267249862348637,-0.034561786491951969,0.34296277513283963,0.29033507644884504,-0.57018901338412842,-0.07253059070893482,0.79055709569205923,1.0
