1.000000000000000000e+00,-7.552795289531426537e-01,-2.887525283904198714e-01,-6.186903407851767067e-01,-8.552449380666603540e-01,-2.905758005494936125e-01,9.927364400000000533e-01,-4.381484622973613741e-01,-6.985352546180004785e-01,-4.044149709298255901e-01,-8.927226730558983636e-01,-7.714745117431209831e-01,-3.195574800700585749e-01,-5.267215386601838967e-01,-9.809983992126879437e-01,6.421537314965369836e-02,-9.681754984820082344e-01,-1.332691772151549658e-01,-4.355708016428356255e-01,-7.388373548097324495e-01,8.174127275082209154e-01,-5.339197316923478542e-01,-1.807734391779922123e-01,-9.793329264660708411e-01,2.412140426878179866e-01,-8.945040119120505340e-01,4.117901123842891420e-01,-5.678336415526378245e-01,-1.204091847121061265e-01,-8.731545081425654553e-01,6.165273585932135036e-01,-2.579189371844416434e-01,3.478131999548854658e-01,-7.312783873821390168e-01,-9.745682862688059833e-01,-2.905419475315054179e-01,-3.825782724638133736e-01,1.631654215395623719e-01,-1.508507322769264691e-01
-7.552795289531426537e-01,1.000000000000000000e+00,6.024301682661228341e-01,3.151281756122850664e-01,3.621228821585817936e-01,-1.319538880291190874e-01,-7.353051600000000132e-01,2.787902999641664326e-01,6.606894864744351503e-01,-1.787220300235954351e-01,7.631587735808880169e-01,3.148564893728779124e-01,4.619580388421204997e-01,7.675787395289221937e-01,7.167026541556139607e-01,1.508245695816360088e-01,6.674986341570737780e-01,2.415192759285880175e-01,6.659128781491996385e-02,5.152308991245457825e-01,-6.474518201394581229e-01,3.834495765699155734e-01,2.912426843112097541e-01,8.050105259703106420e-01,-6.304487109872646267e-01,9.167558743391380771e-01,-6.548635228590216073e-01,2.349595699847511765e-01,-3.140585061731545613e-01,8.394837278573790140e-01,-3.725081336105259266e-01,-2.380583173119153462e-01,-2.520548297711197039e-01,4.210433903107813625e-01,6.456856583732722976e-01,-8.451935529792235086e-03,2.824721938938004051e-01,-2.570864046226381538e-01,2.382971097468659372e-01
-2.887525283904198714e-01,6.024301682661228341e-01,1.000000000000000000e+00,8.513404373967793648e-02,-5.362417769131848366e-02,-2.412249760207850757e-01,-3.499943199999999699e-01,-2.497634952823260257e-01,1.073710165208291434e-02,-4.203095404073262653e-01,4.930330974086318263e-01,-2.766449706885040771e-01,7.725340379806929780e-01,8.271369771787092651e-01,3.143668683538194952e-01,4.658878206753547246e-02,3.082973828462707844e-01,-1.093908289351726848e-01,-2.566540998472970347e-01,3.262321683799240812e-01,-1.712830905151551675e-01,3.607722855953575114e-01,1.616486025613770028e-01,3.149017492666336682e-01,-7.794527695165404113e-01,4.757660144315750683e-01,-4.028846196774783506e-01,4.885606637156533760e-01,-7.710514991230992266e-01,6.728972434575566375e-01,1.943240676744071027e-01,-3.598900622606722721e-01,-5.648065599277495297e-01,1.594717644988301042e-01,1.371913542475061143e-01,3.840023141856773736e-01,6.537346472668825736e-01,-2.854494987420426733e-01,6.075360528740552102e-01
-6.186903407851767067e-01,3.151281756122850664e-01,8.513404373967793648e-02,1.000000000000000000e+00,5.437844038205263963e-01,3.480138696879883087e-01,-6.560962399999999972e-01,2.299576706541947013e-01,4.750919524794844362e-01,3.383944177154915578e-01,3.875976157204942818e-01,6.688590088624771779e-01,3.510293324686667993e-01,2.283802610465898164e-01,6.147736716016263259e-01,-2.807714063884352851e-01,5.688569080206318240e-01,-2.145656650805495835e-01,-4.091378211767154882e-02,1.066169386144277254e-01,-5.435138767552120109e-01,3.254309923529435933e-01,5.690549188758030619e-01,6.278965732233516839e-01,-1.662480846913175769e-01,5.667565396485624296e-01,1.493841630051348790e-01,3.043725888614379760e-01,2.555234246052914271e-01,4.483409119561180267e-01,-3.298201112282126979e-01,5.219872696445624349e-01,-5.186397695060596114e-02,3.911314613266016482e-01,6.785471300331438194e-01,1.251437349175970049e-01,2.588024501356743778e-01,-4.889267273539513736e-01,3.966667131835326376e-01
-8.552449380666603540e-01,3.621228821585817936e-01,-5.362417769131848366e-02,5.437844038205263963e-01,1.000000000000000000e+00,4.397152188703699616e-01,-8.456666600000000145e-01,5.879546182082684425e-01,5.713596806386741500e-01,7.327025767571011539e-01,7.493109744869294042e-01,8.963398868592736823e-01,-4.063141467793220107e-02,1.067691938084234654e-01,8.214778912091725838e-01,-2.342059803439488219e-01,8.761479902132421893e-01,-7.421883544648469333e-02,6.641185366946162905e-01,6.985503579701947130e-01,-7.361858950618797026e-01,4.183495548705587486e-01,-5.008707211498685148e-03,7.767441042226268522e-01,2.018592883859610110e-01,5.873594317852978142e-01,-1.432836424479638215e-01,6.248459613363490650e-01,4.858701458003684692e-01,6.070245924877188948e-01,-6.878708544773870504e-01,4.452572677222741415e-01,-2.240467574417827346e-01,8.065209297557370816e-01,9.152465963703334539e-01,3.450579048555262873e-01,2.603315189038922783e-01,6.712572856925787257e-02,-1.407668690664818367e-01
-2.905758005494936125e-01,-1.319538880291190874e-01,-2.412249760207850757e-01,3.480138696879883087e-01,4.397152188703699616e-01,1.000000000000000000e+00,-3.165604600000000435e-01,1.398469765409067200e-01,1.798908831897611804e-01,3.702325035636115924e-01,4.493347101950650319e-02,4.464752352606162766e-01,-2.011921750916640869e-02,-4.294881106873155163e-02,2.869020497925139357e-01,-2.126288316910205645e-01,2.909510898494558906e-01,-1.912429126994477369e-01,1.445155300030303777e-02,2.450139829837725824e-01,-3.039483294832742155e-01,3.636067037436169214e-01,1.646271107577655657e-01,3.096600276264905305e-01,1.353215147362365200e-01,-1.789287418771979069e-02,4.437874120516578924e-01,2.759400955377321885e-01,3.081899304522323080e-01,1.296968069811857416e-01,-2.421235281399881645e-01,3.835105740883314462e-01,-7.884517842418614642e-03,4.847701249891361863e-01,3.665212391868811759e-01,2.986433674121122261e-01,4.606501948106055816e-02,-1.701440402399218843e-01,5.682731502386673128e-02
9.927364400000000533e-01,-7.353051600000000132e-01,-3.499943199999999699e-01,-6.560962399999999972e-01,-8.456666600000000145e-01,-3.165604600000000435e-01,1.000000000000000000e+00,-3.726393199999999961e-01,-6.545543999999999807e-01,-3.871013800000000504e-01,-8.955258799999999964e-01,-7.449007999999999186e-01,-3.873623999999999956e-01,-5.698495999999999562e-01,-9.848185600000000095e-01,7.848995999999996975e-02,-9.677778400000000003e-01,-9.204526000000001762e-02,-3.881485000000000074e-01,-7.423192599999999253e-01,8.097735800000001039e-01,-5.877076199999999861e-01,-2.100079000000000251e-01,-9.694652200000000164e-01,2.895704199999999950e-01,-8.855170799999999565e-01,3.580361800000000372e-01,-6.316285400000000161e-01,-6.661636000000004110e-02,-8.991718600000000450e-01,5.529547599999999896e-01,-2.663098000000000409e-01,3.974538599999999366e-01,-7.204050399999999410e-01,-9.629841599999999779e-01,-3.529022200000000442e-01,-4.580659999999999732e-01,1.860208800000000551e-01,-2.402856199999999776e-01
-4.381484622973613741e-01,2.787902999641664326e-01,-2.497634952823260257e-01,2.299576706541947013e-01,5.879546182082684425e-01,1.398469765409067200e-01,-3.726393199999999961e-01,1.000000000000000000e+00,7.299454243339922321e-01,4.235183299371255150e-01,3.830619650792046471e-01,7.097178377927962911e-01,-4.704411331787209938e-01,-2.787900851034826322e-01,2.730626659640447151e-01,-3.973868546949719804e-01,3.842531561200901447e-01,-2.958867145653860109e-01,3.564216982410581269e-01,1.081404772211652099e-01,-5.776644277393225835e-01,-8.584481561029558283e-02,2.206009078450072991e-01,4.589547723966530546e-01,3.512056129166661322e-01,3.640346769400290561e-01,-1.797692277252474213e-01,-6.082170195679441338e-02,7.062943052305976632e-01,1.536584486050041609e-01,-8.466250486013635612e-01,9.392026538432152183e-02,4.537304632333589716e-01,6.711076588512506769e-01,5.714104257465980607e-01,-3.409217656067860536e-01,-4.515179486492320038e-01,-7.606591003739031354e-02,-6.105486385099552216e-01
-6.985352546180004785e-01,6.606894864744351503e-01,1.073710165208291434e-02,4.750919524794844362e-01,5.713596806386741500e-01,1.798908831897611804e-01,-6.545543999999999807e-01,7.299454243339922321e-01,1.000000000000000000e+00,4.489223553604999861e-02,5.879499582669274194e-01,7.526731522462121182e-01,-1.796464871302698163e-01,2.699500130455476654e-01,5.875535744907447455e-01,3.024631681950495921e-03,5.246410828183933894e-01,1.317006579141248024e-01,6.852407834284210408e-02,3.114849508483207852e-01,-9.056766515760257263e-01,4.213298638678051877e-01,6.033904445326705446e-01,7.569048435100708128e-01,-2.322805649941973027e-01,7.761611179889313927e-01,-1.518563155926433983e-01,-6.814297076621866900e-02,3.372175847662851611e-01,5.424477916992608284e-01,-5.865750943189280697e-01,-1.443072263851524484e-01,3.947886901946532356e-01,5.046520847516694497e-01,7.442627064540231485e-01,-4.220701789623255151e-01,-2.459345346814387767e-01,-7.979418588754791375e-02,-2.190997209967641690e-01
-4.044149709298255901e-01,-1.787220300235954351e-01,-4.203095404073262653e-01,3.383944177154915578e-01,7.327025767571011539e-01,3.702325035636115924e-01,-3.871013800000000504e-01,4.235183299371255150e-01,4.489223553604999861e-02,1.000000000000000000e+00,2.590643738068414414e-01,6.554254757954345312e-01,-1.631446706037248673e-01,-4.521494904178826046e-01,3.981746107652294753e-01,-4.820411023839125120e-01,5.387743327111829128e-01,-2.415258236655448698e-01,7.525943508782368951e-01,2.727885582997714997e-01,-1.186816907103847019e-01,-1.336759945302346819e-01,-3.864029245407892832e-01,3.107795810127205183e-01,7.363699950846082087e-01,2.268510224633795563e-02,-6.838055769949026585e-02,4.467080817646550961e-01,7.174275840773468582e-01,2.252041343898662784e-02,-6.265710446766670216e-01,8.376831821366168551e-01,-2.224020345156784983e-01,5.495554976291007199e-01,5.258483592072754620e-01,3.951556130551893697e-01,5.029524307740834005e-02,-3.775459237813393737e-02,-2.892351581869265775e-01
-8.927226730558983636e-01,7.631587735808880169e-01,4.930330974086318263e-01,3.875976157204942818e-01,7.493109744869294042e-01,4.493347101950650319e-02,-8.955258799999999964e-01,3.830619650792046471e-01,5.879499582669274194e-01,2.590643738068414414e-01,1.000000000000000000e+00,5.747372041828918698e-01,3.435727572904921368e-01,6.036212610379447785e-01,8.675409201284975946e-01,6.149559597369755326e-02,8.763118808950968175e-01,7.346602193870363506e-02,3.974847591731910934e-01,7.629150371568291789e-01,-7.596601260047604054e-01,6.004760361519423384e-01,1.067093121634622166e-01,8.509572928962769733e-01,-3.354178839566820391e-01,8.631806387762114285e-01,-4.932876227975271366e-01,6.576071912134788811e-01,-6.257109561018903143e-02,9.126166747908177612e-01,-4.689458536450948900e-01,3.048456129114371013e-02,-4.202928606790609645e-01,6.584206913202198530e-01,8.347887250559981043e-01,3.329806656596786540e-01,4.674382754659781036e-01,-2.300350149933354585e-02,1.755784098417531858e-01
-7.714745117431209831e-01,3.148564893728779124e-01,-2.766449706885040771e-01,6.688590088624771779e-01,8.963398868592736823e-01,4.464752352606162766e-01,-7.449007999999999186e-01,7.097178377927962911e-01,7.526731522462121182e-01,6.554254757954345312e-01,5.747372041828918698e-01,1.000000000000000000e+00,-2.092327884194506715e-01,-5.967640996762731131e-02,7.070777442373066268e-01,-2.552354622048995103e-01,7.143442987699175628e-01,-3.785116993989583872e-02,4.526715949712821208e-01,3.984439854646914525e-01,-7.760981287899687553e-01,3.474785650031702589e-01,2.912129195058522635e-01,7.488980498918667017e-01,2.484118185630766196e-01,5.799964838502598141e-01,2.418525840686458310e-03,2.647716108027647341e-01,6.910877324663781129e-01,4.232323783615970503e-01,-7.183040779198450743e-01,4.618201219964933046e-01,1.540564802306191583e-01,6.576104827302128308e-01,8.865532683339998332e-01,-3.535065106576872063e-02,-9.067715209013448019e-02,-6.324751762195440774e-02,-2.444517979769978144e-01
-3.195574800700585749e-01,4.619580388421204997e-01,7.725340379806929780e-01,3.510293324686667993e-01,-4.063141467793220107e-02,-2.011921750916640869e-02,-3.873623999999999956e-01,-4.704411331787209938e-01,-1.796464871302698163e-01,-1.631446706037248673e-01,3.435727572904921368e-01,-2.092327884194506715e-01,1.000000000000000000e+00,7.161854394125078960e-01,4.015836033322599530e-01,-1.030734743173859769e-02,3.815288886235248533e-01,-6.111885749930948131e-02,-2.403519404833990569e-01,1.925441289078938523e-01,3.816600014176210753e-02,2.353388495500992328e-01,8.379996914694144705e-02,3.495193165617431763e-01,-6.208043241876474161e-01,3.899439565484429937e-01,-3.544141223391572004e-01,4.983860224257264382e-01,-6.658629308466653685e-01,5.510071588773742812e-01,1.520679370719357770e-01,1.599237115109520824e-01,-7.336888486120860531e-01,9.214891575716241401e-02,1.824783844065848148e-01,5.608268693728215570e-01,7.152692153722777224e-01,-5.976080199887492395e-01,8.567129604263642451e-01
-5.267215386601838967e-01,7.675787395289221937e-01,8.271369771787092651e-01,2.283802610465898164e-01,1.067691938084234654e-01,-4.294881106873155163e-02,-5.698495999999999562e-01,-2.787900851034826322e-01,2.699500130455476654e-01,-4.521494904178826046e-01,6.036212610379447785e-01,-5.967640996762731131e-02,7.161854394125078960e-01,1.000000000000000000e+00,5.765538113472145065e-01,3.547374267048607477e-01,4.654384951105111079e-01,2.833760940845412302e-01,-2.021123138604753733e-01,5.584073851232698171e-01,-4.455086030750121107e-01,6.341682404641770798e-01,2.658905461673211068e-01,5.503039740135023949e-01,-9.146700299813343982e-01,6.970529229105576485e-01,-3.487880665386482448e-01,4.284187323034865935e-01,-7.572157471164797649e-01,8.430595154277999992e-01,1.603626152878599997e-01,-3.836065712172621600e-01,-5.151796867868685403e-01,1.667416784439130772e-01,3.485603056227880581e-01,3.106227145509490306e-01,6.603971617924524473e-01,-1.301868632722624208e-01,6.475666250431392212e-01
-9.809983992126879437e-01,7.167026541556139607e-01,3.143668683538194952e-01,6.147736716016263259e-01,8.214778912091725838e-01,2.869020497925139357e-01,-9.848185600000000095e-01,2.730626659640447151e-01,5.875535744907447455e-01,3.981746107652294753e-01,8.675409201284975946e-01,7.070777442373066268e-01,4.015836033322599530e-01,5.765538113472145065e-01,1.000000000000000000e+00,-2.085932332706183501e-02,9.653634919403736303e-01,2.283635506101146517e-01,4.484886960966085745e-01,7.807302290794406741e-01,-7.460146330314332275e-01,5.755827251781234777e-01,1.109484705917773151e-01,9.486694370860725423e-01,-2.721865606584953357e-01,8.633603252148015494e-01,-4.017057389413383750e-01,6.233703761333608817e-01,2.959169043042565728e-02,8.791398933788588943e-01,-5.024688641081516138e-01,2.947242453971130050e-01,-4.664381783993649111e-01,6.430037999013731298e-01,9.343041934620750499e-01,3.899431603759322407e-01,4.854149741811314422e-01,-1.256155125518519378e-01,2.452314169214982464e-01
6.421537314965369836e-02,1.508245695816360088e-01,4.658878206753547246e-02,-2.807714063884352851e-01,-2.342059803439488219e-01,-2.126288316910205645e-01,7.848995999999996975e-02,-3.973868546949719804e-01,3.024631681950495921e-03,-4.820411023839125120e-01,6.149559597369755326e-02,-2.552354622048995103e-01,-1.030734743173859769e-02,3.547374267048607477e-01,-2.085932332706183501e-02,1.000000000000000000e+00,-1.764965713898896948e-01,5.034296196570587911e-01,-2.204263134758235876e-01,1.567977421957595929e-01,-7.572645279339768054e-02,3.513042894511683167e-01,1.083719398086305068e-02,-1.039198557823621388e-01,-4.188975249915647958e-01,1.058048014183302493e-01,4.520666695447910638e-02,-1.459735262299183545e-01,-4.250277638322239593e-01,1.176593110876629072e-01,4.993622850925637513e-01,-4.609128768726924452e-01,1.811038941058606966e-04,-4.084606866386237822e-01,-1.886038429442002673e-01,-1.502139722268689415e-01,1.490217254357364407e-01,4.444941430335146437e-01,1.560387896331467683e-01
-9.681754984820082344e-01,6.674986341570737780e-01,3.082973828462707844e-01,5.688569080206318240e-01,8.761479902132421893e-01,2.909510898494558906e-01,-9.677778400000000003e-01,3.842531561200901447e-01,5.246410828183933894e-01,5.387743327111829128e-01,8.763118808950968175e-01,7.143442987699175628e-01,3.815288886235248533e-01,4.654384951105111079e-01,9.653634919403736303e-01,-1.764965713898896948e-01,1.000000000000000000e+00,4.797127427698323621e-02,5.619645218722110203e-01,7.716445804169963507e-01,-6.802194848708422725e-01,4.317650416467652685e-01,-1.474185222351818980e-02,9.233233386329184889e-01,-1.251497118395433483e-01,7.939967824034291910e-01,-4.680074961974653447e-01,7.029345252388534693e-01,1.166508066782202535e-01,8.371041247373945948e-01,-6.364110563109196539e-01,3.835310714012671873e-01,-5.156444851271748675e-01,7.785188620368502788e-01,9.410689437624271125e-01,4.768537160845341960e-01,4.866939608297213837e-01,-1.771092179814401646e-01,1.650668240534400033e-01
-1.332691772151549658e-01,2.415192759285880175e-01,-1.093908289351726848e-01,-2.145656650805495835e-01,-7.421883544648469333e-02,-1.912429126994477369e-01,-9.204526000000001762e-02,-2.958867145653860109e-01,1.317006579141248024e-01,-2.415258236655448698e-01,7.346602193870363506e-02,-3.785116993989583872e-02,-6.111885749930948131e-02,2.833760940845412302e-01,2.283635506101146517e-01,5.034296196570587911e-01,4.797127427698323621e-02,1.000000000000000000e+00,1.727607469734337431e-01,3.287875825178045996e-01,-7.968513711281344225e-02,2.568339640484895714e-01,-1.616095246685471942e-01,1.447613145380004518e-01,-2.149637065461743324e-01,2.252660651198193364e-01,-2.926724498619507897e-01,-2.475222399348368796e-01,-2.383991222627080964e-01,1.337652902993804183e-01,1.789762365851770010e-01,-2.531664702450943660e-01,-7.067390152621599864e-02,-3.608674555038234866e-01,2.782303978175294790e-02,-1.656399162899239996e-01,-6.677504443311907401e-02,4.200491924090882234e-01,-8.978142905458717793e-02
-4.355708016428356255e-01,6.659128781491996385e-02,-2.566540998472970347e-01,-4.091378211767154882e-02,6.641185366946162905e-01,1.445155300030303777e-02,-3.881485000000000074e-01,3.564216982410581269e-01,6.852407834284210408e-02,7.525943508782368951e-01,3.974847591731910934e-01,4.526715949712821208e-01,-2.403519404833990569e-01,-2.021123138604753733e-01,4.484886960966085745e-01,-2.204263134758235876e-01,5.619645218722110203e-01,1.727607469734337431e-01,1.000000000000000000e+00,6.095702981799810960e-01,-1.551058954874909857e-01,-1.133003948805555716e-01,-6.796174668887968728e-01,3.086693845309513295e-01,5.506009058093611630e-01,1.452920575441177531e-01,-4.219103391995038810e-01,4.391775895593886259e-01,4.108038503622822857e-01,1.860835122905026007e-01,-5.611619876837736776e-01,3.889800594345048101e-01,-3.666634682897870756e-01,4.751922089572493402e-01,4.564248813736743737e-01,3.826630892780915616e-01,1.566327390453262913e-01,3.962451675334748846e-01,-4.357611267176514369e-01
-7.388373548097324495e-01,5.152308991245457825e-01,3.262321683799240812e-01,1.066169386144277254e-01,6.985503579701947130e-01,2.450139829837725824e-01,-7.423192599999999253e-01,1.081404772211652099e-01,3.114849508483207852e-01,2.727885582997714997e-01,7.629150371568291789e-01,3.984439854646914525e-01,1.925441289078938523e-01,5.584073851232698171e-01,7.807302290794406741e-01,1.567977421957595929e-01,7.716445804169963507e-01,3.287875825178045996e-01,6.095702981799810960e-01,1.000000000000000000e+00,-5.785497215032341378e-01,5.888593002850487368e-01,-2.807858424383528062e-01,6.485786483782228773e-01,-2.246306237043808884e-01,5.672249382551580732e-01,-3.552286068461206203e-01,7.189127760864548744e-01,-1.712739489059516007e-01,7.811078138948249761e-01,-2.775134651414352671e-01,-4.016299980110040607e-02,-5.860842231699492366e-01,5.801037355428888542e-01,6.440816784230738445e-01,5.633932841923957602e-01,5.943247797994835047e-01,3.729625196122854369e-01,5.771944840216061690e-02
8.174127275082209154e-01,-6.474518201394581229e-01,-1.712830905151551675e-01,-5.435138767552120109e-01,-7.361858950618797026e-01,-3.039483294832742155e-01,8.097735800000001039e-01,-5.776644277393225835e-01,-9.056766515760257263e-01,-1.186816907103847019e-01,-7.596601260047604054e-01,-7.760981287899687553e-01,3.816600014176210753e-02,-4.455086030750121107e-01,-7.460146330314332275e-01,-7.572645279339768054e-02,-6.802194848708422725e-01,-7.968513711281344225e-02,-1.551058954874909857e-01,-5.785497215032341378e-01,1.000000000000000000e+00,-6.896951343831516645e-01,-5.304108356605845565e-01,-8.182272629475307868e-01,3.319729702015883355e-01,-8.188999933942475717e-01,3.892590865279814405e-02,-3.003651475312219543e-01,-1.993624610367955574e-01,-7.480003261830132644e-01,4.604302112792466595e-01,1.188244196385304929e-01,-1.248657143387869317e-01,-6.035775161396188526e-01,-8.344342502936837880e-01,9.753258843242684772e-02,-1.113572885741599822e-01,-6.233654837227920603e-02,1.436394970041204866e-02
-5.339197316923478542e-01,3.834495765699155734e-01,3.607722855953575114e-01,3.254309923529435933e-01,4.183495548705587486e-01,3.636067037436169214e-01,-5.877076199999999861e-01,-8.584481561029558283e-02,4.213298638678051877e-01,-1.336759945302346819e-01,6.004760361519423384e-01,3.474785650031702589e-01,2.353388495500992328e-01,6.341682404641770798e-01,5.755827251781234777e-01,3.513042894511683167e-01,4.317650416467652685e-01,2.568339640484895714e-01,-1.133003948805555716e-01,5.888593002850487368e-01,-6.896951343831516645e-01,1.000000000000000000e+00,4.231628280233780681e-01,5.232091383646632066e-01,-5.575873149396681772e-01,5.397487710905449765e-01,2.039246340698087079e-01,4.601310816607089293e-01,-2.513245727838766541e-01,6.922949495876301595e-01,1.545572972535308176e-01,-2.131466072913318077e-01,-1.793160077132953667e-01,2.041759737031259014e-01,4.781114557209957816e-01,1.969559305955126960e-01,4.041196648921767109e-01,1.897914273339404434e-01,3.864521784996516884e-01
-1.807734391779922123e-01,2.912426843112097541e-01,1.616486025613770028e-01,5.690549188758030619e-01,-5.008707211498685148e-03,1.646271107577655657e-01,-2.100079000000000251e-01,2.206009078450072991e-01,6.033904445326705446e-01,-3.864029245407892832e-01,1.067093121634622166e-01,2.912129195058522635e-01,8.379996914694144705e-02,2.658905461673211068e-01,1.109484705917773151e-01,1.083719398086305068e-02,-1.474185222351818980e-02,-1.616095246685471942e-01,-6.796174668887968728e-01,-2.807858424383528062e-01,-5.304108356605845565e-01,4.231628280233780681e-01,1.000000000000000000e+00,2.947328325450048747e-01,-4.981872242148848717e-01,4.085057914615889407e-01,3.757173454621668962e-01,-2.586925981140881237e-01,3.244950540573632303e-02,2.241250426806464247e-01,3.093370626920384503e-02,-2.090950868815034669e-01,5.269121615785113955e-01,-2.072583335288026747e-03,2.328264727636467635e-01,-5.013255645223856360e-01,-2.105592616240296588e-01,-3.921295613878315600e-01,2.760272090085522656e-01
-9.793329264660708411e-01,8.050105259703106420e-01,3.149017492666336682e-01,6.278965732233516839e-01,7.767441042226268522e-01,3.096600276264905305e-01,-9.694652200000000164e-01,4.589547723966530546e-01,7.569048435100708128e-01,3.107795810127205183e-01,8.509572928962769733e-01,7.488980498918667017e-01,3.495193165617431763e-01,5.503039740135023949e-01,9.486694370860725423e-01,-1.039198557823621388e-01,9.233233386329184889e-01,1.447613145380004518e-01,3.086693845309513295e-01,6.485786483782228773e-01,-8.182272629475307868e-01,5.232091383646632066e-01,2.947328325450048747e-01,1.000000000000000000e+00,-3.057136657342477415e-01,9.152530601110493436e-01,-4.288851706730661406e-01,4.542790880154318756e-01,1.007937894897345532e-01,8.574962211270572565e-01,-6.310298138328829243e-01,2.145245349077840036e-01,-2.646725707250050519e-01,7.080359189941110021e-01,9.568699013831951650e-01,1.866685289711337292e-01,2.788950163276381344e-01,-2.879561667471418063e-01,1.592409531510942111e-01
2.412140426878179866e-01,-6.304487109872646267e-01,-7.794527695165404113e-01,-1.662480846913175769e-01,2.018592883859610110e-01,1.353215147362365200e-01,2.895704199999999950e-01,3.512056129166661322e-01,-2.322805649941973027e-01,7.363699950846082087e-01,-3.354178839566820391e-01,2.484118185630766196e-01,-6.208043241876474161e-01,-9.146700299813343982e-01,-2.721865606584953357e-01,-4.188975249915647958e-01,-1.251497118395433483e-01,-2.149637065461743324e-01,5.506009058093611630e-01,-2.246306237043808884e-01,3.319729702015883355e-01,-5.575873149396681772e-01,-4.981872242148848717e-01,-3.057136657342477415e-01,1.000000000000000000e+00,-5.341663498699564805e-01,1.306264844277732207e-01,-1.269713200028773636e-01,8.041682850553533157e-01,-6.174080687900206366e-01,-3.740021861936769776e-01,5.722904453267012581e-01,2.249980885973640599e-01,9.322130713075851838e-02,-8.013450641246509798e-02,-2.943745424640908936e-02,-4.566850795373119110e-01,1.749010370121171221e-01,-6.626124809177620367e-01
-8.945040119120505340e-01,9.167558743391380771e-01,4.757660144315750683e-01,5.667565396485624296e-01,5.873594317852978142e-01,-1.789287418771979069e-02,-8.855170799999999565e-01,3.640346769400290561e-01,7.761611179889313927e-01,2.268510224633795563e-02,8.631806387762114285e-01,5.799964838502598141e-01,3.899439565484429937e-01,6.970529229105576485e-01,8.633603252148015494e-01,1.058048014183302493e-01,7.939967824034291910e-01,2.252660651198193364e-01,1.452920575441177531e-01,5.672249382551580732e-01,-8.188999933942475717e-01,5.397487710905449765e-01,4.085057914615889407e-01,9.152530601110493436e-01,-5.341663498699564805e-01,1.000000000000000000e+00,-4.850859158895536871e-01,3.377883669307067960e-01,-1.073040825829971179e-01,8.905644602179150215e-01,-4.335116386270546629e-01,-5.122548820405151138e-02,-2.033324706610121213e-01,4.923750065173611579e-01,8.296728780077812226e-01,2.539509597135487795e-02,3.082529120059451233e-01,-2.079404182052736472e-01,2.470095651592161545e-01
4.117901123842891420e-01,-6.548635228590216073e-01,-4.028846196774783506e-01,1.493841630051348790e-01,-1.432836424479638215e-01,4.437874120516578924e-01,3.580361800000000372e-01,-1.797692277252474213e-01,-1.518563155926433983e-01,-6.838055769949026585e-02,-4.932876227975271366e-01,2.418525840686458310e-03,-3.544141223391572004e-01,-3.487880665386482448e-01,-4.017057389413383750e-01,4.520666695447910638e-02,-4.680074961974653447e-01,-2.926724498619507897e-01,-4.219103391995038810e-01,-3.552286068461206203e-01,3.892590865279814405e-02,2.039246340698087079e-01,3.757173454621668962e-01,-4.288851706730661406e-01,1.306264844277732207e-01,-4.850859158895536871e-01,1.000000000000000000e+00,-1.445730372774796102e-01,2.285215530061027733e-01,-4.162386087368601384e-01,4.339745875625253824e-01,2.349142208402241194e-02,4.474648561599486318e-01,-2.663795387491935118e-01,-3.038676062816962897e-01,-1.478212262444954239e-01,-1.451384173074972139e-01,1.839134782564092185e-01,6.559663021736848731e-02
-5.678336415526378245e-01,2.349595699847511765e-01,4.885606637156533760e-01,3.043725888614379760e-01,6.248459613363490650e-01,2.759400955377321885e-01,-6.316285400000000161e-01,-6.082170195679441338e-02,-6.814297076621866900e-02,4.467080817646550961e-01,6.576071912134788811e-01,2.647716108027647341e-01,4.983860224257264382e-01,4.284187323034865935e-01,6.233703761333608817e-01,-1.459735262299183545e-01,7.029345252388534693e-01,-2.475222399348368796e-01,4.391775895593886259e-01,7.189127760864548744e-01,-3.003651475312219543e-01,4.601310816607089293e-01,-2.586925981140881237e-01,4.542790880154318756e-01,-1.269713200028773636e-01,3.377883669307067960e-01,-1.445730372774796102e-01,1.000000000000000000e+00,-1.843256601975818976e-01,6.619724290316383319e-01,-1.454186122738231612e-01,3.069634388880062570e-01,-7.912965223781898150e-01,5.786920348608258768e-01,5.132017663094415871e-01,8.676582409208817293e-01,8.407580116744126641e-01,1.481383217341155842e-02,4.158829041243907176e-01
-1.204091847121061265e-01,-3.140585061731545613e-01,-7.710514991230992266e-01,2.555234246052914271e-01,4.858701458003684692e-01,3.081899304522323080e-01,-6.661636000000004110e-02,7.062943052305976632e-01,3.372175847662851611e-01,7.174275840773468582e-01,-6.257109561018903143e-02,6.910877324663781129e-01,-6.658629308466653685e-01,-7.572157471164797649e-01,2.959169043042565728e-02,-4.250277638322239593e-01,1.166508066782202535e-01,-2.383991222627080964e-01,4.108038503622822857e-01,-1.712739489059516007e-01,-1.993624610367955574e-01,-2.513245727838766541e-01,3.244950540573632303e-02,1.007937894897345532e-01,8.041682850553533157e-01,-1.073040825829971179e-01,2.285215530061027733e-01,-1.843256601975818976e-01,1.000000000000000000e+00,-3.340564505400421269e-01,-6.138045476069409201e-01,5.390129500375306915e-01,5.184650600185199965e-01,3.174330011025743303e-01,3.251486855829535116e-01,-3.049595737843742160e-01,-5.854547964919847303e-01,2.198261835609738313e-02,-6.460313733605026476e-01
-8.731545081425654553e-01,8.394837278573790140e-01,6.728972434575566375e-01,4.483409119561180267e-01,6.070245924877188948e-01,1.296968069811857416e-01,-8.991718600000000450e-01,1.536584486050041609e-01,5.424477916992608284e-01,2.252041343898662784e-02,9.126166747908177612e-01,4.232323783615970503e-01,5.510071588773742812e-01,8.430595154277999992e-01,8.791398933788588943e-01,1.176593110876629072e-01,8.371041247373945948e-01,1.337652902993804183e-01,1.860835122905026007e-01,7.811078138948249761e-01,-7.480003261830132644e-01,6.922949495876301595e-01,2.241250426806464247e-01,8.574962211270572565e-01,-6.174080687900206366e-01,8.905644602179150215e-01,-4.162386087368601384e-01,6.619724290316383319e-01,-3.340564505400421269e-01,1.000000000000000000e+00,-2.808723843686543598e-01,-9.253326765110195251e-02,-5.080164204545303264e-01,5.806760833452252468e-01,7.675009199741011923e-01,3.910803840344282967e-01,6.269164684043184721e-01,-1.103335986697858984e-01,4.181396326612930592e-01
6.165273585932135036e-01,-3.725081336105259266e-01,1.943240676744071027e-01,-3.298201112282126979e-01,-6.878708544773870504e-01,-2.421235281399881645e-01,5.529547599999999896e-01,-8.466250486013635612e-01,-5.865750943189280697e-01,-6.265710446766670216e-01,-4.689458536450948900e-01,-7.183040779198450743e-01,1.520679370719357770e-01,1.603626152878599997e-01,-5.024688641081516138e-01,4.993622850925637513e-01,-6.364110563109196539e-01,1.789762365851770010e-01,-5.611619876837736776e-01,-2.775134651414352671e-01,4.604302112792466595e-01,1.545572972535308176e-01,3.093370626920384503e-02,-6.310298138328829243e-01,-3.740021861936769776e-01,-4.335116386270546629e-01,4.339745875625253824e-01,-1.454186122738231612e-01,-6.138045476069409201e-01,-2.808723843686543598e-01,1.000000000000000000e+00,-4.004880115410459629e-01,-6.392002351544545657e-02,-8.051564092641363413e-01,-7.083897451159621994e-01,1.540525879049720439e-03,2.192582622698058537e-01,2.818474491145880889e-01,4.088115331599839197e-01
-2.579189371844416434e-01,-2.380583173119153462e-01,-3.598900622606722721e-01,5.219872696445624349e-01,4.452572677222741415e-01,3.835105740883314462e-01,-2.663098000000000409e-01,9.392026538432152183e-02,-1.443072263851524484e-01,8.376831821366168551e-01,3.048456129114371013e-02,4.618201219964933046e-01,1.599237115109520824e-01,-3.836065712172621600e-01,2.947242453971130050e-01,-4.609128768726924452e-01,3.835310714012671873e-01,-2.531664702450943660e-01,3.889800594345048101e-01,-4.016299980110040607e-02,1.188244196385304929e-01,-2.131466072913318077e-01,-2.090950868815034669e-01,2.145245349077840036e-01,5.722904453267012581e-01,-5.122548820405151138e-02,2.349142208402241194e-02,3.069634388880062570e-01,5.390129500375306915e-01,-9.253326765110195251e-02,-4.004880115410459629e-01,1.000000000000000000e+00,-2.692163173180533997e-01,2.836441496626322945e-01,3.608474409297561802e-01,3.923428503530725364e-01,9.497683908314143164e-02,-4.098669685571388333e-01,7.475881430403995276e-02
3.478131999548854658e-01,-2.520548297711197039e-01,-5.648065599277495297e-01,-5.186397695060596114e-02,-2.240467574417827346e-01,-7.884517842418614642e-03,3.974538599999999366e-01,4.537304632333589716e-01,3.947886901946532356e-01,-2.224020345156784983e-01,-4.202928606790609645e-01,1.540564802306191583e-01,-7.336888486120860531e-01,-5.151796867868685403e-01,-4.664381783993649111e-01,1.811038941058606966e-04,-5.156444851271748675e-01,-7.067390152621599864e-02,-3.666634682897870756e-01,-5.860842231699492366e-01,-1.248657143387869317e-01,-1.793160077132953667e-01,5.269121615785113955e-01,-2.646725707250050519e-01,2.249980885973640599e-01,-2.033324706610121213e-01,4.474648561599486318e-01,-7.912965223781898150e-01,5.184650600185199965e-01,-5.080164204545303264e-01,-6.392002351544545657e-02,-2.692163173180533997e-01,1.000000000000000000e+00,-2.355390501366238509e-01,-2.072325612484385293e-01,-8.965518874273796790e-01,-8.649594054765685769e-01,8.368970040192369453e-02,-5.351188335534757812e-01
-7.312783873821390168e-01,4.210433903107813625e-01,1.594717644988301042e-01,3.911314613266016482e-01,8.065209297557370816e-01,4.847701249891361863e-01,-7.204050399999999410e-01,6.711076588512506769e-01,5.046520847516694497e-01,5.495554976291007199e-01,6.584206913202198530e-01,6.576104827302128308e-01,9.214891575716241401e-02,1.667416784439130772e-01,6.430037999013731298e-01,-4.084606866386237822e-01,7.785188620368502788e-01,-3.608674555038234866e-01,4.751922089572493402e-01,5.801037355428888542e-01,-6.035775161396188526e-01,2.041759737031259014e-01,-2.072583335288026747e-03,7.080359189941110021e-01,9.322130713075851838e-02,4.923750065173611579e-01,-2.663795387491935118e-01,5.786920348608258768e-01,3.174330011025743303e-01,5.806760833452252468e-01,-8.051564092641363413e-01,2.836441496626322945e-01,-2.355390501366238509e-01,1.000000000000000000e+00,7.739947195387112400e-01,3.959121230515159073e-01,2.362068158180369859e-01,-2.088868263036094686e-01,-1.295640857787124234e-01
-9.745682862688059833e-01,6.456856583732722976e-01,1.371913542475061143e-01,6.785471300331438194e-01,9.152465963703334539e-01,3.665212391868811759e-01,-9.629841599999999779e-01,5.714104257465980607e-01,7.442627064540231485e-01,5.258483592072754620e-01,8.347887250559981043e-01,8.865532683339998332e-01,1.824783844065848148e-01,3.485603056227880581e-01,9.343041934620750499e-01,-1.886038429442002673e-01,9.410689437624271125e-01,2.782303978175294790e-02,4.564248813736743737e-01,6.440816784230738445e-01,-8.344342502936837880e-01,4.781114557209957816e-01,2.328264727636467635e-01,9.568699013831951650e-01,-8.013450641246509798e-02,8.296728780077812226e-01,-3.038676062816962897e-01,5.132017663094415871e-01,3.251486855829535116e-01,7.675009199741011923e-01,-7.083897451159621994e-01,3.608474409297561802e-01,-2.072325612484385293e-01,7.739947195387112400e-01,1.000000000000000000e+00,2.122218994019380023e-01,2.443744798426582820e-01,-1.886317341817613236e-01,3.673455322283042390e-02
-2.905419475315054179e-01,-8.451935529792235086e-03,3.840023141856773736e-01,1.251437349175970049e-01,3.450579048555262873e-01,2.986433674121122261e-01,-3.529022200000000442e-01,-3.409217656067860536e-01,-4.220701789623255151e-01,3.951556130551893697e-01,3.329806656596786540e-01,-3.535065106576872063e-02,5.608268693728215570e-01,3.106227145509490306e-01,3.899431603759322407e-01,-1.502139722268689415e-01,4.768537160845341960e-01,-1.656399162899239996e-01,3.826630892780915616e-01,5.633932841923957602e-01,9.753258843242684772e-02,1.969559305955126960e-01,-5.013255645223856360e-01,1.866685289711337292e-01,-2.943745424640908936e-02,2.539509597135487795e-02,-1.478212262444954239e-01,8.676582409208817293e-01,-3.049595737843742160e-01,3.910803840344282967e-01,1.540525879049720439e-03,3.923428503530725364e-01,-8.965518874273796790e-01,3.959121230515159073e-01,2.122218994019380023e-01,1.000000000000000000e+00,8.329915097941208435e-01,-3.290791740871382154e-02,4.382008510292875747e-01
-3.825782724638133736e-01,2.824721938938004051e-01,6.537346472668825736e-01,2.588024501356743778e-01,2.603315189038922783e-01,4.606501948106055816e-02,-4.580659999999999732e-01,-4.515179486492320038e-01,-2.459345346814387767e-01,5.029524307740834005e-02,4.674382754659781036e-01,-9.067715209013448019e-02,7.152692153722777224e-01,6.603971617924524473e-01,4.854149741811314422e-01,1.490217254357364407e-01,4.866939608297213837e-01,-6.677504443311907401e-02,1.566327390453262913e-01,5.943247797994835047e-01,-1.113572885741599822e-01,4.041196648921767109e-01,-2.105592616240296588e-01,2.788950163276381344e-01,-4.566850795373119110e-01,3.082529120059451233e-01,-1.451384173074972139e-01,8.407580116744126641e-01,-5.854547964919847303e-01,6.269164684043184721e-01,2.192582622698058537e-01,9.497683908314143164e-02,-8.649594054765685769e-01,2.362068158180369859e-01,2.443744798426582820e-01,8.329915097941208435e-01,1.000000000000000000e+00,7.399210342154551034e-03,6.881105125230481123e-01
1.631654215395623719e-01,-2.570864046226381538e-01,-2.854494987420426733e-01,-4.889267273539513736e-01,6.712572856925787257e-02,-1.701440402399218843e-01,1.860208800000000551e-01,-7.606591003739031354e-02,-7.979418588754791375e-02,-3.775459237813393737e-02,-2.300350149933354585e-02,-6.324751762195440774e-02,-5.976080199887492395e-01,-1.301868632722624208e-01,-1.256155125518519378e-01,4.444941430335146437e-01,-1.771092179814401646e-01,4.200491924090882234e-01,3.962451675334748846e-01,3.729625196122854369e-01,-6.233654837227920603e-02,1.897914273339404434e-01,-3.921295613878315600e-01,-2.879561667471418063e-01,1.749010370121171221e-01,-2.079404182052736472e-01,1.839134782564092185e-01,1.481383217341155842e-02,2.198261835609738313e-02,-1.103335986697858984e-01,2.818474491145880889e-01,-4.098669685571388333e-01,8.368970040192369453e-02,-2.088868263036094686e-01,-1.886317341817613236e-01,-3.290791740871382154e-02,7.399210342154551034e-03,1.000000000000000000e+00,-4.336188663830600754e-01
-1.508507322769264691e-01,2.382971097468659372e-01,6.075360528740552102e-01,3.966667131835326376e-01,-1.407668690664818367e-01,5.682731502386673128e-02,-2.402856199999999776e-01,-6.105486385099552216e-01,-2.190997209967641690e-01,-2.892351581869265775e-01,1.755784098417531858e-01,-2.444517979769978144e-01,8.567129604263642451e-01,6.475666250431392212e-01,2.452314169214982464e-01,1.560387896331467683e-01,1.650668240534400033e-01,-8.978142905458717793e-02,-4.357611267176514369e-01,5.771944840216061690e-02,1.436394970041204866e-02,3.864521784996516884e-01,2.760272090085522656e-01,1.592409531510942111e-01,-6.626124809177620367e-01,2.470095651592161545e-01,6.559663021736848731e-02,4.158829041243907176e-01,-6.460313733605026476e-01,4.181396326612930592e-01,4.088115331599839197e-01,7.475881430403995276e-02,-5.351188335534757812e-01,-1.295640857787124234e-01,3.673455322283042390e-02,4.382008510292875747e-01,6.881105125230481123e-01,-4.336188663830600754e-01,1.000000000000000000e+00
