1.000000000000000000e+00,-8.253965088282618767e-01,8.024164752438950332e-01,9.881871313114120106e-03,5.014120962231319867e-01,-7.489293000000000200e-01,-1.994637963981745962e-02,-8.807382651005806196e-01,3.015090616073609064e-01,-6.907458654090674610e-01,-3.713601906148374099e-02,1.147703039800232888e-01,-3.200085034716450005e-01,-4.745969078899947013e-01,-2.475802269038882009e-01,3.826260228325779056e-01,4.253163455893709671e-02,3.389112695239822337e-02,-4.659563675628572432e-01,-4.178440347121806231e-01,6.997547069474034931e-01,-2.484285978803247863e-01,-7.692929843560865066e-01,-7.128570267686365480e-02,-6.281422694294981623e-02,-8.565914934976268658e-01,6.873315777707037499e-01,-7.718180508120831007e-01,-4.220483795385632786e-01,-1.750397896313064527e-01,5.017370670173642022e-01,-7.392289700037281142e-01,-6.788093224322727659e-01,6.512536834910891415e-01,4.094485562035328763e-01,8.174436379955728194e-02,2.812657529268486334e-01,-3.885656429963907366e-02,7.152503318006295796e-01
-8.253965088282618767e-01,1.000000000000000000e+00,-5.791850407910282827e-01,-3.782942091901260739e-01,-5.684952831978977716e-01,4.863761399999999568e-01,-4.267805763757601123e-01,6.905808847999937994e-01,-1.707146707466898339e-01,3.880531759868478536e-01,1.963630826570971211e-01,5.772153947949601460e-02,5.587623983054037513e-01,8.280775299655482313e-02,3.132983520588685789e-01,-1.836735745678343412e-01,-2.630803204585794863e-01,2.070859600656663746e-01,7.164020851536109236e-01,6.190614061549994940e-01,-5.474707726298032595e-01,-1.168316777050220218e-01,5.532828666754705527e-01,-1.658075311113606787e-01,-1.188354712038729444e-01,6.700221662706229431e-01,-3.049040086982722775e-01,5.480653491649759568e-01,2.816521080652847897e-01,3.908951574940180418e-01,3.459738392302802445e-02,4.244806259990440145e-01,5.795953658033137224e-01,-6.026125718888046823e-01,-3.488145695226685938e-01,2.770492804655276808e-01,-6.660695565380073679e-01,2.075084636326994803e-01,-6.286494973398161212e-01
8.024164752438950332e-01,-5.791850407910282827e-01,1.000000000000000000e+00,-1.665261450603002513e-01,2.374198714176260216e-01,-9.853060999999999625e-01,-1.661197926078241682e-01,-9.829929412433010549e-01,2.992332269838123837e-01,-9.546670801035825882e-01,3.725397493146073158e-01,5.927196837287803666e-01,-3.376277479027899320e-01,-6.668619088006646489e-01,-6.712037952640396155e-01,2.919682814965348094e-01,1.589835468311767142e-01,-1.018222862287451735e-01,-4.022071471382356322e-01,-3.064685858595027623e-01,7.583520501709714035e-01,-6.362820754985476501e-01,-5.846212875910183904e-01,-3.527274556754557699e-01,1.106603001426238880e-01,-9.797360785308640851e-01,6.606705018127192464e-01,-9.927627480786758163e-01,-7.179430048950887766e-01,2.373637964116082424e-02,5.527446544418060936e-01,-7.940479601896412998e-01,-9.364964010324476895e-01,8.451599294079469304e-01,7.201097936053899584e-01,2.694130949771025296e-01,-6.722939145278427134e-03,-9.655926858537524499e-03,9.068687702157448571e-01
9.881871313114120106e-03,-3.782942091901260739e-01,-1.665261450603002513e-01,1.000000000000000000e+00,5.206621460247908839e-01,2.412755600000000555e-01,7.439758356937170580e-01,9.021225630462570422e-02,-6.134131674926516231e-01,3.909838269196619920e-01,1.108834137290601873e-01,-4.536480867351723734e-01,1.429455082410491518e-01,7.665187885281723457e-01,-1.371191699273862918e-01,-3.936403942781506737e-01,-6.538907289975477710e-03,-5.092333853203523386e-01,-1.127460974492573847e-01,-7.007196373902131459e-01,1.325777357227981290e-01,1.409336423609539035e-01,4.198644245879533665e-01,7.604982307124650287e-01,7.026339992700356696e-01,1.518448018674118383e-01,-6.587137009049123249e-01,1.439451606596005850e-01,-1.032119878639867760e-01,-3.885688498338632502e-01,-5.696004814653152781e-01,2.066624112433513294e-01,-9.639147885239177094e-02,1.656077931402951120e-01,2.993048505798570624e-01,-8.262124404437577452e-01,6.315360857020093643e-01,-5.089487117347573086e-01,1.857793149574706315e-01
5.014120962231319867e-01,-5.684952831978977716e-01,2.374198714176260216e-01,5.206621460247908839e-01,1.000000000000000000e+00,-1.264610999999999930e-01,2.538385348620506021e-01,-2.839312750225419513e-01,1.220626156997261028e-02,3.389658512400584023e-03,9.208058491399606638e-02,-4.551329599662335412e-01,-1.228958491521264518e-01,2.739983137539621083e-01,3.670915494128785400e-02,-3.514710468534480436e-01,3.814565132933012137e-02,-4.294894401703539533e-01,-1.870369909135734809e-01,-6.573578328779315916e-01,5.386143758209556154e-01,-4.359127376961965949e-02,-1.383476341271663024e-01,6.337075386538321142e-01,3.919362334036717299e-01,-2.086998195599890638e-01,-9.155098633862984725e-02,-2.021909522885930732e-01,-3.999095525642700211e-01,-4.671848315678365782e-01,3.501254037427248278e-02,-3.491264760822749835e-01,-2.986189798766281656e-01,1.579323070792833239e-01,3.157992589949109030e-01,-5.995996697216822158e-01,5.756049327992924791e-01,-3.397350394144680319e-01,4.070976634271535333e-01
-7.489293000000000200e-01,4.863761399999999568e-01,-9.853060999999999625e-01,2.412755600000000555e-01,-1.264610999999999930e-01,1.000000000000000000e+00,2.534703000000000372e-01,9.614569200000000482e-01,-2.658686799999999684e-01,9.854098200000001029e-01,-4.330382200000000292e-01,-6.480429599999999457e-01,2.515818599999999350e-01,7.456079799999999480e-01,6.678641999999999079e-01,-3.266468599999999833e-01,-1.507026599999999883e-01,1.759617999999996130e-02,2.966551200000000499e-01,2.346107799999999077e-01,-7.100983000000000711e-01,6.985038199999999975e-01,5.630227599999999555e-01,4.099273800000000634e-01,-4.695479999999996323e-02,9.628269799999999989e-01,-6.781760199999999905e-01,9.927083599999999564e-01,7.123825200000000191e-01,-5.609936000000004253e-02,-5.869536600000000437e-01,8.161059399999999187e-01,9.120846400000000020e-01,-8.269216999999999818e-01,-7.293277599999999916e-01,-3.875549600000000039e-01,1.502119200000000543e-01,-5.732120000000007209e-03,-8.851632400000000178e-01
-1.994637963981745962e-02,-4.267805763757601123e-01,-1.661197926078241682e-01,7.439758356937170580e-01,2.538385348620506021e-01,2.534703000000000372e-01,1.000000000000000000e+00,8.224696683644298900e-02,-2.710204975442747077e-01,3.394222769434366849e-01,-3.206652471675981997e-01,-1.414189393388121108e-01,-2.538220895306327884e-01,6.715426643407896856e-01,-2.039962085160774152e-01,4.072587883567756195e-02,1.167921162261913864e-01,-3.720553325809237144e-01,-4.789911033322657996e-01,-5.057605895851354783e-01,-3.516744421209952454e-02,4.560513534983739459e-01,2.389659583408159926e-01,2.886370456019003994e-01,5.131757028351310312e-01,8.089587110501486600e-02,-4.524528746053821937e-01,1.729879895687150282e-01,2.573551688596815157e-01,-1.053346417485140490e-01,-6.311035350744973460e-01,4.735241809706840499e-01,-1.306761366930517254e-02,2.639691578735144373e-01,-2.739221702959155139e-02,-7.253174853163398828e-01,6.764169021222461442e-01,-3.727941992909093449e-01,-1.070327384583213796e-02
-8.807382651005806196e-01,6.905808847999937994e-01,-9.829929412433010549e-01,9.021225630462570422e-02,-2.839312750225419513e-01,9.614569200000000482e-01,8.224696683644298900e-02,1.000000000000000000e+00,-2.724244179090653528e-01,9.205500876067381766e-01,-2.627639491222260593e-01,-5.145119879094948168e-01,3.575335281062124171e-01,6.283506595625298896e-01,6.247676835440404419e-01,-3.500877681565169874e-01,-1.437627639755798825e-01,7.260707814573497121e-02,4.647419029315923988e-01,3.625276573649764411e-01,-7.460718004849289375e-01,5.369258053457810487e-01,6.347282965283365108e-01,3.040730093517121646e-01,-8.686493307255091501e-02,9.941576682241864971e-01,-6.768730844658604751e-01,9.750999160244819830e-01,6.462062095462548506e-01,1.136635988634221439e-02,-5.100844853771405729e-01,7.781999212181897052e-01,9.163479751625678293e-01,-8.606732536553109991e-01,-6.748983952575934309e-01,-2.203170370914412091e-01,-8.908626551798221049e-02,2.862259561128882579e-02,-8.984377006763086815e-01
3.015090616073609064e-01,-1.707146707466898339e-01,2.992332269838123837e-01,-6.134131674926516231e-01,1.220626156997261028e-02,-2.658686799999999684e-01,-2.710204975442747077e-01,-2.724244179090653528e-01,1.000000000000000000e+00,-3.439423350788708422e-01,-3.638233363171488599e-01,2.712562492069634512e-01,-6.120139246582080306e-01,-4.933663656157015742e-01,9.333031110949992215e-02,2.921118792356479643e-01,4.108705260356722011e-01,3.007444141587389264e-01,-4.353023612906625206e-01,1.926370992352315903e-01,2.222787911474642386e-01,1.604251429661018025e-01,-7.177192794009499277e-01,-5.263315165529591777e-01,-4.451152807422287805e-01,-3.132209678404528908e-01,6.519583505597261741e-01,-2.241072813943160713e-01,1.029321616062536943e-01,1.524952243249822793e-02,3.561016929708732404e-01,-2.052943145051143170e-01,-6.290816236000518202e-02,8.911336509848832854e-02,-2.582263966609339989e-01,2.418414430227404099e-01,-7.503247437360996419e-02,-1.742614776273151631e-02,-9.542417985365808999e-03
-6.907458654090674610e-01,3.880531759868478536e-01,-9.546670801035825882e-01,3.909838269196619920e-01,3.389658512400584023e-03,9.854098200000001029e-01,3.394222769434366849e-01,9.205500876067381766e-01,-3.439423350788708422e-01,1.000000000000000000e+00,-3.839281978873433365e-01,-7.188099594275096926e-01,2.571160421432793219e-01,8.322920649733420717e-01,6.312369002710632726e-01,-4.091512706352550821e-01,-1.578782916645307677e-01,-9.299362491778934148e-02,2.640251768636019403e-01,1.043954744649408517e-01,-6.280970063278216164e-01,6.806751369946192343e-01,5.918314937030094702e-01,5.426251549923111206e-01,7.235772149417624144e-02,9.358617057133701289e-01,-7.474417588021280423e-01,9.601722375228731732e-01,6.306746735142684246e-01,-1.381139028371900501e-01,-6.294755686994405464e-01,7.829645231906305902e-01,8.429412172716868046e-01,-7.740287960506231357e-01,-6.373847088809566630e-01,-5.110322975480320329e-01,2.672415141295632068e-01,-7.722293747774798545e-02,-7.971590622331646836e-01
-3.713601906148374099e-02,1.963630826570971211e-01,3.725397493146073158e-01,1.108834137290601873e-01,9.208058491399606638e-02,-4.330382200000000292e-01,-3.206652471675981997e-01,-2.627639491222260593e-01,-3.638233363171488599e-01,-3.839281978873433365e-01,1.000000000000000000e+00,2.600504261405974793e-01,4.233970078309289287e-01,-1.826900508454896155e-01,-4.561535581027422737e-01,-4.287258923764020180e-01,-2.160444682267959049e-02,-3.096363528765675444e-01,4.604951782180423114e-01,-2.333947670005626085e-01,4.495821842294714932e-01,-8.774163646284413032e-01,2.966501689451408463e-01,1.952766167699111488e-01,4.282126996745487801e-01,-2.170712758320884617e-01,-1.867210612999971042e-01,-4.378059550225088525e-01,-8.182074708688511500e-01,-1.667299556354615575e-01,2.380299970807764343e-01,-5.159347174673796221e-01,-5.113111749145874407e-01,2.829416337397586134e-01,8.243353732288615232e-01,1.247949029580539548e-01,-3.835411455651964729e-01,-2.171757533037665944e-01,5.744928781267039097e-01
1.147703039800232888e-01,5.772153947949601460e-02,5.927196837287803666e-01,-4.536480867351723734e-01,-4.551329599662335412e-01,-6.480429599999999457e-01,-1.414189393388121108e-01,-5.145119879094948168e-01,2.712562492069634512e-01,-7.188099594275096926e-01,2.600504261405974793e-01,1.000000000000000000e+00,-2.731336976663958360e-01,-6.090512257781610650e-01,-7.295031308210117027e-01,4.026038606137996578e-01,1.625050830539999103e-01,3.358438731436680369e-02,-2.521157878752388060e-01,2.174580525995074565e-01,1.603008521424814370e-01,-4.896950961910532252e-01,-1.631545119723963044e-01,-8.310497185276829457e-01,7.890254928297230075e-02,-5.749448958994393122e-01,4.748872914524176481e-01,-6.117323344201407442e-01,-2.807654722734022612e-01,5.842735869091774115e-01,3.139117349196905993e-01,-1.758783678078449375e-01,-5.652842938714781607e-01,6.374158593374735782e-01,3.633509525314577160e-01,4.372828494676133104e-01,-3.838293742527048025e-01,1.273304631668127629e-01,3.971783636645078164e-01
-3.200085034716450005e-01,5.587623983054037513e-01,-3.376277479027899320e-01,1.429455082410491518e-01,-1.228958491521264518e-01,2.515818599999999350e-01,-2.538220895306327884e-01,3.575335281062124171e-01,-6.120139246582080306e-01,2.571160421432793219e-01,4.233970078309289287e-01,-2.731336976663958360e-01,1.000000000000000000e+00,1.659488368316102691e-01,3.511661650735952156e-01,-1.006692918231335970e-01,-5.752153706535048094e-01,2.173676245045367272e-01,9.008534011704275590e-01,4.667251146900029679e-02,-8.059852851958110298e-02,-3.708628653285780397e-01,4.316605754238045933e-01,3.387494817002862368e-01,9.826494142666286624e-02,4.042391153049633701e-01,-2.967533575946302848e-01,2.771084803550710740e-01,1.760863118123998095e-02,6.680032144854089471e-03,2.127711243530409913e-01,-2.283435035686098846e-02,3.083868626027459481e-01,-2.870974155628073232e-01,5.255575761081807129e-02,1.046721790797866258e-01,-5.134252065164074397e-01,-1.551540988257905929e-01,-2.174178570448692116e-01
-4.745969078899947013e-01,8.280775299655482313e-02,-6.668619088006646489e-01,7.665187885281723457e-01,2.739983137539621083e-01,7.456079799999999480e-01,6.715426643407896856e-01,6.283506595625298896e-01,-4.933663656157015742e-01,8.322920649733420717e-01,-1.826900508454896155e-01,-6.090512257781610650e-01,1.659488368316102691e-01,1.000000000000000000e+00,2.349837262664538629e-01,-4.605319317749890229e-01,-1.042359525823159799e-01,-4.121444580401016355e-01,2.136820917907858788e-02,-2.977887165445959328e-01,-2.980519132887787248e-01,4.814017811564701987e-01,6.333662295218123184e-01,6.764203273730658994e-01,5.143946646488973817e-01,6.615650411150135746e-01,-8.527892186791495854e-01,6.697911100896939418e-01,3.276155333607866371e-01,-2.035639055408927922e-01,-6.980431143481117262e-01,6.765206051276680954e-01,4.427151816747166291e-01,-3.592863739743402673e-01,-2.455733040252141008e-01,-8.134792933073052845e-01,5.471783772871375850e-01,-2.892585823218120633e-01,-4.053847209285633690e-01
-2.475802269038882009e-01,3.132983520588685789e-01,-6.712037952640396155e-01,-1.371191699273862918e-01,3.670915494128785400e-02,6.678641999999999079e-01,-2.039962085160774152e-01,6.247676835440404419e-01,9.333031110949992215e-02,6.312369002710632726e-01,-4.561535581027422737e-01,-7.295031308210117027e-01,3.511661650735952156e-01,2.349837262664538629e-01,1.000000000000000000e+00,-7.365616054668140678e-02,-3.268180446644091131e-01,3.437708780076184634e-01,4.218413550579069304e-01,3.156106645763717689e-01,-3.332294488795545795e-01,5.187600988445076888e-01,-5.227246474281533467e-02,3.269462142863111542e-01,-4.555834865524143740e-01,6.467721577843873471e-01,-8.252509983670740235e-02,6.956376156604814343e-01,5.784173979323777859e-01,-1.991883772883281944e-01,7.365362555805045341e-02,2.419914650898284947e-01,8.130425540745132018e-01,-7.797712317891950518e-01,-7.418403716940699111e-01,-1.585810534005291719e-02,-6.217056968622775015e-02,2.570584754037244513e-02,-7.243050754362214683e-01
3.826260228325779056e-01,-1.836735745678343412e-01,2.919682814965348094e-01,-3.936403942781506737e-01,-3.514710468534480436e-01,-3.266468599999999833e-01,4.072587883567756195e-02,-3.500877681565169874e-01,2.921118792356479643e-01,-4.091512706352550821e-01,-4.287258923764020180e-01,4.026038606137996578e-01,-1.006692918231335970e-01,-4.605319317749890229e-01,-7.365616054668140678e-02,1.000000000000000000e+00,-4.542322963457182117e-02,6.890735989355610824e-01,-1.980215251005432719e-01,1.042797299135786449e-01,-3.225027859126314463e-03,4.981269109462630601e-02,-5.170082417424620713e-01,-6.551240092186421116e-01,-4.985737076334328943e-01,-4.144322060845806455e-01,6.282245452297857691e-01,-2.689593970348143626e-01,3.842188657332449853e-01,3.184795007313352411e-01,3.142598750153805520e-01,-1.111445117031671925e-01,-5.656436640589537768e-02,3.396578321494113095e-01,-2.170865663262893097e-01,4.919970414595629116e-01,-2.818865604922626278e-01,1.782095245386707272e-01,-2.008333044978058077e-02
4.253163455893709671e-02,-2.630803204585794863e-01,1.589835468311767142e-01,-6.538907289975477710e-03,3.814565132933012137e-02,-1.507026599999999883e-01,1.167921162261913864e-01,-1.437627639755798825e-01,4.108705260356722011e-01,-1.578782916645307677e-01,-2.160444682267959049e-02,1.625050830539999103e-01,-5.752153706535048094e-01,-1.042359525823159799e-01,-3.268180446644091131e-01,-4.542322963457182117e-02,1.000000000000000000e+00,7.282466610139329277e-02,-4.068816738916296027e-01,-1.647484006850810090e-01,-5.626944018629582989e-02,1.196908231882587714e-01,-2.509279530241371736e-01,-1.277185157843006569e-01,-1.207043631284503704e-01,-1.679598561627939635e-01,-1.200623426826602871e-04,-1.476829197553328754e-01,-6.255945854659920868e-02,-2.917857974956143963e-01,-3.756636511453382843e-01,-5.607261624137016565e-02,-1.606872784442308078e-01,1.904207152609619091e-01,1.447464657724308601e-01,-7.740593396838911511e-02,3.773745288868620568e-02,-2.394858847485465125e-01,1.738268601732730623e-01
3.389112695239822337e-02,2.070859600656663746e-01,-1.018222862287451735e-01,-5.092333853203523386e-01,-4.294894401703539533e-01,1.759617999999996130e-02,-3.720553325809237144e-01,7.260707814573497121e-02,3.007444141587389264e-01,-9.299362491778934148e-02,-3.096363528765675444e-01,3.358438731436680369e-02,2.173676245045367272e-01,-4.121444580401016355e-01,3.437708780076184634e-01,6.890735989355610824e-01,7.282466610139329277e-02,1.000000000000000000e+00,2.935282839711829128e-01,2.112350818705038824e-01,-2.179369423005330653e-01,9.381475789198952253e-02,-3.552280915700376518e-01,-4.008433253265587526e-01,-7.933153637028107497e-01,2.741241358608876438e-02,4.111349563310968125e-01,1.180681542982204568e-01,5.100144732862385011e-01,-8.483608923261236681e-03,2.116102311577887640e-01,-9.303266355694411738e-02,3.773576530285342456e-01,-1.993369954017561729e-01,-3.900589915963295629e-01,6.221556151648975908e-01,-6.253816149415245551e-01,5.680820488532214996e-02,-3.532961778123666630e-01
-4.659563675628572432e-01,7.164020851536109236e-01,-4.022071471382356322e-01,-1.127460974492573847e-01,-1.870369909135734809e-01,2.966551200000000499e-01,-4.789911033322657996e-01,4.647419029315923988e-01,-4.353023612906625206e-01,2.640251768636019403e-01,4.604951782180423114e-01,-2.521157878752388060e-01,9.008534011704275590e-01,2.136820917907858788e-02,4.218413550579069304e-01,-1.980215251005432719e-01,-4.068816738916296027e-01,2.935282839711829128e-01,1.000000000000000000e+00,2.008305617702374757e-01,-1.885141552095494499e-01,-3.531498512342147733e-01,4.422303254754828550e-01,2.613044008526013151e-01,-1.186371002202862568e-01,4.979551677087827866e-01,-2.920125873299859176e-01,3.498791230380034478e-01,9.434681904901225449e-03,-6.247167146872160959e-02,1.975126664957540801e-01,-5.482401560746207048e-02,4.205483515194552990e-01,-4.965334415125787215e-01,-2.488836053483449787e-02,2.841283581846356099e-01,-6.836107596257570140e-01,-4.910396313520855316e-02,-3.204512116114358045e-01
-4.178440347121806231e-01,6.190614061549994940e-01,-3.064685858595027623e-01,-7.007196373902131459e-01,-6.573578328779315916e-01,2.346107799999999077e-01,-5.057605895851354783e-01,3.625276573649764411e-01,1.926370992352315903e-01,1.043954744649408517e-01,-2.333947670005626085e-01,2.174580525995074565e-01,4.667251146900029679e-02,-2.977887165445959328e-01,3.156106645763717689e-01,1.042797299135786449e-01,-1.647484006850810090e-01,2.112350818705038824e-01,2.008305617702374757e-01,1.000000000000000000e+00,-6.045713331423687720e-01,1.371522055251792049e-01,-2.542513959743926411e-02,-5.336294059111138521e-01,-4.414217032355552406e-01,3.151171509380106817e-01,2.441366577453361053e-01,2.958262597448633735e-01,3.533458538680381844e-01,6.065309628762656224e-01,2.506247463419228882e-01,3.059021034941172834e-01,4.197340105574029478e-01,-4.166363400249280535e-01,-5.463729292144138272e-01,4.805795154184125950e-01,-4.347368496730733556e-01,5.983795508927954865e-01,-5.263524044801457524e-01
6.997547069474034931e-01,-5.474707726298032595e-01,7.583520501709714035e-01,1.325777357227981290e-01,5.386143758209556154e-01,-7.100983000000000711e-01,-3.516744421209952454e-02,-7.460718004849289375e-01,2.222787911474642386e-01,-6.280970063278216164e-01,4.495821842294714932e-01,1.603008521424814370e-01,-8.059852851958110298e-02,-2.980519132887787248e-01,-3.332294488795545795e-01,-3.225027859126314463e-03,-5.626944018629582989e-02,-2.179369423005330653e-01,-1.885141552095494499e-01,-6.045713331423687720e-01,1.000000000000000000e+00,-5.558085881352292645e-01,-4.383951936605690047e-01,1.290061234284185232e-01,2.997052423300283763e-01,-7.015550605185386646e-01,3.574109406148888168e-01,-7.422691525435591853e-01,-7.121446103536074324e-01,-3.806280317882969055e-01,5.050446483591675140e-01,-7.719521983421676614e-01,-7.363054010571434826e-01,6.268591388826471045e-01,6.814460336325788292e-01,-4.453055873526681752e-02,1.421545067673297691e-01,-4.136374544329844416e-01,7.872692658519437892e-01
-2.484285978803247863e-01,-1.168316777050220218e-01,-6.362820754985476501e-01,1.409336423609539035e-01,-4.359127376961965949e-02,6.985038199999999975e-01,4.560513534983739459e-01,5.369258053457810487e-01,1.604251429661018025e-01,6.806751369946192343e-01,-8.774163646284413032e-01,-4.896950961910532252e-01,-3.708628653285780397e-01,4.814017811564701987e-01,5.187600988445076888e-01,4.981269109462630601e-02,1.196908231882587714e-01,9.381475789198952253e-02,-3.531498512342147733e-01,1.371522055251792049e-01,-5.558085881352292645e-01,1.000000000000000000e+00,5.281439304120823762e-03,1.335672029417138973e-01,-2.732262466115732980e-01,5.080538688373523737e-01,-2.281799584886269605e-01,6.826644627728238879e-01,7.981585908371794380e-01,-9.863969575453719607e-02,-5.793494934459415546e-01,6.763780202741840331e-01,6.606694173382969826e-01,-4.839566410732652479e-01,-7.996349415745014344e-01,-3.407381062733394472e-01,5.002526025819902245e-01,4.534654477137040063e-02,-6.710138277306907373e-01
-7.692929843560865066e-01,5.532828666754705527e-01,-5.846212875910183904e-01,4.198644245879533665e-01,-1.383476341271663024e-01,5.630227599999999555e-01,2.389659583408159926e-01,6.347282965283365108e-01,-7.177192794009499277e-01,5.918314937030094702e-01,2.966501689451408463e-01,-1.631545119723963044e-01,4.316605754238045933e-01,6.333662295218123184e-01,-5.227246474281533467e-02,-5.170082417424620713e-01,-2.509279530241371736e-01,-3.552280915700376518e-01,4.422303254754828550e-01,-2.542513959743926411e-02,-4.383951936605690047e-01,5.281439304120823762e-03,1.000000000000000000e+00,3.774732908672729925e-01,4.696923312178638010e-01,6.459862621427598928e-01,-8.567846261836320476e-01,5.393372362175359314e-01,7.850875441660552789e-02,1.032029950517599076e-01,-5.720706797438910307e-01,5.782859742502830525e-01,3.306543238242961036e-01,-3.938756053163471327e-01,1.363701726698859397e-02,-3.309092365381434142e-01,-1.118360776006658772e-02,-2.971240117471740660e-03,-3.323185423832345498e-01
-7.128570267686365480e-02,-1.658075311113606787e-01,-3.527274556754557699e-01,7.604982307124650287e-01,6.337075386538321142e-01,4.099273800000000634e-01,2.886370456019003994e-01,3.040730093517121646e-01,-5.263315165529591777e-01,5.426251549923111206e-01,1.952766167699111488e-01,-8.310497185276829457e-01,3.387494817002862368e-01,6.764203273730658994e-01,3.269462142863111542e-01,-6.551240092186421116e-01,-1.277185157843006569e-01,-4.008433253265587526e-01,2.613044008526013151e-01,-5.336294059111138521e-01,1.290061234284185232e-01,1.335672029417138973e-01,3.774732908672729925e-01,1.000000000000000000e+00,3.850419405864367040e-01,3.906781486390855096e-01,-6.675790722352733519e-01,3.386338434084765203e-01,-1.573595346546650120e-01,-6.686743498367838656e-01,-3.721644455767746384e-01,1.047155933830547572e-02,1.761624070474794856e-01,-3.086361803420468730e-01,1.442396587651789686e-01,-6.271675387749053865e-01,4.563717112819881683e-01,-3.788201307533858309e-01,5.597730600602856058e-03
-6.281422694294981623e-02,-1.188354712038729444e-01,1.106603001426238880e-01,7.026339992700356696e-01,3.919362334036717299e-01,-4.695479999999996323e-02,5.131757028351310312e-01,-8.686493307255091501e-02,-4.451152807422287805e-01,7.235772149417624144e-02,4.282126996745487801e-01,7.890254928297230075e-02,9.826494142666286624e-02,5.143946646488973817e-01,-4.555834865524143740e-01,-4.985737076334328943e-01,-1.207043631284503704e-01,-7.933153637028107497e-01,-1.186371002202862568e-01,-4.414217032355552406e-01,2.997052423300283763e-01,-2.732262466115732980e-01,4.696923312178638010e-01,3.850419405864367040e-01,1.000000000000000000e+00,-3.522826728423335968e-02,-4.684843233612884239e-01,-1.410396798053088763e-01,-4.328073741440038313e-01,8.677996510313770728e-02,-2.035804402337340890e-01,1.392720570852004069e-01,-4.031355876737618971e-01,4.066453788333128094e-01,5.108837375616311904e-01,-7.187598848743677049e-01,4.310645632258272575e-01,-4.295779191815308762e-01,3.730328212077548278e-01
-8.565914934976268658e-01,6.700221662706229431e-01,-9.797360785308640851e-01,1.518448018674118383e-01,-2.086998195599890638e-01,9.628269799999999989e-01,8.089587110501486600e-02,9.941576682241864971e-01,-3.132209678404528908e-01,9.358617057133701289e-01,-2.170712758320884617e-01,-5.749448958994393122e-01,4.042391153049633701e-01,6.615650411150135746e-01,6.467721577843873471e-01,-4.144322060845806455e-01,-1.679598561627939635e-01,2.741241358608876438e-02,4.979551677087827866e-01,3.151171509380106817e-01,-7.015550605185386646e-01,5.080538688373523737e-01,6.459862621427598928e-01,3.906781486390855096e-01,-3.522826728423335968e-02,1.000000000000000000e+00,-7.056739069485553628e-01,9.696075857492038041e-01,5.960105900925172229e-01,-3.594455278882216498e-02,-4.959957500091595750e-01,7.414325309945885012e-01,8.997334340978648815e-01,-8.608888747360733396e-01,-6.325479553720803061e-01,-2.737666068500402838e-01,-6.048589216750884651e-02,-1.484966777465147360e-02,-8.650261924865352281e-01
6.873315777707037499e-01,-3.049040086982722775e-01,6.606705018127192464e-01,-6.587137009049123249e-01,-9.155098633862984725e-02,-6.781760199999999905e-01,-4.524528746053821937e-01,-6.768730844658604751e-01,6.519583505597261741e-01,-7.474417588021280423e-01,-1.867210612999971042e-01,4.748872914524176481e-01,-2.967533575946302848e-01,-8.527892186791495854e-01,-8.252509983670740235e-02,6.282245452297857691e-01,-1.200623426826602871e-04,4.111349563310968125e-01,-2.920125873299859176e-01,2.441366577453361053e-01,3.574109406148888168e-01,-2.281799584886269605e-01,-8.567846261836320476e-01,-6.675790722352733519e-01,-4.684843233612884239e-01,-7.056739069485553628e-01,1.000000000000000000e+00,-6.269998305748935019e-01,-1.145402299195310836e-01,2.866018244959802064e-01,7.605136573579894810e-01,-5.616455434059071106e-01,-3.939239261470590669e-01,4.288792563944932579e-01,2.357166239148259651e-02,5.704025110686840039e-01,-2.475327534447561151e-01,2.404913379022801390e-01,3.271685861688383157e-01
-7.718180508120831007e-01,5.480653491649759568e-01,-9.927627480786758163e-01,1.439451606596005850e-01,-2.021909522885930732e-01,9.927083599999999564e-01,1.729879895687150282e-01,9.750999160244819830e-01,-2.241072813943160713e-01,9.601722375228731732e-01,-4.378059550225088525e-01,-6.117323344201407442e-01,2.771084803550710740e-01,6.697911100896939418e-01,6.956376156604814343e-01,-2.689593970348143626e-01,-1.476829197553328754e-01,1.180681542982204568e-01,3.498791230380034478e-01,2.958262597448633735e-01,-7.422691525435591853e-01,6.826644627728238879e-01,5.393372362175359314e-01,3.386338434084765203e-01,-1.410396798053088763e-01,9.696075857492038041e-01,-6.269998305748935019e-01,1.000000000000000000e+00,7.483055967419205423e-01,-3.426145832973402638e-02,-5.460470410010892506e-01,8.007640214764666364e-01,9.498559544868740989e-01,-8.608248626351946431e-01,-7.649260870712111249e-01,-2.859031318621595985e-01,4.630184974840813317e-02,2.577645716640745641e-02,-9.254191355904390903e-01
-4.220483795385632786e-01,2.816521080652847897e-01,-7.179430048950887766e-01,-1.032119878639867760e-01,-3.999095525642700211e-01,7.123825200000000191e-01,2.573551688596815157e-01,6.462062095462548506e-01,1.029321616062536943e-01,6.306746735142684246e-01,-8.182074708688511500e-01,-2.807654722734022612e-01,1.760863118123998095e-02,3.276155333607866371e-01,5.784173979323777859e-01,3.842188657332449853e-01,-6.255945854659920868e-02,5.100144732862385011e-01,9.434681904901225449e-03,3.533458538680381844e-01,-7.121446103536074324e-01,7.981585908371794380e-01,7.850875441660552789e-02,-1.573595346546650120e-01,-4.328073741440038313e-01,5.960105900925172229e-01,-1.145402299195310836e-01,7.483055967419205423e-01,1.000000000000000000e+00,2.046880739352557876e-01,-3.663079022933958262e-01,7.379052879883681859e-01,8.246288584682118783e-01,-5.244590939073724423e-01,-9.061221295446550972e-01,-3.868438895446488918e-02,-9.187876881173709723e-03,9.215515246977003250e-02,-8.723557561957021589e-01
-1.750397896313064527e-01,3.908951574940180418e-01,2.373637964116082424e-02,-3.885688498338632502e-01,-4.671848315678365782e-01,-5.609936000000004253e-02,-1.053346417485140490e-01,1.136635988634221439e-02,1.524952243249822793e-02,-1.381139028371900501e-01,-1.667299556354615575e-01,5.842735869091774115e-01,6.680032144854089471e-03,-2.035639055408927922e-01,-1.991883772883281944e-01,3.184795007313352411e-01,-2.917857974956143963e-01,-8.483608923261236681e-03,-6.247167146872160959e-02,6.065309628762656224e-01,-3.806280317882969055e-01,-9.863969575453719607e-02,1.032029950517599076e-01,-6.686743498367838656e-01,8.677996510313770728e-02,-3.594455278882216498e-02,2.866018244959802064e-01,-3.426145832973402638e-02,2.046880739352557876e-01,1.000000000000000000e+00,2.650261259008883097e-01,3.537460832592603799e-01,-9.570889666687787400e-03,1.297458387566334803e-01,-2.281194507756163503e-01,1.984808752465423154e-01,-2.268565804912512918e-01,4.721925777239035504e-01,-1.894711527885099278e-01
5.017370670173642022e-01,3.459738392302802445e-02,5.527446544418060936e-01,-5.696004814653152781e-01,3.501254037427248278e-02,-5.869536600000000437e-01,-6.311035350744973460e-01,-5.100844853771405729e-01,3.561016929708732404e-01,-6.294755686994405464e-01,2.380299970807764343e-01,3.139117349196905993e-01,2.127711243530409913e-01,-6.980431143481117262e-01,7.365362555805045341e-02,3.142598750153805520e-01,-3.756636511453382843e-01,2.116102311577887640e-01,1.975126664957540801e-01,2.506247463419228882e-01,5.050446483591675140e-01,-5.793494934459415546e-01,-5.720706797438910307e-01,-3.721644455767746384e-01,-2.035804402337340890e-01,-4.959957500091595750e-01,7.605136573579894810e-01,-5.460470410010892506e-01,-3.663079022933958262e-01,2.650261259008883097e-01,1.000000000000000000e+00,-6.600835152724000565e-01,-3.461077619080003553e-01,2.714656051126216330e-01,1.783689272547862026e-01,5.103865739847410765e-01,-4.289357768272318849e-01,1.595013874029676537e-01,3.231179353755929684e-01
-7.392289700037281142e-01,4.244806259990440145e-01,-7.940479601896412998e-01,2.066624112433513294e-01,-3.491264760822749835e-01,8.161059399999999187e-01,4.735241809706840499e-01,7.781999212181897052e-01,-2.052943145051143170e-01,7.829645231906305902e-01,-5.159347174673796221e-01,-1.758783678078449375e-01,-2.283435035686098846e-02,6.765206051276680954e-01,2.419914650898284947e-01,-1.111445117031671925e-01,-5.607261624137016565e-02,-9.303266355694411738e-02,-5.482401560746207048e-02,3.059021034941172834e-01,-7.719521983421676614e-01,6.763780202741840331e-01,5.782859742502830525e-01,1.047155933830547572e-02,1.392720570852004069e-01,7.414325309945885012e-01,-5.616455434059071106e-01,8.007640214764666364e-01,7.379052879883681859e-01,3.537460832592603799e-01,-6.600835152724000565e-01,1.000000000000000000e+00,6.737252511812825695e-01,-4.755680882780926044e-01,-6.595045304631594885e-01,-4.066278873903244051e-01,2.191204442967117916e-01,8.117121908474561609e-02,-7.707698433065043320e-01
-6.788093224322727659e-01,5.795953658033137224e-01,-9.364964010324476895e-01,-9.639147885239177094e-02,-2.986189798766281656e-01,9.120846400000000020e-01,-1.306761366930517254e-02,9.163479751625678293e-01,-6.290816236000518202e-02,8.429412172716868046e-01,-5.113111749145874407e-01,-5.652842938714781607e-01,3.083868626027459481e-01,4.427151816747166291e-01,8.130425540745132018e-01,-5.656436640589537768e-02,-1.606872784442308078e-01,3.773576530285342456e-01,4.205483515194552990e-01,4.197340105574029478e-01,-7.363054010571434826e-01,6.606694173382969826e-01,3.306543238242961036e-01,1.761624070474794856e-01,-4.031355876737618971e-01,8.997334340978648815e-01,-3.939239261470590669e-01,9.498559544868740989e-01,8.246288584682118783e-01,-9.570889666687787400e-03,-3.461077619080003553e-01,6.737252511812825695e-01,1.000000000000000000e+00,-8.853248090801341119e-01,-8.626343698950187378e-01,-4.370530905087578050e-02,-1.474630710530082933e-01,9.331833005562625849e-02,-9.718994126772708686e-01
6.512536834910891415e-01,-6.026125718888046823e-01,8.451599294079469304e-01,1.656077931402951120e-01,1.579323070792833239e-01,-8.269216999999999818e-01,2.639691578735144373e-01,-8.606732536553109991e-01,8.911336509848832854e-02,-7.740287960506231357e-01,2.829416337397586134e-01,6.374158593374735782e-01,-2.870974155628073232e-01,-3.592863739743402673e-01,-7.797712317891950518e-01,3.396578321494113095e-01,1.904207152609619091e-01,-1.993369954017561729e-01,-4.965334415125787215e-01,-4.166363400249280535e-01,6.268591388826471045e-01,-4.839566410732652479e-01,-3.938756053163471327e-01,-3.086361803420468730e-01,4.066453788333128094e-01,-8.608888747360733396e-01,4.288792563944932579e-01,-8.608248626351946431e-01,-5.244590939073724423e-01,1.297458387566334803e-01,2.714656051126216330e-01,-4.755680882780926044e-01,-8.853248090801341119e-01,1.000000000000000000e+00,6.915739064087462751e-01,-3.014301302663707077e-02,1.338766872382846362e-01,-2.849901949339438967e-01,8.246944631306256657e-01
4.094485562035328763e-01,-3.488145695226685938e-01,7.201097936053899584e-01,2.993048505798570624e-01,3.157992589949109030e-01,-7.293277599999999916e-01,-2.739221702959155139e-02,-6.748983952575934309e-01,-2.582263966609339989e-01,-6.373847088809566630e-01,8.243353732288615232e-01,3.633509525314577160e-01,5.255575761081807129e-02,-2.455733040252141008e-01,-7.418403716940699111e-01,-2.170865663262893097e-01,1.447464657724308601e-01,-3.900589915963295629e-01,-2.488836053483449787e-02,-5.463729292144138272e-01,6.814460336325788292e-01,-7.996349415745014344e-01,1.363701726698859397e-02,1.442396587651789686e-01,5.108837375616311904e-01,-6.325479553720803061e-01,2.357166239148259651e-02,-7.649260870712111249e-01,-9.061221295446550972e-01,-2.281194507756163503e-01,1.783689272547862026e-01,-6.595045304631594885e-01,-8.626343698950187378e-01,6.915739064087462751e-01,1.000000000000000000e+00,-2.450356767974709235e-02,-2.118613710603910183e-02,-2.713993763014131977e-01,9.119780995370978527e-01
8.174436379955728194e-02,2.770492804655276808e-01,2.694130949771025296e-01,-8.262124404437577452e-01,-5.995996697216822158e-01,-3.875549600000000039e-01,-7.253174853163398828e-01,-2.203170370914412091e-01,2.418414430227404099e-01,-5.110322975480320329e-01,1.247949029580539548e-01,4.372828494676133104e-01,1.046721790797866258e-01,-8.134792933073052845e-01,-1.585810534005291719e-02,4.919970414595629116e-01,-7.740593396838911511e-02,6.221556151648975908e-01,2.841283581846356099e-01,4.805795154184125950e-01,-4.453055873526681752e-02,-3.407381062733394472e-01,-3.309092365381434142e-01,-6.271675387749053865e-01,-7.187598848743677049e-01,-2.737666068500402838e-01,5.704025110686840039e-01,-2.859031318621595985e-01,-3.868438895446488918e-02,1.984808752465423154e-01,5.103865739847410765e-01,-4.066278873903244051e-01,-4.370530905087578050e-02,-3.014301302663707077e-02,-2.450356767974709235e-02,1.000000000000000000e+00,-7.380292076056194084e-01,4.657354679991883573e-01,2.140979369817267233e-02
2.812657529268486334e-01,-6.660695565380073679e-01,-6.722939145278427134e-03,6.315360857020093643e-01,5.756049327992924791e-01,1.502119200000000543e-01,6.764169021222461442e-01,-8.908626551798221049e-02,-7.503247437360996419e-02,2.672415141295632068e-01,-3.835411455651964729e-01,-3.838293742527048025e-01,-5.134252065164074397e-01,5.471783772871375850e-01,-6.217056968622775015e-02,-2.818865604922626278e-01,3.773745288868620568e-02,-6.253816149415245551e-01,-6.836107596257570140e-01,-4.347368496730733556e-01,1.421545067673297691e-01,5.002526025819902245e-01,-1.118360776006658772e-02,4.563717112819881683e-01,4.310645632258272575e-01,-6.048589216750884651e-02,-2.475327534447561151e-01,4.630184974840813317e-02,-9.187876881173709723e-03,-2.268565804912512918e-01,-4.289357768272318849e-01,2.191204442967117916e-01,-1.474630710530082933e-01,1.338766872382846362e-01,-2.118613710603910183e-02,-7.380292076056194084e-01,1.000000000000000000e+00,-9.018519872885960575e-02,1.537862993800182265e-01
-3.885656429963907366e-02,2.075084636326994803e-01,-9.655926858537524499e-03,-5.089487117347573086e-01,-3.397350394144680319e-01,-5.732120000000007209e-03,-3.727941992909093449e-01,2.862259561128882579e-02,-1.742614776273151631e-02,-7.722293747774798545e-02,-2.171757533037665944e-01,1.273304631668127629e-01,-1.551540988257905929e-01,-2.892585823218120633e-01,2.570584754037244513e-02,1.782095245386707272e-01,-2.394858847485465125e-01,5.680820488532214996e-02,-4.910396313520855316e-02,5.983795508927954865e-01,-4.136374544329844416e-01,4.534654477137040063e-02,-2.971240117471740660e-03,-3.788201307533858309e-01,-4.295779191815308762e-01,-1.484966777465147360e-02,2.404913379022801390e-01,2.577645716640745641e-02,9.215515246977003250e-02,4.721925777239035504e-01,1.595013874029676537e-01,8.117121908474561609e-02,9.331833005562625849e-02,-2.849901949339438967e-01,-2.713993763014131977e-01,4.657354679991883573e-01,-9.018519872885960575e-02,1.000000000000000000e+00,-1.722500724468764566e-01
7.152503318006295796e-01,-6.286494973398161212e-01,9.068687702157448571e-01,1.857793149574706315e-01,4.070976634271535333e-01,-8.851632400000000178e-01,-1.070327384583213796e-02,-8.984377006763086815e-01,-9.542417985365808999e-03,-7.971590622331646836e-01,5.744928781267039097e-01,3.971783636645078164e-01,-2.174178570448692116e-01,-4.053847209285633690e-01,-7.243050754362214683e-01,-2.008333044978058077e-02,1.738268601732730623e-01,-3.532961778123666630e-01,-3.204512116114358045e-01,-5.263524044801457524e-01,7.872692658519437892e-01,-6.710138277306907373e-01,-3.323185423832345498e-01,5.597730600602856058e-03,3.730328212077548278e-01,-8.650261924865352281e-01,3.271685861688383157e-01,-9.254191355904390903e-01,-8.723557561957021589e-01,-1.894711527885099278e-01,3.231179353755929684e-01,-7.707698433065043320e-01,-9.718994126772708686e-01,8.246944631306256657e-01,9.119780995370978527e-01,2.140979369817267233e-02,1.537862993800182265e-01,-1.722500724468764566e-01,1.000000000000000000e+00
