1.000000000000000000e+00,1.840725315746882251e-01,-2.072989385897489323e-01,3.676545583293141517e-01,-1.466176305217606612e-01,-6.133652153310587690e-02,-3.574701028496373723e-01,-1.064138233618023011e-01,4.760258952948231426e-01,-6.838340800000000108e-01,-5.006182701231861598e-01,-3.534978713478905687e-01,3.128849621748277521e-01,5.634146197814373508e-02,6.776197940155588573e-02,1.264551591745263770e-01,-1.746267040038310125e-01,-6.879666150002536895e-01,-1.716315898971818577e-01,-1.641986323582538265e-01,-1.857337819233867982e-01,-8.441135512868515045e-01,-7.128483536772903806e-01,-3.848701338542687700e-01,-1.220813942194753365e-01,-4.073226423265829954e-01,5.591743319538783341e-01,-3.918873128035663123e-01,-5.465235003034158989e-01,-3.447611806048772043e-01,-1.381294241895207886e-01,-1.528531470020672856e-01,-4.620709810330614897e-01,-6.113376442113562792e-01,-2.864079923641923431e-01,5.712008809237257845e-01,3.068751563192394505e-01,-4.062540136787030631e-01,-6.544489792321860344e-01
1.840725315746882251e-01,1.000000000000000000e+00,4.031426009343555550e-01,-2.331174252958428117e-01,-4.065190757460400151e-01,-6.561870718990889806e-01,-1.545853936956363972e-01,5.136778056393757064e-01,-5.820906350321997103e-01,-5.812043000000000070e-01,5.482728753629687590e-01,5.750358914854724057e-01,8.373455372782224737e-01,4.186541678569491443e-01,1.988293737145251094e-01,-5.118075660612252387e-01,3.902354747945103730e-01,-2.401093638020393162e-01,-7.393629169762950815e-01,-7.738439135747289255e-01,-1.404724155082592296e-01,-4.289822501630974338e-01,-4.085813817509666435e-01,-9.517106344162681864e-02,-4.901631602675505239e-01,-1.770798474267467476e-02,-8.735880476612681300e-02,-8.758420007888771952e-01,-6.590028642503600320e-01,-1.651400534553667809e-01,-7.331436709056187162e-01,1.197104097367012315e-01,-4.299459978930068038e-01,1.362409134606123451e-01,-6.276867380938299101e-01,-4.919627211579211679e-01,3.090240426259363571e-01,-7.728625169282543617e-01,-4.717048617731809945e-01
-2.072989385897489323e-01,4.031426009343555550e-01,1.000000000000000000e+00,-9.037545383746986571e-01,-6.432057970013954629e-01,-2.487986810303909613e-01,-4.488094558042995952e-01,9.191935602801221128e-01,-2.409710374924969867e-01,-2.102792999999999468e-01,2.994997165466563027e-01,6.652191548125344633e-01,4.274572964853447510e-01,-2.736035261697079002e-01,-1.903214178564143766e-01,3.003878654828543993e-01,4.650222032215895474e-01,2.220029647846891441e-01,-6.757355438378741530e-01,-4.110283098245102185e-01,-3.724028982499297813e-01,1.043860080033267024e-01,9.169318373550083834e-02,2.287720771122874475e-01,-7.101196395861241184e-01,-3.711876231076398636e-01,1.480082277371564947e-01,-1.694406708932692240e-01,-2.158516971812283469e-01,-4.931577780449808435e-01,-7.936567082886801794e-01,7.097045725758237555e-01,-5.254764025059374122e-01,5.767871720288295645e-01,-7.053744059724561533e-01,-4.165724263713446729e-01,-5.340544785318521726e-01,-5.888759463683908013e-01,-1.165737651253649088e-01
3.676545583293141517e-01,-2.331174252958428117e-01,-9.037545383746986571e-01,1.000000000000000000e+00,3.711997573707815912e-01,1.788398599737356653e-01,2.444698283033400477e-01,-8.618577383233022582e-01,1.718148106418414534e-01,3.710070000000009749e-02,-3.035953609909046169e-01,-6.172833316046534291e-01,-3.868961208233618887e-01,7.473510096982854956e-02,7.640062054694338189e-02,-2.195189277297577846e-01,-1.451702360090039168e-01,-2.714237598273839258e-01,5.441212643356001522e-01,3.081467016464017328e-01,5.619108991404473535e-02,-3.163156273296724441e-01,-2.840639216121211286e-01,-4.184933038195379207e-01,7.462013095831828702e-01,2.338079706571536964e-01,1.450006171034561031e-01,2.587535185978727392e-02,1.786678360546299915e-01,2.704021295227551636e-01,6.982475618516799099e-01,-8.505362205759370298e-01,4.756549758888563018e-01,-7.421459360590632048e-01,6.036657303383722306e-01,4.455350166336094486e-01,5.540003997644833422e-01,4.758530075760574185e-01,-1.948388166294755808e-01
-1.466176305217606612e-01,-4.065190757460400151e-01,-6.432057970013954629e-01,3.711997573707815912e-01,1.000000000000000000e+00,3.986606871452886836e-01,6.992615212169741579e-01,-7.171810847091862895e-01,-3.980220180826268134e-02,6.230817200000000611e-01,1.690843321862905979e-01,-1.192141333223080829e-01,-2.442659418054791698e-01,5.475311501985573592e-01,-3.415548729287509744e-02,-2.749493226850279193e-01,-5.996972787510312930e-01,3.505742099534130407e-01,6.029878458757584880e-01,5.073767653631547914e-01,7.191774054397364058e-01,4.335586493119407137e-01,5.263132851471127305e-01,4.721103869058805858e-01,5.295950574801151500e-01,7.279721893433885871e-01,-4.812445059433412831e-01,2.516288560897825821e-01,4.009395093927329290e-01,8.747678850138705942e-01,6.900958956858564974e-01,-3.892045073272312194e-01,5.976976703613806619e-01,1.379926691671462258e-01,7.354028406788408745e-01,-1.368520828080924678e-01,5.020413837397058598e-01,6.218383281659767281e-01,5.298562826431276740e-01
-6.133652153310587690e-02,-6.561870718990889806e-01,-2.487986810303909613e-01,1.788398599737356653e-01,3.986606871452886836e-01,1.000000000000000000e+00,-2.715346117072957657e-02,-3.259227529610463914e-01,2.459288292278403176e-01,4.432262199999998931e-01,-2.147955673124106180e-01,-1.805290190568145103e-01,-4.701430005423327119e-01,-1.997579091682719910e-01,-5.595488467517515385e-01,5.865153272104767224e-01,-4.536923253586266913e-02,3.496828012895897841e-01,7.341755792225042043e-01,7.181199070909713988e-01,-7.412121968846717424e-02,2.806545560502817782e-01,2.811395855269330779e-01,5.106885206289040191e-01,4.500589042152156050e-01,1.166672897538727077e-01,3.532162819288174327e-01,4.322370107874251022e-01,5.199475881125211751e-01,1.476383813341760054e-01,5.057339793959038099e-01,-1.904106198768591995e-01,3.153139401081787585e-01,1.041033607882066586e-01,4.799192794839452492e-01,1.713504049470866430e-01,8.855661173980283740e-02,5.597581828701627682e-01,1.500698258545796748e-01
-3.574701028496373723e-01,-1.545853936956363972e-01,-4.488094558042995952e-01,2.444698283033400477e-01,6.992615212169741579e-01,-2.715346117072957657e-02,1.000000000000000000e+00,-5.364075825453631374e-01,-4.199269216843806163e-01,6.263651400000000979e-01,4.454870448290169649e-01,1.165666466867544548e-01,-2.694616320890195205e-01,5.038259985270956420e-01,4.565895426536109025e-01,-4.770967855254080736e-01,-4.319589329579807679e-01,3.174646380072037033e-01,3.661280460266588266e-01,1.234999862879289645e-01,8.679708100101679591e-01,3.521556800586987390e-01,5.293324022367991155e-01,1.656809125966513252e-01,4.616592703776460915e-01,8.691883479216087061e-01,-7.627066884332325269e-01,8.732747548614892830e-02,2.968819649614367062e-01,9.061133154451529448e-01,5.251758923625089448e-01,-3.852069093281083045e-01,7.499548501731599925e-01,1.755581339289750409e-01,6.515136353990513829e-01,-3.955384522414690518e-01,2.219321292033789306e-01,5.079576554068551131e-01,3.960941777212459436e-01
-1.064138233618023011e-01,5.136778056393757064e-01,9.191935602801221128e-01,-8.618577383233022582e-01,-7.171810847091862895e-01,-3.259227529610463914e-01,-5.364075825453631374e-01,1.000000000000000000e+00,-1.654647280753957783e-01,-4.502851399999999726e-01,1.987149633163431961e-01,5.459903620046089312e-01,5.635602836468823762e-01,-1.407212278390148619e-01,-3.418111108595158626e-02,1.878558013953504913e-01,3.984618195355751347e-01,-7.393392863059602971e-02,-7.038587458474155900e-01,-5.516386028076164516e-01,-3.810298500988893444e-01,-1.001749972531984917e-01,-1.676298540829035677e-01,1.212699158331134175e-01,-8.429474515409511870e-01,-4.990745312525514676e-01,1.138979122362361734e-01,-3.206384202647444281e-01,-4.684549375685900241e-01,-6.058583431847889278e-01,-9.197558194464253711e-01,7.746222921437959652e-01,-7.249237013081710757e-01,4.794437938009750155e-01,-8.666040577551498147e-01,-2.954122051632633861e-01,-4.726880452722752035e-01,-7.601191936686183537e-01,-2.158497386744050173e-01
4.760258952948231426e-01,-5.820906350321997103e-01,-2.409710374924969867e-01,1.718148106418414534e-01,-3.980220180826268134e-02,2.459288292278403176e-01,-4.199269216843806163e-01,-1.654647280753957783e-01,1.000000000000000000e+00,-2.832826400000000300e-01,-9.623179483317062521e-01,-7.935831443143180897e-01,-2.611509523519948139e-01,-3.615104081719518470e-01,-2.258877018647045473e-02,4.737048833819056393e-01,-4.932448320694600152e-01,-4.869150452177946065e-01,1.480365965924648197e-01,4.011144750342138798e-01,-1.466239426395984924e-01,-2.397428864100562274e-01,-3.288230424821413367e-01,-3.221282865072994106e-01,-1.143772208737974111e-01,-6.577085648806947349e-01,4.382819634112368190e-01,4.088170703050723609e-01,-1.055189918101165636e-01,-4.362388928252529663e-01,1.586946323490218136e-01,1.986868739547913709e-01,-3.689752390822209072e-01,-5.168839685246645610e-01,-8.318471695325396764e-02,9.140298359810623552e-01,-2.711761483379715454e-01,3.435463323034878419e-02,6.378690527588357084e-02
-6.838340800000000108e-01,-5.812043000000000070e-01,-2.102792999999999468e-01,3.710070000000009749e-02,6.230817200000000611e-01,4.432262199999998931e-01,6.263651400000000979e-01,-4.502851399999999726e-01,-2.832826400000000300e-01,1.000000000000000000e+00,3.462528799999999851e-01,1.482531400000000055e-01,-6.485726400000000336e-01,-4.588464000000003207e-02,-2.452347400000000066e-01,4.707974000000003656e-02,-7.288437999999997086e-02,8.317955800000000899e-01,6.365512200000000842e-01,5.316475400000000295e-01,3.926563599999999266e-01,8.331543800000000832e-01,9.106170000000000098e-01,4.986888800000000010e-01,6.317068400000001027e-01,7.063495399999999425e-01,-4.262569600000000181e-01,6.594084000000000056e-01,8.874832800000000965e-01,7.022325799999999951e-01,6.921839800000000320e-01,-2.858527400000000496e-01,8.368911800000000678e-01,4.209046199999999516e-01,8.123651400000000411e-01,-3.733117000000000241e-01,-6.762754000000004151e-02,8.530092199999999014e-01,6.084925199999999812e-01
-5.006182701231861598e-01,5.482728753629687590e-01,2.994997165466563027e-01,-3.035953609909046169e-01,1.690843321862905979e-01,-2.147955673124106180e-01,4.454870448290169649e-01,1.987149633163431961e-01,-9.623179483317062521e-01,3.462528799999999851e-01,1.000000000000000000e+00,8.640839903135337785e-01,3.466159484905340649e-01,4.644880146027433598e-01,-4.162526362828544713e-02,-4.570961269729516552e-01,3.561408759501962784e-01,5.828114076894526097e-01,-1.853460446035901099e-01,-3.386560746717074966e-01,2.555819781820243275e-01,3.682388955347271065e-01,4.579631943810942296e-01,5.070835310852891409e-01,2.015162140571280514e-02,6.955362684232142545e-01,-5.211869503352702937e-01,-3.706063888122752559e-01,1.085082497449101624e-01,5.209174814809610643e-01,-1.878471316776198774e-01,-7.931971145467728301e-02,3.211116027049101818e-01,6.780120822029624961e-01,6.524444340772678208e-02,-9.806568944885258876e-01,2.910039260412921047e-01,-4.861380513138204018e-02,8.692823909843822028e-02
-3.534978713478905687e-01,5.750358914854724057e-01,6.652191548125344633e-01,-6.172833316046534291e-01,-1.192141333223080829e-01,-1.805290190568145103e-01,1.165666466867544548e-01,5.459903620046089312e-01,-7.935831443143180897e-01,1.482531400000000055e-01,8.640839903135337785e-01,1.000000000000000000e+00,4.800919513087930079e-01,2.271229969705155505e-01,-2.164662792736038455e-01,-1.100684805254235898e-01,4.655983333333612584e-01,5.497563592028111845e-01,-4.141119614639297564e-01,-4.074400744520633166e-01,1.690653359070125664e-02,2.449772989583735849e-01,3.918794994663759579e-01,5.497852868115601366e-01,-2.846829969497455259e-01,3.603856710304833011e-01,-2.368574168592209872e-01,-3.834847548510114112e-01,-2.535207564792783114e-02,1.714581101840717547e-01,-4.908073219364877948e-01,2.195359503019229386e-01,-2.088457319101771556e-02,7.958322715200816244e-01,-2.628361290823088559e-01,-8.983247054391846342e-01,3.759919773312022512e-02,-3.242495370139485966e-01,-9.475890975174644515e-02
3.128849621748277521e-01,8.373455372782224737e-01,4.274572964853447510e-01,-3.868961208233618887e-01,-2.442659418054791698e-01,-4.701430005423327119e-01,-2.694616320890195205e-01,5.635602836468823762e-01,-2.611509523519948139e-01,-6.485726400000000336e-01,3.466159484905340649e-01,4.800919513087930079e-01,1.000000000000000000e+00,5.531757313561718181e-01,1.120990764218206398e-01,-2.966177684752814847e-01,2.867679882426425741e-02,-2.938208137453183211e-01,-7.605936367957180089e-01,-5.782106250350511623e-01,-1.810399531217427374e-02,-3.557246585480424717e-01,-4.158994531944328887e-01,1.646785196642669702e-01,-7.331513280724785142e-01,-1.621589302668078880e-01,-5.004223997436357818e-02,-8.443262011823984281e-01,-8.019207125926228752e-01,-1.782848154968511567e-01,-8.040032502058009900e-01,3.886063325275387337e-01,-6.559681596576962814e-01,2.697287043959877839e-01,-7.450962439035000440e-01,-3.577673970873055387e-01,3.653405818642958547e-01,-8.506888430874379736e-01,-2.490820913119300151e-01
5.634146197814373508e-02,4.186541678569491443e-01,-2.736035261697079002e-01,7.473510096982854956e-02,5.475311501985573592e-01,-1.997579091682719910e-01,5.038259985270956420e-01,-1.407212278390148619e-01,-3.615104081719518470e-01,-4.588464000000003207e-02,4.644880146027433598e-01,2.271229969705155505e-01,5.531757313561718181e-01,1.000000000000000000e+00,3.765365404691904394e-01,-6.435908763918184450e-01,-4.621170903266025309e-01,-1.067411138906344398e-01,-8.872398678414711304e-02,-2.087180308455216515e-01,6.684755736637019163e-01,-1.320190555650777031e-02,-2.256701585127883491e-02,3.214768545594896554e-01,-1.251016388570453386e-01,5.305202805555125911e-01,-6.236081466350953395e-01,-5.441670567019780691e-01,-4.006246874245875667e-01,6.131391186502397339e-01,-7.509396991634798013e-02,-7.381651498756262864e-02,4.296114304296880237e-02,2.423275725636865607e-01,2.053450442671703527e-02,-4.165957971851037001e-01,6.624406475671911210e-01,-1.660767694198745092e-01,2.009198392363787111e-01
6.776197940155588573e-02,1.988293737145251094e-01,-1.903214178564143766e-01,7.640062054694338189e-02,-3.415548729287509744e-02,-5.595488467517515385e-01,4.565895426536109025e-01,-3.418111108595158626e-02,-2.258877018647045473e-02,-2.452347400000000066e-01,-4.162526362828544713e-02,-2.164662792736038455e-01,1.120990764218206398e-01,3.765365404691904394e-01,1.000000000000000000e+00,-5.003084417375994741e-01,-4.814503906191142102e-01,-5.523187921111755161e-01,-2.242494675224177281e-01,-3.939020743275092884e-01,5.817276177201585741e-01,-2.961293721088851250e-01,-3.054354544848488229e-01,-4.992173418740943336e-01,-2.208383202774085452e-01,8.190512951552211818e-02,-5.192745106553111611e-01,-2.978262175551859570e-01,-4.995819262796653004e-01,1.612090185953411192e-01,-1.090835249647710281e-01,1.090428182441819244e-01,-1.261851200408640322e-02,-2.729120274112637468e-01,-1.262676674590980930e-01,8.188490745078713662e-02,-1.026499312394618113e-01,-2.092905929377402163e-01,5.020218518819022369e-02
1.264551591745263770e-01,-5.118075660612252387e-01,3.003878654828543993e-01,-2.195189277297577846e-01,-2.749493226850279193e-01,5.865153272104767224e-01,-4.770967855254080736e-01,1.878558013953504913e-01,4.737048833819056393e-01,4.707974000000003656e-02,-4.570961269729516552e-01,-1.100684805254235898e-01,-2.966177684752814847e-01,-6.435908763918184450e-01,-5.003084417375994741e-01,1.000000000000000000e+00,1.348474242318533634e-01,1.379444513115244686e-01,1.991083260121397080e-01,3.511394873722643029e-01,-4.423587278018590307e-01,5.100345702430086892e-02,2.644886916162789148e-02,1.889398329714295499e-01,-5.417621251943451066e-02,-4.514212781643573424e-01,6.639410022451401883e-01,3.944162586468363263e-01,2.273750261003473216e-01,-4.485877698359431731e-01,1.093391854740821678e-02,2.272861360867534652e-01,-1.575128524033804489e-01,7.011259087480388452e-02,-6.839554904722208728e-02,3.444862804175387039e-01,-3.991491015565338807e-01,1.231270888488823489e-01,-8.592175038154567512e-02
-1.746267040038310125e-01,3.902354747945103730e-01,4.650222032215895474e-01,-1.451702360090039168e-01,-5.996972787510312930e-01,-4.536923253586266913e-02,-4.319589329579807679e-01,3.984618195355751347e-01,-4.932448320694600152e-01,-7.288437999999997086e-02,3.561408759501962784e-01,4.655983333333612584e-01,2.867679882426425741e-02,-4.621170903266025309e-01,-4.814503906191142102e-01,1.348474242318533634e-01,1.000000000000000000e+00,2.803103914128013963e-01,-1.709551035934913088e-01,-2.912918350509576815e-01,-7.644394512496999194e-01,-6.812678117734555228e-02,-4.509016056087902791e-02,-3.819059876404806708e-02,7.406458240286611927e-02,-1.277869060589653105e-01,4.105922177881905499e-01,-1.325000801553442020e-01,1.914607207018111934e-01,-4.127221323020758836e-01,-2.857002001141281111e-01,-1.291293248168703389e-01,-3.700331393926936663e-02,1.231974694878615884e-01,-1.973657608772542982e-01,-3.274894087028017986e-01,-1.225265492131949463e-01,-1.550832184363863664e-01,-5.074624962422049634e-01
-6.879666150002536895e-01,-2.401093638020393162e-01,2.220029647846891441e-01,-2.714237598273839258e-01,3.505742099534130407e-01,3.496828012895897841e-01,3.174646380072037033e-01,-7.393392863059602971e-02,-4.869150452177946065e-01,8.317955800000000899e-01,5.828114076894526097e-01,5.497563592028111845e-01,-2.938208137453183211e-01,-1.067411138906344398e-01,-5.523187921111755161e-01,1.379444513115244686e-01,2.803103914128013963e-01,1.000000000000000000e+00,2.575682644351912631e-01,3.836163069346505972e-01,7.717934852708734084e-02,8.339624770831964851e-01,8.972329367246103526e-01,6.733396382506133815e-01,3.516151089750340630e-01,5.611074392811192801e-01,-2.396985472874404721e-01,4.191308611768698178e-01,7.720315832628433794e-01,4.746726215637538382e-01,2.985369896094060005e-01,-1.163011374900820433e-01,5.820140175800863069e-01,6.866850843034173479e-01,4.743142248414038420e-01,-6.455029810165390236e-01,-4.944530847204708923e-02,5.238617707867875284e-01,4.574308095650282402e-01
-1.716315898971818577e-01,-7.393629169762950815e-01,-6.757355438378741530e-01,5.441212643356001522e-01,6.029878458757584880e-01,7.341755792225042043e-01,3.661280460266588266e-01,-7.038587458474155900e-01,1.480365965924648197e-01,6.365512200000000842e-01,-1.853460446035901099e-01,-4.141119614639297564e-01,-7.605936367957180089e-01,-8.872398678414711304e-02,-2.242494675224177281e-01,1.991083260121397080e-01,-1.709551035934913088e-01,2.575682644351912631e-01,1.000000000000000000e+00,5.823112952358949768e-01,1.910772560986342405e-01,2.952509199851248711e-01,3.394470198608280365e-01,2.203409506770715454e-01,8.184655486355353338e-01,4.280184156754443525e-01,-4.931894868558245326e-03,5.863464334218437823e-01,6.803048806451135189e-01,4.575917371994982497e-01,8.718301323696064919e-01,-5.146174743323300715e-01,6.683537151717990898e-01,-1.503475175525263441e-01,8.449716146657042515e-01,2.309640499588753726e-01,1.697738890939208267e-01,8.685478039550335039e-01,2.216477430372241764e-01
-1.641986323582538265e-01,-7.738439135747289255e-01,-4.110283098245102185e-01,3.081467016464017328e-01,5.073767653631547914e-01,7.181199070909713988e-01,1.234999862879289645e-01,-5.516386028076164516e-01,4.011144750342138798e-01,5.316475400000000295e-01,-3.386560746717074966e-01,-4.074400744520633166e-01,-5.782106250350511623e-01,-2.087180308455216515e-01,-3.939020743275092884e-01,3.511394873722643029e-01,-2.912918350509576815e-01,3.836163069346505972e-01,5.823112952358949768e-01,1.000000000000000000e+00,7.098918461090697463e-02,4.705505159674028270e-01,3.925407963651389998e-01,2.484326173023509166e-01,4.821117203954122243e-01,1.004234884984521597e-01,9.401396786730745192e-02,6.200058700954915736e-01,6.105317872668385437e-01,2.469924553794717315e-01,6.630865082696455470e-01,-3.203937265134358947e-01,4.504513944093633260e-01,-3.186089692149128572e-02,6.006324572468969558e-01,2.817926024395183138e-01,2.067628377520403654e-02,6.817148673654909175e-01,4.923653180572735155e-01
-1.857337819233867982e-01,-1.404724155082592296e-01,-3.724028982499297813e-01,5.619108991404473535e-02,7.191774054397364058e-01,-7.412121968846717424e-02,8.679708100101679591e-01,-3.810298500988893444e-01,-1.466239426395984924e-01,3.926563599999999266e-01,2.555819781820243275e-01,1.690653359070125664e-02,-1.810399531217427374e-02,6.684755736637019163e-01,5.817276177201585741e-01,-4.423587278018590307e-01,-7.644394512496999194e-01,7.717934852708734084e-02,1.910772560986342405e-01,7.098918461090697463e-02,1.000000000000000000e+00,2.674084080618148729e-01,3.799060589180597303e-01,2.286794712706104182e-01,1.026899868745241307e-01,6.544244225355991817e-01,-7.764299560935044031e-01,-9.959554423013623065e-03,-2.028422610833358411e-02,8.031601795102323305e-01,3.104945073063742900e-01,-3.212255913746669272e-02,4.040742452298090592e-01,2.018592912899471459e-01,3.830800786205107444e-01,-2.476535475813943232e-01,2.012721225518834811e-01,2.565527060739159482e-01,5.054611636684309683e-01
-8.441135512868515045e-01,-4.289822501630974338e-01,1.043860080033267024e-01,-3.163156273296724441e-01,4.335586493119407137e-01,2.806545560502817782e-01,3.521556800586987390e-01,-1.001749972531984917e-01,-2.397428864100562274e-01,8.331543800000000832e-01,3.682388955347271065e-01,2.449772989583735849e-01,-3.557246585480424717e-01,-1.320190555650777031e-02,-2.961293721088851250e-01,5.100345702430086892e-02,-6.812678117734555228e-02,8.339624770831964851e-01,2.952509199851248711e-01,4.705505159674028270e-01,2.674084080618148729e-01,1.000000000000000000e+00,8.646385149470663389e-01,6.079574723746501430e-01,2.070716663264132174e-01,4.494749246363956563e-01,-4.759918018096261916e-01,5.805664023408652064e-01,6.981405666671658405e-01,4.879411584802935131e-01,3.370959965431177263e-01,1.131725597916298232e-01,5.136773410407885487e-01,6.386827698914553375e-01,4.554271852023329403e-01,-4.680568132372984191e-01,-1.710941409929889745e-01,5.836209298883743291e-01,8.472858962243748904e-01
-7.128483536772903806e-01,-4.085813817509666435e-01,9.169318373550083834e-02,-2.840639216121211286e-01,5.263132851471127305e-01,2.811395855269330779e-01,5.293324022367991155e-01,-1.676298540829035677e-01,-3.288230424821413367e-01,9.106170000000000098e-01,4.579631943810942296e-01,3.918794994663759579e-01,-4.158994531944328887e-01,-2.256701585127883491e-02,-3.054354544848488229e-01,2.644886916162789148e-02,-4.509016056087902791e-02,8.972329367246103526e-01,3.394470198608280365e-01,3.925407963651389998e-01,3.799060589180597303e-01,8.646385149470663389e-01,1.000000000000000000e+00,5.982395980230582611e-01,3.397055980625211524e-01,6.097642984855969894e-01,-4.727168513373978809e-01,5.847093773912737102e-01,7.629909828985980136e-01,6.045429379720403951e-01,4.066109426062374244e-01,-2.257394027167002395e-02,6.007857709783089861e-01,6.417840892264967678e-01,5.527189219520358687e-01,-5.189514517151996298e-01,-1.980831163849778587e-01,5.921308367641097137e-01,6.112868893847185348e-01
-3.848701338542687700e-01,-9.517106344162681864e-02,2.287720771122874475e-01,-4.184933038195379207e-01,4.721103869058805858e-01,5.106885206289040191e-01,1.656809125966513252e-01,1.212699158331134175e-01,-3.221282865072994106e-01,4.986888800000000010e-01,5.070835310852891409e-01,5.497852868115601366e-01,1.646785196642669702e-01,3.214768545594896554e-01,-4.992173418740943336e-01,1.889398329714295499e-01,-3.819059876404806708e-02,6.733396382506133815e-01,2.203409506770715454e-01,2.484326173023509166e-01,2.286794712706104182e-01,6.079574723746501430e-01,5.982395980230582611e-01,1.000000000000000000e+00,-1.769099073196082547e-02,4.517907184449589386e-01,-1.998982515070765187e-01,7.042462844366310926e-02,2.948045286086087291e-01,4.445048163121016471e-01,1.781659702968629855e-02,2.094709248291819759e-01,1.578542072762436077e-01,8.131149186703139353e-01,1.667785595639164620e-01,-5.910147506814030782e-01,2.415616236216295565e-01,1.890197683884119462e-01,4.127331506835040242e-01
-1.220813942194753365e-01,-4.901631602675505239e-01,-7.101196395861241184e-01,7.462013095831828702e-01,5.295950574801151500e-01,4.500589042152156050e-01,4.616592703776460915e-01,-8.429474515409511870e-01,-1.143772208737974111e-01,6.317068400000001027e-01,2.015162140571280514e-02,-2.846829969497455259e-01,-7.331513280724785142e-01,-1.251016388570453386e-01,-2.208383202774085452e-01,-5.417621251943451066e-02,7.406458240286611927e-02,3.516151089750340630e-01,8.184655486355353338e-01,4.821117203954122243e-01,1.026899868745241307e-01,2.070716663264132174e-01,3.397055980625211524e-01,-1.769099073196082547e-02,1.000000000000000000e+00,5.703218756879913087e-01,-2.392734276535644303e-03,4.370083033549672091e-01,7.453472136625812761e-01,5.246084677890073822e-01,9.140749511929170401e-01,-8.436736677803640116e-01,8.544169463175846913e-01,-3.021095300697118069e-01,9.279144218923367493e-01,8.399259935951218503e-02,3.094944260260124036e-01,8.611169335950585868e-01,4.127590171290795168e-02
-4.073226423265829954e-01,-1.770798474267467476e-02,-3.711876231076398636e-01,2.338079706571536964e-01,7.279721893433885871e-01,1.166672897538727077e-01,8.691883479216087061e-01,-4.990745312525514676e-01,-6.577085648806947349e-01,7.063495399999999425e-01,6.955362684232142545e-01,3.603856710304833011e-01,-1.621589302668078880e-01,5.305202805555125911e-01,8.190512951552211818e-02,-4.514212781643573424e-01,-1.277869060589653105e-01,5.611074392811192801e-01,4.280184156754443525e-01,1.004234884984521597e-01,6.544244225355991817e-01,4.494749246363956563e-01,6.097642984855969894e-01,4.517907184449589386e-01,5.703218756879913087e-01,1.000000000000000000e+00,-6.343392434651086154e-01,4.892597172497415055e-03,4.348456907096113211e-01,9.492598935365033075e-01,5.102186142907318978e-01,-4.857731240191047739e-01,7.951796690131167633e-01,3.547517429787450660e-01,6.951234694783621215e-01,-6.314571401205435475e-01,4.680719387866849046e-01,5.401204500405016873e-01,3.096581000324560851e-01
5.591743319538783341e-01,-8.735880476612681300e-02,1.480082277371564947e-01,1.450006171034561031e-01,-4.812445059433412831e-01,3.532162819288174327e-01,-7.627066884332325269e-01,1.138979122362361734e-01,4.382819634112368190e-01,-4.262569600000000181e-01,-5.211869503352702937e-01,-2.368574168592209872e-01,-5.004223997436357818e-02,-6.236081466350953395e-01,-5.192745106553111611e-01,6.639410022451401883e-01,4.105922177881905499e-01,-2.396985472874404721e-01,-4.931894868558245326e-03,9.401396786730745192e-02,-7.764299560935044031e-01,-4.759918018096261916e-01,-4.727168513373978809e-01,-1.998982515070765187e-01,-2.392734276535644303e-03,-6.343392434651086154e-01,1.000000000000000000e+00,-1.825563083599367892e-02,-5.799708205687702928e-02,-6.983587568410368762e-01,-1.172297574960764477e-01,-2.078160939203768653e-02,-3.701749440132642288e-01,-4.283025964892325788e-01,-2.506786273498484152e-01,5.170323334481424782e-01,-7.075166745098987464e-02,-1.778592716970386345e-01,-5.836736968229990774e-01
-3.918873128035663123e-01,-8.758420007888771952e-01,-1.694406708932692240e-01,2.587535185978727392e-02,2.516288560897825821e-01,4.322370107874251022e-01,8.732747548614892830e-02,-3.206384202647444281e-01,4.088170703050723609e-01,6.594084000000000056e-01,-3.706063888122752559e-01,-3.834847548510114112e-01,-8.443262011823984281e-01,-5.441670567019780691e-01,-2.978262175551859570e-01,3.944162586468363263e-01,-1.325000801553442020e-01,4.191308611768698178e-01,5.863464334218437823e-01,6.200058700954915736e-01,-9.959554423013623065e-03,5.805664023408652064e-01,5.847093773912737102e-01,7.042462844366310926e-02,4.370083033549672091e-01,4.892597172497415055e-03,-1.825563083599367892e-02,1.000000000000000000e+00,7.921897532575418177e-01,8.944918208320187802e-02,6.147867251455626514e-01,-4.613361520762684909e-02,3.973623108666052284e-01,1.152794955973501095e-02,5.505367213310987662e-01,3.130732699886843440e-01,-5.151564303511810827e-01,7.262989315262986523e-01,4.852791540004545712e-01
-5.465235003034158989e-01,-6.590028642503600320e-01,-2.158516971812283469e-01,1.786678360546299915e-01,4.009395093927329290e-01,5.199475881125211751e-01,2.968819649614367062e-01,-4.684549375685900241e-01,-1.055189918101165636e-01,8.874832800000000965e-01,1.085082497449101624e-01,-2.535207564792783114e-02,-8.019207125926228752e-01,-4.006246874245875667e-01,-4.995819262796653004e-01,2.273750261003473216e-01,1.914607207018111934e-01,7.720315832628433794e-01,6.803048806451135189e-01,6.105317872668385437e-01,-2.028422610833358411e-02,6.981405666671658405e-01,7.629909828985980136e-01,2.948045286086087291e-01,7.453472136625812761e-01,4.348456907096113211e-01,-5.799708205687702928e-02,7.921897532575418177e-01,1.000000000000000000e+00,3.919248051187627646e-01,7.369770940149569238e-01,-4.016192493258029517e-01,7.563170859149567216e-01,1.731198006600815353e-01,7.921101542547833718e-01,-1.182977956510842810e-01,-1.538488233982478748e-01,8.774147557800853203e-01,3.944390558151141812e-01
-3.447611806048772043e-01,-1.651400534553667809e-01,-4.931577780449808435e-01,2.704021295227551636e-01,8.747678850138705942e-01,1.476383813341760054e-01,9.061133154451529448e-01,-6.058583431847889278e-01,-4.362388928252529663e-01,7.022325799999999951e-01,5.209174814809610643e-01,1.714581101840717547e-01,-1.782848154968511567e-01,6.131391186502397339e-01,1.612090185953411192e-01,-4.485877698359431731e-01,-4.127221323020758836e-01,4.746726215637538382e-01,4.575917371994982497e-01,2.469924553794717315e-01,8.031601795102323305e-01,4.879411584802935131e-01,6.045429379720403951e-01,4.445048163121016471e-01,5.246084677890073822e-01,9.492598935365033075e-01,-6.983587568410368762e-01,8.944918208320187802e-02,3.919248051187627646e-01,1.000000000000000000e+00,5.863742987312210442e-01,-4.275074380303560684e-01,7.591529062493737046e-01,2.916449841951395672e-01,7.259541597047622918e-01,-4.753239429343493749e-01,4.778630752963173300e-01,5.811565563543152901e-01,4.891872132136229068e-01
-1.381294241895207886e-01,-7.331436709056187162e-01,-7.936567082886801794e-01,6.982475618516799099e-01,6.900958956858564974e-01,5.057339793959038099e-01,5.251758923625089448e-01,-9.197558194464253711e-01,1.586946323490218136e-01,6.921839800000000320e-01,-1.878471316776198774e-01,-4.908073219364877948e-01,-8.040032502058009900e-01,-7.509396991634798013e-02,-1.090835249647710281e-01,1.093391854740821678e-02,-2.857002001141281111e-01,2.985369896094060005e-01,8.718301323696064919e-01,6.630865082696455470e-01,3.104945073063742900e-01,3.370959965431177263e-01,4.066109426062374244e-01,1.781659702968629855e-02,9.140749511929170401e-01,5.102186142907318978e-01,-1.172297574960764477e-01,6.147867251455626514e-01,7.369770940149569238e-01,5.863742987312210442e-01,1.000000000000000000e+00,-6.842894957742421402e-01,8.239121500432967649e-01,-3.015964386196124947e-01,9.661899843124246434e-01,2.497763673389551409e-01,2.156434950589369848e-01,9.422148785495241263e-01,3.291435846802048815e-01
-1.528531470020672856e-01,1.197104097367012315e-01,7.097045725758237555e-01,-8.505362205759370298e-01,-3.892045073272312194e-01,-1.904106198768591995e-01,-3.852069093281083045e-01,7.746222921437959652e-01,1.986868739547913709e-01,-2.858527400000000496e-01,-7.931971145467728301e-02,2.195359503019229386e-01,3.886063325275387337e-01,-7.381651498756262864e-02,1.090428182441819244e-01,2.272861360867534652e-01,-1.291293248168703389e-01,-1.163011374900820433e-01,-5.146174743323300715e-01,-3.203937265134358947e-01,-3.212255913746669272e-02,1.131725597916298232e-01,-2.257394027167002395e-02,2.094709248291819759e-01,-8.436736677803640116e-01,-4.857731240191047739e-01,-2.078160939203768653e-02,-4.613361520762684909e-02,-4.016192493258029517e-01,-4.275074380303560684e-01,-6.842894957742421402e-01,1.000000000000000000e+00,-6.719603063553122313e-01,4.139539640397412734e-01,-6.970742698343088684e-01,-5.752179690198894191e-02,-5.370163210964755685e-01,-5.480036063029022353e-01,2.196467368149194188e-01
-4.620709810330614897e-01,-4.299459978930068038e-01,-5.254764025059374122e-01,4.756549758888563018e-01,5.976976703613806619e-01,3.153139401081787585e-01,7.499548501731599925e-01,-7.249237013081710757e-01,-3.689752390822209072e-01,8.368911800000000678e-01,3.211116027049101818e-01,-2.088457319101771556e-02,-6.559681596576962814e-01,4.296114304296880237e-02,-1.261851200408640322e-02,-1.575128524033804489e-01,-3.700331393926936663e-02,5.820140175800863069e-01,6.683537151717990898e-01,4.504513944093633260e-01,4.040742452298090592e-01,5.136773410407885487e-01,6.007857709783089861e-01,1.578542072762436077e-01,8.544169463175846913e-01,7.951796690131167633e-01,-3.701749440132642288e-01,3.973623108666052284e-01,7.563170859149567216e-01,7.591529062493737046e-01,8.239121500432967649e-01,-6.719603063553122313e-01,1.000000000000000000e+00,3.733107911149936148e-02,9.263501828742928268e-01,-2.688916914811775860e-01,2.118727860588403011e-01,8.721130260887264285e-01,3.599546208829610960e-01
-6.113376442113562792e-01,1.362409134606123451e-01,5.767871720288295645e-01,-7.421459360590632048e-01,1.379926691671462258e-01,1.041033607882066586e-01,1.755581339289750409e-01,4.794437938009750155e-01,-5.168839685246645610e-01,4.209046199999999516e-01,6.780120822029624961e-01,7.958322715200816244e-01,2.697287043959877839e-01,2.423275725636865607e-01,-2.729120274112637468e-01,7.011259087480388452e-02,1.231974694878615884e-01,6.866850843034173479e-01,-1.503475175525263441e-01,-3.186089692149128572e-02,2.018592912899471459e-01,6.386827698914553375e-01,6.417840892264967678e-01,8.131149186703139353e-01,-3.021095300697118069e-01,3.547517429787450660e-01,-4.283025964892325788e-01,1.152794955973501095e-02,1.731198006600815353e-01,2.916449841951395672e-01,-3.015964386196124947e-01,4.139539640397412734e-01,3.733107911149936148e-02,1.000000000000000000e+00,-1.053526978512101392e-01,-7.879278459996560402e-01,-1.066277770523125501e-01,-5.380992424916487132e-02,3.940044050652294350e-01
-2.864079923641923431e-01,-6.276867380938299101e-01,-7.053744059724561533e-01,6.036657303383722306e-01,7.354028406788408745e-01,4.799192794839452492e-01,6.515136353990513829e-01,-8.666040577551498147e-01,-8.318471695325396764e-02,8.123651400000000411e-01,6.524444340772678208e-02,-2.628361290823088559e-01,-7.450962439035000440e-01,2.053450442671703527e-02,-1.262676674590980930e-01,-6.839554904722208728e-02,-1.973657608772542982e-01,4.743142248414038420e-01,8.449716146657042515e-01,6.006324572468969558e-01,3.830800786205107444e-01,4.554271852023329403e-01,5.527189219520358687e-01,1.667785595639164620e-01,9.279144218923367493e-01,6.951234694783621215e-01,-2.506786273498484152e-01,5.505367213310987662e-01,7.921101542547833718e-01,7.259541597047622918e-01,9.661899843124246434e-01,-6.970742698343088684e-01,9.263501828742928268e-01,-1.053526978512101392e-01,1.000000000000000000e+00,-4.616752777087556638e-03,2.615238068242616287e-01,9.544496829972697327e-01,3.655259012259309270e-01
5.712008809237257845e-01,-4.919627211579211679e-01,-4.165724263713446729e-01,4.455350166336094486e-01,-1.368520828080924678e-01,1.713504049470866430e-01,-3.955384522414690518e-01,-2.954122051632633861e-01,9.140298359810623552e-01,-3.733117000000000241e-01,-9.806568944885258876e-01,-8.983247054391846342e-01,-3.577673970873055387e-01,-4.165957971851037001e-01,8.188490745078713662e-02,3.444862804175387039e-01,-3.274894087028017986e-01,-6.455029810165390236e-01,2.309640499588753726e-01,2.817926024395183138e-01,-2.476535475813943232e-01,-4.680568132372984191e-01,-5.189514517151996298e-01,-5.910147506814030782e-01,8.399259935951218503e-02,-6.314571401205435475e-01,5.170323334481424782e-01,3.130732699886843440e-01,-1.182977956510842810e-01,-4.753239429343493749e-01,2.497763673389551409e-01,-5.752179690198894191e-02,-2.688916914811775860e-01,-7.879278459996560402e-01,-4.616752777087556638e-03,1.000000000000000000e+00,-1.893861344271824954e-01,6.668562114253660800e-02,-1.885431656436557801e-01
3.068751563192394505e-01,3.090240426259363571e-01,-5.340544785318521726e-01,5.540003997644833422e-01,5.020413837397058598e-01,8.855661173980283740e-02,2.219321292033789306e-01,-4.726880452722752035e-01,-2.711761483379715454e-01,-6.762754000000004151e-02,2.910039260412921047e-01,3.759919773312022512e-02,3.653405818642958547e-01,6.624406475671911210e-01,-1.026499312394618113e-01,-3.991491015565338807e-01,-1.225265492131949463e-01,-4.944530847204708923e-02,1.697738890939208267e-01,2.067628377520403654e-02,2.012721225518834811e-01,-1.710941409929889745e-01,-1.980831163849778587e-01,2.415616236216295565e-01,3.094944260260124036e-01,4.680719387866849046e-01,-7.075166745098987464e-02,-5.151564303511810827e-01,-1.538488233982478748e-01,4.778630752963173300e-01,2.156434950589369848e-01,-5.370163210964755685e-01,2.118727860588403011e-01,-1.066277770523125501e-01,2.615238068242616287e-01,-1.893861344271824954e-01,1.000000000000000000e+00,6.220670579137092121e-02,-9.793001811983179095e-02
-4.062540136787030631e-01,-7.728625169282543617e-01,-5.888759463683908013e-01,4.758530075760574185e-01,6.218383281659767281e-01,5.597581828701627682e-01,5.079576554068551131e-01,-7.601191936686183537e-01,3.435463323034878419e-02,8.530092199999999014e-01,-4.861380513138204018e-02,-3.242495370139485966e-01,-8.506888430874379736e-01,-1.660767694198745092e-01,-2.092905929377402163e-01,1.231270888488823489e-01,-1.550832184363863664e-01,5.238617707867875284e-01,8.685478039550335039e-01,6.817148673654909175e-01,2.565527060739159482e-01,5.836209298883743291e-01,5.921308367641097137e-01,1.890197683884119462e-01,8.611169335950585868e-01,5.401204500405016873e-01,-1.778592716970386345e-01,7.262989315262986523e-01,8.774147557800853203e-01,5.811565563543152901e-01,9.422148785495241263e-01,-5.480036063029022353e-01,8.721130260887264285e-01,-5.380992424916487132e-02,9.544496829972697327e-01,6.668562114253660800e-02,6.220670579137092121e-02,1.000000000000000000e+00,4.783432925228180421e-01
-6.544489792321860344e-01,-4.717048617731809945e-01,-1.165737651253649088e-01,-1.948388166294755808e-01,5.298562826431276740e-01,1.500698258545796748e-01,3.960941777212459436e-01,-2.158497386744050173e-01,6.378690527588357084e-02,6.084925199999999812e-01,8.692823909843822028e-02,-9.475890975174644515e-02,-2.490820913119300151e-01,2.009198392363787111e-01,5.020218518819022369e-02,-8.592175038154567512e-02,-5.074624962422049634e-01,4.574308095650282402e-01,2.216477430372241764e-01,4.923653180572735155e-01,5.054611636684309683e-01,8.472858962243748904e-01,6.112868893847185348e-01,4.127331506835040242e-01,4.127590171290795168e-02,3.096581000324560851e-01,-5.836736968229990774e-01,4.852791540004545712e-01,3.944390558151141812e-01,4.891872132136229068e-01,3.291435846802048815e-01,2.196467368149194188e-01,3.599546208829610960e-01,3.940044050652294350e-01,3.655259012259309270e-01,-1.885431656436557801e-01,-9.793001811983179095e-02,4.783432925228180421e-01,1.000000000000000000e+00
