1.000000000000000000e+00,3.928691671767756133e-02,-9.362960594824265570e-01,7.957939790532986279e-01,-9.460933920683553544e-02,-1.450629707577978378e-01,-6.454007820150368113e-01,-8.536285747729546181e-01,7.601184800000000408e-01,-3.725490804349884111e-01,-3.954061273969267098e-01,8.291972839936585793e-02,-4.615144405092036495e-01,4.894142918260181996e-01,-6.510042299317918557e-01,7.154879273056294897e-01,-3.194917523204237608e-01,-3.116840288697441119e-01,-7.042723383204817500e-01,-7.198841501189453540e-01,9.242657661056191687e-01,-2.293775560130458316e-02,7.773657236549549321e-01,-3.551593050953123498e-01,6.849018937850508415e-01,2.400637429390669597e-01,-4.051938874589371409e-01,-9.462761477024795864e-01,6.530275160005551138e-02,-3.108088681931698294e-01,-4.832728841951788312e-01,-5.770281154636724974e-01,-4.194529596109442537e-01,-8.030296591797315697e-01,-1.994506611836524279e-01,4.456877825212926525e-01,4.652415222387381588e-01,1.262193166272483347e-01,-8.295291778931083160e-01
3.928691671767756133e-02,1.000000000000000000e+00,3.130398942273177748e-02,2.442335204763247114e-01,-7.358260026106361318e-01,-6.090990479072827535e-01,-5.677150905303188777e-01,-4.170728372046668131e-01,4.755430400000000279e-01,2.718266326301365665e-01,-4.683837085782772691e-01,-6.965074929494600164e-01,4.175922665094056740e-01,4.498847711416826822e-01,-1.108488143615762589e-01,5.924091917914831029e-02,-7.048541160394738991e-01,-8.196966161396319617e-01,4.103625223078946616e-01,1.788074807065978544e-02,2.180935549973789800e-01,-2.038181495334148163e-01,-4.176760092146620251e-01,1.384252691303378136e-01,-3.683127843619397879e-02,7.715701119282795117e-01,-7.613894798546281262e-01,4.117393144917051023e-02,-4.712200633969996222e-01,6.917038860951205681e-01,2.902881697442818987e-01,-6.963523095044146238e-01,-2.458705253054897233e-01,-3.679578036534261742e-01,6.647635999254150052e-01,6.468481221096380462e-01,-9.163078314040496580e-03,-4.954050056557180448e-01,3.242196511293727879e-01
-9.362960594824265570e-01,3.130398942273177748e-02,1.000000000000000000e+00,-5.640611845116276779e-01,-1.272470242536157328e-02,2.637919548538721765e-02,5.910732351394083484e-01,7.701404972321885811e-01,-7.116207199999999844e-01,5.171956683853847769e-01,1.348538315392704690e-01,1.448144272103689227e-02,4.001584180774871435e-01,-2.404928812898634860e-01,7.041370870391333581e-01,-8.282325078239042293e-01,2.451331656669985815e-01,2.757779615848648391e-01,6.385446709378045371e-01,6.591270685188065359e-01,-9.464804978934723279e-01,-1.077276193084066025e-01,-6.485737635331838558e-01,9.199524709935168187e-02,-4.246678355385933301e-01,-2.189949238370700324e-01,2.099459149600456653e-01,8.426408532958433728e-01,-1.058368150257825296e-01,3.074958655676239272e-01,4.996834698196325197e-01,5.446058523086090286e-01,2.864089194837259877e-01,7.360701884253417759e-01,2.956307271065480302e-01,-4.709044494718834239e-01,-6.273745706846547421e-01,-1.959397210213318641e-01,7.564566576002131892e-01
7.957939790532986279e-01,2.442335204763247114e-01,-5.640611845116276779e-01,1.000000000000000000e+00,-3.652121488430242757e-01,-3.938497827785354954e-01,-6.772873355521116245e-01,-8.251007888852526229e-01,7.225071999999999051e-01,-1.414171459130129926e-01,-7.924018542155374378e-01,3.229964034345179230e-02,-3.390759103967665444e-01,8.760647181102232395e-01,-4.298142264167999493e-01,3.639246762307555838e-01,-4.554569016203095511e-01,-3.842746727610938384e-01,-5.739495199090423050e-01,-6.618448965263266093e-01,6.183332805625258999e-01,-3.782014262327715315e-01,6.947169348489601326e-01,-6.098780927399702900e-01,9.132184820625903754e-01,2.427703725624989206e-01,-6.900368979762276922e-01,-8.481049230019391816e-01,7.007912642035591180e-03,-2.486756934584783141e-01,-2.748474672930379392e-01,-5.731614490638274884e-01,-4.566862130250546326e-01,-8.032910971533561151e-01,1.213716192277077277e-01,4.388816529646079045e-01,1.319174826276157397e-01,-2.139105943775982954e-01,-6.357034404188630639e-01
-9.460933920683553544e-02,-7.358260026106361318e-01,-1.272470242536157328e-02,-3.652121488430242757e-01,1.000000000000000000e+00,7.661236291267122800e-01,4.905291050431754285e-01,4.244803653078194627e-01,-4.113078000000000012e-01,-1.787461354559899407e-01,3.395362395996600058e-01,5.951807355829623614e-01,-1.877175936449978488e-01,-4.853536437662738789e-01,-9.277544044409929969e-02,7.531750800655270806e-02,7.554553365614313787e-01,4.079223543240337868e-01,-3.450120335065823829e-01,-4.925835930951925901e-02,-1.777632792023959574e-01,2.778802563123617536e-02,3.018520464706471174e-01,6.146917719074620340e-02,-1.088249117528986565e-01,-8.580283949386899867e-01,8.765842726631603021e-01,-1.769340635332674119e-02,1.612734534681238563e-01,-3.192968212974286457e-01,-1.860249105655261970e-01,6.026747206082179176e-01,-1.746760322482483474e-01,4.928813871433475047e-01,-7.578315052344373193e-01,-5.210433742475126806e-01,1.872548990559355919e-01,3.716658842188474421e-01,-3.323511331603600238e-01
-1.450629707577978378e-01,-6.090990479072827535e-01,2.637919548538721765e-02,-3.938497827785354954e-01,7.661236291267122800e-01,1.000000000000000000e+00,4.519137282333963168e-01,4.276975272982012632e-01,-4.007450599999999863e-01,-1.804162629557110042e-01,4.878578620790844367e-01,3.677181885647391457e-01,-1.539092049133799212e-01,-4.649436579552472248e-01,-1.682391905657364684e-01,3.162321078111740569e-02,4.188361706407250362e-01,4.710490546949254176e-01,-3.547736516565393461e-01,1.250792841990314985e-01,-1.526841473683951678e-01,4.961016605654598732e-02,1.998590799765462833e-01,2.452457380943603993e-01,-1.665919559780128789e-01,-7.030688807938239027e-01,7.462504101510675225e-01,4.415227833517398892e-02,1.767395226622019699e-01,-1.616599186749613226e-01,-3.014480473013214645e-01,5.647300728221128496e-01,-1.841243226136834443e-01,5.510194654425024652e-01,-3.428690093644752857e-01,-4.027182397783003465e-01,1.657561515122038809e-01,3.721593488402796801e-01,-2.089176393177187563e-01
-6.454007820150368113e-01,-5.677150905303188777e-01,5.910732351394083484e-01,-6.772873355521116245e-01,4.905291050431754285e-01,4.519137282333963168e-01,1.000000000000000000e+00,9.360650872646210097e-01,-9.853049000000000390e-01,4.141659716623224408e-01,6.435887224566685383e-01,6.168329544191810676e-01,-2.038132581344482830e-01,-7.517340765427076299e-01,5.412290978950622389e-01,-7.486298996850704324e-01,7.545240959181681584e-01,7.629483123133444789e-01,3.070862175961768248e-01,7.143429034017060308e-01,-7.472814430584420187e-01,4.873634759704394970e-01,-1.688511399022588066e-01,-1.002407933776793686e-01,-3.365082019394566859e-01,-5.539813796547217173e-01,6.113541424697523929e-01,6.460103910253025550e-01,2.162479963552181583e-01,-2.847486096723298929e-02,7.866882668311680690e-03,9.562846626088813418e-01,2.483544159632364856e-01,8.868647734791305082e-01,-2.129746332177427925e-01,-9.315922678398691481e-01,-6.444712261076817050e-01,6.176674967454067744e-01,3.925311844859761257e-01
-8.536285747729546181e-01,-4.170728372046668131e-01,7.701404972321885811e-01,-8.251007888852526229e-01,4.244803653078194627e-01,4.276975272982012632e-01,9.360650872646210097e-01,1.000000000000000000e+00,-9.741098400000000046e-01,4.271171506406288843e-01,6.165873576640212850e-01,3.527283483407886444e-01,4.290812984264635171e-02,-7.375005407308178329e-01,5.928380991554300650e-01,-7.487054527115636349e-01,6.533090182572579563e-01,6.419345840150413318e-01,4.646490404787660955e-01,7.970847685716486719e-01,-8.748838049522303928e-01,2.964996086578256529e-01,-4.354888675373922435e-01,1.542800470429730453e-01,-5.566277860983726011e-01,-4.988546704722772729e-01,6.411017852511353698e-01,8.156573589764517518e-01,1.685705343913425913e-01,1.479365837406997897e-01,1.388069768499041734e-01,8.826205386233555439e-01,2.972544665774529138e-01,9.447155537968470185e-01,-1.192543286322269303e-01,-7.805704568840658997e-01,-5.565469342840472233e-01,3.646987834298183184e-01,5.985626164533490723e-01
7.601184800000000408e-01,4.755430400000000279e-01,-7.116207199999999844e-01,7.225071999999999051e-01,-4.113078000000000012e-01,-4.007450599999999863e-01,-9.853049000000000390e-01,-9.741098400000000046e-01,1.000000000000000000e+00,-4.522808400000000173e-01,-6.097883800000000187e-01,-5.046360400000000634e-01,9.490006000000006381e-02,7.188427799999999035e-01,-5.991443800000000319e-01,8.109670600000000729e-01,-6.989117000000000246e-01,-7.172088400000000696e-01,-4.081405799999999751e-01,-7.746556599999999682e-01,8.401387199999998945e-01,-4.061068799999999479e-01,2.997783000000000531e-01,3.315448000000009721e-02,4.064244200000000085e-01,5.140280999999999878e-01,-5.765241599999999522e-01,-7.452035599999999871e-01,-1.901642999999999528e-01,-5.007753999999997596e-02,-9.279535999999999341e-02,-9.358486400000000094e-01,-2.879148000000000263e-01,-9.157695799999999720e-01,1.153773199999998944e-01,8.835545399999999994e-01,6.744548599999999894e-01,-4.960895199999999505e-01,-5.188783799999999724e-01
-3.725490804349884111e-01,2.718266326301365665e-01,5.171956683853847769e-01,-1.414171459130129926e-01,-1.787461354559899407e-01,-1.804162629557110042e-01,4.141659716623224408e-01,4.271171506406288843e-01,-4.522808400000000173e-01,1.000000000000000000e+00,-1.149876386394722977e-01,2.381784495719224681e-01,-1.435446295017355767e-01,-7.515444256175227156e-02,4.630415366187276560e-01,-6.602350890920996029e-01,3.207757479570661624e-02,9.117419794093505059e-02,3.576462727416784837e-01,6.688644324340841107e-01,-4.410836343075323351e-01,1.280983920405034393e-01,-1.782062278988753024e-01,-3.119322411360760938e-01,-2.064821951715982082e-02,1.717535858274847893e-01,-2.111284253636033226e-01,3.624891125209722120e-01,-3.111347297742556375e-02,6.632665914866455736e-01,-6.012958595661285072e-02,2.656188294025884633e-01,-3.254620675096420168e-01,4.107511740020593494e-01,1.784382270760313804e-01,-3.732387970006919575e-01,-7.057303196143555057e-01,2.648223136469433636e-01,3.763008973418927594e-01
-3.954061273969267098e-01,-4.683837085782772691e-01,1.348538315392704690e-01,-7.924018542155374378e-01,3.395362395996600058e-01,4.878578620790844367e-01,6.435887224566685383e-01,6.165873576640212850e-01,-6.097883800000000187e-01,-1.149876386394722977e-01,1.000000000000000000e+00,1.418087421093021105e-01,-6.834840895477867218e-03,-9.264701900645631039e-01,2.268797663724442804e-01,-1.861393287599993340e-01,4.362553619029688190e-01,5.921242398805348639e-01,2.933219956963375452e-01,5.083777584022112217e-01,-2.614883962931996431e-01,7.205348535116400388e-01,-3.315959059389506081e-01,4.570675718177639180e-01,-6.715703331629215844e-01,-1.937937429533774236e-01,6.184019195954955084e-01,5.453156115742280319e-01,1.457173557808821296e-01,-8.722090067997173568e-02,-2.791250425330089185e-02,5.661290700485201999e-01,5.274414915626790545e-01,5.961361331104289007e-01,-1.355219645393342387e-01,-4.758760821672660124e-01,-7.077054566287917237e-02,5.798236915718826268e-01,3.345843099312225677e-01
8.291972839936585793e-02,-6.965074929494600164e-01,1.448144272103689227e-02,3.229964034345179230e-02,5.951807355829623614e-01,3.677181885647391457e-01,6.168329544191810676e-01,3.527283483407886444e-01,-5.046360400000000634e-01,2.381784495719224681e-01,1.418087421093021105e-01,1.000000000000000000e+00,-5.643075215836926839e-01,-2.652319531899647864e-01,2.222682599513376711e-01,-3.426365603395026826e-01,6.501779308900121901e-01,5.946980080598451845e-01,-3.026271282799424256e-01,3.446835713513588667e-02,-1.997256627388866168e-01,3.438770982008220733e-01,5.773588804099134553e-01,-6.585379148687212636e-01,3.940009628138569919e-01,-6.156734519634651237e-01,3.825714955647646076e-01,-1.160899782524398433e-01,1.790503395331534409e-01,-4.133903603468413457e-01,-2.179180792748950379e-01,6.738296843148354753e-01,-1.462783039860819367e-01,3.667911272181726412e-01,-5.218018524250672696e-01,-8.279755321281679903e-01,-4.319305699093716755e-01,6.713104324713121684e-01,-3.797824706153821173e-01
-4.615144405092036495e-01,4.175922665094056740e-01,4.001584180774871435e-01,-3.390759103967665444e-01,-1.877175936449978488e-01,-1.539092049133799212e-01,-2.038132581344482830e-01,4.290812984264635171e-02,9.490006000000006381e-02,-1.435446295017355767e-01,-6.834840895477867218e-03,-5.643075215836926839e-01,1.000000000000000000e+00,2.903224488401597372e-02,3.444689565960959432e-01,2.054786176269732256e-02,-3.681862245394904587e-01,-4.285328654415319072e-01,5.982840455039243333e-01,-8.033790685422484423e-02,-2.227770525515274103e-01,-2.400595579617967046e-01,-7.370286826494942822e-01,6.085615312004977184e-01,-5.142986649910349373e-01,2.037776362132545926e-01,1.926241862083000189e-02,4.721336930102814633e-01,-6.956391115701590078e-01,2.172985122863339835e-01,8.101910046035015744e-01,-2.252853523863385665e-01,3.250753340836379235e-01,1.507293340525879821e-01,4.099478092275153918e-01,2.828731496380317290e-01,2.246241745511549370e-01,-6.953141729050168474e-01,4.541661076252219154e-01
4.894142918260181996e-01,4.498847711416826822e-01,-2.404928812898634860e-01,8.760647181102232395e-01,-4.853536437662738789e-01,-4.649436579552472248e-01,-7.517340765427076299e-01,-7.375005407308178329e-01,7.188427799999999035e-01,-7.515444256175227156e-02,-9.264701900645631039e-01,-2.652319531899647864e-01,2.903224488401597372e-02,1.000000000000000000e+00,-2.893802961630205783e-01,2.693922205720982177e-01,-6.092452664815604102e-01,-5.300951754405131000e-01,-3.654200715333125182e-01,-5.772423625028126892e-01,3.798067790739621530e-01,-6.998811635787739460e-01,3.619384035817309053e-01,-3.804149926745534205e-01,7.198191984005591904e-01,2.830312174476254938e-01,-7.080558546031289202e-01,-6.187263224364242253e-01,-1.272732082824385713e-01,-5.179240094822153140e-02,-2.219742312483383856e-02,-6.432134606849305714e-01,-4.065645867223089960e-01,-7.060559261606682568e-01,3.246607994026055599e-01,5.871312913794257682e-01,1.520264128332589337e-01,-6.123995644356078349e-01,-3.700308156613139610e-01
-6.510042299317918557e-01,-1.108488143615762589e-01,7.041370870391333581e-01,-4.298142264167999493e-01,-9.277544044409929969e-02,-1.682391905657364684e-01,5.412290978950622389e-01,5.928380991554300650e-01,-5.991443800000000319e-01,4.630415366187276560e-01,2.268797663724442804e-01,2.222682599513376711e-01,3.444689565960959432e-01,-2.893802961630205783e-01,1.000000000000000000e+00,-6.788311359534238143e-01,1.157885774182757233e-01,3.660927694443940617e-01,6.800702766243060804e-01,4.415363593949406251e-01,-6.910375553190188924e-01,2.207680168905439000e-01,-4.626199994551030148e-01,-1.022708451652521236e-02,-2.963191933383774734e-01,-3.576699225202489146e-02,1.470937524974152422e-01,6.711554717929506531e-01,-1.728043609475658215e-01,2.719077395631679106e-02,4.931113112656873021e-01,4.848685922236580237e-01,5.061522885307613295e-01,5.199110673069254895e-01,1.341751533839867228e-01,-5.358047944570812904e-01,-5.554258503699538441e-01,-4.639525840608758954e-04,6.052493161674725730e-01
7.154879273056294897e-01,5.924091917914831029e-02,-8.282325078239042293e-01,3.639246762307555838e-01,7.531750800655270806e-02,3.162321078111740569e-02,-7.486298996850704324e-01,-7.487054527115636349e-01,8.109670600000000729e-01,-6.602350890920996029e-01,-1.861393287599993340e-01,-3.426365603395026826e-01,2.054786176269732256e-02,2.693922205720982177e-01,-6.788311359534238143e-01,1.000000000000000000e+00,-3.568249147671504473e-01,-4.506222436824014466e-01,-5.423270349926860856e-01,-7.422193239717045365e-01,8.454209770944598468e-01,-2.266805569232440143e-01,3.389934818555744300e-01,3.170379270408172356e-01,1.126283967292954213e-01,1.976343829374212213e-01,-3.278061849053293120e-02,-6.962661812516017790e-01,-2.343198996161227621e-02,-1.985495245435426881e-01,-2.554942858222807311e-01,-6.791558150916585657e-01,-2.026057979389158104e-01,-6.815244714511579094e-01,-3.224495117294396973e-01,7.045892137647188358e-01,9.428332894965395505e-01,-2.271950216543180967e-01,-6.343454890018469516e-01
-3.194917523204237608e-01,-7.048541160394738991e-01,2.451331656669985815e-01,-4.554569016203095511e-01,7.554553365614313787e-01,4.188361706407250362e-01,7.545240959181681584e-01,6.533090182572579563e-01,-6.989117000000000246e-01,3.207757479570661624e-02,4.362553619029688190e-01,6.501779308900121901e-01,-3.681862245394904587e-01,-6.092452664815604102e-01,1.157885774182757233e-01,-3.568249147671504473e-01,1.000000000000000000e+00,5.940514998906823996e-01,-4.891116104409822668e-02,3.050682049815915953e-01,-4.667349697732280367e-01,2.753146456446877721e-01,1.354877844141471055e-01,-1.790701610598388893e-01,-1.539112721578545784e-01,-7.496234872260351123e-01,7.162683409801402501e-01,2.710235930715227393e-01,3.678468894585657512e-01,-3.033855824929197476e-01,-1.210677900140629398e-01,7.861092774691983420e-01,1.103102515487777158e-01,5.841183411541939208e-01,-6.189060611862697847e-01,-7.448696227535982484e-01,-2.937663101259567200e-01,5.317946768344311570e-01,1.916425587129172436e-02
-3.116840288697441119e-01,-8.196966161396319617e-01,2.757779615848648391e-01,-3.842746727610938384e-01,4.079223543240337868e-01,4.710490546949254176e-01,7.629483123133444789e-01,6.419345840150413318e-01,-7.172088400000000696e-01,9.117419794093505059e-02,5.921242398805348639e-01,5.946980080598451845e-01,-4.285328654415319072e-01,-5.300951754405131000e-01,3.660927694443940617e-01,-4.506222436824014466e-01,5.940514998906823996e-01,1.000000000000000000e+00,-1.406040039889547288e-01,4.265513420648172627e-01,-4.847655381143318731e-01,3.615769158412250328e-01,1.596469441021503011e-01,-1.525601370641467835e-01,-9.049491202305359749e-02,-5.519315825764700145e-01,5.655272797097063986e-01,2.743493166729712440e-01,5.627981214228409135e-01,-4.417156561295608186e-01,-2.929651602250989417e-01,8.172682866122330525e-01,3.782698630295162623e-01,5.393857540550511809e-01,-3.105968895078371483e-01,-7.461645230451510180e-01,-3.819544175633544647e-01,5.839312103518542463e-01,5.957279450438023732e-02
-7.042723383204817500e-01,4.103625223078946616e-01,6.385446709378045371e-01,-5.739495199090423050e-01,-3.450120335065823829e-01,-3.547736516565393461e-01,3.070862175961768248e-01,4.646490404787660955e-01,-4.081405799999999751e-01,3.576462727416784837e-01,2.933219956963375452e-01,-3.026271282799424256e-01,5.982840455039243333e-01,-3.654200715333125182e-01,6.800702766243060804e-01,-5.423270349926860856e-01,-4.891116104409822668e-02,-1.406040039889547288e-01,1.000000000000000000e+00,5.438725610581934822e-01,-5.307074442739002640e-01,3.061515357791789183e-01,-8.597050397153136458e-01,3.338874307016754805e-01,-6.220482872831895049e-01,3.329088107089811510e-01,-6.904102238312589956e-02,8.358009176041304444e-01,-4.166524446094943546e-01,4.428412786010305635e-01,6.650455897329289323e-01,1.391482969791920099e-01,4.810065527553708531e-01,4.193927928912394854e-01,4.480963653209319997e-01,-1.534260814095040060e-01,-4.217912469323877867e-01,-1.560399862713355568e-01,8.848270118530696671e-01
-7.198841501189453540e-01,1.788074807065978544e-02,6.591270685188065359e-01,-6.618448965263266093e-01,-4.925835930951925901e-02,1.250792841990314985e-01,7.143429034017060308e-01,7.970847685716486719e-01,-7.746556599999999682e-01,6.688644324340841107e-01,5.083777584022112217e-01,3.446835713513588667e-02,-8.033790685422484423e-02,-5.772423625028126892e-01,4.415363593949406251e-01,-7.422193239717045365e-01,3.050682049815915953e-01,4.265513420648172627e-01,5.438725610581934822e-01,1.000000000000000000e+00,-6.699901277935012001e-01,3.614959417730855273e-01,-5.108964794167686341e-01,1.549514453268777403e-01,-5.231485272057098124e-01,5.492788909602142056e-03,1.751405258113604424e-01,7.545415341631229733e-01,2.240977703085539341e-01,5.430098403942180685e-01,-8.118112169389560262e-02,5.617988490094982801e-01,1.352657115455923043e-01,7.126564999457694061e-01,2.274942208006190403e-01,-4.753940794166700012e-01,-6.487806722471736176e-01,3.972438183232364084e-01,7.359913033826547268e-01
9.242657661056191687e-01,2.180935549973789800e-01,-9.464804978934723279e-01,6.183332805625258999e-01,-1.777632792023959574e-01,-1.526841473683951678e-01,-7.472814430584420187e-01,-8.748838049522303928e-01,8.401387199999998945e-01,-4.410836343075323351e-01,-2.614883962931996431e-01,-1.997256627388866168e-01,-2.227770525515274103e-01,3.798067790739621530e-01,-6.910375553190188924e-01,8.454209770944598468e-01,-4.667349697732280367e-01,-4.847655381143318731e-01,-5.307074442739002640e-01,-6.699901277935012001e-01,1.000000000000000000e+00,3.191020518044171417e-02,5.165281924415840997e-01,-3.176689284927682738e-02,4.020332107709269631e-01,4.385856277100145251e-01,-4.016531631876093522e-01,-8.173587710287586461e-01,-1.043016965014065683e-01,-1.117862199837281467e-01,-3.697376911320047199e-01,-7.336282672561659224e-01,-3.515975451527129092e-01,-7.849161782203023519e-01,-7.987768368905523442e-02,6.285843599028410056e-01,6.369837021140568600e-01,3.082850497537030499e-02,-6.864017902123976667e-01
-2.293775560130458316e-02,-2.038181495334148163e-01,-1.077276193084066025e-01,-3.782014262327715315e-01,2.778802563123617536e-02,4.961016605654598732e-02,4.873634759704394970e-01,2.964996086578256529e-01,-4.061068799999999479e-01,1.280983920405034393e-01,7.205348535116400388e-01,3.438770982008220733e-01,-2.400595579617967046e-01,-6.998811635787739460e-01,2.207680168905439000e-01,-2.266805569232440143e-01,2.753146456446877721e-01,3.615769158412250328e-01,3.061515357791789183e-01,3.614959417730855273e-01,3.191020518044171417e-02,1.000000000000000000e+00,-9.196689428835769231e-02,-6.801395779993069102e-02,-2.760873783657814551e-01,1.746215015474158472e-01,1.155210198269319699e-01,2.978140078871203134e-01,-6.621818067981802280e-02,-1.909965275815345143e-02,2.728708698108799871e-04,3.206276171884551163e-01,3.600666967256330731e-01,2.910932680222529934e-01,-2.532399544213460515e-02,-4.848948648166661601e-01,-3.347541967937491814e-01,7.723977619442670139e-01,1.507546708720026996e-01
7.773657236549549321e-01,-4.176760092146620251e-01,-6.485737635331838558e-01,6.947169348489601326e-01,3.018520464706471174e-01,1.998590799765462833e-01,-1.688511399022588066e-01,-4.354888675373922435e-01,2.997783000000000531e-01,-1.782062278988753024e-01,-3.315959059389506081e-01,5.773588804099134553e-01,-7.370286826494942822e-01,3.619384035817309053e-01,-4.626199994551030148e-01,3.389934818555744300e-01,1.354877844141471055e-01,1.596469441021503011e-01,-8.597050397153136458e-01,-5.108964794167686341e-01,5.165281924415840997e-01,-9.196689428835769231e-02,1.000000000000000000e+00,-6.293448671707881914e-01,8.357144402260023863e-01,-3.133001222079078718e-01,-6.071771191221331243e-02,-8.559378823895711363e-01,3.463384486228530124e-01,-5.039960812523046618e-01,-6.513659493281965807e-01,-1.724991134462072750e-02,-5.079573351974002726e-01,-4.139765912356784816e-01,-4.386695287487261119e-01,-6.792627311764501408e-02,1.405021719015762116e-01,3.658768640646885562e-01,-8.645533305902562971e-01
-3.551593050953123498e-01,1.384252691303378136e-01,9.199524709935168187e-02,-6.098780927399702900e-01,6.146917719074620340e-02,2.452457380943603993e-01,-1.002407933776793686e-01,1.542800470429730453e-01,3.315448000000009721e-02,-3.119322411360760938e-01,4.570675718177639180e-01,-6.585379148687212636e-01,6.085615312004977184e-01,-3.804149926745534205e-01,-1.022708451652521236e-02,3.170379270408172356e-01,-1.790701610598388893e-01,-1.525601370641467835e-01,3.338874307016754805e-01,1.549514453268777403e-01,-3.176689284927682738e-02,-6.801395779993069102e-02,-6.293448671707881914e-01,1.000000000000000000e+00,-7.987722392788547676e-01,1.225114825384523431e-01,3.712751809359691180e-01,3.826391002137803921e-01,-1.140998322319958791e-01,2.590761755172824587e-01,1.647918157715239085e-01,-1.246271262519638018e-01,2.910965651333931037e-01,1.823234059905264326e-01,7.197339134042712860e-02,3.719364953936646345e-01,5.538546926541201287e-01,-3.038890308385548411e-01,3.910282332877290101e-01
6.849018937850508415e-01,-3.683127843619397879e-02,-4.246678355385933301e-01,9.132184820625903754e-01,-1.088249117528986565e-01,-1.665919559780128789e-01,-3.365082019394566859e-01,-5.566277860983726011e-01,4.064244200000000085e-01,-2.064821951715982082e-02,-6.715703331629215844e-01,3.940009628138569919e-01,-5.142986649910349373e-01,7.198191984005591904e-01,-2.963191933383774734e-01,1.126283967292954213e-01,-1.539112721578545784e-01,-9.049491202305359749e-02,-6.220482872831895049e-01,-5.231485272057098124e-01,4.020332107709269631e-01,-2.760873783657814551e-01,8.357144402260023863e-01,-7.987722392788547676e-01,1.000000000000000000e+00,-7.615309328831211533e-02,-4.816060184261595767e-01,-7.728574676130709475e-01,1.037336879584739580e-01,-3.758456649212004730e-01,-3.490407317706492596e-01,-1.974067468190091879e-01,-4.941743718816567488e-01,-5.322615513269430831e-01,-3.870094166756027527e-03,6.134837370568090031e-02,-1.093827394215782928e-01,3.482266958041196903e-02,-6.589581135336879392e-01
2.400637429390669597e-01,7.715701119282795117e-01,-2.189949238370700324e-01,2.427703725624989206e-01,-8.580283949386899867e-01,-7.030688807938239027e-01,-5.539813796547217173e-01,-4.988546704722772729e-01,5.140280999999999878e-01,1.717535858274847893e-01,-1.937937429533774236e-01,-6.156734519634651237e-01,2.037776362132545926e-01,2.830312174476254938e-01,-3.576699225202489146e-02,1.976343829374212213e-01,-7.496234872260351123e-01,-5.519315825764700145e-01,3.329088107089811510e-01,5.492788909602142056e-03,4.385856277100145251e-01,1.746215015474158472e-01,-3.133001222079078718e-01,1.225114825384523431e-01,-7.615309328831211533e-02,1.000000000000000000e+00,-7.741613969932817918e-01,-4.760263968017731245e-02,-3.090574014899333810e-01,4.945332915921553107e-01,1.212319340988464306e-01,-7.371258320352588322e-01,5.479287338597271795e-02,-5.000071098303164874e-01,5.592841371858719990e-01,5.984326016169716489e-01,5.538615499835209538e-02,-2.050805032524919691e-01,2.084700555543434752e-01
-4.051938874589371409e-01,-7.613894798546281262e-01,2.099459149600456653e-01,-6.900368979762276922e-01,8.765842726631603021e-01,7.462504101510675225e-01,6.113541424697523929e-01,6.411017852511353698e-01,-5.765241599999999522e-01,-2.111284253636033226e-01,6.184019195954955084e-01,3.825714955647646076e-01,1.926241862083000189e-02,-7.080558546031289202e-01,1.470937524974152422e-01,-3.278061849053293120e-02,7.162683409801402501e-01,5.655272797097063986e-01,-6.904102238312589956e-02,1.751405258113604424e-01,-4.016531631876093522e-01,1.155210198269319699e-01,-6.071771191221331243e-02,3.712751809359691180e-01,-4.816060184261595767e-01,-7.741613969932817918e-01,1.000000000000000000e+00,3.215799643380063966e-01,2.413862948118684626e-01,-2.926430474734565412e-01,-3.867835934142693777e-02,6.877875236541710624e-01,2.204699922444947058e-01,6.409748318079933060e-01,-6.552994021761879839e-01,-5.275339691193130509e-01,1.814245973092059039e-01,2.879920303043514429e-01,6.162955292424804332e-03
-9.462761477024795864e-01,4.117393144917051023e-02,8.426408532958433728e-01,-8.481049230019391816e-01,-1.769340635332674119e-02,4.415227833517398892e-02,6.460103910253025550e-01,8.156573589764517518e-01,-7.452035599999999871e-01,3.624891125209722120e-01,5.453156115742280319e-01,-1.160899782524398433e-01,4.721336930102814633e-01,-6.187263224364242253e-01,6.711554717929506531e-01,-6.962661812516017790e-01,2.710235930715227393e-01,2.743493166729712440e-01,8.358009176041304444e-01,7.545415341631229733e-01,-8.173587710287586461e-01,2.978140078871203134e-01,-8.559378823895711363e-01,3.826391002137803921e-01,-7.728574676130709475e-01,-4.760263968017731245e-02,3.215799643380063966e-01,1.000000000000000000e+00,-1.653558701015679921e-01,3.487634641481407449e-01,5.428050751409129182e-01,5.146347310263151842e-01,5.371172392388082750e-01,7.692931453058861058e-01,2.727588022114986188e-01,-4.423104172957200153e-01,-4.924790352949338645e-01,3.594677731973290255e-03,8.845992989833827425e-01
6.530275160005551138e-02,-4.712200633969996222e-01,-1.058368150257825296e-01,7.007912642035591180e-03,1.612734534681238563e-01,1.767395226622019699e-01,2.162479963552181583e-01,1.685705343913425913e-01,-1.901642999999999528e-01,-3.111347297742556375e-02,1.457173557808821296e-01,1.790503395331534409e-01,-6.956391115701590078e-01,-1.272732082824385713e-01,-1.728043609475658215e-01,-2.343198996161227621e-02,3.678468894585657512e-01,5.627981214228409135e-01,-4.166524446094943546e-01,2.240977703085539341e-01,-1.043016965014065683e-01,-6.621818067981802280e-02,3.463384486228530124e-01,-1.140998322319958791e-01,1.037336879584739580e-01,-3.090574014899333810e-01,2.413862948118684626e-01,-1.653558701015679921e-01,1.000000000000000000e+00,-2.765817389636001100e-01,-7.144467186460399244e-01,2.982004502678501923e-01,6.418584888333422889e-02,-6.888508601064387282e-02,-4.366117808887016172e-01,-1.093377297077433169e-01,-2.545730948276605371e-02,3.178672138791654445e-01,-8.564153581085069689e-02
-3.108088681931698294e-01,6.917038860951205681e-01,3.074958655676239272e-01,-2.486756934584783141e-01,-3.192968212974286457e-01,-1.616599186749613226e-01,-2.847486096723298929e-02,1.479365837406997897e-01,-5.007753999999997596e-02,6.632665914866455736e-01,-8.722090067997173568e-02,-4.133903603468413457e-01,2.172985122863339835e-01,-5.179240094822153140e-02,2.719077395631679106e-02,-1.985495245435426881e-01,-3.033855824929197476e-01,-4.417156561295608186e-01,4.428412786010305635e-01,5.430098403942180685e-01,-1.117862199837281467e-01,-1.909965275815345143e-02,-5.039960812523046618e-01,2.590761755172824587e-01,-3.758456649212004730e-01,4.945332915921553107e-01,-2.926430474734565412e-01,3.487634641481407449e-01,-2.765817389636001100e-01,1.000000000000000000e+00,3.749082155898277036e-02,-2.271842503830422133e-01,-3.978833281284547829e-01,2.127245254387120643e-01,3.797034256141419983e-01,2.129401494259779981e-01,-1.911786241459718649e-01,-6.954622189569403812e-02,4.605951795727479259e-01
-4.832728841951788312e-01,2.902881697442818987e-01,4.996834698196325197e-01,-2.748474672930379392e-01,-1.860249105655261970e-01,-3.014480473013214645e-01,7.866882668311680690e-03,1.388069768499041734e-01,-9.279535999999999341e-02,-6.012958595661285072e-02,-2.791250425330089185e-02,-2.179180792748950379e-01,8.101910046035015744e-01,-2.219742312483383856e-02,4.931113112656873021e-01,-2.554942858222807311e-01,-1.210677900140629398e-01,-2.929651602250989417e-01,6.650455897329289323e-01,-8.118112169389560262e-02,-3.697376911320047199e-01,2.728708698108799871e-04,-6.513659493281965807e-01,1.647918157715239085e-01,-3.490407317706492596e-01,1.212319340988464306e-01,-3.867835934142693777e-02,5.428050751409129182e-01,-7.144467186460399244e-01,3.749082155898277036e-02,1.000000000000000000e+00,-4.895954707515810106e-02,4.835217548991043168e-01,2.100917446638606301e-01,3.494120124288375151e-01,-5.128712357316944637e-02,-1.409760739383800199e-01,-5.193359617509872850e-01,4.431731353909885707e-01
-5.770281154636724974e-01,-6.963523095044146238e-01,5.446058523086090286e-01,-5.731614490638274884e-01,6.026747206082179176e-01,5.647300728221128496e-01,9.562846626088813418e-01,8.826205386233555439e-01,-9.358486400000000094e-01,2.656188294025884633e-01,5.661290700485201999e-01,6.738296843148354753e-01,-2.252853523863385665e-01,-6.432134606849305714e-01,4.848685922236580237e-01,-6.791558150916585657e-01,7.861092774691983420e-01,8.172682866122330525e-01,1.391482969791920099e-01,5.617988490094982801e-01,-7.336282672561659224e-01,3.206276171884551163e-01,-1.724991134462072750e-02,-1.246271262519638018e-01,-1.974067468190091879e-01,-7.371258320352588322e-01,6.877875236541710624e-01,5.146347310263151842e-01,2.982004502678501923e-01,-2.271842503830422133e-01,-4.895954707515810106e-02,1.000000000000000000e+00,2.150167214966983709e-01,8.367653293833026140e-01,-2.854895121152242754e-01,-9.188722111259383096e-01,-5.515232410134940366e-01,5.399998493547868428e-01,2.577210062408463176e-01
-4.194529596109442537e-01,-2.458705253054897233e-01,2.864089194837259877e-01,-4.566862130250546326e-01,-1.746760322482483474e-01,-1.841243226136834443e-01,2.483544159632364856e-01,2.972544665774529138e-01,-2.879148000000000263e-01,-3.254620675096420168e-01,5.274414915626790545e-01,-1.462783039860819367e-01,3.250753340836379235e-01,-4.065645867223089960e-01,5.061522885307613295e-01,-2.026057979389158104e-01,1.103102515487777158e-01,3.782698630295162623e-01,4.810065527553708531e-01,1.352657115455923043e-01,-3.515975451527129092e-01,3.600666967256330731e-01,-5.079573351974002726e-01,2.910965651333931037e-01,-4.941743718816567488e-01,5.479287338597271795e-02,2.204699922444947058e-01,5.371172392388082750e-01,6.418584888333422889e-02,-3.978833281284547829e-01,4.835217548991043168e-01,2.150167214966983709e-01,1.000000000000000000e+00,1.515929016833978127e-01,8.411010018994174997e-02,-1.792826341030764603e-01,-8.105322810180001780e-02,-8.811043894995679304e-02,4.699142779863835218e-01
-8.030296591797315697e-01,-3.679578036534261742e-01,7.360701884253417759e-01,-8.032910971533561151e-01,4.928813871433475047e-01,5.510194654425024652e-01,8.868647734791305082e-01,9.447155537968470185e-01,-9.157695799999999720e-01,4.107511740020593494e-01,5.961361331104289007e-01,3.667911272181726412e-01,1.507293340525879821e-01,-7.060559261606682568e-01,5.199110673069254895e-01,-6.815244714511579094e-01,5.841183411541939208e-01,5.393857540550511809e-01,4.193927928912394854e-01,7.126564999457694061e-01,-7.849161782203023519e-01,2.910932680222529934e-01,-4.139765912356784816e-01,1.823234059905264326e-01,-5.322615513269430831e-01,-5.000071098303164874e-01,6.409748318079933060e-01,7.692931453058861058e-01,-6.888508601064387282e-02,2.127245254387120643e-01,2.100917446638606301e-01,8.367653293833026140e-01,1.515929016833978127e-01,1.000000000000000000e+00,-4.537004504989352455e-02,-7.702258489359974369e-01,-4.953764729885002382e-01,3.525450721424031597e-01,4.903410732383921000e-01
-1.994506611836524279e-01,6.647635999254150052e-01,2.956307271065480302e-01,1.213716192277077277e-01,-7.578315052344373193e-01,-3.428690093644752857e-01,-2.129746332177427925e-01,-1.192543286322269303e-01,1.153773199999998944e-01,1.784382270760313804e-01,-1.355219645393342387e-01,-5.218018524250672696e-01,4.099478092275153918e-01,3.246607994026055599e-01,1.341751533839867228e-01,-3.224495117294396973e-01,-6.189060611862697847e-01,-3.105968895078371483e-01,4.480963653209319997e-01,2.274942208006190403e-01,-7.987768368905523442e-02,-2.532399544213460515e-02,-4.386695287487261119e-01,7.197339134042712860e-02,-3.870094166756027527e-03,5.592841371858719990e-01,-6.552994021761879839e-01,2.727588022114986188e-01,-4.366117808887016172e-01,3.797034256141419983e-01,3.494120124288375151e-01,-2.854895121152242754e-01,8.411010018994174997e-02,-4.537004504989352455e-02,1.000000000000000000e+00,2.733090340345920022e-01,-3.353318223305052359e-01,-3.382805482987737977e-01,4.655963407558308953e-01
4.456877825212926525e-01,6.468481221096380462e-01,-4.709044494718834239e-01,4.388816529646079045e-01,-5.210433742475126806e-01,-4.027182397783003465e-01,-9.315922678398691481e-01,-7.805704568840658997e-01,8.835545399999999994e-01,-3.732387970006919575e-01,-4.758760821672660124e-01,-8.279755321281679903e-01,2.828731496380317290e-01,5.871312913794257682e-01,-5.358047944570812904e-01,7.045892137647188358e-01,-7.448696227535982484e-01,-7.461645230451510180e-01,-1.534260814095040060e-01,-4.753940794166700012e-01,6.285843599028410056e-01,-4.848948648166661601e-01,-6.792627311764501408e-02,3.719364953936646345e-01,6.134837370568090031e-02,5.984326016169716489e-01,-5.275339691193130509e-01,-4.423104172957200153e-01,-1.093377297077433169e-01,2.129401494259779981e-01,-5.128712357316944637e-02,-9.188722111259383096e-01,-1.792826341030764603e-01,-7.702258489359974369e-01,2.733090340345920022e-01,1.000000000000000000e+00,6.698615167086541256e-01,-6.381220021877720416e-01,-1.457126692823082215e-01
4.652415222387381588e-01,-9.163078314040496580e-03,-6.273745706846547421e-01,1.319174826276157397e-01,1.872548990559355919e-01,1.657561515122038809e-01,-6.444712261076817050e-01,-5.565469342840472233e-01,6.744548599999999894e-01,-7.057303196143555057e-01,-7.077054566287917237e-02,-4.319305699093716755e-01,2.246241745511549370e-01,1.520264128332589337e-01,-5.554258503699538441e-01,9.428332894965395505e-01,-2.937663101259567200e-01,-3.819544175633544647e-01,-4.217912469323877867e-01,-6.487806722471736176e-01,6.369837021140568600e-01,-3.347541967937491814e-01,1.405021719015762116e-01,5.538546926541201287e-01,-1.093827394215782928e-01,5.538615499835209538e-02,1.814245973092059039e-01,-4.924790352949338645e-01,-2.545730948276605371e-02,-1.911786241459718649e-01,-1.409760739383800199e-01,-5.515232410134940366e-01,-8.105322810180001780e-02,-4.953764729885002382e-01,-3.353318223305052359e-01,6.698615167086541256e-01,1.000000000000000000e+00,-3.574150846228114076e-01,-4.637113244491500308e-01
1.262193166272483347e-01,-4.954050056557180448e-01,-1.959397210213318641e-01,-2.139105943775982954e-01,3.716658842188474421e-01,3.721593488402796801e-01,6.176674967454067744e-01,3.646987834298183184e-01,-4.960895199999999505e-01,2.648223136469433636e-01,5.798236915718826268e-01,6.713104324713121684e-01,-6.953141729050168474e-01,-6.123995644356078349e-01,-4.639525840608758954e-04,-2.271950216543180967e-01,5.317946768344311570e-01,5.839312103518542463e-01,-1.560399862713355568e-01,3.972438183232364084e-01,3.082850497537030499e-02,7.723977619442670139e-01,3.658768640646885562e-01,-3.038890308385548411e-01,3.482266958041196903e-02,-2.050805032524919691e-01,2.879920303043514429e-01,3.594677731973290255e-03,3.178672138791654445e-01,-6.954622189569403812e-02,-5.193359617509872850e-01,5.399998493547868428e-01,-8.811043894995679304e-02,3.525450721424031597e-01,-3.382805482987737977e-01,-6.381220021877720416e-01,-3.574150846228114076e-01,1.000000000000000000e+00,-1.612677666069293747e-01
-8.295291778931083160e-01,3.242196511293727879e-01,7.564566576002131892e-01,-6.357034404188630639e-01,-3.323511331603600238e-01,-2.089176393177187563e-01,3.925311844859761257e-01,5.985626164533490723e-01,-5.188783799999999724e-01,3.763008973418927594e-01,3.345843099312225677e-01,-3.797824706153821173e-01,4.541661076252219154e-01,-3.700308156613139610e-01,6.052493161674725730e-01,-6.343454890018469516e-01,1.916425587129172436e-02,5.957279450438023732e-02,8.848270118530696671e-01,7.359913033826547268e-01,-6.864017902123976667e-01,1.507546708720026996e-01,-8.645533305902562971e-01,3.910282332877290101e-01,-6.589581135336879392e-01,2.084700555543434752e-01,6.162955292424804332e-03,8.845992989833827425e-01,-8.564153581085069689e-02,4.605951795727479259e-01,4.431731353909885707e-01,2.577210062408463176e-01,4.699142779863835218e-01,4.903410732383921000e-01,4.655963407558308953e-01,-1.457126692823082215e-01,-4.637113244491500308e-01,-1.612677666069293747e-01,1.000000000000000000e+00
