1.0,0.48832912088115971,-0.11770468634107048,-0.15441877581341809,0.11146984452737335,0.33373414481307895,0.07125058268310179,0.096656150200492091,0.35067066691974247,-0.059424514622253621,0.04286721059618126,-0.016467182590761121,0.53688377840651713,-0.37357466521073635,-0.18860720870005027,-0.088512938443495462,-0.083884271743603994,-0.21206233769782931,0.055549129149394326,-0.35789322352720099,0.16077136572829867,0.0023801120759888222,-0.10853399491290393,-0.38166899615923788,0.0023724153509715878,0.11510288350202012,-0.5353398249173692,0.52273936700730284,0.079013895815234991,0.13073313143119375,0.41428035304417615,0.16862404402873257,0.3415040331825856,-0.1441162344979513,-0.057986019999999971,0.11522979495587891,-0.02945650054515235,-0.0052759526609015891,-0.019377474601488722
0.48832912088115971,1.0,0.039414248327464325,0.21598321256977335,-0.65406115789647712,-0.017075351762901588,0.69427195462291924,-0.40849438282045319,0.28284989305360475,-0.1901864505823011,0.20852222097393486,0.54547229745233461,0.90040546091583551,-0.5100844927469681,-0.55211501309642108,-0.066461866022336932,-0.32882971311068299,-0.50747686073869791,0.57973408101993196,-0.33138729530378253,0.29292784869165117,0.070483772592745089,-0.10903060394896887,-0.95272935073490284,0.30360900965355248,-0.35494341449759437,-0.46861500204649142,0.73585143938658104,0.17539576631978149,-0.025379496350514862,0.94463427996840699,0.7357033801716657,0.11182927654626121,-0.21253970787215781,-0.61240720000000004,0.79693921738383822,-0.0081513338083415033,-0.33846429998597505,0.18307706207621952
-0.11770468634107048,0.039414248327464325,1.0,-0.36468422027204428,-0.47957867053977898,-0.72653734461919239,0.55980057811101047,0.006902771147207153,0.57265758402443767,0.80379237980413865,-0.37270755015917112,0.62254911298931226,0.15515787340107703,-0.49587801488459055,-0.60290987820069719,-0.41009858690165335,-0.44578642291103687,-0.38419691867047101,0.16299324850809296,-0.59723201709902507,0.8478087734423948,0.86863117394723355,0.45894851981689633,0.19053682762864793,-0.79251950182815167,-0.67373412841323166,0.17617806964893795,0.31071982143368471,-0.92652974001267485,-0.19352992199236813,-0.023406395745593302,0.35723019089077346,0.29674553512610879,0.27349438461056413,-0.68332179999999998,0.35924932199523563,-0.073906371146724645,0.54945901842838352,-0.60771509565180981
-0.15441877581341809,0.21598321256977335,-0.36468422027204428,1.0,-0.22566260673402017,0.17150318474910248,0.10535245480100733,-0.62328852609076024,0.056732398030923649,-0.65877463872743236,0.77897479170685213,0.26211409556436066,0.24560928866395737,-0.13459378998498917,-0.021836692890184015,-0.21397347419666785,0.10738438912510025,-0.10950970358743305,-0.13309285177572502,0.21074810020646201,-0.2429018076497349,-0.048431810423694772,0.15466028470547621,-0.30886069818538853,0.64175008817571055,-0.0076052968488398614,-0.21284822748798188,0.33367617647606729,0.51406561951509044,0.37446836952918178,0.19037361956597645,-0.025700762447991545,0.28808319811151256,0.49753141123056005,-0.0067120000000000513,0.24722717215126205,-0.24975540844890101,-0.48480209137033042,-0.025814242065074943
0.11146984452737335,-0.65406115789647712,-0.47957867053977898,-0.22566260673402017,1.0,0.6752315252199832,-0.95545557963812477,0.682660871626941,-0.41211642250792574,-0.072916658593371902,-0.016126155137930948,-0.92962489507183355,-0.6806511015209683,0.43000035889197963,0.83593766390301771,-0.030067584103229364,0.19483181660147983,0.63052411024247779,-0.73359414273480028,0.44499493415936481,-0.57208198371885499,-0.36841591860526024,-0.41574694213404784,0.61474107835854452,-0.11435808485410902,0.82440534357670636,0.31087729266043412,-0.54856034624420991,0.21821481092003958,0.33739536576868301,-0.6627393399392818,-0.6709898223263191,0.085751652615034979,-0.006461921450352015,0.91781577999999997,-0.95632203353407841,0.051540395087299171,0.24162370822190082,-0.069764477652005552
0.33373414481307895,-0.017075351762901588,-0.72653734461919239,0.17150318474910248,0.6752315252199832,1.0,-0.68359201154019222,0.30682365388999361,-0.46889736073679666,-0.50989526958101672,0.38389685217504393,-0.72355663620104282,-0.12526020263508483,0.32676182774148138,0.66111386984670117,-0.10748150955580765,0.073740110759574831,0.50351706532013185,-0.50696209462103725,0.58390770339680131,-0.71118518682118481,-0.54486807170861074,-0.72438558273202058,-0.064598255246120104,0.35628018762697278,0.7391512547951643,-0.062432792957977448,-0.12496395482099909,0.66530654529890532,0.58658234452674862,-0.013525370470962,-0.21025975407229022,0.17327747061422832,-0.087121974037114719,0.74451248000000003,-0.54486776920594882,-0.0053626643141101811,-0.30405491284083758,0.19453837057538581
0.07125058268310179,0.69427195462291924,0.55980057811101047,0.10535245480100733,-0.95545557963812477,-0.68359201154019222,1.0,-0.52919904186338651,0.57249985042395046,0.19697149761117941,-0.1230715529997789,0.94261326486256258,0.69104982866299747,-0.55937629493608376,-0.86236922125940063,0.017075499152487322,-0.1896599138813459,-0.79873988285610253,0.76153462769508939,-0.67140975891265797,0.74464756840507063,0.45626715511796223,0.51028112048143748,-0.58761725974063028,-0.018480230348466048,-0.86706278999560471,-0.38541163802555228,0.67199458721100813,-0.36422595715179185,-0.35689092730413774,0.6925832647545499,0.66691612154420321,0.023512558540458205,-0.036273944813389671,-0.98570058000000005,0.97100468861026368,-0.1402029906784556,-0.10336184505696815,-0.042983804771047865
0.096656150200492091,-0.40849438282045319,0.006902771147207153,-0.62328852609076024,0.682660871626941,0.30682365388999361,-0.52919904186338651,1.0,-0.17512718295472762,0.47510803925049094,-0.40337353306457557,-0.63453163778077404,-0.60722473652352338,0.0325915834186674,0.64378802138380387,-0.078058906385169463,-0.075784449974732646,0.18643642856497913,-0.39901684782442415,-0.077434987324984272,-0.060491296224832306,-0.013579190156763291,-0.30457020110988564,0.49529926446882117,-0.49300159793601855,0.50221301078669256,0.43917818200414577,-0.40894844557608939,-0.26463918201010572,0.06182237896402102,-0.47665647093069152,-0.4576329818734039,0.10699770095261785,-0.17712169439780742,0.43997917999999991,-0.62276328819889371,0.068682583221655075,0.6554504124916446,-0.28602256849226432
0.35067066691974247,0.28284989305360475,0.57265758402443767,0.056732398030923649,-0.41211642250792574,-0.46889736073679666,0.57249985042395046,-0.17512718295472762,1.0,0.30406395612259629,0.003312346220874951,0.66544585319282101,0.37104052708554525,-0.70728590311977479,-0.60285217787914547,-0.35652986277265419,-0.22118285875223251,-0.69441812422578497,0.14921038501893702,-0.75988176977063981,0.74478279511682466,0.70287156546112983,0.68924113927321917,-0.067957436219277467,-0.3032728984370292,-0.53514433812639606,-0.3748230366716736,0.67926041257891301,-0.54052919049564652,0.048382528893139543,0.17161160574187526,0.16774309314607308,0.57543331722689839,0.42128922296530097,-0.62637940000000003,0.48013439530282476,-0.33013395012311597,0.27354396509381623,-0.57655814446864462
-0.059424514622253621,-0.1901864505823011,0.80379237980413865,-0.65877463872743236,-0.072916658593371902,-0.50989526958101672,0.19697149761117941,0.47510803925049094,0.30406395612259629,1.0,-0.50214202562330312,0.20244433394893904,-0.19093417448676836,-0.40944071516173353,-0.2329202223999764,-0.32349162822864913,-0.47738901010828327,-0.15187728960144165,-0.057732951748920847,-0.52015453804911105,0.60420754246421116,0.69815660122216916,0.2382585472706715,0.38896843752089211,-0.8885622210957993,-0.2627868647625235,0.43902969688589411,-0.014481186381883428,-0.8857720783149915,-0.37648214142351299,-0.28628666231179262,0.045604972007480649,0.21748640616731385,0.10774001963298534,-0.34080336,-0.015262638588680131,0.27663764362323695,0.81442244430508737,-0.58667568235540402
0.04286721059618126,0.20852222097393486,-0.37270755015917112,0.77897479170685213,-0.016126155137930948,0.38389685217504393,-0.1230715529997789,-0.40337353306457557,0.003312346220874951,-0.50214202562330312,1.0,0.060836752218118517,0.27422940726080736,-0.26757009609808247,0.11061428965607703,-0.51472193349749995,-0.27033969279435843,0.22253423958019081,-0.45418335245497987,0.38078783740256783,-0.44963815275514207,0.038145629237673173,-0.19868878124565115,-0.30404464129926745,0.51859831869040696,0.34202706620987805,-0.069142337293625622,0.19439747160554366,0.56899920700752749,0.48075468223668283,0.044915861376859961,-0.13511419943480685,0.48497660497078432,0.6507930776935833,0.21083724000000004,0.023589953853016335,0.10375349741430384,-0.27634641803078341,-0.16251552025609783
-0.016467182590761121,0.54547229745233461,0.62254911298931226,0.26211409556436066,-0.92962489507183355,-0.72355663620104282,0.94261326486256258,-0.63453163778077404,0.66544585319282101,0.20244433394893904,0.060836752218118517,1.0,0.63613169957749471,-0.60704822908244294,-0.88396350217737696,-0.17168801064074396,-0.22937127422413175,-0.72494336497604339,0.55257637760697675,-0.61830262126398317,0.72795894273052919,0.61490115883186558,0.63492239215280011,-0.4330797804177412,-0.054743241539650864,-0.86664639726602832,-0.34896848566469729,0.67917970276299011,-0.40550446451357308,-0.26146229281221417,0.51454045557272698,0.54932902413985896,0.20500585280405575,0.26920043068545668,-0.94087516000000004,0.89853697262358567,-0.15507745641930037,-0.063776797719346995,-0.2302569999272604
0.53688377840651713,0.90040546091583551,0.15515787340107703,0.24560928866395737,-0.6806511015209683,-0.12526020263508483,0.69104982866299747,-0.60722473652352338,0.37104052708554525,-0.19093417448676836,0.27422940726080736,0.63613169957749471,1.0,-0.4887692146318024,-0.7203229723965503,-0.15066155634394585,-0.29671954792973881,-0.40039182874582441,0.49576871223775582,-0.29743518903897354,0.34803879476421579,0.19308677910078767,0.0029051605959495158,-0.84435343871853419,0.22041489322447722,-0.44603409199433286,-0.56180614386932126,0.76877997021638689,0.10032212018005526,0.0065789855658098667,0.85052288665006071,0.74024306057870148,0.17909270087306156,-0.029644423215953793,-0.62411020000000006,0.77181219212093743,-0.055773157364512348,-0.36324672599818242,0.12194810332895617
-0.37357466521073635,-0.5100844927469681,-0.49587801488459055,-0.13459378998498917,0.43000035889197963,0.32676182774148138,-0.55937629493608376,0.0325915834186674,-0.70728590311977479,-0.40944071516173353,-0.26757009609808247,-0.60704822908244294,-0.4887692146318024,1.0,0.44198313316407478,0.59469916436642833,0.59472402912532996,0.57995745810770949,-0.035899281454224857,0.70768612196629332,-0.6097745351217706,-0.75508470276660811,-0.34885480452008827,0.32348561233595563,0.26500515619904785,0.26681345858804462,0.046666570509338562,-0.64856600872899173,0.40535399494892083,0.0092559060998362863,-0.26130069677205003,-0.18267213983783204,-0.67547286900816161,-0.47316793527732998,0.59326495999999995,-0.50981018847390425,-0.034193281869697334,-0.48335920023440604,0.66128516003404214
-0.18860720870005027,-0.55211501309642108,-0.60290987820069719,-0.021836692890184015,0.83593766390301771,0.66111386984670117,-0.86236922125940063,0.64378802138380387,-0.60285217787914547,-0.2329202223999764,0.11061428965607703,-0.88396350217737696,-0.7203229723965503,0.44198313316407478,1.0,0.059255674326178301,0.25090334400314279,0.54616687239332895,-0.59604370575060273,0.53551449641485072,-0.69299981589718174,-0.50196438377606034,-0.50950451734773061,0.43657070041090457,0.1496987059494147,0.83514809051191929,0.43138033394321917,-0.66611757878231936,0.41594838446710569,0.35040615296922728,-0.56835748679356113,-0.71194413838696113,-0.073637324628672576,-0.049683202831145565,0.87001719999999994,-0.80925100003676065,0.013276394128618856,0.14311243160218021,0.059242292217664458
-0.088512938443495462,-0.066461866022336932,-0.41009858690165335,-0.21397347419666785,-0.030067584103229364,-0.10748150955580765,0.017075499152487322,-0.078058906385169463,-0.35652986277265419,-0.32349162822864913,-0.51472193349749995,-0.17168801064074396,-0.15066155634394585,0.59469916436642833,0.059255674326178301,1.0,0.74678512809388009,-0.10704271023206281,0.61554865758881894,0.043335925599322728,-0.18473282647534972,-0.72828801615113059,0.086953627286479762,-0.09942546660051832,0.43314785789643084,-0.082914426492668031,-0.3091907950490963,-0.36514727764501254,0.29885366212228159,-0.50032684488820722,0.15951146836885388,-0.070949364996326578,-0.87866660534955343,-0.77495010506136652,0.046965080000000103,0.076335507007526851,-0.02639808041001537,-0.43571189396639909,0.83270480554263515
-0.083884271743603994,-0.32882971311068299,-0.44578642291103687,0.10738438912510025,0.19483181660147983,0.073740110759574831,-0.1896599138813459,-0.075784449974732646,-0.22118285875223251,-0.47738901010828327,-0.27033969279435843,-0.22937127422413175,-0.29671954792973881,0.59472402912532996,0.25090334400314279,0.74678512809388009,1.0,-0.10871692308338168,0.2288962966912981,0.068610245613061088,-0.20269626793607842,-0.59891674422950225,0.25319908064075403,0.20272726042855027,0.43269558167414851,-0.040645439136245513,-0.44422586499817379,-0.2780303263383796,0.30841250220122096,-0.071272174742281869,-0.096164454989717069,-0.38239397019580218,-0.48573107264059295,-0.33503661305274446,0.23757950000000005,-0.13724794399129228,-0.47739779094522194,-0.44123642586444539,0.52532675493717151
-0.21206233769782931,-0.50747686073869791,-0.38419691867047101,-0.10950970358743305,0.63052411024247779,0.50351706532013185,-0.79873988285610253,0.18643642856497913,-0.69441812422578497,-0.15187728960144165,0.22253423958019081,-0.72494336497604339,-0.40039182874582441,0.57995745810770949,0.54616687239332895,-0.10704271023206281,-0.10871692308338168,1.0,-0.62154055208303427,0.87149544148424929,-0.75412480026886508,-0.37264040996728698,-0.68259552509729615,0.36204627102916648,0.00058380387160087235,0.70498981798306537,0.48864182386741389,-0.65411529853488215,0.36669059611096949,0.24686754712332143,-0.51155319195653282,-0.28432084314970818,-0.17317130178189008,0.026671031459254625,0.79934258000000002,-0.76113157497329276,0.4238272450528569,-0.045204264482508055,0.178649329558556
0.055549129149394326,0.57973408101993196,0.16299324850809296,-0.13309285177572502,-0.73359414273480028,-0.50696209462103725,0.76153462769508939,-0.39901684782442415,0.14921038501893702,-0.057732951748920847,-0.45418335245497987,0.55257637760697675,0.49576871223775582,-0.035899281454224857,-0.59604370575060273,0.61554865758881894,0.2288962966912981,-0.62154055208303427,1.0,-0.43329240959663973,0.43864001631278798,-0.14947750618364281,0.2785701011838933,-0.59282066767529307,0.2217223478295425,-0.66959975423446971,-0.4364697239259126,0.29692944313178737,-0.070509229490743119,-0.52610796439785423,0.71547019409341117,0.58121035698228884,-0.56005963965484074,-0.62196346267422375,-0.70935930000000003,0.78378667730755813,-0.10677928554222342,-0.35379122526258938,0.53099745945233523
-0.35789322352720099,-0.33138729530378253,-0.59723201709902507,0.21074810020646201,0.44499493415936481,0.58390770339680131,-0.67140975891265797,-0.077434987324984272,-0.75988176977063981,-0.52015453804911105,0.38078783740256783,-0.61830262126398317,-0.29743518903897354,0.70768612196629332,0.53551449641485072,0.043335925599322728,0.068610245613061088,0.87149544148424929,-0.43329240959663973,1.0,-0.88276438872077878,-0.58745126688829219,-0.68612810238634392,0.11721444726719643,0.3852024161106819,0.59274620934693389,0.28215924109568652,-0.56091908849478689,0.65715595223399215,0.33329185130610683,-0.26545871379731339,-0.16704012353726641,-0.2871173483898834,-0.035360719381574236,0.73608367999999991,-0.55441439190952391,0.24309555557123638,-0.44153204559367765,0.41597096798824706
0.16077136572829867,0.29292784869165117,0.8478087734423948,-0.2429018076497349,-0.57208198371885499,-0.71118518682118481,0.74464756840507063,-0.060491296224832306,0.74478279511682466,0.60420754246421116,-0.44963815275514207,0.72795894273052919,0.34803879476421579,-0.6097745351217706,-0.69299981589718174,-0.18473282647534972,-0.20269626793607842,-0.75412480026886508,0.43864001631278798,-0.88276438872077878,1.0,0.74087951803941254,0.6461269375598977,-0.043393231047546291,-0.58923849776801795,-0.78712684528496435,-0.15937008074726092,0.58593544320837876,-0.83317793247539862,-0.23047797347346172,0.26356819140822396,0.42016929289013499,0.27771367537213459,0.090299250615485313,-0.83662274000000003,0.58459806843475204,-0.33287114042461052,0.41395216815628594,-0.48093170232523047
0.0023801120759888222,0.070483772592745089,0.86863117394723355,-0.048431810423694772,-0.36841591860526024,-0.54486807170861074,0.45626715511796223,-0.013579190156763291,0.70287156546112983,0.69815660122216916,0.038145629237673173,0.61490115883186558,0.19308677910078767,-0.75508470276660811,-0.50196438377606034,-0.72828801615113059,-0.59891674422950225,-0.37264040996728698,-0.14947750618364281,-0.58745126688829219,0.74087951803941254,1.0,0.482926609867882,0.16903820459498475,-0.68534089492961914,-0.47025239273419978,0.18152420772153913,0.46507833036992097,-0.79216177753101991,0.010137808695758924,-0.10099210545625027,0.18123434542258759,0.68226631749312416,0.64602114926023935,-0.56680240000000004,0.29212326743176631,-0.056713408344009161,0.62164195801460387,-0.87153940500226368
-0.10853399491290393,-0.10903060394896887,0.45894851981689633,0.15466028470547621,-0.41574694213404784,-0.72438558273202058,0.51028112048143748,-0.30457020110988564,0.68924113927321917,0.2382585472706715,-0.19868878124565115,0.63492239215280011,0.0029051605959495158,-0.34885480452008827,-0.50950451734773061,0.086953627286479762,0.25319908064075403,-0.68259552509729615,0.2785701011838933,-0.68612810238634392,0.6461269375598977,0.482926609867882,1.0,0.21373511483631868,-0.15577026772851368,-0.64136423417045341,-0.26956304080775711,0.31543315530962274,-0.51636467083461413,-0.33722346710444717,-0.085360797533148111,-0.10236544744002241,0.14623339786568409,0.31976614688520016,-0.55833475999999993,0.40389631840405849,-0.31557739485169839,0.18193010584839625,-0.33678586950139505
-0.38166899615923788,-0.95272935073490284,0.19053682762864793,-0.30886069818538853,0.61474107835854452,-0.064598255246120104,-0.58761725974063028,0.49529926446882117,-0.067957436219277467,0.38896843752089211,-0.30404464129926745,-0.4330797804177412,-0.84435343871853419,0.32348561233595563,0.43657070041090457,-0.09942546660051832,0.20272726042855027,0.36204627102916648,-0.59282066767529307,0.11721444726719643,-0.043393231047546291,0.16903820459498475,0.21373511483631868,1.0,-0.54038375338686584,0.22660673997727596,0.46536690092027516,-0.55844926142827356,-0.42234700326588526,0.067562616677480342,-0.9243047033086923,-0.64637413086675399,0.084543817610737176,0.28879391670268434,0.46806645999999996,-0.7416139479280619,-0.08994518549874303,0.51493891571233052,-0.41144977865308219
0.0023724153509715878,0.30360900965355248,-0.79251950182815167,0.64175008817571055,-0.11435808485410902,0.35628018762697278,-0.018480230348466048,-0.49300159793601855,-0.3032728984370292,-0.8885622210957993,0.51859831869040696,-0.054743241539650864,0.22041489322447722,0.26500515619904785,0.1496987059494147,0.43314785789643084,0.43269558167414851,0.00058380387160087235,0.2217223478295425,0.3852024161106819,-0.58923849776801795,-0.68534089492961914,-0.15577026772851368,-0.54038375338686584,1.0,0.20344506118338357,-0.44790938433176564,-0.015289009760424663,0.90145842032384493,0.084343377149600732,0.37061760014141687,-0.075790705381684004,-0.31688050786192623,-0.15373377871446631,0.18221987999999989,0.20566209694334509,-0.027024016919532136,-0.78771888695904346,0.65866592183341344
0.11510288350202012,-0.35494341449759437,-0.67373412841323166,-0.0076052968488398614,0.82440534357670636,0.7391512547951643,-0.86706278999560471,0.50221301078669256,-0.53514433812639606,-0.2627868647625235,0.34202706620987805,-0.86664639726602832,-0.44603409199433286,0.26681345858804462,0.83514809051191929,-0.082914426492668031,-0.040645439136245513,0.70498981798306537,-0.66959975423446971,0.59274620934693389,-0.78712684528496435,-0.47025239273419978,-0.64136423417045341,0.22660673997727596,0.20344506118338357,1.0,0.39027699924851833,-0.55041477162980801,0.53951656431258588,0.34138195902261381,-0.4663025755767306,-0.60164532050890807,0.02765110439964525,0.014312885113492912,0.89310559999999994,-0.77773672298451324,0.34365047182028036,0.12775496508415884,0.07416352132179993
-0.5353398249173692,-0.46861500204649142,0.17617806964893795,-0.21284822748798188,0.31087729266043412,-0.062432792957977448,-0.38541163802555228,0.43917818200414577,-0.3748230366716736,0.43902969688589411,-0.069142337293625622,-0.34896848566469729,-0.56180614386932126,0.046666570509338562,0.43138033394321917,-0.3091907950490963,-0.44422586499817379,0.48864182386741389,-0.4364697239259126,0.28215924109568652,-0.15937008074726092,0.18152420772153913,-0.26956304080775711,0.46536690092027516,-0.44790938433176564,0.39027699924851833,1.0,-0.53369665047382375,-0.25231153161095971,-0.036156961411147014,-0.58248058106444922,-0.25770200459173498,-0.038140017133799789,0.13507908953624781,0.30813470000000009,-0.47501707430160278,0.43990967899967015,0.6084239275115747,-0.33764268573676914
0.52273936700730284,0.73585143938658104,0.31071982143368471,0.33367617647606729,-0.54856034624420991,-0.12496395482099909,0.67199458721100813,-0.40894844557608939,0.67926041257891301,-0.014481186381883428,0.19439747160554366,0.67917970276299011,0.76877997021638689,-0.64856600872899173,-0.66611757878231936,-0.36514727764501254,-0.2780303263383796,-0.65411529853488215,0.29692944313178737,-0.56091908849478689,0.58593544320837876,0.46507833036992097,0.31543315530962274,-0.55844926142827356,-0.015289009760424663,-0.55041477162980801,-0.53369665047382375,1.0,-0.18540263420394754,0.12041616407315256,0.69360997146658065,0.61839269396134411,0.55113660191157676,0.19651255927390601,-0.65870733999999997,0.6846454565865705,-0.32092620732972893,-0.14653749206538236,-0.29242780249869788
0.079013895815234991,0.17539576631978149,-0.92652974001267485,0.51406561951509044,0.21821481092003958,0.66530654529890532,-0.36422595715179185,-0.26463918201010572,-0.54052919049564652,-0.8857720783149915,0.56899920700752749,-0.40550446451357308,0.10032212018005526,0.40535399494892083,0.41594838446710569,0.29885366212228159,0.30841250220122096,0.36669059611096949,-0.070509229490743119,0.65715595223399215,-0.83317793247539862,-0.79216177753101991,-0.51636467083461413,-0.42234700326588526,0.90145842032384493,0.53951656431258588,-0.25231153161095971,-0.18540263420394754,1.0,0.25815941647924723,0.21643364344695315,-0.151277941324507,-0.26648406461610519,-0.17787875866063185,0.51549884000000001,-0.13272269735067321,0.098690686202522526,-0.70813266047387957,0.64309249825834924
0.13073313143119375,-0.025379496350514862,-0.19352992199236813,0.37446836952918178,0.33739536576868301,0.58658234452674862,-0.35689092730413774,0.06182237896402102,0.048382528893139543,-0.37648214142351299,0.48075468223668283,-0.26146229281221417,0.0065789855658098667,0.0092559060998362863,0.35040615296922728,-0.50032684488820722,-0.071272174742281869,0.24686754712332143,-0.52610796439785423,0.33329185130610683,-0.23047797347346172,0.010137808695758924,-0.33722346710444717,0.067562616677480342,0.084343377149600732,0.34138195902261381,-0.036156961411147014,0.12041616407315256,0.25815941647924723,1.0,-0.098649260080408363,-0.099252378015842357,0.5116314484031188,0.40507456658540247,0.3690909,-0.30047039413429294,-0.48814663675839248,-0.13334876593947481,-0.27869115812949147
0.41428035304417615,0.94463427996840699,-0.023406395745593302,0.19037361956597645,-0.6627393399392818,-0.013525370470962,0.6925832647545499,-0.47665647093069152,0.17161160574187526,-0.28628666231179262,0.044915861376859961,0.51454045557272698,0.85052288665006071,-0.26130069677205003,-0.56835748679356113,0.15951146836885388,-0.096164454989717069,-0.51155319195653282,0.71547019409341117,-0.26545871379731339,0.26356819140822396,-0.10099210545625027,-0.085360797533148111,-0.9243047033086923,0.37061760014141687,-0.4663025755767306,-0.58248058106444922,0.69360997146658065,0.21643364344695315,-0.098649260080408363,1.0,0.80072180364867662,-0.086306046419917501,-0.39848317252598309,-0.60160174,0.80012813551119422,-0.10853216535677837,-0.53523947214607759,0.38810984008239746
0.16862404402873257,0.7357033801716657,0.35723019089077346,-0.025700762447991545,-0.6709898223263191,-0.21025975407229022,0.66691612154420321,-0.4576329818734039,0.16774309314607308,0.045604972007480649,-0.13511419943480685,0.54932902413985896,0.74024306057870148,-0.18267213983783204,-0.71194413838696113,-0.070949364996326578,-0.38239397019580218,-0.28432084314970818,0.58121035698228884,-0.16704012353726641,0.42016929289013499,0.18123434542258759,-0.10236544744002241,-0.64637413086675399,-0.075790705381684004,-0.60164532050890807,-0.25770200459173498,0.61839269396134411,-0.151277941324507,-0.099252378015842357,0.80072180364867662,1.0,-0.051298478366737482,-0.30048564626096824,-0.64568638,0.67549125719859482,-0.028087178131145786,-0.33486310600853458,0.17425259152444117
0.3415040331825856,0.11182927654626121,0.29674553512610879,0.28808319811151256,0.085751652615034979,0.17327747061422832,0.023512558540458205,0.10699770095261785,0.57543331722689839,0.21748640616731385,0.48497660497078432,0.20500585280405575,0.17909270087306156,-0.67547286900816161,-0.073637324628672576,-0.87866660534955343,-0.48573107264059295,-0.17317130178189008,-0.56005963965484074,-0.2871173483898834,0.27771367537213459,0.68226631749312416,0.14623339786568409,0.084543817610737176,-0.31688050786192623,0.02765110439964525,-0.038140017133799789,0.55113660191157676,-0.26648406461610519,0.5116314484031188,-0.086306046419917501,-0.051298478366737482,1.0,0.77169803522415958,-0.077482000000000051,-0.021899376918544215,-0.20651668190097489,0.36925104566885419,-0.8424726246523625
-0.1441162344979513,-0.21253970787215781,0.27349438461056413,0.49753141123056005,-0.006461921450352015,-0.087121974037114719,-0.036273944813389671,-0.17712169439780742,0.42128922296530097,0.10774001963298534,0.6507930776935833,0.26920043068545668,-0.029644423215953793,-0.47316793527732998,-0.049683202831145565,-0.77495010506136652,-0.33503661305274446,0.026671031459254625,-0.62196346267422375,-0.035360719381574236,0.090299250615485313,0.64602114926023935,0.31976614688520016,0.28879391670268434,-0.15373377871446631,0.014312885113492912,0.13507908953624781,0.19651255927390601,-0.17787875866063185,0.40507456658540247,-0.39848317252598309,-0.30048564626096824,0.77169803522415958,1.0,-0.0022643199999999863,-0.077481241548555305,-0.10562625284642831,0.28896502477210356,-0.75837340418303811
-0.057986019999999971,-0.61240720000000004,-0.68332179999999998,-0.0067120000000000513,0.91781577999999997,0.74451248000000003,-0.98570058000000005,0.43997917999999991,-0.62637940000000003,-0.34080336,0.21083724000000004,-0.94087516000000004,-0.62411020000000006,0.59326495999999995,0.87001719999999994,0.046965080000000103,0.23757950000000005,0.79934258000000002,-0.70935930000000003,0.73608367999999991,-0.83662274000000003,-0.56680240000000004,-0.55833475999999993,0.46806645999999996,0.18221987999999989,0.89310559999999994,0.30813470000000009,-0.65870733999999997,0.51549884000000001,0.3690909,-0.60160174,-0.64568638,-0.077482000000000051,-0.0022643199999999863,1.0,-0.91757040000000001,0.14652691999999989,-0.034148500000000026,0.16052965999999991
0.11522979495587891,0.79693921738383822,0.35924932199523563,0.24722717215126205,-0.95632203353407841,-0.54486776920594882,0.97100468861026368,-0.62276328819889371,0.48013439530282476,-0.015262638588680131,0.023589953853016335,0.89853697262358567,0.77181219212093743,-0.50981018847390425,-0.80925100003676065,0.076335507007526851,-0.13724794399129228,-0.76113157497329276,0.78378667730755813,-0.55441439190952391,0.58459806843475204,0.29212326743176631,0.40389631840405849,-0.7416139479280619,0.20566209694334509,-0.77773672298451324,-0.47501707430160278,0.6846454565865705,-0.13272269735067321,-0.30047039413429294,0.80012813551119422,0.67549125719859482,-0.021899376918544215,-0.077481241548555305,-0.91757040000000001,1.0,-0.12728938172745871,-0.28228892030943104,0.10416032020250533
-0.02945650054515235,-0.0081513338083415033,-0.073906371146724645,-0.24975540844890101,0.051540395087299171,-0.0053626643141101811,-0.1402029906784556,0.068682583221655075,-0.33013395012311597,0.27663764362323695,0.10375349741430384,-0.15507745641930037,-0.055773157364512348,-0.034193281869697334,0.013276394128618856,-0.02639808041001537,-0.47739779094522194,0.4238272450528569,-0.10677928554222342,0.24309555557123638,-0.33287114042461052,-0.056713408344009161,-0.31557739485169839,-0.08994518549874303,-0.027024016919532136,0.34365047182028036,0.43990967899967015,-0.32092620732972893,0.098690686202522526,-0.48814663675839248,-0.10853216535677837,-0.028087178131145786,-0.20651668190097489,-0.10562625284642831,0.14652691999999989,-0.12728938172745871,1.0,0.1812923263327923,0.12726775434096488
-0.0052759526609015891,-0.33846429998597505,0.54945901842838352,-0.48480209137033042,0.24162370822190082,-0.30405491284083758,-0.10336184505696815,0.6554504124916446,0.27354396509381623,0.81442244430508737,-0.27634641803078341,-0.063776797719346995,-0.36324672599818242,-0.48335920023440604,0.14311243160218021,-0.43571189396639909,-0.44123642586444539,-0.045204264482508055,-0.35379122526258938,-0.44153204559367765,0.41395216815628594,0.62164195801460387,0.18193010584839625,0.51493891571233052,-0.78771888695904346,0.12775496508415884,0.6084239275115747,-0.14653749206538236,-0.70813266047387957,-0.13334876593947481,-0.53523947214607759,-0.33486310600853458,0.36925104566885419,0.28896502477210356,-0.034148500000000026,-0.28228892030943104,0.1812923263327923,1.0,-0.73761992726963266
-0.019377474601488722,0.18307706207621952,-0.60771509565180981,-0.025814242065074943,-0.069764477652005552,0.19453837057538581,-0.042983804771047865,-0.28602256849226432,-0.57655814446864462,-0.58667568235540402,-0.16251552025609783,-0.2302569999272604,0.12194810332895617,0.66128516003404214,0.059242292217664458,0.83270480554263515,0.52532675493717151,0.178649329558556,0.53099745945233523,0.41597096798824706,-0.48093170232523047,-0.87153940500226368,-0.33678586950139505,-0.41144977865308219,0.65866592183341344,0.07416352132179993,-0.33764268573676914,-0.29242780249869788,0.64309249825834924,-0.27869115812949147,0.38810984008239746,0.17425259152444117,-0.8424726246523625,-0.75837340418303811,0.16052965999999991,0.10416032020250533,0.12726775434096488,-0.73761992726963266,1.0
