1.000000000000000000e+00,2.905405161585919438e-01,-7.857604937316604587e-01,-4.150814618229890507e-01,-7.141296225413464871e-01,-3.014474082263073340e-01,1.129496067184092845e-01,4.099781394136215451e-01,-3.197884642151895829e-01,-3.776492461888106833e-01,2.128045981098165285e-01,-7.823501431715178533e-01,2.454462058332484431e-01,-6.566436632853205335e-01,-9.893413202570307263e-02,2.605088455448731008e-03,1.612968200000000074e-01,-2.989735748330529241e-01,-1.792524230976517974e-01,4.740150414456197892e-01,5.475331540995702628e-01,6.605949971418967337e-01,6.338466977298486994e-04,-4.236137250798786003e-01,4.538873466567908688e-01,-4.352397801789166243e-01,-2.079857921357652628e-01,2.841502172660002601e-01,1.550552115125953534e-01,3.413935543725513666e-01,5.487779766051585906e-01,-5.129958122597491066e-01,2.134958648323659891e-01,-2.881395096613084128e-01,-2.965977651223812295e-01,-3.399501323820260795e-02,-3.588135625116839478e-01,-4.382581433302080720e-01,2.634994841223631257e-01
2.905405161585919438e-01,1.000000000000000000e+00,-3.736577998530475897e-01,4.728754627568597657e-01,-7.800092074843035794e-01,-1.182498725352023605e-01,-1.436149016610328566e-01,3.934049474258902168e-01,-4.198931252489360166e-01,7.227083960833158294e-03,-5.472575762925288023e-01,4.877277628314191649e-03,5.113502764417776625e-01,-4.022504357708933664e-02,1.242683225243211842e-01,-2.575959831594819560e-01,3.278875000000001094e-01,4.821643682589014102e-01,1.155829854681398317e-01,3.063787300578943995e-01,-9.313675359136205922e-02,-1.360034225861280754e-01,-2.832470327468444293e-01,-3.453839411181625074e-01,4.393118462051197048e-01,-5.441910178305946477e-01,1.758395074168059846e-01,5.294146794796104061e-01,-8.417196124061611107e-01,4.999506629992140905e-01,-2.977108020979835068e-01,-7.569874709092616616e-02,1.222307204996338909e-02,4.338375642262537468e-01,-4.380659866832540272e-01,-4.410116377578454649e-01,3.949718422440017251e-01,-3.678432456108972071e-01,1.349305071176442050e-01
-7.857604937316604587e-01,-3.736577998530475897e-01,1.000000000000000000e+00,4.903161586838837849e-01,5.741506288452369322e-01,-2.704765722316334053e-01,-3.290226731023944140e-01,-5.928146746200765316e-01,1.647862134979530546e-01,7.524934370925701055e-01,-1.246270663590501454e-01,4.701711257507044106e-01,-3.465175840485503200e-01,3.188579248536843602e-01,-1.169656335437368241e-03,-3.679457002330586701e-01,-6.654242000000000212e-01,2.416211036129052581e-02,-2.273310850882402090e-01,-7.519269249903545727e-02,-7.388420352318831874e-01,-2.562256892837520006e-01,5.514277874518782596e-01,7.888100853455984884e-01,-7.482880561964853072e-01,7.129798170167969129e-01,5.650050444746255174e-01,4.011576172483547614e-02,8.755033693884754775e-02,-6.838872934390129998e-01,-3.835556667111295059e-01,5.500709396680524277e-01,-6.486574172456107679e-01,1.289155086832156072e-01,6.147988267305118937e-01,5.086699330491919468e-01,5.376676522041702322e-01,3.409402530035169354e-01,-3.117058143790331082e-01
-4.150814618229890507e-01,4.728754627568597657e-01,4.903161586838837849e-01,1.000000000000000000e+00,-1.408626239095676358e-01,-3.635840977858180167e-01,-1.256477980116526560e-01,1.041714139792321164e-01,-2.821353358233418818e-01,5.312173901664370979e-01,-2.739623612988770773e-01,2.841071230353320876e-01,2.474093467061952711e-01,1.222883055873417169e-01,7.077570995267787324e-02,-6.210299654539482850e-01,-2.152539199999999875e-01,3.491196282784436167e-01,-3.392370072654576352e-01,7.703399048471597232e-02,-6.036091428811897197e-01,-3.273042255170522941e-01,2.047703151161907598e-01,2.006781035658962709e-01,-1.001021101698083421e-01,6.336086952573660724e-02,5.012804154161401016e-01,3.089084538532664848e-01,-4.861629662998330215e-01,-2.956913788979025903e-01,-3.849673384472648285e-01,1.053328206839485859e-01,-4.122122462596574666e-01,5.077822590027210037e-01,1.609106989665264054e-01,-1.957082572314874924e-02,6.672316020906208234e-01,1.159393168944347768e-01,-3.401799299229069651e-01
-7.141296225413464871e-01,-7.800092074843035794e-01,5.741506288452369322e-01,-1.408626239095676358e-01,1.000000000000000000e+00,4.228331892919132695e-01,4.840647430157503373e-02,-3.633921571518654026e-01,5.292137352960410990e-01,1.586961989403987972e-01,3.057666902405191678e-01,4.982150413687498891e-01,-5.617120603897199915e-01,5.994711883765811988e-01,-1.249339022322482617e-01,3.920450387451589469e-01,-8.093245999999998386e-02,-2.979076514269178300e-01,5.976710359241355769e-02,-6.990097214372456014e-01,-1.962379411325421708e-01,-1.408668999420818746e-01,-6.580396814576679188e-02,3.045291835156187510e-01,-3.949481704601413012e-01,5.900012723464163056e-01,-4.251910029034251803e-03,-4.262183078151187687e-01,3.758780346896629099e-01,-5.436744745639628951e-01,-1.930413909281755991e-01,2.448872767905856396e-01,8.391135132899858740e-02,2.604395586377668617e-02,2.289820619610057617e-01,4.173211665611557125e-02,-4.471039493260968445e-02,2.626716205869655263e-01,-2.805515060091214319e-01
-3.014474082263073340e-01,-1.182498725352023605e-01,-2.704765722316334053e-01,-3.635840977858180167e-01,4.228331892919132695e-01,1.000000000000000000e+00,9.154274516280978824e-02,1.814407682450193959e-01,3.528300176481058426e-01,-5.786781097076405533e-01,1.633947213900429143e-02,3.731578963223022294e-01,3.920790435348112807e-02,5.680040110245531126e-01,9.947402996443303891e-02,8.210190747032122260e-01,7.838006200000000590e-01,2.515815716369685928e-01,6.663549060905633592e-01,-7.365362426431781850e-01,4.370121681688082238e-01,-4.490855496465509522e-01,-8.598858518902875447e-01,-5.087726065327013991e-01,4.017755219705484993e-01,-3.278762564637436872e-01,-6.145567989470246406e-01,-5.340690523001045964e-01,-1.618403852976102730e-01,4.441404828906037050e-01,-1.133258048740028445e-01,-4.946654501553632288e-02,7.498685313384232387e-01,1.499496146708504535e-02,-5.704905932178784278e-01,-7.077892891551895715e-01,-4.239143745493335058e-01,-5.257184568166523714e-02,2.806449609242076416e-04
1.129496067184092845e-01,-1.436149016610328566e-01,-3.290226731023944140e-01,-1.256477980116526560e-01,4.840647430157503373e-02,9.154274516280978824e-02,1.000000000000000000e+00,1.270135197322838083e-01,3.354932319804234675e-01,-2.161391225181104325e-01,1.445244234017180607e-01,1.531663272761730477e-01,-2.889444027990289987e-01,6.592096835135907718e-02,1.927480616100950284e-01,1.198138552587180578e-01,1.415510200000000829e-01,-1.953322502977303532e-01,3.699797740506708538e-02,-8.754752753452599290e-02,6.330742586979461184e-02,1.047084982250428009e-01,-1.737509436032709520e-01,-1.755564248539669692e-01,1.315639803236056948e-01,5.923753208124606789e-02,-1.324122284486585477e-01,-1.616739051168377406e-01,1.206537711048972089e-01,-5.652242028996515288e-02,1.641425507752003465e-02,-1.317210091903854297e-01,2.046957622543976452e-01,1.310827877206214021e-01,-3.713715819732271717e-02,-1.078814174769146678e-01,-1.466586628884201660e-01,3.551613126479137295e-01,2.855700998464832385e-01
4.099781394136215451e-01,3.934049474258902168e-01,-5.928146746200765316e-01,1.041714139792321164e-01,-3.633921571518654026e-01,1.814407682450193959e-01,1.270135197322838083e-01,1.000000000000000000e+00,-3.902860570286925679e-01,-6.031421131888852205e-01,4.728644408444819813e-01,-4.460179233166185475e-01,6.651188115865387385e-01,-2.730076896645478035e-01,-2.112730431391746377e-01,1.763265508199794718e-01,6.903560600000000491e-01,-2.506778620443593508e-02,-2.225402225098487285e-01,-2.687693137949573874e-01,5.823348106459880213e-01,7.907965426038043866e-02,-5.277959191464982602e-01,-8.786574373180756625e-01,8.608818393690491622e-01,-7.594237635931382346e-01,-5.261035818270910491e-01,-1.388869365734568262e-01,-8.603502501293695814e-02,2.739728556235469514e-01,4.037140909855440052e-01,-8.712032557064427474e-01,7.097389043929865915e-01,1.106748027294747749e-01,-4.090419151554484101e-01,-6.637031713758418938e-01,-4.141915565836192803e-01,-2.593769545907184115e-01,-3.238757409643719942e-01
-3.197884642151895829e-01,-4.198931252489360166e-01,1.647862134979530546e-01,-2.821353358233418818e-01,5.292137352960410990e-01,3.528300176481058426e-01,3.354932319804234675e-01,-3.902860570286925679e-01,1.000000000000000000e+00,1.190271530048438026e-01,-1.120952692580606397e-01,4.948446255160817708e-01,-4.384746182936181125e-01,4.599083641627973451e-01,5.058741846039306322e-01,5.290345633466611019e-01,1.454577999999995264e-02,-1.040152456901548700e-01,3.176478935930676650e-01,-2.384021349871494055e-01,-1.457282269905094130e-01,-3.466755736064497384e-02,-1.479895129134107812e-01,2.701009089537628194e-01,-2.942752026489120487e-01,3.451387113177789567e-01,-1.790660969106576059e-02,-1.205118925754988524e-01,8.647212309265794872e-02,-1.860481172616060275e-01,-7.997858569375840276e-02,3.827891134801705286e-01,4.796870030460248513e-02,-1.692975332929667065e-01,4.512913900215129170e-02,1.449507522969126390e-02,-3.078221303779314980e-02,-1.445751587531532156e-01,-5.791016847222046904e-02
-3.776492461888106833e-01,7.227083960833158294e-03,7.524934370925701055e-01,5.312173901664370979e-01,1.586961989403987972e-01,-5.786781097076405533e-01,-2.161391225181104325e-01,-6.031421131888852205e-01,1.190271530048438026e-01,1.000000000000000000e+00,-3.739879769171854385e-01,3.965178655306428324e-01,-4.637435085939524693e-01,2.530444085082932393e-01,2.536933262337596334e-02,-5.223098982154894543e-01,-7.374960400000000194e-01,-1.384611059540284683e-01,-3.206597111232512010e-01,2.829220511190786991e-01,-9.141691207369672112e-01,1.599393957976052438e-01,6.181446738786798845e-01,8.297812928098017293e-01,-7.288580352922698902e-01,7.516567782204900405e-01,9.239147706383397107e-01,6.132087932395566821e-01,-1.866718758119535471e-01,-6.677300022974270721e-01,-5.259722962687122250e-01,5.946529987712688703e-01,-8.238859492004280138e-01,2.969726069734890950e-01,4.756124433505485305e-01,5.052041227768450105e-01,8.561246856287488827e-01,4.645532225155752509e-03,-7.078442003042208219e-02
2.128045981098165285e-01,-5.472575762925288023e-01,-1.246270663590501454e-01,-2.739623612988770773e-01,3.057666902405191678e-01,1.633947213900429143e-02,1.445244234017180607e-01,4.728644408444819813e-01,-1.120952692580606397e-01,-3.739879769171854385e-01,1.000000000000000000e+00,-5.636380257389480564e-01,8.392310038935243965e-02,-3.554064484353220976e-01,-5.214359651115075822e-01,1.566154317717363131e-01,1.251865400000000683e-01,-6.593249638785445566e-01,-5.881244672360739223e-01,-3.942972469631945698e-01,5.108380260283619245e-01,4.046613946468651246e-01,1.334456527123823464e-03,-3.673947449071208737e-01,3.126158502970481923e-01,-7.094900890087692258e-02,-4.549210224937876856e-01,-4.693153680506489400e-01,7.728276263548287117e-01,-3.796972779161371658e-01,6.680177146449056691e-01,-7.705521433727059444e-01,4.619696983475819474e-01,-2.509732007458844172e-01,1.759561626859102168e-01,-3.380754630881585565e-02,-6.184964109279165179e-01,5.269565704750756030e-02,-5.132683447203437721e-01
-7.823501431715178533e-01,4.877277628314191649e-03,4.701711257507044106e-01,2.841071230353320876e-01,4.982150413687498891e-01,3.731578963223022294e-01,1.531663272761730477e-01,-4.460179233166185475e-01,4.948446255160817708e-01,3.965178655306428324e-01,-5.636380257389480564e-01,1.000000000000000000e+00,-4.584423905125606935e-01,8.845773938584904350e-01,2.935795054025656659e-01,1.784483221829939459e-01,1.015297999999997813e-02,2.983379538303719825e-01,4.765913147154112184e-01,-3.674042362591399824e-01,-6.473618148386326432e-01,-4.869374032523219320e-01,-2.395281201738176102e-01,3.588989376756513972e-01,-3.976466722593433034e-01,4.309666102871245186e-01,3.783920400407543294e-01,9.551384227488225742e-02,-5.231454732080733638e-01,-1.417936621734982583e-01,-8.437641546403629178e-01,6.882647827733883172e-01,-1.709145974162363246e-01,5.059436450796541695e-01,2.117820518415866951e-03,-1.753657685256343191e-01,5.638557255414516911e-01,2.070473966685968392e-01,1.510757238485326837e-01
2.454462058332484431e-01,5.113502764417776625e-01,-3.465175840485503200e-01,2.474093467061952711e-01,-5.617120603897199915e-01,3.920790435348112807e-02,-2.889444027990289987e-01,6.651188115865387385e-01,-4.384746182936181125e-01,-4.637435085939524693e-01,8.392310038935243965e-02,-4.584423905125606935e-01,1.000000000000000000e+00,-5.180942324858144321e-01,6.151182584391302194e-02,-1.178130873475239371e-01,3.988256199999999918e-01,4.844796442454443741e-01,-7.993569687273553714e-02,1.354485519501137103e-01,4.792767315825897101e-01,-3.610319433640885589e-01,-2.072801465092794782e-01,-5.805948058087045949e-01,6.053547672777402910e-01,-8.741640193521912350e-01,-5.299300137028402080e-01,-2.377802530187728414e-01,-1.820566914871467601e-01,5.419866877537311556e-01,4.543616631237331061e-01,-5.464707729953911519e-01,3.354495949033166058e-01,-1.717934411354805069e-01,-1.445084357173058998e-01,-3.043572027366300836e-01,-3.628540955600080276e-01,-1.465422508230887488e-01,-3.745793865974784143e-01
-6.566436632853205335e-01,-4.022504357708933664e-02,3.188579248536843602e-01,1.222883055873417169e-01,5.994711883765811988e-01,5.680040110245531126e-01,6.592096835135907718e-02,-2.730076896645478035e-01,4.599083641627973451e-01,2.530444085082932393e-01,-3.554064484353220976e-01,8.845773938584904350e-01,-5.180942324858144321e-01,1.000000000000000000e+00,8.888904339872782945e-02,4.452360119425291529e-01,2.610177199999998976e-01,9.068873198688431891e-02,4.778034809961027030e-01,-6.357310521752038701e-01,-4.342726812962801608e-01,-2.715385122210894897e-01,-4.853295498689808030e-01,1.370345650354093392e-01,-1.734246972123972552e-01,3.823073536069249156e-01,2.775087150059236674e-01,1.006164774880635715e-01,-4.716222706029754574e-01,-1.541030148179053927e-01,-7.834488536963718497e-01,4.921210304984926509e-01,1.107589173932299609e-01,5.416751926900946756e-01,-2.991000828312585513e-01,-4.386784319363812301e-01,4.385337958681900794e-01,-3.005086544745572130e-02,9.161628256877507592e-02
-9.893413202570307263e-02,1.242683225243211842e-01,-1.169656335437368241e-03,7.077570995267787324e-02,-1.249339022322482617e-01,9.947402996443303891e-02,1.927480616100950284e-01,-2.112730431391746377e-01,5.058741846039306322e-01,2.536933262337596334e-02,-5.214359651115075822e-01,2.935795054025656659e-01,6.151182584391302194e-02,8.888904339872782945e-02,1.000000000000000000e+00,1.771257497660920777e-01,-1.912490000000000023e-02,5.891161407669377459e-01,5.362338668265933528e-01,3.470458810617669809e-01,-7.809134127439780471e-02,-3.435265421417876830e-01,-1.809968634669168949e-02,2.035811425844383238e-01,-2.225383286702918850e-01,-8.106545297475262202e-02,-2.049812035464632781e-02,9.862396825108718512e-02,-2.502825425956781147e-01,2.823565120354817326e-01,5.392972336897949859e-03,4.634387804819985468e-01,-1.925048792643722362e-01,-3.711882989271178546e-01,-1.755675252311921231e-01,8.388324969376961815e-02,4.703827988712649261e-02,-8.358646126812567523e-02,3.267067029410792856e-01
2.605088455448731008e-03,-2.575959831594819560e-01,-3.679457002330586701e-01,-6.210299654539482850e-01,3.920450387451589469e-01,8.210190747032122260e-01,1.198138552587180578e-01,1.763265508199794718e-01,5.290345633466611019e-01,-5.223098982154894543e-01,1.566154317717363131e-01,1.784483221829939459e-01,-1.178130873475239371e-01,4.452360119425291529e-01,1.771257497660920777e-01,1.000000000000000000e+00,6.810024599999999761e-01,-7.887579625148027906e-02,5.879270271877850007e-01,-5.955458695472848341e-01,4.998556776684738856e-01,6.553458757948660285e-03,-7.354597772126334476e-01,-4.293655792415975170e-01,3.219909584116856238e-01,-2.070140657335825807e-01,-5.378158117855827980e-01,-2.962009711146550983e-01,4.426659528828977286e-02,2.925734690981893760e-01,8.783485656118948659e-02,-1.006693804680854343e-01,7.310182950485002440e-01,-1.834712859481526792e-01,-5.387401119156237650e-01,-5.761902587567161449e-01,-4.947452805450333058e-01,-3.370642025274505071e-01,7.164610515927091750e-02
1.612968200000000074e-01,3.278875000000001094e-01,-6.654242000000000212e-01,-2.152539199999999875e-01,-8.093245999999998386e-02,7.838006200000000590e-01,1.415510200000000829e-01,6.903560600000000491e-01,1.454577999999995264e-02,-7.374960400000000194e-01,1.251865400000000683e-01,1.015297999999997813e-02,3.988256199999999918e-01,2.610177199999998976e-01,-1.912490000000000023e-02,6.810024599999999761e-01,1.000000000000000000e+00,1.876744400000001090e-01,4.148538799999998972e-01,-5.751518600000000703e-01,6.225278599999999329e-01,-1.924172400000000449e-01,-9.677704200000000201e-01,-8.969750199999999563e-01,8.401026799999999906e-01,-7.174886200000000214e-01,-6.566238799999999376e-01,-2.807969399999999949e-01,-3.296074799999999527e-01,5.878957799999999789e-01,6.798068000000001554e-02,-4.912710799999999711e-01,9.220882200000000140e-01,1.567495000000000971e-01,-7.672364799999999985e-01,-9.472509999999999541e-01,-4.429127800000000059e-01,-3.248212799999999900e-01,-6.433670000000002442e-02
-2.989735748330529241e-01,4.821643682589014102e-01,2.416211036129052581e-02,3.491196282784436167e-01,-2.979076514269178300e-01,2.515815716369685928e-01,-1.953322502977303532e-01,-2.506778620443593508e-02,-1.040152456901548700e-01,-1.384611059540284683e-01,-6.593249638785445566e-01,2.983379538303719825e-01,4.844796442454443741e-01,9.068873198688431891e-02,5.891161407669377459e-01,-7.887579625148027906e-02,1.876744400000001090e-01,1.000000000000000000e+00,5.977348331922037739e-01,1.980456010058077310e-01,-2.056610861550579872e-02,-8.382380298069758151e-01,-1.942851406977953721e-01,-4.747328495660442516e-02,6.694096637724075705e-02,-4.329239579241078162e-01,-1.559184961034944528e-01,-1.214313702181176458e-01,-5.747602808343855729e-01,6.292602131097092544e-01,-2.234527512681091510e-01,3.606378923656624602e-01,-8.819431690300907900e-02,-5.354317571510968515e-02,-2.680609185979862530e-01,-1.582593994462963005e-01,9.762765724751937269e-02,1.771774944111262073e-01,2.264731098662244868e-01
-1.792524230976517974e-01,1.155829854681398317e-01,-2.273310850882402090e-01,-3.392370072654576352e-01,5.976710359241355769e-02,6.663549060905633592e-01,3.699797740506708538e-02,-2.225402225098487285e-01,3.176478935930676650e-01,-3.206597111232512010e-01,-5.881244672360739223e-01,4.765913147154112184e-01,-7.993569687273553714e-02,4.778034809961027030e-01,5.362338668265933528e-01,5.879270271877850007e-01,4.148538799999998972e-01,5.977348331922037739e-01,1.000000000000000000e+00,-1.239890285537718490e-01,1.554336158234209675e-01,-4.893281087196515999e-01,-5.264136426640588784e-01,-9.503914775703643791e-02,1.892719454134413753e-02,-1.895863373941319152e-01,-2.548996570735411193e-01,-1.306616535844395688e-01,-4.167655385815776659e-01,6.618246399484672970e-01,-3.372630411849979470e-01,4.927167114704390505e-01,2.280816883988422417e-01,-8.123752072572658356e-02,-5.334410643800193697e-01,-3.293075398007915267e-01,-1.028569841919770300e-01,1.915317429472412859e-03,5.972096979651381199e-01
4.740150414456197892e-01,3.063787300578943995e-01,-7.519269249903545727e-02,7.703399048471597232e-02,-6.990097214372456014e-01,-7.365362426431781850e-01,-8.754752753452599290e-02,-2.687693137949573874e-01,-2.384021349871494055e-01,2.829220511190786991e-01,-3.942972469631945698e-01,-3.674042362591399824e-01,1.354485519501137103e-01,-6.357310521752038701e-01,3.470458810617669809e-01,-5.955458695472848341e-01,-5.751518600000000703e-01,1.980456010058077310e-01,-1.239890285537718490e-01,1.000000000000000000e+00,-1.664050779888000542e-01,1.891706512678327512e-01,6.574634081909436212e-01,3.883204369124714783e-01,-3.130920904432245577e-01,-5.203534100974123271e-03,3.300708591491595123e-01,4.609469360063318533e-01,-2.948926588601712487e-02,1.509478232215632210e-01,1.860159816784987541e-01,2.464737918159068397e-01,-6.551520100457995932e-01,-3.619119911948371904e-01,2.656465589840311115e-01,6.349845976588478491e-01,2.054235180551344520e-01,-3.488424797850497860e-02,3.899188219424108981e-01
5.475331540995702628e-01,-9.313675359136205922e-02,-7.388420352318831874e-01,-6.036091428811897197e-01,-1.962379411325421708e-01,4.370121681688082238e-01,6.330742586979461184e-02,5.823348106459880213e-01,-1.457282269905094130e-01,-9.141691207369672112e-01,5.108380260283619245e-01,-6.473618148386326432e-01,4.792767315825897101e-01,-4.342726812962801608e-01,-7.809134127439780471e-02,4.998556776684738856e-01,6.225278599999999329e-01,-2.056610861550579872e-02,1.554336158234209675e-01,-1.664050779888000542e-01,1.000000000000000000e+00,6.919981165482105845e-02,-4.600839249498521188e-01,-7.641565337597491236e-01,7.049471704568568420e-01,-7.143547026035389491e-01,-9.026890099721498473e-01,-5.458324848125380990e-01,3.718680116955539461e-01,5.646609963830463430e-01,7.430141046176955699e-01,-6.762894718612818545e-01,7.646967116017890920e-01,-5.153952108200072768e-01,-4.539885753314974459e-01,-3.730132106781762213e-01,-9.266395005294590925e-01,-1.653184913004060452e-01,-2.953935339562335088e-02
6.605949971418967337e-01,-1.360034225861280754e-01,-2.562256892837520006e-01,-3.273042255170522941e-01,-1.408668999420818746e-01,-4.490855496465509522e-01,1.047084982250428009e-01,7.907965426038043866e-02,-3.466755736064497384e-02,1.599393957976052438e-01,4.046613946468651246e-01,-4.869374032523219320e-01,-3.610319433640885589e-01,-2.715385122210894897e-01,-3.435265421417876830e-01,6.553458757948660285e-03,-1.924172400000000449e-01,-8.382380298069758151e-01,-4.893281087196515999e-01,1.891706512678327512e-01,6.919981165482105845e-02,1.000000000000000000e+00,2.406972458417610816e-01,2.674841571838690313e-02,4.111366041961134199e-03,2.686782357413244338e-01,2.753284684453390363e-01,4.894390405597601745e-01,3.627229432922309260e-01,-4.003340942119764101e-01,2.744843479577101508e-01,-3.060144844395352726e-01,-3.525470698356544808e-02,-5.142932817692558167e-02,1.382389397162120392e-02,1.676935594457799605e-01,2.060291846246189995e-03,-4.545065411074905026e-01,5.088620929737475151e-02
6.338466977298486994e-04,-2.832470327468444293e-01,5.514277874518782596e-01,2.047703151161907598e-01,-6.580396814576679188e-02,-8.598858518902875447e-01,-1.737509436032709520e-01,-5.277959191464982602e-01,-1.479895129134107812e-01,6.181446738786798845e-01,1.334456527123823464e-03,-2.395281201738176102e-01,-2.072801465092794782e-01,-4.853295498689808030e-01,-1.809968634669168949e-02,-7.354597772126334476e-01,-9.677704200000000201e-01,-1.942851406977953721e-01,-5.264136426640588784e-01,6.574634081909436212e-01,-4.600839249498521188e-01,2.406972458417610816e-01,1.000000000000000000e+00,7.715302952862290731e-01,-7.049655139962541783e-01,5.494695981277530894e-01,5.304030515281705771e-01,2.321177540612982537e-01,4.177645428619564671e-01,-5.232160976944556507e-01,1.420239937915626083e-01,2.973753271134313425e-01,-8.580742906325696806e-01,-2.681498990353792244e-01,7.718870370819436166e-01,9.543797450231972235e-01,2.996655504546502646e-01,2.936808445142261581e-01,-9.821775311040491577e-03
-4.236137250798786003e-01,-3.453839411181625074e-01,7.888100853455984884e-01,2.006781035658962709e-01,3.045291835156187510e-01,-5.087726065327013991e-01,-1.755564248539669692e-01,-8.786574373180756625e-01,2.701009089537628194e-01,8.297812928098017293e-01,-3.673947449071208737e-01,3.588989376756513972e-01,-5.805948058087045949e-01,1.370345650354093392e-01,2.035811425844383238e-01,-4.293655792415975170e-01,-8.969750199999999563e-01,-4.747328495660442516e-02,-9.503914775703643791e-02,3.883204369124714783e-01,-7.641565337597491236e-01,2.674841571838690313e-02,7.715302952862290731e-01,1.000000000000000000e+00,-9.474639026746041193e-01,8.397828524303394548e-01,7.294548758268384336e-01,3.092943984028662108e-01,1.202094224766763336e-01,-5.558112803218349107e-01,-3.493632796374205873e-01,7.868539367014091290e-01,-9.008100349814169849e-01,-6.740458910715836638e-02,6.113813147273884363e-01,8.030675508011831942e-01,5.831235517149849779e-01,2.476209609848353255e-01,1.408968273156953610e-01
4.538873466567908688e-01,4.393118462051197048e-01,-7.482880561964853072e-01,-1.001021101698083421e-01,-3.949481704601413012e-01,4.017755219705484993e-01,1.315639803236056948e-01,8.608818393690491622e-01,-2.942752026489120487e-01,-7.288580352922698902e-01,3.126158502970481923e-01,-3.976466722593433034e-01,6.053547672777402910e-01,-1.734246972123972552e-01,-2.225383286702918850e-01,3.219909584116856238e-01,8.401026799999999906e-01,6.694096637724075705e-02,1.892719454134413753e-02,-3.130920904432245577e-01,7.049471704568568420e-01,4.111366041961134199e-03,-7.049655139962541783e-01,-9.474639026746041193e-01,1.000000000000000000e+00,-8.343850050882901659e-01,-6.339274043953641025e-01,-2.315780802255492654e-01,-1.822822250293888169e-01,5.190844772642078109e-01,3.286332161715625477e-01,-7.718968429441586121e-01,8.157217292210403592e-01,1.048194012126097696e-01,-6.141869442230151188e-01,-7.773816883260453725e-01,-4.851572888203413148e-01,-2.797787601401895419e-01,-1.927780635290161637e-01
-4.352397801789166243e-01,-5.441910178305946477e-01,7.129798170167969129e-01,6.336086952573660724e-02,5.900012723464163056e-01,-3.278762564637436872e-01,5.923753208124606789e-02,-7.594237635931382346e-01,3.451387113177789567e-01,7.516567782204900405e-01,-7.094900890087692258e-02,4.309666102871245186e-01,-8.741640193521912350e-01,3.823073536069249156e-01,-8.106545297475262202e-02,-2.070140657335825807e-01,-7.174886200000000214e-01,-4.329239579241078162e-01,-1.895863373941319152e-01,-5.203534100974123271e-03,-7.143547026035389491e-01,2.686782357413244338e-01,5.494695981277530894e-01,8.397828524303394548e-01,-8.343850050882901659e-01,1.000000000000000000e+00,7.136820389533048425e-01,2.670380886700934320e-01,2.456076391646343227e-01,-7.794651074633096588e-01,-4.263740419373586166e-01,6.070403328940976451e-01,-6.386935555007409171e-01,1.533717446316813782e-01,4.861698875955528520e-01,5.780134074310052661e-01,5.325735758408713938e-01,2.467926685976633006e-01,1.089961811581114243e-01
-2.079857921357652628e-01,1.758395074168059846e-01,5.650050444746255174e-01,5.012804154161401016e-01,-4.251910029034251803e-03,-6.145567989470246406e-01,-1.324122284486585477e-01,-5.261035818270910491e-01,-1.790660969106576059e-02,9.239147706383397107e-01,-4.549210224937876856e-01,3.783920400407543294e-01,-5.299300137028402080e-01,2.775087150059236674e-01,-2.049812035464632781e-02,-5.378158117855827980e-01,-6.566238799999999376e-01,-1.559184961034944528e-01,-2.548996570735411193e-01,3.300708591491595123e-01,-9.026890099721498473e-01,2.753284684453390363e-01,5.304030515281705771e-01,7.294548758268384336e-01,-6.339274043953641025e-01,7.136820389533048425e-01,1.000000000000000000e+00,7.812974538508310474e-01,-3.242784527499600888e-01,-5.656428390333466671e-01,-6.334598496517724886e-01,5.800129633072761415e-01,-7.958407305912850171e-01,4.649610398268725908e-01,2.959658580129320149e-01,4.046105766506603030e-01,9.330858032367904675e-01,-4.987938257434409994e-02,1.598437833554762488e-01
2.841502172660002601e-01,5.294146794796104061e-01,4.011576172483547614e-02,3.089084538532664848e-01,-4.262183078151187687e-01,-5.340690523001045964e-01,-1.616739051168377406e-01,-1.388869365734568262e-01,-1.205118925754988524e-01,6.132087932395566821e-01,-4.693153680506489400e-01,9.551384227488225742e-02,-2.377802530187728414e-01,1.006164774880635715e-01,9.862396825108718512e-02,-2.962009711146550983e-01,-2.807969399999999949e-01,-1.214313702181176458e-01,-1.306616535844395688e-01,4.609469360063318533e-01,-5.458324848125380990e-01,4.894390405597601745e-01,2.321177540612982537e-01,3.092943984028662108e-01,-2.315780802255492654e-01,2.670380886700934320e-01,7.812974538508310474e-01,1.000000000000000000e+00,-4.980270368780253532e-01,-1.944972799062824054e-01,-4.237948113302578701e-01,2.928025030376043003e-01,-4.782856874737478892e-01,3.464432556694451160e-01,-9.828700742977460048e-02,8.415403219240853716e-02,7.363895627333438831e-01,-4.831252966464442133e-01,2.923327137139231646e-01
1.550552115125953534e-01,-8.417196124061611107e-01,8.755033693884754775e-02,-4.861629662998330215e-01,3.758780346896629099e-01,-1.618403852976102730e-01,1.206537711048972089e-01,-8.603502501293695814e-02,8.647212309265794872e-02,-1.866718758119535471e-01,7.728276263548287117e-01,-5.231454732080733638e-01,-1.820566914871467601e-01,-4.716222706029754574e-01,-2.502825425956781147e-01,4.426659528828977286e-02,-3.296074799999999527e-01,-5.747602808343855729e-01,-4.167655385815776659e-01,-2.948926588601712487e-02,3.718680116955539461e-01,3.627229432922309260e-01,4.177645428619564671e-01,1.202094224766763336e-01,-1.822822250293888169e-01,2.456076391646343227e-01,-3.242784527499600888e-01,-4.980270368780253532e-01,1.000000000000000000e+00,-3.918459240989550785e-01,6.999808046866601297e-01,-3.185138992560398452e-01,4.000427081691040887e-02,-6.051214735262689937e-01,4.527321608345792892e-01,5.060847686752095731e-01,-6.055419857554003027e-01,2.664312725813572924e-01,-2.148597884849467732e-01
3.413935543725513666e-01,4.999506629992140905e-01,-6.838872934390129998e-01,-2.956913788979025903e-01,-5.436744745639628951e-01,4.441404828906037050e-01,-5.652242028996515288e-02,2.739728556235469514e-01,-1.860481172616060275e-01,-6.677300022974270721e-01,-3.796972779161371658e-01,-1.417936621734982583e-01,5.419866877537311556e-01,-1.541030148179053927e-01,2.823565120354817326e-01,2.925734690981893760e-01,5.878957799999999789e-01,6.292602131097092544e-01,6.618246399484672970e-01,1.509478232215632210e-01,5.646609963830463430e-01,-4.003340942119764101e-01,-5.232160976944556507e-01,-5.558112803218349107e-01,5.190844772642078109e-01,-7.794651074633096588e-01,-5.656428390333466671e-01,-1.944972799062824054e-01,-3.918459240989550785e-01,1.000000000000000000e+00,1.116928758979763847e-01,-8.292748066497157566e-02,4.204938731844276023e-01,-1.694971599710553556e-01,-5.713602447894723380e-01,-4.193503051999628028e-01,-3.908761913143180000e-01,-1.306588307973224894e-01,3.911243787071468914e-01
5.487779766051585906e-01,-2.977108020979835068e-01,-3.835556667111295059e-01,-3.849673384472648285e-01,-1.930413909281755991e-01,-1.133258048740028445e-01,1.641425507752003465e-02,4.037140909855440052e-01,-7.997858569375840276e-02,-5.259722962687122250e-01,6.680177146449056691e-01,-8.437641546403629178e-01,4.543616631237331061e-01,-7.834488536963718497e-01,5.392972336897949859e-03,8.783485656118948659e-02,6.798068000000001554e-02,-2.234527512681091510e-01,-3.372630411849979470e-01,1.860159816784987541e-01,7.430141046176955699e-01,2.744843479577101508e-01,1.420239937915626083e-01,-3.493632796374205873e-01,3.286332161715625477e-01,-4.263740419373586166e-01,-6.334598496517724886e-01,-4.237948113302578701e-01,6.999808046866601297e-01,1.116928758979763847e-01,1.000000000000000000e+00,-6.498009777918664076e-01,3.096095505337080889e-01,-7.440718708417917160e-01,7.242202221864313394e-02,1.683185649117349136e-01,-7.987958902374041603e-01,-1.361382840517600945e-01,-3.045543216952386611e-01
-5.129958122597491066e-01,-7.569874709092616616e-02,5.500709396680524277e-01,1.053328206839485859e-01,2.448872767905856396e-01,-4.946654501553632288e-02,-1.317210091903854297e-01,-8.712032557064427474e-01,3.827891134801705286e-01,5.946529987712688703e-01,-7.705521433727059444e-01,6.882647827733883172e-01,-5.464707729953911519e-01,4.921210304984926509e-01,4.634387804819985468e-01,-1.006693804680854343e-01,-4.912710799999999711e-01,3.606378923656624602e-01,4.927167114704390505e-01,2.464737918159068397e-01,-6.762894718612818545e-01,-3.060144844395352726e-01,2.973753271134313425e-01,7.868539367014091290e-01,-7.718968429441586121e-01,6.070403328940976451e-01,5.800129633072761415e-01,2.928025030376043003e-01,-3.185138992560398452e-01,-8.292748066497157566e-02,-6.498009777918664076e-01,1.000000000000000000e+00,-6.676910714186639062e-01,6.328412324584760384e-02,1.557209032102472579e-01,4.094377690182657847e-01,5.944354619162408593e-01,1.806415259668759932e-01,4.652664890980828805e-01
2.134958648323659891e-01,1.222307204996338909e-02,-6.486574172456107679e-01,-4.122122462596574666e-01,8.391135132899858740e-02,7.498685313384232387e-01,2.046957622543976452e-01,7.097389043929865915e-01,4.796870030460248513e-02,-8.238859492004280138e-01,4.619696983475819474e-01,-1.709145974162363246e-01,3.354495949033166058e-01,1.107589173932299609e-01,-1.925048792643722362e-01,7.310182950485002440e-01,9.220882200000000140e-01,-8.819431690300907900e-02,2.280816883988422417e-01,-6.551520100457995932e-01,7.646967116017890920e-01,-3.525470698356544808e-02,-8.580742906325696806e-01,-9.008100349814169849e-01,8.157217292210403592e-01,-6.386935555007409171e-01,-7.958407305912850171e-01,-4.782856874737478892e-01,4.000427081691040887e-02,4.204938731844276023e-01,3.096095505337080889e-01,-6.676910714186639062e-01,1.000000000000000000e+00,-7.060504016270567791e-03,-5.732539438514422381e-01,-8.115183681531639159e-01,-6.785754154659634496e-01,-2.283175256437216805e-01,-1.917161638881055286e-01
-2.881395096613084128e-01,4.338375642262537468e-01,1.289155086832156072e-01,5.077822590027210037e-01,2.604395586377668617e-02,1.499496146708504535e-02,1.310827877206214021e-01,1.106748027294747749e-01,-1.692975332929667065e-01,2.969726069734890950e-01,-2.509732007458844172e-01,5.059436450796541695e-01,-1.717934411354805069e-01,5.416751926900946756e-01,-3.711882989271178546e-01,-1.834712859481526792e-01,1.567495000000000971e-01,-5.354317571510968515e-02,-8.123752072572658356e-02,-3.619119911948371904e-01,-5.153952108200072768e-01,-5.142932817692558167e-02,-2.681498990353792244e-01,-6.740458910715836638e-02,1.048194012126097696e-01,1.533717446316813782e-01,4.649610398268725908e-01,3.464432556694451160e-01,-6.051214735262689937e-01,-1.694971599710553556e-01,-7.440718708417917160e-01,6.328412324584760384e-02,-7.060504016270567791e-03,1.000000000000000000e+00,-1.013926160885034178e-01,-4.108487305769793485e-01,6.372233805586744460e-01,3.953012474038344881e-02,-4.556116808213528380e-02
-2.965977651223812295e-01,-4.380659866832540272e-01,6.147988267305118937e-01,1.609106989665264054e-01,2.289820619610057617e-01,-5.704905932178784278e-01,-3.713715819732271717e-02,-4.090419151554484101e-01,4.512913900215129170e-02,4.756124433505485305e-01,1.759561626859102168e-01,2.117820518415866951e-03,-1.445084357173058998e-01,-2.991000828312585513e-01,-1.755675252311921231e-01,-5.387401119156237650e-01,-7.672364799999999985e-01,-2.680609185979862530e-01,-5.334410643800193697e-01,2.656465589840311115e-01,-4.539885753314974459e-01,1.382389397162120392e-02,7.718870370819436166e-01,6.113813147273884363e-01,-6.141869442230151188e-01,4.861698875955528520e-01,2.959658580129320149e-01,-9.828700742977460048e-02,4.527321608345792892e-01,-5.713602447894723380e-01,7.242202221864313394e-02,1.557209032102472579e-01,-5.732539438514422381e-01,-1.013926160885034178e-01,1.000000000000000000e+00,7.635654793389889949e-01,1.585901440113108019e-01,4.587874713639043533e-01,-3.056640016333335153e-01
-3.399501323820260795e-02,-4.410116377578454649e-01,5.086699330491919468e-01,-1.957082572314874924e-02,4.173211665611557125e-02,-7.077892891551895715e-01,-1.078814174769146678e-01,-6.637031713758418938e-01,1.449507522969126390e-02,5.052041227768450105e-01,-3.380754630881585565e-02,-1.753657685256343191e-01,-3.043572027366300836e-01,-4.386784319363812301e-01,8.388324969376961815e-02,-5.761902587567161449e-01,-9.472509999999999541e-01,-1.582593994462963005e-01,-3.293075398007915267e-01,6.349845976588478491e-01,-3.730132106781762213e-01,1.676935594457799605e-01,9.543797450231972235e-01,8.030675508011831942e-01,-7.773816883260453725e-01,5.780134074310052661e-01,4.046105766506603030e-01,8.415403219240853716e-02,5.060847686752095731e-01,-4.193503051999628028e-01,1.683185649117349136e-01,4.094377690182657847e-01,-8.115183681531639159e-01,-4.108487305769793485e-01,7.635654793389889949e-01,1.000000000000000000e+00,1.591710182610863444e-01,3.615406770946551496e-01,1.190187236621808586e-01
-3.588135625116839478e-01,3.949718422440017251e-01,5.376676522041702322e-01,6.672316020906208234e-01,-4.471039493260968445e-02,-4.239143745493335058e-01,-1.466586628884201660e-01,-4.141915565836192803e-01,-3.078221303779314980e-02,8.561246856287488827e-01,-6.184964109279165179e-01,5.638557255414516911e-01,-3.628540955600080276e-01,4.385337958681900794e-01,4.703827988712649261e-02,-4.947452805450333058e-01,-4.429127800000000059e-01,9.762765724751937269e-02,-1.028569841919770300e-01,2.054235180551344520e-01,-9.266395005294590925e-01,2.060291846246189995e-03,2.996655504546502646e-01,5.831235517149849779e-01,-4.851572888203413148e-01,5.325735758408713938e-01,9.330858032367904675e-01,7.363895627333438831e-01,-6.055419857554003027e-01,-3.908761913143180000e-01,-7.987958902374041603e-01,5.944354619162408593e-01,-6.785754154659634496e-01,6.372233805586744460e-01,1.585901440113108019e-01,1.591710182610863444e-01,1.000000000000000000e+00,-4.479291906736666828e-02,1.114371604665652521e-01
-4.382581433302080720e-01,-3.678432456108972071e-01,3.409402530035169354e-01,1.159393168944347768e-01,2.626716205869655263e-01,-5.257184568166523714e-02,3.551613126479137295e-01,-2.593769545907184115e-01,-1.445751587531532156e-01,4.645532225155752509e-03,5.269565704750756030e-02,2.070473966685968392e-01,-1.465422508230887488e-01,-3.005086544745572130e-02,-8.358646126812567523e-02,-3.370642025274505071e-01,-3.248212799999999900e-01,1.771774944111262073e-01,1.915317429472412859e-03,-3.488424797850497860e-02,-1.653184913004060452e-01,-4.545065411074905026e-01,2.936808445142261581e-01,2.476209609848353255e-01,-2.797787601401895419e-01,2.467926685976633006e-01,-4.987938257434409994e-02,-4.831252966464442133e-01,2.664312725813572924e-01,-1.306588307973224894e-01,-1.361382840517600945e-01,1.806415259668759932e-01,-2.283175256437216805e-01,3.953012474038344881e-02,4.587874713639043533e-01,3.615406770946551496e-01,-4.479291906736666828e-02,1.000000000000000000e+00,1.930802222181479955e-01
2.634994841223631257e-01,1.349305071176442050e-01,-3.117058143790331082e-01,-3.401799299229069651e-01,-2.805515060091214319e-01,2.806449609242076416e-04,2.855700998464832385e-01,-3.238757409643719942e-01,-5.791016847222046904e-02,-7.078442003042208219e-02,-5.132683447203437721e-01,1.510757238485326837e-01,-3.745793865974784143e-01,9.161628256877507592e-02,3.267067029410792856e-01,7.164610515927091750e-02,-6.433670000000002442e-02,2.264731098662244868e-01,5.972096979651381199e-01,3.899188219424108981e-01,-2.953935339562335088e-02,5.088620929737475151e-02,-9.821775311040491577e-03,1.408968273156953610e-01,-1.927780635290161637e-01,1.089961811581114243e-01,1.598437833554762488e-01,2.923327137139231646e-01,-2.148597884849467732e-01,3.911243787071468914e-01,-3.045543216952386611e-01,4.652664890980828805e-01,-1.917161638881055286e-01,-4.556116808213528380e-02,-3.056640016333335153e-01,1.190187236621808586e-01,1.114371604665652521e-01,1.930802222181479955e-01,1.000000000000000000e+00
