1.000000000000000000e+00,-2.357918125253198882e-01,-4.654185373619456612e-01,-5.420541614056747504e-01,8.358388435514868542e-02,3.412701776129730691e-01,5.991424538637213359e-03,-2.079864395601625782e-02,6.136256776634819998e-02,-2.754367764333304769e-01,2.999117755935771790e-01,1.864369071674144840e-01,-2.159742780466418210e-01,-1.234675997942627917e-01,6.153122110771525044e-02,-2.208940290490497005e-01,-6.021088839615881261e-01,-1.293488913157366804e-01,-1.885116485164258782e-01,2.058494426061051041e-01,-4.289760296261975747e-01,2.658622016270619781e-01,-8.126548305548063345e-02,1.500281987537122608e-01,2.689047246448938999e-01,-4.731286188483567190e-01,-4.554766547340758365e-01,-4.003173849008270085e-02,7.118786692845988084e-02,-1.559266519613951851e-01,-2.831070992403766362e-01,-2.438482819750351915e-01,1.865023467061048268e-01,-2.607611073642858712e-01,-1.903920073123260837e-01,4.182103890109979405e-01,1.315057650086448315e-01,1.966417400000000093e-01,-4.333974495426702878e-01
-2.357918125253198882e-01,1.000000000000000000e+00,7.138198912059652290e-01,5.763683784747080097e-01,-2.684022319770720255e-01,-3.493131445861295536e-01,-3.658152114431562074e-02,-1.505086232008425451e-01,-1.865235647588703027e-01,-1.997185918214269829e-01,-6.532554344322166751e-01,-6.230350114903101533e-01,5.535093832066123598e-01,2.764675727755483980e-01,-1.362046094324936840e-02,6.743082657386091361e-01,3.863382034341849014e-01,3.096101400233356449e-01,2.494783798689916843e-01,1.608115772173444036e-01,5.592298621249780499e-01,-1.837686240247409508e-01,-2.383533459808527544e-01,-2.800425436987352135e-01,-4.005032361178595957e-01,7.535460473948201177e-01,6.041170793449734955e-01,4.511896489978885483e-01,-2.845654815183916442e-02,4.558980526178897374e-01,3.249379052705081428e-02,5.117665293276753291e-02,-3.803467492709677877e-01,2.950013649630136084e-02,-1.074962558141310115e-01,-4.181925329783312550e-01,-2.751186409259921417e-01,9.025532000000002775e-02,4.528031861892697907e-01
-4.654185373619456612e-01,7.138198912059652290e-01,1.000000000000000000e+00,7.295496504624164880e-01,-6.330530326916472550e-01,-7.215044140883362100e-01,-1.448613790304113524e-01,-3.156001251895864668e-01,-1.476018995724460714e-01,-2.012752702290256934e-01,-5.937794056247009955e-01,-5.916051616892807896e-01,8.294404927378977721e-01,-6.006119696944978159e-02,-1.985513683346731284e-01,6.170816341126292848e-01,6.462971507333503673e-01,2.841990724482021946e-01,5.925309065325918834e-01,1.170152057083643227e-01,8.108888540645958765e-01,-9.578017289328577544e-02,-2.364932319075515599e-01,-2.149617833997547467e-01,-6.173490621045556459e-01,5.157805382680165085e-01,8.723012319283969251e-01,2.691722801917433294e-01,-5.385259968043987211e-02,6.807067085075082513e-01,1.329144698393814883e-01,1.429735953789798009e-01,-7.943858202579043848e-01,4.533503061882765417e-02,-2.423162921187679286e-01,-4.327974200402075478e-01,1.439437773223396499e-01,1.044455200000000694e-01,5.394771482737655832e-01
-5.420541614056747504e-01,5.763683784747080097e-01,7.295496504624164880e-01,1.000000000000000000e+00,-2.055896636623361640e-01,-4.066815116224989923e-01,5.298162997008856179e-01,-3.567971565750790441e-01,4.691106680002559565e-02,3.488139965867335657e-01,-7.652064171437680251e-01,-9.977487207024408888e-02,4.146194563058828164e-01,1.974045929215479389e-01,3.989546549895703342e-01,2.446952523302255156e-01,9.615034835256647261e-01,3.429022524822786799e-01,4.272906284241230201e-01,-5.521462374053892619e-01,7.948902290875491383e-01,-4.825273379980600241e-01,-3.040453061853106709e-01,3.385300927018780603e-01,-7.856140547956177445e-01,6.945581903701946169e-01,8.358579425423077192e-01,-8.075470711005854063e-02,-3.832437767544166762e-01,2.342179035530078321e-02,6.943163714342270865e-01,4.721449149459919226e-01,-6.716707401134386357e-01,6.915942646760169232e-01,1.934766296568966593e-01,-4.830658757700404538e-01,-3.424233466589957642e-01,-5.798356399999999855e-01,9.537228568974781551e-01
8.358388435514868542e-02,-2.684022319770720255e-01,-6.330530326916472550e-01,-2.055896636623361640e-01,1.000000000000000000e+00,8.348486027861216074e-01,3.755038725182842096e-01,6.445833933845553920e-01,-5.848057734744339237e-02,5.851046159924833123e-01,1.003865060264120396e-01,3.287466948609091277e-01,-9.358875281263631107e-01,7.227728174004998118e-01,4.529920276750617480e-01,-2.996255979433889438e-01,-2.350843858200587499e-01,-3.823853748866629654e-01,-9.115290003120464224e-01,-4.714193577435342730e-01,-2.445802040786403120e-01,-2.842854088325573736e-01,5.766900148110629676e-01,3.880590730807326194e-01,2.761174084215343161e-01,-1.125996532473504674e-01,-2.812774836638070042e-01,-3.192338059940605932e-01,-1.198248756678866739e-01,-7.927455363864291948e-01,3.212771330847162266e-01,3.500629559011872449e-01,5.783363765411559942e-01,3.297602079616955839e-01,1.708004143682016196e-01,-2.302661064631228161e-01,-6.258545031138277315e-01,-4.380149399999999638e-01,2.262330848703945560e-02
3.412701776129730691e-01,-3.493131445861295536e-01,-7.215044140883362100e-01,-4.066815116224989923e-01,8.348486027861216074e-01,1.000000000000000000e+00,2.355937254671028047e-01,4.176207650453894193e-01,-4.689688014139542505e-02,4.936063466685692291e-01,8.156153545092641177e-02,3.306999371078268579e-01,-8.516648467140870427e-01,4.210547557680176523e-01,4.565465357932838586e-01,-2.993809980253525627e-01,-4.292991807909240509e-01,-2.949622305868829786e-01,-8.570490691561657437e-01,-3.279418806796912111e-01,-4.142315888152997005e-01,-6.623382424867993445e-02,2.824747915742211735e-01,3.533038100906268353e-01,4.663546345139451543e-01,-2.433265187929384010e-01,-4.448702242279335417e-01,-1.997358733355698024e-01,1.211181014229937430e-02,-7.174803921534788076e-01,1.030056687123369341e-01,1.106639069031908201e-01,5.337610265231654827e-01,1.250963831988599340e-01,2.765243356200519642e-01,1.201118178105063487e-02,-4.948309029063991948e-01,-2.522654399999999519e-01,-2.034831371374976883e-01
5.991424538637213359e-03,-3.658152114431562074e-02,-1.448613790304113524e-01,5.298162997008856179e-01,3.755038725182842096e-01,2.355937254671028047e-01,1.000000000000000000e+00,-1.933129472577829466e-01,4.351417182483051094e-01,7.060184742462436436e-01,-3.090920686560406083e-01,5.690660077761021673e-01,-3.491828898133196302e-01,3.497010043354998321e-01,8.855514790028398142e-01,-5.208901862367180113e-01,5.441712085043796110e-01,3.168120389278683557e-02,-1.433629784347922875e-02,-8.874328423845069258e-01,2.304698062547611559e-01,-6.689996144543901568e-01,-1.949589267616492205e-01,7.744062518621583902e-01,-5.278914240331890051e-01,2.197150013175290517e-01,1.883224994055581192e-01,-5.733210424756626233e-01,-3.552570880979943890e-01,-7.536247647093714530e-01,8.767778383134756659e-01,5.989247731081406290e-01,-4.316386444935577105e-02,9.526430482907795039e-01,4.351399358399719031e-01,-1.928556973024974641e-01,-5.219408470892613616e-01,-9.637434599999999962e-01,7.275272463881501395e-01
-2.079864395601625782e-02,-1.505086232008425451e-01,-3.156001251895864668e-01,-3.567971565750790441e-01,6.445833933845553920e-01,4.176207650453894193e-01,-1.933129472577829466e-01,1.000000000000000000e+00,-8.107483906366057258e-02,9.338486222892326827e-02,4.022843247732487693e-01,-1.037310819743617607e-01,-5.916083006552698142e-01,6.669686909205609915e-01,-1.166458208030668742e-01,-6.410000780191048297e-02,-4.289589269014786876e-01,-6.516890363402390030e-01,-7.417859031554953075e-01,1.141700950235634004e-01,-5.897867752836731536e-02,-1.686436989379155871e-01,8.607658667488854443e-01,-1.026988420514455547e-01,2.646947525855223859e-01,-3.299402149777467264e-01,-1.599662657085292594e-01,-2.126617243236469390e-01,2.534297219554098035e-01,-1.641513277946936855e-01,-4.150758717299493639e-02,3.048575606543976191e-01,5.558140559472340980e-01,-1.590236072932355027e-01,-4.025295759948836483e-01,-3.252034822909646294e-01,-6.884993671737479892e-02,1.039908800000000078e-01,-2.485497618105286799e-01
6.136256776634819998e-02,-1.865235647588703027e-01,-1.476018995724460714e-01,4.691106680002559565e-02,-5.848057734744339237e-02,-4.689688014139542505e-02,4.351417182483051094e-01,-8.107483906366057258e-02,1.000000000000000000e+00,3.615161081217694306e-01,3.321870148120419364e-01,2.669979670631620894e-01,-1.033110787066341546e-01,1.161265738281687387e-01,5.038032847681930271e-01,-7.759163835542500776e-01,6.447779476920804942e-02,-5.167637294756269872e-01,2.123882050989415182e-01,-1.771910860117450193e-01,1.993359825505727212e-01,-6.402248109198612758e-01,-7.109242629857372153e-02,1.654478191182956748e-01,-4.995788169940067469e-01,-3.148953150477952212e-01,7.236447215760007101e-03,-7.486825913445237513e-01,5.589972194259924532e-01,-1.916999257091676345e-01,4.481995612997520806e-01,5.544369279868462952e-01,2.826911904324735936e-01,3.984758369969751968e-01,-6.861114328599871026e-04,-2.331396256774389830e-01,3.473984561741548793e-01,-3.904054999999999609e-01,1.952902685490599255e-01
-2.754367764333304769e-01,-1.997185918214269829e-01,-2.012752702290256934e-01,3.488139965867335657e-01,5.851046159924833123e-01,4.936063466685692291e-01,7.060184742462436436e-01,9.338486222892326827e-02,3.615161081217694306e-01,1.000000000000000000e+00,-2.199899365629746084e-01,4.436922130465223990e-01,-5.561192288098146808e-01,5.055703649280277601e-01,8.123671236927380024e-01,-4.940111310472349304e-01,3.913130948426817857e-01,-3.126991935016747992e-01,-3.771559510465265497e-01,-8.164583176653993357e-01,2.846995130379721406e-01,-6.698945878788825636e-01,2.015100605843634096e-01,6.447354268025508039e-01,-3.653254013631894170e-01,5.409053473111870292e-02,2.362981944184511796e-01,-6.514970894430399673e-01,-2.666413961775135344e-02,-7.204945035442403833e-01,8.163792457858306539e-01,7.177082816585255154e-01,1.092847288127341554e-01,7.842166406930967115e-01,4.238625675693607486e-01,-5.199673374723694508e-01,-4.315188513843633555e-01,-8.240007000000000303e-01,5.554957669562865519e-01
2.999117755935771790e-01,-6.532554344322166751e-01,-5.937794056247009955e-01,-7.652064171437680251e-01,1.003865060264120396e-01,8.156153545092641177e-02,-3.090920686560406083e-01,4.022843247732487693e-01,3.321870148120419364e-01,-2.199899365629746084e-01,1.000000000000000000e+00,1.593062427741208376e-01,-3.646422589018919469e-01,-7.461101893116219019e-02,-3.547604211752133918e-01,-5.671658514435400367e-01,-6.986875478450094157e-01,-5.927595642429126510e-01,-1.608513249301758430e-01,4.337415893105415199e-01,-5.179581730882364399e-01,1.415973556811659650e-01,4.718933240664850426e-01,-2.452580726651765741e-01,4.164650524506665064e-01,-7.735041464219591933e-01,-6.589106957028413314e-01,-3.499701772313305037e-01,4.885860240697931234e-01,-8.564983793169389514e-03,-3.620510407662180796e-01,-7.726721013758527934e-02,6.805753016947030387e-01,-3.997525601697462516e-01,-4.460324184232447031e-01,2.858160296850941751e-01,5.881763231305769946e-01,3.311116800000000193e-01,-6.876255007247412676e-01
1.864369071674144840e-01,-6.230350114903101533e-01,-5.916051616892807896e-01,-9.977487207024408888e-02,3.287466948609091277e-01,3.306999371078268579e-01,5.690660077761021673e-01,-1.037310819743617607e-01,2.669979670631620894e-01,4.436922130465223990e-01,1.593062427741208376e-01,1.000000000000000000e+00,-5.002011627449864939e-01,-1.537653049025628493e-01,4.941981343866216347e-01,-6.322382657105787285e-01,8.955883335662420675e-02,2.451613282940845462e-02,-1.104672512972741938e-01,-6.107413589320135339e-01,-3.583560967448267687e-01,-1.338481533321814743e-01,-9.992642904434446971e-02,6.325640424845295762e-01,3.985333587319919713e-02,-2.324511868878347542e-01,-4.085063736937226131e-01,-4.789661976477291305e-01,-3.139309608872226653e-01,-7.249819339881280467e-01,3.817421577047191428e-01,1.015734160580610973e-01,2.832588263340597989e-01,4.720847733918113187e-01,5.937707395718390124e-01,3.069501221786861689e-01,-1.550260184432811217e-01,-5.655264600000000641e-01,6.343120187494422080e-02
-2.159742780466418210e-01,5.535093832066123598e-01,8.294404927378977721e-01,4.146194563058828164e-01,-9.358875281263631107e-01,-8.516648467140870427e-01,-3.491828898133196302e-01,-5.916083006552698142e-01,-1.033110787066341546e-01,-5.561192288098146808e-01,-3.646422589018919469e-01,-5.002011627449864939e-01,1.000000000000000000e+00,-5.325093601550547895e-01,-4.255313823322802169e-01,5.514653253314686365e-01,3.866108775600690661e-01,4.816486021837147469e-01,8.495135872792123344e-01,4.156139406210466181e-01,4.255267042829364299e-01,2.121112350104916444e-01,-5.478473512378947419e-01,-3.974586087748972485e-01,-3.729459737741480652e-01,3.680039527366904539e-01,5.010546604377534852e-01,4.659650917146110904e-01,2.318223341912855132e-03,8.326975154817169988e-01,-2.502379274296144818e-01,-2.909010984384481913e-01,-7.036245557154587882e-01,-2.636517894238247228e-01,-1.630850190630146745e-01,4.188405607312775669e-02,4.002789471728903647e-01,3.965947800000000356e-01,1.656417247030205209e-01
-1.234675997942627917e-01,2.764675727755483980e-01,-6.006119696944978159e-02,1.974045929215479389e-01,7.227728174004998118e-01,4.210547557680176523e-01,3.497010043354998321e-01,6.669686909205609915e-01,1.161265738281687387e-01,5.055703649280277601e-01,-7.461101893116219019e-02,-1.537653049025628493e-01,-5.325093601550547895e-01,1.000000000000000000e+00,4.144429587967740081e-01,-8.852488510335530802e-02,3.778821361049228972e-02,-5.442554029997989096e-01,-6.402399004570478169e-01,-3.050445059137553705e-01,3.586639004304648659e-01,-6.158883438377467101e-01,6.444321457775163964e-01,1.710524153672127179e-01,-2.320808558685436840e-01,1.095976187761755066e-01,2.746152737937122557e-01,-3.670047447913687977e-01,1.438777269649558765e-01,-3.752748587936292068e-01,4.852780647613846310e-01,6.955935088238797137e-01,3.249535782197153222e-01,3.977086942869497155e-01,-2.403069968156063829e-01,-7.225080022777998767e-01,-4.660471088266852635e-01,-4.018559400000000226e-01,3.752373477884430875e-01
6.153122110771525044e-02,-1.362046094324936840e-02,-1.985513683346731284e-01,3.989546549895703342e-01,4.529920276750617480e-01,4.565465357932838586e-01,8.855514790028398142e-01,-1.166458208030668742e-01,5.038032847681930271e-01,8.123671236927380024e-01,-3.547604211752133918e-01,4.941981343866216347e-01,-4.255313823322802169e-01,4.144429587967740081e-01,1.000000000000000000e+00,-5.202422622451803313e-01,3.865788085945920938e-01,-1.493247323369994439e-01,-2.108864538114752496e-01,-8.168364116850590495e-01,2.589595679356589408e-01,-6.966848122292348400e-01,-1.675728878799092325e-01,6.679829907666471334e-01,-4.848141618284529386e-01,1.477475372754261385e-01,1.969234949178352845e-01,-5.952502258272401869e-01,-6.208131521633764027e-02,-7.364000612095689124e-01,8.225546088327507777e-01,6.470276429643354588e-01,4.933394334654259139e-02,8.447209671732435199e-01,5.087324789159475280e-01,-3.426409979806149253e-01,-4.878662049408552526e-01,-8.726397999999999655e-01,6.191989855071341475e-01
-2.208940290490497005e-01,6.743082657386091361e-01,6.170816341126292848e-01,2.446952523302255156e-01,-2.996255979433889438e-01,-2.993809980253525627e-01,-5.208901862367180113e-01,-6.410000780191048297e-02,-7.759163835542500776e-01,-4.940111310472349304e-01,-5.671658514435400367e-01,-6.322382657105787285e-01,5.514653253314686365e-01,-8.852488510335530802e-02,-5.202422622451803313e-01,1.000000000000000000e+00,1.456754151066624037e-01,5.344793155040518107e-01,1.047921072411231724e-01,3.693777706977909303e-01,2.133418927805576792e-01,4.519339165167134409e-01,-1.222136550546950029e-01,-3.914134473291303040e-01,1.238961490706286805e-01,5.624078724227584702e-01,3.731980644316902906e-01,8.407929062761794192e-01,-3.088184487772985265e-01,5.979747724862081171e-01,-4.262677479768512412e-01,-4.540694276639877791e-01,-5.019659704060572825e-01,-4.280855253092263890e-01,-1.117511348097571938e-01,-5.203440249195530332e-02,-1.959228907543358600e-01,5.009985400000001032e-01,1.907435754704829220e-02
-6.021088839615881261e-01,3.863382034341849014e-01,6.462971507333503673e-01,9.615034835256647261e-01,-2.350843858200587499e-01,-4.292991807909240509e-01,5.441712085043796110e-01,-4.289589269014786876e-01,6.447779476920804942e-02,3.913130948426817857e-01,-6.986875478450094157e-01,8.955883335662420675e-02,3.866108775600690661e-01,3.778821361049228972e-02,3.865788085945920938e-01,1.456754151066624037e-01,1.000000000000000000e+00,3.924707378404488356e-01,4.833494022124398826e-01,-6.253143530986859933e-01,7.000792669651212385e-01,-4.089064219902804886e-01,-3.385461477318930656e-01,4.103145789889557915e-01,-7.364005893407165049e-01,6.393949236545275472e-01,7.409879845672276977e-01,-1.361898370178082629e-01,-4.490559266134608873e-01,-3.941344856537070535e-02,7.042161509033293409e-01,4.155462157697485948e-01,-6.594421108397058306e-01,7.176650597420429767e-01,3.293415348113198360e-01,-3.678080789481736890e-01,-2.792069828079359883e-01,-6.219006999999999730e-01,9.118662766278401444e-01
-1.293488913157366804e-01,3.096101400233356449e-01,2.841990724482021946e-01,3.429022524822786799e-01,-3.823853748866629654e-01,-2.949622305868829786e-01,3.168120389278683557e-02,-6.516890363402390030e-01,-5.167637294756269872e-01,-3.126991935016747992e-01,-5.927595642429126510e-01,2.451613282940845462e-02,4.816486021837147469e-01,-5.442554029997989096e-01,-1.493247323369994439e-01,5.344793155040518107e-01,3.924707378404488356e-01,1.000000000000000000e+00,4.618293618345850060e-01,-9.736075419025000399e-02,-1.631193966754194979e-01,3.977800394486264990e-01,-7.395144061702328964e-01,4.885204371708373738e-02,1.051718491858553151e-01,6.226167134441901174e-01,3.326971115019083935e-02,7.082284726820788912e-01,-7.355273080665264418e-01,1.163578726200537872e-01,-1.868328712708869910e-01,-6.179514825355987284e-01,-5.129004972634471082e-01,4.064828475434940913e-03,5.093199504285614854e-01,5.060308260794318391e-01,-3.854321414862866835e-01,2.867736000000009611e-02,1.646320606504641515e-01
-1.885116485164258782e-01,2.494783798689916843e-01,5.925309065325918834e-01,4.272906284241230201e-01,-9.115290003120464224e-01,-8.570490691561657437e-01,-1.433629784347922875e-02,-7.417859031554953075e-01,2.123882050989415182e-01,-3.771559510465265497e-01,-1.608513249301758430e-01,-1.104672512972741938e-01,8.495135872792123344e-01,-6.402399004570478169e-01,-2.108864538114752496e-01,1.047921072411231724e-01,4.833494022124398826e-01,4.618293618345850060e-01,1.000000000000000000e+00,1.642413530077099781e-01,2.890975703778441153e-01,5.326503465614174093e-02,-6.602213783602399744e-01,-1.424573356243713507e-01,-4.520214499789428908e-01,2.477778721648318250e-01,3.105549829603159728e-01,1.397598162267255084e-01,-6.707845708443349597e-02,5.435436941072161465e-01,-1.981894722888583038e-02,-1.765525820857463124e-01,-5.684727502175894731e-01,2.632259962464830738e-02,-1.129690076294681544e-02,2.207716354504699607e-01,4.470366977427463473e-01,8.544525999999996735e-02,2.481765292890145136e-01
2.058494426061051041e-01,1.608115772173444036e-01,1.170152057083643227e-01,-5.521462374053892619e-01,-4.714193577435342730e-01,-3.279418806796912111e-01,-8.874328423845069258e-01,1.141700950235634004e-01,-1.771910860117450193e-01,-8.164583176653993357e-01,4.337415893105415199e-01,-6.107413589320135339e-01,4.156139406210466181e-01,-3.050445059137553705e-01,-8.168364116850590495e-01,3.693777706977909303e-01,-6.253143530986859933e-01,-9.736075419025000399e-02,1.642413530077099781e-01,1.000000000000000000e+00,-2.423928335389959610e-01,5.134608863124940914e-01,8.615729948728315102e-02,-8.297321281455392050e-01,4.069956581893705017e-01,-2.437709177379794590e-01,-2.500037015017292363e-01,4.960902155761061638e-01,5.058296987633175146e-01,7.876432709899906515e-01,-8.753833313296277563e-01,-5.497477112177056036e-01,1.548578556661702743e-01,-9.251145005575528435e-01,-5.746375184114187462e-01,2.313725754752241626e-01,6.037206400607679768e-01,9.553450800000000687e-01,-7.202336591040892078e-01
-4.289760296261975747e-01,5.592298621249780499e-01,8.108888540645958765e-01,7.948902290875491383e-01,-2.445802040786403120e-01,-4.142315888152997005e-01,2.304698062547611559e-01,-5.897867752836731536e-02,1.993359825505727212e-01,2.846995130379721406e-01,-5.179581730882364399e-01,-3.583560967448267687e-01,4.255267042829364299e-01,3.586639004304648659e-01,2.589595679356589408e-01,2.133418927805576792e-01,7.000792669651212385e-01,-1.631193966754194979e-01,2.890975703778441153e-01,-2.423928335389959610e-01,1.000000000000000000e+00,-5.190960793944906504e-01,5.555364533047880971e-02,1.065778355274221989e-01,-8.543193760976904860e-01,3.493447422494277421e-01,9.603216799402045645e-01,-2.735000471586702675e-01,1.194318337377616168e-01,2.939880953261876928e-01,5.887844002503486163e-01,6.757995189164297534e-01,-5.934270992814419943e-01,4.320013726206117233e-01,-2.405484783593819231e-01,-7.882950080815295246e-01,5.786466983025106287e-02,-3.086891600000000180e-01,7.688260056386854169e-01
2.658622016270619781e-01,-1.837686240247409508e-01,-9.578017289328577544e-02,-4.825273379980600241e-01,-2.842854088325573736e-01,-6.623382424867993445e-02,-6.689996144543901568e-01,-1.686436989379155871e-01,-6.402248109198612758e-01,-6.698945878788825636e-01,1.415973556811659650e-01,-1.338481533321814743e-01,2.121112350104916444e-01,-6.158883438377467101e-01,-6.966848122292348400e-01,4.519339165167134409e-01,-4.089064219902804886e-01,3.977800394486264990e-01,5.326503465614174093e-02,5.134608863124940914e-01,-5.190960793944906504e-01,1.000000000000000000e+00,-1.281284950209972129e-01,-3.266911023679595072e-01,6.982814853871839311e-01,-9.530967790048507082e-02,-4.253012774375645733e-01,6.189356739915848893e-01,-2.228873387985647880e-01,3.750495991716020772e-01,-7.725430584501656872e-01,-8.420264756545859930e-01,-1.047042510337081178e-01,-7.204568484433665487e-01,-8.383952055615087606e-02,6.480009087029008352e-01,2.360024852008824892e-01,6.892446199999999745e-01,-6.468972996452333479e-01
-8.126548305548063345e-02,-2.383533459808527544e-01,-2.364932319075515599e-01,-3.040453061853106709e-01,5.766900148110629676e-01,2.824747915742211735e-01,-1.949589267616492205e-01,8.607658667488854443e-01,-7.109242629857372153e-02,2.015100605843634096e-01,4.718933240664850426e-01,-9.992642904434446971e-02,-5.478473512378947419e-01,6.444321457775163964e-01,-1.675728878799092325e-01,-1.222136550546950029e-01,-3.385461477318930656e-01,-7.395144061702328964e-01,-6.602213783602399744e-01,8.615729948728315102e-02,5.555364533047880971e-02,-1.281284950209972129e-01,1.000000000000000000e+00,-4.413876078767113575e-02,1.533811525502946915e-01,-3.847828805333094460e-01,-3.754821535131300930e-02,-3.525450662729877616e-01,2.773257371116447656e-01,-1.176863297798039221e-01,4.247082237265497467e-02,3.966192626627993989e-01,4.503395769633747880e-01,-1.116297404596721943e-01,-5.187779854562698523e-01,-4.597795132247818883e-01,7.913425591468498110e-02,7.050479999999992309e-02,-1.876778766554139388e-01
1.500281987537122608e-01,-2.800425436987352135e-01,-2.149617833997547467e-01,3.385300927018780603e-01,3.880590730807326194e-01,3.533038100906268353e-01,7.744062518621583902e-01,-1.026988420514455547e-01,1.654478191182956748e-01,6.447354268025508039e-01,-2.452580726651765741e-01,6.325640424845295762e-01,-3.974586087748972485e-01,1.710524153672127179e-01,6.679829907666471334e-01,-3.914134473291303040e-01,4.103145789889557915e-01,4.885204371708373738e-02,-1.424573356243713507e-01,-8.297321281455392050e-01,1.065778355274221989e-01,-3.266911023679595072e-01,-4.413876078767113575e-02,1.000000000000000000e+00,-3.099865004398432156e-01,2.620176315139900042e-02,9.054755405686738812e-02,-4.928129627006178071e-01,-5.123958373712101944e-01,-7.126318519453725964e-01,6.973061980926487102e-01,4.072138804553053215e-01,-1.472180549487964452e-01,7.345570233112626024e-01,3.963745471101909335e-01,-1.941938436686964711e-02,-4.019023292033296890e-01,-7.770486199999999677e-01,5.090542269449361834e-01
2.689047246448938999e-01,-4.005032361178595957e-01,-6.173490621045556459e-01,-7.856140547956177445e-01,2.761174084215343161e-01,4.663546345139451543e-01,-5.278914240331890051e-01,2.646947525855223859e-01,-4.995788169940067469e-01,-3.653254013631894170e-01,4.164650524506665064e-01,3.985333587319919713e-02,-3.729459737741480652e-01,-2.320808558685436840e-01,-4.848141618284529386e-01,1.238961490706286805e-01,-7.364005893407165049e-01,1.051718491858553151e-01,-4.520214499789428908e-01,4.069956581893705017e-01,-8.543193760976904860e-01,6.982814853871839311e-01,1.533811525502946915e-01,-3.099865004398432156e-01,1.000000000000000000e+00,-2.805871807482389624e-01,-8.054896792219716772e-01,4.540588141721376148e-01,-6.491368131099264915e-02,-7.074514971953654863e-02,-7.297203525236302113e-01,-7.053173184705787691e-01,5.014028467573078407e-01,-6.395495617359654439e-01,2.586168870518654184e-02,6.093081507449051859e-01,-5.725974964914078147e-02,5.330626999999998894e-01,-8.198452649519011315e-01
-4.731286188483567190e-01,7.535460473948201177e-01,5.157805382680165085e-01,6.945581903701946169e-01,-1.125996532473504674e-01,-2.433265187929384010e-01,2.197150013175290517e-01,-3.299402149777467264e-01,-3.148953150477952212e-01,5.409053473111870292e-02,-7.735041464219591933e-01,-2.324511868878347542e-01,3.680039527366904539e-01,1.095976187761755066e-01,1.477475372754261385e-01,5.624078724227584702e-01,6.393949236545275472e-01,6.226167134441901174e-01,2.477778721648318250e-01,-2.437709177379794590e-01,3.493447422494277421e-01,-9.530967790048507082e-02,-3.847828805333094460e-01,2.620176315139900042e-02,-2.805871807482389624e-01,1.000000000000000000e+00,4.372144352704856463e-01,4.406695731892486534e-01,-4.435608155589699786e-01,9.540012612807648174e-02,2.098262077917505963e-01,-4.618425573423061425e-02,-3.854936058119423081e-01,3.127018976192919575e-01,3.794982040218325414e-01,-1.994784062494691645e-01,-5.567836214209697099e-01,-2.295013200000000086e-01,5.779838296575894319e-01
-4.554766547340758365e-01,6.041170793449734955e-01,8.723012319283969251e-01,8.358579425423077192e-01,-2.812774836638070042e-01,-4.448702242279335417e-01,1.883224994055581192e-01,-1.599662657085292594e-01,7.236447215760007101e-03,2.362981944184511796e-01,-6.589106957028413314e-01,-4.085063736937226131e-01,5.010546604377534852e-01,2.746152737937122557e-01,1.969234949178352845e-01,3.731980644316902906e-01,7.409879845672276977e-01,3.326971115019083935e-02,3.105549829603159728e-01,-2.500037015017292363e-01,9.603216799402045645e-01,-4.253012774375645733e-01,-3.754821535131300930e-02,9.054755405686738812e-02,-8.054896792219716772e-01,4.372144352704856463e-01,1.000000000000000000e+00,-8.013351056376916137e-02,-4.347354250980797752e-02,3.169078045221899176e-01,5.201540933081221230e-01,5.382319503381713943e-01,-7.333577267433896152e-01,3.909354163927690196e-01,-1.570838444398767741e-01,-7.221265867826901497e-01,-5.903355688000866408e-02,-2.670917000000000430e-01,7.737623051012501030e-01
-4.003173849008270085e-02,4.511896489978885483e-01,2.691722801917433294e-01,-8.075470711005854063e-02,-3.192338059940605932e-01,-1.997358733355698024e-01,-5.733210424756626233e-01,-2.126617243236469390e-01,-7.486825913445237513e-01,-6.514970894430399673e-01,-3.499701772313305037e-01,-4.789661976477291305e-01,4.659650917146110904e-01,-3.670047447913687977e-01,-5.952502258272401869e-01,8.407929062761794192e-01,-1.361898370178082629e-01,7.082284726820788912e-01,1.397598162267255084e-01,4.960902155761061638e-01,-2.735000471586702675e-01,6.189356739915848893e-01,-3.525450662729877616e-01,-4.928129627006178071e-01,4.540588141721376148e-01,4.406695731892486534e-01,-8.013351056376916137e-02,1.000000000000000000e+00,-3.284669681652258588e-01,4.880014897432027321e-01,-7.014530186358757247e-01,-8.055310092181887649e-01,-2.577707580421195743e-01,-5.952148191811816869e-01,8.304115545596217618e-02,3.882696008253168074e-01,-2.070851053751362747e-01,6.218286200000000541e-01,-3.098184328214614314e-01
7.118786692845988084e-02,-2.845654815183916442e-02,-5.385259968043987211e-02,-3.832437767544166762e-01,-1.198248756678866739e-01,1.211181014229937430e-02,-3.552570880979943890e-01,2.534297219554098035e-01,5.589972194259924532e-01,-2.666413961775135344e-02,4.885860240697931234e-01,-3.139309608872226653e-01,2.318223341912855132e-03,1.438777269649558765e-01,-6.208131521633764027e-02,-3.088184487772985265e-01,-4.490559266134608873e-01,-7.355273080665264418e-01,-6.707845708443349597e-02,5.058296987633175146e-01,1.194318337377616168e-01,-2.228873387985647880e-01,2.773257371116447656e-01,-5.123958373712101944e-01,-6.491368131099264915e-02,-4.435608155589699786e-01,-4.347354250980797752e-02,-3.284669681652258588e-01,1.000000000000000000e+00,3.337623928646826776e-01,-1.835250470378009258e-01,2.596457958098212782e-01,4.078273745810777617e-01,-3.366194549009346448e-01,-4.096005307190792033e-01,-3.429964330302038289e-01,6.121857069690238573e-01,3.478604599999999269e-01,-3.439746009241878566e-01
-1.559266519613951851e-01,4.558980526178897374e-01,6.807067085075082513e-01,2.342179035530078321e-02,-7.927455363864291948e-01,-7.174803921534788076e-01,-7.536247647093714530e-01,-1.641513277946936855e-01,-1.916999257091676345e-01,-7.204945035442403833e-01,-8.564983793169389514e-03,-7.249819339881280467e-01,8.326975154817169988e-01,-3.752748587936292068e-01,-7.364000612095689124e-01,5.979747724862081171e-01,-3.941344856537070535e-02,1.163578726200537872e-01,5.435436941072161465e-01,7.876432709899906515e-01,2.939880953261876928e-01,3.750495991716020772e-01,-1.176863297798039221e-01,-7.126318519453725964e-01,-7.074514971953654863e-02,9.540012612807648174e-02,3.169078045221899176e-01,4.880014897432027321e-01,3.337623928646826776e-01,1.000000000000000000e+00,-5.630577205241350525e-01,-3.448668601265801881e-01,-3.916841974852263708e-01,-6.542981492452664138e-01,-5.169756721173295322e-01,-3.342264591054418948e-02,6.162949155318844241e-01,7.639235200000000781e-01,-2.252513014928995416e-01
-2.831070992403766362e-01,3.249379052705081428e-02,1.329144698393814883e-01,6.943163714342270865e-01,3.212771330847162266e-01,1.030056687123369341e-01,8.767778383134756659e-01,-4.150758717299493639e-02,4.481995612997520806e-01,8.163792457858306539e-01,-3.620510407662180796e-01,3.817421577047191428e-01,-2.502379274296144818e-01,4.852780647613846310e-01,8.225546088327507777e-01,-4.262677479768512412e-01,7.042161509033293409e-01,-1.868328712708869910e-01,-1.981894722888583038e-02,-8.753833313296277563e-01,5.887844002503486163e-01,-7.725430584501656872e-01,4.247082237265497467e-02,6.973061980926487102e-01,-7.297203525236302113e-01,2.098262077917505963e-01,5.201540933081221230e-01,-7.014530186358757247e-01,-1.835250470378009258e-01,-5.630577205241350525e-01,1.000000000000000000e+00,8.508270808025200083e-01,-1.919171899403758763e-01,9.649232773414906372e-01,2.568767663793671274e-01,-5.522834220465390187e-01,-3.600113000004915853e-01,-9.419642599999999977e-01,8.664408558671707894e-01
-2.438482819750351915e-01,5.117665293276753291e-02,1.429735953789798009e-01,4.721449149459919226e-01,3.500629559011872449e-01,1.106639069031908201e-01,5.989247731081406290e-01,3.048575606543976191e-01,5.544369279868462952e-01,7.177082816585255154e-01,-7.726721013758527934e-02,1.015734160580610973e-01,-2.909010984384481913e-01,6.955935088238797137e-01,6.470276429643354588e-01,-4.540694276639877791e-01,4.155462157697485948e-01,-6.179514825355987284e-01,-1.765525820857463124e-01,-5.497477112177056036e-01,6.757995189164297534e-01,-8.420264756545859930e-01,3.966192626627993989e-01,4.072138804553053215e-01,-7.053173184705787691e-01,-4.618425573423061425e-02,5.382319503381713943e-01,-8.055310092181887649e-01,2.596457958098212782e-01,-3.448668601265801881e-01,8.508270808025200083e-01,1.000000000000000000e+00,7.406228214516286622e-03,7.114377912551014260e-01,-1.437028448289095484e-01,-7.782916040378239364e-01,-8.308443647056873438e-02,-6.810225999999999225e-01,6.585739144034281622e-01
1.865023467061048268e-01,-3.803467492709677877e-01,-7.943858202579043848e-01,-6.716707401134386357e-01,5.783363765411559942e-01,5.337610265231654827e-01,-4.316386444935577105e-02,5.558140559472340980e-01,2.826911904324735936e-01,1.092847288127341554e-01,6.805753016947030387e-01,2.832588263340597989e-01,-7.036245557154587882e-01,3.249535782197153222e-01,4.933394334654259139e-02,-5.019659704060572825e-01,-6.594421108397058306e-01,-5.129004972634471082e-01,-5.684727502175894731e-01,1.548578556661702743e-01,-5.934270992814419943e-01,-1.047042510337081178e-01,4.503395769633747880e-01,-1.472180549487964452e-01,5.014028467573078407e-01,-3.854936058119423081e-01,-7.333577267433896152e-01,-2.577707580421195743e-01,4.078273745810777617e-01,-3.916841974852263708e-01,-1.919171899403758763e-01,7.406228214516286622e-03,1.000000000000000000e+00,-1.593254501586965355e-01,4.482607919587364154e-03,1.102042441360777669e-01,-1.740291697114351027e-02,5.728485999999999301e-02,-5.199203941152510389e-01
-2.607611073642858712e-01,2.950013649630136084e-02,4.533503061882765417e-02,6.915942646760169232e-01,3.297602079616955839e-01,1.250963831988599340e-01,9.526430482907795039e-01,-1.590236072932355027e-01,3.984758369969751968e-01,7.842166406930967115e-01,-3.997525601697462516e-01,4.720847733918113187e-01,-2.636517894238247228e-01,3.977086942869497155e-01,8.447209671732435199e-01,-4.280855253092263890e-01,7.176650597420429767e-01,4.064828475434940913e-03,2.632259962464830738e-02,-9.251145005575528435e-01,4.320013726206117233e-01,-7.204568484433665487e-01,-1.116297404596721943e-01,7.345570233112626024e-01,-6.395495617359654439e-01,3.127018976192919575e-01,3.909354163927690196e-01,-5.952148191811816869e-01,-3.366194549009346448e-01,-6.542981492452664138e-01,9.649232773414906372e-01,7.114377912551014260e-01,-1.593254501586965355e-01,1.000000000000000000e+00,4.091160719282886937e-01,-3.771561727235608896e-01,-4.912702252679550519e-01,-9.871055800000000380e-01,8.561549789734799187e-01
-1.903920073123260837e-01,-1.074962558141310115e-01,-2.423162921187679286e-01,1.934766296568966593e-01,1.708004143682016196e-01,2.765243356200519642e-01,4.351399358399719031e-01,-4.025295759948836483e-01,-6.861114328599871026e-04,4.238625675693607486e-01,-4.460324184232447031e-01,5.937707395718390124e-01,-1.630850190630146745e-01,-2.403069968156063829e-01,5.087324789159475280e-01,-1.117511348097571938e-01,3.293415348113198360e-01,5.093199504285614854e-01,-1.129690076294681544e-02,-5.746375184114187462e-01,-2.405484783593819231e-01,-8.383952055615087606e-02,-5.187779854562698523e-01,3.963745471101909335e-01,2.586168870518654184e-02,3.794982040218325414e-01,-1.570838444398767741e-01,8.304115545596217618e-02,-4.096005307190792033e-01,-5.169756721173295322e-01,2.568767663793671274e-01,-1.437028448289095484e-01,4.482607919587364154e-03,4.091160719282886937e-01,1.000000000000000000e+00,2.307208355046952708e-01,-5.222327410720581931e-01,-4.630503200000000152e-01,2.234077053882734809e-01
4.182103890109979405e-01,-4.181925329783312550e-01,-4.327974200402075478e-01,-4.830658757700404538e-01,-2.302661064631228161e-01,1.201118178105063487e-02,-1.928556973024974641e-01,-3.252034822909646294e-01,-2.331396256774389830e-01,-5.199673374723694508e-01,2.858160296850941751e-01,3.069501221786861689e-01,4.188405607312775669e-02,-7.225080022777998767e-01,-3.426409979806149253e-01,-5.203440249195530332e-02,-3.678080789481736890e-01,5.060308260794318391e-01,2.207716354504699607e-01,2.313725754752241626e-01,-7.882950080815295246e-01,6.480009087029008352e-01,-4.597795132247818883e-01,-1.941938436686964711e-02,6.093081507449051859e-01,-1.994784062494691645e-01,-7.221265867826901497e-01,3.882696008253168074e-01,-3.429964330302038289e-01,-3.342264591054418948e-02,-5.522834220465390187e-01,-7.782916040378239364e-01,1.102042441360777669e-01,-3.771561727235608896e-01,2.307208355046952708e-01,1.000000000000000000e+00,1.042068419654523376e-01,3.129889800000000832e-01,-5.605363313706325235e-01
1.315057650086448315e-01,-2.751186409259921417e-01,1.439437773223396499e-01,-3.424233466589957642e-01,-6.258545031138277315e-01,-4.948309029063991948e-01,-5.219408470892613616e-01,-6.884993671737479892e-02,3.473984561741548793e-01,-4.315188513843633555e-01,5.881763231305769946e-01,-1.550260184432811217e-01,4.002789471728903647e-01,-4.660471088266852635e-01,-4.878662049408552526e-01,-1.959228907543358600e-01,-2.792069828079359883e-01,-3.854321414862866835e-01,4.470366977427463473e-01,6.037206400607679768e-01,5.786466983025106287e-02,2.360024852008824892e-01,7.913425591468498110e-02,-4.019023292033296890e-01,-5.725974964914078147e-02,-5.567836214209697099e-01,-5.903355688000866408e-02,-2.070851053751362747e-01,6.121857069690238573e-01,6.162949155318844241e-01,-3.600113000004915853e-01,-8.308443647056873438e-02,-1.740291697114351027e-02,-4.912702252679550519e-01,-5.222327410720581931e-01,1.042068419654523376e-01,1.000000000000000000e+00,5.283366800000000030e-01,-4.278235725759126917e-01
1.966417400000000093e-01,9.025532000000002775e-02,1.044455200000000694e-01,-5.798356399999999855e-01,-4.380149399999999638e-01,-2.522654399999999519e-01,-9.637434599999999962e-01,1.039908800000000078e-01,-3.904054999999999609e-01,-8.240007000000000303e-01,3.311116800000000193e-01,-5.655264600000000641e-01,3.965947800000000356e-01,-4.018559400000000226e-01,-8.726397999999999655e-01,5.009985400000001032e-01,-6.219006999999999730e-01,2.867736000000009611e-02,8.544525999999996735e-02,9.553450800000000687e-01,-3.086891600000000180e-01,6.892446199999999745e-01,7.050479999999992309e-02,-7.770486199999999677e-01,5.330626999999998894e-01,-2.295013200000000086e-01,-2.670917000000000430e-01,6.218286200000000541e-01,3.478604599999999269e-01,7.639235200000000781e-01,-9.419642599999999977e-01,-6.810225999999999225e-01,5.728485999999999301e-02,-9.871055800000000380e-01,-4.630503200000000152e-01,3.129889800000000832e-01,5.283366800000000030e-01,1.000000000000000000e+00,-7.716017600000000254e-01
-4.333974495426702878e-01,4.528031861892697907e-01,5.394771482737655832e-01,9.537228568974781551e-01,2.262330848703945560e-02,-2.034831371374976883e-01,7.275272463881501395e-01,-2.485497618105286799e-01,1.952902685490599255e-01,5.554957669562865519e-01,-6.876255007247412676e-01,6.343120187494422080e-02,1.656417247030205209e-01,3.752373477884430875e-01,6.191989855071341475e-01,1.907435754704829220e-02,9.118662766278401444e-01,1.646320606504641515e-01,2.481765292890145136e-01,-7.202336591040892078e-01,7.688260056386854169e-01,-6.468972996452333479e-01,-1.876778766554139388e-01,5.090542269449361834e-01,-8.198452649519011315e-01,5.779838296575894319e-01,7.737623051012501030e-01,-3.098184328214614314e-01,-3.439746009241878566e-01,-2.252513014928995416e-01,8.664408558671707894e-01,6.585739144034281622e-01,-5.199203941152510389e-01,8.561549789734799187e-01,2.234077053882734809e-01,-5.605363313706325235e-01,-4.278235725759126917e-01,-7.716017600000000254e-01,1.000000000000000000e+00
