1.0,-0.13651136627244928,-0.29767965687797315,0.67615307543687553,0.19068934726513465,-0.60739423452893904,-0.31192702057611815,-0.46270804881286853,-0.1204154874798653,-0.68569850853705228,0.29499333818322271,0.11222914172345289,-0.28274868596535352,-0.16642606286159053,-0.66942293068696823,-0.3729979585821252,0.078463436195793684,0.31258015435917141,-0.47385282595168599,-0.49436530203337314,0.087643841237914757,-0.052881092549227487,-0.15532780445495376,-0.35204146286227556,0.31329908244239107,0.094782111618617756,-0.24954425664668325,-0.19171825935252981,0.45817705878978854,-0.49838828799875384,-0.022440210744111545,-0.7768967,-0.01467366104793795,0.66137409508778788,0.35075492640104267,0.56639989835169358,0.24375822980396261,-0.57541681047398552,0.47708121978902518
-0.13651136627244928,1.0,0.62657837014241624,-0.10144381949314871,0.53324813627302536,0.58735168354953304,-0.55958165064959753,0.25964491183833771,0.16834100364107787,0.36070842921159418,0.41313938476133405,-0.16678487142695325,0.79179041219294433,-0.32193104042840137,0.62709965226352204,0.16724503906971386,-0.37367524969256743,-0.6809027127094367,0.80136514851285234,0.10636694072239303,-0.026590271932168293,0.26813316120618735,0.6535726218270792,-0.53561922666685824,-0.28588752348316515,0.47144005814240902,-0.042505420968535053,-0.10127275142425991,-0.52233157646002093,0.62834960088395653,-0.29458363536448268,0.37627001999999998,0.58861147221573518,-0.040571143674063274,0.54772310345888942,0.38290156477272014,-0.077767263173535453,0.3369534444407758,0.098439100092312631
-0.29767965687797315,0.62657837014241624,1.0,-0.22483612074917775,0.50319453717339313,0.43650516347606533,-0.042508241911708017,-0.13393816509771089,-0.23149443066359859,0.15339132921562215,0.29807683801455692,0.10956351456990904,0.25343314482501184,-0.26945277882001201,0.37049874402148109,0.2610657103226095,-0.30288911126684204,-0.46171452928805118,0.41378901320200939,0.25628356916325107,-0.52196417743029411,0.61745261034967636,0.40528649561819163,0.089872417974110261,-0.46873579810053367,0.30208278112886922,0.17055090654719118,-0.044708753770238648,-0.32760508898311347,0.45963183177621808,-0.18307846848776629,0.24602830000000009,0.069664834258300334,-0.137356982309908,0.17597599099775621,-0.22010621578128628,0.10639268272968436,0.076086391750716492,0.08158081214343009
0.67615307543687553,-0.10144381949314871,-0.22483612074917775,1.0,0.16327427894594571,-0.81665592439843604,-0.58332949121091693,-0.30270673686755534,0.46715023564120717,-0.37184148753122748,0.64983976618424655,0.057091430611711659,-0.33129647181163768,0.0019714762758038617,-0.73577269628606956,-0.58008169202459026,-0.37396535177491047,0.04135748915510136,-0.33242990509437759,-0.095906663599520783,-0.26214236584645817,0.35093514345656851,0.22072851077611877,-0.3788854933063745,0.39493681783968987,0.0030964452539970376,0.3588825041525438,-0.59465972390299504,0.24303062990609736,-0.1468844940571466,-0.055696687413574066,-0.86193584000000001,0.16327844437059152,0.84575059697844213,-0.1215517650211405,0.5194689578294247,-0.073290563743864445,-0.45307260614735823,0.80460724052283283
0.19068934726513465,0.53324813627302536,0.50319453717339313,0.16327427894594571,1.0,-0.0018358362662805603,-0.152807503614003,-0.16187230661536453,0.0041322216682398473,-0.15254921442539854,0.67241558669356505,0.11041246873787612,0.2054107395789159,-0.33067135532765135,-0.015138770071481455,0.34635657881040571,-0.10046438644825986,-0.56632304880056394,0.2567756031851724,0.27887337764439879,-0.11263621297850032,0.18663808788718117,0.56040255546605511,-0.19097056618022795,-0.1785707498897991,0.5908020499214478,0.035715718050405666,-0.32605280521844848,-0.40465283184488299,0.42949472554907331,-0.64768586803148265,-0.18204810000000005,0.33843641014164627,-0.047689765474569601,0.49226844333254965,0.076793354547573467,0.47649345305887647,-0.084304758734591187,0.51114861889055851
-0.60739423452893904,0.58735168354953304,0.43650516347606533,-0.81665592439843604,-0.0018358362662805603,1.0,0.085989648638505958,0.33733255083466146,-0.24157334004778519,0.48961841675722695,-0.42703302831402823,-0.02587140016928785,0.73654586507818898,-0.17740783086597534,0.94206122162173789,0.38200350031640995,-0.059199705342321052,-0.27110470557888194,0.6595968572258093,-0.042263208548009391,0.16307744441190855,-0.14812137799687397,0.04690016492973742,-0.074674609156155064,-0.3357070910874711,0.13114270302628775,-0.36642454033677946,0.49399448987432093,-0.34693025220375406,0.35262587930882666,0.088637951453365546,0.90400030000000009,0.10185293609075656,-0.56251907595612127,0.34305873925598179,-0.1058468249596534,-0.14269784666932464,0.58862670428896835,-0.70821521795952735
-0.31192702057611815,-0.55958165064959753,-0.042508241911708017,-0.58332949121091693,-0.152807503614003,0.085989648638505958,1.0,-0.20647384478477079,-0.58595463494528499,-0.24766622447620262,-0.51747805314898643,0.10705061169105297,-0.49896847756613605,-0.021058683056970937,-0.082913367831571411,0.5713595604146392,0.58970515773856136,0.3197154412168704,-0.4233314215734571,0.1124991753701625,-0.059851566797186243,-0.39076038043608463,-0.53210725349404409,0.80756443292735247,-0.0045948403074211868,-0.1573594534008719,-0.25643846539344373,0.31434174379622848,0.090092945925131451,-0.32731331842233702,0.052503593161073399,0.15646973999999991,-0.60340345723869759,-0.63243658865680163,-0.12466092658110048,-0.84254469608489768,0.42382799417132938,-0.14529165734696978,-0.45748434114041819
-0.46270804881286853,0.25964491183833771,-0.13393816509771089,-0.30270673686755534,-0.16187230661536453,0.33733255083466146,-0.20647384478477079,1.0,0.2714350030494817,0.80585931086322526,0.050058469135486804,-0.60708490316883279,0.47815609554993305,0.52659134920193862,0.58681649179042084,0.14289346703851455,0.12619600993112851,-0.59173523491769253,0.66027278950210477,0.46631610758833231,0.54601778531198797,-0.081478074687241331,0.50827270036498962,-0.14550887568904616,-0.38615872603796569,0.2186357361094223,0.2720544634920733,-0.24415835833299093,-0.51370235123883778,0.65790802222339251,-0.020212939228436408,0.59697781999999999,0.61171533005208989,-0.45490590673948927,-0.060206006938587395,0.050837786902365623,-0.39487629342444341,0.74953113569876162,-0.090468540190648747
-0.1204154874798653,0.16834100364107787,-0.23149443066359859,0.46715023564120717,0.0041322216682398473,-0.24157334004778519,-0.58595463494528499,0.2714350030494817,1.0,0.33949834820090963,0.45538350383652659,-0.30120740639368682,0.22968075105687966,-0.070762008986333322,-0.044153400620977418,-0.36530987838296292,-0.39250752454753973,-0.33245754673022937,0.24243239943624245,0.38530353912576104,-0.12324374104573063,0.087991840528160059,0.49757697946538115,-0.41296441704522396,0.28074405868750535,0.084473194892944817,0.5034644549564159,-0.34138088106052905,-0.21661868984208313,0.38906606132733806,-0.31917225400747407,-0.12129752000000005,0.43069309283106155,0.2334044725183976,-0.26438734337237924,0.26423564882910788,-0.25735154579054531,0.056330286986692506,0.43234542667746412
-0.68569850853705228,0.36070842921159418,0.15339132921562215,-0.37184148753122748,-0.15254921442539854,0.48961841675722695,-0.24766622447620262,0.80585931086322526,0.33949834820090963,1.0,0.025332889538434687,-0.47235007058367362,0.48729307309473191,0.49471252841065716,0.73976562784168653,0.14673209548814253,-0.072187710283843354,-0.58250660199421411,0.81781055890070764,0.53741002533926219,0.20415548596574504,0.1799894438397209,0.55341181848206578,-0.16849240805752796,-0.45419522486275765,-0.068554176898308075,0.51131444345830945,0.040459520276019428,-0.6518001886587077,0.78714715135329272,-0.0089577004002733829,0.74483421999999999,0.61376567911529645,-0.39493530254064502,-0.34252526620937401,-0.061532760626369087,-0.64896962203841835,0.84634199672956889,-0.17036431252599771
0.29499333818322271,0.41313938476133405,0.29807683801455692,0.64983976618424655,0.67241558669356505,-0.42703302831402823,-0.51747805314898643,0.050058469135486804,0.45538350383652659,0.025332889538434687,1.0,-0.292981708870242,-0.013388528727686833,-0.058837819788643463,-0.27967114820574734,-0.011436328493679475,-0.21800260728716514,-0.65900678746928765,0.24431839533297331,0.49982031096659779,-0.27590598602126148,0.48262743078460718,0.82153785917732136,-0.3163708204038751,-0.061940589889455437,0.44292997221801178,0.55865123745867307,-0.72602977005748071,-0.40742158891339231,0.52714854854523541,-0.56298422635610301,-0.46193706000000001,0.59032498168405867,0.30639926405101375,0.10050860727973393,0.23438851267878041,0.10719393785007791,-0.16049301265983612,0.92579450958152187
0.11222914172345289,-0.16678487142695325,0.10956351456990904,0.057091430611711659,0.11041246873787612,-0.02587140016928785,0.10705061169105297,-0.60708490316883279,-0.30120740639368682,-0.47235007058367362,-0.292981708870242,1.0,-0.055190852166399851,-0.18024992577465834,-0.20906746560890194,-0.33007484023682682,-0.51292088448962891,0.49347120357835039,-0.44075784618776115,-0.5637727927504288,-0.18190883245897294,0.18049012337396164,-0.50745993311242388,0.086344193365856012,0.10556164207582498,-0.10034280459495901,-0.33131976885306447,0.21486456473800752,0.55970596700911035,-0.46426653950401225,0.2764594784878685,-0.21164110000000003,-0.6302424549514577,0.34980380860158622,0.046947393278805087,0.088126065005878551,0.18241834491872871,-0.22191606737668676,-0.19336044944177483
-0.28274868596535352,0.79179041219294433,0.25343314482501184,-0.33129647181163768,0.2054107395789159,0.73654586507818898,-0.49896847756613605,0.47815609554993305,0.22968075105687966,0.48729307309473191,-0.013388528727686833,-0.055190852166399851,1.0,-0.20804255572470615,0.79276183827921409,-0.036410485493811859,-0.37125995773416159,-0.4771899273469104,0.74123719555920031,-0.049524835198285051,0.32626540073889848,-0.054378397304952947,0.37821918887418582,-0.55544123290047187,-0.24047516186313833,0.45472072911759787,-0.24818934794752645,0.13353532832922441,-0.28430778001237489,0.50371981944925115,-0.12704458472254379,0.62460420000000005,0.42358082335881425,-0.19393931949203969,0.51062032270760827,0.41899423832853738,-0.15052040868441596,0.53845013116997409,-0.2609014789578265
-0.16642606286159053,-0.32193104042840137,-0.26945277882001201,0.0019714762758038617,-0.33067135532765135,-0.17740783086597534,-0.021058683056970937,0.52659134920193862,-0.070762008986333322,0.49471252841065716,-0.058837819788643463,-0.18024992577465834,-0.20804255572470615,1.0,0.046340143889639751,-0.037990116066408106,0.16394719139356714,-0.054880754752518648,0.14840956395228366,0.19433723270823675,0.40592163405617232,0.16438357954823643,0.11515302348688938,0.026325204136872875,-0.28681248155781996,-0.40573752210698366,0.4640034712374807,-0.18342320374218979,-0.21379090848667717,0.21735919935250494,0.36672208170876747,0.15257078000000002,0.29390144474076213,-0.023636240486659653,-0.57692220265985183,0.019606602896237613,-0.58410529102874909,0.54176359133139007,0.011980216354129054
-0.66942293068696823,0.62709965226352204,0.37049874402148109,-0.73577269628606956,-0.015138770071481455,0.94206122162173789,-0.082913367831571411,0.58681649179042084,-0.044153400620977418,0.73976562784168653,-0.27967114820574734,-0.20906746560890194,0.79276183827921409,0.046340143889639751,1.0,0.34001741510230621,-0.069066172673961812,-0.45085377852422159,0.83610380702954556,0.14836595705673189,0.26929576141310663,-0.066661674782370534,0.27718555645785808,-0.18066687284482807,-0.43782999519141552,0.12264715140847024,-0.11978700251581344,0.36637937819183786,-0.52034775659624222,0.57623144715021002,0.029146397304337601,0.95448377999999989,0.36259904532304987,-0.55862006286517629,0.2001957367999728,-0.027832747651939105,-0.33042775936459079,0.76900716998272722,-0.57113057101624287
-0.3729979585821252,0.16724503906971386,0.2610657103226095,-0.58008169202459026,0.34635657881040571,0.38200350031640995,0.5713595604146392,0.14289346703851455,-0.36530987838296292,0.14673209548814253,-0.011436328493679475,-0.33007484023682682,-0.036410485493811859,-0.037990116066408106,0.34001741510230621,1.0,0.61022532453583045,-0.32126576790505745,0.32520530367367306,0.38523515588709212,0.13137441411791551,-0.34249589900497118,0.16223766489314462,0.34294574813935336,-0.22924655764902602,0.040093734547947235,-0.1370566625897619,0.16389411951041141,-0.68228983038625635,0.28354529167986903,-0.36567910513016594,0.39879865999999997,0.20699710313109076,-0.73055799881259675,0.21490092288278825,-0.51214971045910607,0.28834140340715769,0.20005929812549503,-0.21210483903767269
0.078463436195793684,-0.37367524969256743,-0.30288911126684204,-0.37396535177491047,-0.10046438644825986,-0.059199705342321052,0.58970515773856136,0.12619600993112851,-0.39250752454753973,-0.072187710283843354,-0.21800260728716514,-0.51292088448962891,-0.37125995773416159,0.16394719139356714,-0.069066172673961812,0.61022532453583045,1.0,0.12419739852290938,-0.13297013426218576,0.19405931595242698,0.41528258027062909,-0.57603067744205372,-0.18566952617101251,0.36340794961160655,-0.113704082402524,-0.11882317817346995,-0.18183974191579311,0.24745093635120446,-0.19297774291928643,-0.155297241781652,-0.22242586946047527,0.091254579999999974,0.047630107029534838,-0.55413570886964825,0.037871254999574423,-0.39090822449164941,0.30292618496224233,-0.090830783664243367,-0.15661674311122173
0.31258015435917141,-0.6809027127094367,-0.46171452928805118,0.04135748915510136,-0.56632304880056394,-0.27110470557888194,0.3197154412168704,-0.59173523491769253,-0.33245754673022937,-0.58250660199421411,-0.65900678746928765,0.49347120357835039,-0.4771899273469104,-0.054880754752518648,-0.45085377852422159,-0.32126576790505745,0.12419739852290938,1.0,-0.75586307943448061,-0.71449695070407593,0.037719960259516051,-0.28077810549928361,-0.92755370828832751,0.25054099473250641,0.33569584945823844,-0.59893142079201611,-0.44560348099926544,0.51070675191043469,0.74640971304429748,-0.93987995334395968,0.45996111542357465,-0.31498625999999996,-0.71157474056663561,0.3331166757154278,-0.19560945917454486,0.035113820450715427,0.071949409520140784,-0.47839491467913897,-0.38692793830135441
-0.47385282595168599,0.80136514851285234,0.41378901320200939,-0.33242990509437759,0.2567756031851724,0.6595968572258093,-0.4233314215734571,0.66027278950210477,0.24243239943624245,0.81781055890070764,0.24431839533297331,-0.44075784618776115,0.74123719555920031,0.14840956395228366,0.83610380702954556,0.32520530367367306,-0.13297013426218576,-0.75586307943448061,1.0,0.3817590005582569,0.20841571349494342,0.15337561406332256,0.71472930211415586,-0.42611807316786299,-0.4395274362692107,0.19239906508794022,0.22904363676148767,0.0072734938013309103,-0.79718631727292211,0.84318220213854078,-0.20896704808880773,0.69853093999999993,0.78493027633613932,-0.32582066938453591,0.15961353716581492,0.18984577990341106,-0.42744336660041726,0.74843670356118519,-0.075269690648977081
-0.49436530203337314,0.10636694072239303,0.25628356916325107,-0.095906663599520783,0.27887337764439879,-0.042263208548009391,0.1124991753701625,0.46631610758833231,0.38530353912576104,0.53741002533926219,0.49982031096659779,-0.5637727927504288,-0.049524835198285051,0.19433723270823675,0.14836595705673189,0.38523515588709212,0.19405931595242698,-0.71449695070407593,0.3817590005582569,1.0,-0.19561243312318827,0.23156415028474164,0.69851887415301739,0.25124021394546064,-0.32649543215535304,0.2913952771022667,0.72477530421321446,-0.37632997350856023,-0.63416898454794113,0.75367122585993429,-0.56266898252576336,0.19828629999999992,0.41935572369600449,-0.50996877663882312,-0.3275927160565652,-0.53774954419154519,0.03987664686645162,0.22574215766869946,0.39523200793065194
0.087643841237914757,-0.026590271932168293,-0.52196417743029411,-0.26214236584645817,-0.11263621297850032,0.16307744441190855,-0.059851566797186243,0.54601778531198797,-0.12324374104573063,0.20415548596574504,-0.27590598602126148,-0.18190883245897294,0.32626540073889848,0.40592163405617232,0.26929576141310663,0.13137441411791551,0.41528258027062909,0.037719960259516051,0.20841571349494342,-0.19561243312318827,1.0,-0.5484568685527792,-0.063798348540384575,-0.22949158165712993,-0.22466960079026077,0.040399538918446914,-0.37368974667848442,0.14261063662930054,-0.11034930048156469,-0.010545115470248285,0.00017246970391718297,0.29808644000000006,0.33631856131582155,-0.25154099710137734,0.27443133335440556,0.3771389357104642,-0.03507770553756849,0.38711133742413384,-0.2562360887606851
-0.052881092549227487,0.26813316120618735,0.61745261034967636,0.35093514345656851,0.18663808788718117,-0.14812137799687397,-0.39076038043608463,-0.081478074687241331,0.087991840528160059,0.1799894438397209,0.48262743078460718,0.18049012337396164,-0.054378397304952947,0.16438357954823643,-0.066661674782370534,-0.34249589900497118,-0.57603067744205372,-0.28077810549928361,0.15337561406332256,0.23156415028474164,-0.5484568685527792,1.0,0.43001330849715513,0.0057984190931816525,-0.42732511553919572,0.048585632440300529,0.6347538364758043,-0.34331903772948319,-0.021302527198888189,0.33536976618879238,0.016495646373300726,-0.17295000000000005,0.11157159210639565,0.41710484645633511,-0.31716204329407788,0.056719221608892756,-0.25367534147284654,-0.025460776160702511,0.47350032972996808
-0.15532780445495376,0.6535726218270792,0.40528649561819163,0.22072851077611877,0.56040255546605511,0.04690016492973742,-0.53210725349404409,0.50827270036498962,0.49757697946538115,0.55341181848206578,0.82153785917732136,-0.50745993311242388,0.37821918887418582,0.11515302348688938,0.27718555645785808,0.16223766489314462,-0.18566952617101251,-0.92755370828832751,0.71472930211415586,0.69851887415301739,-0.063798348540384575,0.43001330849715513,1.0,-0.36196929609910666,-0.34478294597978609,0.46523550832490923,0.61277880611274915,-0.54861395174737615,-0.7257416760416715,0.9009396891975161,-0.53877494313692509,0.11129316,0.8278948664528859,-0.072888875702613487,0.065248984201408788,0.15069789370374564,-0.14986785229596999,0.34158834907718627,0.61204856580096834
-0.35204146286227556,-0.53561922666685824,0.089872417974110261,-0.3788854933063745,-0.19097056618022795,-0.074674609156155064,0.80756443292735247,-0.14550887568904616,-0.41296441704522396,-0.16849240805752796,-0.3163708204038751,0.086344193365856012,-0.55544123290047187,0.026325204136872875,-0.18066687284482807,0.34294574813935336,0.36340794961160655,0.25054099473250641,-0.42611807316786299,0.25124021394546064,-0.22949158165712993,0.0057984190931816525,-0.36196929609910666,1.0,-0.2393739777258404,-0.1126708568394777,0.043871868744325297,0.11686475498438571,0.15078865719770193,-0.23412168538479786,0.0021507786898048928,0.034338399999999991,-0.56057735932073971,-0.442473853967013,-0.29964076005971302,-0.80403298405369616,0.35602507762862862,-0.23296052559408259,-0.20876839876412573
0.31329908244239107,-0.28588752348316515,-0.46873579810053367,0.39493681783968987,-0.1785707498897991,-0.3357070910874711,-0.0045948403074211868,-0.38615872603796569,0.28074405868750535,-0.45419522486275765,-0.061940589889455437,0.10556164207582498,-0.24047516186313833,-0.28681248155781996,-0.43782999519141552,-0.22924655764902602,-0.113704082402524,0.33569584945823844,-0.4395274362692107,-0.32649543215535304,-0.22466960079026077,-0.42732511553919572,-0.34478294597978609,-0.2393739777258404,1.0,-0.19954615150800845,-0.23904417970930908,-0.12563858352772617,0.30374224810478351,-0.44103790183306818,0.26236928271790205,-0.43431776,-0.28375944987804408,0.3390558803129865,0.0087682568289431401,0.12182110146519315,0.0049995176465039417,-0.31272931896250961,-0.0032619052571564444
0.094782111618617756,0.47144005814240902,0.30208278112886922,0.0030964452539970376,0.5908020499214478,0.13114270302628775,-0.1573594534008719,0.2186357361094223,0.084473194892944817,-0.068554176898308075,0.44292997221801178,-0.10034280459495901,0.45472072911759787,-0.40573752210698366,0.12264715140847024,0.040093734547947235,-0.11882317817346995,-0.59893142079201611,0.19239906508794022,0.2913952771022667,0.040399538918446914,0.048585632440300529,0.46523550832490923,-0.1126708568394777,-0.19954615150800845,1.0,-0.11876749835372752,-0.43657179916031663,-0.051290892871660949,0.38832505466329881,-0.52083070539349308,-0.0049961600000000272,0.15062681107163259,-0.23606725193494582,0.65688071370891121,0.030025722235555885,0.5679701568808192,-0.076541361098871677,0.34054205074191152
-0.24954425664668325,-0.042505420968535053,0.17055090654719118,0.3588825041525438,0.035715718050405666,-0.36642454033677946,-0.25643846539344373,0.2720544634920733,0.5034644549564159,0.51131444345830945,0.55865123745867307,-0.33131976885306447,-0.24818934794752645,0.4640034712374807,-0.11978700251581344,-0.1370566625897619,-0.18183974191579311,-0.44560348099926544,0.22904363676148767,0.72477530421321446,-0.37368974667848442,0.6347538364758043,0.61277880611274915,0.043871868744325297,-0.23904417970930908,-0.11876749835372752,1.0,-0.4279008335789144,-0.37832184534572949,0.57271686607929129,-0.18842884603344159,-0.10527721999999995,0.40275343655610935,0.11574573201652771,-0.70413673636078811,-0.1901080369286185,-0.42063416316293484,0.18144294281044457,0.57062187113262119
-0.19171825935252981,-0.10127275142425991,-0.044708753770238648,-0.59465972390299504,-0.32605280521844848,0.49399448987432093,0.31434174379622848,-0.24415835833299093,-0.34138088106052905,0.040459520276019428,-0.72602977005748071,0.21486456473800752,0.13353532832922441,-0.18342320374218979,0.36637937819183786,0.16389411951041141,0.24745093635120446,0.51070675191043469,0.0072734938013309103,-0.37632997350856023,0.14261063662930054,-0.34331903772948319,-0.54861395174737615,0.11686475498438571,-0.12563858352772617,-0.43657179916031663,-0.4279008335789144,1.0,0.14101050147451566,-0.33801826720572659,0.087626849730675596,0.46108342000000002,-0.28572659404780121,-0.24024864849240135,0.003993329834067692,-0.12667024247484243,-0.05126190706859865,0.051486059610660995,-0.7137514000270142
0.45817705878978854,-0.52233157646002093,-0.32760508898311347,0.24303062990609736,-0.40465283184488299,-0.34693025220375406,0.090092945925131451,-0.51370235123883778,-0.21661868984208313,-0.6518001886587077,-0.40742158891339231,0.55970596700911035,-0.28430778001237489,-0.21379090848667717,-0.52034775659624222,-0.68228983038625635,-0.19297774291928643,0.74640971304429748,-0.79718631727292211,-0.63416898454794113,-0.11034930048156469,-0.021302527198888189,-0.7257416760416715,0.15078865719770193,0.30374224810478351,-0.051290892871660949,-0.37832184534572949,0.14101050147451566,1.0,-0.7996052391297982,0.39890341753117686,-0.45939613999999995,-0.7711040617483006,0.45172789360025661,0.012051885475933711,0.12229284413994029,0.23508117809579288,-0.56729352997803439,-0.12069364465796527
-0.49838828799875384,0.62834960088395653,0.45963183177621808,-0.1468844940571466,0.42949472554907331,0.35262587930882666,-0.32731331842233702,0.65790802222339251,0.38906606132733806,0.78714715135329272,0.52714854854523541,-0.46426653950401225,0.50371981944925115,0.21735919935250494,0.57623144715021002,0.28354529167986903,-0.155297241781652,-0.93987995334395968,0.84318220213854078,0.75367122585993429,-0.010545115470248285,0.33536976618879238,0.9009396891975161,-0.23412168538479786,-0.44103790183306818,0.38832505466329881,0.57271686607929129,-0.33801826720572659,-0.7996052391297982,1.0,-0.39275678026481786,0.47833078000000007,0.73221546151722594,-0.36896556326190622,-0.040595699573342275,-0.073220596155312623,-0.26959059912588629,0.63583769682727631,0.26200119286450546
-0.022440210744111545,-0.29458363536448268,-0.18307846848776629,-0.055696687413574066,-0.64768586803148265,0.088637951453365546,0.052503593161073399,-0.020212939228436408,-0.31917225400747407,-0.0089577004002733829,-0.56298422635610301,0.2764594784878685,-0.12704458472254379,0.36672208170876747,0.029146397304337601,-0.36567910513016594,-0.22242586946047527,0.45996111542357465,-0.20896704808880773,-0.56266898252576336,0.00017246970391718297,0.016495646373300726,-0.53877494313692509,0.0021507786898048928,0.26236928271790205,-0.52083070539349308,-0.18842884603344159,0.087626849730675596,0.39890341753117686,-0.39275678026481786,1.0,0.093514679999999961,-0.37739106567122599,0.27178883548688015,-0.28591848993927693,0.11654838056881012,-0.57248220082046686,0.27108268880633613,-0.510598360258953
-0.7768967,0.37627001999999998,0.24602830000000009,-0.86193584000000001,-0.18204810000000005,0.90400030000000009,0.15646973999999991,0.59697781999999999,-0.12129752000000005,0.74483421999999999,-0.46193706000000001,-0.21164110000000003,0.62460420000000005,0.15257078000000002,0.95448377999999989,0.39879865999999997,0.091254579999999974,-0.31498625999999996,0.69853093999999993,0.19828629999999992,0.29808644000000006,-0.17295000000000005,0.11129316,0.034338399999999991,-0.43431776,-0.0049961600000000272,-0.10527721999999995,0.46108342000000002,-0.45939613999999995,0.47833078000000007,0.093514679999999961,1.0,0.20872775999999993,-0.70095037999999998,0.031220660000000011,-0.24173882000000002,-0.31697032000000003,0.76925855999999992,-0.69900013999999999
-0.01467366104793795,0.58861147221573518,0.069664834258300334,0.16327844437059152,0.33843641014164627,0.10185293609075656,-0.60340345723869759,0.61171533005208989,0.43069309283106155,0.61376567911529645,0.59032498168405867,-0.6302424549514577,0.42358082335881425,0.29390144474076213,0.36259904532304987,0.20699710313109076,0.047630107029534838,-0.71157474056663561,0.78493027633613932,0.41935572369600449,0.33631856131582155,0.11157159210639565,0.8278948664528859,-0.56057735932073971,-0.28375944987804408,0.15062681107163259,0.40275343655610935,-0.28572659404780121,-0.7711040617483006,0.73221546151722594,-0.37739106567122599,0.20872775999999993,1.0,-0.02062181688809471,0.096219252197321373,0.42765202119648166,-0.37966208829603132,0.49301514094667875,0.39631086138600796
0.66137409508778788,-0.040571143674063274,-0.137356982309908,0.84575059697844213,-0.047689765474569601,-0.56251907595612127,-0.63243658865680163,-0.45490590673948927,0.2334044725183976,-0.39493530254064502,0.30639926405101375,0.34980380860158622,-0.19393931949203969,-0.023636240486659653,-0.55862006286517629,-0.73055799881259675,-0.55413570886964825,0.3331166757154278,-0.32582066938453591,-0.50996877663882312,-0.25154099710137734,0.41710484645633511,-0.072888875702613487,-0.442473853967013,0.3390558803129865,-0.23606725193494582,0.11574573201652771,-0.24024864849240135,0.45172789360025661,-0.36896556326190622,0.27178883548688015,-0.70095037999999998,-0.02062181688809471,1.0,-0.089129308900844376,0.68308500740648315,-0.26087987817490116,-0.38656519819218133,0.46010861236638323
0.35075492640104267,0.54772310345888942,0.17597599099775621,-0.1215517650211405,0.49226844333254965,0.34305873925598179,-0.12466092658110048,-0.060206006938587395,-0.26438734337237924,-0.34252526620937401,0.10050860727973393,0.046947393278805087,0.51062032270760827,-0.57692220265985183,0.2001957367999728,0.21490092288278825,0.037871254999574423,-0.19560945917454486,0.15961353716581492,-0.3275927160565652,0.27443133335440556,-0.31716204329407788,0.065248984201408788,-0.29964076005971302,0.0087682568289431401,0.65688071370891121,-0.70413673636078811,0.003993329834067692,0.012051885475933711,-0.040595699573342275,-0.28591848993927693,0.031220660000000011,0.096219252197321373,-0.089129308900844376,1.0,0.34704141150602907,0.53047906680769885,-0.13864005092342047,-0.037917235628863129
0.56639989835169358,0.38290156477272014,-0.22010621578128628,0.5194689578294247,0.076793354547573467,-0.1058468249596534,-0.84254469608489768,0.050837786902365623,0.26423564882910788,-0.061532760626369087,0.23438851267878041,0.088126065005878551,0.41899423832853738,0.019606602896237613,-0.027832747651939105,-0.51214971045910607,-0.39090822449164941,0.035113820450715427,0.18984577990341106,-0.53774954419154519,0.3771389357104642,0.056719221608892756,0.15069789370374564,-0.80403298405369616,0.12182110146519315,0.030025722235555885,-0.1901080369286185,-0.12667024247484243,0.12229284413994029,-0.073220596155312623,0.11654838056881012,-0.24173882000000002,0.42765202119648166,0.68308500740648315,0.34704141150602907,1.0,-0.28886161046029663,0.044392719915292589,0.23889849079445774
0.24375822980396261,-0.077767263173535453,0.10639268272968436,-0.073290563743864445,0.47649345305887647,-0.14269784666932464,0.42382799417132938,-0.39487629342444341,-0.25735154579054531,-0.64896962203841835,0.10719393785007791,0.18241834491872871,-0.15052040868441596,-0.58410529102874909,-0.33042775936459079,0.28834140340715769,0.30292618496224233,0.071949409520140784,-0.42744336660041726,0.03987664686645162,-0.03507770553756849,-0.25367534147284654,-0.14986785229596999,0.35602507762862862,0.0049995176465039417,0.5679701568808192,-0.42063416316293484,-0.05126190706859865,0.23508117809579288,-0.26959059912588629,-0.57248220082046686,-0.31697032000000003,-0.37966208829603132,-0.26087987817490116,0.53047906680769885,-0.28886161046029663,1.0,-0.65333117511183714,0.17802566742044948
-0.57541681047398552,0.3369534444407758,0.076086391750716492,-0.45307260614735823,-0.084304758734591187,0.58862670428896835,-0.14529165734696978,0.74953113569876162,0.056330286986692506,0.84634199672956889,-0.16049301265983612,-0.22191606737668676,0.53845013116997409,0.54176359133139007,0.76900716998272722,0.20005929812549503,-0.090830783664243367,-0.47839491467913897,0.74843670356118519,0.22574215766869946,0.38711133742413384,-0.025460776160702511,0.34158834907718627,-0.23296052559408259,-0.31272931896250961,-0.076541361098871677,0.18144294281044457,0.051486059610660995,-0.56729352997803439,0.63583769682727631,0.27108268880633613,0.76925855999999992,0.49301514094667875,-0.38656519819218133,-0.13864005092342047,0.044392719915292589,-0.65333117511183714,1.0,-0.38748356812165236
0.47708121978902518,0.098439100092312631,0.08158081214343009,0.80460724052283283,0.51114861889055851,-0.70821521795952735,-0.45748434114041819,-0.090468540190648747,0.43234542667746412,-0.17036431252599771,0.92579450958152187,-0.19336044944177483,-0.2609014789578265,0.011980216354129054,-0.57113057101624287,-0.21210483903767269,-0.15661674311122173,-0.38692793830135441,-0.075269690648977081,0.39523200793065194,-0.2562360887606851,0.47350032972996808,0.61204856580096834,-0.20876839876412573,-0.0032619052571564444,0.34054205074191152,0.57062187113262119,-0.7137514000270142,-0.12069364465796527,0.26200119286450546,-0.510598360258953,-0.69900013999999999,0.39631086138600796,0.46010861236638323,-0.037917235628863129,0.23889849079445774,0.17802566742044948,-0.38748356812165236,1.0
