1.0,-0.15337693329171453,0.5764584583504867,-0.049700558447102174,0.094311452969185028,-0.58166793791465232,0.69777621029697989,0.81896977675183658,-0.33171212894443547,0.6662556563768729,0.16153745446450987,0.58423254381359546,0.74751800287769954,-0.22291175640720395,0.33340420877946642,-0.48099194222637837,-0.57730312000000006,0.3466528938964778,-0.40205977705365947,-0.38021444595663678,0.76891671070126988,0.50206441035681104,-0.89316520241051145,0.14249539296254146,-0.73472672840082509,0.66277104559896183,-0.218595554009305,-0.76434504237019341,-0.29230480445153711,-0.43812018430432226,-0.39447434861915842,-0.41473122666712953,0.66161971258938856,0.13055668316948402,-0.59951847060225782,0.38594190063086331,0.31720143884700153,-0.23900064407096408,0.73799964788086558
-0.15337693329171453,1.0,0.40508814061940218,-0.16541245507165073,0.041431545160072136,-0.22141876242769645,0.22357166992128225,0.11201579290531109,-0.38961698808777029,-0.42458344628998279,0.38693552468436054,0.30216022903453005,-0.013269667446992706,0.15503794309102606,0.053846902152780242,0.16776956359981907,-0.22100993999999996,-0.35937158664182894,0.18976328896459937,0.36476103291289663,0.0055557880578543948,-0.077434784138929874,0.059752790603305232,-0.36821561433358918,0.26968803794732155,-0.050791039305581182,0.38821697277069955,0.46707288984735024,0.26337393848191104,-0.53922896312148816,-0.22404085580360486,-0.47386465472183908,0.02711209752818592,0.12528873389848641,-0.14425291451323105,-0.16509772513158369,-0.093552834111936697,0.48517213420583188,0.20094404032944055
0.5764584583504867,0.40508814061940218,1.0,0.087878486998337668,0.45495783732974671,-0.90513968221153795,0.82435584308061227,0.65116751544619333,-0.18410572374090795,0.06704645768963291,0.30699473532940025,0.78837976326411963,0.55631300506168091,-0.032931747624457774,0.13831878519251278,-0.36846601354462694,-0.69576042000000005,-0.010245632474439992,-0.37668378757324028,-0.44924379268802095,0.62248931516089567,0.027832415214663508,-0.72767767460950816,0.21388889823543988,-0.39373362615312857,0.67703490878141181,-0.088019091973164487,-0.19245401540480986,-0.037055746748550611,-0.80609564666974709,-0.81118351597453697,-0.95117326481634101,0.53770731699698626,-0.19069744372454023,-0.11185857711949704,0.2778465706788753,0.43386703013913092,0.39218318047121042,0.88681443654344672
-0.049700558447102174,-0.16541245507165073,0.087878486998337668,1.0,0.49030166029982197,-0.16546708245621927,-0.044949614032052811,-0.35894466460761409,0.037483851078777622,-0.31460980504639113,-0.044131046196989265,0.076517126841767688,-0.1913091910736901,-0.16454505946196876,-0.31587992729801873,-0.22031428666248584,0.076590060000000015,-0.30376041705043766,0.20940847622594416,-0.23572494104072253,-0.17781122807077671,-0.37165684978508096,-0.10856560330115089,0.61419598299644662,0.048451488959703803,-0.032582110299574668,-0.057636050125935728,0.23796602812339485,0.10291163779460404,0.13455906021020311,0.015951999682482201,-0.16729070423399928,-0.19775450405154474,0.12610753347684092,0.28034345147712858,-0.15369405736266026,-0.27649273701625932,0.34808286074536221,-0.095804146287804523
0.094311452969185028,0.041431545160072136,0.45495783732974671,0.49030166029982197,1.0,-0.4357878433541984,0.14001496401590802,0.0073629408662279671,0.2881721636775873,0.14305035220367401,0.54101443193946341,0.097396914273476021,0.0036364714389199304,-0.63852438050957772,-0.45454398122951323,0.19708935589794779,-0.027579679999999995,0.38673334437636203,-0.63161841467300761,-0.53076057765683238,0.084066618485057878,-0.53103886588316118,-0.32285625283741609,0.51088055844271696,-0.18937261647783152,0.21105702721240557,-0.22454603496022696,-0.21252163568962973,-0.45435755806259071,-0.30516240748887746,-0.47194011780282052,-0.32101469732212434,-0.0077335218566490921,-0.46350374680592915,0.099024677963171437,0.095976166986599193,0.072705770144925103,-0.053086139864953613,0.40250709813414054
-0.58166793791465232,-0.22141876242769645,-0.90513968221153795,-0.16546708245621927,-0.4357878433541984,1.0,-0.91131955902076367,-0.67599655602753228,0.13795946813410445,-0.16091365065284197,-0.37672359264615951,-0.76583338452607808,-0.72954768451124519,0.08661687522389748,-0.38181713744184714,0.61358949507861293,0.85141625999999992,0.06428817406035689,0.41876554608035294,0.68448596933312733,-0.77252616966792798,-0.10370930453714498,0.74560070582735749,-0.37731443635184464,0.2552101041200826,-0.85420321175106639,0.42697709444265503,0.25132160548028071,-0.15977894256331915,0.77106279092801711,0.82779832236511375,0.86510755557623353,-0.73611641111324355,0.35821549183720763,0.09798752700702712,-0.56588388277736923,-0.64462452038393281,-0.41001462246563702,-0.90912103273407152
0.69777621029697989,0.22357166992128225,0.82435584308061227,-0.044949614032052811,0.14001496401590802,-0.91131955902076367,1.0,0.82827861761553045,-0.2347534323770947,0.30048412198358782,0.34668666578132123,0.79642450955516297,0.90832183435236968,0.12950373716909924,0.65383534481750361,-0.74301433965752695,-0.97054143999999998,-0.092814074077053457,-0.32704424191080472,-0.58044630135466191,0.92649016959748931,0.44054208942136402,-0.80589219445114657,0.12894528357523341,-0.26814235916930929,0.87753388746479832,-0.46161380428408205,-0.34143001026908787,0.2678259104505733,-0.72663474588020438,-0.74011409167299669,-0.77448642334292683,0.90813515601852512,-0.23832896879833146,-0.34294961816848618,0.69174928960918358,0.67999204082857956,0.3210871499669159,0.92437840081102207
0.81896977675183658,0.11201579290531109,0.65116751544619333,-0.35894466460761409,0.0073629408662279671,-0.67599655602753228,0.82827861761553045,1.0,-0.41981221453083789,0.54654281455523501,0.32562411374035627,0.52508647021182508,0.84797460025724281,-0.034532828012066523,0.57861845142276014,-0.46557813149988359,-0.77708582000000004,0.17818336620720027,-0.50973807818533801,-0.41333229207871236,0.86389620286701674,0.67312797676816594,-0.71359663319177047,0.022306394527633583,-0.39055379917402194,0.79597386217977173,-0.32490375833349283,-0.63479210879206771,-0.046815037225598412,-0.70634577295542789,-0.66995411372386193,-0.53695489365255988,0.81949682017529712,-0.071704163610642149,-0.52916472067134135,0.55178038549283337,0.50656554510755281,-0.035137999409768014,0.83572086710747551
-0.33171212894443547,-0.38961698808777029,-0.18410572374090795,0.037483851078777622,0.2881721636775873,0.13795946813410445,-0.2347534323770947,-0.41981221453083789,1.0,0.095877175752773949,-0.14026275033590208,-0.19980357802564253,-0.17805829194497746,-0.099031065090718642,-0.26181119744844406,0.10212247658057153,0.23781180000000002,0.39651209746968846,-0.27428829077983957,-0.40273597899373609,-0.15373414413338202,-0.45519445284925331,0.088714583764171476,0.2194356228073728,-0.041809270475478756,-0.079893387197684615,-0.36408559208717661,-0.010770926940555481,-0.18145293321934439,0.30413870199721088,0.13941733178180352,0.26471481824026311,-0.16236656520844189,-0.7089837100409504,0.37334383240281321,0.20160545977221597,0.37673006085174876,-0.26691059749531981,-0.11244627854552473
0.6662556563768729,-0.42458344628998279,0.06704645768963291,-0.31460980504639113,0.14305035220367401,-0.16091365065284197,0.30048412198358782,0.54654281455523501,0.095877175752773949,1.0,0.39326852758116582,0.046229938996467476,0.59877680135472144,-0.47277713368596069,0.2725403534439666,-0.11715946615999744,-0.24628101999999996,0.79258167501670862,-0.67904019115132419,-0.39746436340277269,0.60852810325763673,0.37021303056099814,-0.60477241690188843,-0.05853750492509429,-0.59382954656341713,0.38080632591710917,-0.47639118166678113,-0.95202943693010977,-0.52881723460029806,-0.026586733198763351,-0.10717143145665012,0.20832305343811905,0.52782450197959707,-0.21739355942667501,-0.68210140912891692,0.55200092842852488,0.33245970347950149,-0.79315842857519658,0.46494486460420498
0.16153745446450987,0.38693552468436054,0.30699473532940025,-0.044131046196989265,0.54101443193946341,-0.37672359264615951,0.34668666578132123,0.32562411374035627,-0.14026275033590208,0.39326852758116582,1.0,0.12009262154990261,0.40190555048256688,-0.4520767723696183,0.21010356180595288,0.091475375633788256,-0.35997725999999997,0.2819032326474657,-0.53729822331296706,-0.25131407649060455,0.42731192396850004,-0.0095179326228546635,-0.30944186193999623,-0.14759178596734512,0.085425416233796098,0.25213472557657357,-0.34769041003129075,-0.27830344127583401,-0.12038055417526543,-0.36564727551702625,-0.40439504693126194,-0.14574613275610465,0.42136698507464088,-0.3422880719312078,-0.50376213205208775,0.4619967995699113,0.15822070373747829,-0.15641865085765705,0.4941855098311892
0.58423254381359546,0.30216022903453005,0.78837976326411963,0.076517126841767688,0.097396914273476021,-0.76583338452607808,0.79642450955516297,0.52508647021182508,-0.19980357802564253,0.046229938996467476,0.12009262154990261,1.0,0.60844642129396309,0.17216699623645376,0.36014788294268962,-0.60171937647599583,-0.72429702000000007,-0.17135516839137668,-0.014550706917903194,-0.30981575943530298,0.63123425356470642,0.16318411512414654,-0.69678000492587511,0.056731892271188807,-0.33020517296860902,0.62528299507657437,-0.13019447868143577,-0.08073084333642444,0.21894296445086009,-0.59175651094357595,-0.50138631766546771,-0.78534537307968089,0.59140362315889738,-0.062667823196947373,-0.22619597650291934,0.33391587452700194,0.4760553867518319,0.40622499103546722,0.72357300029508231
0.74751800287769954,-0.013269667446992706,0.55631300506168091,-0.1913091910736901,0.0036364714389199304,-0.72954768451124519,0.90832183435236968,0.84797460025724281,-0.17805829194497746,0.59877680135472144,0.40190555048256688,0.60844642129396309,1.0,0.037530334523835224,0.79890614888511136,-0.74570709346383501,-0.9185065,0.10786451094761362,-0.41026033778242965,-0.59477646815520813,0.99464908870606239,0.60928340532102609,-0.7941208705152617,0.028880922149401189,-0.29347895346997394,0.84708663979956123,-0.64070545288515057,-0.57480460543782919,0.19736647168617136,-0.52046889358950577,-0.55539985150370463,-0.44352656474658442,0.99075343865699761,-0.26495781978609179,-0.54783468354975273,0.85624024201866988,0.71095793249345363,-0.0049739364071374539,0.83634078979430404
-0.22291175640720395,0.15503794309102606,-0.032931747624457774,-0.16454505946196876,-0.63852438050957772,0.08661687522389748,0.12950373716909924,-0.034532828012066523,-0.099031065090718642,-0.47277713368596069,-0.4520767723696183,0.17216699623645376,0.037530334523835224,1.0,0.40694526352938987,-0.35486512841392726,-0.22103536000000001,-0.69105240498621046,0.5866125298755307,0.25838243391714433,-0.0079615068942294649,0.36901341775079904,0.2149942121083353,-0.34389619646008063,0.37061338326995086,-0.039707806891681179,0.12731336146006178,0.49489109894711397,0.66577121013510576,0.077652888612557106,-0.016238850525760296,-0.17092495236922153,0.084092651834431098,0.20924962777006076,0.20226910925344554,-0.0095829421182394171,0.036788366840356738,0.54155973785126887,-0.14698447391481775
0.33340420877946642,0.053846902152780242,0.13831878519251278,-0.31587992729801873,-0.45454398122951323,-0.38181713744184714,0.65383534481750361,0.57861845142276014,-0.26181119744844406,0.2725403534439666,0.21010356180595288,0.36014788294268962,0.79890614888511136,0.40694526352938987,1.0,-0.75261879338048099,-0.79435867999999998,-0.29690677859430226,0.022902175620244158,-0.28628785417524988,0.73939470769733351,0.73832963545434249,-0.31584932254672299,-0.19200356734294222,0.20453948904369973,0.58914445505054513,-0.57966518075839857,-0.16944840346364048,0.64308337148537253,-0.27965621437944643,-0.2604199067693283,-0.16183222174338344,0.84440479630111931,-0.13537765005756877,-0.39523768858589531,0.77764086394376386,0.59227387215043059,0.19092743072362126,0.41065154950548177
-0.48099194222637837,0.16776956359981907,-0.36846601354462694,-0.22031428666248584,0.19708935589794779,0.61358949507861293,-0.74301433965752695,-0.46557813149988359,0.10212247658057153,-0.11715946615999744,0.091475375633788256,-0.60171937647599583,-0.74570709346383501,-0.35486512841392726,-0.75261879338048099,1.0,0.80394290000000002,0.38429887213779057,-0.1028287208555291,0.54534261051847566,-0.71104987883361914,-0.49167963489598782,0.55169538785610561,-0.29428079803520679,0.050701566325807107,-0.71451668717219352,0.58216320525182252,0.12531235845565264,-0.60222814148115311,0.28258718292095303,0.3191548810902306,0.43035454217400215,-0.76257879045351817,0.10906431622552606,0.11591447915827395,-0.66633152685081698,-0.61204695601367987,-0.40376062778006827,-0.48526061327859105
-0.57730312000000006,-0.22100993999999996,-0.69576042000000005,0.076590060000000015,-0.027579679999999995,0.85141625999999992,-0.97054143999999998,-0.77708582000000004,0.23781180000000002,-0.24628101999999996,-0.35997725999999997,-0.72429702000000007,-0.9185065,-0.22103536000000001,-0.79435867999999998,0.80394290000000002,1.0,0.21339635999999995,0.24744406000000008,0.5731328,-0.91627793999999996,-0.51057584,0.67985793999999999,-0.095930159999999987,0.066496279999999963,-0.86901729999999999,0.56076551999999991,0.24830193999999994,-0.45107693999999998,0.6765717,0.69289076000000005,0.68054595999999989,-0.94433529999999999,0.28180570000000005,0.3151566400000001,-0.77798820000000002,-0.72149806000000005,-0.37977859999999997,-0.83538577999999997
0.3466528938964778,-0.35937158664182894,-0.010245632474439992,-0.30376041705043766,0.38673334437636203,0.06428817406035689,-0.092814074077053457,0.17818336620720027,0.39651209746968846,0.79258167501670862,0.2819032326474657,-0.17135516839137668,0.10786451094761362,-0.69105240498621046,-0.29690677859430226,0.38429887213779057,0.21339635999999995,1.0,-0.73735910015513162,-0.24322510389392524,0.15599630141730378,-0.13277062525961059,-0.33186832430317303,-0.0090584196317576773,-0.63676817453144574,0.036269279975096089,-0.16708319123596013,-0.7721948589593669,-0.86396862857471501,0.075704083367869296,0.031300932096732466,0.30048163556484836,0.03069111344941463,-0.32403673100303265,-0.36687006971470199,0.1448662604388069,0.13732073443592652,-0.88703943611371283,0.23039881354270278
-0.40205977705365947,0.18976328896459937,-0.37668378757324028,0.20940847622594416,-0.63161841467300761,0.41876554608035294,-0.32704424191080472,-0.50973807818533801,-0.27428829077983957,-0.67904019115132419,-0.53729822331296706,-0.014550706917903194,-0.41026033778242965,0.5866125298755307,0.022902175620244158,-0.1028287208555291,0.24744406000000008,-0.73735910015513162,1.0,0.66744629682860768,-0.47043693574007095,-0.023797769994210436,0.44286044727146606,-0.29677917835288398,0.35020778318287904,-0.51247255468693542,0.50642257324430173,0.73533249159831804,0.56760638519145967,0.42155144532023103,0.58819715584398569,0.13940944877524683,-0.3899888434644071,0.63154796472717267,0.20555723764152573,-0.4798597894341699,-0.45650238043571972,0.46921833861188206,-0.60868765377141931
-0.38021444595663678,0.36476103291289663,-0.44924379268802095,-0.23572494104072253,-0.53076057765683238,0.68448596933312733,-0.58044630135466191,-0.41333229207871236,-0.40273597899373609,-0.39746436340277269,-0.25131407649060455,-0.30981575943530298,-0.59477646815520813,0.25838243391714433,-0.28628785417524988,0.54534261051847566,0.5731328,-0.24322510389392524,0.66744629682860768,1.0,-0.62458112732276483,-0.069654474746311257,0.53921511198709582,-0.67680926237966732,0.14999749064725601,-0.79701821676046769,0.84554662828250016,0.45856329095362042,-0.011573999356669876,0.4122881979085028,0.62890857357603858,0.35177953441696685,-0.61324488014466005,0.73693457840902643,-0.088288930284105893,-0.74568368093837623,-0.76105206222627475,-0.022811587022677274,-0.63418418902848894
0.76891671070126988,0.0055557880578543948,0.62248931516089567,-0.17781122807077671,0.084066618485057878,-0.77252616966792798,0.92649016959748931,0.86389620286701674,-0.15373414413338202,0.60852810325763673,0.42731192396850004,0.63123425356470642,0.99464908870606239,-0.0079615068942294649,0.73939470769733351,-0.71104987883361914,-0.91627793999999996,0.15599630141730378,-0.47043693574007095,-0.62458112732276483,1.0,0.55721085773863765,-0.83346659348202612,0.054958470093327265,-0.34564877368607155,0.86181791705171307,-0.62371354391867273,-0.59853677541627792,0.13157045634666834,-0.56243851588838334,-0.60683477947396824,-0.49583790431142938,0.98058025528890103,-0.29419125015443975,-0.53392243531830352,0.83998764162726525,0.71641028088948289,-0.011771963220242914,0.88555905076249641
0.50206441035681104,-0.077434784138929874,0.027832415214663508,-0.37165684978508096,-0.53103886588316118,-0.10370930453714498,0.44054208942136402,0.67312797676816594,-0.45519445284925331,0.37021303056099814,-0.0095179326228546635,0.16318411512414654,0.60928340532102609,0.36901341775079904,0.73832963545434249,-0.49167963489598782,-0.51057584,-0.13277062525961059,-0.023797769994210436,-0.069654474746311257,0.55721085773863765,1.0,-0.2579505456937059,-0.15071283589004061,0.014069891350067323,0.45114061319244408,-0.29842642666141606,-0.37894557564724302,0.2876421263262568,-0.25225307402679797,-0.17339515637860872,-0.021029429773950056,0.60547813984012355,0.21057657853008371,-0.53864000522143174,0.42509457345075996,0.22463579049603594,-0.059765318603386859,0.26319164501177628
-0.89316520241051145,0.059752790603305232,-0.72767767460950816,-0.10856560330115089,-0.32285625283741609,0.74560070582735749,-0.80589219445114657,-0.71359663319177047,0.088714583764171476,-0.60477241690188843,-0.30944186193999623,-0.69678000492587511,-0.7941208705152617,0.2149942121083353,-0.31584932254672299,0.55169538785610561,0.67985793999999999,-0.33186832430317303,0.44286044727146606,0.53921511198709582,-0.83346659348202612,-0.2579505456937059,1.0,-0.15596777895008748,0.72309556500342509,-0.6813564930814765,0.33653972132056226,0.65187529759816665,0.22205400361648311,0.44229888475211582,0.47856860774750593,0.55632286192871527,-0.7216371447876464,0.094692995655761877,0.51272028637269895,-0.52456534666100163,-0.45533431988078227,0.12101605600664261,-0.86225462706513811
0.14249539296254146,-0.36821561433358918,0.21388889823543988,0.61419598299644662,0.51088055844271696,-0.37731443635184464,0.12894528357523341,0.022306394527633583,0.2194356228073728,-0.05853750492509429,-0.14759178596734512,0.056731892271188807,0.028880922149401189,-0.34389619646008063,-0.19200356734294222,-0.29428079803520679,-0.095930159999999987,-0.0090584196317576773,-0.29677917835288398,-0.67680926237966732,0.054958470093327265,-0.15071283589004061,-0.15596777895008748,1.0,-0.030139149636020875,0.45259093572173958,-0.40716763451143267,-0.12154652371369459,-0.033409781371868313,-0.27445890219873281,-0.32842279400239016,-0.23965136301998013,0.039091087905596664,-0.32088017704149957,0.39137918672065231,0.11942897601007561,0.24404669813971872,0.20413491251043714,0.15476641364966903
-0.73472672840082509,0.26968803794732155,-0.39373362615312857,0.048451488959703803,-0.18937261647783152,0.2552101041200826,-0.26814235916930929,-0.39055379917402194,-0.041809270475478756,-0.59382954656341713,0.085425416233796098,-0.33020517296860902,-0.29347895346997394,0.37061338326995086,0.20453948904369973,0.050701566325807107,0.066496279999999963,-0.63676817453144574,0.35020778318287904,0.14999749064725601,-0.34564877368607155,0.014069891350067323,0.72309556500342509,-0.030139149636020875,1.0,-0.19555519519799225,-0.13080686299879896,0.68397663794411823,0.68703823530216734,0.056213025506660831,0.045655858233577512,0.19514518612945916,-0.16963524736606472,-0.16122186288764973,0.37335049076135618,0.011734342209432962,-0.077014409192373401,0.49173684234300713,-0.44472629030977912
0.66277104559896183,-0.050791039305581182,0.67703490878141181,-0.032582110299574668,0.21105702721240557,-0.85420321175106639,0.87753388746479832,0.79597386217977173,-0.079893387197684615,0.38080632591710917,0.25213472557657357,0.62528299507657437,0.84708663979956123,-0.039707806891681179,0.58914445505054513,-0.71451668717219352,-0.86901729999999999,0.036269279975096089,-0.51247255468693542,-0.79701821676046769,0.86181791705171307,0.45114061319244408,-0.6813564930814765,0.45259093572173958,-0.19555519519799225,1.0,-0.66716551739823116,-0.47105015944573592,0.18354840124809663,-0.73558432668044449,-0.77189057445467912,-0.6188309742630741,0.85929963331259351,-0.4415550236626703,-0.19516586101489217,0.74419371929929545,0.79054261033511619,0.20084789795411526,0.84005086827016739
-0.218595554009305,0.38821697277069955,-0.088019091973164487,-0.057636050125935728,-0.22454603496022696,0.42697709444265503,-0.46161380428408205,-0.32490375833349283,-0.36408559208717661,-0.47639118166678113,-0.34769041003129075,-0.13019447868143577,-0.64070545288515057,0.12731336146006178,-0.57966518075839857,0.58216320525182252,0.56076551999999991,-0.16708319123596013,0.50642257324430173,0.84554662828250016,-0.62371354391867273,-0.29842642666141606,0.33653972132056226,-0.40716763451143267,-0.13080686299879896,-0.66716551739823116,1.0,0.40617961016965343,-0.24393427838892706,0.189908500753006,0.37146915956815052,0.00079827520787924776,-0.68616894213373403,0.71524996519716011,0.11835158887377947,-0.9075634205165527,-0.74962783601161731,0.09772821494361239,-0.42328580101816787
-0.76434504237019341,0.46707288984735024,-0.19245401540480986,0.23796602812339485,-0.21252163568962973,0.25132160548028071,-0.34143001026908787,-0.63479210879206771,-0.010770926940555481,-0.95202943693010977,-0.27830344127583401,-0.08073084333642444,-0.57480460543782919,0.49489109894711397,-0.16944840346364048,0.12531235845565264,0.24830193999999994,-0.7721948589593669,0.73533249159831804,0.45856329095362042,-0.59853677541627792,-0.37894557564724302,0.65187529759816665,-0.12154652371369459,0.68397663794411823,-0.47105015944573592,0.40617961016965343,1.0,0.60945334807848861,0.1473241095775335,0.2465449998772461,-0.064934369338800105,-0.49272514537116863,0.15167780494277602,0.5754542052718209,-0.44873327623226145,-0.29620028911705021,0.718690655404014,-0.52385024748644726
-0.29230480445153711,0.26337393848191104,-0.037055746748550611,0.10291163779460404,-0.45435755806259071,-0.15977894256331915,0.2678259104505733,-0.046815037225598412,-0.18145293321934439,-0.52881723460029806,-0.12038055417526543,0.21894296445086009,0.19736647168617136,0.66577121013510576,0.64308337148537253,-0.60222814148115311,-0.45107693999999998,-0.86396862857471501,0.56760638519145967,-0.011573999356669876,0.13157045634666834,0.2876421263262568,0.22205400361648311,-0.033409781371868313,0.68703823530216734,0.18354840124809663,-0.24393427838892706,0.60945334807848861,1.0,-0.10391315033234358,-0.049647270097833131,-0.1949891999426864,0.29683686128237319,-0.01582126001906457,0.22128691259945044,0.29806637698737493,0.26589997339826887,0.74808431551951382,-0.081524573212841844
-0.43812018430432226,-0.53922896312148816,-0.80609564666974709,0.13455906021020311,-0.30516240748887746,0.77106279092801711,-0.72663474588020438,-0.70634577295542789,0.30413870199721088,-0.026586733198763351,-0.36564727551702625,-0.59175651094357595,-0.52046889358950577,0.077652888612557106,-0.27965621437944643,0.28258718292095303,0.6765717,0.075704083367869296,0.42155144532023103,0.4122881979085028,-0.56243851588838334,-0.25225307402679797,0.44229888475211582,-0.27445890219873281,0.056213025506660831,-0.73558432668044449,0.189908500753006,0.1473241095775335,-0.10391315033234358,1.0,0.80401748598966782,0.78896972746499749,-0.54432223993243389,0.26717120608513345,0.13706635016361096,-0.3195374834317638,-0.48383285275560323,-0.3945023580028082,-0.75842208573745362
-0.39447434861915842,-0.22404085580360486,-0.81118351597453697,0.015951999682482201,-0.47194011780282052,0.82779832236511375,-0.74011409167299669,-0.66995411372386193,0.13941733178180352,-0.10717143145665012,-0.40439504693126194,-0.50138631766546771,-0.55539985150370463,-0.016238850525760296,-0.2604199067693283,0.3191548810902306,0.69289076000000005,0.031300932096732466,0.58819715584398569,0.62890857357603858,-0.60683477947396824,-0.17339515637860872,0.47856860774750593,-0.32842279400239016,0.045655858233577512,-0.77189057445467912,0.37146915956815052,0.2465449998772461,-0.049647270097833131,0.80401748598966782,1.0,0.78138574407301831,-0.5826292734389702,0.43178344486636117,-0.035718476026915386,-0.45031644194763437,-0.51128776280142241,-0.36362278228428291,-0.80658913132358268
-0.41473122666712953,-0.47386465472183908,-0.95117326481634101,-0.16729070423399928,-0.32101469732212434,0.86510755557623353,-0.77448642334292683,-0.53695489365255988,0.26471481824026311,0.20832305343811905,-0.14574613275610465,-0.78534537307968089,-0.44352656474658442,-0.17092495236922153,-0.16183222174338344,0.43035454217400215,0.68054595999999989,0.30048163556484836,0.13940944877524683,0.35177953441696685,-0.49583790431142938,-0.021029429773950056,0.55632286192871527,-0.23965136301998013,0.19514518612945916,-0.6188309742630741,0.00079827520787924776,-0.064934369338800105,-0.1949891999426864,0.78896972746499749,0.78138574407301831,1.0,-0.44864602988879143,0.094350455975250255,-0.071454381985983445,-0.16997538447836386,-0.36804662064253768,-0.64619399877953598,-0.74814047358924174
0.66161971258938856,0.02711209752818592,0.53770731699698626,-0.19775450405154474,-0.0077335218566490921,-0.73611641111324355,0.90813515601852512,0.81949682017529712,-0.16236656520844189,0.52782450197959707,0.42136698507464088,0.59140362315889738,0.99075343865699761,0.084092651834431098,0.84440479630111931,-0.76257879045351817,-0.94433529999999999,0.03069111344941463,-0.3899888434644071,-0.61324488014466005,0.98058025528890103,0.60547813984012355,-0.7216371447876464,0.039091087905596664,-0.16963524736606472,0.85929963331259351,-0.68616894213373403,-0.49272514537116863,0.29683686128237319,-0.54432223993243389,-0.5826292734389702,-0.44864602988879143,1.0,-0.32751625204681334,-0.48663319475137512,0.89187611400232902,0.75152283637294914,0.072927079785528717,0.81463475668538077
0.13055668316948402,0.12528873389848641,-0.19069744372454023,0.12610753347684092,-0.46350374680592915,0.35821549183720763,-0.23832896879833146,-0.071704163610642149,-0.7089837100409504,-0.21739355942667501,-0.3422880719312078,-0.062667823196947373,-0.26495781978609179,0.20924962777006076,-0.13537765005756877,0.10906431622552606,0.28180570000000005,-0.32403673100303265,0.63154796472717267,0.73693457840902643,-0.29419125015443975,0.21057657853008371,0.094692995655761877,-0.32088017704149957,-0.16122186288764973,-0.4415550236626703,0.71524996519716011,0.15167780494277602,-0.01582126001906457,0.26717120608513345,0.43178344486636117,0.094350455975250255,-0.32751625204681334,1.0,-0.23494184186203937,-0.62597396114420634,-0.75434323041341544,0.058421838126560661,-0.3605820473892476
-0.59951847060225782,-0.14425291451323105,-0.11185857711949704,0.28034345147712858,0.099024677963171437,0.09798752700702712,-0.34294961816848618,-0.52916472067134135,0.37334383240281321,-0.68210140912891692,-0.50376213205208775,-0.22619597650291934,-0.54783468354975273,0.20226910925344554,-0.39523768858589531,0.11591447915827395,0.3151566400000001,-0.36687006971470199,0.20555723764152573,-0.088288930284105893,-0.53392243531830352,-0.53864000522143174,0.51272028637269895,0.39137918672065231,0.37335049076135618,-0.19516586101489217,0.11835158887377947,0.5754542052718209,0.22128691259945044,0.13706635016361096,-0.035718476026915386,-0.071454381985983445,-0.48663319475137512,-0.23494184186203937,1.0,-0.32467960031156329,-0.0097823638099270513,0.47946364589456408,-0.37882038694678732
0.38594190063086331,-0.16509772513158369,0.2778465706788753,-0.15369405736266026,0.095976166986599193,-0.56588388277736923,0.69174928960918358,0.55178038549283337,0.20160545977221597,0.55200092842852488,0.4619967995699113,0.33391587452700194,0.85624024201866988,-0.0095829421182394171,0.77764086394376386,-0.66633152685081698,-0.77798820000000002,0.1448662604388069,-0.4798597894341699,-0.74568368093837623,0.83998764162726525,0.42509457345075996,-0.52456534666100163,0.11942897601007561,0.011734342209432962,0.74419371929929545,-0.9075634205165527,-0.44873327623226145,0.29806637698737493,-0.3195374834317638,-0.45031644194763437,-0.16997538447836386,0.89187611400232902,-0.62597396114420634,-0.32467960031156329,1.0,0.83025557212120082,-0.061666349763589826,0.63071638875186353
0.31720143884700153,-0.093552834111936697,0.43386703013913092,-0.27649273701625932,0.072705770144925103,-0.64462452038393281,0.67999204082857956,0.50656554510755281,0.37673006085174876,0.33245970347950149,0.15822070373747829,0.4760553867518319,0.71095793249345363,0.036788366840356738,0.59227387215043059,-0.61204695601367987,-0.72149806000000005,0.13732073443592652,-0.45650238043571972,-0.76105206222627475,0.71641028088948289,0.22463579049603594,-0.45533431988078227,0.24404669813971872,-0.077014409192373401,0.79054261033511619,-0.74962783601161731,-0.29620028911705021,0.26589997339826887,-0.48383285275560323,-0.51128776280142241,-0.36804662064253768,0.75152283637294914,-0.75434323041341544,-0.0097823638099270513,0.83025557212120082,1.0,0.095516260452133891,0.64578061615912219
-0.23900064407096408,0.48517213420583188,0.39218318047121042,0.34808286074536221,-0.053086139864953613,-0.41001462246563702,0.3210871499669159,-0.035137999409768014,-0.26691059749531981,-0.79315842857519658,-0.15641865085765705,0.40622499103546722,-0.0049739364071374539,0.54155973785126887,0.19092743072362126,-0.40376062778006827,-0.37977859999999997,-0.88703943611371283,0.46921833861188206,-0.022811587022677274,-0.011771963220242914,-0.059765318603386859,0.12101605600664261,0.20413491251043714,0.49173684234300713,0.20084789795411526,0.09772821494361239,0.718690655404014,0.74808431551951382,-0.3945023580028082,-0.36362278228428291,-0.64619399877953598,0.072927079785528717,0.058421838126560661,0.47946364589456408,-0.061666349763589826,0.095516260452133891,1.0,0.088612431117912643
0.73799964788086558,0.20094404032944055,0.88681443654344672,-0.095804146287804523,0.40250709813414054,-0.90912103273407152,0.92437840081102207,0.83572086710747551,-0.11244627854552473,0.46494486460420498,0.4941855098311892,0.72357300029508231,0.83634078979430404,-0.14698447391481775,0.41065154950548177,-0.48526061327859105,-0.83538577999999997,0.23039881354270278,-0.60868765377141931,-0.63418418902848894,0.88555905076249641,0.26319164501177628,-0.86225462706513811,0.15476641364966903,-0.44472629030977912,0.84005086827016739,-0.42328580101816787,-0.52385024748644726,-0.081524573212841844,-0.75842208573745362,-0.80658913132358268,-0.74814047358924174,0.81463475668538077,-0.3605820473892476,-0.37882038694678732,0.63071638875186353,0.64578061615912219,0.088612431117912643,1.0
