1.000000000000000000e+00,-7.312101827959447409e-01,5.550567722095144374e-01,-4.818908700505429299e-01,2.440119751635462797e-01,-2.055289488885267968e-01,-3.011168970492799080e-01,2.135230050927784395e-01,5.568403995302118048e-01,-2.567722623284522387e-01,-5.468910198726308902e-01,5.097254322915782954e-01,-4.070561573583635351e-01,7.671910396805387000e-02,-4.721777022818485214e-01,2.992365462260849207e-01,7.658336785156705240e-02,3.783140883197734783e-01,4.518144604447486001e-01,-6.955781626466444045e-01,6.232088122118473184e-02,-4.120076454401707666e-01,-7.515182353607876564e-01,5.472581386111388113e-01,2.402690065216462889e-01,-3.536626106606159392e-01,1.846276971161583402e-01,-2.086442011726252765e-02,-1.034047517308975817e-01,-1.925294303911703198e-01,-3.823499839423522562e-01,-3.269018937851115858e-01,9.841714071991042312e-02,-3.839703520511674739e-01,-1.743951796146160360e-01,8.886807466476298600e-02,1.385116748268578335e-01,3.948253208367602518e-02,-4.832285200000000502e-01
-7.312101827959447409e-01,1.000000000000000000e+00,-7.282688274611620605e-01,1.486425583115010829e-01,-6.086951467668186289e-02,1.790758532315737672e-01,5.733755448294011181e-01,-9.179404886431587196e-02,-4.613871628375854073e-01,-2.596090954124063988e-01,5.395737715723700756e-01,-1.636886257539407474e-01,4.473870446807354240e-01,-4.991332859565223989e-01,-8.419068455188581657e-02,-9.247702637827628913e-02,-1.004647826114797721e-01,-6.498168433244512210e-01,-2.380592278204570200e-01,2.604771537284830130e-01,8.051782619982764122e-02,5.175260680517262957e-01,4.659324041485650714e-01,-6.519063345937475829e-01,7.768844737459341954e-02,6.055245762977649049e-01,-3.928349388602234843e-02,-2.316342409540934344e-01,-4.571641089569432326e-02,2.998000267677900510e-01,5.600167828492270683e-01,5.518247637571822573e-01,-5.226287650171076438e-01,3.777420760520447396e-01,5.951466434941964367e-01,-4.693270680656440041e-01,-7.146186434982954028e-02,-5.418204066112842776e-01,6.835414799999999236e-01
5.550567722095144374e-01,-7.282688274611620605e-01,1.000000000000000000e+00,2.349628282031926141e-01,-1.439923622411170279e-01,-1.607886543509821631e-01,-6.743164225673613232e-02,4.022011832973377832e-01,2.514321709554518391e-01,6.353634116894231187e-01,-7.269183968672642271e-01,3.254793625690861059e-01,-1.323164119296093011e-01,7.169876805612769299e-01,5.987617957347700359e-02,-5.276456916882136250e-01,-2.049623276501995051e-01,9.478717854220590766e-01,-2.613700609745941428e-01,-2.717460927765998346e-01,-2.086947271546098770e-01,-4.891012772216059568e-01,-2.624923108141894446e-01,7.985548743946508932e-01,-4.544081870043596427e-01,-8.863820576990796285e-01,-1.043992386837667707e-01,-1.063959107711755225e-01,3.689240784941514011e-03,3.001249755754251680e-01,-9.232465235407888438e-01,-8.462829975262744497e-01,6.485012518821606786e-01,-6.046501065377341000e-01,-3.105807016534537501e-01,5.467742513044239472e-02,6.766819606608848181e-01,1.380569783355328484e-01,-9.340334399999999926e-01
-4.818908700505429299e-01,1.486425583115010829e-01,2.349628282031926141e-01,1.000000000000000000e+00,2.035320464171468113e-02,-2.537503629515895920e-01,2.037036940815062092e-01,3.489560899736205424e-01,4.913932151205080423e-02,6.176657418285634860e-01,-2.175862508526137384e-01,1.424923465914643417e-01,4.972734101195119272e-01,3.847274783345312477e-01,8.129720139479609253e-01,-6.437544058947354264e-01,-3.071253268877238152e-01,4.775037152879123004e-01,-6.192944621865200672e-01,6.772788628801694466e-02,-7.245085168934379816e-01,-3.440870856036439829e-01,5.384944271636068480e-01,3.852244465699282139e-01,-6.146654792852822569e-01,-2.169331344036324327e-01,-5.453876593064262979e-01,-9.588393844473297456e-02,8.655658438783972453e-02,2.969797868392581308e-01,-4.921948462062458729e-01,-5.834541052520521021e-01,7.837299666855543356e-02,2.052667300763697800e-01,-1.962903958800560344e-01,1.587433135963305375e-01,6.126616969905761545e-01,2.167177877469914360e-01,-4.262936000000000503e-01
2.440119751635462797e-01,-6.086951467668186289e-02,-1.439923622411170279e-01,2.035320464171468113e-02,1.000000000000000000e+00,-6.352672448473627442e-01,-4.316439001600441694e-01,5.313588492207164116e-01,8.286878045284258310e-01,-4.099703683133495979e-01,-4.646562770207665061e-01,2.493526216580129184e-01,5.382552797499502439e-01,-1.416208402643511777e-01,7.166327179530473934e-02,3.674370489178933608e-01,1.375108735864691567e-01,-1.136014998489029079e-02,4.406281751920759771e-01,-4.029164207986031254e-01,-6.207614689122648022e-01,-6.981654322069003049e-01,1.950209806028886939e-01,4.214151412937705565e-01,4.411705087840573913e-01,4.100341304991944047e-01,-3.991172809955190748e-01,2.150697408857439874e-01,-3.701112494674621001e-01,-3.226197174494930264e-01,-9.665647210715028192e-02,-2.303334800980491592e-01,-5.244110426378950640e-01,7.321516288119033211e-01,6.307158066724133372e-02,5.703053471744213843e-01,-1.126414803186147340e-01,-5.158562104048851349e-03,-1.416859400000000102e-01
-2.055289488885267968e-01,1.790758532315737672e-01,-1.607886543509821631e-01,-2.537503629515895920e-01,-6.352672448473627442e-01,1.000000000000000000e+00,3.510814051253196011e-01,-3.174710500979195382e-01,-7.199033762606452669e-01,5.802057108165497440e-02,3.283571658135727156e-01,-1.013231887913296353e-01,-2.756546802572191757e-01,7.964905691035030488e-02,-2.706063148435425836e-01,-9.390755528904502769e-02,-2.958164036757981452e-01,-2.944765686524873916e-01,-1.880754049901687264e-01,4.262971220184791910e-01,7.145528420550300019e-01,7.214795264994906532e-01,-1.720339015890415546e-01,-5.770498746941192802e-01,-2.113179258239760230e-02,-9.315666950145384817e-02,5.976118336846945045e-01,-2.985678502123679245e-01,-2.906848211077927013e-01,1.385059432310278837e-01,3.565528284111839641e-01,4.761904299479402525e-01,2.657408515452079345e-01,-4.712643042872965982e-01,1.333792435447851421e-01,-5.928969509616721645e-01,-2.040264649611360503e-01,-1.349361756709032134e-01,3.907592600000000527e-01
-3.011168970492799080e-01,5.733755448294011181e-01,-6.743164225673613232e-02,2.037036940815062092e-01,-4.316439001600441694e-01,3.510814051253196011e-01,1.000000000000000000e+00,-1.259132205986748521e-01,-6.348481026957084605e-01,1.119731381356199040e-01,1.237327156955159435e-01,2.308190712453132287e-01,1.247362668686197718e-01,5.992232588184189662e-02,-2.603930977677168523e-01,-5.842106183876017989e-01,-5.463841044589550222e-01,-1.305588874765649943e-01,-7.154965412542622083e-01,-7.672951160664406856e-02,1.900753443594142555e-01,5.805578448500925415e-01,1.346625344905593748e-02,-3.412413253459504747e-01,-1.681865000775394359e-01,-1.684700396489200724e-01,4.348609743403338834e-01,-6.683085078457816630e-01,-9.510424701409304904e-02,4.448376058933725119e-01,5.334991262152379010e-02,1.718133345769774223e-01,9.794753228465279127e-02,-3.732642003633584449e-01,4.977405125775509198e-01,-7.171633587654685504e-01,5.115046844693509343e-01,-6.934078488431709708e-01,1.856432199999999977e-01
2.135230050927784395e-01,-9.179404886431587196e-02,4.022011832973377832e-01,3.489560899736205424e-01,5.313588492207164116e-01,-3.174710500979195382e-01,-1.259132205986748521e-01,1.000000000000000000e+00,5.715816833885494219e-01,1.917799748837904494e-01,-7.106935057449061954e-01,4.365125759330651389e-01,6.917810160089411520e-01,2.599396341387633647e-01,6.969297364052537413e-02,-2.830874280731009995e-01,-7.761178245716791879e-02,5.284688427773910346e-01,5.682799655411021472e-02,-2.545585442620125205e-01,-5.639381833868510885e-01,-7.034281197892097159e-01,2.844259181578375206e-01,6.878522009448930774e-01,-1.860170019822112164e-01,-1.127089754576360292e-01,-5.927858767778497739e-01,-4.319389983797458643e-02,-4.856868995991030502e-01,3.332120887424944722e-01,-6.318143997923718613e-01,-6.602963591796060516e-01,-1.647078648108557808e-01,2.036487773550081926e-01,2.049761914891179149e-01,5.983328858617349005e-02,4.890826753529604609e-01,-1.232492030288172558e-01,-5.903392199999999423e-01
5.568403995302118048e-01,-4.613871628375854073e-01,2.514321709554518391e-01,4.913932151205080423e-02,8.286878045284258310e-01,-7.199033762606452669e-01,-6.348481026957084605e-01,5.715816833885494219e-01,1.000000000000000000e+00,-2.579556293015009549e-01,-5.806598388563537494e-01,4.157496763014794094e-01,2.372325631050927752e-01,-5.786025627718735520e-02,1.491115252783861145e-01,3.744150067678428950e-01,2.884774090947499481e-01,3.414355308918411991e-01,5.578384452601923282e-01,-5.694516567994679646e-01,-6.605340079087885785e-01,-9.136914874125725561e-01,-1.222965668799064209e-01,7.395796130727732010e-01,2.268590467216602402e-01,1.372298047653024433e-01,-5.417222184265340079e-01,3.682761327005739105e-01,-1.123409706661414598e-01,-2.852830925029953280e-01,-3.930502888566754782e-01,-5.194474325049676100e-01,-3.736754396913088971e-01,4.636245722226977062e-01,-2.741741812145400692e-01,6.241821654797837793e-01,6.298873857406123156e-02,2.890848213422546609e-01,-4.851234399999999614e-01
-2.567722623284522387e-01,-2.596090954124063988e-01,6.353634116894231187e-01,6.176657418285634860e-01,-4.099703683133495979e-01,5.802057108165497440e-02,1.119731381356199040e-01,1.917799748837904494e-01,-2.579556293015009549e-01,1.000000000000000000e+00,-3.317084513924295486e-01,-1.702641126877656730e-01,1.547565927762639959e-01,8.227356458047249133e-01,4.937856872295287025e-01,-8.338104768622329743e-01,-3.400338262174694703e-01,7.326879035222115810e-01,-6.723678534147068397e-01,3.938436762269704738e-01,-1.998450088180448447e-01,-1.450630010293584571e-01,4.083472453364606625e-01,3.784120787650739337e-01,-6.860128483470731009e-01,-7.400497590421309946e-01,-2.041956148859058184e-01,-8.219434171574303838e-02,1.065896246328212199e-01,4.324605359116620584e-01,-6.763690560663641049e-01,-6.334924748829550145e-01,7.579931518887028652e-01,-3.856386269416748336e-01,-2.260538697045217926e-01,3.720402871298590652e-02,5.372627122484210371e-01,2.191083307961445570e-01,-6.136741800000000691e-01
-5.468910198726308902e-01,5.395737715723700756e-01,-7.269183968672642271e-01,-2.175862508526137384e-01,-4.646562770207665061e-01,3.283571658135727156e-01,1.237327156955159435e-01,-7.106935057449061954e-01,-5.806598388563537494e-01,-3.317084513924295486e-01,1.000000000000000000e+00,-5.303275976737388264e-01,-3.694764035942859626e-01,-6.425422939149377788e-01,-3.145015528918659875e-03,3.606925896624466055e-01,3.496872698823624837e-01,-7.594954254411406813e-01,8.907411767640605049e-02,4.157943636880235827e-01,4.746003072577955062e-01,7.157193593065693804e-01,2.790368087349698670e-02,-8.505837129972086963e-01,-1.206641877543372654e-02,5.307128245718165660e-01,1.800206419145310155e-01,1.505554839003320489e-01,4.134915820609663117e-01,-1.062587264040262408e-01,8.277575300843940109e-01,8.132173105793503165e-01,-2.965521558231710708e-01,1.180437026847016985e-01,3.192609100854830462e-02,-2.539531038475937308e-01,-5.605437378218386391e-01,6.050202548370801209e-02,8.323183599999999238e-01
5.097254322915782954e-01,-1.636886257539407474e-01,3.254793625690861059e-01,1.424923465914643417e-01,2.493526216580129184e-01,-1.013231887913296353e-01,2.308190712453132287e-01,4.365125759330651389e-01,4.157496763014794094e-01,-1.702641126877656730e-01,-5.303275976737388264e-01,1.000000000000000000e+00,1.166895604261751346e-01,3.183067549848072469e-02,-1.258964093287178732e-01,-5.077692231758739599e-02,-3.852177423048732119e-01,3.124284088680248650e-01,6.953667046998074364e-02,-7.857262907542809094e-01,-3.021988023473483054e-01,-3.368481265854604834e-01,-4.238972167280212755e-01,4.784600009975693014e-01,1.339639667224407638e-01,-1.290456446105720523e-01,-1.431803882152644404e-02,-2.669309618042289833e-01,-1.397497456720278586e-01,6.309897606588546481e-02,-3.794209884172914937e-01,-3.792877901272795893e-01,-2.507969072437116198e-01,-1.430124924089802019e-01,1.287869451949878036e-02,-1.887830869955671453e-01,5.568358349878277380e-01,-8.773981007256037579e-02,-3.956967599999999807e-01
-4.070561573583635351e-01,4.473870446807354240e-01,-1.323164119296093011e-01,4.972734101195119272e-01,5.382552797499502439e-01,-2.756546802572191757e-01,1.247362668686197718e-01,6.917810160089411520e-01,2.372325631050927752e-01,1.547565927762639959e-01,-3.694764035942859626e-01,1.166895604261751346e-01,1.000000000000000000e+00,1.443797559712373113e-01,2.349553550112379874e-01,-3.488772682638989764e-01,-1.529877958015957995e-01,8.305735921681629830e-02,-1.939607461640405484e-01,1.310901441068265949e-01,-5.734028023781535532e-01,-3.674447514896728717e-01,7.441664616046650416e-01,2.125455091665819918e-01,3.222237762589947457e-02,2.599289388159125025e-01,-5.236316563115800404e-01,-8.607972908282118807e-02,-4.583180259751878372e-01,2.293500918416107315e-01,-2.140345695595509135e-01,-2.839064203129211261e-01,-2.762712007295186623e-01,5.836526513561899332e-01,4.576326492244834898e-01,1.308773777675878713e-01,2.559169738370149494e-01,-3.123970019017274780e-01,-1.136737599999999571e-01
7.671910396805387000e-02,-4.991332859565223989e-01,7.169876805612769299e-01,3.847274783345312477e-01,-1.416208402643511777e-01,7.964905691035030488e-02,5.992232588184189662e-02,2.599396341387633647e-01,-5.786025627718735520e-02,8.227356458047249133e-01,-6.425422939149377788e-01,3.183067549848072469e-02,1.443797559712373113e-01,1.000000000000000000e+00,2.760818035989804353e-01,-7.096771662516078161e-01,-4.415359267979289681e-01,7.471175863515358007e-01,-5.524840152961496553e-01,1.787482912699183135e-01,-2.049547425078535323e-01,-2.598095925668407191e-01,1.782438650904550337e-01,5.004703688412713847e-01,-3.730561380920933701e-01,-7.971086466286732009e-01,1.041799928366124034e-01,-1.071047216889567388e-01,-2.507289999401550173e-01,1.741348490946749428e-01,-7.219388427480969428e-01,-6.629294996203576318e-01,8.283424553845853966e-01,-3.967332350974958066e-01,-2.413468258590821813e-01,1.900017354567371530e-01,4.663425933842453852e-01,1.138885152430348796e-01,-6.939174399999999965e-01
-4.721777022818485214e-01,-8.419068455188581657e-02,5.987617957347700359e-02,8.129720139479609253e-01,7.166327179530473934e-02,-2.706063148435425836e-01,-2.603930977677168523e-01,6.969297364052537413e-02,1.491115252783861145e-01,4.937856872295287025e-01,-3.145015528918659875e-03,-1.258964093287178732e-01,2.349553550112379874e-01,2.760818035989804353e-01,1.000000000000000000e+00,-2.369938017191284274e-01,-3.054712876855290166e-02,3.182754794773508533e-01,-2.967596666835080610e-01,2.333749892321724251e-01,-6.438878047643943336e-01,-3.729541726946628000e-01,5.002720777427133170e-01,2.770048419848752386e-01,-4.748782003027420262e-01,-5.459676436222878765e-02,-5.465375961099885327e-01,2.648392690920695070e-01,2.500034767482109399e-01,-9.894257872869728632e-02,-2.518289514722676925e-01,-4.085168823065736809e-01,7.128351674565211460e-02,3.749040175081079784e-01,-5.304181594242579623e-01,5.316311528652124530e-01,1.397742648376439634e-01,6.758642167540405143e-01,-2.713645199999999980e-01
2.992365462260849207e-01,-9.247702637827628913e-02,-5.276456916882136250e-01,-6.437544058947354264e-01,3.674370489178933608e-01,-9.390755528904502769e-02,-5.842106183876017989e-01,-2.830874280731009995e-01,3.744150067678428950e-01,-8.338104768622329743e-01,3.606925896624466055e-01,-5.077692231758739599e-02,-3.488772682638989764e-01,-7.096771662516078161e-01,-2.369938017191284274e-01,1.000000000000000000e+00,5.425075443741026460e-01,-5.923672499398311420e-01,8.881825526015586503e-01,-1.866698847347935952e-01,2.087371504118551435e-01,-1.741225812393856764e-02,-3.830231172808263862e-01,-2.684367264760623151e-01,6.164743207802017011e-01,6.631398871908235071e-01,4.965087447475895199e-02,4.164833001726089279e-01,8.637860560795872222e-02,-6.286697931420042185e-01,6.245009392429672346e-01,5.383159700727193631e-01,-5.859215311786655223e-01,4.042755002433414679e-01,-1.389345549891188580e-01,2.906852900174671794e-01,-7.799999429019720543e-01,2.798278860098039056e-01,4.960126799999999836e-01
7.658336785156705240e-02,-1.004647826114797721e-01,-2.049623276501995051e-01,-3.071253268877238152e-01,1.375108735864691567e-01,-2.958164036757981452e-01,-5.463841044589550222e-01,-7.761178245716791879e-02,2.884774090947499481e-01,-3.400338262174694703e-01,3.496872698823624837e-01,-3.852177423048732119e-01,-1.529877958015957995e-01,-4.415359267979289681e-01,-3.054712876855290166e-02,5.425075443741026460e-01,1.000000000000000000e+00,-2.412451009495888699e-01,5.799453529481715108e-01,1.566453188220753301e-01,-1.697409373216551484e-02,-1.771986448182950868e-01,-1.347860350650695871e-01,-6.110158447968652706e-02,5.274124642589492207e-02,4.295617634120939554e-01,-3.142341810397996649e-01,5.938229540304776899e-01,1.194242742928699058e-01,-2.990984769060828219e-01,2.670427373390464321e-01,2.025934628146826844e-01,-2.738699446757026368e-01,3.449412177901645116e-01,-1.764845063885149834e-01,4.105779936165304678e-01,-5.012698387154759239e-01,1.935499218353105844e-01,2.050532000000000465e-01
3.783140883197734783e-01,-6.498168433244512210e-01,9.478717854220590766e-01,4.775037152879123004e-01,-1.136014998489029079e-02,-2.944765686524873916e-01,-1.305588874765649943e-01,5.284688427773910346e-01,3.414355308918411991e-01,7.326879035222115810e-01,-7.594954254411406813e-01,3.124284088680248650e-01,8.305735921681629830e-02,7.471175863515358007e-01,3.182754794773508533e-01,-5.923672499398311420e-01,-2.412451009495888699e-01,1.000000000000000000e+00,-3.145204164256724111e-01,-2.213549214136235066e-01,-4.426449565038528822e-01,-6.340033080427984746e-01,-5.206859327753265813e-03,8.793721649941959040e-01,-5.359516950476552744e-01,-8.131820995074446889e-01,-3.383619514176163245e-01,-4.763184674693186210e-02,2.507516196006921716e-02,3.187966616998564873e-01,-9.816234051960169849e-01,-9.584034376691411561e-01,5.625409162686829667e-01,-3.937267157465682565e-01,-3.442177303203963756e-01,1.869807780267612463e-01,7.220030457369192023e-01,2.612094876755252093e-01,-9.840168200000000143e-01
4.518144604447486001e-01,-2.380592278204570200e-01,-2.613700609745941428e-01,-6.192944621865200672e-01,4.406281751920759771e-01,-1.880754049901687264e-01,-7.154965412542622083e-01,5.682799655411021472e-02,5.578384452601923282e-01,-6.723678534147068397e-01,8.907411767640605049e-02,6.953667046998074364e-02,-1.939607461640405484e-01,-5.524840152961496553e-01,-2.967596666835080610e-01,8.881825526015586503e-01,5.799453529481715108e-01,-3.145204164256724111e-01,1.000000000000000000e+00,-2.135590043276969219e-01,1.185461574318018019e-01,-2.720118793842057348e-01,-3.411804011284935156e-01,1.781568483953331269e-02,5.436049017179102050e-01,5.377784843684235705e-01,-1.738429443082724624e-01,5.273833625512883705e-01,3.608849573951338624e-02,-4.309338028253988928e-01,3.311519594877629924e-01,2.615988517480369313e-01,-5.362819785851927756e-01,3.491988201597948649e-01,-1.237939317495209413e-01,2.837616550078249644e-01,-6.180631140486334552e-01,2.832335944117204685e-01,2.139168799999999759e-01
-6.955781626466444045e-01,2.604771537284830130e-01,-2.717460927765998346e-01,6.772788628801694466e-02,-4.029164207986031254e-01,4.262971220184791910e-01,-7.672951160664406856e-02,-2.545585442620125205e-01,-5.694516567994679646e-01,3.938436762269704738e-01,4.157943636880235827e-01,-7.857262907542809094e-01,1.310901441068265949e-01,1.787482912699183135e-01,2.333749892321724251e-01,-1.866698847347935952e-01,1.566453188220753301e-01,-2.213549214136235066e-01,-2.135590043276969219e-01,1.000000000000000000e+00,3.098132548164729272e-01,3.974018018144693243e-01,5.540330706282055040e-01,-4.872792487713158982e-01,-1.584430511994041335e-01,8.701558687148794324e-02,-1.953744966601329847e-02,2.036795937899056885e-01,-2.165913098196529246e-02,4.364727135780083894e-02,2.907338969742607748e-01,3.042935426132420962e-01,3.374018707680405127e-01,8.648955885637601981e-02,8.166639506426642825e-02,3.262375880040520315e-02,-4.192455178426532370e-01,8.705811141762248573e-02,3.461109399999999781e-01
6.232088122118473184e-02,8.051782619982764122e-02,-2.086947271546098770e-01,-7.245085168934379816e-01,-6.207614689122648022e-01,7.145528420550300019e-01,1.900753443594142555e-01,-5.639381833868510885e-01,-6.605340079087885785e-01,-1.998450088180448447e-01,4.746003072577955062e-01,-3.021988023473483054e-01,-5.734028023781535532e-01,-2.049547425078535323e-01,-6.438878047643943336e-01,2.087371504118551435e-01,-1.697409373216551484e-02,-4.426449565038528822e-01,1.185461574318018019e-01,3.098132548164729272e-01,1.000000000000000000e+00,7.927101144986559156e-01,-3.549326272326590037e-01,-6.685934839179881184e-01,2.074998652508580343e-01,-4.181107289348132139e-02,6.751006912921782011e-01,-2.245403485732355431e-01,5.387430038666535248e-02,2.716519029583382497e-02,5.120662416207834022e-01,6.654074888342098593e-01,2.330159088812275292e-01,-5.606014492931996607e-01,2.689388472901558802e-01,-5.743026270790084764e-01,-4.278177333533080273e-01,-2.180311902712916694e-01,5.114424200000000642e-01
-4.120076454401707666e-01,5.175260680517262957e-01,-4.891012772216059568e-01,-3.440870856036439829e-01,-6.981654322069003049e-01,7.214795264994906532e-01,5.805578448500925415e-01,-7.034281197892097159e-01,-9.136914874125725561e-01,-1.450630010293584571e-01,7.157193593065693804e-01,-3.368481265854604834e-01,-3.674447514896728717e-01,-2.598095925668407191e-01,-3.729541726946628000e-01,-1.741225812393856764e-02,-1.771986448182950868e-01,-6.340033080427984746e-01,-2.720118793842057348e-01,3.974018018144693243e-01,7.927101144986559156e-01,1.000000000000000000e+00,-9.334371269873448229e-02,-9.020949215643216945e-01,7.998234442702217839e-02,1.271158884086975860e-01,6.807199005451896046e-01,-3.424166870326730838e-01,1.041849125021948458e-01,7.869907068118249527e-02,6.735286568928812168e-01,7.898023548121125836e-01,1.087182394493930587e-01,-3.618733563363548122e-01,3.411987499644856814e-01,-6.427954638984945124e-01,-2.981554159868448073e-01,-3.498044139018133825e-01,7.316138199999999703e-01
-7.515182353607876564e-01,4.659324041485650714e-01,-2.624923108141894446e-01,5.384944271636068480e-01,1.950209806028886939e-01,-1.720339015890415546e-01,1.346625344905593748e-02,2.844259181578375206e-01,-1.222965668799064209e-01,4.083472453364606625e-01,2.790368087349698670e-02,-4.238972167280212755e-01,7.441664616046650416e-01,1.782438650904550337e-01,5.002720777427133170e-01,-3.830231172808263862e-01,-1.347860350650695871e-01,-5.206859327753265813e-03,-3.411804011284935156e-01,5.540330706282055040e-01,-3.549326272326590037e-01,-9.334371269873448229e-02,1.000000000000000000e+00,-6.950655982053799420e-02,-2.142681692338636035e-01,1.778915442512379874e-01,-4.990676180272622942e-01,1.981164727581179869e-02,-7.997635846154688144e-02,2.142676863879931504e-01,-3.120472683340976341e-02,-1.087970148947380311e-01,-3.124773357195009468e-02,5.051955991748955377e-01,2.863724057205584983e-01,1.727735231148579131e-01,1.366270522592084175e-02,1.025646145859437572e-02,5.986899999999995003e-02
5.472581386111388113e-01,-6.519063345937475829e-01,7.985548743946508932e-01,3.852244465699282139e-01,4.214151412937705565e-01,-5.770498746941192802e-01,-3.412413253459504747e-01,6.878522009448930774e-01,7.395796130727732010e-01,3.784120787650739337e-01,-8.505837129972086963e-01,4.784600009975693014e-01,2.125455091665819918e-01,5.004703688412713847e-01,2.770048419848752386e-01,-2.684367264760623151e-01,-6.110158447968652706e-02,8.793721649941959040e-01,1.781568483953331269e-02,-4.872792487713158982e-01,-6.685934839179881184e-01,-9.020949215643216945e-01,-6.950655982053799420e-02,1.000000000000000000e+00,-2.699275834391550721e-01,-5.078770862643054995e-01,-4.954934459295580185e-01,1.069020299128235485e-01,-6.839101012286284698e-02,1.154061241466983190e-01,-9.059930183300165529e-01,-9.484394906249505874e-01,1.901250888634562763e-01,-4.896565628687388205e-02,-3.443227251001633182e-01,4.082009669635793259e-01,5.976961538484146796e-01,2.653569869190160468e-01,-9.446062800000000204e-01
2.402690065216462889e-01,7.768844737459341954e-02,-4.544081870043596427e-01,-6.146654792852822569e-01,4.411705087840573913e-01,-2.113179258239760230e-02,-1.681865000775394359e-01,-1.860170019822112164e-01,2.268590467216602402e-01,-6.860128483470731009e-01,-1.206641877543372654e-02,1.339639667224407638e-01,3.222237762589947457e-02,-3.730561380920933701e-01,-4.748782003027420262e-01,6.164743207802017011e-01,5.274124642589492207e-02,-5.359516950476552744e-01,5.436049017179102050e-01,-1.584430511994041335e-01,2.074998652508580343e-01,7.998234442702217839e-02,-2.142681692338636035e-01,-2.699275834391550721e-01,1.000000000000000000e+00,5.198392218101788309e-01,3.027597537646423143e-01,8.052280009654963489e-02,-1.821196072175917946e-01,-5.363497828053260807e-01,4.858052021235355622e-01,4.666414116556270031e-01,-3.596791533109834904e-01,3.348207975271200176e-01,2.896438215056411081e-01,1.683392170453372194e-01,-5.351804857916629965e-01,-2.316726832604713016e-01,4.352952599999999617e-01
-3.536626106606159392e-01,6.055245762977649049e-01,-8.863820576990796285e-01,-2.169331344036324327e-01,4.100341304991944047e-01,-9.315666950145384817e-02,-1.684700396489200724e-01,-1.127089754576360292e-01,1.372298047653024433e-01,-7.400497590421309946e-01,5.307128245718165660e-01,-1.290456446105720523e-01,2.599289388159125025e-01,-7.971086466286732009e-01,-5.459676436222878765e-02,6.631398871908235071e-01,4.295617634120939554e-01,-8.131820995074446889e-01,5.377784843684235705e-01,8.701558687148794324e-02,-4.181107289348132139e-02,1.271158884086975860e-01,1.778915442512379874e-01,-5.078770862643054995e-01,5.198392218101788309e-01,1.000000000000000000e+00,-1.934923777743323414e-01,3.421718280833269121e-01,-3.002297153550786274e-02,-3.037831095920803248e-01,7.603179224354281729e-01,6.426245948929921736e-01,-8.574878676371271435e-01,7.855308176036605028e-01,2.177673298150338554e-01,1.145700935288206518e-01,-6.212167503600094509e-01,-8.422761562764718990e-02,7.502661399999999148e-01
1.846276971161583402e-01,-3.928349388602234843e-02,-1.043992386837667707e-01,-5.453876593064262979e-01,-3.991172809955190748e-01,5.976118336846945045e-01,4.348609743403338834e-01,-5.927858767778497739e-01,-5.417222184265340079e-01,-2.041956148859058184e-01,1.800206419145310155e-01,-1.431803882152644404e-02,-5.236316563115800404e-01,1.041799928366124034e-01,-5.465375961099885327e-01,4.965087447475895199e-02,-3.142341810397996649e-01,-3.383619514176163245e-01,-1.738429443082724624e-01,-1.953744966601329847e-02,6.751006912921782011e-01,6.807199005451896046e-01,-4.990676180272622942e-01,-4.954934459295580185e-01,3.027597537646423143e-01,-1.934923777743323414e-01,1.000000000000000000e+00,-3.387847242668219350e-01,-1.878471594639842257e-01,-1.954698054982502153e-01,3.613235112128658222e-01,4.987588265045539426e-01,3.522700310916481725e-01,-5.271253164324745111e-01,1.028763787965074755e-01,-3.588536655255060159e-01,-2.038014230864738929e-01,-3.341757961791901876e-01,3.536723200000000400e-01
-2.086442011726252765e-02,-2.316342409540934344e-01,-1.063959107711755225e-01,-9.588393844473297456e-02,2.150697408857439874e-01,-2.985678502123679245e-01,-6.683085078457816630e-01,-4.319389983797458643e-02,3.682761327005739105e-01,-8.219434171574303838e-02,1.505554839003320489e-01,-2.669309618042289833e-01,-8.607972908282118807e-02,-1.071047216889567388e-01,2.648392690920695070e-01,4.164833001726089279e-01,5.938229540304776899e-01,-4.763184674693186210e-02,5.273833625512883705e-01,2.036795937899056885e-01,-2.245403485732355431e-01,-3.424166870326730838e-01,1.981164727581179869e-02,1.069020299128235485e-01,8.052280009654963489e-02,3.421718280833269121e-01,-3.387847242668219350e-01,1.000000000000000000e+00,2.944477423089203461e-01,-1.958729982474578524e-01,9.744699854641911130e-02,-1.019761334436565525e-02,-1.855843157473233973e-01,4.305873680637002376e-01,-5.955248508827494236e-01,5.574867736415064501e-01,-4.340308347764307295e-01,4.810217323369090914e-01,2.524118000000008522e-02
-1.034047517308975817e-01,-4.571641089569432326e-02,3.689240784941514011e-03,8.655658438783972453e-02,-3.701112494674621001e-01,-2.906848211077927013e-01,-9.510424701409304904e-02,-4.856868995991030502e-01,-1.123409706661414598e-01,1.065896246328212199e-01,4.134915820609663117e-01,-1.397497456720278586e-01,-4.583180259751878372e-01,-2.507289999401550173e-01,2.500034767482109399e-01,8.637860560795872222e-02,1.194242742928699058e-01,2.507516196006921716e-02,3.608849573951338624e-02,-2.165913098196529246e-02,5.387430038666535248e-02,1.041849125021948458e-01,-7.997635846154688144e-02,-6.839101012286284698e-02,-1.821196072175917946e-01,-3.002297153550786274e-02,-1.878471594639842257e-01,2.944477423089203461e-01,1.000000000000000000e+00,3.086761891489142248e-02,6.671706514136989397e-02,3.203502824822072187e-02,-7.203950316014555433e-03,-1.216965967638859725e-01,-3.406859651172753356e-01,1.147867493825178477e-02,1.623361142446195365e-02,4.055139443715395919e-01,3.103388000000006919e-02
-1.925294303911703198e-01,2.998000267677900510e-01,3.001249755754251680e-01,2.969797868392581308e-01,-3.226197174494930264e-01,1.385059432310278837e-01,4.448376058933725119e-01,3.332120887424944722e-01,-2.852830925029953280e-01,4.324605359116620584e-01,-1.062587264040262408e-01,6.309897606588546481e-02,2.293500918416107315e-01,1.741348490946749428e-01,-9.894257872869728632e-02,-6.286697931420042185e-01,-2.990984769060828219e-01,3.187966616998564873e-01,-4.309338028253988928e-01,4.364727135780083894e-02,2.716519029583382497e-02,7.869907068118249527e-02,2.142676863879931504e-01,1.154061241466983190e-01,-5.363497828053260807e-01,-3.037831095920803248e-01,-1.954698054982502153e-01,-1.958729982474578524e-01,3.086761891489142248e-02,1.000000000000000000e+00,-3.683446332539646040e-01,-2.746086094632594343e-01,9.620276615828764200e-02,-3.264445816245829524e-01,1.399974019244230872e-01,-5.941564311948015487e-01,5.915101974841193710e-01,-3.765812122040083088e-01,-2.446733199999999719e-01
-3.823499839423522562e-01,5.600167828492270683e-01,-9.232465235407888438e-01,-4.921948462062458729e-01,-9.665647210715028192e-02,3.565528284111839641e-01,5.334991262152379010e-02,-6.318143997923718613e-01,-3.930502888566754782e-01,-6.763690560663641049e-01,8.277575300843940109e-01,-3.794209884172914937e-01,-2.140345695595509135e-01,-7.219388427480969428e-01,-2.518289514722676925e-01,6.245009392429672346e-01,2.670427373390464321e-01,-9.816234051960169849e-01,3.311519594877629924e-01,2.907338969742607748e-01,5.120662416207834022e-01,6.735286568928812168e-01,-3.120472683340976341e-02,-9.059930183300165529e-01,4.858052021235355622e-01,7.603179224354281729e-01,3.613235112128658222e-01,9.744699854641911130e-02,6.671706514136989397e-02,-3.683446332539646040e-01,1.000000000000000000e+00,9.754487849388348009e-01,-4.791761507735377013e-01,3.257203291959666624e-01,2.299647663061684943e-01,-1.569789033855968075e-01,-7.860211408035017167e-01,-1.133078921797318200e-01,9.840957400000001076e-01
-3.269018937851115858e-01,5.518247637571822573e-01,-8.462829975262744497e-01,-5.834541052520521021e-01,-2.303334800980491592e-01,4.761904299479402525e-01,1.718133345769774223e-01,-6.602963591796060516e-01,-5.194474325049676100e-01,-6.334924748829550145e-01,8.132173105793503165e-01,-3.792877901272795893e-01,-2.839064203129211261e-01,-6.629294996203576318e-01,-4.085168823065736809e-01,5.383159700727193631e-01,2.025934628146826844e-01,-9.584034376691411561e-01,2.615988517480369313e-01,3.042935426132420962e-01,6.654074888342098593e-01,7.898023548121125836e-01,-1.087970148947380311e-01,-9.484394906249505874e-01,4.666414116556270031e-01,6.426245948929921736e-01,4.987588265045539426e-01,-1.019761334436565525e-02,3.203502824822072187e-02,-2.746086094632594343e-01,9.754487849388348009e-01,1.000000000000000000e+00,-3.609877367046833152e-01,1.399806486812706363e-01,3.139740910755368652e-01,-3.130937873437577568e-01,-7.304037081606618020e-01,-2.396035854875949722e-01,9.749919400000000014e-01
9.841714071991042312e-02,-5.226287650171076438e-01,6.485012518821606786e-01,7.837299666855543356e-02,-5.244110426378950640e-01,2.657408515452079345e-01,9.794753228465279127e-02,-1.647078648108557808e-01,-3.736754396913088971e-01,7.579931518887028652e-01,-2.965521558231710708e-01,-2.507969072437116198e-01,-2.762712007295186623e-01,8.283424553845853966e-01,7.128351674565211460e-02,-5.859215311786655223e-01,-2.738699446757026368e-01,5.625409162686829667e-01,-5.362819785851927756e-01,3.374018707680405127e-01,2.330159088812275292e-01,1.087182394493930587e-01,-3.124773357195009468e-02,1.901250888634562763e-01,-3.596791533109834904e-01,-8.574878676371271435e-01,3.522700310916481725e-01,-1.855843157473233973e-01,-7.203950316014555433e-03,9.620276615828764200e-02,-4.791761507735377013e-01,-3.609877367046833152e-01,1.000000000000000000e+00,-6.821272091150111239e-01,-1.935841087799152482e-01,3.131826269979383348e-02,2.573858201552575720e-01,1.000004757420386442e-01,-4.667642800000000314e-01
-3.839703520511674739e-01,3.777420760520447396e-01,-6.046501065377341000e-01,2.052667300763697800e-01,7.321516288119033211e-01,-4.712643042872965982e-01,-3.732642003633584449e-01,2.036487773550081926e-01,4.636245722226977062e-01,-3.856386269416748336e-01,1.180437026847016985e-01,-1.430124924089802019e-01,5.836526513561899332e-01,-3.967332350974958066e-01,3.749040175081079784e-01,4.042755002433414679e-01,3.449412177901645116e-01,-3.937267157465682565e-01,3.491988201597948649e-01,8.648955885637601981e-02,-5.606014492931996607e-01,-3.618733563363548122e-01,5.051955991748955377e-01,-4.896565628687388205e-02,3.348207975271200176e-01,7.855308176036605028e-01,-5.271253164324745111e-01,4.305873680637002376e-01,-1.216965967638859725e-01,-3.264445816245829524e-01,3.257203291959666624e-01,1.399806486812706363e-01,-6.821272091150111239e-01,1.000000000000000000e+00,2.685011194723324612e-02,5.573236559746655994e-01,-3.926521897866215305e-01,1.136162636805448517e-01,3.132525600000000132e-01
-1.743951796146160360e-01,5.951466434941964367e-01,-3.105807016534537501e-01,-1.962903958800560344e-01,6.307158066724133372e-02,1.333792435447851421e-01,4.977405125775509198e-01,2.049761914891179149e-01,-2.741741812145400692e-01,-2.260538697045217926e-01,3.192609100854830462e-02,1.287869451949878036e-02,4.576326492244834898e-01,-2.413468258590821813e-01,-5.304181594242579623e-01,-1.389345549891188580e-01,-1.764845063885149834e-01,-3.442177303203963756e-01,-1.237939317495209413e-01,8.166639506426642825e-02,2.689388472901558802e-01,3.411987499644856814e-01,2.863724057205584983e-01,-3.443227251001633182e-01,2.896438215056411081e-01,2.177673298150338554e-01,1.028763787965074755e-01,-5.955248508827494236e-01,-3.406859651172753356e-01,1.399974019244230872e-01,2.299647663061684943e-01,3.139740910755368652e-01,-1.935841087799152482e-01,2.685011194723324612e-02,1.000000000000000000e+00,-5.043218606940659265e-01,4.957456736201922010e-02,-7.438214540477640080e-01,3.360260399999999148e-01
8.886807466476298600e-02,-4.693270680656440041e-01,5.467742513044239472e-02,1.587433135963305375e-01,5.703053471744213843e-01,-5.928969509616721645e-01,-7.171633587654685504e-01,5.983328858617349005e-02,6.241821654797837793e-01,3.720402871298590652e-02,-2.539531038475937308e-01,-1.887830869955671453e-01,1.308773777675878713e-01,1.900017354567371530e-01,5.316311528652124530e-01,2.906852900174671794e-01,4.105779936165304678e-01,1.869807780267612463e-01,2.837616550078249644e-01,3.262375880040520315e-02,-5.743026270790084764e-01,-6.427954638984945124e-01,1.727735231148579131e-01,4.082009669635793259e-01,1.683392170453372194e-01,1.145700935288206518e-01,-3.588536655255060159e-01,5.574867736415064501e-01,1.147867493825178477e-02,-5.941564311948015487e-01,-1.569789033855968075e-01,-3.130937873437577568e-01,3.131826269979383348e-02,5.573236559746655994e-01,-5.043218606940659265e-01,1.000000000000000000e+00,-2.959177661926857272e-01,5.502484226462199812e-01,-2.563889000000000307e-01
1.385116748268578335e-01,-7.146186434982954028e-02,6.766819606608848181e-01,6.126616969905761545e-01,-1.126414803186147340e-01,-2.040264649611360503e-01,5.115046844693509343e-01,4.890826753529604609e-01,6.298873857406123156e-02,5.372627122484210371e-01,-5.605437378218386391e-01,5.568358349878277380e-01,2.559169738370149494e-01,4.663425933842453852e-01,1.397742648376439634e-01,-7.799999429019720543e-01,-5.012698387154759239e-01,7.220030457369192023e-01,-6.180631140486334552e-01,-4.192455178426532370e-01,-4.278177333533080273e-01,-2.981554159868448073e-01,1.366270522592084175e-02,5.976961538484146796e-01,-5.351804857916629965e-01,-6.212167503600094509e-01,-2.038014230864738929e-01,-4.340308347764307295e-01,1.623361142446195365e-02,5.915101974841193710e-01,-7.860211408035017167e-01,-7.304037081606618020e-01,2.573858201552575720e-01,-3.926521897866215305e-01,4.957456736201922010e-02,-2.959177661926857272e-01,1.000000000000000000e+00,-2.373332939306098954e-01,-7.040166999999999398e-01
3.948253208367602518e-02,-5.418204066112842776e-01,1.380569783355328484e-01,2.167177877469914360e-01,-5.158562104048851349e-03,-1.349361756709032134e-01,-6.934078488431709708e-01,-1.232492030288172558e-01,2.890848213422546609e-01,2.191083307961445570e-01,6.050202548370801209e-02,-8.773981007256037579e-02,-3.123970019017274780e-01,1.138885152430348796e-01,6.758642167540405143e-01,2.798278860098039056e-01,1.935499218353105844e-01,2.612094876755252093e-01,2.832335944117204685e-01,8.705811141762248573e-02,-2.180311902712916694e-01,-3.498044139018133825e-01,1.025646145859437572e-02,2.653569869190160468e-01,-2.316726832604713016e-01,-8.422761562764718990e-02,-3.341757961791901876e-01,4.810217323369090914e-01,4.055139443715395919e-01,-3.765812122040083088e-01,-1.133078921797318200e-01,-2.396035854875949722e-01,1.000004757420386442e-01,1.136162636805448517e-01,-7.438214540477640080e-01,5.502484226462199812e-01,-2.373332939306098954e-01,1.000000000000000000e+00,-2.388096199999999447e-01
-4.832285200000000502e-01,6.835414799999999236e-01,-9.340334399999999926e-01,-4.262936000000000503e-01,-1.416859400000000102e-01,3.907592600000000527e-01,1.856432199999999977e-01,-5.903392199999999423e-01,-4.851234399999999614e-01,-6.136741800000000691e-01,8.323183599999999238e-01,-3.956967599999999807e-01,-1.136737599999999571e-01,-6.939174399999999965e-01,-2.713645199999999980e-01,4.960126799999999836e-01,2.050532000000000465e-01,-9.840168200000000143e-01,2.139168799999999759e-01,3.461109399999999781e-01,5.114424200000000642e-01,7.316138199999999703e-01,5.986899999999995003e-02,-9.446062800000000204e-01,4.352952599999999617e-01,7.502661399999999148e-01,3.536723200000000400e-01,2.524118000000008522e-02,3.103388000000006919e-02,-2.446733199999999719e-01,9.840957400000001076e-01,9.749919400000000014e-01,-4.667642800000000314e-01,3.132525600000000132e-01,3.360260399999999148e-01,-2.563889000000000307e-01,-7.040166999999999398e-01,-2.388096199999999447e-01,1.000000000000000000e+00
