1.0,-0.61644662329676236,-0.60406701302798926,0.053686402406102902,-0.79792756950655996,-0.64624293006129174,-0.40483215186350052,-0.12018271690885211,-0.51976270356464593,-0.71137342103690915,-0.10457443630949911,0.61738207659700595,0.42179085570065339,0.895431633372753,0.19901016102864094,0.05517798902802426,0.57141257516047772,-0.12177035670775216,-0.27030537821987871,-0.19106969949521185,0.095454099294474362,0.10666592582718069,0.93069727337917796,-0.76025296349070659,-0.30674325460352658,-0.85402274936715672,-0.82523523528801535,0.52704114289206894,0.88107052892408899,-0.31452814694337272,0.54392136747533371,-0.91732707999999996,-0.82531336890601115,-0.76633468744759703,0.25892942523985801,-0.34577077535596168,-0.59490780156394696,0.61969302091874179,0.74873687728278882
-0.61644662329676236,1.0,0.24073581972008767,0.35963753506224566,0.63719232839656059,0.88160127126220444,-0.20385120818350386,-0.011163268831214435,0.17631834451064415,0.63241235824129549,0.25154287622104227,-0.74894010472740002,-0.33518894724956338,-0.663073316833241,-0.18572598764152787,-0.092670722658428031,-0.3874834415493007,-0.21982181067369402,0.5022644598229663,0.31535667282426622,-0.55771831595574273,0.48762800203032525,-0.50976362164481326,0.88567239771087669,-0.22264604957165507,0.72538787595821597,0.73657260025754412,0.028710092342258041,-0.49462654355821778,0.37969375576740994,-0.38709931064401659,0.68322886000000005,0.45017536563432869,0.78442603908541786,-0.10567076378246902,0.28615672339831172,0.76135379007600101,-0.53292613618032447,-0.62583212974252
-0.60406701302798926,0.24073581972008767,1.0,-0.11631425137183878,0.37560422773079166,0.13605791367677414,0.42968120695334933,0.090372441929511563,0.30738865650735653,0.14295507172333341,0.28746657352941585,-0.35145898597189584,-0.17296137114139662,-0.72039956672883287,-0.51002952979296567,-0.11150817476300466,-0.80258192483093482,0.49104677178063022,-0.014814579446000772,-0.53484582315224038,0.43327718691717892,-0.11001787228131264,-0.63828310691104251,0.24969622001635441,0.58189303715242235,0.53353915209035374,0.66583810752333317,-0.76453799752096918,-0.82240537153661875,0.63952711732813616,-0.061403800102286799,0.66656957999999999,0.54719035414674733,0.66715407615887934,-0.58859949728401983,0.19772722065825904,0.29441770368823866,-0.13663612654824886,-0.32399505928600697
0.053686402406102902,0.35963753506224566,-0.11631425137183878,1.0,-0.32074970585368262,-0.014337214562914204,-0.69291154519501919,-0.35492909838247022,-0.58989983997386175,0.15402280039595184,0.56593228671560947,-0.38925914329983019,-0.59451353614601499,-0.22298606066102633,-0.13713632761085046,-0.0107723059361276,-0.24684929188761434,-0.1163048997938336,0.59986702623890686,-0.22879282512553828,-0.00031926115713810238,0.50950342811508342,0.085273701239022157,0.32028408759945487,-0.78282275872294027,0.32142876086193434,0.24871295412344518,0.15499579513333692,-0.129329971110243,0.32794483643147559,0.2952009680669605,0.19883991999999995,-0.10103766047524233,0.056897850815852018,0.41742785975014174,-0.21674200611891462,0.46758346571405135,0.086548153042692672,-0.1847936373278328
-0.79792756950655996,0.63719232839656059,0.37560422773079166,-0.32074970585368262,1.0,0.84153633564535613,0.49423878759051765,0.46844937573819367,0.45395722912355663,0.73894795540553626,-0.32087002581155,-0.41704334916047603,-0.22221678197003197,-0.60483957781713882,0.095916021344965255,0.27938429740776288,-0.12169240892782539,-0.29766391857127267,-0.12653261060318272,0.52201246609245811,-0.50683782140121902,-0.15530441189426197,-0.80327356036594633,0.70170377368239079,0.37269197817705413,0.63791850749105217,0.59705570605886793,-0.32288192416856826,-0.58420423179052183,-0.090200830344848243,-0.86817411194261862,0.70612345999999993,0.64914579492176627,0.67009312837109725,-0.22962046108414916,0.52460011415266883,0.41492818363967848,-0.77929367535045257,-0.7001577008119535
-0.64624293006129174,0.88160127126220444,0.13605791367677414,-0.014337214562914204,0.84153633564535613,1.0,0.12145326962211594,0.28430239565757215,0.31799742468637909,0.64336307365243772,-0.16661733068460327,-0.50308823043850803,-0.18757613980547652,-0.50111551943191479,0.12799569374233236,0.020343319351819659,-0.14046584388900635,-0.35390012497196843,0.22997466763890534,0.61957573905450047,-0.70610984746395611,0.16432519774014417,-0.52815896913286819,0.85807752795678904,0.019904717874985649,0.57075978282947892,0.55228302099885695,-0.0047261209306026196,-0.37661389318963512,0.076822210264437085,-0.67980198994021701,0.57306981999999995,0.49492772943061547,0.69701960812201635,-0.040723347190109012,0.35728695166367863,0.52066030832786048,-0.62906636881565148,-0.57079882249506142
-0.40483215186350052,-0.20385120818350386,0.42968120695334933,-0.69291154519501919,0.49423878759051765,0.12145326962211594,1.0,0.70482532609621129,0.27568018552353285,0.090526266057408558,-0.5843279743684856,0.33280015669628193,-0.044183392059761038,-0.1387645003527655,0.29834751276219207,0.26383514960491344,-0.050841240645057108,0.076242031885734682,-0.59448897856826854,0.056749519168432107,0.17134862073162058,-0.79911195943573554,-0.43961640223792026,-0.066812073196916996,0.81278902515511853,0.036786176074730129,0.063922218995762184,-0.68877579940215006,-0.34885810553337721,-0.15471234640334497,-0.54238215037934412,0.20844550000000006,0.43913190542998137,0.14238195755129024,-0.15788880653988005,0.26394684691183384,-0.34176147253442979,-0.12635114855403909,-0.053352606096782954
-0.12018271690885211,-0.011163268831214435,0.090372441929511563,-0.35492909838247022,0.46844937573819367,0.28430239565757215,0.70482532609621129,1.0,-0.29258209404903962,0.17703992808593874,-0.74054254766742822,0.3784483053497194,-0.30484132576540207,0.081747006934830391,0.57408506838277029,0.68241915155755495,0.32635237781901505,-0.50674777932360471,-0.72495732091170106,0.24622279718071488,-0.25715712544048341,-0.61059860756346263,-0.21749220982190262,0.056334628742420123,0.42055974855679634,-0.035394274468195708,-0.028141936624773149,-0.40994488208851543,-0.104503827810076,-0.40045028399392452,-0.72751857400254372,0.069115459999999906,0.20037684566660449,0.10770708034124017,0.17132368388784616,0.32770830897243824,-0.30582061330260785,-0.15419053258506807,-0.11529380288353301
-0.51976270356464593,0.17631834451064415,0.30738865650735653,-0.58989983997386175,0.45395722912355663,0.31799742468637909,0.27568018552353285,-0.29258209404903962,1.0,0.21137145204577426,0.08832732292857684,-0.33778635003174368,0.46452153521024042,-0.37266905768744629,-0.37336610765647477,-0.4970707567610208,-0.29684119977348106,0.43168361417844775,0.19940094755868545,0.22749333380892192,-0.018266628321620404,0.02864970985439623,-0.42726037661251548,0.20153674498645383,0.46972199293633504,0.25991663882286481,0.28846946558218967,-0.055918626467503882,-0.27034249507788205,0.18140442305960919,-0.096619052462370889,0.30846240000000003,0.43901884499426369,0.33579919137815389,-0.61125153871045856,0.2198764726307921,0.22052896928246363,-0.3290742551800519,-0.17709362816985177
-0.71137342103690915,0.63241235824129549,0.14295507172333341,0.15402280039595184,0.73894795540553626,0.64336307365243772,0.090526266057408558,0.17703992808593874,0.21137145204577426,1.0,0.094869844174328838,-0.72302460903423094,-0.57809722916913786,-0.69350961316715221,-0.093885142570766161,0.40429820732737454,-0.031701085433211693,-0.47933646468853003,0.18802564144595643,0.48206996424139192,-0.55261890659236323,0.065014368051145535,-0.80923365555650451,0.72697974720616487,-0.19427401465605049,0.85002064646616915,0.66175771168674147,-0.047810970477215345,-0.59147452637684106,-0.13380227388213944,-0.67022122320116351,0.78845754000000001,0.66780770196827066,0.46135636230973526,-0.060761364331735637,0.41354645929441175,0.77175689597065567,-0.83126578468185819,-0.90622159213581532
-0.10457443630949911,0.25154287622104227,0.28746657352941585,0.56593228671560947,-0.32087002581155,-0.16661733068460327,-0.5843279743684856,-0.74054254766742822,0.08832732292857684,0.094869844174328838,1.0,-0.6901329005331821,-0.14571455745363701,-0.47073088460393947,-0.84112017762494995,-0.45233193219885043,-0.58260702729361935,0.41673400255290877,0.7243081008301262,-0.50623181653147753,0.26344509045850489,0.61169213223521557,-0.10837058696110392,0.134415005548291,-0.42331768271293202,0.43642644413102794,0.47613717742106748,0.15534242003734239,-0.32714286026781592,0.6816066749261267,0.63947179210285987,0.32986862000000006,0.21307772843480746,0.23065725023190312,-0.36260092866375876,-0.15543955745991916,0.65869982565591234,0.087092081146876082,-0.18642975457998251
0.61738207659700595,-0.74894010472740002,-0.35145898597189584,-0.38925914329983019,-0.41704334916047603,-0.50308823043850803,0.33280015669628193,0.3784483053497194,-0.33778635003174368,-0.72302460903423094,-0.6901329005331821,1.0,0.34998451065887176,0.81850025865318754,0.65336251344170959,0.1389105281881165,0.47346845794750037,0.022414746205131841,-0.63372762389927995,-0.062217840576341721,0.30165409320943926,-0.54470190979681354,0.63715085821286987,-0.69888837407334137,0.32029213136045676,-0.87762036805407218,-0.82391434757725568,-0.093910702595726259,0.62404748081261585,-0.440148895374115,0.081481902070304701,-0.78178645999999996,-0.59275900148104854,-0.64297144450037869,0.39332711311572804,-0.21330848071181963,-0.98461743184079198,0.56476097840067663,0.75742399236444291
0.42179085570065339,-0.33518894724956338,-0.17296137114139662,-0.59451353614601499,-0.22221678197003197,-0.18757613980547652,-0.044183392059761038,-0.30484132576540207,0.46452153521024042,-0.57809722916913786,-0.14571455745363701,0.34998451065887176,1.0,0.51741854971477907,-0.035718298284383859,-0.47704066029653402,0.18544043420048059,0.31359070982015474,-0.11264586823181322,0.077110070169804507,0.018612289649571574,0.023810741954277122,0.49792576599630978,-0.45830378536052313,0.27364665612155203,-0.62080225451692161,-0.50294419702972071,0.39703448377942469,0.56588834672387045,-0.097122276212664685,0.34783169227426969,-0.59381943999999998,-0.39357509318910106,-0.29996120719511749,-0.28026972477789736,-0.23241975376946319,-0.43983545558415882,0.19925832432662408,0.55750818173852079
0.895431633372753,-0.663073316833241,-0.72039956672883287,-0.22298606066102633,-0.60483957781713882,-0.50111551943191479,-0.1387645003527655,0.081747006934830391,-0.37266905768744629,-0.69350961316715221,-0.47073088460393947,0.81850025865318754,0.51741854971477907,1.0,0.51958829068660606,0.068741525655919677,0.72589336868430387,-0.19174038901004145,-0.40876666892299141,0.11118330567991644,-0.018369334075589369,-0.16814449514511165,0.8949121914371565,-0.71291203364120781,-0.11725884301470438,-0.95795720298072207,-0.94837070206608598,0.47805394504066334,0.95168290491099017,-0.54443160807284741,0.27924040726400701,-0.98077495999999997,-0.79535394862893227,-0.79768467573896884,0.40068772695403787,-0.31795765454291053,-0.79806225180965362,0.52400954003600964,0.76738167752588782
0.19901016102864094,-0.18572598764152787,-0.51002952979296567,-0.13713632761085046,0.095916021344965255,0.12799569374233236,0.29834751276219207,0.57408506838277029,-0.37336610765647477,-0.093885142570766161,-0.84112017762494995,0.65336251344170959,-0.035718298284383859,0.51958829068660606,1.0,0.37439435078921329,0.56654735577389259,-0.50590285703107141,-0.38552205827252684,0.5502729348596177,-0.31198127262652325,-0.56613115886627374,0.27054415988464148,-0.034977431052592239,-0.019380396173955119,-0.42249901047849187,-0.54051905504997555,0.022004073073268033,0.40799901759554585,-0.64537486842852432,-0.48916835856771046,-0.38400590000000001,-0.29508166517918116,-0.39832360883733381,0.7995712081808668,-0.17528361742087517,-0.55867373838337375,-0.035676111141557117,0.20244333940617382
0.05517798902802426,-0.092670722658428031,-0.11150817476300466,-0.0107723059361276,0.27938429740776288,0.020343319351819659,0.26383514960491344,0.68241915155755495,-0.4970707567610208,0.40429820732737454,-0.45233193219885043,0.1389105281881165,-0.47704066029653402,0.068741525655919677,0.37439435078921329,1.0,0.5413516646424561,-0.74566655332008913,-0.66932078748377954,0.18950603100195376,-0.31615068609389341,-0.32252165426824808,-0.22641981541409698,-0.0385297456291947,-0.0365995102497308,0.099041834409197615,-0.047988890800559597,-0.1297473802142696,-0.046319028597392578,-0.63269428535035899,-0.61646606815549865,0.098766799999999932,0.02312648849401714,-0.15023415531292023,0.22181487804109806,0.31061820944524104,-0.045398838722341413,-0.37390790369909804,-0.35405807058247712
0.57141257516047772,-0.3874834415493007,-0.80258192483093482,-0.24684929188761434,-0.12169240892782539,-0.14046584388900635,-0.050841240645057108,0.32635237781901505,-0.29684119977348106,-0.031701085433211693,-0.58260702729361935,0.47346845794750037,0.18544043420048059,0.72589336868430387,0.56654735577389259,0.5413516646424561,1.0,-0.68606634547893985,-0.50949242763371339,0.54964163130726928,-0.49042024118877842,-0.18932406656537912,0.44045307539738521,-0.35915364910412573,-0.2390866264165814,-0.53394054020137316,-0.66208531616664013,0.56326127337210186,0.73293346424394989,-0.91795182520057417,-0.2622703279428934,-0.60754931999999995,-0.45074522839212483,-0.64850421504464417,0.37886339815555414,0.063175630035883223,-0.4114013367863682,-0.054822891499192908,0.20109171249965901
-0.12177035670775216,-0.21982181067369402,0.49104677178063022,-0.1163048997938336,-0.29766391857127267,-0.35390012497196843,0.076242031885734682,-0.50674777932360471,0.43168361417844775,-0.47933646468853003,0.41673400255290877,0.022414746205131841,0.31359070982015474,-0.19174038901004145,-0.50590285703107141,-0.74566655332008913,-0.68606634547893985,1.0,0.28238411465280416,-0.63354382582818192,0.80712704830391824,0.08405277080657883,0.025456108792895164,-0.24284195262578429,0.42782621285356393,-0.067397618313550345,0.13683539557416494,-0.38491158890054533,-0.22777825610340571,0.65631912761861755,0.61042507427209913,0.027096840000000011,0.066027736054622824,0.12021088841203176,-0.44139031054814587,-0.05767348290611115,-0.13135744746113334,0.4945921864955663,0.39073135856769231
-0.27030537821987871,0.5022644598229663,-0.014814579446000772,0.59986702623890686,-0.12653261060318272,0.22997466763890534,-0.59448897856826854,-0.72495732091170106,0.19940094755868545,0.18802564144595643,0.7243081008301262,-0.63372762389927995,-0.11264586823181322,-0.40876666892299141,-0.38552205827252684,-0.66932078748377954,-0.50949242763371339,0.28238411465280416,1.0,0.017940454251727966,-0.055243137046702001,0.53129585300962501,-0.064459968889322539,0.49176576256731908,-0.56725053674495463,0.41796798085281517,0.37902552217796881,0.30169367519011969,-0.2022958625548541,0.5633548923755527,0.40042547000039008,0.30017080000000007,0.20561727294831925,0.25535172721429789,0.079192495916181271,-0.31769735754118061,0.62791348344659126,-0.052095057159094182,-0.20044275019044985
-0.19106969949521185,0.31535667282426622,-0.53484582315224038,-0.22879282512553828,0.52201246609245811,0.61957573905450047,0.056749519168432107,0.24622279718071488,0.22749333380892192,0.48206996424139192,-0.50623181653147753,-0.062217840576341721,0.077110070169804507,0.11118330567991644,0.5502729348596177,0.18950603100195376,0.54964163130726928,-0.63354382582818192,0.017940454251727966,1.0,-0.83141102511384257,-0.13635784111746108,-0.12224133932547573,0.44100717420902275,-0.19674838245741205,0.067958042708991875,-0.1064312251589004,0.44400716012977887,0.22677605587880556,-0.6158414923301444,-0.64951870160071945,0.0069230399999999914,0.12181871251561743,-0.023369835362512255,0.3574751156331134,0.087854165114686106,0.11034330715574742,-0.59364063427349523,-0.32072258184829905
0.095454099294474362,-0.55771831595574273,0.43327718691717892,-0.00031926115713810238,-0.50683782140121902,-0.70610984746395611,0.17134862073162058,-0.25715712544048341,-0.018266628321620404,-0.55261890659236323,0.26344509045850489,0.30165409320943926,0.018612289649571574,-0.018369334075589369,-0.31198127262652325,-0.31615068609389341,-0.49042024118877842,0.80712704830391824,-0.055243137046702001,-0.83141102511384257,1.0,-0.16075626678295657,0.10727653372070108,-0.51189055957105889,0.38979413777674382,-0.20152332342442633,-0.069124495998900221,-0.57171417622135756,-0.1790550398334895,0.43981235539740937,0.57799492637633332,-0.095340839999999982,-0.1123410809051239,-0.15465889769215779,-0.20513042797149952,-0.11995600934893993,-0.36433900098845379,0.63276855447175162,0.44192323101959319
0.10666592582718069,0.48762800203032525,-0.11001787228131264,0.50950342811508342,-0.15530441189426197,0.16432519774014417,-0.79911195943573554,-0.61059860756346263,0.02864970985439623,0.065014368051145535,0.61169213223521557,-0.54470190979681354,0.023810741954277122,-0.16814449514511165,-0.56613115886627374,-0.32252165426824808,-0.18932406656537912,0.08405277080657883,0.53129585300962501,-0.13635784111746108,-0.16075626678295657,1.0,0.1445101891393715,0.21827708188961284,-0.47228349402314496,0.20029212235629226,0.27098494455410599,0.43709906230394308,0.07177588859027452,0.40933076578140054,0.38792515429469066,0.085677519999999951,-0.20940931808153726,0.26768357457088543,-0.29594027335423834,0.19898044485245442,0.49511626685804727,0.079063512913733078,-0.049701942373238925
0.93069727337917796,-0.50976362164481326,-0.63828310691104251,0.085273701239022157,-0.80327356036594633,-0.52815896913286819,-0.43961640223792026,-0.21749220982190262,-0.42726037661251548,-0.80923365555650451,-0.10837058696110392,0.63715085821286987,0.49792576599630978,0.8949121914371565,0.27054415988464148,-0.22641981541409698,0.44045307539738521,0.025456108792895164,-0.064459968889322539,-0.12224133932547573,0.10727653372070108,0.1445101891393715,1.0,-0.63979981665867147,-0.30565196467371475,-0.8898165826762966,-0.8207096753605494,0.53901585757684389,0.9056944474260904,-0.17495791379618247,0.60270921930856536,-0.94329275999999995,-0.83826680507949181,-0.68306387862278506,0.3534027850852417,-0.43796014592872445,-0.62763388541624276,0.70870462142830459,0.84199481053016478
-0.76025296349070659,0.88567239771087669,0.24969622001635441,0.32028408759945487,0.70170377368239079,0.85807752795678904,-0.066812073196916996,0.056334628742420123,0.20153674498645383,0.72697974720616487,0.134415005548291,-0.69888837407334137,-0.45830378536052313,-0.71291203364120781,-0.034977431052592239,-0.0385297456291947,-0.35915364910412573,-0.24284195262578429,0.49176576256731908,0.44100717420902275,-0.51189055957105889,0.21827708188961284,-0.63979981665867147,1.0,-0.18410587621082086,0.78585171091970452,0.71928346184665881,-0.08790793069606051,-0.58820054721849879,0.2335250011760745,-0.52343454305909076,0.75737056000000003,0.55963914661325109,0.74802385984576791,0.052780109986804283,0.20623168976186296,0.72835163195160058,-0.63665110170116446,-0.75196028048808938
-0.30674325460352658,-0.22264604957165507,0.58189303715242235,-0.78282275872294027,0.37269197817705413,0.019904717874985649,0.81278902515511853,0.42055974855679634,0.46972199293633504,-0.19427401465605049,-0.42331768271293202,0.32029213136045676,0.27364665612155203,-0.11725884301470438,-0.019380396173955119,-0.0365995102497308,-0.2390866264165814,0.42782621285356393,-0.56725053674495463,-0.19674838245741205,0.38979413777674382,-0.47228349402314496,-0.30565196467371475,-0.18410587621082086,1.0,-0.089341259285990765,0.08855049442149121,-0.68630653683320475,-0.29457782331122589,0.097120425815107742,-0.25936575293850861,0.11430907999999995,0.24163694392905527,0.2840478897512792,-0.5151860819070827,0.36480526073302821,-0.40979889077346565,0.074817512707545233,0.13691770170905629
-0.85402274936715672,0.72538787595821597,0.53353915209035374,0.32142876086193434,0.63791850749105217,0.57075978282947892,0.036786176074730129,-0.035394274468195708,0.25991663882286481,0.85002064646616915,0.43642644413102794,-0.87762036805407218,-0.62080225451692161,-0.95795720298072207,-0.42249901047849187,0.099041834409197615,-0.53394054020137316,-0.067397618313550345,0.41796798085281517,0.067958042708991875,-0.20152332342442633,0.20029212235629226,-0.8898165826762966,0.78585171091970452,-0.089341259285990765,1.0,0.92006328073893795,-0.3059832238820166,-0.87614323603172994,0.36571312790082144,-0.39020222181732578,0.97509500000000005,0.77938308364459119,0.72703712872233761,-0.26141988255801168,0.32001954078727435,0.88931691232319154,-0.65897528822677631,-0.88532478321645836
-0.82523523528801535,0.73657260025754412,0.66583810752333317,0.24871295412344518,0.59705570605886793,0.55228302099885695,0.063922218995762184,-0.028141936624773149,0.28846946558218967,0.66175771168674147,0.47613717742106748,-0.82391434757725568,-0.50294419702972071,-0.94837070206608598,-0.54051905504997555,-0.047988890800559597,-0.66208531616664013,0.13683539557416494,0.37902552217796881,-0.1064312251589004,-0.069124495998900221,0.27098494455410599,-0.8207096753605494,0.71928346184665881,0.08855049442149121,0.92006328073893795,1.0,-0.38022657468085985,-0.89143494270290857,0.5367847185826905,-0.27284945448798348,0.93156433999999999,0.75605181992701653,0.86165956232625762,-0.43453272497101708,0.43588712014980746,0.8090102189063948,-0.48005186680619838,-0.74600900797272207
0.52704114289206894,0.028710092342258041,-0.76453799752096918,0.15499579513333692,-0.32288192416856826,-0.0047261209306026196,-0.68877579940215006,-0.40994488208851543,-0.055918626467503882,-0.047810970477215345,0.15534242003734239,-0.093910702595726259,0.39703448377942469,0.47805394504066334,0.022004073073268033,-0.1297473802142696,0.56326127337210186,-0.38491158890054533,0.30169367519011969,0.44400716012977887,-0.57171417622135756,0.43709906230394308,0.53901585757684389,-0.08790793069606051,-0.68630653683320475,-0.3059832238820166,-0.38022657468085985,1.0,0.69144620656964373,-0.34708218162855664,0.26571566499208082,-0.48907422,-0.39049419324506279,-0.40431952642849961,0.19023501545758287,-0.25722689208811345,0.11694488464533222,-0.051839941221008844,0.13588679944348189
0.88107052892408899,-0.49462654355821778,-0.82240537153661875,-0.129329971110243,-0.58420423179052183,-0.37661389318963512,-0.34885810553337721,-0.104503827810076,-0.27034249507788205,-0.59147452637684106,-0.32714286026781592,0.62404748081261585,0.56588834672387045,0.95168290491099017,0.40799901759554585,-0.046319028597392578,0.73293346424394989,-0.22777825610340571,-0.2022958625548541,0.22677605587880556,-0.1790550398334895,0.07177588859027452,0.9056944474260904,-0.58820054721849879,-0.29457782331122589,-0.87614323603172994,-0.89143494270290857,0.69144620656964373,1.0,-0.50542099364181914,0.32842778407786416,-0.94794020000000001,-0.798062371477397,-0.75340813048937516,0.35341245868130655,-0.29429672544969288,-0.6119906016172515,0.44733407639905626,0.706208051798486
-0.31452814694337272,0.37969375576740994,0.63952711732813616,0.32794483643147559,-0.090200830344848243,0.076822210264437085,-0.15471234640334497,-0.40045028399392452,0.18140442305960919,-0.13380227388213944,0.6816066749261267,-0.440148895374115,-0.097122276212664685,-0.54443160807284741,-0.64537486842852432,-0.63269428535035899,-0.91795182520057417,0.65631912761861755,0.5633548923755527,-0.6158414923301444,0.43981235539740937,0.40933076578140054,-0.17495791379618247,0.2335250011760745,0.097120425815107742,0.36571312790082144,0.5367847185826905,-0.34708218162855664,-0.50542099364181914,1.0,0.47127533728618354,0.4002600999999999,0.27811064306691274,0.57879744861845972,-0.41607442424168245,-0.10334671492826419,0.37484192877408795,0.28595401630224931,-0.0028862456009039516
0.54392136747533371,-0.38709931064401659,-0.061403800102286799,0.2952009680669605,-0.86817411194261862,-0.67980198994021701,-0.54238215037934412,-0.72751857400254372,-0.096619052462370889,-0.67022122320116351,0.63947179210285987,0.081481902070304701,0.34783169227426969,0.27924040726400701,-0.48916835856771046,-0.61646606815549865,-0.2622703279428934,0.61042507427209913,0.40042547000039008,-0.64951870160071945,0.57799492637633332,0.38792515429469066,0.60270921930856536,-0.52343454305909076,-0.25936575293850861,-0.39020222181732578,-0.27284945448798348,0.26571566499208082,0.32842778407786416,0.47127533728618354,1.0,-0.44841522,-0.41813735250368078,-0.34766842488089728,-0.14032058408858278,-0.44557993462902956,-0.13249258910236436,0.7092044587033004,0.59521897275320301
-0.91732707999999996,0.68322886000000005,0.66656957999999999,0.19883991999999995,0.70612345999999993,0.57306981999999995,0.20844550000000006,0.069115459999999906,0.30846240000000003,0.78845754000000001,0.32986862000000006,-0.78178645999999996,-0.59381943999999998,-0.98077495999999997,-0.38400590000000001,0.098766799999999932,-0.60754931999999995,0.027096840000000011,0.30017080000000007,0.0069230399999999914,-0.095340839999999982,0.085677519999999951,-0.94329275999999995,0.75737056000000003,0.11430907999999995,0.97509500000000005,0.93156433999999999,-0.48907422,-0.94794020000000001,0.4002600999999999,-0.44841522,1.0,0.80945405999999998,0.78552062,-0.31442921999999995,0.37153652000000004,0.78088581999999995,-0.62531055999999996,-0.84271119999999999
-0.82531336890601115,0.45017536563432869,0.54719035414674733,-0.10103766047524233,0.64914579492176627,0.49492772943061547,0.43913190542998137,0.20037684566660449,0.43901884499426369,0.66780770196827066,0.21307772843480746,-0.59275900148104854,-0.39357509318910106,-0.79535394862893227,-0.29508166517918116,0.02312648849401714,-0.45074522839212483,0.066027736054622824,0.20561727294831925,0.12181871251561743,-0.1123410809051239,-0.20940931808153726,-0.83826680507949181,0.55963914661325109,0.24163694392905527,0.77938308364459119,0.75605181992701653,-0.39049419324506279,-0.798062371477397,0.27811064306691274,-0.41813735250368078,0.80945405999999998,1.0,0.59767039421473611,-0.34211235646881577,0.26661623920384114,0.60325799141633241,-0.53429043043105928,-0.65758267890864885
-0.76633468744759703,0.78442603908541786,0.66715407615887934,0.056897850815852018,0.67009312837109725,0.69701960812201635,0.14238195755129024,0.10770708034124017,0.33579919137815389,0.46135636230973526,0.23065725023190312,-0.64297144450037869,-0.29996120719511749,-0.79768467573896884,-0.39832360883733381,-0.15023415531292023,-0.64850421504464417,0.12021088841203176,0.25535172721429789,-0.023369835362512255,-0.15465889769215779,0.26768357457088543,-0.68306387862278506,0.74802385984576791,0.2840478897512792,0.72703712872233761,0.86165956232625762,-0.40431952642849961,-0.75340813048937516,0.57879744861845972,-0.34766842488089728,0.78552062,0.59767039421473611,1.0,-0.46219171486082433,0.37860651052325389,0.59358216283997711,-0.39095934942296046,-0.60977250702501407
0.25892942523985801,-0.10567076378246902,-0.58859949728401983,0.41742785975014174,-0.22962046108414916,-0.040723347190109012,-0.15788880653988005,0.17132368388784616,-0.61125153871045856,-0.060761364331735637,-0.36260092866375876,0.39332711311572804,-0.28026972477789736,0.40068772695403787,0.7995712081808668,0.22181487804109806,0.37886339815555414,-0.44139031054814587,0.079192495916181271,0.3574751156331134,-0.20513042797149952,-0.29594027335423834,0.3534027850852417,0.052780109986804283,-0.5151860819070827,-0.26141988255801168,-0.43453272497101708,0.19023501545758287,0.35341245868130655,-0.41607442424168245,-0.14032058408858278,-0.31442921999999995,-0.34211235646881577,-0.46219171486082433,1.0,-0.45736233006362542,-0.26828718538834934,0.045845200083917105,0.12021457876002348
-0.34577077535596168,0.28615672339831172,0.19772722065825904,-0.21674200611891462,0.52460011415266883,0.35728695166367863,0.26394684691183384,0.32770830897243824,0.2198764726307921,0.41354645929441175,-0.15543955745991916,-0.21330848071181963,-0.23241975376946319,-0.31795765454291053,-0.17528361742087517,0.31061820944524104,0.063175630035883223,-0.05767348290611115,-0.31769735754118061,0.087854165114686106,-0.11995600934893993,0.19898044485245442,-0.43796014592872445,0.20623168976186296,0.36480526073302821,0.32001954078727435,0.43588712014980746,-0.25722689208811345,-0.29429672544969288,-0.10334671492826419,-0.44557993462902956,0.37153652000000004,0.26661623920384114,0.37860651052325389,-0.45736233006362542,1.0,0.18843807673291424,-0.16723643699460608,-0.23952563749212963
-0.59490780156394696,0.76135379007600101,0.29441770368823866,0.46758346571405135,0.41492818363967848,0.52066030832786048,-0.34176147253442979,-0.30582061330260785,0.22052896928246363,0.77175689597065567,0.65869982565591234,-0.98461743184079198,-0.43983545558415882,-0.79806225180965362,-0.55867373838337375,-0.045398838722341413,-0.4114013367863682,-0.13135744746113334,0.62791348344659126,0.11034330715574742,-0.36433900098845379,0.49511626685804727,-0.62763388541624276,0.72835163195160058,-0.40979889077346565,0.88931691232319154,0.8090102189063948,0.11694488464533222,-0.6119906016172515,0.37484192877408795,-0.13249258910236436,0.78088581999999995,0.60325799141633241,0.59358216283997711,-0.26828718538834934,0.18843807673291424,1.0,-0.59065041366165283,-0.78333402359679194
0.61969302091874179,-0.53292613618032447,-0.13663612654824886,0.086548153042692672,-0.77929367535045257,-0.62906636881565148,-0.12635114855403909,-0.15419053258506807,-0.3290742551800519,-0.83126578468185819,0.087092081146876082,0.56476097840067663,0.19925832432662408,0.52400954003600964,-0.035676111141557117,-0.37390790369909804,-0.054822891499192908,0.4945921864955663,-0.052095057159094182,-0.59364063427349523,0.63276855447175162,0.079063512913733078,0.70870462142830459,-0.63665110170116446,0.074817512707545233,-0.65897528822677631,-0.48005186680619838,-0.051839941221008844,0.44733407639905626,0.28595401630224931,0.7092044587033004,-0.62531055999999996,-0.53429043043105928,-0.39095934942296046,0.045845200083917105,-0.16723643699460608,-0.59065041366165283,1.0,0.86327915921608589
0.74873687728278882,-0.62583212974252,-0.32399505928600697,-0.1847936373278328,-0.7001577008119535,-0.57079882249506142,-0.053352606096782954,-0.11529380288353301,-0.17709362816985177,-0.90622159213581532,-0.18642975457998251,0.75742399236444291,0.55750818173852079,0.76738167752588782,0.20244333940617382,-0.35405807058247712,0.20109171249965901,0.39073135856769231,-0.20044275019044985,-0.32072258184829905,0.44192323101959319,-0.049701942373238925,0.84199481053016478,-0.75196028048808938,0.13691770170905629,-0.88532478321645836,-0.74600900797272207,0.13588679944348189,0.706208051798486,-0.0028862456009039516,0.59521897275320301,-0.84271119999999999,-0.65758267890864885,-0.60977250702501407,0.12021457876002348,-0.23952563749212963,-0.78333402359679194,0.86327915921608589,1.0
