1.000000000000000000e+00,1.190228600000000636e-01,4.618321231164410623e-01,4.707272505711400656e-01,-4.805694871497977472e-01,-7.101566044035961811e-01,5.141888047531260053e-01,7.646835101648656874e-01,3.110167055420273163e-01,6.644927008582310890e-01,6.405475737478441012e-01,7.250954032875600586e-01,4.976574016591422955e-02,-2.127687456330120686e-01,2.563631153905406301e-01,2.732580378461582638e-02,5.506035781911439164e-01,2.408982965210809957e-01,6.064132841314974209e-01,-1.604442174517976549e-01,-8.245778932216946133e-01,5.410214687594967486e-01,-7.354660045955923042e-01,-1.200148707129089498e-02,2.731672545080804926e-01,-1.563336982450920787e-01,-1.409062092062608462e-01,-3.940848390142401847e-01,9.375854925757995395e-02,-4.000765023540961418e-01,-1.767590108565231521e-01,1.789634268659461569e-01,-1.056075302446597974e-01,5.364535564335384255e-01,-8.046013203834642136e-01,2.346197239849974470e-01,-4.848316091550840257e-02,7.647308182486661776e-01,-4.228100142113639937e-01
1.190228600000000636e-01,1.000000000000000000e+00,-3.736150000000000304e-01,3.345839999999933312e-03,2.876843000000000039e-01,8.348404000000009262e-02,-1.951561999999995578e-02,5.347459999999999436e-01,5.423487600000000963e-01,-3.504804999999999726e-01,-3.234438600000000275e-01,4.917513200000001028e-01,-8.367215599999999753e-01,1.568509199999998938e-01,-5.436881399999999864e-01,-4.477310599999999585e-01,7.650610200000000916e-01,-8.831412199999999491e-01,3.413619800000000648e-01,-1.697718599999999967e-01,-3.265779599999999450e-01,7.494381599999999644e-01,-2.573291800000000462e-01,-7.229760599999999204e-01,-6.517663399999999996e-01,5.132029600000000968e-01,-7.118615400000000148e-01,6.493831599999999593e-01,6.750883999999999219e-01,2.332001999999999686e-01,-2.846610200000000424e-01,-8.720516400000000168e-01,3.442021799999999132e-01,-1.932004800000000078e-01,6.433930000000009919e-02,5.994805400000000617e-01,5.224401000000000739e-01,4.908175999999997430e-02,-7.350651000000000268e-01
4.618321231164410623e-01,-3.736150000000000304e-01,1.000000000000000000e+00,2.162935116408117864e-01,-7.143191176095405881e-01,-3.795102302097045910e-01,2.752462431223032246e-02,2.042999873756662088e-01,2.935301303400667527e-01,7.261550090822259662e-01,7.533610159712521570e-01,3.832379902837474428e-01,4.437231479978142601e-01,-8.145709613898489965e-02,2.187856893461536945e-01,1.575636997000656458e-01,-1.630434812316690629e-01,6.165512216674557955e-01,4.631208173068600553e-01,1.120341614464543251e-01,-5.073673866228122220e-01,-4.169188608285938347e-02,-2.179154946795143488e-01,2.941816204295112924e-01,9.456019472533175318e-02,-2.288842534100418158e-01,4.670344919530025618e-01,-3.417500525925086241e-01,-3.997229196463140261e-02,-7.716848047776253550e-01,-1.330088333048184968e-01,3.901137561549837263e-01,3.083948114472690460e-01,5.658462527826439992e-01,-5.144367309208617289e-01,-2.598801277800598108e-01,-7.106915537808025651e-02,6.289645940685966163e-01,-8.696566240837330652e-02
4.707272505711400656e-01,3.345839999999933312e-03,2.162935116408117864e-01,1.000000000000000000e+00,-1.716194338389759322e-01,-4.467738367161169788e-01,1.874488297897103362e-02,2.761980015490392293e-01,2.086361958907246850e-01,2.022019519806882715e-01,2.802754016751389243e-01,2.322886347555039865e-01,1.966908410613890101e-01,-4.364859100619910559e-01,2.259260017395205433e-01,-2.668311594567258638e-01,2.355115850032550029e-01,1.786264305827001964e-01,4.506459723790469662e-01,-3.635025536932142143e-01,-3.267483090694639492e-01,3.859726670334470700e-01,-5.736437164057296423e-01,-8.954955680781062632e-02,1.852148082041506216e-01,6.645997152048079004e-02,6.073628100145481157e-02,-3.119203694168698471e-01,-3.788026917263380422e-02,-1.790478821220600480e-01,7.374381905668069004e-02,1.290991334275402580e-01,3.141362759358889284e-02,2.528116861372105006e-01,-3.620226940210817812e-01,2.678414070915690615e-01,7.138715356424644998e-02,2.960120051173521505e-01,-9.403994665813147913e-02
-4.805694871497977472e-01,2.876843000000000039e-01,-7.143191176095405881e-01,-1.716194338389759322e-01,1.000000000000000000e+00,6.731969559465490471e-01,-4.467289889211686904e-01,-3.362230570974225619e-01,-4.897340366571417691e-02,-8.632258891206663343e-01,-7.334046193379269996e-01,-6.172759217836368828e-01,-1.499629458229000956e-01,3.028872882537564926e-01,-1.140852628544320180e-01,1.567865082277125066e-01,-8.658288134387777391e-02,-5.731958228686248047e-01,-3.414477698808839889e-01,-5.753052529685523941e-01,5.867846565306975570e-01,1.180686062818923077e-01,3.568636901354803048e-01,-8.335167651265112942e-02,-2.232548004585134249e-01,-2.047347960198842298e-01,-1.003158701583740653e-01,4.098158707039313287e-01,-2.856698532279205449e-01,9.379781805076546908e-01,5.714176332648654988e-01,-3.455646847915957998e-01,-2.941961667213686682e-01,-7.700202703472571741e-01,5.259091105214082074e-01,4.875912859340992833e-01,-1.387947159714775502e-01,-8.614624733734045359e-01,-6.931697879957482433e-02
-7.101566044035961811e-01,8.348404000000009262e-02,-3.795102302097045910e-01,-4.467738367161169788e-01,6.731969559465490471e-01,1.000000000000000000e+00,-5.785248672811809101e-01,-6.815467415933760265e-01,-2.646793855436987419e-01,-8.224379248400006670e-01,-8.210898345705860413e-01,-6.893462503773623018e-01,6.728137087407785877e-02,2.350397197962867391e-01,-3.143169277686914120e-01,-9.568436620841719309e-02,-5.084122539148285824e-01,-3.449263626587923404e-01,-3.814370679021660271e-01,-3.820423880247399151e-02,7.101124062654561309e-01,-3.780137150046662953e-01,7.547241507095201474e-01,-1.468837523298311409e-01,-5.614676761709785913e-01,-6.160405689368901594e-02,-2.673983493043274179e-02,5.912628391610165179e-01,3.614267338624836678e-02,5.892186863618426029e-01,3.691618921516192087e-01,-2.620470403506915957e-01,2.007252303536878058e-01,-5.134615044729795574e-01,8.744342413280805637e-01,-1.533771199302800536e-01,-1.875947902991279281e-01,-8.471690384929939643e-01,1.733617195329876515e-01
5.141888047531260053e-01,-1.951561999999995578e-02,2.752462431223032246e-02,1.874488297897103362e-02,-4.467289889211686904e-01,-5.785248672811809101e-01,1.000000000000000000e+00,5.769235935946237515e-01,-3.299414882344243183e-01,5.740035464373830498e-01,2.818094772241327428e-01,4.947622958310791130e-01,-7.362217646606117327e-02,-2.489227490780768770e-01,3.929307882934326424e-01,4.823700784562601207e-02,4.915373766120729737e-01,2.796213662301255121e-01,2.157192670151497627e-02,3.722395347229283669e-01,-5.036748455619647347e-01,1.289613721693632087e-01,-3.763954424781733588e-01,-8.447857067875808035e-02,4.463613650414903766e-01,1.095310629511011546e-01,-4.960052212546340322e-01,-5.775787506785381442e-01,1.494522925305126759e-01,-1.709664473484612257e-01,-5.699722265668687449e-01,3.458413603370446565e-01,-4.836374156155439086e-01,4.412391037637271585e-01,-5.418863865570218152e-01,-1.599474499079642231e-01,-2.502383040669781122e-01,5.957817326053848062e-01,-5.166835531060631759e-02
7.646835101648656874e-01,5.347459999999999436e-01,2.042999873756662088e-01,2.761980015490392293e-01,-3.362230570974225619e-01,-6.815467415933760265e-01,5.769235935946237515e-01,1.000000000000000000e+00,5.559818008422674485e-01,5.398892222640402361e-01,4.927234899363245879e-01,8.999879205040441921e-01,-4.825375585316566962e-01,3.075695713573646864e-02,6.528773927546327460e-02,-1.409872216212832569e-02,8.873825193502894448e-01,-2.039832835180474535e-01,6.123363464122634214e-01,-1.718668375466640974e-01,-9.170397467026186744e-01,7.938722617904108159e-01,-7.452560180600595885e-01,-2.991574169392911542e-01,6.314873726947962951e-02,2.036937052542142912e-01,-4.240174433570766954e-01,-1.606163234724080346e-01,3.269309456011988968e-01,-2.518465047406310831e-01,-4.468276275387279006e-01,-1.907418211443348277e-01,-8.501134347121451496e-02,3.643040199605752094e-01,-7.811465453065244979e-01,5.000196432244917721e-01,1.862879414912953779e-01,7.606382030415917983e-01,-7.076557100327354188e-01
3.110167055420273163e-01,5.423487600000000963e-01,2.935301303400667527e-01,2.086361958907246850e-01,-4.897340366571417691e-02,-2.646793855436987419e-01,-3.299414882344243183e-01,5.559818008422674485e-01,1.000000000000000000e+00,1.567454812382349516e-01,3.924922437770784200e-01,5.528220497199616279e-01,-4.970416501368791762e-01,3.630759004672659551e-01,-3.470249608608729219e-01,2.768392943411368545e-02,4.616176747825997406e-01,-4.242456087832507383e-01,6.676306236600917376e-01,-4.932453615260080637e-01,-5.683878003509036381e-01,6.887880545489942774e-01,-4.193955462218282859e-01,-1.432128560403881090e-01,-3.345365564793623125e-01,1.569795132585209141e-01,1.205251132415591370e-01,3.486754433926067542e-01,1.892543115074299953e-01,-2.240184773144053565e-01,5.108159364840892443e-04,-4.985505757043773301e-01,3.997152622563275859e-01,1.047045177212091276e-02,-3.992802276067942691e-01,6.548805467246393563e-01,4.666306669841819854e-01,3.410947727414482822e-01,-6.912350429031067778e-01
6.644927008582310890e-01,-3.504804999999999726e-01,7.261550090822259662e-01,2.022019519806882715e-01,-8.632258891206663343e-01,-8.224379248400006670e-01,5.740035464373830498e-01,5.398892222640402361e-01,1.567454812382349516e-01,1.000000000000000000e+00,9.102181978999194234e-01,6.289460567603423202e-01,2.068340483257921358e-01,-1.181863394460634792e-01,3.891087330568633873e-01,2.495098851160470477e-01,1.870866517753645986e-01,6.262127086490651973e-01,3.994583757614147967e-01,2.223140237597079349e-01,-7.291217251538751887e-01,5.929021568522702124e-02,-5.091254018637421108e-01,2.798182445516191885e-01,5.205496771575726100e-01,-9.890425917900365349e-02,2.324846240300651179e-01,-6.562636658873933770e-01,-6.561116088419288728e-02,-7.615296993422603355e-01,-3.867219911559763301e-01,5.244527987694861393e-01,-1.120552919652471197e-01,7.097351321391077716e-01,-8.425776637823595427e-01,-2.104689699209735809e-01,-1.027227649860630032e-01,9.009078408510060587e-01,-6.144474801703241063e-02
6.405475737478441012e-01,-3.234438600000000275e-01,7.533610159712521570e-01,2.802754016751389243e-01,-7.334046193379269996e-01,-8.210898345705860413e-01,2.818094772241327428e-01,4.927234899363245879e-01,3.924922437770784200e-01,9.102181978999194234e-01,1.000000000000000000e+00,5.685303892805758652e-01,2.191386592993263271e-01,-7.050818596890678913e-02,3.416262056919366352e-01,3.753591647259230668e-01,1.641238464236039474e-01,5.286551007456439244e-01,3.962305509040249807e-01,-8.121214606622607912e-03,-6.613492342325352213e-01,1.788333961987646492e-01,-5.476334095237329613e-01,3.641221068162929231e-01,4.884351638101447346e-01,-2.601781140568632522e-01,4.401891689369394345e-01,-5.763996438870019334e-01,-2.335797308116072668e-01,-7.527504005154700417e-01,-1.516365807504618801e-01,3.785353308205826051e-01,-4.643129995747735661e-02,5.140681311107768714e-01,-8.708848652586029804e-01,4.466604494620288884e-02,8.913266619691727344e-02,8.081855800443497051e-01,-1.815524922480040437e-01
7.250954032875600586e-01,4.917513200000001028e-01,3.832379902837474428e-01,2.322886347555039865e-01,-6.172759217836368828e-01,-6.893462503773623018e-01,4.947622958310791130e-01,8.999879205040441921e-01,5.528220497199616279e-01,6.289460567603423202e-01,5.685303892805758652e-01,1.000000000000000000e+00,-4.549624257970544261e-01,-9.728885636061233855e-02,-1.151265640282416042e-01,-2.389756709343822116e-01,7.875842893256086441e-01,-1.346469105659056087e-01,6.332401372810193552e-01,1.462200815436658363e-01,-9.228127120906988168e-01,6.398799148343410348e-01,-7.034423684583834824e-01,-3.879517741886990279e-01,-8.798309849794504200e-02,3.535688876850485718e-01,-3.939945141759203517e-01,-5.408703350988911668e-02,5.625640997826880652e-01,-5.862922366344917036e-01,-6.264731543177478601e-01,-2.583899731191687255e-01,2.712677405911878004e-01,5.275545508593119104e-01,-6.844925508557946348e-01,2.353588075346229325e-01,4.042961923528295420e-01,8.908044382344399992e-01,-6.410389306578981872e-01
4.976574016591422955e-02,-8.367215599999999753e-01,4.437231479978142601e-01,1.966908410613890101e-01,-1.499629458229000956e-01,6.728137087407785877e-02,-7.362217646606117327e-02,-4.825375585316566962e-01,-4.970416501368791762e-01,2.068340483257921358e-01,2.191386592993263271e-01,-4.549624257970544261e-01,1.000000000000000000e+00,-3.731963279445006387e-01,5.883200066490777980e-01,3.212281968309635971e-01,-6.617210480306744413e-01,7.578579580049540354e-01,-2.684529611973790475e-01,2.254354003877330828e-02,2.941181257381929037e-01,-5.334578796821237701e-01,1.206219227060162380e-01,4.634161949368905686e-01,4.800503261859610515e-01,-6.998911934522425993e-01,5.823577348169534096e-01,-5.789423301362305319e-01,-5.935930510439018093e-01,-1.662262362729067522e-01,3.692689858546178705e-01,7.196577629839437940e-01,-2.416833994002287600e-01,1.355562796508832935e-01,-3.997796154000698987e-02,-4.377338100816514643e-01,-4.814229544290644092e-01,-9.824787884991620368e-02,4.798863577450264706e-01
-2.127687456330120686e-01,1.568509199999998938e-01,-8.145709613898489965e-02,-4.364859100619910559e-01,3.028872882537564926e-01,2.350397197962867391e-01,-2.489227490780768770e-01,3.075695713573646864e-02,3.630759004672659551e-01,-1.181863394460634792e-01,-7.050818596890678913e-02,-9.728885636061233855e-02,-3.731963279445006387e-01,1.000000000000000000e+00,-1.658151658656708549e-01,3.612426520191019397e-01,-1.029643154169739006e-01,-2.335657230005477036e-01,2.574677917362059865e-01,-3.378477910211339919e-01,-1.511941885568861797e-02,1.101844602068293710e-01,3.715882876885656105e-01,1.695208298696048443e-01,-1.761712353124805508e-01,-1.682139304681756070e-02,1.908554354615686621e-01,3.822550852133779764e-01,-1.501552333764093194e-01,3.215822225613746421e-01,3.195906440261883086e-01,-1.100582632868988830e-01,-7.698116826855926076e-02,-1.084102174054853290e-01,5.270114095287187217e-02,2.190887708393234046e-01,-1.970937306844047221e-01,-2.042342791767800536e-01,-1.835886283685605191e-01
2.563631153905406301e-01,-5.436881399999999864e-01,2.187856893461536945e-01,2.259260017395205433e-01,-1.140852628544320180e-01,-3.143169277686914120e-01,3.929307882934326424e-01,6.528773927546327460e-02,-3.470249608608729219e-01,3.891087330568633873e-01,3.416262056919366352e-01,-1.151265640282416042e-01,5.883200066490777980e-01,-1.658151658656708549e-01,1.000000000000000000e+00,3.940812426251394385e-01,-1.157127067742597659e-01,5.419907414245989097e-01,-7.721272919656770040e-02,-1.762590576694369748e-01,-6.897682677369790238e-02,-6.572659742315327402e-02,-2.740858161872710141e-01,3.980707687847827581e-01,7.591972562427115045e-01,-5.565890462351077428e-01,2.349697171996332212e-01,-6.880595468085178856e-01,-5.809403043275880307e-01,2.084290022093208267e-04,1.857449124864347934e-01,6.761977654318011011e-01,-6.584254779564956417e-01,2.622016574292412860e-01,-4.483934144345205208e-01,-4.316492149798682731e-02,-4.945315646063771498e-01,1.615665723052766012e-01,1.544886927185294412e-01
2.732580378461582638e-02,-4.477310599999999585e-01,1.575636997000656458e-01,-2.668311594567258638e-01,1.567865082277125066e-01,-9.568436620841719309e-02,4.823700784562601207e-02,-1.409872216212832569e-02,2.768392943411368545e-02,2.495098851160470477e-01,3.753591647259230668e-01,-2.389756709343822116e-01,3.212281968309635971e-01,3.612426520191019397e-01,3.940812426251394385e-01,1.000000000000000000e+00,-2.275468071343589027e-01,3.224490490457077030e-01,-2.813914019224933449e-01,-3.317407226926668562e-01,5.029394411448466495e-02,-1.280192739419394321e-01,1.626549580334186729e-01,5.945152449775205072e-01,4.888314730634393812e-01,-7.239520974611364235e-01,5.408630725366634362e-01,-4.865221954682150685e-01,-8.122261482547841194e-01,1.642205495590713937e-01,4.152192226699470412e-01,4.176317000157876436e-01,-6.330178838343727410e-01,-2.805938330872526087e-01,-3.874119810022701449e-01,2.039245538010334702e-01,-4.096589806770093434e-01,-7.105245310886465493e-02,-3.222353648916209679e-04
5.506035781911439164e-01,7.650610200000000916e-01,-1.630434812316690629e-01,2.355115850032550029e-01,-8.658288134387777391e-02,-5.084122539148285824e-01,4.915373766120729737e-01,8.873825193502894448e-01,4.616176747825997406e-01,1.870866517753645986e-01,1.641238464236039474e-01,7.875842893256086441e-01,-6.617210480306744413e-01,-1.029643154169739006e-01,-1.157127067742597659e-01,-2.275468071343589027e-01,1.000000000000000000e+00,-5.208675400269173750e-01,3.738891659149533031e-01,-1.135938502695154062e-01,-6.703348000234137238e-01,8.588462629940410986e-01,-6.897821328228644910e-01,-5.532738681612027198e-01,-1.059146132254861761e-01,3.476698395605501979e-01,-6.820936100813325131e-01,5.553533338796641516e-02,4.711806208134809992e-01,-4.268200933643179901e-02,-4.863501557100505801e-01,-5.086894854953416534e-01,-3.146296793305161654e-02,8.343850442129495393e-02,-5.063274336274927734e-01,6.141492611229711907e-01,4.392240283309765125e-01,5.171054175586742296e-01,-7.368989901873272963e-01
2.408982965210809957e-01,-8.831412199999999491e-01,6.165512216674557955e-01,1.786264305827001964e-01,-5.731958228686248047e-01,-3.449263626587923404e-01,2.796213662301255121e-01,-2.039832835180474535e-01,-4.242456087832507383e-01,6.262127086490651973e-01,5.286551007456439244e-01,-1.346469105659056087e-01,7.578579580049540354e-01,-2.335657230005477036e-01,5.419907414245989097e-01,3.224490490457077030e-01,-5.208675400269173750e-01,1.000000000000000000e+00,-4.152850627319867177e-02,2.553447846317550285e-01,-4.609686028908077660e-02,-5.500167000076933155e-01,5.527640173810233204e-02,6.726406249669240056e-01,5.940483514662515674e-01,-3.583636657223473465e-01,5.293031531565006720e-01,-7.343124679988626280e-01,-4.475360389992629195e-01,-4.536312191390656778e-01,3.494484662920302465e-02,9.040586002868774562e-01,-2.497719125488981617e-01,4.565469603792456921e-01,-3.200063728334939794e-01,-6.157686616517276113e-01,-5.248242058790975051e-01,3.128974313666655904e-01,5.776417998965664991e-01
6.064132841314974209e-01,3.413619800000000648e-01,4.631208173068600553e-01,4.506459723790469662e-01,-3.414477698808839889e-01,-3.814370679021660271e-01,2.157192670151497627e-02,6.123363464122634214e-01,6.676306236600917376e-01,3.994583757614147967e-01,3.962305509040249807e-01,6.332401372810193552e-01,-2.684529611973790475e-01,2.574677917362059865e-01,-7.721272919656770040e-02,-2.813914019224933449e-01,3.738891659149533031e-01,-4.152850627319867177e-02,1.000000000000000000e+00,-3.478526911008567035e-01,-7.732977636385377496e-01,5.499594287495056522e-01,-5.119947677258596119e-01,-1.217364852054180491e-01,-1.614666569697054410e-01,2.795878875589495882e-01,-6.532666940552722852e-03,1.466505344953006051e-01,3.449682014000584607e-01,-3.241388189142662690e-01,-9.149818690744625227e-02,-5.479017440703182196e-02,3.367923504388986022e-01,6.031248847971294458e-01,-4.583084265701487525e-01,2.385021451222354705e-01,1.725945487569013892e-02,5.613576963553450483e-01,-4.125558754336508538e-01
-1.604442174517976549e-01,-1.697718599999999967e-01,1.120341614464543251e-01,-3.635025536932142143e-01,-5.753052529685523941e-01,-3.820423880247399151e-02,3.722395347229283669e-01,-1.718668375466640974e-01,-4.932453615260080637e-01,2.223140237597079349e-01,-8.121214606622607912e-03,1.462200815436658363e-01,2.254354003877330828e-02,-3.378477910211339919e-01,-1.762590576694369748e-01,-3.317407226926668562e-01,-1.135938502695154062e-01,2.553447846317550285e-01,-3.478526911008567035e-01,1.000000000000000000e+00,8.114458139358508848e-02,-4.899578248318525731e-01,2.654371965515345266e-01,-1.876308645643225137e-01,-1.246415776165695627e-01,3.489048983026976081e-01,-2.946831211282461283e-01,-4.711198679921926868e-02,4.759926543811945909e-01,-4.984285324965434527e-01,-6.321765177129458069e-01,4.377334313201291377e-02,3.151386320415684450e-01,2.855316703480302309e-01,2.092321708608650965e-01,-7.449790918870482503e-01,2.019825151997948764e-01,2.573081426612384703e-01,2.933544365248976771e-01
-8.245778932216946133e-01,-3.265779599999999450e-01,-5.073673866228122220e-01,-3.267483090694639492e-01,5.867846565306975570e-01,7.101124062654561309e-01,-5.036748455619647347e-01,-9.170397467026186744e-01,-5.683878003509036381e-01,-7.291217251538751887e-01,-6.613492342325352213e-01,-9.228127120906988168e-01,2.941181257381929037e-01,-1.511941885568861797e-02,-6.897682677369790238e-02,5.029394411448466495e-02,-6.703348000234137238e-01,-4.609686028908077660e-02,-7.732977636385377496e-01,8.114458139358508848e-02,1.000000000000000000e+00,-6.020415055007904970e-01,7.063424491090594115e-01,1.725470621230371371e-01,-6.609037941140205596e-02,-1.918582894115851978e-01,1.996627149111856458e-01,2.172655336745512034e-01,-3.410690552819891641e-01,5.095176130619625265e-01,4.249870213856382639e-01,-6.336140068292278604e-03,-9.471201223848042805e-02,-6.295428018565395467e-01,8.092935667605773986e-01,-2.528630745153467863e-01,-8.494127488162349360e-02,-8.918621389772467545e-01,5.631547658520227317e-01
5.410214687594967486e-01,7.494381599999999644e-01,-4.169188608285938347e-02,3.859726670334470700e-01,1.180686062818923077e-01,-3.780137150046662953e-01,1.289613721693632087e-01,7.938722617904108159e-01,6.887880545489942774e-01,5.929021568522702124e-02,1.788333961987646492e-01,6.398799148343410348e-01,-5.334578796821237701e-01,1.101844602068293710e-01,-6.572659742315327402e-02,-1.280192739419394321e-01,8.588462629940410986e-01,-5.500167000076933155e-01,5.499594287495056522e-01,-4.899578248318525731e-01,-6.020415055007904970e-01,1.000000000000000000e+00,-6.706265958105804836e-01,-4.500832814001305970e-01,-1.665694790151454607e-01,1.289585884669233740e-01,-4.191767985826358456e-01,1.832092804416551868e-01,2.658004712621709342e-01,6.616044885609664861e-02,-1.377790324318362569e-01,-5.421704666752628077e-01,2.222889777392724961e-02,-2.483484706433791017e-02,-4.869184217337617082e-01,8.280013265514724052e-01,4.123258947511062589e-01,3.528474090808425556e-01,-8.467119693627371824e-01
-7.354660045955923042e-01,-2.573291800000000462e-01,-2.179154946795143488e-01,-5.736437164057296423e-01,3.568636901354803048e-01,7.547241507095201474e-01,-3.763954424781733588e-01,-7.452560180600595885e-01,-4.193955462218282859e-01,-5.091254018637421108e-01,-5.476334095237329613e-01,-7.034423684583834824e-01,1.206219227060162380e-01,3.715882876885656105e-01,-2.740858161872710141e-01,1.626549580334186729e-01,-6.897821328228644910e-01,5.527640173810233204e-02,-5.119947677258596119e-01,2.654371965515345266e-01,7.063424491090594115e-01,-6.706265958105804836e-01,1.000000000000000000e+00,1.963905814288527674e-01,-3.688128604660264598e-01,-3.839503366668678419e-02,1.623401097831379813e-01,3.144957681422958506e-01,-1.271247657928951114e-01,3.646893740300070630e-01,3.192795104080529689e-01,3.631084547118368366e-02,8.377858453501477176e-02,-3.863405502658354695e-01,7.378866796876906164e-01,-4.257690907781516709e-01,-2.869034071783131967e-01,-6.754903583040756665e-01,4.455927391654125325e-01
-1.200148707129089498e-02,-7.229760599999999204e-01,2.941816204295112924e-01,-8.954955680781062632e-02,-8.335167651265112942e-02,-1.468837523298311409e-01,-8.447857067875808035e-02,-2.991574169392911542e-01,-1.432128560403881090e-01,2.798182445516191885e-01,3.641221068162929231e-01,-3.879517741886990279e-01,4.634161949368905686e-01,1.695208298696048443e-01,3.980707687847827581e-01,5.945152449775205072e-01,-5.532738681612027198e-01,6.726406249669240056e-01,-1.217364852054180491e-01,-1.876308645643225137e-01,1.725470621230371371e-01,-4.500832814001305970e-01,1.963905814288527674e-01,1.000000000000000000e+00,5.359140043800273423e-01,-4.371782353221029260e-01,6.863044673430287457e-01,-4.121572754396204408e-01,-7.045059129330890624e-01,-4.197673634543197529e-02,3.770464954418741299e-01,6.863864011474046789e-01,-3.813550940811260004e-01,1.201834248714269554e-02,-1.790040436143993940e-01,-2.242860610998595183e-01,-4.975527886438705361e-01,-7.070696032878365234e-02,5.399829893257648283e-01
2.731672545080804926e-01,-6.517663399999999996e-01,9.456019472533175318e-02,1.852148082041506216e-01,-2.232548004585134249e-01,-5.614676761709785913e-01,4.463613650414903766e-01,6.314873726947962951e-02,-3.345365564793623125e-01,5.205496771575726100e-01,4.884351638101447346e-01,-8.798309849794504200e-02,4.800503261859610515e-01,-1.761712353124805508e-01,7.591972562427115045e-01,4.888314730634393812e-01,-1.059146132254861761e-01,5.940483514662515674e-01,-1.614666569697054410e-01,-1.246415776165695627e-01,-6.609037941140205596e-02,-1.665694790151454607e-01,-3.688128604660264598e-01,5.359140043800273423e-01,1.000000000000000000e+00,-4.723100543537789298e-01,3.818138875892098660e-01,-8.298281904666987563e-01,-6.802208812745489386e-01,-9.494481104720960130e-02,1.142879586077344967e-01,7.452255526788191808e-01,-7.563320476195496411e-01,2.376280268989530708e-01,-5.437899167285460411e-01,-8.607570597763540554e-02,-3.934338984005790185e-01,2.373056081016553520e-01,3.659536342680139165e-01
-1.563336982450920787e-01,5.132029600000000968e-01,-2.288842534100418158e-01,6.645997152048079004e-02,-2.047347960198842298e-01,-6.160405689368901594e-02,1.095310629511011546e-01,2.036937052542142912e-01,1.569795132585209141e-01,-9.890425917900365349e-02,-2.601781140568632522e-01,3.535688876850485718e-01,-6.998911934522425993e-01,-1.682139304681756070e-02,-5.565890462351077428e-01,-7.239520974611364235e-01,3.476698395605501979e-01,-3.583636657223473465e-01,2.795878875589495882e-01,3.489048983026976081e-01,-1.918582894115851978e-01,1.289585884669233740e-01,-3.839503366668678419e-02,-4.371782353221029260e-01,-4.723100543537789298e-01,1.000000000000000000e+00,-5.288095152722918080e-01,4.369912021220865306e-01,7.823824924501233680e-01,-1.307211241342906838e-01,-6.160316359870559033e-01,-4.089833719168033399e-01,4.932624920400158208e-01,1.630080685203966484e-01,2.410149703268634758e-01,-1.313111319987060877e-01,3.705494242267778349e-01,1.764792238740569008e-01,-2.119403039472871411e-02
-1.409062092062608462e-01,-7.118615400000000148e-01,4.670344919530025618e-01,6.073628100145481157e-02,-1.003158701583740653e-01,-2.673983493043274179e-02,-4.960052212546340322e-01,-4.240174433570766954e-01,1.205251132415591370e-01,2.324846240300651179e-01,4.401891689369394345e-01,-3.939945141759203517e-01,5.823577348169534096e-01,1.908554354615686621e-01,2.349697171996332212e-01,5.408630725366634362e-01,-6.820936100813325131e-01,5.293031531565006720e-01,-6.532666940552722852e-03,-2.946831211282461283e-01,1.996627149111856458e-01,-4.191767985826358456e-01,1.623401097831379813e-01,6.863044673430287457e-01,3.818138875892098660e-01,-5.288095152722918080e-01,1.000000000000000000e+00,-3.019971482964436960e-01,-7.080888395991838946e-01,-2.276056506606986551e-01,5.524050175084641578e-01,5.050215981621526407e-01,-5.894063781484217696e-02,2.151911140953668283e-02,-1.228419722992680208e-01,-1.342592276928850081e-01,-2.283752876076797778e-01,-1.022846769837467695e-01,3.911772908691918960e-01
-3.940848390142401847e-01,6.493831599999999593e-01,-3.417500525925086241e-01,-3.119203694168698471e-01,4.098158707039313287e-01,5.912628391610165179e-01,-5.775787506785381442e-01,-1.606163234724080346e-01,3.486754433926067542e-01,-6.562636658873933770e-01,-5.763996438870019334e-01,-5.408703350988911668e-02,-5.789423301362305319e-01,3.822550852133779764e-01,-6.880595468085178856e-01,-4.865221954682150685e-01,5.553533338796641516e-02,-7.343124679988626280e-01,1.466505344953006051e-01,-4.711198679921926868e-02,2.172655336745512034e-01,1.832092804416551868e-01,3.144957681422958506e-01,-4.121572754396204408e-01,-8.298281904666987563e-01,4.369912021220865306e-01,-3.019971482964436960e-01,1.000000000000000000e+00,5.503135607627624992e-01,2.638856541422061053e-01,3.501564960387359288e-02,-7.732606210877066566e-01,6.350158817453972482e-01,-3.001777788815593873e-01,6.252843027208013771e-01,1.694017709956898987e-01,4.174573932495589945e-01,-4.087456132699766043e-01,-2.836830657827512647e-01
9.375854925757995395e-02,6.750883999999999219e-01,-3.997229196463140261e-02,-3.788026917263380422e-02,-2.856698532279205449e-01,3.614267338624836678e-02,1.494522925305126759e-01,3.269309456011988968e-01,1.892543115074299953e-01,-6.561116088419288728e-02,-2.335797308116072668e-01,5.625640997826880652e-01,-5.935930510439018093e-01,-1.501552333764093194e-01,-5.809403043275880307e-01,-8.122261482547841194e-01,4.711806208134809992e-01,-4.475360389992629195e-01,3.449682014000584607e-01,4.759926543811945909e-01,-3.410690552819891641e-01,2.658004712621709342e-01,-1.271247657928951114e-01,-7.045059129330890624e-01,-6.802208812745489386e-01,7.823824924501233680e-01,-7.080888395991838946e-01,5.503135607627624992e-01,1.000000000000000000e+00,-2.740282722289697492e-01,-6.718732965680777047e-01,-5.834212145916797265e-01,6.913422370371846704e-01,2.816663182347926564e-01,2.025331368431544377e-01,-1.362763011011521586e-01,4.710395367785164544e-01,3.068586212188032514e-01,-3.287709030121008236e-01
-4.000765023540961418e-01,2.332001999999999686e-01,-7.716848047776253550e-01,-1.790478821220600480e-01,9.379781805076546908e-01,5.892186863618426029e-01,-1.709664473484612257e-01,-2.518465047406310831e-01,-2.240184773144053565e-01,-7.615296993422603355e-01,-7.527504005154700417e-01,-5.862922366344917036e-01,-1.662262362729067522e-01,3.215822225613746421e-01,2.084290022093208267e-04,1.642205495590713937e-01,-4.268200933643179901e-02,-4.536312191390656778e-01,-3.241388189142662690e-01,-4.984285324965434527e-01,5.095176130619625265e-01,6.616044885609664861e-02,3.646893740300070630e-01,-4.197673634543197529e-02,-9.494481104720960130e-02,-1.307211241342906838e-01,-2.276056506606986551e-01,2.638856541422061053e-01,-2.740282722289697492e-01,1.000000000000000000e+00,4.801279393496212244e-01,-1.621708415985908258e-01,-4.839287674363255132e-01,-6.357749702543864512e-01,4.608555130256359877e-01,3.725294918617074180e-01,-3.613218365952717837e-01,-7.863183028783324868e-01,3.685823588330656986e-02
-1.767590108565231521e-01,-2.846610200000000424e-01,-1.330088333048184968e-01,7.374381905668069004e-02,5.714176332648654988e-01,3.691618921516192087e-01,-5.699722265668687449e-01,-4.468276275387279006e-01,5.108159364840892443e-04,-3.867219911559763301e-01,-1.516365807504618801e-01,-6.264731543177478601e-01,3.692689858546178705e-01,3.195906440261883086e-01,1.857449124864347934e-01,4.152192226699470412e-01,-4.863501557100505801e-01,3.494484662920302465e-02,-9.149818690744625227e-02,-6.321765177129458069e-01,4.249870213856382639e-01,-1.377790324318362569e-01,3.192795104080529689e-01,3.770464954418741299e-01,1.142879586077344967e-01,-6.160316359870559033e-01,5.524050175084641578e-01,3.501564960387359288e-02,-6.718732965680777047e-01,4.801279393496212244e-01,1.000000000000000000e+00,1.609957488919607771e-01,-2.579383339282293464e-01,-2.883678366942226678e-01,1.980837864890328814e-01,2.803238483944224257e-01,-3.369528995081659262e-01,-5.835581978648480828e-01,1.682834482938905807e-01
1.789634268659461569e-01,-8.720516400000000168e-01,3.901137561549837263e-01,1.290991334275402580e-01,-3.455646847915957998e-01,-2.620470403506915957e-01,3.458413603370446565e-01,-1.907418211443348277e-01,-4.985505757043773301e-01,5.244527987694861393e-01,3.785353308205826051e-01,-2.583899731191687255e-01,7.196577629839437940e-01,-1.100582632868988830e-01,6.761977654318011011e-01,4.176317000157876436e-01,-5.086894854953416534e-01,9.040586002868774562e-01,-5.479017440703182196e-02,4.377334313201291377e-02,-6.336140068292278604e-03,-5.421704666752628077e-01,3.631084547118368366e-02,6.863864011474046789e-01,7.452255526788191808e-01,-4.089833719168033399e-01,5.050215981621526407e-01,-7.732606210877066566e-01,-5.834212145916797265e-01,-1.621708415985908258e-01,1.609957488919607771e-01,1.000000000000000000e+00,-5.266768773320020802e-01,4.219720124270535111e-01,-3.039395047797577298e-01,-5.216083524628696289e-01,-7.687677551622612571e-01,1.654124261621237046e-01,6.265838082841046486e-01
-1.056075302446597974e-01,3.442021799999999132e-01,3.083948114472690460e-01,3.141362759358889284e-02,-2.941961667213686682e-01,2.007252303536878058e-01,-4.836374156155439086e-01,-8.501134347121451496e-02,3.997152622563275859e-01,-1.120552919652471197e-01,-4.643129995747735661e-02,2.712677405911878004e-01,-2.416833994002287600e-01,-7.698116826855926076e-02,-6.584254779564956417e-01,-6.330178838343727410e-01,-3.146296793305161654e-02,-2.497719125488981617e-01,3.367923504388986022e-01,3.151386320415684450e-01,-9.471201223848042805e-02,2.222889777392724961e-02,8.377858453501477176e-02,-3.813550940811260004e-01,-7.563320476195496411e-01,4.932624920400158208e-01,-5.894063781484217696e-02,6.350158817453972482e-01,6.913422370371846704e-01,-4.839287674363255132e-01,-2.579383339282293464e-01,-5.266768773320020802e-01,1.000000000000000000e+00,1.595500270902754647e-01,3.288832834043932118e-01,-1.855896488698623448e-01,5.826798623525512033e-01,1.266517809560985253e-01,-1.842813253815864805e-01
5.364535564335384255e-01,-1.932004800000000078e-01,5.658462527826439992e-01,2.528116861372105006e-01,-7.700202703472571741e-01,-5.134615044729795574e-01,4.412391037637271585e-01,3.643040199605752094e-01,1.047045177212091276e-02,7.097351321391077716e-01,5.140681311107768714e-01,5.275545508593119104e-01,1.355562796508832935e-01,-1.084102174054853290e-01,2.622016574292412860e-01,-2.805938330872526087e-01,8.343850442129495393e-02,4.565469603792456921e-01,6.031248847971294458e-01,2.855316703480302309e-01,-6.295428018565395467e-01,-2.483484706433791017e-02,-3.863405502658354695e-01,1.201834248714269554e-02,2.376280268989530708e-01,1.630080685203966484e-01,2.151911140953668283e-02,-3.001777788815593873e-01,2.816663182347926564e-01,-6.357749702543864512e-01,-2.883678366942226678e-01,4.219720124270535111e-01,1.595500270902754647e-01,1.000000000000000000e+00,-4.507164078246622685e-01,-3.986539214167109657e-01,-1.766544291850441761e-01,7.203801106380869346e-01,8.772146737945024642e-02
-8.046013203834642136e-01,6.433930000000009919e-02,-5.144367309208617289e-01,-3.620226940210817812e-01,5.259091105214082074e-01,8.744342413280805637e-01,-5.418863865570218152e-01,-7.811465453065244979e-01,-3.992802276067942691e-01,-8.425776637823595427e-01,-8.708848652586029804e-01,-6.844925508557946348e-01,-3.997796154000698987e-02,5.270114095287187217e-02,-4.483934144345205208e-01,-3.874119810022701449e-01,-5.063274336274927734e-01,-3.200063728334939794e-01,-4.583084265701487525e-01,2.092321708608650965e-01,8.092935667605773986e-01,-4.869184217337617082e-01,7.378866796876906164e-01,-1.790040436143993940e-01,-5.437899167285460411e-01,2.410149703268634758e-01,-1.228419722992680208e-01,6.252843027208013771e-01,2.025331368431544377e-01,4.608555130256359877e-01,1.980837864890328814e-01,-3.039395047797577298e-01,3.288832834043932118e-01,-4.507164078246622685e-01,1.000000000000000000e+00,-3.240656727338869780e-01,2.196422311872581190e-02,-8.158865119150040535e-01,3.974863816690963336e-01
2.346197239849974470e-01,5.994805400000000617e-01,-2.598801277800598108e-01,2.678414070915690615e-01,4.875912859340992833e-01,-1.533771199302800536e-01,-1.599474499079642231e-01,5.000196432244917721e-01,6.548805467246393563e-01,-2.104689699209735809e-01,4.466604494620288884e-02,2.353588075346229325e-01,-4.377338100816514643e-01,2.190887708393234046e-01,-4.316492149798682731e-02,2.039245538010334702e-01,6.141492611229711907e-01,-6.157686616517276113e-01,2.385021451222354705e-01,-7.449790918870482503e-01,-2.528630745153467863e-01,8.280013265514724052e-01,-4.257690907781516709e-01,-2.242860610998595183e-01,-8.607570597763540554e-02,-1.313111319987060877e-01,-1.342592276928850081e-01,1.694017709956898987e-01,-1.362763011011521586e-01,3.725294918617074180e-01,2.803238483944224257e-01,-5.216083524628696289e-01,-1.855896488698623448e-01,-3.986539214167109657e-01,-3.240656727338869780e-01,1.000000000000000000e+00,3.250412235395724880e-01,-4.112331715425343592e-02,-7.012376112934746164e-01
-4.848316091550840257e-02,5.224401000000000739e-01,-7.106915537808025651e-02,7.138715356424644998e-02,-1.387947159714775502e-01,-1.875947902991279281e-01,-2.502383040669781122e-01,1.862879414912953779e-01,4.666306669841819854e-01,-1.027227649860630032e-01,8.913266619691727344e-02,4.042961923528295420e-01,-4.814229544290644092e-01,-1.970937306844047221e-01,-4.945315646063771498e-01,-4.096589806770093434e-01,4.392240283309765125e-01,-5.248242058790975051e-01,1.725945487569013892e-02,2.019825151997948764e-01,-8.494127488162349360e-02,4.123258947511062589e-01,-2.869034071783131967e-01,-4.975527886438705361e-01,-3.934338984005790185e-01,3.705494242267778349e-01,-2.283752876076797778e-01,4.174573932495589945e-01,4.710395367785164544e-01,-3.613218365952717837e-01,-3.369528995081659262e-01,-7.687677551622612571e-01,5.826798623525512033e-01,-1.766544291850441761e-01,2.196422311872581190e-02,3.250412235395724880e-01,1.000000000000000000e+00,1.864129393634686993e-01,-4.412716584660597574e-01
7.647308182486661776e-01,4.908175999999997430e-02,6.289645940685966163e-01,2.960120051173521505e-01,-8.614624733734045359e-01,-8.471690384929939643e-01,5.957817326053848062e-01,7.606382030415917983e-01,3.410947727414482822e-01,9.009078408510060587e-01,8.081855800443497051e-01,8.908044382344399992e-01,-9.824787884991620368e-02,-2.042342791767800536e-01,1.615665723052766012e-01,-7.105245310886465493e-02,5.171054175586742296e-01,3.128974313666655904e-01,5.613576963553450483e-01,2.573081426612384703e-01,-8.918621389772467545e-01,3.528474090808425556e-01,-6.754903583040756665e-01,-7.070696032878365234e-02,2.373056081016553520e-01,1.764792238740569008e-01,-1.022846769837467695e-01,-4.087456132699766043e-01,3.068586212188032514e-01,-7.863183028783324868e-01,-5.835581978648480828e-01,1.654124261621237046e-01,1.266517809560985253e-01,7.203801106380869346e-01,-8.158865119150040535e-01,-4.112331715425343592e-02,1.864129393634686993e-01,1.000000000000000000e+00,-3.350157027981400248e-01
-4.228100142113639937e-01,-7.350651000000000268e-01,-8.696566240837330652e-02,-9.403994665813147913e-02,-6.931697879957482433e-02,1.733617195329876515e-01,-5.166835531060631759e-02,-7.076557100327354188e-01,-6.912350429031067778e-01,-6.144474801703241063e-02,-1.815524922480040437e-01,-6.410389306578981872e-01,4.798863577450264706e-01,-1.835886283685605191e-01,1.544886927185294412e-01,-3.222353648916209679e-04,-7.368989901873272963e-01,5.776417998965664991e-01,-4.125558754336508538e-01,2.933544365248976771e-01,5.631547658520227317e-01,-8.467119693627371824e-01,4.455927391654125325e-01,5.399829893257648283e-01,3.659536342680139165e-01,-2.119403039472871411e-02,3.911772908691918960e-01,-2.836830657827512647e-01,-3.287709030121008236e-01,3.685823588330656986e-02,1.682834482938905807e-01,6.265838082841046486e-01,-1.842813253815864805e-01,8.772146737945024642e-02,3.974863816690963336e-01,-7.012376112934746164e-01,-4.412716584660597574e-01,-3.350157027981400248e-01,1.000000000000000000e+00
