1.0,-0.54216056800983592,-0.40451140215925463,0.5422785189401309,-0.29712552279356996,0.0068593588957378201,0.71352032538626553,-0.22921234224334164,0.42899384907818106,0.66641451318555345,0.20842145404484916,-0.21986303046418565,-0.39589208376695406,-0.15760176132134013,-0.14816941955996979,-0.53546043745573335,0.55914934000000005,0.25836453295192868,-0.24290363576934113,-0.24496261009799053,0.81271783654885332,-0.65930161153841815,0.053230528023619321,-0.28648186397758685,-0.55749341804826902,0.25228424111233039,0.25255133258096713,0.087342099070556053,-0.3643440728599508,0.3849846954215988,0.15434705497234949,-0.79194280277699736,0.3084573835818149,-0.12918759920342768,0.53715569333754265,-0.43843896212900701,0.1105228298053218,-0.537340885320165,-0.051679318054761503
-0.54216056800983592,1.0,0.19340186476235066,-0.59588330539124623,-0.51062983484604663,-0.20946012419757612,-0.49219851132072312,0.81746904250114694,-0.83698012118959142,0.1154646601875737,0.57685412209049947,-0.29385290029900324,0.38639658108052705,0.49160095030148537,0.44801645300110116,0.16499089586382421,-0.13023832000000002,-0.42646626914098185,0.14749018328500349,0.37359997640982373,-0.54583876757498961,-0.18431942145438673,0.27308859887486658,0.33839094411636428,0.15234361309828481,-0.30004119436160948,-0.26196033435413335,-0.39776782263309662,0.072530534058318719,-0.43072681834449983,0.62586369014347287,0.72969904180452949,-0.40540217313761523,0.1015893225906515,-0.17352694676946895,-0.11105984209176098,-0.43750937690346076,-0.079247259876732784,0.024752706029034715
-0.40451140215925463,0.19340186476235066,1.0,-0.82271709505452839,0.48717352179600276,0.083266052795913648,-0.53799478009002333,0.18827485845570027,0.01035872136222841,-0.34628535026163987,-0.028202259709570975,-0.38885015392385319,0.63091512207642542,0.62341022839162463,-0.067639387592429726,0.017696883002098665,-0.90149831999999996,0.12226524050658999,0.84598747887757575,0.873233815107051,-0.26271557085478309,0.13040118940713122,0.6922015819461621,0.098988341650471878,0.9402181843616777,-0.88932635877098243,-0.87755594558744243,-0.4224586138554759,0.074988700887106421,-0.81384016126134573,-0.13110276083511502,-0.042353502794026249,-0.34198624716542103,-0.63543080621292902,-0.92312575008495112,0.27962911315771105,0.63389189178851746,0.76351627316787229,0.44599601377243087
0.5422785189401309,-0.59588330539124623,-0.82271709505452839,1.0,-0.084441587879886898,-0.14687368802590547,0.640861125811651,-0.41938319228073778,0.52376000981072279,0.1175331309589694,-0.29883486903927647,0.40221719346321005,-0.45065232884798689,-0.6909198949926042,-0.31974353719470427,0.06150642070631919,0.80030025999999999,-0.06451232524760786,-0.6951567318727534,-0.84350433083929044,0.50498587904592274,0.0053201894421882967,-0.75067661548916431,-0.51189956564930195,-0.80030180290563346,0.82701748335399428,0.8657197497209419,0.75642811388511555,-0.28857508882903082,0.94034455013586404,-0.28197369560102575,-0.25996744614267608,0.41104126325722634,0.57066047452399971,0.73858010807221797,-0.17287302580963415,-0.16912352609786097,-0.58187360000399768,-0.60853009919241074
-0.29712552279356996,-0.51062983484604663,0.48717352179600276,-0.084441587879886898,1.0,0.085078428400550105,-0.18437938722859543,-0.61113690959192779,0.57383326483243513,-0.81271642866442884,-0.76746156762798001,0.26488221411131885,0.16734666375623522,-0.099442197683386413,-0.29150910816415199,0.42051468342933179,-0.62170667999999996,0.09057801900643711,0.44594722835069844,0.170640435405189,-0.059780574557457812,0.74608463003932357,-0.058254488421268569,-0.2072930361373361,0.6352226408293653,-0.23222173164720553,-0.30610101073311502,0.27411014853652915,0.14745360563671894,-0.096005171113989873,-0.8768403101300748,-0.18644925809553603,0.16402878093205348,-0.23342659475998459,-0.64101734538723554,0.58100906373488959,0.69193527197932014,0.76569715934807525,0.17304178996774877
0.0068593588957378201,-0.20946012419757612,0.083266052795913648,-0.14687368802590547,0.085078428400550105,1.0,-0.0061733487839368542,-0.16814060869827752,0.012285241622301551,0.13630020756513528,0.14699500576809196,-0.21171450204296882,-0.21650214250374222,0.2659760081751788,-0.26862949202110092,-0.40132892498142225,-0.10885931999999998,0.36149535976906233,0.16399903079414643,0.068923556504275729,-0.21402360081928656,0.10834632462069627,0.31002930520386945,0.18858084533307443,0.14224653466670406,-0.20554232018646645,-0.090547537021224533,-0.29495712346777631,0.0096759372234300686,-0.27998415425371082,0.053938735292718948,-0.1039014696448646,-0.25979672892344896,-0.1089510739920624,-0.014935471473892733,-0.40537399472264829,0.12809711464892215,0.037158055367931944,0.35102226888861793
0.71352032538626553,-0.49219851132072312,-0.53799478009002333,0.640861125811651,-0.18437938722859543,-0.0061733487839368542,1.0,-0.31766205624231358,0.28275989883910241,0.53689278533461948,0.22001633620070965,-0.23930335110886652,-0.48433549013687632,-0.13530614886145717,-0.24398639554611332,-0.36668669157392397,0.6654154000000001,0.2411168216618147,-0.22552981921595644,-0.26470373104720052,0.73025190466497047,-0.39941212000131709,-0.068593620276765632,-0.35537434746097374,-0.60611102955959695,0.44154753928747487,0.47370928340657886,0.23908830047367152,-0.57142219927436833,0.4316296823949895,0.11801760606774843,-0.6166090699111566,0.28614266751886258,-0.032041284059330113,0.50048103383577613,-0.45878439966415885,0.10030076960002376,-0.64767352370632958,-0.062790084608153288
-0.22921234224334164,0.81746904250114694,0.18827485845570027,-0.41938319228073778,-0.61113690959192779,-0.16814060869827752,-0.31766205624231358,1.0,-0.52915865949624319,0.34542628199484571,0.68317251289188052,-0.54027699473999835,0.63668813604723662,0.60651005071510866,-0.0059870426559351167,-0.13640814553147743,0.032081100000000085,-0.36873361484446354,0.11580035920564685,0.4020119585529443,-0.28980552053254244,-0.47907412498832175,0.34531881356197958,-0.082415376542105123,0.051775456433921667,-0.36388124926662668,-0.18054703227271474,-0.20260949241966031,-0.31099825160032607,-0.35643883553021316,0.71255410105333361,0.46419227757800557,-0.49476410402323423,0.09969869311359017,-0.10809711649039395,-0.3844330424892784,-0.18790129803768668,-0.26169499790455358,-0.20203771936034925
0.42899384907818106,-0.83698012118959142,0.01035872136222841,0.52376000981072279,0.57383326483243513,0.012285241622301551,0.28275989883910241,-0.52915865949624319,1.0,-0.26747628202998608,-0.5853855093560526,0.16334859174445304,0.047415604239723144,-0.29666426862311956,-0.61967412210758477,0.012341327405057778,0.04245736,0.097591042574173364,0.0028511491945499637,-0.21805780218080786,0.43899440803359319,0.19836464577262714,-0.26503699783390916,-0.66869396400635916,0.00085806061207222364,0.073029411404949701,0.1923775180746693,0.62168035014912448,-0.26394126678502555,0.39665441665703005,-0.67711326574401831,-0.58073711423497432,0.1653587739561021,0.043193247653406215,-0.018540244738316829,0.077147671721559286,0.62608236818112895,0.14311891683663991,-0.27440319507420763
0.66641451318555345,0.1154646601875737,-0.34628535026163987,0.1175331309589694,-0.81271642866442884,0.13630020756513528,0.53689278533461948,0.34542628199484571,-0.26747628202998608,1.0,0.81293310200011526,-0.54991724679092491,-0.2908959259991456,0.25393249912270571,0.08513584379285806,-0.73594300208111718,0.56898724000000001,0.240115491137431,-0.17556628408833427,0.031888161786403538,0.43973207666306446,-0.92230548708303006,0.37253139412405933,0.087605728857332782,-0.54892229139484994,0.059839046881420242,0.14659234288161407,-0.37954721114276346,-0.37228221572365144,-0.021325010941926056,0.79902343947725407,-0.36982005444367116,-0.10490229150158095,-0.15528532633733166,0.5471651450870324,-0.74523897878917689,-0.27499711747864475,-0.74264760739795976,0.087879212227586934
0.20842145404484916,0.57685412209049947,-0.028202259709570975,-0.29883486903927647,-0.76746156762798001,0.14699500576809196,0.22001633620070965,0.68317251289188052,-0.5853855093560526,0.81293310200011526,1.0,-0.78517062678411287,0.037944227287069747,0.66616979549314037,0.1852376474210177,-0.47876353608058397,0.29605532000000001,-0.063593135486167601,0.16148702120105893,0.39468566203138111,0.0489176808148062,-0.77329629740846828,0.59615732858508674,0.14222438882970462,-0.2140872468693279,-0.28278664191236608,-0.12596353264205581,-0.50819482476335198,-0.43361834192300214,-0.36976867341846259,0.90468160717172963,0.034083330796136208,-0.38758832263934334,-0.15473150456316406,0.1803883520874594,-0.75769123886667877,-0.22853957352358795,-0.58686908382205194,0.14047994915600245
-0.21986303046418565,-0.29385290029900324,-0.38885015392385319,0.40221719346321005,0.26488221411131885,-0.21171450204296882,-0.23930335110886652,-0.54027699473999835,0.16334859174445304,-0.54991724679092491,-0.78517062678411287,1.0,-0.35778035945319131,-0.90236844008425132,0.20024073775953477,0.43395281328597557,0.046834400000000054,0.004560937080417049,-0.60870399074996562,-0.72938455594598417,-0.19749741729297388,0.61846096650813442,-0.82315769349069268,0.21864481381292622,-0.20209313726035516,0.62682380863869192,0.42576686124255791,0.36251439961991516,0.67843215806016632,0.54552549792861738,-0.55198562690681929,0.26674006431138686,0.40045209358725875,0.4366937380086835,0.28718406705227212,0.65966927634467587,-0.42048224584113936,0.24474658061565524,-0.22714046161308854
-0.39589208376695406,0.38639658108052705,0.63091512207642542,-0.45065232884798689,0.16734666375623522,-0.21650214250374222,-0.48433549013687632,0.63668813604723662,0.047415604239723144,-0.2908959259991456,0.037944227287069747,-0.35778035945319131,1.0,0.53664346516248973,-0.40074978573724401,0.11485913586929328,-0.47156602000000003,-0.27172576718905395,0.43137428301744435,0.55902766521581082,-0.25257619777961127,0.026930783103136832,0.28774197329412471,-0.42429465494196744,0.57583991435682691,-0.56201649602674308,-0.43273596671513664,0.11820234426027776,-0.27301194471976509,-0.40536332651474477,0.032561828869250492,0.26543480660187935,-0.37416050011522728,-0.071328715639731435,-0.65866336242789825,0.096264016771913763,0.4619591341536452,0.36364607804481119,-0.16325574673413151
-0.15760176132134013,0.49160095030148537,0.62341022839162463,-0.6909198949926042,-0.099442197683386413,0.2659760081751788,-0.13530614886145717,0.60651005071510866,-0.29666426862311956,0.25393249912270571,0.66616979549314037,-0.90236844008425132,0.53664346516248973,1.0,-0.09217509754010586,-0.26422806847224189,-0.36850832,-0.12108878354183172,0.73994231332042837,0.86867123217819253,-0.17958661091548428,-0.33857107525480395,0.85663869956574945,-0.053429843465514409,0.51404286845362035,-0.81900854679819268,-0.62039445507102708,-0.46406560688420562,-0.42574853047054928,-0.77187143092234656,0.47770624696532499,0.026618377616519414,-0.56831277031053451,-0.41642531149964285,-0.55392012880938235,-0.45552439306813092,0.41422123978267822,0.065718486335235082,0.36011056816932946
-0.14816941955996979,0.44801645300110116,-0.067639387592429726,-0.31974353719470427,-0.29150910816415199,-0.26862949202110092,-0.24398639554611332,-0.0059870426559351167,-0.61967412210758477,0.08513584379285806,0.1852376474210177,0.20024073775953477,-0.40074978573724401,-0.09217509754010586,1.0,0.2005491502077206,-0.071920080000000053,-0.13841184621721989,-0.078537583473129696,0.0090024891770505346,-0.24098024603026191,-0.05931626144350139,0.054518046152928802,0.76225650764670638,-0.050939154775506257,0.023856156937480114,-0.20662112848316819,-0.53362384702789911,0.59029602382019208,-0.17045919442168447,0.26764915084966273,0.29261884837627156,0.12592357565123341,-0.066354649773136265,0.12995313644121262,0.22213244367894178,-0.59295150349662851,0.025540054929831156,0.35996011565052172
-0.53546043745573335,0.16499089586382421,0.017696883002098665,0.06150642070631919,0.42051468342933179,-0.40132892498142225,-0.36668669157392397,-0.13640814553147743,0.012341327405057778,-0.73594300208111718,-0.47876353608058397,0.43395281328597557,0.11485913586929328,-0.26422806847224189,0.2005491502077206,1.0,-0.13668502000000005,-0.5849146155033883,0.062284263349721813,-0.18781884205023003,-0.27143376852099649,0.66085437634763189,-0.48385830117338552,-0.1406600933401348,0.13556653625063256,0.16514031434991835,0.06831471254813104,0.47737039934710246,0.12038130275016977,0.29414793521199656,-0.5921600434305796,0.51696223686580978,0.24451245902133179,0.40079229104240416,-0.22375227716099649,0.47451736831945923,-0.046908416718289381,0.26720869132356367,-0.42713372869924349
0.55914934000000005,-0.13023832000000002,-0.90149831999999996,0.80030025999999999,-0.62170667999999996,-0.10885931999999998,0.6654154000000001,0.032081100000000085,0.04245736,0.56898724000000001,0.29605532000000001,0.046834400000000054,-0.47156602000000003,-0.36850832,-0.071920080000000053,-0.13668502000000005,1.0,-0.17662045999999998,-0.69862323999999998,-0.68619819999999998,0.40379304000000005,-0.40750076000000002,-0.48705025999999996,-0.30667648000000003,-0.97537934000000004,0.72214620000000007,0.83938072000000008,0.42803912,-0.42392167999999997,0.74603002000000007,0.29603478000000005,-0.071384960000000053,0.1729695,0.57880218000000005,0.91131588000000008,-0.56901784,-0.48848223999999996,-0.94546412000000002,-0.56707752
0.25836453295192868,-0.42646626914098185,0.12226524050658999,-0.06451232524760786,0.09057801900643711,0.36149535976906233,0.2411168216618147,-0.36873361484446354,0.097591042574173364,0.240115491137431,-0.063593135486167601,0.004560937080417049,-0.27172576718905395,-0.12108878354183172,-0.13841184621721989,-0.5849146155033883,-0.17662045999999998,1.0,0.074108696754674921,0.082447932011053937,0.35226175604248222,-0.15038529835667347,0.28674156264236894,0.32256121747453131,0.089266362329222096,0.02435877440711269,-0.19636966068666004,-0.41593897426785342,0.19159580744875224,-0.20693645845539138,0.0090988724314306629,-0.55398080940331851,0.24768080913686852,-0.59046490079266534,-0.02424064490508137,0.093481593256319426,0.1587123685058468,0.19211160854148934,0.49968792465924572
-0.24290363576934113,0.14749018328500349,0.84598747887757575,-0.6951567318727534,0.44594722835069844,0.16399903079414643,-0.22552981921595644,0.11580035920564685,0.0028511491945499637,-0.17556628408833427,0.16148702120105893,-0.60870399074996562,0.43137428301744435,0.73994231332042837,-0.078537583473129696,0.062284263349721813,-0.69862323999999998,0.074108696754674921,1.0,0.8841666672455899,-0.00022223445739116832,0.016654259531242142,0.77516593789978749,-0.014811434473300952,0.78605989602150039,-0.81482032155296225,-0.78505366573460289,-0.38231881415498892,-0.20449663161743217,-0.71233064457362738,-0.10910366096759774,-0.2019977680313583,-0.28437028948254411,-0.64243283570808141,-0.83649477936823047,-0.0025004532469411443,0.70348342474506009,0.52024181250071233,0.44161997352660975
-0.24496261009799053,0.37359997640982373,0.873233815107051,-0.84350433083929044,0.170640435405189,0.068923556504275729,-0.26470373104720052,0.4020119585529443,-0.21805780218080786,0.031888161786403538,0.39468566203138111,-0.72938455594598417,0.55902766521581082,0.86867123217819253,0.0090024891770505346,-0.18781884205023003,-0.68619819999999998,0.082447932011053937,0.8841666672455899,1.0,-0.12821387949980431,-0.21274050923440299,0.90161273548458398,0.10281579385855838,0.76977897048105692,-0.9147592622385663,-0.85374888357715006,-0.57722927188830109,-0.17693614578816924,-0.89605354358347722,0.24723987317733875,-0.10872616201038682,-0.41391031426570113,-0.71174761555781885,-0.79835118501168478,-0.045100357036731729,0.55453198044464613,0.43638158079022921,0.53173425898359028
0.81271783654885332,-0.54583876757498961,-0.26271557085478309,0.50498587904592274,-0.059780574557457812,-0.21402360081928656,0.73025190466497047,-0.28980552053254244,0.43899440803359319,0.43973207666306446,0.0489176808148062,-0.19749741729297388,-0.25257619777961127,-0.17958661091548428,-0.24098024603026191,-0.27143376852099649,0.40379304000000005,0.35226175604248222,-0.00022223445739116832,-0.12821387949980431,1.0,-0.51316668364511375,0.042018751975270711,-0.39567030719878921,-0.398719680664126,0.30467792643441349,0.17484549199939098,0.1978866327573516,-0.45413843170570833,0.4106698723986989,-0.078453460375966511,-0.82285382178540567,0.47008675615887341,-0.24858841746161603,0.27340291125791383,-0.22248069980727722,0.3040118782367065,-0.35681645633208731,-0.11433833175071841
-0.65930161153841815,-0.18431942145438673,0.13040118940713122,0.0053201894421882967,0.74608463003932357,0.10834632462069627,-0.39941212000131709,-0.47907412498832175,0.19836464577262714,-0.92230548708303006,-0.77329629740846828,0.61846096650813442,0.026930783103136832,-0.33857107525480395,-0.05931626144350139,0.66085437634763189,-0.40750076000000002,-0.15038529835667347,0.016654259531242142,-0.21274050923440299,-0.51316668364511375,1.0,-0.46503930620313183,0.024576004257102907,0.38328836763437407,0.10754996776034018,0.033496618461965215,0.36002825400505989,0.40810751212961877,0.097184312767500586,-0.75146492353177219,0.4145337722119537,0.11294533609315389,0.26325489759096599,-0.34604848385032988,0.61505888568934708,0.11184637077505921,0.59311732308893339,-0.03084328246572526
0.053230528023619321,0.27308859887486658,0.6922015819461621,-0.75067661548916431,-0.058254488421268569,0.31002930520386945,-0.068593620276765632,0.34531881356197958,-0.26503699783390916,0.37253139412405933,0.59615732858508674,-0.82315769349069268,0.28774197329412471,0.85663869956574945,0.054518046152928802,-0.48385830117338552,-0.48705025999999996,0.28674156264236894,0.77516593789978749,0.90161273548458398,0.042018751975270711,-0.46503930620313183,1.0,0.22746242898739186,0.55089470737304425,-0.82440018589763664,-0.78610368426171962,-0.74872389154147934,-0.19184802778440019,-0.85468254772270214,0.44338577000742496,-0.30789886999113586,-0.35560043125682633,-0.77270041634445952,-0.53994059657954574,-0.29645543558350762,0.43471062962122886,0.20859891915762102,0.64477304882692676
-0.28648186397758685,0.33839094411636428,0.098988341650471878,-0.51189956564930195,-0.2072930361373361,0.18858084533307443,-0.35537434746097374,-0.082415376542105123,-0.66869396400635916,0.087605728857332782,0.14222438882970462,0.21864481381292622,-0.42429465494196744,-0.053429843465514409,0.76225650764670638,-0.1406600933401348,-0.30667648000000003,0.32256121747453131,-0.014811434473300952,0.10281579385855838,-0.39567030719878921,0.024576004257102907,0.22746242898739186,1.0,0.15263115664344554,-0.085719355827597682,-0.30883679151738919,-0.80268470130133285,0.7703202514093479,-0.42884434544082428,0.29867422597770349,0.23433846411468082,-0.027425891683841408,-0.29663017388304436,0.010984771764754507,0.25331461526945054,-0.53664052005912566,0.24764142685822521,0.6269464106096615
-0.55749341804826902,0.15234361309828481,0.9402181843616777,-0.80030180290563346,0.6352226408293653,0.14224653466670406,-0.60611102955959695,0.051775456433921667,0.00085806061207222364,-0.54892229139484994,-0.2140872468693279,-0.20209313726035516,0.57583991435682691,0.51404286845362035,-0.050939154775506257,0.13556653625063256,-0.97537934000000004,0.089266362329222096,0.78605989602150039,0.76977897048105692,-0.398719680664126,0.38328836763437407,0.55089470737304425,0.15263115664344554,1.0,-0.80219572966243058,-0.84194192474042273,-0.35848769505365585,0.23571255995416809,-0.77664322912581385,-0.27048676403126032,0.068905198741943147,-0.26236444541489973,-0.55909079295731456,-0.9657168018892579,0.44308019426238682,0.60305368394853343,0.88717590753043918,0.51671169902155722
0.25228424111233039,-0.30004119436160948,-0.88932635877098243,0.82701748335399428,-0.23222173164720553,-0.20554232018646645,0.44154753928747487,-0.36388124926662668,0.073029411404949701,0.059839046881420242,-0.28278664191236608,0.62682380863869192,-0.56201649602674308,-0.81900854679819268,0.023856156937480114,0.16514031434991835,0.72214620000000007,0.02435877440711269,-0.81482032155296225,-0.9147592622385663,0.30467792643441349,0.10754996776034018,-0.82440018589763664,-0.085719355827597682,-0.80219572966243058,1.0,0.85030916069208395,0.51497985493175524,0.07389494046035637,0.88128655230312325,-0.14592568744344009,0.054366965522837943,0.49362707660037813,0.60502073843536053,0.76153162967661825,0.037807035289898649,-0.55169835810206491,-0.5051431312420005,-0.46763455994197672
0.25255133258096713,-0.26196033435413335,-0.87755594558744243,0.8657197497209419,-0.30610101073311502,-0.090547537021224533,0.47370928340657886,-0.18054703227271474,0.1923775180746693,0.14659234288161407,-0.12596353264205581,0.42576686124255791,-0.43273596671513664,-0.62039445507102708,-0.20662112848316819,0.06831471254813104,0.83938072000000008,-0.19636966068666004,-0.78505366573460289,-0.85374888357715006,0.17484549199939098,0.033496618461965215,-0.78610368426171962,-0.30883679151738919,-0.84194192474042273,0.85030916069208395,1.0,0.63640381050068573,-0.18476741880655828,0.85247287374756464,-0.044029001791347659,0.11349257055747032,0.078557313675880217,0.7835017129505627,0.81249612305945018,-0.28351077091101856,-0.47996593694398021,-0.67072494656953141,-0.64438603901892222
0.087342099070556053,-0.39776782263309662,-0.4224586138554759,0.75642811388511555,0.27411014853652915,-0.29495712346777631,0.23908830047367152,-0.20260949241966031,0.62168035014912448,-0.37954721114276346,-0.50819482476335198,0.36251439961991516,0.11820234426027776,-0.46406560688420562,-0.53362384702789911,0.47737039934710246,0.42803912,-0.41593897426785342,-0.38231881415498892,-0.57722927188830109,0.1978866327573516,0.36002825400505989,-0.74872389154147934,-0.80268470130133285,-0.35848769505365585,0.51497985493175524,0.63640381050068573,1.0,-0.38752656564344407,0.77483548855452522,-0.55301383792563319,0.054945587538783869,0.235265963084199,0.65167569662456826,0.23901204839320242,0.05691007265769632,0.14892555426476717,-0.21594269258734905,-0.79253384833825991
-0.3643440728599508,0.072530534058318719,0.074988700887106421,-0.28857508882903082,0.14745360563671894,0.0096759372234300686,-0.57142219927436833,-0.31099825160032607,-0.26394126678502555,-0.37228221572365144,-0.43361834192300214,0.67843215806016632,-0.27301194471976509,-0.42574853047054928,0.59029602382019208,0.12038130275016977,-0.42392167999999997,0.19159580744875224,-0.20449663161743217,-0.17693614578816924,-0.45413843170570833,0.40810751212961877,-0.19184802778440019,0.7703202514093479,0.23571255995416809,0.07389494046035637,-0.18476741880655828,-0.38752656564344407,1.0,-0.14453664588816137,-0.16555332615548146,0.28419287877628757,0.11281117571906477,-0.050951813815890298,-0.049682746975879245,0.64996616137629426,-0.42351922577605566,0.53754474303387767,0.42256195245357309
0.3849846954215988,-0.43072681834449983,-0.81384016126134573,0.94034455013586404,-0.096005171113989873,-0.27998415425371082,0.4316296823949895,-0.35643883553021316,0.39665441665703005,-0.021325010941926056,-0.36976867341846259,0.54552549792861738,-0.40536332651474477,-0.77187143092234656,-0.17045919442168447,0.29414793521199656,0.74603002000000007,-0.20693645845539138,-0.71233064457362738,-0.89605354358347722,0.4106698723986989,0.097184312767500586,-0.85468254772270214,-0.42884434544082428,-0.77664322912581385,0.88128655230312325,0.85247287374756464,0.77483548855452522,-0.14453664588816137,1.0,-0.336900479263048,-0.060740549706205127,0.46140699551581354,0.68328448640617501,0.70807379820881833,-0.028867819218775351,-0.30470285971021049,-0.50706208474419356,-0.70588681132998687
0.15434705497234949,0.62586369014347287,-0.13110276083511502,-0.28197369560102575,-0.8768403101300748,0.053938735292718948,0.11801760606774843,0.71255410105333361,-0.67711326574401831,0.79902343947725407,0.90468160717172963,-0.55198562690681929,0.032561828869250492,0.47770624696532499,0.26764915084966273,-0.5921600434305796,0.29603478000000005,0.0090988724314306629,-0.10910366096759774,0.24723987317733875,-0.078453460375966511,-0.75146492353177219,0.44338577000742496,0.29867422597770349,-0.27048676403126032,-0.14592568744344009,-0.044029001791347659,-0.55301383792563319,-0.16555332615548146,-0.336900479263048,1.0,0.1512204278802782,-0.37378899209304151,-0.079420372557917923,0.2872612984317115,-0.58338421683446806,-0.44774333824234258,-0.54448734795193543,0.19512894604935735
-0.79194280277699736,0.72969904180452949,-0.042353502794026249,-0.25996744614267608,-0.18644925809553603,-0.1039014696448646,-0.6166090699111566,0.46419227757800557,-0.58073711423497432,-0.36982005444367116,0.034083330796136208,0.26674006431138686,0.26543480660187935,0.026618377616519414,0.29261884837627156,0.51696223686580978,-0.071384960000000053,-0.55398080940331851,-0.2019977680313583,-0.10872616201038682,-0.82285382178540567,0.4145337722119537,-0.30789886999113586,0.23433846411468082,0.068905198741943147,0.054366965522837943,0.11349257055747032,0.054945587538783869,0.28419287877628757,-0.060740549706205127,0.1512204278802782,1.0,-0.29976687211989034,0.55847023805697249,-0.048172799262973381,0.15198444883641929,-0.54642132895043205,0.047698075073351484,-0.26008738912224555
0.3084573835818149,-0.40540217313761523,-0.34198624716542103,0.41104126325722634,0.16402878093205348,-0.25979672892344896,0.28614266751886258,-0.49476410402323423,0.1653587739561021,-0.10490229150158095,-0.38758832263934334,0.40045209358725875,-0.37416050011522728,-0.56831277031053451,0.12592357565123341,0.24451245902133179,0.1729695,0.24768080913686852,-0.28437028948254411,-0.41391031426570113,0.47008675615887341,0.11294533609315389,-0.35560043125682633,-0.027425891683841408,-0.26236444541489973,0.49362707660037813,0.078557313675880217,0.235265963084199,0.11281117571906477,0.46140699551581354,-0.37378899209304151,-0.29976687211989034,1.0,-0.11142279258904596,0.19040052801921253,0.44143930405037624,-0.031607202065289663,-0.00060885533143711337,-0.070664074177292716
-0.12918759920342768,0.1015893225906515,-0.63543080621292902,0.57066047452399971,-0.23342659475998459,-0.1089510739920624,-0.032041284059330113,0.09969869311359017,0.043193247653406215,-0.15528532633733166,-0.15473150456316406,0.4366937380086835,-0.071328715639731435,-0.41642531149964285,-0.066354649773136265,0.40079229104240416,0.57880218000000005,-0.59046490079266534,-0.64243283570808141,-0.71174761555781885,-0.24858841746161603,0.26325489759096599,-0.77270041634445952,-0.29663017388304436,-0.55909079295731456,0.60502073843536053,0.7835017129505627,0.65167569662456826,-0.050951813815890298,0.68328448640617501,-0.079420372557917923,0.55847023805697249,-0.11142279258904596,1.0,0.54750908014635968,-0.189911163831505,-0.50473641597615337,-0.44984493784976315,-0.71721906152851023
0.53715569333754265,-0.17352694676946895,-0.92312575008495112,0.73858010807221797,-0.64101734538723554,-0.014935471473892733,0.50048103383577613,-0.10809711649039395,-0.018540244738316829,0.5471651450870324,0.1803883520874594,0.28718406705227212,-0.65866336242789825,-0.55392012880938235,0.12995313644121262,-0.22375227716099649,0.91131588000000008,-0.02424064490508137,-0.83649477936823047,-0.79835118501168478,0.27340291125791383,-0.34604848385032988,-0.53994059657954574,0.010984771764754507,-0.9657168018892579,0.76153162967661825,0.81249612305945018,0.23901204839320242,-0.049682746975879245,0.70807379820881833,0.2872612984317115,-0.048172799262973381,0.19040052801921253,0.54750908014635968,1.0,-0.41617762926894392,-0.68188791040768626,-0.81552280119830201,-0.40403014214515615
-0.43843896212900701,-0.11105984209176098,0.27962911315771105,-0.17287302580963415,0.58100906373488959,-0.40537399472264829,-0.45878439966415885,-0.3844330424892784,0.077147671721559286,-0.74523897878917689,-0.75769123886667877,0.65966927634467587,0.096264016771913763,-0.45552439306813092,0.22213244367894178,0.47451736831945923,-0.56901784,0.093481593256319426,-0.0025004532469411443,-0.045100357036731729,-0.22248069980727722,0.61505888568934708,-0.29645543558350762,0.25331461526945054,0.44308019426238682,0.037807035289898649,-0.28351077091101856,0.05691007265769632,0.64996616137629426,-0.028867819218775351,-0.58338421683446806,0.15198444883641929,0.44143930405037624,-0.189911163831505,-0.41617762926894392,1.0,0.065647616535757347,0.75216805525013231,0.15801120033078259
0.1105228298053218,-0.43750937690346076,0.63389189178851746,-0.16912352609786097,0.69193527197932014,0.12809711464892215,0.10030076960002376,-0.18790129803768668,0.62608236818112895,-0.27499711747864475,-0.22853957352358795,-0.42048224584113936,0.4619591341536452,0.41422123978267822,-0.59295150349662851,-0.046908416718289381,-0.48848223999999996,0.1587123685058468,0.70348342474506009,0.55453198044464613,0.3040118782367065,0.11184637077505921,0.43471062962122886,-0.53664052005912566,0.60305368394853343,-0.55169835810206491,-0.47996593694398021,0.14892555426476717,-0.42351922577605566,-0.30470285971021049,-0.44774333824234258,-0.54642132895043205,-0.031607202065289663,-0.50473641597615337,-0.68188791040768626,0.065647616535757347,1.0,0.46098837181356311,0.17852276276933166
-0.537340885320165,-0.079247259876732784,0.76351627316787229,-0.58187360000399768,0.76569715934807525,0.037158055367931944,-0.64767352370632958,-0.26169499790455358,0.14311891683663991,-0.74264760739795976,-0.58686908382205194,0.24474658061565524,0.36364607804481119,0.065718486335235082,0.025540054929831156,0.26720869132356367,-0.94546412000000002,0.19211160854148934,0.52024181250071233,0.43638158079022921,-0.35681645633208731,0.59311732308893339,0.20859891915762102,0.24764142685822521,0.88717590753043918,-0.5051431312420005,-0.67072494656953141,-0.21594269258734905,0.53754474303387767,-0.50706208474419356,-0.54448734795193543,0.047698075073351484,-0.00060885533143711337,-0.44984493784976315,-0.81552280119830201,0.75216805525013231,0.46098837181356311,1.0,0.44339292153531712
-0.051679318054761503,0.024752706029034715,0.44599601377243087,-0.60853009919241074,0.17304178996774877,0.35102226888861793,-0.062790084608153288,-0.20203771936034925,-0.27440319507420763,0.087879212227586934,0.14047994915600245,-0.22714046161308854,-0.16325574673413151,0.36011056816932946,0.35996011565052172,-0.42713372869924349,-0.56707752,0.49968792465924572,0.44161997352660975,0.53173425898359028,-0.11433833175071841,-0.03084328246572526,0.64477304882692676,0.6269464106096615,0.51671169902155722,-0.46763455994197672,-0.64438603901892222,-0.79253384833825991,0.42256195245357309,-0.70588681132998687,0.19512894604935735,-0.26008738912224555,-0.070664074177292716,-0.71721906152851023,-0.40403014214515615,0.15801120033078259,0.17852276276933166,0.44339292153531712,1.0
