1.000000000000000000e+00,-6.566543073383611651e-01,-1.963961922030585047e-02,-2.688590842722554108e-01,1.392608327976422866e-01,2.824694017826979708e-01,6.711564999999999337e-01,2.580171098775867478e-01,1.890104566797912167e-01,7.375298565481286373e-01,-3.837199684484939033e-02,-4.239112088310879045e-01,3.899648285404206383e-01,3.853412862565152586e-01,-1.667111712451329886e-01,1.535885067448420627e-01,8.134547969760185238e-01,-1.371298516337267070e-01,-3.248600848002303199e-02,4.750073946079590437e-01,2.342161358622820710e-01,5.095338041333353774e-01,4.548525540777240139e-01,-2.767741217292268852e-01,4.807811742605972438e-01,-5.427935698893762151e-01,1.310357302971917326e-01,2.283451254604301761e-01,-5.568990070007017179e-01,1.045326364339515535e-01,-2.541986924474927689e-01,1.516459919249881494e-01,-7.396094071416691174e-01,2.484633934447010029e-01,7.446501951084383286e-02,4.382046542995943761e-01,1.820652506074099397e-01,2.261163675379753435e-01,7.235363358728736927e-01
-6.566543073383611651e-01,1.000000000000000000e+00,6.257965470418069831e-02,2.413368059530821563e-01,3.461240788779479383e-01,2.631728198616727354e-01,-2.614324399999999882e-01,-3.200186175343788797e-01,2.812073190521742205e-01,-3.665657155835216896e-01,1.162373160151108920e-02,1.320941228491830932e-01,-5.581614809239960895e-01,-2.717283963112878675e-01,-2.075897110178269722e-01,5.061325165223632405e-01,-5.352153521263786073e-01,-1.461318917314757826e-02,2.215515641838116112e-01,2.480179183157609213e-01,-7.481242719510586836e-01,1.586812133901089883e-01,-3.286313384283348071e-01,8.279829356075193436e-01,-7.663156135882509545e-02,3.830051524945662922e-01,-1.398333408214810225e-01,1.690037066485160500e-01,5.134912094652238634e-01,8.667300680461442752e-02,-9.994865085491141943e-02,-2.907196120247839133e-01,4.112681760288744437e-02,-1.451588551766173074e-01,1.269616451383188682e-01,6.553214844083254942e-02,-2.772620568056302082e-01,-2.751288689191327963e-01,-3.187292385010763729e-01
-1.963961922030585047e-02,6.257965470418069831e-02,1.000000000000000000e+00,6.516728992522228259e-01,4.164295939362883670e-01,-2.206407638081148703e-01,-5.319796399999999759e-01,7.230257451222990017e-01,1.047927453554576144e-01,-4.641801012942481375e-01,-6.792140490929174934e-01,-4.952482775592683684e-01,3.400367226623198791e-01,8.249553734229503332e-01,-4.524123889733199788e-01,4.650565731815696768e-01,1.514145223222675141e-01,-5.863449255924385595e-01,7.393619695099783451e-01,9.313398945493525996e-03,7.815373278958877290e-02,-1.943383607358504794e-01,-2.929512283640995363e-01,4.188148459466129458e-01,-6.711854251018598561e-01,4.904116904089964590e-01,4.756933834938057437e-01,-6.509614415097040308e-01,-2.627410727883389141e-01,-8.996677185915971098e-01,7.266624183117911251e-01,-7.162331825446270894e-01,-2.196355732748096201e-01,-6.251151569669043395e-01,-2.457505911930638332e-01,-2.401846162810223340e-01,-7.056616461225171388e-01,1.258255679361286461e-01,-4.701726056780075602e-01
-2.688590842722554108e-01,2.413368059530821563e-01,6.516728992522228259e-01,1.000000000000000000e+00,8.120905915059662902e-03,-2.334414553609835130e-01,-4.136637399999999465e-01,3.288757412918903444e-01,-2.696800675806598248e-03,-3.797091263410951600e-01,-1.948913728061134609e-01,1.084729640199652845e-01,3.186497041226477034e-01,4.219427409204283275e-01,-9.135945388068461570e-02,3.956004700774877758e-01,-4.405787041225719958e-01,-1.916035945343852187e-01,4.102698505556195974e-01,7.321097954160282750e-02,-1.524512016326916297e-01,-1.451415924694205439e-01,-4.345618041420110100e-01,2.370380403541086645e-01,-5.569101752308857067e-01,2.798153075862331307e-01,8.073899376124282767e-01,-1.442701515705417659e-01,-3.005295385841004197e-01,-4.707561235353189821e-01,5.013909506544588224e-01,-1.726462227965861462e-01,1.240946317247258873e-01,-2.459453741257742743e-01,-2.306322162388679542e-01,-6.834517839408101036e-02,-4.266736272286275056e-01,2.592566267183722961e-01,-4.532050055147848755e-01
1.392608327976422866e-01,3.461240788779479383e-01,4.164295939362883670e-01,8.120905915059662902e-03,1.000000000000000000e+00,5.974455579290391949e-01,1.096103799999998962e-01,4.676853438678690855e-02,8.106489332059876318e-01,9.709543750710489252e-02,-6.487936612233898837e-01,-4.948777261590152077e-01,-4.217631422443821609e-01,2.586846449446504881e-01,-4.388402566003545835e-01,4.390285285454371134e-01,3.152159312818149095e-01,-1.559085149775670809e-01,2.621006739581550615e-01,5.333866508840239273e-01,-2.672391291755348286e-01,4.668999402828390433e-01,3.400235760980204192e-01,6.500627825275787641e-01,1.519870724075952084e-01,3.819242932656547601e-02,-2.397282564080213396e-01,-1.554294242219944958e-02,3.784609272402081337e-01,-2.150832528757756767e-01,-1.145669042390874554e-01,-7.803436549146736123e-01,-6.619819884107270846e-01,-3.540388771158762826e-01,-3.062748003877477920e-01,1.855847826999387218e-01,-1.762494053511975689e-01,-3.645631616571424760e-01,1.370568890650837313e-01
2.824694017826979708e-01,2.631728198616727354e-01,-2.206407638081148703e-01,-2.334414553609835130e-01,5.974455579290391949e-01,1.000000000000000000e+00,7.455682599999999827e-01,-6.266110050538370446e-01,6.245667181091915099e-01,6.794407660048247255e-01,1.183159459338310321e-01,-1.385087565365785700e-01,-5.915168676548963056e-01,-3.592955620522161886e-01,1.840155089224786433e-01,1.731999962067521937e-01,1.031004468854629930e-01,5.332663971424576044e-01,-4.575221722444222650e-01,8.188630883026932761e-01,-5.729809145955574445e-01,7.690540963783762951e-01,7.328555209282217042e-01,3.111146698587828330e-01,7.293488715808017497e-01,-6.489202345902458369e-01,-1.312810762845298407e-01,5.344334124399279240e-01,4.795307207176320863e-01,4.022376496843247939e-01,-8.130558044064962742e-01,-1.313155138187424298e-01,-5.869896867501973592e-01,2.975277934078190967e-01,-1.815300991333118064e-01,3.159816489533395778e-01,5.501364267738153568e-01,-3.926120333783309491e-01,5.613987138337293015e-01
6.711564999999999337e-01,-2.614324399999999882e-01,-5.319796399999999759e-01,-4.136637399999999465e-01,1.096103799999998962e-01,7.455682599999999827e-01,1.000000000000000000e+00,-5.214621799999999974e-01,2.811666799999998911e-01,9.853577799999999609e-01,4.288521800000000272e-01,2.810125999999990576e-02,-1.397496200000000188e-01,-3.389994200000000513e-01,3.325348999999999666e-01,-2.676791999999994509e-02,3.488419000000000381e-01,5.215600400000000025e-01,-6.200512799999999825e-01,7.146679400000000015e-01,-1.848671600000000304e-01,7.395256800000000741e-01,7.445176000000000016e-01,-2.304864399999999591e-01,9.254069400000000112e-01,-9.179211600000000137e-01,-1.011914000000002645e-02,7.347986799999999263e-01,-1.509696000000004812e-02,6.732755599999999951e-01,-8.710639799999999600e-01,4.341208000000000844e-01,-5.556949600000000711e-01,6.651546200000000297e-01,1.032283800000000085e-01,5.276150799999999030e-01,7.321856600000000714e-01,-1.277864600000000461e-01,8.845284799999999503e-01
2.580171098775867478e-01,-3.200186175343788797e-01,7.230257451222990017e-01,3.288757412918903444e-01,4.676853438678690855e-02,-6.266110050538370446e-01,-5.214621799999999974e-01,1.000000000000000000e+00,-1.356516981460695881e-01,-4.221486772663451958e-01,-5.862588444790309827e-01,-5.098384095737908961e-01,6.998981151971120918e-01,9.291185405635096206e-01,-6.329913284982608968e-01,3.645099813896370833e-01,4.623524205462231085e-01,-8.952880881375236966e-01,8.473768703689357196e-01,-2.702970063136767020e-01,4.692111405074435027e-01,-2.911886102682172406e-01,-5.028600533075332502e-01,8.616749794209409286e-02,-6.303687352301656777e-01,5.800074091232846341e-01,2.711063252489622766e-01,-6.162153438225675961e-01,-6.887785988236891921e-01,-7.208717001553264225e-01,8.483395752542390866e-01,-3.660969044630237867e-01,-1.961137189465905484e-01,-4.842191086869251926e-01,8.032800066426874774e-02,-8.635439190049205849e-02,-8.137206561920414805e-01,3.946090066617934378e-01,-2.885505395711514542e-01
1.890104566797912167e-01,2.812073190521742205e-01,1.047927453554576144e-01,-2.696800675806598248e-03,8.106489332059876318e-01,6.245667181091915099e-01,2.811666799999998911e-01,-1.356516981460695881e-01,1.000000000000000000e+00,2.243221646160557525e-01,-3.613612711081006235e-01,-4.299578504078264141e-01,-4.131143823355878930e-01,5.711002448407885568e-02,-2.685811737216345918e-01,3.308370000366843144e-01,1.265887075415888519e-01,3.047248073232871474e-02,5.487000560649168968e-02,5.366541017608553732e-01,-3.108162164323445276e-01,5.799361732926866519e-01,3.097000554785771520e-01,4.851579709983274702e-01,3.198861368130258009e-01,-9.455967249041605238e-02,-2.488156492728308411e-01,2.516999205473566814e-01,3.392258427432270351e-01,8.033337606000466591e-02,-2.916245577258249067e-01,-5.133867820593072118e-01,-5.791296650548026781e-01,-1.228511610925021591e-01,-3.837554747922352072e-01,1.785044427979401160e-01,2.564266746655343918e-02,-2.696815004102875446e-01,2.083702524535068767e-01
7.375298565481286373e-01,-3.665657155835216896e-01,-4.641801012942481375e-01,-3.797091263410951600e-01,9.709543750710489252e-02,6.794407660048247255e-01,9.853577799999999609e-01,-4.221486772663451958e-01,2.243221646160557525e-01,1.000000000000000000e+00,3.599025042127402818e-01,3.563123833374470806e-02,-3.050921198354847319e-02,-2.400107254334809259e-01,3.145574243728018748e-01,-4.042189951627504774e-02,4.353349640068337467e-01,4.636444738174000380e-01,-5.811132707873875036e-01,6.938533982315657767e-01,-5.862415941401008523e-02,7.006851276333992962e-01,7.550725914136009465e-01,-3.024128406261775148e-01,8.911389854479421224e-01,-9.258714904046493333e-01,5.272832834461133045e-02,6.981137985754704012e-01,-1.151112421781550488e-01,6.171288992102482718e-01,-7.992881065296041365e-01,4.413515986034117211e-01,-5.748088816962054759e-01,6.469694786924750085e-01,1.198079747646341869e-01,5.663589492420042504e-01,7.010254961298220122e-01,-1.015581189123115485e-01,9.128620019192990043e-01
-3.837199684484939033e-02,1.162373160151108920e-02,-6.792140490929174934e-01,-1.948913728061134609e-01,-6.487936612233898837e-01,1.183159459338310321e-01,4.288521800000000272e-01,-5.862588444790309827e-01,-3.613612711081006235e-01,3.599025042127402818e-01,1.000000000000000000e+00,4.521569454305834901e-01,3.158920193910112750e-02,-6.088755888526388160e-01,6.220550849772730206e-01,-2.036768950289005731e-01,-3.275255684527279554e-01,5.384224172815592624e-01,-5.756046268065988514e-01,9.419055302614368075e-02,-2.405238978534814664e-01,5.557747537957946626e-02,2.477589962054314171e-02,-3.155376323495671098e-01,4.533189634750187658e-01,-4.635550627719545180e-01,1.386252720567455743e-01,5.051172928977014642e-01,-2.654386800034800459e-02,6.399097856189114308e-01,-5.372674640565008319e-01,7.988634638591705084e-01,2.864073827371857450e-01,7.054915974387163669e-01,4.156483119094184220e-01,4.897621361015453562e-02,5.447673002680111232e-01,3.268825351927117512e-02,1.769066282261795020e-01
-4.239112088310879045e-01,1.320941228491830932e-01,-4.952482775592683684e-01,1.084729640199652845e-01,-4.948777261590152077e-01,-1.385087565365785700e-01,2.810125999999990576e-02,-5.098384095737908961e-01,-4.299578504078264141e-01,3.563123833374470806e-02,4.521569454305834901e-01,1.000000000000000000e+00,-1.552280046188297957e-01,-5.744404185558742437e-01,4.260816248599295086e-01,-3.802047322688167919e-01,-5.296811577845284003e-01,5.024310881542974894e-01,-4.953080613460090209e-01,-1.707096095730745722e-01,3.386134289688058630e-02,-2.417251017756627818e-01,-5.664348323094114956e-02,-3.878986631292368203e-01,1.236971918396514714e-01,-2.322548418093635658e-01,9.486836466824905001e-02,4.792954503308541891e-01,1.433163491308220849e-01,5.096456514150767836e-01,-2.539213135378754482e-01,6.365608805454440189e-01,5.859393951297593439e-01,3.363675357943987643e-01,1.476136948011321226e-01,2.853208188037341109e-01,4.026819174156496262e-01,2.992480301084454730e-02,4.174899057219333409e-02
3.899648285404206383e-01,-5.581614809239960895e-01,3.400367226623198791e-01,3.186497041226477034e-01,-4.217631422443821609e-01,-5.915168676548963056e-01,-1.397496200000000188e-01,6.998981151971120918e-01,-4.131143823355878930e-01,-3.050921198354847319e-02,3.158920193910112750e-02,-1.552280046188297957e-01,1.000000000000000000e+00,6.281986551572614763e-01,-4.163684969275630032e-02,1.651586417255698491e-01,3.460048045939650985e-01,-5.153771328773210092e-01,4.076540996291099228e-01,-1.599426903995347371e-01,5.800167907250775023e-01,-2.545613924329099276e-01,-3.472641708715315523e-01,-3.377743637995955783e-01,-2.550394742317552144e-01,1.066723115327009169e-01,5.881996574005230460e-01,-2.171912273210467315e-01,-9.051033270235895323e-01,-2.820293110968443151e-01,5.285097419624369408e-01,2.802349741201731748e-01,-4.298815314885576916e-02,1.069708089616440705e-01,3.846815930148472784e-01,9.874829357452361012e-03,-3.690690656445438922e-01,3.086281302019217021e-01,-5.704727456020405180e-02
3.853412862565152586e-01,-2.717283963112878675e-01,8.249553734229503332e-01,4.219427409204283275e-01,2.586846449446504881e-01,-3.592955620522161886e-01,-3.389994200000000513e-01,9.291185405635096206e-01,5.711002448407885568e-02,-2.400107254334809259e-01,-6.088755888526388160e-01,-5.744404185558742437e-01,6.281986551572614763e-01,1.000000000000000000e+00,-6.256768995548803725e-01,4.964334585908809494e-01,5.333005071862665369e-01,-8.016276427634402291e-01,8.063838040010149477e-01,2.051096463480513860e-02,3.466965018692959033e-01,-9.273610147610936161e-02,-3.295350866167036097e-01,2.000799977828291443e-01,-5.042417482565918485e-01,4.049342198247865010e-01,3.988344246227452095e-01,-5.136598773477157875e-01,-6.525766587519652440e-01,-7.260481849478356287e-01,7.078371245876583506e-01,-4.621585122609216389e-01,-4.217993011745845844e-01,-4.714494175497150885e-01,4.814570778658600059e-03,4.749590834035385956e-02,-7.330110443266885101e-01,3.608493100643487272e-01,-1.524615827290480286e-01
-1.667111712451329886e-01,-2.075897110178269722e-01,-4.524123889733199788e-01,-9.135945388068461570e-02,-4.388402566003545835e-01,1.840155089224786433e-01,3.325348999999999666e-01,-6.329913284982608968e-01,-2.685811737216345918e-01,3.145574243728018748e-01,6.220550849772730206e-01,4.260816248599295086e-01,-4.163684969275630032e-02,-6.256768995548803725e-01,1.000000000000000000e+00,-6.260545526482869105e-01,-4.043707305774346117e-01,8.075201197743016035e-01,-8.029854213565912335e-01,-6.604045282237656911e-02,8.515968067761649218e-02,-1.145124636360519699e-01,4.398222644046064223e-01,-5.390299552184772969e-01,3.378899873080767335e-01,-5.728543192262552930e-01,1.886783330984900253e-01,2.326707341462620204e-01,2.690749715412926180e-01,3.919982686494786206e-01,-4.320742116286953594e-01,5.045256544171712321e-01,4.520270170860833381e-01,5.414652013799575725e-01,-4.933806563531421135e-02,-3.089425695760801838e-01,7.650671767175305504e-01,-3.702231177391098194e-01,6.292462652756510011e-02
1.535885067448420627e-01,5.061325165223632405e-01,4.650565731815696768e-01,3.956004700774877758e-01,4.390285285454371134e-01,1.731999962067521937e-01,-2.676791999999994509e-02,3.645099813896370833e-01,3.308370000366843144e-01,-4.042189951627504774e-02,-2.036768950289005731e-01,-3.802047322688167919e-01,1.651586417255698491e-01,4.964334585908809494e-01,-6.260545526482869105e-01,1.000000000000000000e+00,1.837421092684850821e-01,-5.947472342055076799e-01,6.968719585673798234e-01,5.965353096079247797e-01,-4.775639803247519466e-01,4.593495119009805006e-01,-3.604431626493144747e-01,7.945583909061738614e-01,-3.608604510787964681e-02,2.835890017883587189e-01,2.911044673733323984e-01,1.330426119512934657e-01,-3.330244945953839686e-01,-1.605562400433607206e-01,1.393690950106176718e-01,-2.882172792467880273e-01,-6.279636268383557152e-01,-1.039433333140878241e-01,3.563978957113337898e-01,4.207347685190375719e-01,-6.237885544953666317e-01,9.169848350181684926e-02,4.321938720383010357e-02
8.134547969760185238e-01,-5.352153521263786073e-01,1.514145223222675141e-01,-4.405787041225719958e-01,3.152159312818149095e-01,1.031004468854629930e-01,3.488419000000000381e-01,4.623524205462231085e-01,1.265887075415888519e-01,4.353349640068337467e-01,-3.275255684527279554e-01,-5.296811577845284003e-01,3.460048045939650985e-01,5.333005071862665369e-01,-4.043707305774346117e-01,1.837421092684850821e-01,1.000000000000000000e+00,-4.353409420775569694e-01,2.422388727229244365e-01,2.589219068857382400e-01,4.243697616312079868e-01,2.457481604875557113e-01,3.250430108957168551e-01,-8.147028325244870528e-02,2.894125983135998892e-01,-1.834214521153698096e-01,-1.773295288081835619e-01,-7.860509005609014888e-02,-4.221181098620257477e-01,-1.063342642935456717e-01,-9.508261332924403814e-03,-1.466535708054841902e-01,-7.030016697412742044e-01,-4.366423243357883677e-02,2.539325438229675380e-01,3.620449489016220324e-01,-1.159506890459591072e-01,1.705358688894420549e-02,5.280540000224200892e-01
-1.371298516337267070e-01,-1.461318917314757826e-02,-5.863449255924385595e-01,-1.916035945343852187e-01,-1.559085149775670809e-01,5.332663971424576044e-01,5.215600400000000025e-01,-8.952880881375236966e-01,3.047248073232871474e-02,4.636444738174000380e-01,5.384224172815592624e-01,5.024310881542974894e-01,-5.153771328773210092e-01,-8.016276427634402291e-01,8.075201197743016035e-01,-5.947472342055076799e-01,-4.353409420775569694e-01,1.000000000000000000e+00,-9.509943324392858832e-01,1.566801810179906385e-01,-2.332608633426640210e-01,1.489058977761509583e-01,6.271153750457738596e-01,-3.900924274428168581e-01,5.089223334951702427e-01,-7.167907918657352440e-01,-3.450759310189599471e-02,4.547579731007276305e-01,5.621639730593567252e-01,5.324251226679752591e-01,-7.272961537678126476e-01,3.780891398688226435e-01,2.839320477314268287e-01,4.610729660005770114e-01,-3.230383689253224500e-01,-7.704075540210811313e-02,9.260855950871030862e-01,-2.746769600686609913e-01,2.519785294213490734e-01
-3.248600848002303199e-02,2.215515641838116112e-01,7.393619695099783451e-01,4.102698505556195974e-01,2.621006739581550615e-01,-4.575221722444222650e-01,-6.200512799999999825e-01,8.473768703689357196e-01,5.487000560649168968e-02,-5.811132707873875036e-01,-5.756046268065988514e-01,-4.953080613460090209e-01,4.076540996291099228e-01,8.063838040010149477e-01,-8.029854213565912335e-01,6.968719585673798234e-01,2.422388727229244365e-01,-9.509943324392858832e-01,1.000000000000000000e+00,-8.887243277833678512e-02,4.512780140880778834e-02,-1.490512067208070723e-01,-6.814653580524085985e-01,5.703007660827579262e-01,-6.242559097390250056e-01,7.848551614553511691e-01,1.591688586794880456e-01,-4.964709971351906059e-01,-4.430072005066593155e-01,-6.473914765478893107e-01,7.678160926148996923e-01,-5.233967279873329437e-01,-2.509299507187369715e-01,-5.513760487642844765e-01,1.979148124457681401e-01,-2.972319550718860448e-03,-9.856600408838600558e-01,2.524454422781359231e-01,-4.108484235037590526e-01
4.750073946079590437e-01,2.480179183157609213e-01,9.313398945493525996e-03,7.321097954160282750e-02,5.333866508840239273e-01,8.188630883026932761e-01,7.146679400000000015e-01,-2.702970063136767020e-01,5.366541017608553732e-01,6.938533982315657767e-01,9.419055302614368075e-02,-1.707096095730745722e-01,-1.599426903995347371e-01,2.051096463480513860e-02,-6.604045282237656911e-02,5.965353096079247797e-01,2.589219068857382400e-01,1.566801810179906385e-01,-8.887243277833678512e-02,1.000000000000000000e+00,-5.238663952792350642e-01,8.636447605718748921e-01,4.498326577771705193e-01,4.216597071838538158e-01,6.455461625607336051e-01,-5.520955457961674862e-01,2.377535397800774608e-01,6.267116922514928135e-01,-2.829436769336129628e-02,3.333891531815047493e-01,-6.012315707291461253e-01,-1.198715535086097850e-02,-8.051475490494744980e-01,3.695952341382428008e-01,1.336616010708072400e-01,6.227477534323968555e-01,2.165950352757324282e-01,-1.678941246597453474e-01,6.363327601365914576e-01
2.342161358622820710e-01,-7.481242719510586836e-01,7.815373278958877290e-02,-1.524512016326916297e-01,-2.672391291755348286e-01,-5.729809145955574445e-01,-1.848671600000000304e-01,4.692111405074435027e-01,-3.108162164323445276e-01,-5.862415941401008523e-02,-2.405238978534814664e-01,3.386134289688058630e-02,5.800167907250775023e-01,3.466965018692959033e-01,8.515968067761649218e-02,-4.775639803247519466e-01,4.243697616312079868e-01,-2.332608633426640210e-01,4.512780140880778834e-02,-5.238663952792350642e-01,1.000000000000000000e+00,-4.829975497789656957e-01,4.053392661959350461e-03,-6.539558427168737920e-01,-1.835115023356565511e-01,4.997654623330095858e-02,-2.264704944410811382e-02,-3.261659351992384770e-01,-3.947396892108359645e-01,-1.762530310749707840e-01,4.162935189299303285e-01,1.236925020609114245e-01,1.974146411822589597e-01,-4.596215904416958015e-02,7.459300648226949160e-02,-8.405266331738685259e-02,-4.643704706875267929e-02,7.002391898278653715e-02,9.107297214151828524e-03
5.095338041333353774e-01,1.586812133901089883e-01,-1.943383607358504794e-01,-1.451415924694205439e-01,4.668999402828390433e-01,7.690540963783762951e-01,7.395256800000000741e-01,-2.911886102682172406e-01,5.799361732926866519e-01,7.006851276333992962e-01,5.557747537957946626e-02,-2.417251017756627818e-01,-2.545613924329099276e-01,-9.273610147610936161e-02,-1.145124636360519699e-01,4.593495119009805006e-01,2.457481604875557113e-01,1.489058977761509583e-01,-1.490512067208070723e-01,8.636447605718748921e-01,-4.829975497789656957e-01,1.000000000000000000e+00,4.285413751401939697e-01,3.208202781351319199e-01,6.737813874810196779e-01,-5.252904468811741001e-01,-1.663887994501345169e-04,6.398289209666484512e-01,6.978554883138100504e-03,4.639056571374596816e-01,-6.374212598842170507e-01,3.954583508427358951e-02,-7.811557523701505579e-01,4.615178829737965893e-01,4.443042895654830682e-02,5.922520399977606598e-01,2.664825935632255116e-01,-1.104620460640487987e-02,7.466493713587091241e-01
4.548525540777240139e-01,-3.286313384283348071e-01,-2.929512283640995363e-01,-4.345618041420110100e-01,3.400235760980204192e-01,7.328555209282217042e-01,7.445176000000000016e-01,-5.028600533075332502e-01,3.097000554785771520e-01,7.550725914136009465e-01,2.477589962054314171e-02,-5.664348323094114956e-02,-3.472641708715315523e-01,-3.295350866167036097e-01,4.398222644046064223e-01,-3.604431626493144747e-01,3.250430108957168551e-01,6.271153750457738596e-01,-6.814653580524085985e-01,4.498326577771705193e-01,4.053392661959350461e-03,4.285413751401939697e-01,1.000000000000000000e+00,-2.827087270213969328e-01,6.876464412541135607e-01,-8.042643333317783805e-01,-1.725917929833767350e-01,3.300646778081591792e-01,3.511630045073446671e-01,3.202850710457822991e-01,-6.905046037184942032e-01,1.883314394463313224e-02,-3.675765055302741557e-01,2.878156712359384306e-01,-2.936720770105649136e-01,1.394522216536164261e-01,7.667046042808571826e-01,-4.641085609889548103e-01,6.304618516877389389e-01
-2.767741217292268852e-01,8.279829356075193436e-01,4.188148459466129458e-01,2.370380403541086645e-01,6.500627825275787641e-01,3.111146698587828330e-01,-2.304864399999999591e-01,8.616749794209409286e-02,4.851579709983274702e-01,-3.024128406261775148e-01,-3.155376323495671098e-01,-3.878986631292368203e-01,-3.377743637995955783e-01,2.000799977828291443e-01,-5.390299552184772969e-01,7.945583909061738614e-01,-8.147028325244870528e-02,-3.900924274428168581e-01,5.703007660827579262e-01,4.216597071838538158e-01,-6.539558427168737920e-01,3.208202781351319199e-01,-2.827087270213969328e-01,1.000000000000000000e+00,-1.269632678821882021e-01,4.607857448844956405e-01,-9.118548076753539566e-02,-5.177044114234728711e-02,2.648587204741618129e-01,-2.197511466756833509e-01,8.086371926178058389e-02,-6.122139372912799304e-01,-4.010711841521732435e-01,-3.274100234302425583e-01,1.166527482883796540e-01,9.301798708425246254e-02,-5.518250335549699237e-01,-2.182351183145537499e-01,-2.276993111936851943e-01
4.807811742605972438e-01,-7.663156135882509545e-02,-6.711854251018598561e-01,-5.569101752308857067e-01,1.519870724075952084e-01,7.293488715808017497e-01,9.254069400000000112e-01,-6.303687352301656777e-01,3.198861368130258009e-01,8.911389854479421224e-01,4.533189634750187658e-01,1.236971918396514714e-01,-2.550394742317552144e-01,-5.042417482565918485e-01,3.378899873080767335e-01,-3.608604510787964681e-02,2.894125983135998892e-01,5.089223334951702427e-01,-6.242559097390250056e-01,6.455461625607336051e-01,-1.835115023356565511e-01,6.737813874810196779e-01,6.876464412541135607e-01,-1.269632678821882021e-01,1.000000000000000000e+00,-8.009402315964779806e-01,-2.506648076184081475e-01,8.025071633104682300e-01,1.593973684751821274e-01,8.209497377565500020e-01,-9.211146273750477897e-01,4.363859486700218948e-01,-4.633014600532306959e-01,6.731010975797145912e-01,2.665455852325664399e-01,5.398735424010261408e-01,7.100629815398600275e-01,-3.649829429002297010e-01,8.209350815843531324e-01
-5.427935698893762151e-01,3.830051524945662922e-01,4.904116904089964590e-01,2.798153075862331307e-01,3.819242932656547601e-02,-6.489202345902458369e-01,-9.179211600000000137e-01,5.800074091232846341e-01,-9.455967249041605238e-02,-9.258714904046493333e-01,-4.635550627719545180e-01,-2.322548418093635658e-01,1.066723115327009169e-01,4.049342198247865010e-01,-5.728543192262552930e-01,2.835890017883587189e-01,-1.834214521153698096e-01,-7.167907918657352440e-01,7.848551614553511691e-01,-5.520955457961674862e-01,4.997654623330095858e-02,-5.252904468811741001e-01,-8.042643333317783805e-01,4.607857448844956405e-01,-8.009402315964779806e-01,1.000000000000000000e+00,-1.531035563776748099e-01,-6.390793301587962549e-01,-3.131629187141982823e-02,-5.844270061233297620e-01,8.035515283511386331e-01,-4.940962750491142419e-01,3.041089168178350843e-01,-6.742621805863545648e-01,5.993837548772718016e-02,-3.705807475743350676e-01,-8.693236137404244390e-01,1.092041795582769093e-01,-7.600724960771428895e-01
1.310357302971917326e-01,-1.398333408214810225e-01,4.756933834938057437e-01,8.073899376124282767e-01,-2.397282564080213396e-01,-1.312810762845298407e-01,-1.011914000000002645e-02,2.711063252489622766e-01,-2.488156492728308411e-01,5.272832834461133045e-02,1.386252720567455743e-01,9.486836466824905001e-02,5.881996574005230460e-01,3.988344246227452095e-01,1.886783330984900253e-01,2.911044673733323984e-01,-1.773295288081835619e-01,-3.450759310189599471e-02,1.591688586794880456e-01,2.377535397800774608e-01,-2.264704944410811382e-02,-1.663887994501345169e-04,-1.725917929833767350e-01,-9.118548076753539566e-02,-2.506648076184081475e-01,-1.531035563776748099e-01,1.000000000000000000e+00,-3.912256276525916121e-04,-5.730866181615476007e-01,-2.926719774150086106e-01,2.664652106032270318e-01,1.865379347741855653e-01,-2.523172513111572590e-02,1.447218398726216049e-01,-1.317135944423342142e-02,3.579363011637326508e-02,-1.265964566895665666e-01,3.276390448797570354e-01,-1.039710545242468753e-01
2.283451254604301761e-01,1.690037066485160500e-01,-6.509614415097040308e-01,-1.442701515705417659e-01,-1.554294242219944958e-02,5.344334124399279240e-01,7.347986799999999263e-01,-6.162153438225675961e-01,2.516999205473566814e-01,6.981137985754704012e-01,5.051172928977014642e-01,4.792954503308541891e-01,-2.171912273210467315e-01,-5.136598773477157875e-01,2.326707341462620204e-01,1.330426119512934657e-01,-7.860509005609014888e-02,4.547579731007276305e-01,-4.964709971351906059e-01,6.267116922514928135e-01,-3.261659351992384770e-01,6.398289209666484512e-01,3.300646778081591792e-01,-5.177044114234728711e-02,8.025071633104682300e-01,-6.390793301587962549e-01,-3.912256276525916121e-04,1.000000000000000000e+00,2.359274504622739174e-02,8.880325064933224377e-01,-7.872757536642490672e-01,6.087360681685443087e-01,-2.745333559110976207e-01,6.985674911500208140e-01,2.896871221393092499e-01,7.366001037270349938e-01,5.399796023327163574e-01,-1.174922163284379262e-01,6.990907077314103546e-01
-5.568990070007017179e-01,5.134912094652238634e-01,-2.627410727883389141e-01,-3.005295385841004197e-01,3.784609272402081337e-01,4.795307207176320863e-01,-1.509696000000004812e-02,-6.887785988236891921e-01,3.392258427432270351e-01,-1.151112421781550488e-01,-2.654386800034800459e-02,1.433163491308220849e-01,-9.051033270235895323e-01,-6.525766587519652440e-01,2.690749715412926180e-01,-3.330244945953839686e-01,-4.221181098620257477e-01,5.621639730593567252e-01,-4.430072005066593155e-01,-2.829436769336129628e-02,-3.947396892108359645e-01,6.978554883138100504e-03,3.511630045073446671e-01,2.648587204741618129e-01,1.593973684751821274e-01,-3.131629187141982823e-02,-5.730866181615476007e-01,2.359274504622739174e-02,1.000000000000000000e+00,1.695949678002836858e-01,-4.046268040092941276e-01,-3.454766729616751131e-01,2.429235966722392004e-01,-1.426470334879148261e-01,-3.822737722089405432e-01,-2.972124390424848994e-01,3.810680062191497131e-01,-5.462708930790844963e-01,-1.718629989001044800e-01
1.045326364339515535e-01,8.667300680461442752e-02,-8.996677185915971098e-01,-4.707561235353189821e-01,-2.150832528757756767e-01,4.022376496843247939e-01,6.732755599999999951e-01,-7.208717001553264225e-01,8.033337606000466591e-02,6.171288992102482718e-01,6.399097856189114308e-01,5.096456514150767836e-01,-2.820293110968443151e-01,-7.260481849478356287e-01,3.919982686494786206e-01,-1.605562400433607206e-01,-1.063342642935456717e-01,5.324251226679752591e-01,-6.473914765478893107e-01,3.333891531815047493e-01,-1.762530310749707840e-01,4.639056571374596816e-01,3.202850710457822991e-01,-2.197511466756833509e-01,8.209497377565500020e-01,-5.844270061233297620e-01,-2.926719774150086106e-01,8.880325064933224377e-01,1.695949678002836858e-01,1.000000000000000000e+00,-8.145943477690118506e-01,7.110783594057334955e-01,-3.909950364169423320e-02,7.592877401660922398e-01,3.780806945917290496e-01,5.347471202175092531e-01,6.520989308409528284e-01,-1.968802831018255928e-01,6.401232933884776211e-01
-2.541986924474927689e-01,-9.994865085491141943e-02,7.266624183117911251e-01,5.013909506544588224e-01,-1.145669042390874554e-01,-8.130558044064962742e-01,-8.710639799999999600e-01,8.483395752542390866e-01,-2.916245577258249067e-01,-7.992881065296041365e-01,-5.372674640565008319e-01,-2.539213135378754482e-01,5.285097419624369408e-01,7.078371245876583506e-01,-4.320742116286953594e-01,1.393690950106176718e-01,-9.508261332924403814e-03,-7.272961537678126476e-01,7.678160926148996923e-01,-6.012315707291461253e-01,4.162935189299303285e-01,-6.374212598842170507e-01,-6.905046037184942032e-01,8.086371926178058389e-02,-9.211146273750477897e-01,8.035515283511386331e-01,2.664652106032270318e-01,-7.872757536642490672e-01,-4.046268040092941276e-01,-8.145943477690118506e-01,1.000000000000000000e+00,-4.060032961528099449e-01,2.867425330629955194e-01,-6.255554199607664678e-01,-7.848003407046891255e-02,-4.153643454226783049e-01,-8.184543634062994011e-01,3.174934783235070501e-01,-7.013227127175626352e-01
1.516459919249881494e-01,-2.907196120247839133e-01,-7.162331825446270894e-01,-1.726462227965861462e-01,-7.803436549146736123e-01,-1.313155138187424298e-01,4.341208000000000844e-01,-3.660969044630237867e-01,-5.133867820593072118e-01,4.413515986034117211e-01,7.988634638591705084e-01,6.365608805454440189e-01,2.802349741201731748e-01,-4.621585122609216389e-01,5.045256544171712321e-01,-2.882172792467880273e-01,-1.466535708054841902e-01,3.780891398688226435e-01,-5.233967279873329437e-01,-1.198715535086097850e-02,1.236925020609114245e-01,3.954583508427358951e-02,1.883314394463313224e-02,-6.122139372912799304e-01,4.363859486700218948e-01,-4.940962750491142419e-01,1.865379347741855653e-01,6.087360681685443087e-01,-3.454766729616751131e-01,7.110783594057334955e-01,-4.060032961528099449e-01,1.000000000000000000e+00,2.773472705221253776e-01,7.413272408235871413e-01,4.717261810135131572e-01,3.405572413852556712e-01,5.005919668748242124e-01,1.883277993596024213e-01,4.072291900225433747e-01
-7.396094071416691174e-01,4.112681760288744437e-02,-2.196355732748096201e-01,1.240946317247258873e-01,-6.619819884107270846e-01,-5.869896867501973592e-01,-5.556949600000000711e-01,-1.961137189465905484e-01,-5.791296650548026781e-01,-5.748088816962054759e-01,2.864073827371857450e-01,5.859393951297593439e-01,-4.298815314885576916e-02,-4.217993011745845844e-01,4.520270170860833381e-01,-6.279636268383557152e-01,-7.030016697412742044e-01,2.839320477314268287e-01,-2.509299507187369715e-01,-8.051475490494744980e-01,1.974146411822589597e-01,-7.811557523701505579e-01,-3.675765055302741557e-01,-4.010711841521732435e-01,-4.633014600532306959e-01,3.041089168178350843e-01,-2.523172513111572590e-02,-2.745333559110976207e-01,2.429235966722392004e-01,-3.909950364169423320e-02,2.867425330629955194e-01,2.773472705221253776e-01,1.000000000000000000e+00,-9.799004978196607096e-02,-1.138284683912459405e-01,-5.559827299527393407e-01,9.303168560608000848e-02,1.986851062400579390e-02,-6.312765950618712818e-01
2.484633934447010029e-01,-1.451588551766173074e-01,-6.251151569669043395e-01,-2.459453741257742743e-01,-3.540388771158762826e-01,2.975277934078190967e-01,6.651546200000000297e-01,-4.842191086869251926e-01,-1.228511610925021591e-01,6.469694786924750085e-01,7.054915974387163669e-01,3.363675357943987643e-01,1.069708089616440705e-01,-4.714494175497150885e-01,5.414652013799575725e-01,-1.039433333140878241e-01,-4.366423243357883677e-02,4.610729660005770114e-01,-5.513760487642844765e-01,3.695952341382428008e-01,-4.596215904416958015e-02,4.615178829737965893e-01,2.878156712359384306e-01,-3.274100234302425583e-01,6.731010975797145912e-01,-6.742621805863545648e-01,1.447218398726216049e-01,6.985674911500208140e-01,-1.426470334879148261e-01,7.592877401660922398e-01,-6.255554199607664678e-01,7.413272408235871413e-01,-9.799004978196607096e-02,1.000000000000000000e+00,4.254312857942959547e-01,3.656222701242367035e-01,5.829577846564434340e-01,-2.313909087335647846e-02,5.965495856367896144e-01
7.446501951084383286e-02,1.269616451383188682e-01,-2.457505911930638332e-01,-2.306322162388679542e-01,-3.062748003877477920e-01,-1.815300991333118064e-01,1.032283800000000085e-01,8.032800066426874774e-02,-3.837554747922352072e-01,1.198079747646341869e-01,4.156483119094184220e-01,1.476136948011321226e-01,3.846815930148472784e-01,4.814570778658600059e-03,-4.933806563531421135e-02,3.563978957113337898e-01,2.539325438229675380e-01,-3.230383689253224500e-01,1.979148124457681401e-01,1.336616010708072400e-01,7.459300648226949160e-02,4.443042895654830682e-02,-2.936720770105649136e-01,1.166527482883796540e-01,2.665455852325664399e-01,5.993837548772718016e-02,-1.317135944423342142e-02,2.896871221393092499e-01,-3.822737722089405432e-01,3.780806945917290496e-01,-7.848003407046891255e-02,4.717261810135131572e-01,-1.138284683912459405e-01,4.254312857942959547e-01,1.000000000000000000e+00,4.147481644823071134e-01,-1.915335829295273240e-01,-1.194602408885618444e-01,2.211544114669925509e-01
4.382046542995943761e-01,6.553214844083254942e-02,-2.401846162810223340e-01,-6.834517839408101036e-02,1.855847826999387218e-01,3.159816489533395778e-01,5.276150799999999030e-01,-8.635439190049205849e-02,1.785044427979401160e-01,5.663589492420042504e-01,4.897621361015453562e-02,2.853208188037341109e-01,9.874829357452361012e-03,4.749590834035385956e-02,-3.089425695760801838e-01,4.207347685190375719e-01,3.620449489016220324e-01,-7.704075540210811313e-02,-2.972319550718860448e-03,6.227477534323968555e-01,-8.405266331738685259e-02,5.922520399977606598e-01,1.394522216536164261e-01,9.301798708425246254e-02,5.398735424010261408e-01,-3.705807475743350676e-01,3.579363011637326508e-02,7.366001037270349938e-01,-2.972124390424848994e-01,5.347471202175092531e-01,-4.153643454226783049e-01,3.405572413852556712e-01,-5.559827299527393407e-01,3.656222701242367035e-01,4.147481644823071134e-01,1.000000000000000000e+00,8.226101830663205827e-02,1.495887778937987911e-01,7.461745567274374880e-01
1.820652506074099397e-01,-2.772620568056302082e-01,-7.056616461225171388e-01,-4.266736272286275056e-01,-1.762494053511975689e-01,5.501364267738153568e-01,7.321856600000000714e-01,-8.137206561920414805e-01,2.564266746655343918e-02,7.010254961298220122e-01,5.447673002680111232e-01,4.026819174156496262e-01,-3.690690656445438922e-01,-7.330110443266885101e-01,7.650671767175305504e-01,-6.237885544953666317e-01,-1.159506890459591072e-01,9.260855950871030862e-01,-9.856600408838600558e-01,2.165950352757324282e-01,-4.643704706875267929e-02,2.664825935632255116e-01,7.667046042808571826e-01,-5.518250335549699237e-01,7.100629815398600275e-01,-8.693236137404244390e-01,-1.265964566895665666e-01,5.399796023327163574e-01,3.810680062191497131e-01,6.520989308409528284e-01,-8.184543634062994011e-01,5.005919668748242124e-01,9.303168560608000848e-02,5.829577846564434340e-01,-1.915335829295273240e-01,8.226101830663205827e-02,1.000000000000000000e+00,-2.521711912203536965e-01,5.240534550162581073e-01
2.261163675379753435e-01,-2.751288689191327963e-01,1.258255679361286461e-01,2.592566267183722961e-01,-3.645631616571424760e-01,-3.926120333783309491e-01,-1.277864600000000461e-01,3.946090066617934378e-01,-2.696815004102875446e-01,-1.015581189123115485e-01,3.268825351927117512e-02,2.992480301084454730e-02,3.086281302019217021e-01,3.608493100643487272e-01,-3.702231177391098194e-01,9.169848350181684926e-02,1.705358688894420549e-02,-2.746769600686609913e-01,2.524454422781359231e-01,-1.678941246597453474e-01,7.002391898278653715e-02,-1.104620460640487987e-02,-4.641085609889548103e-01,-2.182351183145537499e-01,-3.649829429002297010e-01,1.092041795582769093e-01,3.276390448797570354e-01,-1.174922163284379262e-01,-5.462708930790844963e-01,-1.968802831018255928e-01,3.174934783235070501e-01,1.883277993596024213e-01,1.986851062400579390e-02,-2.313909087335647846e-02,-1.194602408885618444e-01,1.495887778937987911e-01,-2.521711912203536965e-01,1.000000000000000000e+00,-1.942608725541202820e-03
7.235363358728736927e-01,-3.187292385010763729e-01,-4.701726056780075602e-01,-4.532050055147848755e-01,1.370568890650837313e-01,5.613987138337293015e-01,8.845284799999999503e-01,-2.885505395711514542e-01,2.083702524535068767e-01,9.128620019192990043e-01,1.769066282261795020e-01,4.174899057219333409e-02,-5.704727456020405180e-02,-1.524615827290480286e-01,6.292462652756510011e-02,4.321938720383010357e-02,5.280540000224200892e-01,2.519785294213490734e-01,-4.108484235037590526e-01,6.363327601365914576e-01,9.107297214151828524e-03,7.466493713587091241e-01,6.304618516877389389e-01,-2.276993111936851943e-01,8.209350815843531324e-01,-7.600724960771428895e-01,-1.039710545242468753e-01,6.990907077314103546e-01,-1.718629989001044800e-01,6.401232933884776211e-01,-7.013227127175626352e-01,4.072291900225433747e-01,-6.312765950618712818e-01,5.965495856367896144e-01,2.211544114669925509e-01,7.461745567274374880e-01,5.240534550162581073e-01,-1.942608725541202820e-03,1.000000000000000000e+00
