1.0,-0.28777481937601301,-0.3170292389758253,0.060980404640042014,0.23296005797666178,0.15491787561210879,0.049324631448539533,-0.26558483991821114,-0.10000004322666213,-0.40631752579664165,0.36496439315016621,-0.23037542997490576,0.013969642623435873,-0.20787155169588811,-0.2311667829026558,-0.21126500909748452,0.52377537900758719,-0.29181489497142871,-0.13281490590527889,0.18308857677510545,0.10301133003083886,0.42103474155721599,-0.30972774312372386,0.41467392505038442,0.13100284689078176,-0.034834267270053884,-0.10938735336303183,0.049890702752380132,-0.039915296159014457,0.10353774159726342,0.068474116805513519,-0.18302609032005407,-0.16973339343338689,0.19588101660331639,-0.35804101509426189,0.17388139921621884,-0.3190253436298221,0.38939883463781738,0.1245547600000001
-0.28777481937601301,1.0,0.53899560207802399,0.41671415697356184,-0.41383092245007042,0.2373973899098632,-0.50092818634908765,0.74249712872515239,0.14178767602168066,0.27341912943924013,-0.44789295098492909,-0.075860767081319821,0.29825429837036643,0.40893866855047467,0.20748034781107841,0.35116605210750174,-0.34471622811436214,-0.13121478288520461,0.069987572836102685,-0.16017057237785512,-0.47814025668307047,-0.67849124267559591,-0.31284995741007571,-0.84706549120081831,0.39535207507997294,-0.096224149697136552,-0.047241004001162379,-0.34509023013591084,0.11412958514334424,-0.68417107559477419,-0.27370569920986093,0.88619251559915779,-0.16358907639523546,0.32029374883075212,0.23313020589261568,-0.71730220336825334,0.13972582474023157,0.023882898366666416,-0.63702940000000008
-0.3170292389758253,0.53899560207802399,1.0,0.32089682575139367,-0.60828715519328658,0.27353966820822173,-0.59125901031689465,0.22236207872324196,0.018795610587591233,0.5207166636287881,-0.18803871503302924,-0.2623906626410516,-0.092084281125174292,0.061711898970746776,0.58425646884657623,0.4214297957034901,-0.15979829722876648,0.067900736382145499,-0.25296826674826567,0.15419505106225284,-0.58111710817876272,-0.39023833124958873,-0.13400429164858585,-0.65359647812771537,0.3478556636943152,-0.095796942553197539,0.050407888164190839,-0.47466735248901792,0.47974264458846388,-0.65232410394173934,-0.4125617452198363,0.61708256510354453,0.15542700158050854,0.37513643665049007,0.39524314579646985,-0.66326558900038346,0.31820951719866092,0.041465288593932316,-0.62677749999999999
0.060980404640042014,0.41671415697356184,0.32089682575139367,1.0,-0.59620265338840084,0.28657382623893424,-0.9233295632258206,0.25270185906167164,0.66595382442808271,0.1520154851640115,0.60075503157404841,-0.86678953370514567,0.41258236445668861,-0.11854116685534394,0.46481525453043754,0.49622276444614738,-0.15320024000965632,-0.079420901939080302,-0.76616926468345581,0.80733631666357419,-0.86502811311270889,-0.14095379993609536,-0.47621952399863965,-0.31208577516924541,0.91206858619900555,0.57649276059442833,0.66674870842067357,-0.77497196972575477,0.63978137066647489,-0.82117972914846271,-0.81881225784005263,0.5814417698551424,0.18885375192392398,0.68275783382022748,0.17135274537720768,-0.77683731112545029,0.49595949755279473,0.27739165478590455,-0.86534235999999998
0.23296005797666178,-0.41383092245007042,-0.60828715519328658,-0.59620265338840084,1.0,-0.51648309634415479,0.80270551672258506,0.081967920559081225,-0.26290404512449689,-0.63015981169589907,-0.11481256385977495,0.5136455982935253,0.21850603855913892,-0.28898192720494104,-0.88540703482310334,-0.50777653603687167,0.44804708154608819,-0.13583561682764478,0.44433033071057232,-0.4406030308502174,0.8594769846091932,0.41242632203145424,-0.063127049875074309,0.66293917857128315,-0.41414322655352981,-0.41845132673770041,-0.30810116719186237,0.84339476029597515,-0.73963743169739915,0.78985444736433286,0.40788852094921013,-0.61480485724388068,-0.46887501668876452,-0.37512686638239801,-0.62962489273713396,0.84626674469401941,-0.71645578439650326,-0.0183872741395299,0.8284949399999999
0.15491787561210879,0.2373973899098632,0.27353966820822173,0.28657382623893424,-0.51648309634415479,1.0,-0.38035923430394109,-0.2130867486170703,0.01810503998229436,0.16873749004643424,0.11485921603011917,-0.35418276588820047,-0.30048069956433326,0.51225581125478259,0.48372330271280062,0.050423594972281827,-0.3028662492116454,-0.19998268409684758,-0.091668546845944249,0.15234931461570164,-0.44749315984705068,-0.32881194818469373,-0.0088974124303108533,-0.21228557925106536,0.17909595447027432,0.21370000811677786,0.033478715948697627,-0.55524494039597183,0.33089987069324794,-0.37317881889516302,0.0057752562275076779,0.36306491900129989,0.28829230393061389,0.20119998332835815,0.34033120581020537,-0.47426328084795127,0.24540365885130661,0.099528333173511452,-0.43432218
0.049324631448539533,-0.50092818634908765,-0.59125901031689465,-0.9233295632258206,0.80270551672258506,-0.38035923430394109,1.0,-0.20285507127148467,-0.5616896960881943,-0.40012116120944957,-0.41698902922908937,0.79811168189636172,-0.17212911928440927,0.018088348835716389,-0.69421720255163122,-0.55620365076611167,0.23548704493911449,-0.0024661261413945431,0.73655056173754951,-0.73189333564007397,0.97290068359912552,0.29464275927812961,0.35374329536249854,0.52810906034283067,-0.84177900434247077,-0.45750341848551779,-0.53706498374852096,0.88039164100768952,-0.75401901481419586,0.94494260612353498,0.80429987123864854,-0.70579243344762121,-0.30488813353396182,-0.70679710424349307,-0.38208693352518053,0.91997105020687553,-0.59803879523650616,-0.20729756812135969,0.97179156
-0.26558483991821114,0.74249712872515239,0.22236207872324196,0.25270185906167164,0.081967920559081225,-0.2130867486170703,-0.20285507127148467,1.0,0.37571543842539812,-0.11323086597433304,-0.34626664618748648,0.052350376907711715,0.49261034554213462,0.16603224121726351,-0.33348751673969257,0.042841170891009639,-0.15517076687632325,-0.25342861156653457,0.10631174706483418,-0.22532510693908731,-0.1394788863788281,-0.54745938294333518,-0.51130417458852329,-0.43698976443996296,0.43484006791916674,-0.40631839234548056,-0.015680652078623823,0.029675079766995561,-0.24944749308982442,-0.38165814076949711,-0.33693600140475349,0.64619766270256851,-0.39727312466044934,0.42839654522882697,-0.13194789562534751,-0.36434135208100571,-0.23750376099760734,0.031788682005015931,-0.32503680000000001
-0.10000004322666213,0.14178767602168066,0.018795610587591233,0.66595382442808271,-0.26290404512449689,0.01810503998229436,-0.5616896960881943,0.37571543842539812,1.0,0.086387987048196585,0.51438648791141772,-0.55220656574327831,0.12418577347287202,-0.12942333563098363,0.14311360419252475,0.075224788229998604,-0.31346427230297674,0.05315653449568572,-0.67044248125710704,0.60197141970146395,-0.57771014300259305,-0.33143989116712141,-0.29050560416171017,0.040067179601165452,0.76729760204610586,0.20287839390827431,0.67129219464638523,-0.55778215009133425,0.1867560838742485,-0.47373005001794249,-0.79849561483700293,0.30711427992731832,0.3319556017133683,0.72245576771858488,0.21732605433752977,-0.47558383379029096,0.35342738125030015,-0.092176484833312811,-0.55375046000000006
-0.40631752579664165,0.27341912943924013,0.5207166636287881,0.1520154851640115,-0.63015981169589907,0.16873749004643424,-0.40012116120944957,-0.11323086597433304,0.086387987048196585,1.0,-0.24285484313222397,0.052946746069519157,-0.53395065636294226,0.016402767799841178,0.80491554236448737,0.1029717672871007,-0.63771630738470375,0.79208511381078917,-0.35524636738883297,0.12956385378847354,-0.54641513080456416,-0.51213759526835634,0.63782884337538714,-0.54885199699288123,0.0075577282902943368,0.23570862622465319,-0.017083982447800086,-0.61818858587132586,0.18288990927168866,-0.36633179588213211,-0.28442343341875209,0.19927487872914001,0.78354569490844439,-0.0069821622451415183,0.93723811169441584,-0.47988114261157172,0.83820716492831104,-0.65994008258483583,-0.43282292
0.36496439315016621,-0.44789295098492909,-0.18803871503302924,0.60075503157404841,-0.11481256385977495,0.11485921603011917,-0.41698902922908937,-0.34626664618748648,0.51438648791141772,-0.24285484313222397,1.0,-0.79808821605349989,0.23251485362312405,-0.45134907023361504,0.14942649526153742,0.15824996708706579,0.22255817172120745,-0.10253902198308805,-0.74716748830796809,0.89469963182061196,-0.35738374117753491,0.49054233669451669,-0.31869961075057007,0.50831555752479407,0.56763448807404837,0.58297959360365892,0.67685493861624224,-0.37876182281836196,0.47638235053524508,-0.17302207732610861,-0.53800337904951445,-0.19941777884356024,0.2032794069476761,0.42524555305229833,-0.17226236376621182,-0.085818205685271293,0.21896768657944188,0.35011029037643104,-0.24469978000000003
-0.23037542997490576,-0.075860767081319821,-0.2623906626410516,-0.86678953370514567,0.5136455982935253,-0.35418276588820047,0.79811168189636172,0.052350376907711715,-0.55220656574327831,0.052946746069519157,-0.79808821605349989,1.0,-0.32267636906206226,0.2246391575868758,-0.42010330463710555,-0.45817694379842794,-0.10499891140004618,0.24891041003449801,0.75741550816789793,-0.88133410270188706,0.71655026890214923,-0.15337380856347552,0.53211627752267887,0.0056868008497821089,-0.82888541036867203,-0.49662859444382895,-0.76835255507534295,0.6520682380840167,-0.73564931760118035,0.63369224362782028,0.70312774196499128,-0.35479615633311379,-0.13216537113407889,-0.64526219005379171,0.020893278088185127,0.576321314537111,-0.31392905877061217,-0.47711889224994719,0.68908356000000004
0.013969642623435873,0.29825429837036643,-0.092084281125174292,0.41258236445668861,0.21850603855913892,-0.30048069956433326,-0.17212911928440927,0.49261034554213462,0.12418577347287202,-0.53395065636294226,0.23251485362312405,-0.32267636906206226,1.0,-0.24068764785033964,-0.41149670692123652,0.4347199364166669,0.35037401505063276,-0.44716946212490127,-0.030666166809026802,0.18133389557739343,0.020591685113360344,0.33053723843309546,-0.70116791984737459,-0.039919821654990875,0.39451724846481639,0.14011195798912315,0.3077077070072311,0.22430056804490345,0.13550891343142471,-0.18522182217020411,-0.23378276913646745,0.23519527474366703,-0.68050882697204162,0.15944814592635043,-0.6588037296744621,-0.038564538585762601,-0.32344117988546595,0.58644808633428358,-0.10980034000000005
-0.20787155169588811,0.40893866855047467,0.061711898970746776,-0.11854116685534394,-0.28898192720494104,0.51225581125478259,0.018088348835716389,0.16603224121726351,-0.12942333563098363,0.016402767799841178,-0.45134907023361504,0.2246391575868758,-0.24068764785033964,1.0,0.10824415065373644,-0.061031078253221405,-0.51579903588060216,-0.37291067056120664,0.53424926123666916,-0.46624571095039069,-0.074688197955995683,-0.61038015744067919,0.073048639971786539,-0.47506466295011945,-0.20642400356907434,-0.09942900359369411,-0.37135788968689842,-0.11638551021391581,0.0068760613844890406,-0.18713136975974742,0.3894107870540261,0.47555454855151169,-0.072091607947587621,-0.030844469739742225,0.19946777392898601,-0.31078353596943048,-0.022658881764585775,0.01846251913106739,-0.18104370000000003
-0.2311667829026558,0.20748034781107841,0.58425646884657623,0.46481525453043754,-0.88540703482310334,0.48372330271280062,-0.69421720255163122,-0.33348751673969257,0.14311360419252475,0.80491554236448737,0.14942649526153742,-0.42010330463710555,-0.41149670692123652,0.10824415065373644,1.0,0.40137828585354407,-0.47917129672343711,0.43576100540219609,-0.52809853428027387,0.48139245803044822,-0.78986535052109252,-0.30609986920212284,0.34825026509682383,-0.51880798269500861,0.2505966937966525,0.52455745985845459,0.26204115468972589,-0.83886217845442135,0.66803682255732533,-0.60781984169343373,-0.38856093261916552,0.33720529419825901,0.70901779582418667,0.18351575462316583,0.78603683233230714,-0.68394268478011055,0.8612437229512504,-0.21358834236690177,-0.67896398000000002
-0.21126500909748452,0.35116605210750174,0.4214297957034901,0.49622276444614738,-0.50777653603687167,0.050423594972281827,-0.55620365076611167,0.042841170891009639,0.075224788229998604,0.1029717672871007,0.15824996708706579,-0.45817694379842794,0.4347199364166669,-0.061031078253221405,0.40137828585354407,1.0,0.12786893541862479,-0.17719063804143273,-0.20528614092209213,0.3672924432436368,-0.44289324131680424,0.16237493140328499,-0.35023848931912904,-0.45496856696435317,0.32746100221988445,0.36006897396031146,0.42641841815385018,-0.27763999611963075,0.75694398893247705,-0.57602395273118745,-0.3122459837958354,0.43418820974913014,-0.19713183165624293,0.19167439899312674,-0.071778234185033207,-0.4624582081933884,0.23212359036181085,0.50277297291234957,-0.49638227999999995
0.52377537900758719,-0.34471622811436214,-0.15979829722876648,-0.15320024000965632,0.44804708154608819,-0.3028662492116454,0.23548704493911449,-0.15517076687632325,-0.31346427230297674,-0.63771630738470375,0.22255817172120745,-0.10499891140004618,0.35037401505063276,-0.51579903588060216,-0.47917129672343711,0.12786893541862479,1.0,-0.44794141328976195,0.085898347545286177,0.052673717148831338,0.41353936345640774,0.76566554473529358,-0.51629962817972785,0.44646458444005532,-0.004720301535097826,-0.23913319121182702,0.033434767437868336,0.52321763262315579,0.062893823954564124,0.26425492073072193,0.14356748400547706,-0.28771706202528524,-0.61837747981407576,-0.049934919753018156,-0.77255529003939072,0.43860031056559823,-0.66554248674285998,0.61894032136946475,0.3666983800000001
-0.29181489497142871,-0.13121478288520461,0.067900736382145499,-0.079420901939080302,-0.13583561682764478,-0.19998268409684758,-0.0024661261413945431,-0.25342861156653457,0.05315653449568572,0.79208511381078917,-0.10253902198308805,0.24891041003449801,-0.44716946212490127,-0.37291067056120664,0.43576100540219609,-0.17719063804143273,-0.44794141328976195,1.0,-0.34878457167669219,0.10530269548621862,-0.14055825372503561,-0.15977556946352556,0.79199729479493297,-0.047850615762221847,-0.19690521397903504,0.27587219251153755,0.0076083768997297395,-0.26739953566414681,-0.2006950953986941,0.13391609352461839,-0.1626536502087742,-0.34623630320822901,0.77256012041695721,-0.29748063544027942,0.72539202169224426,0.042189604857776765,0.69443337262349936,-0.8407938248618948,0.038912239999999931
-0.13281490590527889,0.069987572836102685,-0.25296826674826567,-0.76616926468345581,0.44433033071057232,-0.091668546845944249,0.73655056173754951,0.10631174706483418,-0.67044248125710704,-0.35524636738883297,-0.74716748830796809,0.75741550816789793,-0.030666166809026802,0.53424926123666916,-0.52809853428027387,-0.20528614092209213,0.085898347545286177,-0.34878457167669219,1.0,-0.93262766774529626,0.7340211790143214,-0.057400723981538636,0.11707877251840068,-0.06610607598763607,-0.74811014424658429,-0.53131447092327388,-0.65631138623904406,0.73653217900485279,-0.49241356990598478,0.51455915790561191,0.87090460228327304,-0.099067132581879602,-0.56302954404610761,-0.5894228393783415,-0.35035804407863069,0.47607285169067232,-0.62544487296526752,0.051525135311938482,0.60274699999999992
0.18308857677510545,-0.16017057237785512,0.15419505106225284,0.80733631666357419,-0.4406030308502174,0.15234931461570164,-0.73189333564007397,-0.22532510693908731,0.60197141970146395,0.12956385378847354,0.89469963182061196,-0.88133410270188706,0.18133389557739343,-0.46624571095039069,0.48139245803044822,0.3672924432436368,0.052673717148831338,0.10530269548621862,-0.93262766774529626,1.0,-0.6877021171625477,0.26121285229334246,-0.26202691073743706,0.14178915863425992,0.73580740039716819,0.657176405766283,0.73622719650892365,-0.66910146856185038,0.66909402266819673,-0.50424769041496165,-0.77848027500768113,0.076611224639081044,0.38670234169183221,0.5528629887398554,0.13341987273370606,-0.4283273323270369,0.51930503194610456,0.22641491291225821,-0.57335113999999998
0.10301133003083886,-0.47814025668307047,-0.58111710817876272,-0.86502811311270889,0.8594769846091932,-0.44749315984705068,0.97290068359912552,-0.1394788863788281,-0.57771014300259305,-0.54641513080456416,-0.35738374117753491,0.71655026890214923,0.020591685113360344,-0.074688197955995683,-0.78986535052109252,-0.44289324131680424,0.41353936345640774,-0.14055825372503561,0.7340211790143214,-0.6877021171625477,1.0,0.42794450328153094,0.16445365570911932,0.54907136134110957,-0.76398072572976317,-0.47836093595459861,-0.4810389827376928,0.95966651346048126,-0.68966652740683354,0.91324390223699836,0.76731185388147238,-0.67224535949655584,-0.48839857338304821,-0.65988712323454646,-0.57078146707713329,0.93570720065453561,-0.7250842602440698,-0.020104106564103014,0.96906969999999992
0.42103474155721599,-0.67849124267559591,-0.39023833124958873,-0.14095379993609536,0.41242632203145424,-0.32881194818469373,0.29464275927812961,-0.54745938294333518,-0.33143989116712141,-0.51213759526835634,0.49054233669451669,-0.15337380856347552,0.33053723843309546,-0.61038015744067919,-0.30609986920212284,0.16237493140328499,0.76566554473529358,-0.15977556946352556,-0.057400723981538636,0.26121285229334246,0.42794450328153094,1.0,-0.16436551687390402,0.6349461945005892,-0.18688436778206494,0.20801056024737297,0.15066022397688472,0.4547478750993974,0.15697099550837365,0.44291047445602266,0.19099263536333527,-0.64166058741341536,-0.34304262257401918,-0.28755716869295805,-0.64652652760197737,0.60439225954332498,-0.33578116137395669,0.49147624637523635,0.4925882800000001
-0.30972774312372386,-0.31284995741007571,-0.13400429164858585,-0.47621952399863965,-0.063127049875074309,-0.0088974124303108533,0.35374329536249854,-0.51130417458852329,-0.29050560416171017,0.63782884337538714,-0.31869961075057007,0.53211627752267887,-0.70116791984737459,0.073048639971786539,0.34825026509682383,-0.35023848931912904,-0.51629962817972785,0.79199729479493297,0.11707877251840068,-0.26202691073743706,0.16445365570911932,-0.16436551687390402,1.0,0.012731472941208802,-0.65055031810628272,0.17618193921564754,-0.28867231767972129,-0.035164214383474508,-0.29186496367284953,0.42287516403513464,0.36968938406841062,-0.48780822643531274,0.67932602806611153,-0.62499925968018355,0.66283945104094988,0.27076200507476472,0.50652313594900666,-0.80219695266007907,0.33002821999999998
0.41467392505038442,-0.84706549120081831,-0.65359647812771537,-0.31208577516924541,0.66293917857128315,-0.21228557925106536,0.52810906034283067,-0.43698976443996296,0.040067179601165452,-0.54885199699288123,0.50831555752479407,0.0056868008497821089,-0.039919821654990875,-0.47506466295011945,-0.51880798269500861,-0.45496856696435317,0.44646458444005532,-0.047850615762221847,-0.06610607598763607,0.14178915863425992,0.54907136134110957,0.6349461945005892,0.012731472941208802,1.0,-0.18233883711203902,-0.032422401985768456,0.14760187016308335,0.43147985685241713,-0.35282906776666095,0.70531378901161912,0.16705336504926396,-0.81928892841862144,-0.028604670534288029,-0.16580534086380991,-0.4530799668980825,0.75057373291553431,-0.38058221529354874,0.036208208825350023,0.65456708000000008
0.13100284689078176,0.39535207507997294,0.3478556636943152,0.91206858619900555,-0.41414322655352981,0.17909595447027432,-0.84177900434247077,0.43484006791916674,0.76729760204610586,0.0075577282902943368,0.56763448807404837,-0.82888541036867203,0.39451724846481639,-0.20642400356907434,0.2505966937966525,0.32746100221988445,-0.004720301535097826,-0.19690521397903504,-0.74811014424658429,0.73580740039716819,-0.76398072572976317,-0.18688436778206494,-0.65055031810628272,-0.18233883711203902,1.0,0.24886591812194189,0.63737319288134575,-0.64999595668490573,0.47346923759708393,-0.76889706372051014,-0.89054678923975994,0.59244957188365999,0.076727808771050537,0.85771709261710283,0.040790124513302245,-0.70857306037457601,0.25173417348380672,0.29540176566630805,-0.7984272
-0.034834267270053884,-0.096224149697136552,-0.095796942553197539,0.57649276059442833,-0.41845132673770041,0.21370000811677786,-0.45750341848551779,-0.40631839234548056,0.20287839390827431,0.23570862622465319,0.58297959360365892,-0.49662859444382895,0.14011195798912315,-0.09942900359369411,0.52455745985845459,0.36006897396031146,-0.23913319121182702,0.27587219251153755,-0.53131447092327388,0.657176405766283,-0.47836093595459861,0.20801056024737297,0.17618193921564754,-0.032422401985768456,0.24886591812194189,1.0,0.46115781504064601,-0.53314819630148624,0.5143240863350772,-0.26002977973415509,-0.29590393528379194,-0.063330801366690448,0.42554466521181245,-0.063599053719723866,0.27374246929873564,-0.263783337097443,0.67657928576996873,-0.0061001303183579126,-0.34979612000000004
-0.10938735336303183,-0.047241004001162379,0.050407888164190839,0.66674870842067357,-0.30810116719186237,0.033478715948697627,-0.53706498374852096,-0.015680652078623823,0.67129219464638523,-0.017083982447800086,0.67685493861624224,-0.76835255507534295,0.3077077070072311,-0.37135788968689842,0.26204115468972589,0.42641841815385018,0.033434767437868336,0.0076083768997297395,-0.65631138623904406,0.73622719650892365,-0.4810389827376928,0.15066022397688472,-0.28867231767972129,0.14760187016308335,0.63737319288134575,0.46115781504064601,1.0,-0.43506680171834489,0.48353061418612953,-0.32552981893323757,-0.62042853121375918,0.093483112665263851,0.20803936498574971,0.34067668521273192,0.017149583036307078,-0.31354465551078692,0.34355313164922074,0.15033504230656786,-0.42640851999999996
0.049890702752380132,-0.34509023013591084,-0.47466735248901792,-0.77497196972575477,0.84339476029597515,-0.55524494039597183,0.88039164100768952,0.029675079766995561,-0.55778215009133425,-0.61818858587132586,-0.37876182281836196,0.6520682380840167,0.22430056804490345,-0.11638551021391581,-0.83886217845442135,-0.27763999611963075,0.52321763262315579,-0.26739953566414681,0.73653217900485279,-0.66910146856185038,0.95966651346048126,0.4547478750993974,-0.035164214383474508,0.43147985685241713,-0.64999595668490573,-0.53314819630148624,-0.43506680171834489,1.0,-0.58926209016131781,0.7855254172234365,0.67654810031050705,-0.52174379696473416,-0.67626808720553655,-0.56574381638072213,-0.70295115453366275,0.85293007096912699,-0.81070098487847386,0.14654002446461981,0.87975007999999999
-0.039915296159014457,0.11412958514334424,0.47974264458846388,0.63978137066647489,-0.73963743169739915,0.33089987069324794,-0.75401901481419586,-0.24944749308982442,0.1867560838742485,0.18288990927168866,0.47638235053524508,-0.73564931760118035,0.13550891343142471,0.0068760613844890406,0.66803682255732533,0.75694398893247705,0.062893823954564124,-0.2006950953986941,-0.49241356990598478,0.66909402266819673,-0.68966652740683354,0.15697099550837365,-0.29186496367284953,-0.35282906776666095,0.47346923759708393,0.5143240863350772,0.48353061418612953,-0.58926209016131781,1.0,-0.69341646150162217,-0.4414394721978927,0.41756499486483833,0.10028812992555497,0.39853132996331281,0.10710024124475252,-0.61302217263638892,0.41690506654631315,0.52750830992355191,-0.67286960000000007
0.10353774159726342,-0.68417107559477419,-0.65232410394173934,-0.82117972914846271,0.78985444736433286,-0.37317881889516302,0.94494260612353498,-0.38165814076949711,-0.47373005001794249,-0.36633179588213211,-0.17302207732610861,0.63369224362782028,-0.18522182217020411,-0.18713136975974742,-0.60781984169343373,-0.57602395273118745,0.26425492073072193,0.13391609352461839,0.51455915790561191,-0.50424769041496165,0.91324390223699836,0.44291047445602266,0.42287516403513464,0.70531378901161912,-0.76889706372051014,-0.26002977973415509,-0.32552981893323757,0.7855254172234365,-0.69341646150162217,1.0,0.69687074810779881,-0.87505143962602727,-0.13500607034918252,-0.73362754580268186,-0.33581556170415106,0.96685458246083422,-0.45919044780273366,-0.26541126553335415,0.97621749999999996
0.068474116805513519,-0.27370569920986093,-0.4125617452198363,-0.81881225784005263,0.40788852094921013,0.0057752562275076779,0.80429987123864854,-0.33693600140475349,-0.79849561483700293,-0.28442343341875209,-0.53800337904951445,0.70312774196499128,-0.23378276913646745,0.3894107870540261,-0.38856093261916552,-0.3122459837958354,0.14356748400547706,-0.1626536502087742,0.87090460228327304,-0.77848027500768113,0.76731185388147238,0.19099263536333527,0.36968938406841062,0.16705336504926396,-0.89054678923975994,-0.29590393528379194,-0.62042853121375918,0.67654810031050705,-0.4414394721978927,0.69687074810779881,1.0,-0.41807358183332466,-0.3255561982460442,-0.78112992017213645,-0.25929871958683698,0.63822070791925245,-0.46795759046093283,-0.026256980874800759,0.73702063999999989
-0.18302609032005407,0.88619251559915779,0.61708256510354453,0.5814417698551424,-0.61480485724388068,0.36306491900129989,-0.70579243344762121,0.64619766270256851,0.30711427992731832,0.19927487872914001,-0.19941777884356024,-0.35479615633311379,0.23519527474366703,0.47555454855151169,0.33720529419825901,0.43418820974913014,-0.28771706202528524,-0.34623630320822901,-0.099067132581879602,0.076611224639081044,-0.67224535949655584,-0.64166058741341536,-0.48780822643531274,-0.81928892841862144,0.59244957188365999,-0.063330801366690448,0.093483112665263851,-0.52174379696473416,0.41756499486483833,-0.87505143962602727,-0.41807358183332466,1.0,-0.14173320979188639,0.60081824728464772,0.19961907765853437,-0.88394621110519722,0.1567145954930321,0.26411189306734678,-0.82807507999999996
-0.16973339343338689,-0.16358907639523546,0.15542700158050854,0.18885375192392398,-0.46887501668876452,0.28829230393061389,-0.30488813353396182,-0.39727312466044934,0.3319556017133683,0.78354569490844439,0.2032794069476761,-0.13216537113407889,-0.68050882697204162,-0.072091607947587621,0.70901779582418667,-0.19713183165624293,-0.61837747981407576,0.77256012041695721,-0.56302954404610761,0.38670234169183221,-0.48839857338304821,-0.34304262257401918,0.67932602806611153,-0.028604670534288029,0.076727808771050537,0.42554466521181245,0.20803936498574971,-0.67626808720553655,0.10028812992555497,-0.13500607034918252,-0.3255561982460442,-0.14173320979188639,1.0,0.045259394651460561,0.88819457580364769,-0.27675587664077494,0.84598012443438364,-0.71366834922082434,-0.28791429999999996
0.19588101660331639,0.32029374883075212,0.37513643665049007,0.68275783382022748,-0.37512686638239801,0.20119998332835815,-0.70679710424349307,0.42839654522882697,0.72245576771858488,-0.0069821622451415183,0.42524555305229833,-0.64526219005379171,0.15944814592635043,-0.030844469739742225,0.18351575462316583,0.19167439899312674,-0.049934919753018156,-0.29748063544027942,-0.5894228393783415,0.5528629887398554,-0.65988712323454646,-0.28755716869295805,-0.62499925968018355,-0.16580534086380991,0.85771709261710283,-0.063599053719723866,0.34067668521273192,-0.56574381638072213,0.39853132996331281,-0.73362754580268186,-0.78112992017213645,0.60081824728464772,0.045259394651460561,1.0,0.041527834472741193,-0.65803800002313417,0.10600191803991549,0.32824163371603254,-0.71260106000000001
-0.35804101509426189,0.23313020589261568,0.39524314579646985,0.17135274537720768,-0.62962489273713396,0.34033120581020537,-0.38208693352518053,-0.13194789562534751,0.21732605433752977,0.93723811169441584,-0.17226236376621182,0.020893278088185127,-0.6588037296744621,0.19946777392898601,0.78603683233230714,-0.071778234185033207,-0.77255529003939072,0.72539202169224426,-0.35035804407863069,0.13341987273370606,-0.57078146707713329,-0.64652652760197737,0.66283945104094988,-0.4530799668980825,0.040790124513302245,0.27374246929873564,0.017149583036307078,-0.70295115453366275,0.10710024124475252,-0.33581556170415106,-0.25929871958683698,0.19961907765853437,0.88819457580364769,0.041527834472741193,1.0,-0.50127122495371901,0.85149808139503325,-0.73323454406668553,-0.44742645999999997
0.17388139921621884,-0.71730220336825334,-0.66326558900038346,-0.77683731112545029,0.84626674469401941,-0.47426328084795127,0.91997105020687553,-0.36434135208100571,-0.47558383379029096,-0.47988114261157172,-0.085818205685271293,0.576321314537111,-0.038564538585762601,-0.31078353596943048,-0.68394268478011055,-0.4624582081933884,0.43860031056559823,0.042189604857776765,0.47607285169067232,-0.4283273323270369,0.93570720065453561,0.60439225954332498,0.27076200507476472,0.75057373291553431,-0.70857306037457601,-0.263783337097443,-0.31354465551078692,0.85293007096912699,-0.61302217263638892,0.96685458246083422,0.63822070791925245,-0.88394621110519722,-0.27675587664077494,-0.65803800002313417,-0.50127122495371901,1.0,-0.55359635228157811,-0.090656086663394503,0.98455000000000004
-0.3190253436298221,0.13972582474023157,0.31820951719866092,0.49595949755279473,-0.71645578439650326,0.24540365885130661,-0.59803879523650616,-0.23750376099760734,0.35342738125030015,0.83820716492831104,0.21896768657944188,-0.31392905877061217,-0.32344117988546595,-0.022658881764585775,0.8612437229512504,0.23212359036181085,-0.66554248674285998,0.69443337262349936,-0.62544487296526752,0.51930503194610456,-0.7250842602440698,-0.33578116137395669,0.50652313594900666,-0.38058221529354874,0.25173417348380672,0.67657928576996873,0.34355313164922074,-0.81070098487847386,0.41690506654631315,-0.45919044780273366,-0.46795759046093283,0.1567145954930321,0.84598012443438364,0.10600191803991549,0.85149808139503325,-0.55359635228157811,1.0,-0.49055582486344151,-0.57311820000000002
0.38939883463781738,0.023882898366666416,0.041465288593932316,0.27739165478590455,-0.0183872741395299,0.099528333173511452,-0.20729756812135969,0.031788682005015931,-0.092176484833312811,-0.65994008258483583,0.35011029037643104,-0.47711889224994719,0.58644808633428358,0.01846251913106739,-0.21358834236690177,0.50277297291234957,0.61894032136946475,-0.8407938248618948,0.051525135311938482,0.22641491291225821,-0.020104106564103014,0.49147624637523635,-0.80219695266007907,0.036208208825350023,0.29540176566630805,-0.0061001303183579126,0.15033504230656786,0.14654002446461981,0.52750830992355191,-0.26541126553335415,-0.026256980874800759,0.26411189306734678,-0.71366834922082434,0.32824163371603254,-0.73323454406668553,-0.090656086663394503,-0.49055582486344151,1.0,-0.14405721999999999
0.1245547600000001,-0.63702940000000008,-0.62677749999999999,-0.86534235999999998,0.8284949399999999,-0.43432218,0.97179156,-0.32503680000000001,-0.55375046000000006,-0.43282292,-0.24469978000000003,0.68908356000000004,-0.10980034000000005,-0.18104370000000003,-0.67896398000000002,-0.49638227999999995,0.3666983800000001,0.038912239999999931,0.60274699999999992,-0.57335113999999998,0.96906969999999992,0.4925882800000001,0.33002821999999998,0.65456708000000008,-0.7984272,-0.34979612000000004,-0.42640851999999996,0.87975007999999999,-0.67286960000000007,0.97621749999999996,0.73702063999999989,-0.82807507999999996,-0.28791429999999996,-0.71260106000000001,-0.44742645999999997,0.98455000000000004,-0.57311820000000002,-0.14405721999999999,1.0
