1.0,0.39975464103326214,0.58558546124771516,0.25515911618331344,0.39378750070113244,0.73685633052165411,-0.5971057743184387,-0.69202040264969211,0.30133394580196254,0.19289594652906322,0.15582817828287335,0.3606450991404021,0.54691976201706016,-0.44886049738251177,0.84179746736895644,0.65232334458853158,-0.54771781545799336,-0.33656103880021748,-0.69166207690788784,-0.011793135641493098,-0.014503495301498415,-0.34931901185125447,-0.32217799108216516,-0.011750470503078425,-0.43326006742974288,-0.311720552031505,0.73571586447511839,-0.069626458232454183,-0.90092246319909242,-0.050317387493128238,0.063187560000000031,0.65055897014362019,-0.2146452805552117,-0.052523519614773584,0.019837506860530402,-0.30304439267894123,-0.70275750410980142,0.4498736668863757,0.36373748548917245
0.39975464103326214,1.0,0.11255773957786407,0.53740735679138552,-0.36590240441072935,0.17621092832904769,-0.41327453378678952,-0.13403874608382266,0.1418614167278397,0.040258394340741029,-0.48367097521676139,0.8546280910273536,0.53498659950468996,0.034056795125905086,0.68349820999333288,0.6816352144191169,0.060487089411953437,-0.81982725939644974,0.17248843355948668,0.6299539389748553,-0.33411251758068788,0.17616048465702944,0.083276097110175779,0.65480789109426929,-0.02127979875783928,-0.65159573689417438,0.36249836852551459,0.45695016567120889,-0.21479071976188688,0.61261219253540211,-0.48987639999999999,0.29280587356280435,0.33229359343130471,-0.53964834853269072,0.097677216163311167,-0.16045433130720591,-0.63205737742329193,0.72915458292334412,0.50297250186587916
0.58558546124771516,0.11255773957786407,1.0,0.52117481368117236,0.58664011120103243,0.80225735401689158,-0.2320428801079468,-0.79312249373923127,0.82298935058811795,-0.28729545066437084,0.37076702603789591,0.072514218105420455,-0.20812204106776039,-0.28818836987614815,0.35768784955519817,0.39029673037155427,-0.7986079645715094,-0.21075345132660867,-0.72694407830496177,-0.13062327561999482,-0.075378868193697546,-0.332477614407863,-0.72536178919818395,-0.55609257022565162,-0.60466613312885709,-0.17781065328801227,0.76027033616708917,-0.65132916387163076,-0.42345523301363286,-0.54976535100797908,0.6032093999999999,0.7310514104280309,0.0086535745950813495,-0.15522485609317377,0.33954320030316265,0.35415069999761239,-0.53565885446304407,-0.062009021718491986,-0.34435596485990266
0.25515911618331344,0.53740735679138552,0.52117481368117236,1.0,0.19404597320627368,0.49367183979572249,-0.23840629450989176,-0.3893537887923969,0.64472124442783552,0.01026366193642619,0.20475818486281022,0.19479916118489446,-0.12203194903014389,0.37765856976412437,0.28948304494241239,0.7372475191296135,-0.49011610658781157,-0.82711032671078366,-0.0828850991102454,0.068445942337168914,0.14583307277968571,0.25379154446655106,-0.61037559160658639,0.10434053436533061,-0.39870587463825713,-0.79802635526650645,0.62400070668012697,-0.31537989154235058,0.099828713268895961,-0.042956462081946152,0.30053854000000002,0.70561200356876519,0.69345084680092361,-0.19570375612413002,0.6988331517390588,0.4716166192012976,-0.76261569902343107,0.016757233248025288,-0.28628621039647445
0.39378750070113244,-0.36590240441072935,0.58664011120103243,0.19404597320627368,1.0,0.75805287855312953,-0.031700257983422714,-0.75392387614002898,0.54854550417462566,0.16731016586747691,0.82114865698602513,-0.36608813440221227,-0.23593033263676971,-0.26524924628347724,0.13515245590608843,0.2548369744602958,-0.84634899945646247,0.14950718635803711,-0.81264129177356748,-0.27891409948430262,0.31534448588140684,-0.36944982856838121,-0.77945839257150962,-0.62875590308301477,-0.76052667034661381,-0.043595560099296396,0.63914940699022793,-0.77867943774121584,-0.2319668758589139,-0.74096550773134939,0.79239476000000009,0.65566015433871927,-0.1001162212828275,0.60245399545990563,0.45755582793251987,0.053411636487354912,-0.29110391562005461,-0.26995976742887134,-0.57751123391563775
0.73685633052165411,0.17621092832904769,0.80225735401689158,0.49367183979572249,0.75805287855312953,1.0,-0.31545421676492946,-0.9088654082130514,0.72497751486919881,0.013761186920352613,0.62534378564746806,0.096252284777826491,0.091405206418527021,-0.23663606539688095,0.56128692068165753,0.68837712394392303,-0.94829994510472737,-0.32294760457707811,-0.87569862866493897,-0.025881620725962954,0.0022233871873949939,-0.36371670974761811,-0.82947227538443047,-0.43989995308735474,-0.83682207152280852,-0.42450027756535458,0.93512803008191914,-0.63289516059975459,-0.48023579228803542,-0.49667097303670715,0.62669087999999995,0.93896503941788989,0.088482725061837145,0.27686520399402703,0.44172703624236981,0.064780478475636338,-0.7330677108172623,0.067094459387251865,-0.31769441025792655
-0.5971057743184387,-0.41327453378678952,-0.2320428801079468,-0.23840629450989176,-0.031700257983422714,-0.31545421676492946,1.0,0.045254337232254381,-0.084465087110511594,-0.47332837680715084,0.024879747181613815,-0.086269378653955398,-0.24683459236551691,-0.10378876750009977,-0.40328308701053156,-0.52805531478866707,0.22666124716635416,0.52064200393507065,0.17815209997373377,0.20141212499864541,-0.26580636884335196,-0.026716685710151337,0.16415610063798028,-0.21827111332719951,0.33335610729763504,0.46946201976306234,-0.22187373733626931,-0.058735042895147249,0.50321656014374194,-0.045463300191662871,0.0347888999999999,-0.42452633611038459,-0.087179174301387122,0.037274341362911995,0.02123935758098076,-0.071912117606057965,0.62023762704566976,-0.18770249157411395,-0.45440655657049672
-0.69202040264969211,-0.13403874608382266,-0.79312249373923127,-0.3893537887923969,-0.75392387614002898,-0.9088654082130514,0.045254337232254381,1.0,-0.66974504398302326,0.070401764813729589,-0.51499744139057635,-0.21667242918847054,-0.15177016732257648,0.4771465955286241,-0.60951368321426236,-0.52512983662197366,0.83943408663757046,0.13079889147059331,0.87085014662384053,-0.13402815893268533,0.16669598736629138,0.48847200383273798,0.69077108514061869,0.42210799101408952,0.70453355984668353,0.20037947863415778,-0.92973837759018663,0.53638344992626485,0.50280079592941063,0.42406864531432581,-0.50866137999999994,-0.7716745422207395,0.10517540220179188,-0.15099310191002061,-0.3802038204395336,0.10629414590652932,0.53654984313390086,-0.2101608856724414,0.31096107513874777
0.30133394580196254,0.1418614167278397,0.82298935058811795,0.64472124442783552,0.54854550417462566,0.72497751486919881,-0.084465087110511594,-0.66974504398302326,1.0,-0.2391630329624172,0.35716131110818661,0.048809745923649284,-0.45007209048069563,-0.068840224540038228,0.10064229574021602,0.36918000630726655,-0.76316762788761516,-0.31521644697387763,-0.49692804606510543,0.07809954052312551,0.089371013247999953,0.055749479008356528,-0.85530799602375507,-0.43919891372903658,-0.64938536586095796,-0.25934669416634004,0.66848163546399442,-0.7677009659354378,0.021794605188795668,-0.65303977115306189,0.70313394000000007,0.7227380382206432,0.1528019193965694,-0.045228295292419896,0.6730681122136577,0.39430967260634897,-0.5340737587890545,-0.26514234006306969,-0.58785139910900641
0.19289594652906322,0.040258394340741029,-0.28729545066437084,0.01026366193642619,0.16731016586747691,0.013761186920352613,-0.47332837680715084,0.070401764813729589,-0.2391630329624172,1.0,0.20222376168799713,-0.20624282362558888,0.2099342859290145,0.23469232037588364,0.1579174516652575,0.27954427902545587,-0.03969032611938822,-0.19216649408448094,0.050930876110927212,-0.10562242875679903,0.5317207191399711,0.012350297115021482,-0.05131588796584978,0.45459639755917264,-0.29042848124498488,-0.26757457628096587,0.025814700472276447,0.11309218780620395,-0.096539170567556148,0.06582473779525401,-0.052004099999999998,0.13857142106050979,-0.091497103809310615,0.43308328251624262,0.23759194261275068,-0.17396305811767646,-0.27189575126790705,0.12483691732671529,0.1998985750644946
0.15582817828287335,-0.48367097521676139,0.37076702603789591,0.20475818486281022,0.82114865698602513,0.62534378564746806,0.024879747181613815,-0.51499744139057635,0.35716131110818661,0.20222376168799713,1.0,-0.61371464800665909,-0.26021989465960466,0.17200390531516885,-0.055898487582694119,0.27994615406582651,-0.79515548028859073,0.079830190563158043,-0.66006953076701902,-0.48231092314061846,0.31115002344820875,-0.36105654289872957,-0.76606125650088264,-0.64317575061284782,-0.73070152845265124,-0.21977099987026916,0.49742665040779355,-0.78120454413951901,-0.0098931358079077381,-0.6684963787303142,0.84307657999999996,0.62870840705114817,0.20856692247508127,0.79090273670628897,0.44882522754452076,0.31318312913360935,-0.261130526052061,-0.45199146420156622,-0.69408273020406286
0.3606450991404021,0.8546280910273536,0.072514218105420455,0.19479916118489446,-0.36608813440221227,0.096252284777826491,-0.086269378653955398,-0.21667242918847054,0.048809745923649284,-0.20624282362558888,-0.61371464800665909,1.0,0.6282858629112813,-0.37638271289190001,0.70402237910628263,0.38280776212060824,0.18670775246945648,-0.42923939063893252,0.078436372298497245,0.8291789299679867,-0.62300546753585495,-0.029412156569317487,0.28738602609599173,0.53191327352209117,0.1389402628607439,-0.23836842659950813,0.29536302730162367,0.54645546246900145,-0.30379359839280373,0.61955395511373446,-0.60807637999999997,0.044557164081189954,-0.029790502844332913,-0.60853143052144887,-0.13198940175777063,-0.47789151788418477,-0.30189989409009205,0.85594446075479758,0.53781903893896832
0.54691976201706016,0.53498659950468996,-0.20812204106776039,-0.12203194903014389,-0.23593033263676971,0.091405206418527021,-0.24683459236551691,-0.15177016732257648,-0.45007209048069563,0.2099342859290145,-0.26021989465960466,0.6282858629112813,1.0,-0.29911457566572658,0.8048518241836734,0.44127298221339356,0.1677296802762015,-0.24254730011164422,-0.10863926096279844,0.36930322406416993,-0.41883128048554846,-0.33326539207088601,0.40861596652682597,0.51046532592428728,0.13325205577103313,-0.24697154017434944,0.24635934050785474,0.66259079386115771,-0.62746016724027309,0.69264127387318442,-0.63613690000000001,0.034986411266682463,-0.12117326131543169,-0.12059532678378244,-0.37472218647262862,-0.67465441565811546,-0.26585620972689067,0.83986137396282279,0.73180100594983755
-0.44886049738251177,0.034056795125905086,-0.28818836987614815,0.37765856976412437,-0.26524924628347724,-0.23663606539688095,-0.10378876750009977,0.4771465955286241,-0.068840224540038228,0.23469232037588364,0.17200390531516885,-0.37638271289190001,-0.29911457566572658,1.0,-0.4084130470186626,0.18417603511792652,0.07919292639434139,-0.46493844882069091,0.4901468496089863,-0.27178076734298873,0.33888192399153544,0.38164646940305885,-0.13144426352092517,0.21535103231026259,-0.0011339448941420159,-0.53558945712951478,-0.23257264809835623,-0.066772498007967973,0.5924659593988536,0.085633175278937962,0.12511706,0.071348491387408619,0.69606808482738669,0.18938263466140837,0.36837378888599942,0.65711919154457743,-0.18855370763769796,-0.39377130133587213,-0.24755084159891669
0.84179746736895644,0.68349820999333288,0.35768784955519817,0.28948304494241239,0.13515245590608843,0.56128692068165753,-0.40328308701053156,-0.60951368321426236,0.10064229574021602,0.1579174516652575,-0.055898487582694119,0.70402237910628263,0.8048518241836734,-0.4084130470186626,1.0,0.72926788336063597,-0.3068612639704798,-0.46614234979589764,-0.45588294283306613,0.39462838138361361,-0.37115047175337718,-0.41106191696624167,-0.071297154419634967,0.29381138611348312,-0.29142324197151115,-0.43982126011892325,0.70822636159554331,0.26634312979522284,-0.75714179956507199,0.37241506226768206,-0.27233012000000001,0.50212304280260267,-0.055484500233644617,-0.19662467803556363,-0.036103682624759534,-0.45203167038013703,-0.64341769598771104,0.82412312767651108,0.48522990453123666
0.65232334458853158,0.6816352144191169,0.39029673037155427,0.7372475191296135,0.2548369744602958,0.68837712394392303,-0.52805531478866707,-0.52512983662197366,0.36918000630726655,0.27954427902545587,0.27994615406582651,0.38280776212060824,0.44127298221339356,0.18417603511792652,0.72926788336063597,1.0,-0.5555498984577758,-0.84828122870239353,-0.35073439208185531,0.16912043724637482,0.0051083339537124706,-0.048540668194614098,-0.49113424771088443,0.23570848557265267,-0.55548559470660785,-0.90733503888058131,0.77966617556776296,-0.082883845893832686,-0.34760572785118077,0.15630909679345842,0.1076650400000001,0.82887740071413629,0.51398973226170575,0.064381146414476315,0.42821332746842239,0.034124849773226031,-0.93893249761299213,0.40862922754298353,0.093019259908765708
-0.54771781545799336,0.060487089411953437,-0.7986079645715094,-0.49011610658781157,-0.84634899945646247,-0.94829994510472737,0.22666124716635416,0.83943408663757046,-0.76316762788761516,-0.03969032611938822,-0.79515548028859073,0.18670775246945648,0.1677296802762015,0.07919292639434139,-0.3068612639704798,-0.5555498984577758,1.0,0.21418955787763483,0.84867627241363452,0.21920360519986809,-0.14907877096381617,0.35133658545535695,0.9398888756398871,0.59788264171803995,0.8876771230531888,0.36236068166051649,-0.84253861746121206,0.82539270263354492,0.29107804264366999,0.68936912842819853,-0.83041202000000003,-0.91799006472254385,-0.14014938614584482,-0.41582022659911622,-0.53837956176138602,-0.28605413687401149,0.62838391332630295,0.20118929116176076,0.55367570097396723
-0.33656103880021748,-0.81982725939644974,-0.21075345132660867,-0.82711032671078366,0.14950718635803711,-0.32294760457707811,0.52064200393507065,0.13079889147059331,-0.31521644697387763,-0.19216649408448094,0.079830190563158043,-0.42923939063893252,-0.24254730011164422,-0.46493844882069091,-0.46614234979589764,-0.84828122870239353,0.21418955787763483,1.0,-0.12199326984782857,-0.23371862679377817,-0.050442260222400517,-0.3237702373626985,0.28504674919329709,-0.4838259439668266,0.2540308553993616,0.93235874287570075,-0.45141150303541178,-0.10229250449263717,0.027804326622928303,-0.33843650873637399,0.097861100000000034,-0.57208517642361834,-0.67827344685116719,0.25627263111551002,-0.44032502216759328,-0.25382867719457386,0.83803057992512064,-0.31285015265828031,-0.16769314826712692
-0.69166207690788784,0.17248843355948668,-0.72694407830496177,-0.0828850991102454,-0.81264129177356748,-0.87569862866493897,0.17815209997373377,0.87085014662384053,-0.49692804606510543,0.050930876110927212,-0.66006953076701902,0.078436372298497245,-0.10863926096279844,0.4901468496089863,-0.45588294283306613,-0.35073439208185531,0.84867627241363452,-0.12199326984782857,1.0,0.18132335861419063,0.09052481256053295,0.61485237384645763,0.64617645032308135,0.661428391692919,0.71844511093597974,0.021132798669200342,-0.76336554581030569,0.60695570154840239,0.61942420776075113,0.57905814464104466,-0.60869202,-0.69047187167951929,0.22684011771266377,-0.38029363032328789,-0.14092853634526314,0.095747164729712328,0.37337280666328304,-0.010310794542242714,0.28173590727255093
-0.011793135641493098,0.6299539389748553,-0.13062327561999482,0.068445942337168914,-0.27891409948430262,-0.025881620725962954,0.20141212499864541,-0.13402815893268533,0.07809954052312551,-0.10562242875679903,-0.48231092314061846,0.8291789299679867,0.36930322406416993,-0.27178076734298873,0.39462838138361361,0.16912043724637482,0.21920360519986809,-0.23371862679377817,0.18132335861419063,1.0,-0.60062539114967528,0.034734146418841018,0.21700084458058091,0.47652306064496414,0.015207883726373286,-0.09604114000293841,0.15633639376247191,0.39312348164334215,0.11626816343697294,0.44747136972389251,-0.45551112000000005,-0.082549371113211756,-0.050658660938978292,-0.33500254193134421,0.086710620105065681,-0.4805480907028396,-0.057295654743456791,0.66653846151598528,0.19893730256340036
-0.014503495301498415,-0.33411251758068788,-0.075378868193697546,0.14583307277968571,0.31534448588140684,0.0022233871873949939,-0.26580636884335196,0.16669598736629138,0.089371013247999953,0.5317207191399711,0.31115002344820875,-0.62300546753585495,-0.41883128048554846,0.33888192399153544,-0.37115047175337718,0.0051083339537124706,-0.14907877096381617,-0.050442260222400517,0.09052481256053295,-0.60062539114967528,1.0,0.48314768012661752,-0.29441675796184941,0.023486227270754001,-0.098427695607514673,-0.094987500241480408,-0.13574136380802554,-0.31928664214208607,0.14992402744947564,-0.39892649555373327,0.35592084000000002,0.14190295375826781,0.027627653672225833,0.37928339007306189,0.35666949581590762,0.23235161783898053,-0.16248119120963808,-0.573439683316744,-0.168615815667672
-0.34931901185125447,0.17616048465702944,-0.332477614407863,0.25379154446655106,-0.36944982856838121,-0.36371670974761811,-0.026716685710151337,0.48847200383273798,0.055749479008356528,0.012350297115021482,-0.36105654289872957,-0.029412156569317487,-0.33326539207088601,0.38164646940305885,-0.41106191696624167,-0.048540668194614098,0.35133658545535695,-0.3237702373626985,0.61485237384645763,0.034734146418841018,0.48314768012661752,1.0,0.096717739042646592,0.39040125112288349,0.35329240970900327,-0.18529785745872573,-0.37351918464683825,0.13081647027029075,0.51267140055104243,0.10984407580868827,-0.15163327999999998,-0.18609258166836978,0.34235248628934162,-0.1912441821357847,0.22994589435407656,0.10114644388909781,-0.018197958931124542,-0.31141564047692416,0.037189284896669256
-0.32217799108216516,0.083276097110175779,-0.72536178919818395,-0.61037559160658639,-0.77945839257150962,-0.82947227538443047,0.16415610063798028,0.69077108514061869,-0.85530799602375507,-0.05131588796584978,-0.76606125650088264,0.28738602609599173,0.40861596652682597,-0.13144426352092517,-0.071297154419634967,-0.49113424771088443,0.9398888756398871,0.28504674919329709,0.64617645032308135,0.21700084458058091,-0.29441675796184941,0.096717739042646592,1.0,0.54882853204490445,0.85394496132348563,0.40439369587370527,-0.72372430722426528,0.90256727381227608,-0.0049397840688473324,0.75406248825322808,-0.89944586000000004,-0.87163135843399087,-0.28145563978668542,-0.40480416572228234,-0.72720008754870891,-0.45410304396918899,0.59431151161797813,0.39833996334414756,0.71177516044131439
-0.011750470503078425,0.65480789109426929,-0.55609257022565162,0.10434053436533061,-0.62875590308301477,-0.43989995308735474,-0.21827111332719951,0.42210799101408952,-0.43919891372903658,0.45459639755917264,-0.64317575061284782,0.53191327352209117,0.51046532592428728,0.21535103231026259,0.29381138611348312,0.23570848557265267,0.59788264171803995,-0.4838259439668266,0.661428391692919,0.47652306064496414,0.023486227270754001,0.39040125112288349,0.54882853204490445,1.0,0.40826088023962309,-0.32827626933390902,-0.23274713968914615,0.79488475508402345,0.05544117250066425,0.8043672561365508,-0.79205667999999996,-0.28215039985719476,0.091302657414700811,-0.36647027742089244,-0.041728703448067783,-0.35352301533427855,-0.16738757586458541,0.581119913486569,0.66517302328972705
-0.43326006742974288,-0.02127979875783928,-0.60466613312885709,-0.39870587463825713,-0.76052667034661381,-0.83682207152280852,0.33335610729763504,0.70453355984668353,-0.64938536586095796,-0.29042848124498488,-0.73070152845265124,0.1389402628607439,0.13325205577103313,-0.0011339448941420159,-0.29142324197151115,-0.55548559470660785,0.8876771230531888,0.2540308553993616,0.71844511093597974,0.015207883726373286,-0.098427695607514673,0.35329240970900327,0.85394496132348563,0.40826088023962309,1.0,0.40744224211258234,-0.73856192533045839,0.70759666161348522,0.16150026057495132,0.58710594687758688,-0.72153566000000002,-0.83798792213944195,-0.13324164855896584,-0.495788663796911,-0.56797035866870638,-0.21762086917995468,0.59516687521113742,0.087468557401532296,0.49882758616521133
-0.311720552031505,-0.65159573689417438,-0.17781065328801227,-0.79802635526650645,-0.043595560099296396,-0.42450027756535458,0.46946201976306234,0.20037947863415778,-0.25934669416634004,-0.26757457628096587,-0.21977099987026916,-0.23836842659950813,-0.24697154017434944,-0.53558945712951478,-0.43982126011892325,-0.90733503888058131,0.36236068166051649,0.93235874287570075,0.021132798669200342,-0.09604114000293841,-0.094987500241480408,-0.18529785745872573,0.40439369587370527,-0.32827626933390902,0.40744224211258234,1.0,-0.52061706518808026,0.028944582110089448,0.0025256370390071073,-0.24734922637784484,-0.068909960000000048,-0.67592371010825092,-0.78578329925951873,-0.050140534481173102,-0.46825421885800589,-0.27957146087715451,0.8329827907577092,-0.22999535171933769,-0.010048100813098076
0.73571586447511839,0.36249836852551459,0.76027033616708917,0.62400070668012697,0.63914940699022793,0.93512803008191914,-0.22187373733626931,-0.92973837759018663,0.66848163546399442,0.025814700472276447,0.49742665040779355,0.29536302730162367,0.24635934050785474,-0.23257264809835623,0.70822636159554331,0.77966617556776296,-0.84253861746121206,-0.45141150303541178,-0.76336554581030569,0.15633639376247191,-0.13574136380802554,-0.37351918464683825,-0.72372430722426528,-0.23274713968914615,-0.73856192533045839,-0.52061706518808026,1.0,-0.45184081469270837,-0.46730154290018,-0.2590515166004469,0.43897132000000005,0.90094000530097429,0.16906102717426127,0.1065945673497504,0.50016673729730288,-0.0066880464162366558,-0.76636031730438781,0.27804706542988428,-0.23807062922789413
-0.069626458232454183,0.45695016567120889,-0.65132916387163076,-0.31537989154235058,-0.77867943774121584,-0.63289516059975459,-0.058735042895147249,0.53638344992626485,-0.7677009659354378,0.11309218780620395,-0.78120454413951901,0.54645546246900145,0.66259079386115771,-0.066772498007967973,0.26634312979522284,-0.082883845893832686,0.82539270263354492,-0.10229250449263717,0.60695570154840239,0.39312348164334215,-0.31928664214208607,0.13081647027029075,0.90256727381227608,0.79488475508402345,0.70759666161348522,0.028944582110089448,-0.45184081469270837,1.0,-0.13476917411067643,0.93996025239160996,-0.99241853999999996,-0.60779645562501639,-0.092750269600246127,-0.45695441417574956,-0.56902726922085223,-0.52483229532341003,0.22390439209838911,0.66677107788753665,0.8528141853868717
-0.90092246319909242,-0.21479071976188688,-0.42345523301363286,0.099828713268895961,-0.2319668758589139,-0.48023579228803542,0.50321656014374194,0.50280079592941063,0.021794605188795668,-0.096539170567556148,-0.0098931358079077381,-0.30379359839280373,-0.62746016724027309,0.5924659593988536,-0.75714179956507199,-0.34760572785118077,0.29107804264366999,0.027804326622928303,0.61942420776075113,0.11626816343697294,0.14992402744947564,0.51267140055104243,-0.0049397840688473324,0.05544117250066425,0.16150026057495132,0.0025256370390071073,-0.46730154290018,-0.13476917411067643,1.0,-0.070935248460410466,0.13339177999999996,-0.32215799544248103,0.42725180257249323,0.12224243007130542,0.36040952651868347,0.40820886048392668,0.37367030076427449,-0.49177460958798558,-0.5451245554080314
-0.050317387493128238,0.61261219253540211,-0.54976535100797908,-0.042956462081946152,-0.74096550773134939,-0.49667097303670715,-0.045463300191662871,0.42406864531432581,-0.65303977115306189,0.06582473779525401,-0.6684963787303142,0.61955395511373446,0.69264127387318442,0.085633175278937962,0.37241506226768206,0.15630909679345842,0.68936912842819853,-0.33843650873637399,0.57905814464104466,0.44747136972389251,-0.39892649555373327,0.10984407580868827,0.75406248825322808,0.8043672561365508,0.58710594687758688,-0.24734922637784484,-0.2590515166004469,0.93996025239160996,-0.070935248460410466,1.0,-0.92410068000000001,-0.40873838643315508,0.19508091621626977,-0.4642027288070415,-0.40453450874626301,-0.38125309851397038,0.030902259140159399,0.72185177342978912,0.7386375576612817
0.063187560000000031,-0.48987639999999999,0.6032093999999999,0.30053854000000002,0.79239476000000009,0.62669087999999995,0.0347888999999999,-0.50866137999999994,0.70313394000000007,-0.052004099999999998,0.84307657999999996,-0.60807637999999997,-0.63613690000000001,0.12511706,-0.27233012000000001,0.1076650400000001,-0.83041202000000003,0.097861100000000034,-0.60869202,-0.45551112000000005,0.35592084000000002,-0.15163327999999998,-0.89944586000000004,-0.79205667999999996,-0.72153566000000002,-0.068909960000000048,0.43897132000000005,-0.99241853999999996,0.13339177999999996,-0.92410068000000001,1.0,0.61737891999999994,0.13465419999999995,0.53735390000000005,0.55492359999999996,0.53564472000000007,-0.23013682000000002,-0.68024647999999999,-0.84934515999999993
0.65055897014362019,0.29280587356280435,0.7310514104280309,0.70561200356876519,0.65566015433871927,0.93896503941788989,-0.42452633611038459,-0.7716745422207395,0.7227380382206432,0.13857142106050979,0.62870840705114817,0.044557164081189954,0.034986411266682463,0.071348491387408619,0.50212304280260267,0.82887740071413629,-0.91799006472254385,-0.57208517642361834,-0.69047187167951929,-0.082549371113211756,0.14190295375826781,-0.18609258166836978,-0.87163135843399087,-0.28215039985719476,-0.83798792213944195,-0.67592371010825092,0.90094000530097429,-0.60779645562501639,-0.32215799544248103,-0.40873838643315508,0.61737891999999994,1.0,0.35359307577936105,0.26540830698847717,0.58428523113650976,0.26179208144936528,-0.87425945772568114,0.0092055480744080362,-0.33401380157047411
-0.2146452805552117,0.33229359343130471,0.0086535745950813495,0.69345084680092361,-0.1001162212828275,0.088482725061837145,-0.087179174301387122,0.10517540220179188,0.1528019193965694,-0.091497103809310615,0.20856692247508127,-0.029790502844332913,-0.12117326131543169,0.69606808482738669,-0.055484500233644617,0.51398973226170575,-0.14014938614584482,-0.67827344685116719,0.22684011771266377,-0.050658660938978292,0.027627653672225833,0.34235248628934162,-0.28145563978668542,0.091302657414700811,-0.13324164855896584,-0.78578329925951873,0.16906102717426127,-0.092750269600246127,0.42725180257249323,0.19508091621626977,0.13465419999999995,0.35359307577936105,1.0,0.043262584369640748,0.37517424935395283,0.5183280220091443,-0.386942241886715,-0.11703122998347584,-0.27124507429833911
-0.052523519614773584,-0.53964834853269072,-0.15522485609317377,-0.19570375612413002,0.60245399545990563,0.27686520399402703,0.037274341362911995,-0.15099310191002061,-0.045228295292419896,0.43308328251624262,0.79090273670628897,-0.60853143052144887,-0.12059532678378244,0.18938263466140837,-0.19662467803556363,0.064381146414476315,-0.41582022659911622,0.25627263111551002,-0.38029363032328789,-0.33500254193134421,0.37928339007306189,-0.1912441821357847,-0.40480416572228234,-0.36647027742089244,-0.495788663796911,-0.050140534481173102,0.1065945673497504,-0.45695441417574956,0.12224243007130542,-0.4642027288070415,0.53735390000000005,0.26540830698847717,0.043262584369640748,1.0,0.21613506863369666,-0.047216967516133954,0.020128854967940955,-0.36754816118406097,-0.44248502467169432
0.019837506860530402,0.097677216163311167,0.33954320030316265,0.6988331517390588,0.45755582793251987,0.44172703624236981,0.02123935758098076,-0.3802038204395336,0.6730681122136577,0.23759194261275068,0.44882522754452076,-0.13198940175777063,-0.37472218647262862,0.36837378888599942,-0.036103682624759534,0.42821332746842239,-0.53837956176138602,-0.44032502216759328,-0.14092853634526314,0.086710620105065681,0.35666949581590762,0.22994589435407656,-0.72720008754870891,-0.041728703448067783,-0.56797035866870638,-0.46825421885800589,0.50016673729730288,-0.56902726922085223,0.36040952651868347,-0.40453450874626301,0.55492359999999996,0.58428523113650976,0.37517424935395283,0.21613506863369666,1.0,0.35007987901758647,-0.49288336759454915,-0.30385834951459945,-0.62940323359499173
-0.30304439267894123,-0.16045433130720591,0.35415069999761239,0.4716166192012976,0.053411636487354912,0.064780478475636338,-0.071912117606057965,0.10629414590652932,0.39430967260634897,-0.17396305811767646,0.31318312913360935,-0.47789151788418477,-0.67465441565811546,0.65711919154457743,-0.45203167038013703,0.034124849773226031,-0.28605413687401149,-0.25382867719457386,0.095747164729712328,-0.4805480907028396,0.23235161783898053,0.10114644388909781,-0.45410304396918899,-0.35352301533427855,-0.21762086917995468,-0.27957146087715451,-0.0066880464162366558,-0.52483229532341003,0.40820886048392668,-0.38125309851397038,0.53564472000000007,0.26179208144936528,0.5183280220091443,-0.047216967516133954,0.35007987901758647,1.0,-0.17867839543471897,-0.59807769876266015,-0.54217917190482134
-0.70275750410980142,-0.63205737742329193,-0.53565885446304407,-0.76261569902343107,-0.29110391562005461,-0.7330677108172623,0.62023762704566976,0.53654984313390086,-0.5340737587890545,-0.27189575126790705,-0.261130526052061,-0.30189989409009205,-0.26585620972689067,-0.18855370763769796,-0.64341769598771104,-0.93893249761299213,0.62838391332630295,0.83803057992512064,0.37337280666328304,-0.057295654743456791,-0.16248119120963808,-0.018197958931124542,0.59431151161797813,-0.16738757586458541,0.59516687521113742,0.8329827907577092,-0.76636031730438781,0.22390439209838911,0.37367030076427449,0.030902259140159399,-0.23013682000000002,-0.87425945772568114,-0.386942241886715,0.020128854967940955,-0.49288336759454915,-0.17867839543471897,1.0,-0.25199630761670522,-0.053700959575445212
0.4498736668863757,0.72915458292334412,-0.062009021718491986,0.016757233248025288,-0.26995976742887134,0.067094459387251865,-0.18770249157411395,-0.2101608856724414,-0.26514234006306969,0.12483691732671529,-0.45199146420156622,0.85594446075479758,0.83986137396282279,-0.39377130133587213,0.82412312767651108,0.40862922754298353,0.20118929116176076,-0.31285015265828031,-0.010310794542242714,0.66653846151598528,-0.573439683316744,-0.31141564047692416,0.39833996334414756,0.581119913486569,0.087468557401532296,-0.22999535171933769,0.27804706542988428,0.66677107788753665,-0.49177460958798558,0.72185177342978912,-0.68024647999999999,0.0092055480744080362,-0.11703122998347584,-0.36754816118406097,-0.30385834951459945,-0.59807769876266015,-0.25199630761670522,1.0,0.67643253886038723
0.36373748548917245,0.50297250186587916,-0.34435596485990266,-0.28628621039647445,-0.57751123391563775,-0.31769441025792655,-0.45440655657049672,0.31096107513874777,-0.58785139910900641,0.1998985750644946,-0.69408273020406286,0.53781903893896832,0.73180100594983755,-0.24755084159891669,0.48522990453123666,0.093019259908765708,0.55367570097396723,-0.16769314826712692,0.28173590727255093,0.19893730256340036,-0.168615815667672,0.037189284896669256,0.71177516044131439,0.66517302328972705,0.49882758616521133,-0.010048100813098076,-0.23807062922789413,0.8528141853868717,-0.5451245554080314,0.7386375576612817,-0.84934515999999993,-0.33401380157047411,-0.27124507429833911,-0.44248502467169432,-0.62940323359499173,-0.54217917190482134,-0.053700959575445212,0.67643253886038723,1.0
