1.000000000000000000e+00,3.464043564718336521e-01,3.612850637712210905e-02,2.529857466524634488e-02,-1.078668630913628551e-01,-1.112346637756349704e-01,4.297928745473854062e-01,3.255096965671967491e-01,-3.114423845172371585e-01,5.631625787058550658e-01,2.189105325306159033e-01,3.215266570863063722e-02,1.879330311323815783e-01,2.294899221173677395e-01,5.961609479972090897e-01,1.384677053663271873e-02,-5.159588595290903745e-01,3.313265366025106573e-01,4.687498284034981033e-01,8.898059645856354338e-02,-3.982100077571522623e-01,-1.002598169539669314e-02,-1.458796799999999561e-01,-4.538328650823472143e-01,-1.933227451370870820e-01,5.204438853712813895e-01,3.338474576872039745e-01,-1.909352186809462615e-01,5.250088810939559925e-02,-2.264380307347438892e-01,-1.891552628523225921e-01,-3.838403968006787181e-01,-4.120264671723704308e-02,-1.521916018594129116e-01,5.509973443678879007e-02,-2.173356417492769976e-01,-8.225746823016649723e-02,-4.746450587177629132e-01,2.089095602174813049e-01
3.464043564718336521e-01,1.000000000000000000e+00,5.812049766079403490e-01,8.440234781350851589e-01,5.942153222082434683e-01,-4.972496120333344538e-02,-7.409121200809369590e-02,-4.299037826588618660e-01,3.647476170461763645e-01,7.679741040550784881e-01,-2.151528197820225530e-01,1.824559299049916261e-01,3.158262393722111039e-01,6.117782603249071194e-01,5.958018845601892322e-01,-2.859700663739536131e-01,-1.506647059069486927e-01,2.559016481318563963e-01,2.955991155433386197e-01,9.245257682621488282e-02,1.351505244349715806e-01,-2.534437319093775787e-01,-3.946912799999999777e-01,3.823857638530886449e-01,-3.250563358998926899e-01,2.538540634014340713e-01,-5.547237925796356661e-01,5.802526196863218022e-01,-2.436188175770333253e-01,-7.717135673701145393e-01,1.630666430548999291e-01,3.783627628842007873e-01,4.921130933170084765e-01,2.829974775654626185e-01,-5.344774584127679473e-01,5.606783746420900272e-01,-8.350961177524914847e-01,-5.881124497035853382e-01,1.632770897969991197e-01
3.612850637712210905e-02,5.812049766079403490e-01,1.000000000000000000e+00,5.343600066241277480e-01,4.208452407545359431e-01,1.150247003797576911e-01,-3.258749820755192927e-01,-7.314258939483345712e-01,1.460956643095523422e-01,2.618864464764110722e-01,-6.535717834649370506e-01,6.342440786922088902e-01,2.455348015079857754e-02,6.821989255539839814e-02,2.888895347482645648e-01,2.005403026338494488e-01,1.347568425869755671e-01,-2.457027642593678507e-01,-7.413793168476341677e-02,2.071370974245133681e-02,6.191450952568966493e-01,2.004174484451140548e-01,-9.441873999999994549e-02,3.385805562693027793e-01,-7.574759921130096441e-01,-1.776185102265446791e-01,-6.393152997926712100e-01,7.050809149029163558e-01,-1.000300511075525034e-01,-1.868284169492043512e-01,3.062231085348832704e-01,2.887807015368637487e-01,5.840941420688278152e-01,-1.465996344541818930e-01,-5.802368141418067227e-01,4.495701669704118553e-01,-6.769794890740911120e-01,8.578464513076872189e-02,3.293714308128361523e-01
2.529857466524634488e-02,8.440234781350851589e-01,5.343600066241277480e-01,1.000000000000000000e+00,6.575761894924008200e-01,1.076008239387100593e-02,-2.388080294871438441e-02,-5.169963594897644121e-01,6.151788628889715005e-01,6.255257435564057777e-01,-1.692803037979827285e-01,1.771670576729846291e-01,4.099220776061498484e-01,7.355972869987889018e-01,5.398615217066433658e-01,-5.450727899460364734e-01,-1.357189464364344511e-01,2.235779273331637285e-01,2.502970102290492660e-01,2.112685132090242890e-01,2.671655215750155521e-01,-2.856505097381873415e-01,-4.919370199999999471e-01,5.954663061873346486e-01,-3.566407614458994013e-01,1.070178684869013269e-01,-6.844005370649732800e-01,7.170605294391640960e-01,-4.307261307153549268e-01,-7.956479082161913574e-01,3.076250491249843400e-01,5.791388199074619658e-01,4.904925534597419645e-01,3.318036584352858087e-01,-6.047869641987432265e-01,5.704864815568199132e-01,-9.067967505620284641e-01,-5.600785300079571538e-01,1.575900074623778069e-01
-1.078668630913628551e-01,5.942153222082434683e-01,4.208452407545359431e-01,6.575761894924008200e-01,1.000000000000000000e+00,-5.250825715650796477e-01,-6.469998285693185913e-01,-5.357487302304236865e-01,2.775872299733287418e-01,3.733933473790255753e-01,-5.433091099907197963e-01,4.772242321020038203e-01,-3.198931475962509263e-01,4.724433598357964392e-01,6.331296331855845727e-02,-1.498593987208437783e-01,-5.356911035636625212e-02,-3.786876448491077185e-01,-3.860754433656055085e-01,-5.483995720998121604e-01,3.067725617129544169e-01,7.611881798676509159e-02,2.332425399999999982e-01,5.616292133920087748e-01,-2.982823509461515754e-02,-4.309857652986490706e-01,-3.475654000427617074e-01,2.926941894184978410e-01,3.150030170685176323e-01,-6.206218091588269203e-01,-3.511333113780004123e-01,8.962420647130225904e-01,8.002438629442546469e-01,5.132459351304335948e-02,4.826870457890333060e-02,5.326371356259700374e-01,-6.901693678385607544e-01,-5.450946872279529565e-01,-3.294664634112222101e-01
-1.112346637756349704e-01,-4.972496120333344538e-02,1.150247003797576911e-01,1.076008239387100593e-02,-5.250825715650796477e-01,1.000000000000000000e+00,4.486410786343227874e-01,-2.389671265186907867e-01,4.822036286004603989e-01,1.066796799351593661e-01,2.650305644542786387e-01,-4.625785115282409210e-01,7.217570371773890381e-01,-3.681339564894091643e-01,-1.098772827956158438e-01,7.712817912739271253e-02,-1.173052260210560305e-01,4.347811400214448008e-01,3.428526936613783827e-01,7.816464265398915812e-01,3.221826355671870701e-01,-5.202045449295078505e-01,-7.244385799999999431e-01,3.215860572946370732e-01,-3.627127785804751814e-01,6.323999420768326996e-01,-5.597682594014019575e-01,2.709081621986532684e-01,-7.450530397437588048e-01,2.773987146172109952e-01,7.992249417051211502e-01,-5.798863571707694176e-01,-4.064768828473457885e-01,4.969916949638264470e-01,-6.362066745997858597e-01,7.155197224914346121e-02,-1.300955864478233748e-01,3.418477858182997209e-01,6.468190281626992055e-01
4.297928745473854062e-01,-7.409121200809369590e-02,-3.258749820755192927e-01,-2.388080294871438441e-02,-6.469998285693185913e-01,4.486410786343227874e-01,1.000000000000000000e+00,5.747595968275368561e-01,9.994162031201583862e-03,1.892638556840643693e-01,8.240042724911554872e-01,-5.790692049170323985e-01,7.664162923659784132e-01,2.597311896284170141e-01,4.508904028511847573e-01,-4.883457936006140865e-01,-2.387509634909995293e-01,8.078067896498472011e-01,8.739061858904207947e-01,8.181780045678467284e-01,-5.393781310836557319e-01,-4.031364129156321252e-01,-6.888190199999999486e-01,-3.346621858806487770e-01,-1.925726072108397691e-01,6.911074912164338890e-01,1.428341969681343748e-01,-7.284832228001587862e-02,-6.727065231390877420e-01,-6.373966565784777716e-02,4.811268540963719587e-01,-6.439725981617585582e-01,-7.017751580624934649e-01,1.910886431275336250e-01,-2.969845991129444474e-01,-3.602363596462423989e-01,1.871193989996264295e-01,-1.145701018160945189e-01,3.456039971121899201e-01
3.255096965671967491e-01,-4.299037826588618660e-01,-7.314258939483345712e-01,-5.169963594897644121e-01,-5.357487302304236865e-01,-2.389671265186907867e-01,5.747595968275368561e-01,1.000000000000000000e+00,-5.515488789497715594e-01,-2.302119361479085802e-01,7.788385258474634920e-01,-5.175173167999238544e-01,8.004585961389007465e-02,1.656848524159248992e-01,7.886698361752597641e-02,-3.445023329027271930e-01,7.990341898902442175e-02,4.661299133461859201e-01,4.778048971663583222e-01,1.504079029734773365e-01,-9.333059705361537173e-01,-1.098355153132768436e-01,2.418136000000004060e-02,-6.876827471818753867e-01,4.206895085459375627e-01,1.924228298644001800e-01,7.710984513734882029e-01,-6.815237340799673582e-01,2.226240683075081384e-02,3.538967196847264685e-02,-1.785075405476356236e-01,-4.264437425159010031e-01,-7.436492964516858706e-01,-6.139922833384026113e-02,4.171102287580958912e-01,-5.479934400597872290e-01,7.420631351059505665e-01,-4.551267068505426838e-02,-2.639044569067247048e-01
-3.114423845172371585e-01,3.647476170461763645e-01,1.460956643095523422e-01,6.151788628889715005e-01,2.775872299733287418e-01,4.822036286004603989e-01,9.994162031201583862e-03,-5.515488789497715594e-01,1.000000000000000000e+00,4.026961372281355200e-01,-2.802978704490248496e-02,-1.735691823592611371e-01,5.038616374492430605e-01,1.903215168646327227e-01,-3.733526667403290478e-02,-2.953993457801115108e-01,-3.048549571221044197e-01,1.991914011272696017e-01,2.429666390521955516e-02,3.373347633479366614e-01,4.910145477308566764e-01,-5.455347514107556917e-01,-5.747975800000000302e-01,7.899829738975832072e-01,-1.140432662102362493e-01,3.221849921800277738e-01,-7.368470632239026985e-01,4.640950035277607855e-01,-5.383214329718933877e-01,-2.950070470201544559e-01,3.822784004214673792e-01,2.612710214302219613e-01,1.938014193816614827e-01,6.253774745626620168e-01,-4.632662592785231626e-01,3.949366034580225615e-01,-6.489410611024282183e-01,-2.729458927680126212e-01,3.808501487913741324e-01
5.631625787058550658e-01,7.679741040550784881e-01,2.618864464764110722e-01,6.255257435564057777e-01,3.733933473790255753e-01,1.066796799351593661e-01,1.892638556840643693e-01,-2.302119361479085802e-01,4.026961372281355200e-01,1.000000000000000000e+00,7.526271206422784077e-02,-6.011831763262560219e-02,4.435494183409534052e-01,4.478505262770352546e-01,5.709342042891535352e-01,-2.094406733318941449e-01,-5.759284390542113163e-01,4.261689677295857903e-01,4.010876057924837590e-01,1.706534255915928000e-01,-3.058918590372242119e-02,-3.775733376703642730e-01,-4.951423200000000246e-01,2.821656282526340265e-01,-1.506174893216964128e-01,6.057504868873775372e-01,-3.286562261675697316e-01,1.688342908556267619e-01,-2.240989758333934434e-01,-6.752110135682392045e-01,2.215777596523207243e-02,1.765860550805109508e-02,3.164276672958010739e-01,4.386578834076764744e-01,-3.572022007731858739e-01,4.171599512148140843e-01,-7.250290910638900188e-01,-8.179668747065360623e-01,3.400689881413344606e-01
2.189105325306159033e-01,-2.151528197820225530e-01,-6.535717834649370506e-01,-1.692803037979827285e-01,-5.433091099907197963e-01,2.650305644542786387e-01,8.240042724911554872e-01,7.788385258474634920e-01,-2.802978704490248496e-02,7.526271206422784077e-02,1.000000000000000000e+00,-8.653283639606866862e-01,6.326484636627501823e-01,2.871194579245792133e-01,1.283778298537797957e-01,-6.060977892156420577e-01,-6.586918964980353897e-02,8.438420719763167765e-01,7.599562658595364617e-01,6.227572318152659880e-01,-7.777564046430585076e-01,-5.976531170207748378e-01,-5.561388600000000126e-01,-2.318650845203898414e-01,2.669121724175004817e-01,5.918638434997165465e-01,2.760083849739564665e-01,-4.276904168609662049e-01,-5.267920086680109026e-01,-1.817296019959032671e-01,2.929033074903525380e-01,-4.880473962546741928e-01,-8.503075841594950335e-01,4.582539918323869088e-01,-4.763766021026019648e-02,-2.588764597341450813e-01,3.833982168426215975e-01,-1.758958385752360243e-01,3.171196335205656025e-02
3.215266570863063722e-02,1.824559299049916261e-01,6.342440786922088902e-01,1.771670576729846291e-01,4.772242321020038203e-01,-4.625785115282409210e-01,-5.790692049170323985e-01,-5.175173167999238544e-01,-1.735691823592611371e-01,-6.011831763262560219e-02,-8.653283639606866862e-01,1.000000000000000000e+00,-6.163309735548697654e-01,-5.757035689792566746e-02,1.643609022229125805e-01,4.202097084830204166e-01,-4.526504826461283729e-03,-7.592873755734467212e-01,-5.472779983126015990e-01,-5.722683659606716544e-01,5.309056653278987348e-01,7.506631827996966821e-01,5.765818000000000332e-01,-6.457804630711524996e-02,-3.907741950583445423e-01,-6.158509063767859670e-01,-1.672829623843580249e-02,3.643225627673138955e-01,5.422724750023832918e-01,1.083039620345591647e-01,-3.770930196926919331e-01,4.456161287776985169e-01,7.813967572430239317e-01,-7.067481759262856933e-01,1.326720163998862667e-01,1.694650696754745889e-02,-3.003540167573822139e-01,5.450853486852415969e-02,-9.670642259912803212e-03
1.879330311323815783e-01,3.158262393722111039e-01,2.455348015079857754e-02,4.099220776061498484e-01,-3.198931475962509263e-01,7.217570371773890381e-01,7.664162923659784132e-01,8.004585961389007465e-02,5.038616374492430605e-01,4.435494183409534052e-01,6.326484636627501823e-01,-6.163309735548697654e-01,1.000000000000000000e+00,3.407528690746650102e-01,3.673041078100610646e-01,-5.601278855102145293e-01,-1.927147659100779398e-01,8.692526198296667284e-01,8.183272709131040878e-01,9.392787579244018525e-01,-1.536669662611987452e-01,-7.600402837543407397e-01,-9.918032199999999854e-01,2.679026853024630839e-01,-3.181510430197446726e-01,7.913149788761534298e-01,-4.764134557560150141e-01,2.860409120407658157e-01,-9.505155928420265798e-01,-3.431997395091394565e-01,7.940100053998782048e-01,-3.724854854323907394e-01,-4.890317109855367161e-01,6.514722824816051583e-01,-7.238089279733223025e-01,1.132784270095243684e-01,-3.089771231445285760e-01,-1.783600477529836414e-01,5.403738579829683308e-01
2.294899221173677395e-01,6.117782603249071194e-01,6.821989255539839814e-02,7.355972869987889018e-01,4.724433598357964392e-01,-3.681339564894091643e-01,2.597311896284170141e-01,1.656848524159248992e-01,1.903215168646327227e-01,4.478505262770352546e-01,2.871194579245792133e-01,-5.757035689792566746e-02,3.407528690746650102e-01,1.000000000000000000e+00,6.302496295212450805e-01,-8.680586312314616526e-01,-2.672204210647788347e-02,4.485260325830199291e-01,5.116232081924388941e-01,1.696783601034690114e-01,-4.020477690468555743e-01,-2.709652845770045282e-01,-3.564731799999999451e-01,1.363495036708048946e-01,-4.843672165638790439e-02,6.424868454505688886e-02,-1.156988700786321100e-01,2.735464824556501640e-01,-3.074362493488000947e-01,-8.921152032411948651e-01,6.371459863784845190e-02,4.985534569380183356e-01,1.042445750130684967e-01,2.001454566631569731e-01,-2.364929281533919569e-01,2.306201616117034003e-01,-4.443023425300758333e-01,-6.768981889581511258e-01,-1.751870823248532494e-01
5.961609479972090897e-01,5.958018845601892322e-01,2.888895347482645648e-01,5.398615217066433658e-01,6.331296331855845727e-02,-1.098772827956158438e-01,4.508904028511847573e-01,7.886698361752597641e-02,-3.733526667403290478e-02,5.709342042891535352e-01,1.283778298537797957e-01,1.643609022229125805e-01,3.673041078100610646e-01,6.302496295212450805e-01,1.000000000000000000e+00,-3.967841562305970404e-01,-2.126699465789176902e-01,4.260741433776639719e-01,6.141399726743167475e-01,3.174440523691346994e-01,-2.395641193685465187e-01,9.019782906779538756e-02,-3.752804600000000379e-01,-3.054871647675130863e-01,-2.816430818170559958e-01,3.387178928788280308e-01,-5.220527735838289586e-03,4.064428045741343976e-01,-2.833017995926312427e-01,-5.436191036703563739e-01,1.458686635580272450e-01,-5.598241197838210725e-02,1.540977604419666025e-01,-1.197404435760674596e-01,-4.430084390681858220e-01,1.494756312759920602e-01,-3.892296885868511414e-01,-4.791922579148672479e-01,2.320334401632627164e-01
1.384677053663271873e-02,-2.859700663739536131e-01,2.005403026338494488e-01,-5.450727899460364734e-01,-1.498593987208437783e-01,7.712817912739271253e-02,-4.883457936006140865e-01,-3.445023329027271930e-01,-2.953993457801115108e-01,-2.094406733318941449e-01,-6.060977892156420577e-01,4.202097084830204166e-01,-5.601278855102145293e-01,-8.680586312314616526e-01,-3.967841562305970404e-01,1.000000000000000000e+00,-9.244375667254609019e-02,-6.492315077564524417e-01,-6.301545212073930147e-01,-4.583854567630948895e-01,4.879801795881364423e-01,5.050533481253158818e-01,5.502138800000000440e-01,-1.760731021133956076e-01,-5.418100385103381128e-02,-1.770564952051529584e-01,1.299052430325247642e-01,-1.540249163378302477e-01,5.759648778851101936e-01,7.098668074125673577e-01,-3.216821716143609677e-01,-2.933935476786584950e-01,2.955222045884817184e-01,-4.131155459258467055e-01,2.853708098891654110e-01,-1.129393446105859400e-01,1.955410090944958434e-01,4.409713488199208942e-01,1.288424952716086258e-01
-5.159588595290903745e-01,-1.506647059069486927e-01,1.347568425869755671e-01,-1.357189464364344511e-01,-5.356911035636625212e-02,-1.173052260210560305e-01,-2.387509634909995293e-01,7.990341898902442175e-02,-3.048549571221044197e-01,-5.759284390542113163e-01,-6.586918964980353897e-02,-4.526504826461283729e-03,-1.927147659100779398e-01,-2.672204210647788347e-02,-2.126699465789176902e-01,-9.244375667254609019e-02,1.000000000000000000e+00,-5.539524898512265816e-02,-2.568006071075825542e-02,-1.480631852099557194e-02,-8.519149441057018157e-02,1.712141419178139501e-01,1.796247200000000710e-01,-9.175959043681539140e-02,5.108614281368424603e-02,-5.180926089016295588e-01,-9.305969161324190164e-02,1.751566333719764557e-01,-1.290037694035227334e-02,6.906828945627464800e-02,2.572471583794579408e-01,1.668470431660969977e-01,-1.476856766073810501e-01,-7.759054613945765011e-02,-1.315493579266748536e-01,2.473825308190575056e-01,3.046303218455704842e-01,5.701905055041401882e-01,-4.581931623782248830e-01
3.313265366025106573e-01,2.559016481318563963e-01,-2.457027642593678507e-01,2.235779273331637285e-01,-3.786876448491077185e-01,4.347811400214448008e-01,8.078067896498472011e-01,4.661299133461859201e-01,1.991914011272696017e-01,4.261689677295857903e-01,8.438420719763167765e-01,-7.592873755734467212e-01,8.692526198296667284e-01,4.485260325830199291e-01,4.260741433776639719e-01,-6.492315077564524417e-01,-5.539524898512265816e-02,1.000000000000000000e+00,9.309488776444934111e-01,7.982514103115758708e-01,-5.805608548289775683e-01,-7.291815745779571811e-01,-8.407653400000000277e-01,-4.236806275046527126e-02,1.448487610090992694e-02,7.811023980778242226e-01,-1.220824557749624617e-01,-3.239233093536497687e-02,-7.575196437842384167e-01,-4.518595324926978352e-01,5.568640782080090945e-01,-4.338758747811877758e-01,-6.456039288457027236e-01,6.384453808667786001e-01,-4.896516177967921157e-01,5.818910766171692117e-02,-3.747165233682819840e-02,-2.928150710195426831e-01,2.793349848681254688e-01
4.687498284034981033e-01,2.955991155433386197e-01,-7.413793168476341677e-02,2.502970102290492660e-01,-3.860754433656055085e-01,3.428526936613783827e-01,8.739061858904207947e-01,4.778048971663583222e-01,2.429666390521955516e-02,4.010876057924837590e-01,7.599562658595364617e-01,-5.472779983126015990e-01,8.183272709131040878e-01,5.116232081924388941e-01,6.141399726743167475e-01,-6.301545212073930147e-01,-2.568006071075825542e-02,9.309488776444934111e-01,1.000000000000000000e+00,8.008680388899324099e-01,-5.899788507763416012e-01,-5.004603545661412412e-01,-7.763672999999999824e-01,-2.074491042615269343e-01,-2.337530135668368092e-01,6.731825675466002190e-01,-5.888197414493136217e-02,8.268110811864876064e-02,-7.168756532138510495e-01,-4.252443474121708200e-01,5.485792917161930182e-01,-4.465941094887900253e-01,-5.627161108538321077e-01,3.554025122333951403e-01,-5.109022366536278836e-01,-1.419877108863808711e-02,-5.297287397330165126e-02,-2.625234233519802007e-01,2.705956001054225513e-01
8.898059645856354338e-02,9.245257682621488282e-02,2.071370974245133681e-02,2.112685132090242890e-01,-5.483995720998121604e-01,7.816464265398915812e-01,8.181780045678467284e-01,1.504079029734773365e-01,3.373347633479366614e-01,1.706534255915928000e-01,6.227572318152659880e-01,-5.722683659606716544e-01,9.392787579244018525e-01,1.696783601034690114e-01,3.174440523691346994e-01,-4.583854567630948895e-01,-1.480631852099557194e-02,7.982514103115758708e-01,8.008680388899324099e-01,1.000000000000000000e+00,-1.374750102814872865e-01,-5.887000000405911981e-01,-9.112537400000000343e-01,8.480974576847488677e-02,-3.843931246183150408e-01,6.803549207164634183e-01,-3.862733120034961831e-01,3.046797661026218185e-01,-9.530923571119012117e-01,-8.917207616804077863e-02,8.816276420231370370e-01,-5.166474066693431677e-01,-6.128485296411123606e-01,4.610074923785414391e-01,-7.253571777299177015e-01,-2.300893956924415437e-02,-8.903052623858384584e-02,1.221831856321170667e-01,5.422688068682807172e-01
-3.982100077571522623e-01,1.351505244349715806e-01,6.191450952568966493e-01,2.671655215750155521e-01,3.067725617129544169e-01,3.221826355671870701e-01,-5.393781310836557319e-01,-9.333059705361537173e-01,4.910145477308566764e-01,-3.058918590372242119e-02,-7.777564046430585076e-01,5.309056653278987348e-01,-1.536669662611987452e-01,-4.020477690468555743e-01,-2.395641193685465187e-01,4.879801795881364423e-01,-8.519149441057018157e-02,-5.805608548289775683e-01,-5.899788507763416012e-01,-1.374750102814872865e-01,1.000000000000000000e+00,2.043027624830908717e-01,7.457599999999997564e-02,5.649170831505204715e-01,-4.109145202782809592e-01,-2.381759847625065374e-01,-6.416604625117759975e-01,5.924446115013396463e-01,1.237967739346782642e-02,2.778535824298703494e-01,1.782062623251091660e-01,2.780408485273246910e-01,6.054859751659927847e-01,-7.692701185665169750e-02,-3.029709683099480189e-01,3.195218340855549011e-01,-5.088026970096291013e-01,2.995968262217950095e-01,3.213458864014703820e-01
-1.002598169539669314e-02,-2.534437319093775787e-01,2.004174484451140548e-01,-2.856505097381873415e-01,7.611881798676509159e-02,-5.202045449295078505e-01,-4.031364129156321252e-01,-1.098355153132768436e-01,-5.455347514107556917e-01,-3.775733376703642730e-01,-5.976531170207748378e-01,7.506631827996966821e-01,-7.600402837543407397e-01,-2.709652845770045282e-01,9.019782906779538756e-02,5.050533481253158818e-01,1.712141419178139501e-01,-7.291815745779571811e-01,-5.004603545661412412e-01,-5.887000000405911981e-01,2.043027624830908717e-01,1.000000000000000000e+00,7.646299199999999630e-01,-4.991072351719397227e-01,-7.189306579988014034e-02,-6.690916926440756418e-01,4.214135692551437828e-01,5.939323803688327519e-02,6.824617671365559302e-01,4.062261774206584741e-01,-5.124699810680050094e-01,1.212547954232647135e-01,4.866870859887474365e-01,-9.063927897943222511e-01,3.961962759306891235e-01,-1.174086711181253212e-01,2.239463785898035686e-01,2.604897027394953990e-01,-3.056006988229731380e-01
-1.458796799999999561e-01,-3.946912799999999777e-01,-9.441873999999994549e-02,-4.919370199999999471e-01,2.332425399999999982e-01,-7.244385799999999431e-01,-6.888190199999999486e-01,2.418136000000004060e-02,-5.747975800000000302e-01,-4.951423200000000246e-01,-5.561388600000000126e-01,5.765818000000000332e-01,-9.918032199999999854e-01,-3.564731799999999451e-01,-3.752804600000000379e-01,5.502138800000000440e-01,1.796247200000000710e-01,-8.407653400000000277e-01,-7.763672999999999824e-01,-9.112537400000000343e-01,7.457599999999997564e-02,7.646299199999999630e-01,1.000000000000000000e+00,-3.505617399999999551e-01,3.209197399999998979e-01,-7.734373999999999416e-01,5.664155799999999186e-01,-3.609149400000000174e-01,9.503796799999999489e-01,3.951341999999999910e-01,-8.038250399999999907e-01,3.016112399999999472e-01,3.969832600000000600e-01,-6.927426999999999335e-01,7.766170400000000917e-01,-2.160469400000000206e-01,4.042167400000000743e-01,2.064749599999999852e-01,-5.426244199999999962e-01
-4.538328650823472143e-01,3.823857638530886449e-01,3.385805562693027793e-01,5.954663061873346486e-01,5.616292133920087748e-01,3.215860572946370732e-01,-3.346621858806487770e-01,-6.876827471818753867e-01,7.899829738975832072e-01,2.821656282526340265e-01,-2.318650845203898414e-01,-6.457804630711524996e-02,2.679026853024630839e-01,1.363495036708048946e-01,-3.054871647675130863e-01,-1.760731021133956076e-01,-9.175959043681539140e-02,-4.236806275046527126e-02,-2.074491042615269343e-01,8.480974576847488677e-02,5.649170831505204715e-01,-4.991072351719397227e-01,-3.505617399999999551e-01,1.000000000000000000e+00,-1.791210810484383797e-01,1.143260532894025717e-02,-8.230653798477224337e-01,3.978283413588437623e-01,-3.328452983173654234e-01,-3.459919618922939200e-01,3.105012025794446351e-01,5.215060831267208652e-01,3.334957653639534780e-01,6.010341553412424931e-01,-3.820088268878401028e-01,5.489930685693151791e-01,-6.928758216964323591e-01,-1.848713380239662141e-01,1.501491878037622407e-01
-1.933227451370870820e-01,-3.250563358998926899e-01,-7.574759921130096441e-01,-3.566407614458994013e-01,-2.982823509461515754e-02,-3.627127785804751814e-01,-1.925726072108397691e-01,4.206895085459375627e-01,-1.140432662102362493e-01,-1.506174893216964128e-01,2.669121724175004817e-01,-3.907741950583445423e-01,-3.181510430197446726e-01,-4.843672165638790439e-02,-2.816430818170559958e-01,-5.418100385103381128e-02,5.108614281368424603e-02,1.448487610090992694e-02,-2.337530135668368092e-01,-3.843931246183150408e-01,-4.109145202782809592e-01,-7.189306579988014034e-02,3.209197399999998979e-01,-1.791210810484383797e-01,1.000000000000000000e+00,-3.688203416782712130e-02,5.006293916723949522e-01,-6.019499613894410128e-01,3.684490784139282660e-01,-3.814506681712159786e-02,-4.944746010650226120e-01,5.719737892405635238e-02,-1.931121898797742431e-01,2.388707768206919657e-01,5.210482253364987493e-01,2.726831629268788859e-03,4.585577688229695026e-01,-1.555206108267722931e-01,-4.294878704675049730e-01
5.204438853712813895e-01,2.538540634014340713e-01,-1.776185102265446791e-01,1.070178684869013269e-01,-4.309857652986490706e-01,6.323999420768326996e-01,6.911074912164338890e-01,1.924228298644001800e-01,3.221849921800277738e-01,6.057504868873775372e-01,5.918638434997165465e-01,-6.158509063767859670e-01,7.913149788761534298e-01,6.424868454505688886e-02,3.387178928788280308e-01,-1.770564952051529584e-01,-5.180926089016295588e-01,7.811023980778242226e-01,6.731825675466002190e-01,6.803549207164634183e-01,-2.381759847625065374e-01,-6.690916926440756418e-01,-7.734373999999999416e-01,1.143260532894025717e-02,-3.688203416782712130e-02,1.000000000000000000e+00,-1.494226231628739687e-01,-7.597026785504866486e-02,-6.025904348714784531e-01,-1.815881937583836148e-01,4.146757247794818357e-01,-6.371235648161545084e-01,-4.568500777612221619e-01,5.916526912519770587e-01,-4.206372233610821132e-01,-2.143730181332013929e-02,-1.492139886409616922e-01,-3.071014232582904846e-01,6.037069455299047815e-01
3.338474576872039745e-01,-5.547237925796356661e-01,-6.393152997926712100e-01,-6.844005370649732800e-01,-3.475654000427617074e-01,-5.597682594014019575e-01,1.428341969681343748e-01,7.710984513734882029e-01,-7.368470632239026985e-01,-3.286562261675697316e-01,2.760083849739564665e-01,-1.672829623843580249e-02,-4.764134557560150141e-01,-1.156988700786321100e-01,-5.220527735838289586e-03,1.299052430325247642e-01,-9.305969161324190164e-02,-1.220824557749624617e-01,-5.888197414493136217e-02,-3.862733120034961831e-01,-6.416604625117759975e-01,4.214135692551437828e-01,5.664155799999999186e-01,-8.230653798477224337e-01,5.006293916723949522e-01,-1.494226231628739687e-01,1.000000000000000000e+00,-7.501659535123494926e-01,5.795277821484573488e-01,2.945562162665064654e-01,-6.626402351256250878e-01,-2.792799235706457939e-01,-2.997809089206085464e-01,-5.088445158249734757e-01,7.712877970296411201e-01,-6.134348071232624822e-01,7.651743815116309744e-01,-1.603867026780041519e-02,-3.500799077078749488e-01
-1.909352186809462615e-01,5.802526196863218022e-01,7.050809149029163558e-01,7.170605294391640960e-01,2.926941894184978410e-01,2.709081621986532684e-01,-7.284832228001587862e-02,-6.815237340799673582e-01,4.640950035277607855e-01,1.688342908556267619e-01,-4.276904168609662049e-01,3.643225627673138955e-01,2.860409120407658157e-01,2.735464824556501640e-01,4.064428045741343976e-01,-1.540249163378302477e-01,1.751566333719764557e-01,-3.239233093536497687e-02,8.268110811864876064e-02,3.046797661026218185e-01,5.924446115013396463e-01,5.939323803688327519e-02,-3.609149400000000174e-01,3.978283413588437623e-01,-6.019499613894410128e-01,-7.597026785504866486e-02,-7.501659535123494926e-01,1.000000000000000000e+00,-4.523437631494160449e-01,-2.320061397548116300e-01,5.512294381955094025e-01,3.250192306634125394e-01,4.512374388780348577e-01,-2.774722945031885685e-02,-7.270573195329185223e-01,4.390907489329415880e-01,-6.680236235049946680e-01,8.238021808608794738e-02,2.213109712906067839e-01
5.250088810939559925e-02,-2.436188175770333253e-01,-1.000300511075525034e-01,-4.307261307153549268e-01,3.150030170685176323e-01,-7.450530397437588048e-01,-6.727065231390877420e-01,2.226240683075081384e-02,-5.383214329718933877e-01,-2.240989758333934434e-01,-5.267920086680109026e-01,5.422724750023832918e-01,-9.505155928420265798e-01,-3.074362493488000947e-01,-2.833017995926312427e-01,5.759648778851101936e-01,-1.290037694035227334e-02,-7.575196437842384167e-01,-7.168756532138510495e-01,-9.530923571119012117e-01,1.237967739346782642e-02,6.824617671365559302e-01,9.503796799999999489e-01,-3.328452983173654234e-01,3.684490784139282660e-01,-6.025904348714784531e-01,5.795277821484573488e-01,-4.523437631494160449e-01,1.000000000000000000e+00,2.580420082568946061e-01,-9.112500942332780740e-01,2.590064232433726410e-01,4.683544603126131300e-01,-5.863222556025804444e-01,7.978338907256854462e-01,-1.441888853905831103e-01,2.848806789213406687e-01,-3.435498884398672376e-02,-4.880220214828167591e-01
-2.264380307347438892e-01,-7.717135673701145393e-01,-1.868284169492043512e-01,-7.956479082161913574e-01,-6.206218091588269203e-01,2.773987146172109952e-01,-6.373966565784777716e-02,3.538967196847264685e-02,-2.950070470201544559e-01,-6.752110135682392045e-01,-1.817296019959032671e-01,1.083039620345591647e-01,-3.431997395091394565e-01,-8.921152032411948651e-01,-5.436191036703563739e-01,7.098668074125673577e-01,6.906828945627464800e-02,-4.518595324926978352e-01,-4.252443474121708200e-01,-8.917207616804077863e-02,2.778535824298703494e-01,4.062261774206584741e-01,3.951341999999999910e-01,-3.459919618922939200e-01,-3.814506681712159786e-02,-1.815881937583836148e-01,2.945562162665064654e-01,-2.320061397548116300e-01,2.580420082568946061e-01,1.000000000000000000e+00,-4.805788710481345011e-02,-5.103432836854328025e-01,-2.331936856450390894e-01,-4.579449494634175721e-01,3.307689494821213771e-01,-5.305519988378388785e-01,6.244032713553349101e-01,7.725777472926755873e-01,1.072868372193057779e-01
-1.891552628523225921e-01,1.630666430548999291e-01,3.062231085348832704e-01,3.076250491249843400e-01,-3.511333113780004123e-01,7.992249417051211502e-01,4.811268540963719587e-01,-1.785075405476356236e-01,3.822784004214673792e-01,2.215777596523207243e-02,2.929033074903525380e-01,-3.770930196926919331e-01,7.940100053998782048e-01,6.371459863784845190e-02,1.458686635580272450e-01,-3.216821716143609677e-01,2.572471583794579408e-01,5.568640782080090945e-01,5.485792917161930182e-01,8.816276420231370370e-01,1.782062623251091660e-01,-5.124699810680050094e-01,-8.038250399999999907e-01,3.105012025794446351e-01,-4.944746010650226120e-01,4.146757247794818357e-01,-6.626402351256250878e-01,5.512294381955094025e-01,-9.112500942332780740e-01,-4.805788710481345011e-02,1.000000000000000000e+00,-2.841374466481517147e-01,-4.026507673831060674e-01,4.472887418991818853e-01,-8.546568247350873060e-01,1.755290404774541013e-01,-2.234491157762541480e-01,3.483423375343064898e-01,4.684205154885687228e-01
-3.838403968006787181e-01,3.783627628842007873e-01,2.887807015368637487e-01,5.791388199074619658e-01,8.962420647130225904e-01,-5.798863571707694176e-01,-6.439725981617585582e-01,-4.264437425159010031e-01,2.612710214302219613e-01,1.765860550805109508e-02,-4.880473962546741928e-01,4.456161287776985169e-01,-3.724854854323907394e-01,4.985534569380183356e-01,-5.598241197838210725e-02,-2.933935476786584950e-01,1.668470431660969977e-01,-4.338758747811877758e-01,-4.465941094887900253e-01,-5.166474066693431677e-01,2.780408485273246910e-01,1.212547954232647135e-01,3.016112399999999472e-01,5.215060831267208652e-01,5.719737892405635238e-02,-6.371235648161545084e-01,-2.792799235706457939e-01,3.250192306634125394e-01,2.590064232433726410e-01,-5.103432836854328025e-01,-2.841374466481517147e-01,1.000000000000000000e+00,6.471979846452438068e-01,-3.239450714250247110e-02,9.357210579515895521e-02,3.911134669684759313e-01,-4.834654567367859812e-01,-3.119492419973027841e-01,-4.235561777183670662e-01
-4.120264671723704308e-02,4.921130933170084765e-01,5.840941420688278152e-01,4.904925534597419645e-01,8.002438629442546469e-01,-4.064768828473457885e-01,-7.017751580624934649e-01,-7.436492964516858706e-01,1.938014193816614827e-01,3.164276672958010739e-01,-8.503075841594950335e-01,7.813967572430239317e-01,-4.890317109855367161e-01,1.042445750130684967e-01,1.540977604419666025e-01,2.955222045884817184e-01,-1.476856766073810501e-01,-6.456039288457027236e-01,-5.627161108538321077e-01,-6.128485296411123606e-01,6.054859751659927847e-01,4.866870859887474365e-01,3.969832600000000600e-01,3.334957653639534780e-01,-1.931121898797742431e-01,-4.568500777612221619e-01,-2.997809089206085464e-01,4.512374388780348577e-01,4.683544603126131300e-01,-2.331936856450390894e-01,-4.026507673831060674e-01,6.471979846452438068e-01,1.000000000000000000e+00,-3.076180189422816347e-01,3.400636442408196125e-02,4.657279187554887456e-01,-6.535221448578939496e-01,-3.239884417223196644e-01,-1.498338732131033191e-01
-1.521916018594129116e-01,2.829974775654626185e-01,-1.465996344541818930e-01,3.318036584352858087e-01,5.132459351304335948e-02,4.969916949638264470e-01,1.910886431275336250e-01,-6.139922833384026113e-02,6.253774745626620168e-01,4.386578834076764744e-01,4.582539918323869088e-01,-7.067481759262856933e-01,6.514722824816051583e-01,2.001454566631569731e-01,-1.197404435760674596e-01,-4.131155459258467055e-01,-7.759054613945765011e-02,6.384453808667786001e-01,3.554025122333951403e-01,4.610074923785414391e-01,-7.692701185665169750e-02,-9.063927897943222511e-01,-6.927426999999999335e-01,6.010341553412424931e-01,2.388707768206919657e-01,5.916526912519770587e-01,-5.088445158249734757e-01,-2.774722945031885685e-02,-5.863222556025804444e-01,-4.579449494634175721e-01,4.472887418991818853e-01,-3.239450714250247110e-02,-3.076180189422816347e-01,1.000000000000000000e+00,-4.402763431368750813e-01,4.305700432533588473e-01,-3.130852612353839381e-01,-2.839708107480232169e-01,2.485825337738493956e-01
5.509973443678879007e-02,-5.344774584127679473e-01,-5.802368141418067227e-01,-6.047869641987432265e-01,4.826870457890333060e-02,-6.362066745997858597e-01,-2.969845991129444474e-01,4.171102287580958912e-01,-4.632662592785231626e-01,-3.572022007731858739e-01,-4.763766021026019648e-02,1.326720163998862667e-01,-7.238089279733223025e-01,-2.364929281533919569e-01,-4.430084390681858220e-01,2.853708098891654110e-01,-1.315493579266748536e-01,-4.896516177967921157e-01,-5.109022366536278836e-01,-7.253571777299177015e-01,-3.029709683099480189e-01,3.961962759306891235e-01,7.766170400000000917e-01,-3.820088268878401028e-01,5.210482253364987493e-01,-4.206372233610821132e-01,7.712877970296411201e-01,-7.270573195329185223e-01,7.978338907256854462e-01,3.307689494821213771e-01,-8.546568247350873060e-01,9.357210579515895521e-02,3.400636442408196125e-02,-4.402763431368750813e-01,1.000000000000000000e+00,-4.844502878435746340e-01,5.612534269743477688e-01,-7.461102614746362161e-02,-5.521186489472118541e-01
-2.173356417492769976e-01,5.606783746420900272e-01,4.495701669704118553e-01,5.704864815568199132e-01,5.326371356259700374e-01,7.155197224914346121e-02,-3.602363596462423989e-01,-5.479934400597872290e-01,3.949366034580225615e-01,4.171599512148140843e-01,-2.588764597341450813e-01,1.694650696754745889e-02,1.132784270095243684e-01,2.306201616117034003e-01,1.494756312759920602e-01,-1.129393446105859400e-01,2.473825308190575056e-01,5.818910766171692117e-02,-1.419877108863808711e-02,-2.300893956924415437e-02,3.195218340855549011e-01,-1.174086711181253212e-01,-2.160469400000000206e-01,5.489930685693151791e-01,2.726831629268788859e-03,-2.143730181332013929e-02,-6.134348071232624822e-01,4.390907489329415880e-01,-1.441888853905831103e-01,-5.305519988378388785e-01,1.755290404774541013e-01,3.911134669684759313e-01,4.657279187554887456e-01,4.305700432533588473e-01,-4.844502878435746340e-01,1.000000000000000000e+00,-6.185996372742320615e-01,-2.381342676281909543e-01,-1.287185049833875494e-01
-8.225746823016649723e-02,-8.350961177524914847e-01,-6.769794890740911120e-01,-9.067967505620284641e-01,-6.901693678385607544e-01,-1.300955864478233748e-01,1.871193989996264295e-01,7.420631351059505665e-01,-6.489410611024282183e-01,-7.250290910638900188e-01,3.833982168426215975e-01,-3.003540167573822139e-01,-3.089771231445285760e-01,-4.443023425300758333e-01,-3.892296885868511414e-01,1.955410090944958434e-01,3.046303218455704842e-01,-3.747165233682819840e-02,-5.297287397330165126e-02,-8.903052623858384584e-02,-5.088026970096291013e-01,2.239463785898035686e-01,4.042167400000000743e-01,-6.928758216964323591e-01,4.585577688229695026e-01,-1.492139886409616922e-01,7.651743815116309744e-01,-6.680236235049946680e-01,2.848806789213406687e-01,6.244032713553349101e-01,-2.234491157762541480e-01,-4.834654567367859812e-01,-6.535221448578939496e-01,-3.130852612353839381e-01,5.612534269743477688e-01,-6.185996372742320615e-01,1.000000000000000000e+00,5.298157346137921664e-01,-2.927509422658631788e-01
-4.746450587177629132e-01,-5.881124497035853382e-01,8.578464513076872189e-02,-5.600785300079571538e-01,-5.450946872279529565e-01,3.418477858182997209e-01,-1.145701018160945189e-01,-4.551267068505426838e-02,-2.729458927680126212e-01,-8.179668747065360623e-01,-1.758958385752360243e-01,5.450853486852415969e-02,-1.783600477529836414e-01,-6.768981889581511258e-01,-4.791922579148672479e-01,4.409713488199208942e-01,5.701905055041401882e-01,-2.928150710195426831e-01,-2.625234233519802007e-01,1.221831856321170667e-01,2.995968262217950095e-01,2.604897027394953990e-01,2.064749599999999852e-01,-1.848713380239662141e-01,-1.555206108267722931e-01,-3.071014232582904846e-01,-1.603867026780041519e-02,8.238021808608794738e-02,-3.435498884398672376e-02,7.725777472926755873e-01,3.483423375343064898e-01,-3.119492419973027841e-01,-3.239884417223196644e-01,-2.839708107480232169e-01,-7.461102614746362161e-02,-2.381342676281909543e-01,5.298157346137921664e-01,1.000000000000000000e+00,6.620167689243955378e-02
2.089095602174813049e-01,1.632770897969991197e-01,3.293714308128361523e-01,1.575900074623778069e-01,-3.294664634112222101e-01,6.468190281626992055e-01,3.456039971121899201e-01,-2.639044569067247048e-01,3.808501487913741324e-01,3.400689881413344606e-01,3.171196335205656025e-02,-9.670642259912803212e-03,5.403738579829683308e-01,-1.751870823248532494e-01,2.320334401632627164e-01,1.288424952716086258e-01,-4.581931623782248830e-01,2.793349848681254688e-01,2.705956001054225513e-01,5.422688068682807172e-01,3.213458864014703820e-01,-3.056006988229731380e-01,-5.426244199999999962e-01,1.501491878037622407e-01,-4.294878704675049730e-01,6.037069455299047815e-01,-3.500799077078749488e-01,2.213109712906067839e-01,-4.880220214828167591e-01,1.072868372193057779e-01,4.684205154885687228e-01,-4.235561777183670662e-01,-1.498338732131033191e-01,2.485825337738493956e-01,-5.521186489472118541e-01,-1.287185049833875494e-01,-2.927509422658631788e-01,6.620167689243955378e-02,1.000000000000000000e+00
