1.0,0.31707517140199271,0.43796556031971678,-0.72472680325801841,0.40175388120392941,0.39252086685107734,0.17124998812287906,0.20983002669199549,0.51432124942566937,0.26843872702831506,-0.56034910236694946,0.01893815220885945,0.43072504733666972,-0.85021814042750687,-0.1817597195575667,0.10299487641987611,-0.30948595818767627,-0.056377099999999958,0.13857095319635501,0.14832580563974965,0.24043686514567858,-0.59388189405450642,-0.083891086400452813,-0.69846626204866225,-0.24767237279263865,0.20673137202031036,-0.25579207707023394,-0.19179623323491535,0.20161939875623658,0.61496913366670791,0.32845495082427351,0.52084343921777354,-0.34030162745729192,0.072245853096847307,0.37445165481122422,-0.57143800943670597,-0.46879326039312164,0.099761715821509819,-0.031817926178704485
0.31707517140199271,1.0,-0.0059655366221508382,-0.17490656770381524,-0.046241466184877941,0.36167135071387096,0.16189626260492909,0.15700033766887844,-0.39033443913158483,0.065598126016232772,-0.47045931028212329,0.0039450033779086045,-0.0091486778198850427,-0.57165955077569475,0.33477796547901073,0.73997769608771236,-0.041653631263305492,-0.23485054000000005,-0.0088259542898256743,0.33851319138633951,0.37441752619553015,-0.52954910788155551,0.069934637070252395,-0.4572033678962838,0.45168010611443743,-0.12658515171941709,-0.18996446313944276,0.34213686495640633,0.7969190162193347,0.51270058345970215,-0.511095103673194,0.58969982816797128,-0.33257267043187888,0.61718050669228153,-0.17684959105999157,-0.24169762570955972,-0.51689444836086074,0.1445669661512653,-0.30511815774339779
0.43796556031971678,-0.0059655366221508382,1.0,-0.61698865556908999,0.29130574821171562,0.41423003434853917,-0.60760183752312269,-0.4467645881422187,-0.022025446759994641,0.7087480838101351,-0.60534104724759219,-0.53378479869077899,0.27859037009614951,-0.26235860773697306,-0.50310840996652961,-0.22390187568625963,0.32245287359429564,0.55592930000000007,-0.3918298290018401,0.59435966235358872,-0.25326391155853445,-0.34806148562807926,-0.87845005437501189,-0.57394843917803628,-0.46714540751367678,0.65146087354170679,0.61098203573571785,-0.54622554754483676,0.18377256861850044,-3.8354817350585643e-05,0.076059867988382504,0.14042562711934073,0.066379269777968097,-0.15830350115767666,0.61180774950112438,-0.0051540571432751028,-0.63397874142498178,-0.52257911060089768,-0.56388673081224427
-0.72472680325801841,-0.17490656770381524,-0.61698865556908999,1.0,-0.56821941974286927,-0.24071446169703217,0.40561681059440924,0.2429267608882438,-0.40982842330256791,-0.73040942533933029,0.46198495978748505,0.12730411528777108,-0.59085408288722707,0.48954565524583371,0.40841694063405615,0.33448014399638737,-0.26844125731199581,-0.5159262,0.15342972999091059,-0.58024109781605759,0.19201012247500598,0.71914034144748618,0.36699094409758659,0.89348127595280336,0.38340100939095051,-0.68165315825782047,-0.12146714874134505,0.66505091248998816,-0.13111856065573213,-0.096089681692625703,-0.40402787553319197,-0.13874900496280262,0.19060486051168141,-0.22855277425746101,-0.71526103383417838,0.32253286962574285,0.73396340333683852,0.53537935730133457,0.077509405690820987
0.40175388120392941,-0.046241466184877941,0.29130574821171562,-0.56821941974286927,1.0,0.16968520667526202,-0.36436310893985085,0.19119483470671547,0.67565799960627115,0.14086061880951781,-0.29123231915593162,0.49320017274848221,0.99715428976962139,-0.2817695477286063,0.023005817613856415,-0.27343218088470117,0.32346079630408858,0.2645062199999999,0.531284239781321,0.038216596722914005,-0.65496933137276092,-0.76075612160656092,-0.042052085935022077,-0.36663228004609089,-0.23026361832773193,0.44729175360124063,-0.33153793060637726,-0.45605536750226727,0.061991730443687776,-0.32137282161203162,0.03863153494542157,-0.30527042404948873,-0.51346934785756093,-0.2020081691214792,0.78315107910336257,-0.73814067031287678,-0.20052951576977163,-0.47906849771553539,-0.061180409486163281
0.39252086685107734,0.36167135071387096,0.41423003434853917,-0.24071446169703217,0.16968520667526202,1.0,-0.10290059278823829,0.48980703667410569,-0.16368473423000815,-0.048573649532306737,-0.9011694422565637,0.1987683418339031,0.20506197341539556,-0.70597613203116194,0.48680795493097884,0.32204406855578527,-0.41549182176758886,-0.39459153999999996,0.3272946401614017,0.18565801366744156,0.2046787761137118,-0.47392537735072648,-0.26446749428483374,-0.33217466154267294,0.41953159317408134,-0.26253621296236018,-0.11391299423400887,0.33035717643078744,0.75800167159916554,0.52211168373170613,-0.46799134444859403,0.22826805758638935,-0.64089185549249994,-0.091832766884765951,-0.12020315474780099,-0.53486619176115602,-0.15311602741407834,0.20211662290434726,-0.84325396520743912
0.17124998812287906,0.16189626260492909,-0.60760183752312269,0.40561681059440924,-0.36436310893985085,-0.10290059278823829,1.0,0.56106568254238853,0.10069915512229581,-0.69258039661309423,0.19895772414573046,0.30648323710176051,-0.35114904863200547,-0.26722726197339663,0.30214116059788731,0.5484674219971305,-0.68929127652877986,-0.74458271999999992,0.34013267525620022,-0.64572312786063157,0.6429838804970992,0.29489476586900276,0.63722019062161517,0.28723083538131566,0.28298267821454948,-0.6848013362355243,-0.61514607358135587,0.67872399116062043,-0.067964919269288243,0.59154284035182481,0.054014617731984467,0.41768742466936282,-0.0093492045436926463,0.10394132611307608,-0.58420352975455991,-0.15704100574032848,0.48093450787634406,0.84809484343080743,0.39399633891736346
0.20983002669199549,0.15700033766887844,-0.4467645881422187,0.2429267608882438,0.19119483470671547,0.48980703667410569,0.56106568254238853,1.0,0.27069671254863875,-0.78531133804336861,-0.28702494747298873,0.83603962818727529,0.2204636537400555,-0.52862601788197305,0.78150594532174911,0.39084606226220048,-0.72693938971410355,-0.88336914,0.89846367671155813,-0.63186167879572785,0.29061631923010028,-0.20594065391786276,0.57663313938851501,0.20849048926944919,0.61268644010768114,-0.7434286954626208,-0.84528796451392796,0.69832649638568089,0.33595066657406197,0.47243986906995272,-0.33280851108070786,0.02637522524552862,-0.73746802247621801,-0.20611268582676179,-0.40573446182287187,-0.75526695092074525,0.54746185649336454,0.70397449100522524,-0.1268307542816047
0.51432124942566937,-0.39033443913158483,-0.022025446759994641,-0.40982842330256791,0.67565799960627115,-0.16368473423000815,0.10069915512229581,0.27069671254863875,1.0,-0.064394908457878638,0.13247399639703211,0.43351798614092252,0.67793123636901442,-0.21156854318750262,-0.16230406398097033,-0.43271552796725093,-0.13331131454326256,0.043476040000000049,0.48910133490256841,-0.33810170713232707,-0.33541487367279976,-0.28857282229898507,0.32870289057991031,-0.096974400246996037,-0.46260969300971139,0.18558873499591017,-0.47595020597459464,-0.4102327737118372,-0.48393334215660128,-0.093657068731233667,0.59115070561362226,-0.17509885162414179,-0.25388232484926188,-0.36368736784917338,0.51147962003903669,-0.57342792068627357,0.12128023662946062,-0.069149379027571345,0.49611980925702254
0.26843872702831506,0.065598126016232772,0.7087480838101351,-0.73040942533933029,0.14086061880951781,-0.048573649532306737,-0.69258039661309423,-0.78531133804336861,-0.064394908457878638,1.0,-0.22578615143859987,-0.65960713283682937,0.14254291931440821,-0.0033075675639857929,-0.66372739029836469,-0.44156399641072019,0.59180565331543178,0.84559460000000009,-0.71561263750112269,0.82358350571368799,-0.20611946349921445,-0.31812134047663265,-0.66523137724301462,-0.69166279661280061,-0.51189056612839434,0.85236763603891308,0.70142039266059997,-0.78814018438567923,0.0062637446515908246,-0.17591481527401276,0.34042646891906564,0.031503317841037839,0.3131408659324536,0.2530979352626771,0.60475644683059082,0.32081661637173398,-0.84837327558812115,-0.74787961779011392,-0.11708311460130641
-0.56034910236694946,-0.47045931028212329,-0.60534104724759219,0.46198495978748505,-0.29123231915593162,-0.9011694422565637,0.19895772414573046,-0.28702494747298873,0.13247399639703211,-0.22578615143859987,1.0,-0.056891208792799977,-0.32064659363338821,0.78846147943643818,-0.27337024143580796,-0.28558560168268776,0.19003469728353603,0.15356949999999991,-0.17329664529691158,-0.33994498657475652,-0.20100811490318979,0.66094596758592139,0.43743052044796904,0.5964673253526096,-0.27053827641255662,-0.048122195991789352,-0.0051389368955115887,-0.13358204675388649,-0.79425418883115373,-0.51536006298559089,0.40541844010882039,-0.25036261429664097,0.54503562414147988,-0.012661769856258866,-0.14133742847877961,0.5234039632917693,0.44077292273125901,-0.023503600845479481,0.80715219237896008
0.01893815220885945,0.0039450033779086045,-0.53378479869077899,0.12730411528777108,0.49320017274848221,0.1987683418339031,0.30648323710176051,0.83603962818727529,0.43351798614092252,-0.65960713283682937,-0.056891208792799977,1.0,0.50926380506674596,-0.24483058333976571,0.68164972406490498,0.078639588403567606,-0.30911823052665194,-0.55405382000000003,0.94231162563559878,-0.57852717302947476,-0.096775851337213281,-0.33809998440470718,0.62634445085035406,0.16673545330102987,0.51824442710153085,-0.43605091662895806,-0.86467108880093313,0.40613094414056372,0.15292919871248253,0.01098207072383923,-0.23111400696721751,-0.34414146695146669,-0.71328241897589839,-0.12550195803279801,-0.08165841127394885,-0.75362796575058222,0.54021534312283004,0.31641475241465039,0.080048746595654016
0.43072504733666972,-0.0091486778198850427,0.27859037009614951,-0.59085408288722707,0.99715428976962139,0.20506197341539556,-0.35114904863200547,0.2204636537400555,0.67793123636901442,0.14254291931440821,-0.32064659363338821,0.50926380506674596,1.0,-0.32647797372404297,0.061664991374894007,-0.2543065360890977,0.28615051446193535,0.23489067999999991,0.54502679930135955,0.054260910823425546,-0.62343224827236687,-0.79131247219455925,-0.013337731550460585,-0.38991048630217906,-0.20530854714767233,0.41972097219848736,-0.35492129935686378,-0.44010668569303008,0.098648319118483041,-0.2786331089914087,0.034556067092814002,-0.28352861296658904,-0.54759035676612133,-0.17955585847213851,0.75665212963851136,-0.7653237423079281,-0.22126368581237099,-0.4601091988497984,-0.070872440528219505
-0.85021814042750687,-0.57165955077569475,-0.26235860773697306,0.48954565524583371,-0.2817695477286063,-0.70597613203116194,-0.26722726197339663,-0.52862601788197305,-0.21156854318750262,-0.0033075675639857929,0.78846147943643818,-0.24483058333976571,-0.32647797372404297,1.0,-0.28761586509134129,-0.42711424374747864,0.50469821905273715,0.41869753999999992,-0.35401657876995868,-0.0891373831272054,-0.44824886385295687,0.6639708132958797,-0.022568190772969343,0.60322843779954449,-0.24179856703084313,0.15145282086575382,0.42836200928992524,-0.23886165346154969,-0.6211483239687281,-0.80379471201646358,0.12270643096120348,-0.5343003544956495,0.62044898239811652,-0.14903032096319996,-0.030099804658024143,0.70874484898073609,0.34187731881348216,-0.3541798560221644,0.33908354068277369
-0.1817597195575667,0.33477796547901073,-0.50310840996652961,0.40841694063405615,0.023005817613856415,0.48680795493097884,0.30214116059788731,0.78150594532174911,-0.16230406398097033,-0.66372739029836469,-0.27337024143580796,0.68164972406490498,0.061664991374894007,-0.28761586509134129,1.0,0.52000030884082982,-0.48120294290732535,-0.75960030000000001,0.69526584411605097,-0.31675913014490642,0.20733394979801084,-0.19553106355770716,0.54152944462812524,0.31542355848117831,0.74224639548267313,-0.7565572128487863,-0.60018052179936521,0.72909263289910453,0.57408580195961267,0.25351066666610333,-0.65306164641402198,-0.069997672319616677,-0.64600609062149894,-0.0060428270656142508,-0.5681776900562171,-0.50610470638139604,0.38113808621509909,0.48094045995257112,-0.3331988227153258
0.10299487641987611,0.73997769608771236,-0.22390187568625963,0.33448014399638737,-0.27343218088470117,0.32204406855578527,0.5484674219971305,0.39084606226220048,-0.43271552796725093,-0.44156399641072019,-0.28558560168268776,0.078639588403567606,-0.2543065360890977,-0.42711424374747864,0.52000030884082982,1.0,-0.35063264692677176,-0.60359516000000002,0.18651920629574564,-0.067682902993968466,0.47535655952224587,-0.11336471454415495,0.23601250629229309,0.062913900979526538,0.46416972581374522,-0.54483827388589612,-0.34398720138852384,0.70255550820203705,0.63161125198739543,0.55856335238281907,-0.6178275390334772,0.66085176967996984,-0.2166186213217908,0.34146539268693554,-0.50276781567947193,-0.20292042036821684,-0.036362238396502454,0.5354131112004733,-0.27322691681050465
-0.30948595818767627,-0.041653631263305492,0.32245287359429564,-0.26844125731199581,0.32346079630408858,-0.41549182176758886,-0.68929127652877986,-0.72693938971410355,-0.13331131454326256,0.59180565331543178,0.19003469728353603,-0.30911823052665194,0.28615051446193535,0.50469821905273715,-0.48120294290732535,-0.35063264692677176,1.0,0.86237217999999993,-0.4214786471816066,0.47715462389948449,-0.6728103835807574,-0.20363953467282075,-0.47777454131779901,-0.22982793021460121,-0.34346343159188808,0.8038860451824007,0.50749698844453872,-0.65329293795200505,-0.11293402737291824,-0.76321248267723096,-0.031686080383083855,-0.37340882195718139,0.34911563028640075,0.17474173741171534,0.65755733008909634,0.32646279514913301,-0.45120533172655142,-0.88290347360926147,0.017022017275854732
-0.056377099999999958,-0.23485054000000005,0.55592930000000007,-0.5159262,0.2645062199999999,-0.39459153999999996,-0.74458271999999992,-0.88336914,0.043476040000000049,0.84559460000000009,0.15356949999999991,-0.55405382000000003,0.23489067999999991,0.41869753999999992,-0.75960030000000001,-0.60359516000000002,0.86237217999999993,1.0,-0.63320872000000006,0.62207374000000004,-0.58033555999999997,-0.12912126000000002,-0.59485538000000004,-0.38939506000000002,-0.65665528000000006,0.94178998000000003,0.68505207999999995,-0.89695480000000005,-0.32404964000000003,-0.63335750000000002,0.37772965999999997,-0.25520337999999998,0.47590675999999998,0.11018247999999997,0.75153924000000005,0.4204727399999999,-0.58128071999999997,-0.92087695999999997,0.095347740000000014
0.13857095319635501,-0.0088259542898256743,-0.3918298290018401,0.15342972999091059,0.531284239781321,0.3272946401614017,0.34013267525620022,0.89846367671155813,0.48910133490256841,-0.71561263750112269,-0.17329664529691158,0.94231162563559878,0.54502679930135955,-0.35401657876995868,0.69526584411605097,0.18651920629574564,-0.4214786471816066,-0.63320872000000006,1.0,-0.62796140782242116,-0.11656453343036244,-0.3379675562516673,0.55211657147737103,0.2319450370337208,0.40812570128007719,-0.49243583956810361,-0.85113683400420725,0.42681695371085066,0.18106836526252923,0.098555496542761009,-0.28562024052903362,-0.22938776854283066,-0.74036097001375079,-0.32270950739422,-0.06966105409728314,-0.85033086637577004,0.5320697405243936,0.38845577188827046,-0.03988619491312876
0.14832580563974965,0.33851319138633951,0.59435966235358872,-0.58024109781605759,0.038216596722914005,0.18565801366744156,-0.64572312786063157,-0.63186167879572785,-0.33810170713232707,0.82358350571368799,-0.33994498657475652,-0.57852717302947476,0.054260910823425546,-0.0891373831272054,-0.31675913014490642,-0.067682902993968466,0.47715462389948449,0.62207374000000004,-0.62796140782242116,1.0,-0.12324435531928936,-0.38245857329599614,-0.53331188941057683,-0.64582710701602042,-0.25119971832165305,0.58797715433220155,0.5651639614038223,-0.51239709445386061,0.32995089412174772,-0.07309299312537193,0.045799763786084906,0.29187221340401315,0.1009303417383061,0.52857244153160376,0.35649730958473436,0.25781048278488206,-0.8367857997361009,-0.64238928922663641,-0.33888702714233188
0.24043686514567858,0.37441752619553015,-0.25326391155853445,0.19201012247500598,-0.65496933137276092,0.2046787761137118,0.6429838804970992,0.29061631923010028,-0.33541487367279976,-0.20611946349921445,-0.20100811490318979,-0.096775851337213281,-0.62343224827236687,-0.44824886385295687,0.20733394979801084,0.47535655952224587,-0.6728103835807574,-0.58033555999999997,-0.11656453343036244,-0.12324435531928936,1.0,0.20975337100458333,0.22237893711940862,-0.10320070637646515,0.43923572157399848,-0.51195367540506209,-0.18726018920502951,0.63211692530211361,0.2889467473234163,0.85621280941563283,-0.015128917727107255,0.53876948557389559,-0.00025847690952846003,0.34956900827562565,-0.66885350113297748,0.10638218525934613,0.065489428709051264,0.76357211356696209,0.018858200706988779
-0.59388189405450642,-0.52954910788155551,-0.34806148562807926,0.71914034144748618,-0.76075612160656092,-0.47392537735072648,0.29489476586900276,-0.20594065391786276,-0.28857282229898507,-0.31812134047663265,0.66094596758592139,-0.33809998440470718,-0.79131247219455925,0.6639708132958797,-0.19553106355770716,-0.11336471454415495,-0.20363953467282075,-0.12912126000000002,-0.3379675562516673,-0.38245857329599614,0.20975337100458333,1.0,0.10313741353590541,0.73012286187145836,-0.091224941133514856,-0.35453671263374315,0.29292641371620276,0.23462242332679201,-0.59298800350875935,-0.13266283430193221,0.20364672867423711,-0.081878529140172684,0.63195203640013098,-0.24457401947560264,-0.54377596248609406,0.72587201785014543,0.58597623668740828,0.34385668476712861,0.31718724919878843
-0.083891086400452813,0.069934637070252395,-0.87845005437501189,0.36699094409758659,-0.042052085935022077,-0.26446749428483374,0.63722019062161517,0.57663313938851501,0.32870289057991031,-0.66523137724301462,0.43743052044796904,0.62634445085035406,-0.013337731550460585,-0.022568190772969343,0.54152944462812524,0.23601250629229309,-0.47777454131779901,-0.59485538000000004,0.55211657147737103,-0.53331188941057683,0.22237893711940862,0.10313741353590541,1.0,0.40212502131000488,0.28081222187901472,-0.62362477324462218,-0.77883236286323421,0.44257191381891714,-0.16313393458122244,0.13690076416771882,0.09418747244413718,0.031329807841087159,-0.2592005579528473,0.14509622841054234,-0.45446946925563975,-0.29390421527735261,0.50930635782725342,0.51285011320302343,0.57861966756017469
-0.69846626204866225,-0.4572033678962838,-0.57394843917803628,0.89348127595280336,-0.36663228004609089,-0.33217466154267294,0.28723083538131566,0.20849048926944919,-0.096974400246996037,-0.69166279661280061,0.5964673253526096,0.16673545330102987,-0.38991048630217906,0.60322843779954449,0.31542355848117831,0.062913900979526538,-0.22982793021460121,-0.38939506000000002,0.2319450370337208,-0.64582710701602042,-0.10320070637646515,0.73012286187145836,0.40212502131000488,1.0,0.10219631218935132,-0.5924714614328449,-0.098164495198195534,0.39507042200175779,-0.39620094044856907,-0.30708543070044292,-0.1971474625157997,-0.32808901228620801,0.21911076075498698,-0.50791643887308113,-0.5397964859320401,0.25169702610061895,0.7749402598151941,0.37016891352061526,0.20455361738463415
-0.24767237279263865,0.45168010611443743,-0.46714540751367678,0.38340100939095051,-0.23026361832773193,0.41953159317408134,0.28298267821454948,0.61268644010768114,-0.46260969300971139,-0.51189056612839434,-0.27053827641255662,0.51824442710153085,-0.20530854714767233,-0.24179856703084313,0.74224639548267313,0.46416972581374522,-0.34346343159188808,-0.65665528000000006,0.40812570128007719,-0.25119971832165305,0.43923572157399848,-0.091224941133514856,0.28081222187901472,0.10219631218935132,1.0,-0.62185694312120354,-0.42310836520603945,0.79250340312874179,0.63621871725044166,0.35674790553629704,-0.67586193122001148,-0.042906996655337218,-0.53103007559953108,0.24046284989012345,-0.61106428695117398,-0.22747559959873312,0.32980777611226186,0.51801123336854382,-0.34790131048369388
0.20673137202031036,-0.12658515171941709,0.65146087354170679,-0.68165315825782047,0.44729175360124063,-0.26253621296236018,-0.6848013362355243,-0.7434286954626208,0.18558873499591017,0.85236763603891308,-0.048122195991789352,-0.43605091662895806,0.41972097219848736,0.15145282086575382,-0.7565572128487863,-0.54483827388589612,0.8038860451824007,0.94178998000000003,-0.49243583956810361,0.58797715433220155,-0.51195367540506209,-0.35453671263374315,-0.62362477324462218,-0.5924714614328449,-0.62185694312120354,1.0,0.52702717558084655,-0.88020990391759024,-0.20559869440930567,-0.46978766323619531,0.3731059600542676,-0.17312033209150199,0.30460912925558986,0.12126813797244083,0.88697201996861963,0.1785126492997052,-0.65549021379803507,-0.86085823583740695,0.055524560947991436
-0.25579207707023394,-0.18996446313944276,0.61098203573571785,-0.12146714874134505,-0.33153793060637726,-0.11391299423400887,-0.61514607358135587,-0.84528796451392796,-0.47595020597459464,0.70142039266059997,-0.0051389368955115887,-0.86467108880093313,-0.35492129935686378,0.42836200928992524,-0.60018052179936521,-0.34398720138852384,0.50749698844453872,0.68505207999999995,-0.85113683400420725,0.5651639614038223,-0.18726018920502951,0.29292641371620276,-0.77883236286323421,-0.098164495198195534,-0.42310836520603945,0.52702717558084655,1.0,-0.49171531671647445,-0.12485845557069997,-0.31256534235731276,0.080163535206024747,-0.094628005199688905,0.63880055020625282,-0.080911334266037541,0.19059161346005096,0.73594394473530744,-0.44774115583099006,-0.54320414826258678,-0.29085247188011709
-0.19179623323491535,0.34213686495640633,-0.54622554754483676,0.66505091248998816,-0.45605536750226727,0.33035717643078744,0.67872399116062043,0.69832649638568089,-0.4102327737118372,-0.78814018438567923,-0.13358204675388649,0.40613094414056372,-0.44010668569303008,-0.23886165346154969,0.72909263289910453,0.70255550820203705,-0.65329293795200505,-0.89695480000000005,0.42681695371085066,-0.51239709445386061,0.63211692530211361,0.23462242332679201,0.44257191381891714,0.39507042200175779,0.79250340312874179,-0.88020990391759024,-0.49171531671647445,1.0,0.43425674287921701,0.53713502651164713,-0.56376806227588794,0.23218483054970798,-0.30617199776547843,0.084053211669471078,-0.82235240335360993,-0.1613660669522109,0.55336561263059592,0.84762936663769639,-0.21368125051040093
0.20161939875623658,0.7969190162193347,0.18377256861850044,-0.13111856065573213,0.061991730443687776,0.75800167159916554,-0.067964919269288243,0.33595066657406197,-0.48393334215660128,0.0062637446515908246,-0.79425418883115373,0.15292919871248253,0.098648319118483041,-0.6211483239687281,0.57408580195961267,0.63161125198739543,-0.11293402737291824,-0.32404964000000003,0.18106836526252923,0.32995089412174772,0.2889467473234163,-0.59298800350875935,-0.16313393458122244,-0.39620094044856907,0.63621871725044166,-0.20559869440930567,-0.12485845557069997,0.43425674287921701,1.0,0.46560253217608305,-0.76104725321636169,0.30223218891922049,-0.55339682222000353,0.32734921003681339,-0.19438946421454353,-0.39052706558741712,-0.37595782516003118,0.12841738117971399,-0.74652662589638374
0.61496913366670791,0.51270058345970215,-3.8354817350585643e-05,-0.096089681692625703,-0.32137282161203162,0.52211168373170613,0.59154284035182481,0.47243986906995272,-0.093657068731233667,-0.17591481527401276,-0.51536006298559089,0.01098207072383923,-0.2786331089914087,-0.80379471201646358,0.25351066666610333,0.55856335238281907,-0.76321248267723096,-0.63335750000000002,0.098555496542761009,-0.07309299312537193,0.85621280941563283,-0.13266283430193221,0.13690076416771882,-0.30708543070044292,0.35674790553629704,-0.46978766323619531,-0.31256534235731276,0.53713502651164713,0.46560253217608305,1.0,-0.065122754824284146,0.69496202246732408,-0.29313345221358778,0.21002027398997089,-0.45889713186011016,-0.28281291564643485,-0.10470720330151401,0.72267555144160167,-0.18086061539642642
0.32845495082427351,-0.511095103673194,0.076059867988382504,-0.40402787553319197,0.03863153494542157,-0.46799134444859403,0.054014617731984467,-0.33280851108070786,0.59115070561362226,0.34042646891906564,0.40541844010882039,-0.23111400696721751,0.034556067092814002,0.12270643096120348,-0.65306164641402198,-0.6178275390334772,-0.031686080383083855,0.37772965999999997,-0.28562024052903362,0.045799763786084906,-0.015128917727107255,0.20364672867423711,0.09418747244413718,-0.1971474625157997,-0.67586193122001148,0.3731059600542676,0.080163535206024747,-0.56376806227588794,-0.76104725321636169,-0.065122754824284146,1.0,0.042578615676950399,0.35995084460470045,0.024314709575268153,0.33594972813310869,0.19935903263881177,-0.043223366446212393,-0.16062696330552001,0.67009695341616882
0.52084343921777354,0.58969982816797128,0.14042562711934073,-0.13874900496280262,-0.30527042404948873,0.22826805758638935,0.41768742466936282,0.02637522524552862,-0.17509885162414179,0.031503317841037839,-0.25036261429664097,-0.34414146695146669,-0.28352861296658904,-0.5343003544956495,-0.069997672319616677,0.66085176967996984,-0.37340882195718139,-0.25520337999999998,-0.22938776854283066,0.29187221340401315,0.53876948557389559,-0.081878529140172684,0.031329807841087159,-0.32808901228620801,-0.042906996655337218,-0.17312033209150199,-0.094628005199688905,0.23218483054970798,0.30223218891922049,0.69496202246732408,0.042578615676950399,1.0,-0.015009056788838321,0.48432850748065709,-0.2145784705320998,-0.022369041188826259,-0.3569847353080019,0.36067563631506316,-0.047027833229290023
-0.34030162745729192,-0.33257267043187888,0.066379269777968097,0.19060486051168141,-0.51346934785756093,-0.64089185549249994,-0.0093492045436926463,-0.73746802247621801,-0.25388232484926188,0.3131408659324536,0.54503562414147988,-0.71328241897589839,-0.54759035676612133,0.62044898239811652,-0.64600609062149894,-0.2166186213217908,0.34911563028640075,0.47590675999999998,-0.74036097001375079,0.1009303417383061,-0.00025847690952846003,0.63195203640013098,-0.2592005579528473,0.21911076075498698,-0.53103007559953108,0.30460912925558986,0.63880055020625282,-0.30617199776547843,-0.55339682222000353,-0.29313345221358778,0.35995084460470045,-0.015009056788838321,1.0,-0.0076746402216121713,-0.0079393619609003721,0.8319569295970799,-0.082410746598941514,-0.21596158324599274,0.35736477031010472
0.072245853096847307,0.61718050669228153,-0.15830350115767666,-0.22855277425746101,-0.2020081691214792,-0.091832766884765951,0.10394132611307608,-0.20611268582676179,-0.36368736784917338,0.2530979352626771,-0.012661769856258866,-0.12550195803279801,-0.17955585847213851,-0.14903032096319996,-0.0060428270656142508,0.34146539268693554,0.17474173741171534,0.11018247999999997,-0.32270950739422,0.52857244153160376,0.34956900827562565,-0.24457401947560264,0.14509622841054234,-0.50791643887308113,0.24046284989012345,0.12126813797244083,-0.080911334266037541,0.084053211669471078,0.32734921003681339,0.21002027398997089,0.024314709575268153,0.48432850748065709,-0.0076746402216121713,1.0,-0.078452728079318704,0.17401075108205616,-0.40798926226688015,-0.080488408963527908,0.13177385500835911
0.37445165481122422,-0.17684959105999157,0.61180774950112438,-0.71526103383417838,0.78315107910336257,-0.12020315474780099,-0.58420352975455991,-0.40573446182287187,0.51147962003903669,0.60475644683059082,-0.14133742847877961,-0.08165841127394885,0.75665212963851136,-0.030099804658024143,-0.5681776900562171,-0.50276781567947193,0.65755733008909634,0.75153924000000005,-0.06966105409728314,0.35649730958473436,-0.66885350113297748,-0.54377596248609406,-0.45446946925563975,-0.5397964859320401,-0.61106428695117398,0.88697201996861963,0.19059161346005096,-0.82235240335360993,-0.19438946421454353,-0.45889713186011016,0.33594972813310869,-0.2145784705320998,-0.0079393619609003721,-0.078452728079318704,1.0,-0.23546030698802875,-0.48689924190956507,-0.77228888119945749,0.043331955026636428
-0.57143800943670597,-0.24169762570955972,-0.0051540571432751028,0.32253286962574285,-0.73814067031287678,-0.53486619176115602,-0.15704100574032848,-0.75526695092074525,-0.57342792068627357,0.32081661637173398,0.5234039632917693,-0.75362796575058222,-0.7653237423079281,0.70874484898073609,-0.50610470638139604,-0.20292042036821684,0.32646279514913301,0.4204727399999999,-0.85033086637577004,0.25781048278488206,0.10638218525934613,0.72587201785014543,-0.29390421527735261,0.25169702610061895,-0.22747559959873312,0.1785126492997052,0.73594394473530744,-0.1613660669522109,-0.39052706558741712,-0.28281291564643485,0.19935903263881177,-0.022369041188826259,0.8319569295970799,0.17401075108205616,-0.23546030698802875,1.0,-0.044354891982662195,-0.18243962262760957,0.19084004987904105
-0.46879326039312164,-0.51689444836086074,-0.63397874142498178,0.73396340333683852,-0.20052951576977163,-0.15311602741407834,0.48093450787634406,0.54746185649336454,0.12128023662946062,-0.84837327558812115,0.44077292273125901,0.54021534312283004,-0.22126368581237099,0.34187731881348216,0.38113808621509909,-0.036362238396502454,-0.45120533172655142,-0.58128071999999997,0.5320697405243936,-0.8367857997361009,0.065489428709051264,0.58597623668740828,0.50930635782725342,0.7749402598151941,0.32980777611226186,-0.65549021379803507,-0.44774115583099006,0.55336561263059592,-0.37595782516003118,-0.10470720330151401,-0.043223366446212393,-0.3569847353080019,-0.082410746598941514,-0.40798926226688015,-0.48689924190956507,-0.044354891982662195,1.0,0.56717633598305994,0.2354758766650453
0.099761715821509819,0.1445669661512653,-0.52257911060089768,0.53537935730133457,-0.47906849771553539,0.20211662290434726,0.84809484343080743,0.70397449100522524,-0.069149379027571345,-0.74787961779011392,-0.023503600845479481,0.31641475241465039,-0.4601091988497984,-0.3541798560221644,0.48094045995257112,0.5354131112004733,-0.88290347360926147,-0.92087695999999997,0.38845577188827046,-0.64238928922663641,0.76357211356696209,0.34385668476712861,0.51285011320302343,0.37016891352061526,0.51801123336854382,-0.86085823583740695,-0.54320414826258678,0.84762936663769639,0.12841738117971399,0.72267555144160167,-0.16062696330552001,0.36067563631506316,-0.21596158324599274,-0.080488408963527908,-0.77228888119945749,-0.18243962262760957,0.56717633598305994,1.0,0.081363154714529318
-0.031817926178704485,-0.30511815774339779,-0.56388673081224427,0.077509405690820987,-0.061180409486163281,-0.84325396520743912,0.39399633891736346,-0.1268307542816047,0.49611980925702254,-0.11708311460130641,0.80715219237896008,0.080048746595654016,-0.070872440528219505,0.33908354068277369,-0.3331988227153258,-0.27322691681050465,0.017022017275854732,0.095347740000000014,-0.03988619491312876,-0.33888702714233188,0.018858200706988779,0.31718724919878843,0.57861966756017469,0.20455361738463415,-0.34790131048369388,0.055524560947991436,-0.29085247188011709,-0.21368125051040093,-0.74652662589638374,-0.18086061539642642,0.67009695341616882,-0.047027833229290023,0.35736477031010472,0.13177385500835911,0.043331955026636428,0.19084004987904105,0.2354758766650453,0.081363154714529318,1.0
