1.0,0.48126728144301523,0.014502607130934653,0.28564460704745309,-0.1741471730758066,0.63036317318614432,-0.39538102726483748,-0.94995258418465245,0.21561849340321648,-0.37721266510350404,0.19808985826070769,0.55404172518429018,-0.48142908483109664,-0.20624439858975779,0.54442918996241807,-0.88405761882747724,-0.27313143879935337,0.72343144782890745,-0.63439581059572525,-0.2909365172406741,-0.48571124053762377,-0.57130439827801083,0.2781076887157079,0.83521136540984986,-0.089103698254230701,0.27400617202998495,-0.59040571145400889,-0.33470056331088716,-0.079334747750959611,0.12756241731323403,0.019102398591101855,0.26879026902811209,-0.40924928355536683,-0.24509707999999997,0.20755029554085236,0.38986915448054682,-0.0050931333534300904,-0.50461848764655692,0.41937641677472048
0.48126728144301523,1.0,0.4495085154882697,0.033943342797478966,0.059497421640631057,0.27652652848907838,-0.21170267657260702,-0.54487289440957498,0.60348573998759747,0.14090104541376824,-0.059793617671691973,0.031934967982632685,-0.14523233775339936,-0.21183389934047336,0.34931132921159014,-0.44988865420103874,-0.28227642932977037,0.171413346617278,-0.36098857391326838,-0.30808141526907645,0.015837085523880065,-0.28430603198966964,0.51180790617474758,0.45113258994617877,-0.071517185299173044,0.25727020104162718,-0.35465861537378995,0.050248638715497257,-0.26162261903985551,0.37345048797789288,-0.29762786481739867,0.030554455853427802,-0.19750144476054188,-0.24250161999999997,0.088007184752144599,0.3566973361275188,-0.12684240171877448,-0.51308273596695531,-0.011129495906775696
0.014502607130934653,0.4495085154882697,1.0,-0.54069150885156569,0.18680392889225164,-0.032711417843879743,0.29835703381932849,-0.10527977592016108,0.80681574383360355,-0.10586114351458847,-0.49222969538426808,0.01058960595688537,-0.35009741362982194,0.072899982173657341,0.22886706624168346,0.26359398900755054,-0.4665068570427004,-0.11827036063214463,0.18203515741519818,-0.2846302799734628,-0.037861492060653569,0.098326035486376681,0.34519011063033145,-0.015858467148353799,0.066131913503909998,0.058528808455061983,0.085602449523965563,0.051483271446527153,-0.24676029263232188,0.29961900505490763,-0.63464420907526553,0.045071866573711004,-0.42362015283789972,0.0027075400000000638,0.32276988430252473,0.77741519072619725,-0.25723608655313163,0.38479915321815006,0.19077165316286268
0.28564460704745309,0.033943342797478966,-0.54069150885156569,1.0,0.38188323349423864,0.66177268067479966,-0.81654037561191517,-0.30797206502240249,-0.24605899443843005,0.38041192969326332,0.90123942316447347,-0.30881235616014013,0.44388231383581689,-0.67370003013358581,0.42063712675498693,-0.57988640498311961,0.75872810847661976,-0.16508388494040002,-0.81065383762840204,-0.40306386891598195,-0.082521246978798146,-0.70137026803381752,0.14733604796361616,0.18193144886989582,-0.33388928707227356,0.62044906903019303,-0.70182828262635211,0.44686679251309064,-0.47256637672332347,0.31879439307580276,0.06372220799090679,-0.54571195172317544,-0.062552366096162854,-0.72838530000000001,-0.72285996170628719,-0.31908850760763985,0.49552291105476537,-0.60778912394619877,-0.47614897871397099
-0.1741471730758066,0.059497421640631057,0.18680392889225164,0.38188323349423864,1.0,0.53752545734869495,-0.60294488775238264,0.11871077823020128,0.30114250567620671,0.39763807587337768,0.54372368663539128,-0.59390121191198175,0.46136369788879356,-0.73831758460595243,0.58977093295801664,0.085559121366147226,0.54463007005869868,-0.72097564645287371,-0.4286858156679742,-0.80132005822004981,0.3372616193974709,-0.58083590515221406,0.29638539451215523,-0.13208275399917838,-0.59475654046947657,0.81820459219067998,-0.62323141823062334,0.86567276240247326,-0.91276577639835232,0.67258439058289732,-0.6221247963433526,-0.86134203603201787,-0.049613191217390995,-0.82103608000000006,-0.52546416936667273,0.2047733855070816,0.40138086532146222,0.1535741285913205,-0.75283290489120192
0.63036317318614432,0.27652652848907838,-0.032711417843879743,0.66177268067479966,0.53752545734869495,1.0,-0.83850958965169564,-0.61919901090281038,0.23832909335365413,0.111910528252674,0.71382871607796816,-0.050595528209913108,0.11893670348482255,-0.83650830242733865,0.86083425860737306,-0.68794233120904391,0.34622063271472148,-0.00092556073606222741,-0.88709494046539938,-0.80242472362709516,-0.24011156802035002,-0.9633849347131852,0.43020844621590004,0.55342539765552479,-0.52183692571105855,0.86434031381876564,-0.9387423206957366,0.41934072433318631,-0.7365846172777416,0.59474021871729754,-0.37725976728678856,-0.51938580203694651,-0.26785118408259467,-0.87273734000000003,-0.39133964762503143,0.23632087081071085,0.38413739427874005,-0.34570404564470747,-0.26783433474314883
-0.39538102726483748,-0.21170267657260702,0.29835703381932849,-0.81654037561191517,-0.60294488775238264,-0.83850958965169564,1.0,0.35615378118887098,0.036799558565369393,-0.30133368978577235,-0.89094284866396511,0.2658856683174825,-0.33668130269554714,0.84171892990767316,-0.68115733421681202,0.6186919621306094,-0.58872723900858315,0.14845222712155284,0.84883246723668249,0.66729894665789502,0.19830160273079067,0.83753055179607983,-0.22545831368532043,-0.21596691331038423,0.70817980398857217,-0.84188458379703313,0.93074578237265049,-0.55423698954551903,0.68761691812979087,-0.65091151122179058,0.092904050994769213,0.70095726144126047,-0.1079187335974503,0.85069890000000004,0.5548594028203564,0.10364017233868623,-0.3898249623481696,0.42837532978702875,0.62422378104674525
-0.94995258418465245,-0.54487289440957498,-0.10527977592016108,-0.30797206502240249,0.11871077823020128,-0.61919901090281038,0.35615378118887098,1.0,-0.38399831185270944,0.22313567797336498,-0.1711122345498074,-0.34673964464168106,0.38015547575705994,0.26437413885920952,-0.47230721424235489,0.8880349225100107,0.19235857361029432,-0.59276365707738765,0.7077826434114961,0.25514716736671272,0.40933590780041723,0.53537381804121309,-0.47261613069589403,-0.76700420932448599,-0.099382269583202537,-0.24497759814069336,0.58340293593920123,0.33940713057378441,0.12488304572106931,-0.22584836901160929,0.092802752497070928,-0.27616875891282938,0.58458261663893929,0.29915932000000001,-0.028056050975851243,-0.5112355757850332,0.13914027147582578,0.50624297277445007,-0.38567034396657468
0.21561849340321648,0.60348573998759747,0.80681574383360355,-0.24605899443843005,0.30114250567620671,0.23832909335365413,0.036799558565369393,-0.38399831185270944,1.0,0.1994026933994377,-0.33920895726266714,-0.2282138254944259,-0.091275104446054162,-0.2131834144438525,0.26377317597098049,-0.10014080562998448,-0.36735844435982046,-0.19175621029610351,-0.18370675905228256,-0.39037221807866324,0.1143570729677322,-0.18842136807156651,0.81110659348542913,0.14727902265480963,0.13310719082170591,0.23332072543347662,-0.20375766108341792,0.073864215297858318,-0.45427427578265395,0.55643612381238572,-0.80245784364309947,-0.046476948312798881,-0.45710811765408232,-0.27128260000000004,0.009403434887303554,0.80614479631991875,-0.2672171409384248,0.19214520766000184,0.069392700613713304
-0.37721266510350404,0.14090104541376824,-0.10586114351458847,0.38041192969326332,0.39763807587337768,0.111910528252674,-0.30133368978577235,0.22313567797336498,0.1994026933994377,1.0,0.26736733825335079,-0.83429314082311479,0.81713040936793091,-0.43357511445510466,-0.16503537741556992,0.010155449442574457,0.49218953884127381,-0.68372975577795247,-0.2429216375339612,-0.093871598805493811,0.37782342956296439,-0.11947182154557827,0.50256245314321035,-0.37529488948233652,0.0088110023064860658,0.23496277993399811,-0.15807902735537577,0.45448950416724798,-0.39346656573491801,0.50708021388498514,-0.25559433350020244,-0.55588415182544348,0.26424083800202697,-0.40436875999999999,-0.72746066566972056,-0.2551054770870918,0.052937422951635338,-0.12141420161399054,-0.66560175626265938
0.19808985826070769,-0.059793617671691973,-0.49222969538426808,0.90123942316447347,0.54372368663539128,0.71382871607796816,-0.89094284866396511,-0.1711122345498074,-0.33920895726266714,0.26736733825335079,1.0,-0.29830524384436258,0.42242212639325993,-0.780504591080042,0.56764419191489501,-0.45209130435484912,0.8361864081074919,-0.22254423699892353,-0.76691074548456284,-0.52207486824465787,-0.14476678166179113,-0.72301635957085642,-0.037717464640472154,0.12405570974243457,-0.57905524615561421,0.73133809097940683,-0.77086292634533582,0.58458866838946255,-0.55172629028089371,0.39537153958633336,0.086921021949653343,-0.68013986611182164,0.040151730997507629,-0.78348916000000002,-0.67909464768981342,-0.32621356037482369,0.48531947230385841,-0.46978236635764731,-0.62373738276839996
0.55404172518429018,0.031934967982632685,0.01058960595688537,-0.30881235616014013,-0.59390121191198175,-0.050595528209913108,0.2658856683174825,-0.34673964464168106,-0.2282138254944259,-0.83429314082311479,-0.29830524384436258,1.0,-0.81206621637999843,0.50244949598305044,0.14606222018502041,-0.2048561952377837,-0.64347505327038135,0.87184532511705937,0.21025408141476498,0.12895083297382487,-0.40896102065799944,0.045460021709394595,-0.4379886474745161,0.58730101241159161,0.0075018404312657948,-0.26399506397943812,0.14814686165426652,-0.54857993437982377,0.47246052664711913,-0.56369476988712208,0.3371565677179702,0.61418745322299695,-0.10786118160034119,0.45211014000000005,0.83380333419275088,0.10834254240096136,0.046085920553572725,-0.11676361016019256,0.76728801067633612
-0.48142908483109664,-0.14523233775339936,-0.35009741362982194,0.44388231383581689,0.46136369788879356,0.11893670348482255,-0.33668130269554714,0.38015547575705994,-0.091275104446054162,0.81713040936793091,0.42242212639325993,-0.81206621637999843,1.0,-0.52082310643026408,-0.13581296248474806,0.10547484184663966,0.67633858268286629,-0.73811765694862519,-0.21214589335569814,-0.11762604463565195,0.43361453732184957,-0.17479751049303702,0.31156481008891845,-0.35829518645492042,-0.10181247208803842,0.29820669822642543,-0.16812661316068248,0.53606036762516718,-0.39887315360669601,0.3063157544018652,-0.17026338265901178,-0.62621377115493215,0.36461078819225906,-0.44261258000000003,-0.78419079435352512,-0.48736999301504602,0.28708275828402019,-0.014623764289732043,-0.71797693703342524
-0.20624439858975779,-0.21183389934047336,0.072899982173657341,-0.67370003013358581,-0.73831758460595243,-0.83650830242733865,0.84171892990767316,0.26437413885920952,-0.2131834144438525,-0.43357511445510466,-0.780504591080042,0.50244949598305044,-0.52082310643026408,1.0,-0.68855725167305537,0.4203537460283488,-0.63006317702885806,0.43268168282546293,0.79804860361563112,0.74844435109938512,0.004180993666058095,0.82421770967459085,-0.46892958962693615,-0.18078906540485584,0.54245386529090722,-0.87338905202951078,0.84593774948574363,-0.67617505560959834,0.83956659252725663,-0.71886985562316141,0.42685316756980729,0.76862398471091187,0.067302533143432708,0.9424949199999999,0.70310381870178107,-0.020839677696780204,-0.29885834033285386,0.25493133068884344,0.65389057025254838
0.54442918996241807,0.34931132921159014,0.22886706624168346,0.42063712675498693,0.58977093295801664,0.86083425860737306,-0.68115733421681202,-0.47230721424235489,0.26377317597098049,-0.16503537741556992,0.56764419191489501,0.14606222018502041,-0.13581296248474806,-0.68855725167305537,1.0,-0.41935328111795545,0.17459163159383445,0.011972555973878297,-0.64956420091285461,-0.91881564826386053,-0.18925573252010847,-0.87190797267098563,0.18558681351861184,0.5592731901104222,-0.67595086197157572,0.87675637464556566,-0.82033611373922821,0.53267547729019493,-0.74946339748833368,0.46855254645825917,-0.45424216840537696,-0.50011238650616674,-0.29919336293250698,-0.77273590000000003,-0.080339315877634099,0.33539083532049291,0.46150839926856391,-0.24630254450546338,-0.20784068140383113
-0.88405761882747724,-0.44988865420103874,0.26359398900755054,-0.57988640498311961,0.085559121366147226,-0.68794233120904391,0.6186919621306094,0.8880349225100107,-0.10014080562998448,0.010155449442574457,-0.45209130435484912,-0.2048561952377837,0.10547484184663966,0.4203537460283488,-0.41935328111795545,1.0,-0.064901839326575173,-0.5207703216513655,0.82452136218215488,0.22072455541779024,0.43074497159421749,0.62352262749971921,-0.39169409476881195,-0.65680775739050423,0.095327715038945951,-0.33685679216968129,0.70283406028187745,0.21756663936010101,0.14511685114690714,-0.29367710340810954,-0.13066000605723724,-0.069229845981036375,0.23670670118743289,0.40299401999999995,0.19282736944535853,-0.13101308045812729,0.016707372039945892,0.66095105138946031,-0.10595421285871177
-0.27313143879935337,-0.28227642932977037,-0.4665068570427004,0.75872810847661976,0.54463007005869868,0.34622063271472148,-0.58872723900858315,0.19235857361029432,-0.36735844435982046,0.49218953884127381,0.8361864081074919,-0.64347505327038135,0.67633858268286629,-0.63006317702885806,0.17459163159383445,-0.064901839326575173,1.0,-0.5601305306475165,-0.49863818885652272,-0.23847884535790195,0.094019012367936902,-0.35307058640081773,-0.061956063156774044,-0.28718004133017139,-0.25990395822232548,0.46119952239383294,-0.41565568505104183,0.59613370830153434,-0.41836536409661035,0.28015597641728951,0.086067285317127498,-0.66445937283160394,0.027937543446812353,-0.60950206000000007,-0.87781591018663108,-0.41448804689286456,0.33711621388095614,-0.24458455258641085,-0.71920213510099362
0.72343144782890745,0.171413346617278,-0.11827036063214463,-0.16508388494040002,-0.72097564645287371,-0.00092556073606222741,0.14845222712155284,-0.59276365707738765,-0.19175621029610351,-0.68372975577795247,-0.22254423699892353,0.87184532511705937,-0.73811765694862519,0.43268168282546293,0.011972555973878297,-0.5207703216513655,-0.5601305306475165,1.0,-0.023844652052043606,0.32142465521121233,-0.55061026978153738,0.067161095459584194,-0.25667207569168249,0.5994853797198163,0.18034049840754651,-0.36738940637187506,0.037771698984569217,-0.76697198851275084,0.5915867718343687,-0.42002586076234083,0.52705728732081647,0.73965255669888896,-0.15295846186814899,0.45124362000000007,0.63676599593642358,0.11445886389044953,-0.24099087877532446,-0.33923230179553088,0.742170948056459
-0.63439581059572525,-0.36098857391326838,0.18203515741519818,-0.81065383762840204,-0.4286858156679742,-0.88709494046539938,0.84883246723668249,0.7077826434114961,-0.18370675905228256,-0.2429216375339612,-0.76691074548456284,0.21025408141476498,-0.21214589335569814,0.79804860361563112,-0.64956420091285461,0.82452136218215488,-0.49863818885652272,-0.023844652052043606,1.0,0.56509583908854111,0.23222520228904633,0.83982878429833652,-0.47586432808367418,-0.46515767549028464,0.29351253562595075,-0.70526559795966015,0.91580060086210335,-0.28078605295854331,0.58493323268101249,-0.57071828506669686,0.17151029116117339,0.39786879690592009,0.3472953993310775,0.81619722000000006,0.59202841235592463,-0.16593460104610255,-0.19569625950114977,0.56795309041837327,0.309182220150367
-0.2909365172406741,-0.30808141526907645,-0.2846302799734628,-0.40306386891598195,-0.80132005822004981,-0.80242472362709516,0.66729894665789502,0.25514716736671272,-0.39037221807866324,-0.093871598805493811,-0.52207486824465787,0.12895083297382487,-0.11762604463565195,0.74844435109938512,-0.91881564826386053,0.22072455541779024,-0.23847884535790195,0.32142465521121233,0.56509583908854111,1.0,-0.081782934312827182,0.85769479014767214,-0.34332078269648003,-0.35614672652337076,0.69881651059511296,-0.9524878575263338,0.77588787409290538,-0.74467736404034945,0.93066381273554044,-0.58800504103055673,0.68797447818819568,0.70988970412451058,0.18387794120533812,0.86284866000000005,0.21900447046452326,-0.3213223563847048,-0.55788359761529516,0.060437238661390627,0.40889604349292413
-0.48571124053762377,0.015837085523880065,-0.037861492060653569,-0.082521246978798146,0.3372616193974709,-0.24011156802035002,0.19830160273079067,0.40933590780041723,0.1143570729677322,0.37782342956296439,-0.14476678166179113,-0.40896102065799944,0.43361453732184957,0.004180993666058095,-0.18925573252010847,0.43074497159421749,0.094019012367936902,-0.55061026978153738,0.23222520228904633,-0.081782934312827182,1.0,0.084679789319906634,0.17041315121042599,-0.10073340220000503,0.11081022727891927,0.025839772653327767,0.17936514808961138,0.38158555763234148,-0.21075087857987049,-0.067442859397798857,-0.36202389217124564,-0.19608101445529524,0.12002401989296319,-0.066156960000000042,-0.15296396875761986,-0.13812733025397708,0.25558433712669359,0.07491872507904479,-0.30605028905317927
-0.57130439827801083,-0.28430603198966964,0.098326035486376681,-0.70137026803381752,-0.58083590515221406,-0.9633849347131852,0.83753055179607983,0.53537381804121309,-0.18842136807156651,-0.11947182154557827,-0.72301635957085642,0.045460021709394595,-0.17479751049303702,0.82421770967459085,-0.87190797267098563,0.62352262749971921,-0.35307058640081773,0.067161095459584194,0.83982878429833652,0.85769479014767214,0.084679789319906634,1.0,-0.40008466082950939,-0.57161177495078852,0.5751993119296942,-0.91299209277463333,0.91908295737885293,-0.52405731117900101,0.78783128460396645,-0.50286912697480246,0.42390267143678767,0.57601796921989812,0.19881081017765539,0.89498940000000005,0.37314757922895347,-0.13848696311210673,-0.54434764990343143,0.37112750123130855,0.30454051075229421
0.2781076887157079,0.51180790617474758,0.34519011063033145,0.14733604796361616,0.29638539451215523,0.43020844621590004,-0.22545831368532043,-0.47261613069589403,0.81110659348542913,0.50256245314321035,-0.037717464640472154,-0.4379886474745161,0.31156481008891845,-0.46892958962693615,0.18558681351861184,-0.39169409476881195,-0.061956063156774044,-0.25667207569168249,-0.47586432808367418,-0.34332078269648003,0.17041315121042599,-0.40008466082950939,1.0,0.21576719215166618,0.18302579483698933,0.32940467980129629,-0.38716881199474673,0.093419609486252275,-0.50559652148746415,0.58795406757501334,-0.69177058417520509,-0.17046663023249342,-0.31445173358095047,-0.46778496000000003,-0.38283304117255335,0.48518293630057696,-0.14667775861515442,-0.027391403698732608,-0.088733650801616992
0.83521136540984986,0.45113258994617877,-0.015858467148353799,0.18193144886989582,-0.13208275399917838,0.55342539765552479,-0.21596691331038423,-0.76700420932448599,0.14727902265480963,-0.37529488948233652,0.12405570974243457,0.58730101241159161,-0.35829518645492042,-0.18078906540485584,0.5592731901104222,-0.65680775739050423,-0.28718004133017139,0.5994853797198163,-0.46515767549028464,-0.35614672652337076,-0.10073340220000503,-0.57161177495078852,0.21576719215166618,1.0,-0.043263032702985885,0.28008781896083829,-0.45231356601989819,-0.18505462855631377,-0.10757933802149401,-0.10813173013147558,-0.1105560269115541,0.25864419468406868,-0.38870166528418132,-0.22693998000000004,0.27946596424998837,0.24050283476033987,0.23332671234907795,-0.52319183723990603,0.43568932005705774
-0.089103698254230701,-0.071517185299173044,0.066131913503909998,-0.33388928707227356,-0.59475654046947657,-0.52183692571105855,0.70817980398857217,-0.099382269583202537,0.13310719082170591,0.0088110023064860658,-0.57905524615561421,0.0075018404312657948,-0.10181247208803842,0.54245386529090722,-0.67595086197157572,0.095327715038945951,-0.25990395822232548,0.18034049840754651,0.29351253562595075,0.69881651059511296,0.11081022727891927,0.5751993119296942,0.18302579483698933,-0.043263032702985885,1.0,-0.74807738310484628,0.60861499244055417,-0.67301320217818872,0.60201491435044896,-0.47124707661346449,0.12234250438275024,0.71425173149863541,-0.44043173296696991,0.56081275999999991,0.048270430011348939,0.16756897417436345,-0.50629347528611013,0.055164320278475946,0.5931660801202614
0.27400617202998495,0.25727020104162718,0.058528808455061983,0.62044906903019303,0.81820459219067998,0.86434031381876564,-0.84188458379703313,-0.24497759814069336,0.23332072543347662,0.23496277993399811,0.73133809097940683,-0.26399506397943812,0.29820669822642543,-0.87338905202951078,0.87675637464556566,-0.33685679216968129,0.46119952239383294,-0.36738940637187506,-0.70526559795966015,-0.9524878575263338,0.025839772653327767,-0.91299209277463333,0.32940467980129629,0.28008781896083829,-0.74807738310484628,1.0,-0.8714987525359158,0.79032605103935116,-0.93654516034341628,0.64925158027809216,-0.53717009426516116,-0.81531836555532144,-0.069361859769751788,-0.95208344,-0.43608246416897262,0.12520218707590239,0.58529424371176686,-0.19042310194831724,-0.57309405394057455
-0.59040571145400889,-0.35465861537378995,0.085602449523965563,-0.70182828262635211,-0.62323141823062334,-0.9387423206957366,0.93074578237265049,0.58340293593920123,-0.20375766108341792,-0.15807902735537577,-0.77086292634533582,0.14814686165426652,-0.16812661316068248,0.84593774948574363,-0.82033611373922821,0.70283406028187745,-0.41565568505104183,0.037771698984569217,0.91580060086210335,0.77588787409290538,0.17936514808961138,0.91908295737885293,-0.38716881199474673,-0.45231356601989819,0.60861499244055417,-0.8714987525359158,1.0,-0.46079023337117048,0.74414629495952533,-0.66707588425276332,0.28128874872782927,0.56624373421219321,0.16561931049316184,0.8807140200000001,0.43314746409226212,-0.20131805115661155,-0.32246069738021205,0.40310663842445082,0.43462633763863551
-0.33470056331088716,0.050248638715497257,0.051483271446527153,0.44686679251309064,0.86567276240247326,0.41934072433318631,-0.55423698954551903,0.33940713057378441,0.073864215297858318,0.45448950416724798,0.58458866838946255,-0.54857993437982377,0.53606036762516718,-0.67617505560959834,0.53267547729019493,0.21756663936010101,0.59613370830153434,-0.76697198851275084,-0.28078605295854331,-0.74467736404034945,0.38158555763234148,-0.52405731117900101,0.093419609486252275,-0.18505462855631377,-0.67301320217818872,0.79032605103935116,-0.46079023337117048,1.0,-0.8335973453251535,0.5042770034066314,-0.49819403114267791,-0.93033541109428408,0.17442463516175757,-0.75146891999999998,-0.50385303336886089,-0.16182590306135902,0.61372798448661525,-0.016563960430776938,-0.80868851095437533
-0.079334747750959611,-0.26162261903985551,-0.24676029263232188,-0.47256637672332347,-0.91276577639835232,-0.7365846172777416,0.68761691812979087,0.12488304572106931,-0.45427427578265395,-0.39346656573491801,-0.55172629028089371,0.47246052664711913,-0.39887315360669601,0.83956659252725663,-0.74946339748833368,0.14511685114690714,-0.41836536409661035,0.5915867718343687,0.58493323268101249,0.93066381273554044,-0.21075087857987049,0.78783128460396645,-0.50559652148746415,-0.10757933802149401,0.60201491435044896,-0.93654516034341628,0.74414629495952533,-0.8335973453251535,1.0,-0.72685770140914885,0.75395906914759603,0.83980181434897916,0.12893537515631154,0.92802906000000007,0.49477623187166875,-0.26584998165392415,-0.47151977007527018,-0.0093763789958282839,0.61319879890722795
0.12756241731323403,0.37345048797789288,0.29961900505490763,0.31879439307580276,0.67258439058289732,0.59474021871729754,-0.65091151122179058,-0.22584836901160929,0.55643612381238572,0.50708021388498514,0.39537153958633336,-0.56369476988712208,0.3063157544018652,-0.71886985562316141,0.46855254645825917,-0.29367710340810954,0.28015597641728951,-0.42002586076234083,-0.57071828506669686,-0.58800504103055673,-0.067442859397798857,-0.50286912697480246,0.58795406757501334,-0.10813173013147558,-0.47124707661346449,0.64925158027809216,-0.66707588425276332,0.5042770034066314,-0.72685770140914885,1.0,-0.48776249297903013,-0.63212987160761003,0.0027080460475777945,-0.69723974,-0.48684906413216816,0.33545792802813973,-0.067199595197389772,-0.024635516409189984,-0.6274015377578761
0.019102398591101855,-0.29762786481739867,-0.63464420907526553,0.06372220799090679,-0.6221247963433526,-0.37725976728678856,0.092904050994769213,0.092802752497070928,-0.80245784364309947,-0.25559433350020244,0.086921021949653343,0.3371565677179702,-0.17026338265901178,0.42685316756980729,-0.45424216840537696,-0.13066000605723724,0.086067285317127498,0.52705728732081647,0.17151029116117339,0.68797447818819568,-0.36202389217124564,0.42390267143678767,-0.69177058417520509,-0.1105560269115541,0.12234250438275024,-0.53717009426516116,0.28128874872782927,-0.49819403114267791,0.75395906914759603,-0.48776249297903013,1.0,0.42155224887357634,0.3520761636564983,0.53324144000000007,0.1536651002051117,-0.5867077990168037,-0.21179711180578492,-0.33824541352584375,0.15000055084644218
0.26879026902811209,0.030554455853427802,0.045071866573711004,-0.54571195172317544,-0.86134203603201787,-0.51938580203694651,0.70095726144126047,-0.27616875891282938,-0.046476948312798881,-0.55588415182544348,-0.68013986611182164,0.61418745322299695,-0.62621377115493215,0.76862398471091187,-0.50011238650616674,-0.069229845981036375,-0.66445937283160394,0.73965255669888896,0.39786879690592009,0.70988970412451058,-0.19608101445529524,0.57601796921989812,-0.17046663023249342,0.25864419468406868,0.71425173149863541,-0.81531836555532144,0.56624373421219321,-0.93033541109428408,0.83980181434897916,-0.63212987160761003,0.42155224887357634,1.0,-0.27206697912810934,0.80221552000000007,0.61736369673960589,0.18536959484921278,-0.53818586109297561,-0.033419974816952164,0.86521622411022958
-0.40924928355536683,-0.19750144476054188,-0.42362015283789972,-0.062552366096162854,-0.049613191217390995,-0.26785118408259467,-0.1079187335974503,0.58458261663893929,-0.45710811765408232,0.26424083800202697,0.040151730997507629,-0.10786118160034119,0.36461078819225906,0.067302533143432708,-0.29919336293250698,0.23670670118743289,0.027937543446812353,-0.15295846186814899,0.3472953993310775,0.18387794120533812,0.12002401989296319,0.19881081017765539,-0.31445173358095047,-0.38870166528418132,-0.44043173296696991,-0.069361859769751788,0.16561931049316184,0.17442463516175757,0.12893537515631154,0.0027080460475777945,0.3520761636564983,-0.27206697912810934,1.0,0.18567770000000006,0.064744862660280456,-0.70758499084157145,0.14313886458529146,0.093714845614484066,-0.43725029394418152
-0.24509707999999997,-0.24250161999999997,0.0027075400000000638,-0.72838530000000001,-0.82103608000000006,-0.87273734000000003,0.85069890000000004,0.29915932000000001,-0.27128260000000004,-0.40436875999999999,-0.78348916000000002,0.45211014000000005,-0.44261258000000003,0.9424949199999999,-0.77273590000000003,0.40299401999999995,-0.60950206000000007,0.45124362000000007,0.81619722000000006,0.86284866000000005,-0.066156960000000042,0.89498940000000005,-0.46778496000000003,-0.22693998000000004,0.56081275999999991,-0.95208344,0.8807140200000001,-0.75146891999999998,0.92802906000000007,-0.69723974,0.53324144000000007,0.80221552000000007,0.18567770000000006,1.0,0.65998486000000001,-0.12944274,-0.47570000000000001,0.25379572000000006,0.61363513999999997
0.20755029554085236,0.088007184752144599,0.32276988430252473,-0.72285996170628719,-0.52546416936667273,-0.39133964762503143,0.5548594028203564,-0.028056050975851243,0.009403434887303554,-0.72746066566972056,-0.67909464768981342,0.83380333419275088,-0.78419079435352512,0.70310381870178107,-0.080339315877634099,0.19282736944535853,-0.87781591018663108,0.63676599593642358,0.59202841235592463,0.21900447046452326,-0.15296396875761986,0.37314757922895347,-0.38283304117255335,0.27946596424998837,0.048270430011348939,-0.43608246416897262,0.43314746409226212,-0.50385303336886089,0.49477623187166875,-0.48684906413216816,0.1536651002051117,0.61736369673960589,0.064744862660280456,0.65998486000000001,1.0,0.22602269618676993,-0.14056175735778784,0.21485728892371178,0.67883162338724778
0.38986915448054682,0.3566973361275188,0.77741519072619725,-0.31908850760763985,0.2047733855070816,0.23632087081071085,0.10364017233868623,-0.5112355757850332,0.80614479631991875,-0.2551054770870918,-0.32621356037482369,0.10834254240096136,-0.48736999301504602,-0.020839677696780204,0.33539083532049291,-0.13101308045812729,-0.41448804689286456,0.11445886389044953,-0.16593460104610255,-0.3213223563847048,-0.13812733025397708,-0.13848696311210673,0.48518293630057696,0.24050283476033987,0.16756897417436345,0.12520218707590239,-0.20131805115661155,-0.16182590306135902,-0.26584998165392415,0.33545792802813973,-0.5867077990168037,0.18536959484921278,-0.70758499084157145,-0.12944274,0.22602269618676993,1.0,-0.33523044856039047,0.30202932864602305,0.34411177585866104
-0.0050931333534300904,-0.12684240171877448,-0.25723608655313163,0.49552291105476537,0.40138086532146222,0.38413739427874005,-0.3898249623481696,0.13914027147582578,-0.2672171409384248,0.052937422951635338,0.48531947230385841,0.046085920553572725,0.28708275828402019,-0.29885834033285386,0.46150839926856391,0.016707372039945892,0.33711621388095614,-0.24099087877532446,-0.19569625950114977,-0.55788359761529516,0.25558433712669359,-0.54434764990343143,-0.14667775861515442,0.23332671234907795,-0.50629347528611013,0.58529424371176686,-0.32246069738021205,0.61372798448661525,-0.47151977007527018,-0.067199595197389772,-0.21179711180578492,-0.53818586109297561,0.14313886458529146,-0.47570000000000001,-0.14056175735778784,-0.33523044856039047,1.0,-0.14978573283896696,-0.26553231399787863
-0.50461848764655692,-0.51308273596695531,0.38479915321815006,-0.60778912394619877,0.1535741285913205,-0.34570404564470747,0.42837532978702875,0.50624297277445007,0.19214520766000184,-0.12141420161399054,-0.46978236635764731,-0.11676361016019256,-0.014623764289732043,0.25493133068884344,-0.24630254450546338,0.66095105138946031,-0.24458455258641085,-0.33923230179553088,0.56795309041837327,0.060437238661390627,0.07491872507904479,0.37112750123130855,-0.027391403698732608,-0.52319183723990603,0.055164320278475946,-0.19042310194831724,0.40310663842445082,-0.016563960430776938,-0.0093763789958282839,-0.024635516409189984,-0.33824541352584375,-0.033419974816952164,0.093714845614484066,0.25379572000000006,0.21485728892371178,0.30202932864602305,-0.14978573283896696,1.0,0.081925727184464933
0.41937641677472048,-0.011129495906775696,0.19077165316286268,-0.47614897871397099,-0.75283290489120192,-0.26783433474314883,0.62422378104674525,-0.38567034396657468,0.069392700613713304,-0.66560175626265938,-0.62373738276839996,0.76728801067633612,-0.71797693703342524,0.65389057025254838,-0.20784068140383113,-0.10595421285871177,-0.71920213510099362,0.742170948056459,0.309182220150367,0.40889604349292413,-0.30605028905317927,0.30454051075229421,-0.088733650801616992,0.43568932005705774,0.5931660801202614,-0.57309405394057455,0.43462633763863551,-0.80868851095437533,0.61319879890722795,-0.6274015377578761,0.15000055084644218,0.86521622411022958,-0.43725029394418152,0.61363513999999997,0.67883162338724778,0.34411177585866104,-0.26553231399787863,0.081925727184464933,1.0
