1.0,-0.66044049669295257,0.28603301545280202,-0.51891419992883869,0.3083526889465944,0.20456517698567778,-0.22804246299978692,0.46998081486314208,-0.45603295165507379,0.29505835307142098,-0.14844428112150196,-0.016766828329247453,-0.061674244382087837,-0.10288054297439844,0.38302425852667921,-0.5483144446425452,-0.14990527916125496,-0.01085544726893135,-0.26248761480007604,-0.52135882563785574,-0.1383392,0.21832492227324685,0.15055739588885916,0.29281429971493139,0.8190333751564367,0.17129399746198465,-0.15627253975209951,-0.64535797302597131,-0.18984890204841365,-0.60834159826933953,0.15648010276083979,-0.39718908706400385,0.69235598409410437,0.21716778256456162,-0.31552589676865583,-0.2892448954753184,-0.068169839729067511,-0.060453652134413963,-0.6250889663278506
-0.66044049669295257,1.0,0.27067664810899628,0.88557432993205898,-0.4257103763842629,-0.071025622005701936,0.56352855285530112,0.024871729422538819,0.69500384533486015,-0.76586848994168577,-0.10356270485669794,0.21702040890105073,0.069346169904509564,0.67391047471468413,-0.15185301738367188,0.10625394907416441,0.34267007999407273,-0.065036407971934065,0.59100325681246968,0.62015195677717694,0.54305837999999995,-0.34727785923865234,0.29998378520399288,-0.17964391828355319,-0.71563909507363677,0.53838988811525368,0.25310149092449352,0.22850378676251465,-0.20891823321431841,0.18235742283004536,-0.41145242266099069,0.39657778461136717,-0.51526456826670164,-0.12759584414204772,-0.20414398434199846,0.29350227739288515,0.35562660033061472,-0.23297228114213606,0.78531318084512669
0.28603301545280202,0.27067664810899628,1.0,0.36805808560917896,-0.36889214149886185,0.01420869820261661,0.4819233348897442,0.71654229892945676,0.53898694866178809,-0.75321341695667177,-0.32268756708899726,0.26671435168903368,-0.33310333256357838,0.71757554205593355,0.53477483503030709,-0.77224492245107501,0.21599615445035536,0.08737352346310967,0.22610931478402641,-0.13413416585891952,0.59753403999999999,0.15679322816054186,0.87880552384987332,-0.1118167651697356,0.23938225127072643,0.86696445377849418,0.50678739148154839,-0.77550086607897151,-0.30893760183886571,-0.34930159571890851,-0.27252681410745583,-0.20780491037813487,0.40834716358601242,-0.31777500797170372,-0.90506593430181204,-0.19042916730064718,0.50480375883190687,-0.4988779467990051,0.11933259348641689
-0.51891419992883869,0.88557432993205898,0.36805808560917896,1.0,-0.22740805180572166,0.14627155980209783,0.72499146890723132,0.13901090963531038,0.52995639673593198,-0.81398395743842378,-0.35693163879051437,0.52838804057066946,0.3175340035253002,0.59004397739703562,-0.22709055161932859,-0.1314563420349936,0.53711169708323947,-0.176560987990622,0.48617517569408808,0.53394526121818753,0.70696713999999994,-0.40580652185652066,0.5238045581957903,0.087623195186808195,-0.44265604657588531,0.58267624370152959,0.41490752578025414,0.040922192304493114,-0.057442483080028695,0.23996844188596123,-0.55185027306414836,0.50448027556104891,-0.5168022890800571,-0.03625169407186591,-0.40943225165380792,0.35001295407731758,0.31813463650420615,-0.11187415315186039,0.82063823900399591
0.3083526889465944,-0.4257103763842629,-0.36889214149886185,-0.22740805180572166,1.0,0.61221494496612872,0.22523095207426702,-0.2255147820418969,-0.90112992969172578,0.31693651452976784,-0.63587801905830799,0.24358801911359934,0.62227028736118895,-0.75754766513588778,-0.69935285202958275,-0.24558786565697385,0.51556450573199819,-0.68495734134466812,-0.3014483282114041,-0.035864524454400463,0.17411200000000004,-0.62357869613099093,-0.054820670523935508,0.47486951724223614,0.50668186507392998,-0.25599693647958871,0.22576915809072187,-0.014631306831044293,0.59782540919365146,0.35348685704546096,-0.50409116202928794,0.5308894939839085,-0.38103422489529598,0.6175712718803158,-0.015111216311118567,0.086916530592723612,0.038472147256497578,0.88035727849157297,0.06415573045076696
0.20456517698567778,-0.071025622005701936,0.01420869820261661,0.14627155980209783,0.61221494496612872,1.0,0.5051898246938481,0.29196941795440523,-0.46734498764547444,-0.074058287092703651,-0.73552503005109493,0.58271483022906612,0.65026499341877508,-0.30555409905061803,-0.54029027706992483,-0.54325209270483354,0.67146755673287306,-0.7199066620494643,-0.48561728980015312,0.4841110732936465,0.47840516000000011,-0.30557227551030886,0.36986426646488629,0.36672271480400315,0.38159362538316616,0.12288956394236492,0.42108806785496916,-0.25155141933178859,0.73481908117970507,-0.0014703336615562337,-0.46936684867664946,0.65757929118633918,-0.32534421827701787,0.73817830859809008,-0.37952146294461619,0.065729936795252936,0.099331162865329239,0.37115487530572006,0.35271711141105161
-0.22804246299978692,0.56352855285530112,0.4819233348897442,0.72499146890723132,0.22523095207426702,0.5051898246938481,1.0,0.32523447432344749,0.14396269349628568,-0.8282677115579955,-0.85767884489255042,0.73245832967929891,0.44316302846874661,0.28821212366214227,-0.46423572070418201,-0.57257171145674868,0.92636865705427618,-0.64546991959084421,0.26422606587787212,0.46520173694113809,0.9888207200000001,-0.63731992979045982,0.76842973109369028,0.12372951480762336,-0.032254359190826649,0.63213191205712838,0.76936567631069319,-0.2077194066654735,0.33586240163068881,0.39204708129954502,-0.90664593221831158,0.73673030074443258,-0.56618218706962098,0.20979327003348161,-0.71765330941806227,0.35505880858452432,0.53394136526726355,0.24567454424846666,0.84996954225954091
0.46998081486314208,0.024871729422538819,0.71654229892945676,0.13901090963531038,-0.2255147820418969,0.29196941795440523,0.32523447432344749,1.0,0.23011947829494486,-0.42739065043424723,-0.32470717908969016,0.46654790206207708,-0.083833146994712254,0.53426597564573552,0.38701744613573319,-0.68424330440604753,0.25173336291139298,-0.19083323831224128,-0.13371770345449985,0.021143142565248171,0.41866939999999997,0.29852988891908688,0.64646763908270277,0.19608512431556657,0.33953271208279512,0.65547216131086228,0.13073665786995142,-0.57050676077353657,-0.059028685873014963,-0.47625828605977882,-0.065067112664893317,-0.041226121393874465,0.41738830678056343,0.015790389729717733,-0.69027838290639165,0.14407665116288421,0.022107415737112238,-0.56834715671744884,0.070541217662589153
-0.45603295165507379,0.69500384533486015,0.53898694866178809,0.52995639673593198,-0.90112992969172578,-0.46734498764547444,0.14396269349628568,0.23011947829494486,1.0,-0.64194794810656219,0.34542989533355906,-0.080673689260879547,-0.50438555731259149,0.86139956959909436,0.52457664689224071,0.061818994907888107,-0.19781316656958364,0.46879409588903354,0.41289684476069372,0.2008130698659531,0.18935463999999991,0.34073607492176727,0.32857430114764813,-0.51330074086414368,-0.56070789606013594,0.48517852262590566,0.13743875590492169,-0.064544821968850474,-0.49097581706765636,-0.20527395725360142,0.14064220674624187,-0.27382687024594693,0.13637128316590483,-0.544071112439659,-0.23649694384727113,-0.039892088840541524,0.30506658137187159,-0.74410013140214082,0.25742364989004901
0.29505835307142098,-0.76586848994168577,-0.75321341695667177,-0.81398395743842378,0.31693651452976784,-0.074058287092703651,-0.8282677115579955,-0.42739065043424723,-0.64194794810656219,1.0,0.47691771305333824,-0.48778950624182399,-0.0024539675461960476,-0.73489296806437743,-0.022106333200138929,0.4769226619310844,-0.57006769290818449,0.18549379331428165,-0.49400519058012349,-0.33931230672563473,-0.86454375999999999,0.30224800231763471,-0.80966688282094101,0.13331637526452791,0.24575480366060104,-0.83334785361385944,-0.63717781770998261,0.29323235847720325,0.1292248891398694,-0.13278283496827592,0.62637269399184659,-0.32343961441067137,0.2524521160591382,0.20352384208304641,0.74747143311094277,-0.20540539967813723,-0.58721581955747715,0.24094423330741155,-0.71242487574205948
-0.14844428112150196,-0.10356270485669794,-0.32268756708899726,-0.35693163879051437,-0.63587801905830799,-0.73552503005109493,-0.85767884489255042,-0.32470717908969016,0.34542989533355906,0.47691771305333824,1.0,-0.71434111642316955,-0.57782054224969326,0.11781862713225955,0.56492833457883729,0.71791269265115587,-0.94169577224011569,0.80861074007986944,0.034531160710205122,-0.24547216108738412,-0.85028126000000004,0.66121894374759482,-0.66565184312599013,-0.37508174993746246,-0.38017554098733125,-0.4329117248197607,-0.69837595583445167,0.33299634418860269,-0.54653503638098511,-0.35021864561718097,0.88876186393082124,-0.72820504714096745,0.44411540546404843,-0.43506465977330488,0.68204541933793905,-0.2445166373595829,-0.38233773887529943,-0.51562634463499801,-0.5755678848232566
-0.016766828329247453,0.21702040890105073,0.26671435168903368,0.52838804057066946,0.24358801911359934,0.58271483022906612,0.73245832967929891,0.46654790206207708,-0.080673689260879547,-0.48778950624182399,-0.71434111642316955,1.0,0.67533473469609084,0.13669846029259625,-0.41120258034208174,-0.45530262124780829,0.75995500394849402,-0.58126260016145248,-0.035452315584353411,0.40292561745785826,0.69865193999999997,-0.33229941619683845,0.59250898933018736,0.31367166122829815,0.17942080850618108,0.30981749340058645,0.45676049647461509,-0.11504911005986598,0.39578737519018797,0.24191325330199243,-0.53940438279800085,0.6487494342705582,-0.3812592531798733,0.38289657802234428,-0.50974099820978569,0.60601180786453224,0.084110638056453732,0.14913947416187481,0.61592964993877375
-0.061674244382087837,0.069346169904509564,-0.33310333256357838,0.3175340035253002,0.62227028736118895,0.65026499341877508,0.44316302846874661,-0.083833146994712254,-0.50438555731259149,-0.0024539675461960476,-0.57782054224969326,0.67533473469609084,1.0,-0.3292536271366367,-0.7476876074956601,-0.066578781031508952,0.62445497493031377,-0.70690907864567099,-0.061853126215008505,0.40362748449647284,0.34772055999999996,-0.58179576726619386,0.065855892545412853,0.39924579450279257,0.17801705577678417,-0.13558692279893564,0.19670719792491367,0.26522283244509348,0.51685960600532588,0.33208626552940124,-0.46628903954975665,0.76144552571977042,-0.61693908172396827,0.77019415706868499,-0.0015285012004647804,0.50909659473566882,-0.12015763735291796,0.58992832836028197,0.47977865397173425
-0.10288054297439844,0.67391047471468413,0.71757554205593355,0.59004397739703562,-0.75754766513588778,-0.30555409905061803,0.28821212366214227,0.53426597564573552,0.86139956959909436,-0.73489296806437743,0.11781862713225955,0.13669846029259625,-0.3292536271366367,1.0,0.53395609561986535,-0.19060090724457204,-0.033219027488700731,0.28285775614681935,0.54227884068638654,0.18396514952044848,0.36067832000000011,0.19551179378598707,0.48715420674101423,-0.2810803434860934,-0.34926892533255877,0.76546052462035929,0.082648220067372033,-0.2667104716304019,-0.63141187501768059,-0.39930032002336246,-0.010482932594249142,-0.20617021280985109,0.22838063761354407,-0.34886191702697089,-0.4602342873173968,0.10881142269832715,0.30169244316179367,-0.76533339805826583,0.2780188740662024
0.38302425852667921,-0.15185301738367188,0.53477483503030709,-0.22709055161932859,-0.69935285202958275,-0.54029027706992483,-0.46423572070418201,0.38701744613573319,0.52457664689224071,-0.022106333200138929,0.56492833457883729,-0.41120258034208174,-0.7476876074956601,0.53395609561986535,1.0,-0.13857593978886873,-0.6928322899274777,0.7444407845924369,0.032479019717352786,-0.52413341005342584,-0.34702153999999996,0.79176634482218178,0.13632756968377135,-0.29151157973263619,0.16206824513512527,0.25614148061761327,-0.24076322907479142,-0.48514765015588002,-0.67551082276134755,-0.70185610500543116,0.62873234200370864,-0.90622364110879772,0.9065515021292202,-0.5488613586060167,-0.18039310118259128,-0.46103840532132739,-0.023871497068469662,-0.80171271576155423,-0.62582986785144512
-0.5483144446425452,0.10625394907416441,-0.77224492245107501,-0.1314563420349936,-0.24558786565697385,-0.54325209270483354,-0.57257171145674868,-0.68424330440604753,0.061818994907888107,0.4769226619310844,0.71791269265115587,-0.45530262124780829,-0.066578781031508952,-0.19060090724457204,-0.13857593978886873,1.0,-0.51231665896175516,0.35471370199216012,0.16985437577855128,0.10765424650363728,-0.66034966000000006,0.06901598297372688,-0.86848190335544062,-0.18433145884795205,-0.64966801124202378,-0.65580120813110299,-0.64423463737829034,0.85429444544939837,-0.19797920415163558,0.24065042943145168,0.48249067513210447,-0.10391467747617282,-0.2591151872431211,-0.15109834802984176,0.93543937118265263,0.20969815311137521,-0.44442337382774255,0.021831529396872031,-0.088018504046578683
-0.14990527916125496,0.34267007999407273,0.21599615445035536,0.53711169708323947,0.51556450573199819,0.67146755673287306,0.92636865705427618,0.25173336291139298,-0.19781316656958364,-0.57006769290818449,-0.94169577224011569,0.75995500394849402,0.62445497493031377,-0.033219027488700731,-0.6928322899274777,-0.51231665896175516,1.0,-0.84617579617389937,0.072169589529056097,0.45638261944188413,0.88980586000000006,-0.73298386795491988,0.58523777299822544,0.32951137659245433,0.082209676528398015,0.40485919614356203,0.65618764890306058,-0.07861954848847047,0.57148896028530738,0.50821409027502595,-0.91969142188760666,0.8835584299036171,-0.67006423556479044,0.39949880380717251,-0.55585189546979485,0.44228861156848959,0.3368359540295045,0.47861763532342078,0.80385693245488432
-0.01085544726893135,-0.065036407971934065,0.08737352346310967,-0.176560987990622,-0.68495734134466812,-0.7199066620494643,-0.64546991959084421,-0.19083323831224128,0.46879409588903354,0.18549379331428165,0.80861074007986944,-0.58126260016145248,-0.70690907864567099,0.28285775614681935,0.7444407845924369,0.35471370199216012,-0.84617579617389937,1.0,0.14381001209679331,-0.4035512975283515,-0.58959242000000001,0.66304019317159635,-0.26130822468534076,-0.28537462092381088,-0.19945846483388358,-0.10731172440634772,-0.41548094567526866,-0.071965633749398003,-0.67094911490418552,-0.37111664684162993,0.70064956722998939,-0.84154761093919361,0.60225914539279013,-0.69907571666967372,0.27104713305827477,-0.46354258139940402,-0.16814215897991255,-0.56174905057548608,-0.57812254353767956
-0.26248761480007604,0.59100325681246968,0.22610931478402641,0.48617517569408808,-0.3014483282114041,-0.48561728980015312,0.26422606587787212,-0.13371770345449985,0.41289684476069372,-0.49400519058012349,0.034531160710205122,-0.035452315584353411,-0.061853126215008505,0.54227884068638654,0.032479019717352786,0.16985437577855128,0.072169589529056097,0.14381001209679331,1.0,0.066771596040736444,0.27056352000000006,-0.43395439120513069,0.066031167230634194,-0.1806921334128247,-0.48671838658569788,0.44214336120794795,-0.021898244985015185,0.10997017433528908,-0.63152764995596078,0.17374691720461463,-0.31227640466145234,0.020635000650820426,-0.21104139499390734,-0.29356534514693167,-0.082103427101208257,0.25665124689730806,0.21743001975453383,-0.078944827414357363,0.33818569122456899
-0.52135882563785574,0.62015195677717694,-0.13413416585891952,0.53394526121818753,-0.035864524454400463,0.4841110732936465,0.46520173694113809,0.021143142565248171,0.2008130698659531,-0.33931230672563473,-0.24547216108738412,0.40292561745785826,0.40362748449647284,0.18396514952044848,-0.52413341005342584,0.10765424650363728,0.45638261944188413,-0.4035512975283515,0.066771596040736444,1.0,0.39117172,-0.3068678714080007,0.065061914721558339,-0.17464237219130871,-0.57964309607043407,0.13428177016663564,0.20529625591204531,0.28083193086720537,0.33883687784279171,0.10680881343776293,-0.31086119559211545,0.67599982784605039,-0.6430415148069758,0.45145400712052303,0.0042501182669115551,0.39290289270662376,0.1826423866632918,0.0082982022230792037,0.72392902941558868
-0.1383392,0.54305837999999995,0.59753403999999999,0.70696713999999994,0.17411200000000004,0.47840516000000011,0.9888207200000001,0.41866939999999997,0.18935463999999991,-0.86454375999999999,-0.85028126000000004,0.69865193999999997,0.34772055999999996,0.36067832000000011,-0.34702153999999996,-0.66034966000000006,0.88980586000000006,-0.58959242000000001,0.27056352000000006,0.39117172,1.0,-0.57143728000000005,0.83794930000000001,0.13192690000000007,0.024403380000000086,0.72539709999999991,0.77178966000000004,-0.32456052000000002,0.26402379999999992,0.30155281999999994,-0.88505661999999996,0.64484636000000006,-0.44867718000000001,0.14177957999999991,-0.80492163999999999,0.28170849999999992,0.55793453999999998,0.1579488200000001,0.78732408000000009
0.21832492227324685,-0.34727785923865234,0.15679322816054186,-0.40580652185652066,-0.62357869613099093,-0.30557227551030886,-0.63731992979045982,0.29852988891908688,0.34073607492176727,0.30224800231763471,0.66121894374759482,-0.33229941619683845,-0.58179576726619386,0.19551179378598707,0.79176634482218178,0.06901598297372688,-0.73298386795491988,0.66304019317159635,-0.43395439120513069,-0.3068678714080007,-0.57143728000000005,1.0,-0.10522627971012914,-0.25163483491409638,0.12184181433294661,-0.17209828796130633,-0.35329955301659322,-0.22903514773391132,-0.24177129187884033,-0.61799314110343972,0.8611602813378465,-0.76016895763820824,0.78101361576008332,-0.36117097376092744,0.12125558423558642,-0.37790299648593551,-0.32928762966178959,-0.74485168715662353,-0.64585329078669296
0.15055739588885916,0.29998378520399288,0.87880552384987332,0.5238045581957903,-0.054820670523935508,0.36986426646488629,0.76842973109369028,0.64646763908270277,0.32857430114764813,-0.80966688282094101,-0.66565184312599013,0.59250898933018736,0.065855892545412853,0.48715420674101423,0.13632756968377135,-0.86848190335544062,0.58523777299822544,-0.26130822468534076,0.066031167230634194,0.065061914721558339,0.83794930000000001,-0.10522627971012914,1.0,0.048081957746748172,0.32331522906364163,0.78158009091633829,0.77074953416188896,-0.6814303888549349,0.10210460702692181,-0.063426752720801546,-0.56417295611490714,0.20038945041494655,0.059002828683276332,-0.046365076370049191,-0.97325637846229796,-0.032778008376766803,0.54398530201550965,-0.16591087036800997,0.40292531066342879
0.29281429971493139,-0.17964391828355319,-0.1118167651697356,0.087623195186808195,0.47486951724223614,0.36672271480400315,0.12372951480762336,0.19608512431556657,-0.51330074086414368,0.13331637526452791,-0.37508174993746246,0.31367166122829815,0.39924579450279257,-0.2810803434860934,-0.29151157973263619,-0.18433145884795205,0.32951137659245433,-0.28537462092381088,-0.1806921334128247,-0.17464237219130871,0.13192690000000007,-0.25163483491409638,0.048081957746748172,1.0,0.35968585577826939,0.071256849935048411,-0.22575252472318921,0.026696724188168996,0.22618676977390084,0.19189457757161787,-0.25108365589878606,0.30526847854793693,-0.11393534225876957,0.081896228444646987,-0.080808341575836704,0.1693950474081079,-0.50978216080652117,0.26450559712358007,0.070238782698917895
0.8190333751564367,-0.71563909507363677,0.23938225127072643,-0.44265604657588531,0.50668186507392998,0.38159362538316616,-0.032254359190826649,0.33953271208279512,-0.56070789606013594,0.24575480366060104,-0.38017554098733125,0.17942080850618108,0.17801705577678417,-0.34926892533255877,0.16206824513512527,-0.64966801124202378,0.082209676528398015,-0.19945846483388358,-0.48671838658569788,-0.57964309607043407,0.024403380000000086,0.12184181433294661,0.32331522906364163,0.35968585577826939,1.0,0.014671289016523179,0.18682198803996231,-0.58079892745222905,0.20626949480385937,-0.27035309125191281,-0.03055978327421241,-0.1826232574405228,0.47877098714739857,0.27924595047366513,-0.40073979293376633,-0.30782832795717502,-0.020312490856631157,0.22948490991161716,-0.47864355649874885
0.17129399746198465,0.53838988811525368,0.86696445377849418,0.58267624370152959,-0.25599693647958871,0.12288956394236492,0.63213191205712838,0.65547216131086228,0.48517852262590566,-0.83334785361385944,-0.4329117248197607,0.30981749340058645,-0.13558692279893564,0.76546052462035929,0.25614148061761327,-0.65580120813110299,0.40485919614356203,-0.10731172440634772,0.44214336120794795,0.13428177016663564,0.72539709999999991,-0.17209828796130633,0.78158009091633829,0.071256849935048411,0.014671289016523179,1.0,0.39388056160069201,-0.5683026578705489,-0.33370438071756514,-0.26053011231038353,-0.49112997631218114,0.083241291943833326,0.10748211042297019,-0.1702853102775343,-0.82490183804950401,0.0018956213425046187,0.48754021910174061,-0.38773247390265786,0.39494021282429514
-0.15627253975209951,0.25310149092449352,0.50678739148154839,0.41490752578025414,0.22576915809072187,0.42108806785496916,0.76936567631069319,0.13073665786995142,0.13743875590492169,-0.63717781770998261,-0.69837595583445167,0.45676049647461509,0.19670719792491367,0.082648220067372033,-0.24076322907479142,-0.64423463737829034,0.65618764890306058,-0.41548094567526866,-0.021898244985015185,0.20529625591204531,0.77178966000000004,-0.35329955301659322,0.77074953416188896,-0.22575252472318921,0.18682198803996231,0.39388056160069201,1.0,-0.44453963367013211,0.4275981955176798,0.27938939661288259,-0.68555523028972654,0.4098878265294279,-0.30116165542010898,0.1358812663690285,-0.71303391497308244,-0.051012172095148599,0.75882318103440716,0.28611379879552146,0.49104961602043257
-0.64535797302597131,0.22850378676251465,-0.77550086607897151,0.040922192304493114,-0.014631306831044293,-0.25155141933178859,-0.2077194066654735,-0.57050676077353657,-0.064544821968850474,0.29323235847720325,0.33299634418860269,-0.11504911005986598,0.26522283244509348,-0.2667104716304019,-0.48514765015588002,0.85429444544939837,-0.07861954848847047,-0.071965633749398003,0.10997017433528908,0.28083193086720537,-0.32456052000000002,-0.22903514773391132,-0.6814303888549349,0.026696724188168996,-0.58079892745222905,-0.5683026578705489,-0.44453963367013211,1.0,0.11582882715983366,0.52242872288797171,0.12531373621005876,0.32454876511154185,-0.59001268826165476,0.053809659846249809,0.78580714272204277,0.46037305128556399,-0.43518670904823409,0.25639801501483311,0.27022723994309994
-0.18984890204841365,-0.20891823321431841,-0.30893760183886571,-0.057442483080028695,0.59782540919365146,0.73481908117970507,0.33586240163068881,-0.059028685873014963,-0.49097581706765636,0.1292248891398694,-0.54653503638098511,0.39578737519018797,0.51685960600532588,-0.63141187501768059,-0.67551082276134755,-0.19797920415163558,0.57148896028530738,-0.67094911490418552,-0.63152764995596078,0.33883687784279171,0.26402379999999992,-0.24177129187884033,0.10210460702692181,0.22618676977390084,0.20626949480385937,-0.33370438071756514,0.4275981955176798,0.11582882715983366,1.0,0.46090729738478681,-0.35382271184233838,0.65844093671225179,-0.50441664989204105,0.4830129866525279,-0.042768434273124309,0.12560729021570025,-0.044496942148354091,0.54861455851859642,0.33026271197798263
-0.60834159826933953,0.18235742283004536,-0.34930159571890851,0.23996844188596123,0.35348685704546096,-0.0014703336615562337,0.39204708129954502,-0.47625828605977882,-0.20527395725360142,-0.13278283496827592,-0.35021864561718097,0.24191325330199243,0.33208626552940124,-0.39930032002336246,-0.70185610500543116,0.24065042943145168,0.50821409027502595,-0.37111664684162993,0.17374691720461463,0.10680881343776293,0.30155281999999994,-0.61799314110343972,-0.063426752720801546,0.19189457757161787,-0.27035309125191281,-0.26053011231038353,0.27938939661288259,0.52242872288797171,0.46090729738478681,1.0,-0.54737465098234361,0.5983633362603078,-0.7667628366971867,-0.11986013269422204,0.15511201879309364,0.38809206910740196,-0.024971709824249063,0.65568939530870873,0.54034188448765852
0.15648010276083979,-0.41145242266099069,-0.27252681410745583,-0.55185027306414836,-0.50409116202928794,-0.46936684867664946,-0.90664593221831158,-0.065067112664893317,0.14064220674624187,0.62637269399184659,0.88876186393082124,-0.53940438279800085,-0.46628903954975665,-0.010482932594249142,0.62873234200370864,0.48249067513210447,-0.91969142188760666,0.70064956722998939,-0.31227640466145234,-0.31086119559211545,-0.88505661999999996,0.8611602813378465,-0.56417295611490714,-0.25108365589878606,-0.03055978327421241,-0.49112997631218114,-0.68555523028972654,0.12531373621005876,-0.35382271184233838,-0.54737465098234361,1.0,-0.76170137248445657,0.65049354758780353,-0.23213898923769266,0.56463220679786308,-0.27141212007877019,-0.51100533124587566,-0.55271058669192508,-0.74948739859215929
-0.39718908706400385,0.39657778461136717,-0.20780491037813487,0.50448027556104891,0.5308894939839085,0.65757929118633918,0.73673030074443258,-0.041226121393874465,-0.27382687024594693,-0.32343961441067137,-0.72820504714096745,0.6487494342705582,0.76144552571977042,-0.20617021280985109,-0.90622364110879772,-0.10391467747617282,0.8835584299036171,-0.84154761093919361,0.020635000650820426,0.67599982784605039,0.64484636000000006,-0.76016895763820824,0.20038945041494655,0.30526847854793693,-0.1826232574405228,0.083241291943833326,0.4098878265294279,0.32454876511154185,0.65844093671225179,0.5983633362603078,-0.76170137248445657,1.0,-0.89393206454973662,0.54179558240550396,-0.13624484270380674,0.55688966689490405,0.13052311718359227,0.56857608683724814,0.84808144672483343
0.69235598409410437,-0.51526456826670164,0.40834716358601242,-0.5168022890800571,-0.38103422489529598,-0.32534421827701787,-0.56618218706962098,0.41738830678056343,0.13637128316590483,0.2524521160591382,0.44411540546404843,-0.3812592531798733,-0.61693908172396827,0.22838063761354407,0.9065515021292202,-0.2591151872431211,-0.67006423556479044,0.60225914539279013,-0.21104139499390734,-0.6430415148069758,-0.44867718000000001,0.78101361576008332,0.059002828683276332,-0.11393534225876957,0.47877098714739857,0.10748211042297019,-0.30116165542010898,-0.59001268826165476,-0.50441664989204105,-0.7667628366971867,0.65049354758780353,-0.89393206454973662,1.0,-0.33130513784308419,-0.15523534394066552,-0.51449006111150886,-0.13231415982495842,-0.60761369645183272,-0.82815101879180464
0.21716778256456162,-0.12759584414204772,-0.31777500797170372,-0.03625169407186591,0.6175712718803158,0.73817830859809008,0.20979327003348161,0.015790389729717733,-0.544071112439659,0.20352384208304641,-0.43506465977330488,0.38289657802234428,0.77019415706868499,-0.34886191702697089,-0.5488613586060167,-0.15109834802984176,0.39949880380717251,-0.69907571666967372,-0.29356534514693167,0.45145400712052303,0.14177957999999991,-0.36117097376092744,-0.046365076370049191,0.081896228444646987,0.27924595047366513,-0.1702853102775343,0.1358812663690285,0.053809659846249809,0.4830129866525279,-0.11986013269422204,-0.23213898923769266,0.54179558240550396,-0.33130513784308419,1.0,0.025962783418356568,0.23390863397483064,0.056538303360523227,0.44381411256884762,0.18609212733662031
-0.31552589676865583,-0.20414398434199846,-0.90506593430181204,-0.40943225165380792,-0.015111216311118567,-0.37952146294461619,-0.71765330941806227,-0.69027838290639165,-0.23649694384727113,0.74747143311094277,0.68204541933793905,-0.50974099820978569,-0.0015285012004647804,-0.4602342873173968,-0.18039310118259128,0.93543937118265263,-0.55585189546979485,0.27104713305827477,-0.082103427101208257,0.0042501182669115551,-0.80492163999999999,0.12125558423558642,-0.97325637846229796,-0.080808341575836704,-0.40073979293376633,-0.82490183804950401,-0.71303391497308244,0.78580714272204277,-0.042768434273124309,0.15511201879309364,0.56463220679786308,-0.13624484270380674,-0.15523534394066552,0.025962783418356568,1.0,0.09880726145850427,-0.55102318514995108,0.15567553467408377,-0.29806283563031677
-0.2892448954753184,0.29350227739288515,-0.19042916730064718,0.35001295407731758,0.086916530592723612,0.065729936795252936,0.35505880858452432,0.14407665116288421,-0.039892088840541524,-0.20540539967813723,-0.2445166373595829,0.60601180786453224,0.50909659473566882,0.10881142269832715,-0.46103840532132739,0.20969815311137521,0.44228861156848959,-0.46354258139940402,0.25665124689730806,0.39290289270662376,0.28170849999999992,-0.37790299648593551,-0.032778008376766803,0.1693950474081079,-0.30782832795717502,0.0018956213425046187,-0.051012172095148599,0.46037305128556399,0.12560729021570025,0.38809206910740196,-0.27141212007877019,0.55688966689490405,-0.51449006111150886,0.23390863397483064,0.09880726145850427,1.0,-0.18001095077221593,0.11159759864965577,0.55623347224996522
-0.068169839729067511,0.35562660033061472,0.50480375883190687,0.31813463650420615,0.038472147256497578,0.099331162865329239,0.53394136526726355,0.022107415737112238,0.30506658137187159,-0.58721581955747715,-0.38233773887529943,0.084110638056453732,-0.12015763735291796,0.30169244316179367,-0.023871497068469662,-0.44442337382774255,0.3368359540295045,-0.16814215897991255,0.21743001975453383,0.1826423866632918,0.55793453999999998,-0.32928762966178959,0.54398530201550965,-0.50978216080652117,-0.020312490856631157,0.48754021910174061,0.75882318103440716,-0.43518670904823409,-0.044496942148354091,-0.024971709824249063,-0.51100533124587566,0.13052311718359227,-0.13231415982495842,0.056538303360523227,-0.55102318514995108,-0.18001095077221593,1.0,0.1062430240342411,0.31758683428497481
-0.060453652134413963,-0.23297228114213606,-0.4988779467990051,-0.11187415315186039,0.88035727849157297,0.37115487530572006,0.24567454424846666,-0.56834715671744884,-0.74410013140214082,0.24094423330741155,-0.51562634463499801,0.14913947416187481,0.58992832836028197,-0.76533339805826583,-0.80171271576155423,0.021831529396872031,0.47861763532342078,-0.56174905057548608,-0.078944827414357363,0.0082982022230792037,0.1579488200000001,-0.74485168715662353,-0.16591087036800997,0.26450559712358007,0.22948490991161716,-0.38773247390265786,0.28611379879552146,0.25639801501483311,0.54861455851859642,0.65568939530870873,-0.55271058669192508,0.56857608683724814,-0.60761369645183272,0.44381411256884762,0.15567553467408377,0.11159759864965577,0.1062430240342411,1.0,0.20197025800819149
-0.6250889663278506,0.78531318084512669,0.11933259348641689,0.82063823900399591,0.06415573045076696,0.35271711141105161,0.84996954225954091,0.070541217662589153,0.25742364989004901,-0.71242487574205948,-0.5755678848232566,0.61592964993877375,0.47977865397173425,0.2780188740662024,-0.62582986785144512,-0.088018504046578683,0.80385693245488432,-0.57812254353767956,0.33818569122456899,0.72392902941558868,0.78732408000000009,-0.64585329078669296,0.40292531066342879,0.070238782698917895,-0.47864355649874885,0.39494021282429514,0.49104961602043257,0.27022723994309994,0.33026271197798263,0.54034188448765852,-0.74948739859215929,0.84808144672483343,-0.82815101879180464,0.18609212733662031,-0.29806283563031677,0.55623347224996522,0.31758683428497481,0.20197025800819149,1.0
