1.000000000000000000e+00,-5.099790744854388880e-01,5.285292977486030219e-01,-4.993144644430538293e-01,-3.292154818228424373e-01,-2.687483092145427632e-02,1.397518896286858991e-01,6.590900593332704727e-01,5.501503888991013946e-01,6.302924098866516944e-01,4.081820516846561553e-01,7.842897590524579299e-02,-1.733919234415745025e-01,5.503589768436834007e-01,5.984822024851391697e-01,-4.241038127583554029e-01,-3.436324363363049694e-01,-2.010282959358670463e-01,4.369116075645834707e-01,-4.383530831611752721e-01,-6.303101799999999422e-01,2.567252520942939764e-01,-4.701385552696842884e-01,-2.642293298991146497e-02,-7.095727761401042499e-02,-3.933270063293422547e-01,-1.547125823071539563e-01,2.177069505744635425e-01,-4.318285634626120029e-01,-8.281507372574915815e-02,5.734723428563351377e-02,6.184428599651375924e-01,4.322927398491026585e-01,-3.110705159208713155e-01,1.911863804736690930e-02,4.565529447086784098e-01,4.191027667579255156e-01,-3.572193027677773025e-01,3.674071880719860794e-01
-5.099790744854388880e-01,1.000000000000000000e+00,-2.588331314980841791e-01,8.047372756778374825e-01,7.813508983674586350e-01,1.237720853630482412e-02,-7.608238931726846177e-01,-5.859683875873076264e-01,-5.518666126049170950e-01,-5.247199741667578632e-01,-1.439108066375163753e-02,5.731963633960237559e-01,5.121240549550725163e-01,-5.729898041969375688e-01,-5.560020493116183404e-01,2.799045662950742641e-01,-2.082839396609071358e-01,1.614127128494778907e-01,-8.652092208888595426e-01,-1.678056512149044277e-01,6.286677800000000094e-01,-4.489428123963561945e-01,2.234184643093829747e-01,-4.793935619052767105e-01,-5.997106624923824736e-01,5.906938298523236597e-01,-5.431778443156822789e-01,-6.662252554071228516e-01,1.814331626086317373e-01,4.798399325907048429e-01,6.039171073724813876e-01,-6.112743934075177688e-01,-1.088948647282187709e-01,9.099914020085454469e-01,2.407665141227153804e-01,-2.952907811873783928e-01,4.692657713938948316e-02,2.577191735191007860e-01,-5.333120456147535382e-01
5.285292977486030219e-01,-2.588331314980841791e-01,1.000000000000000000e+00,-6.403171602073004509e-01,-8.216296440362055864e-02,-3.781621246865406460e-01,1.126544954168874207e-01,8.255132846928314727e-01,6.828726981428824283e-01,6.111350863245834653e-01,8.990465209941799207e-01,2.474882525931183241e-01,-6.051766990975113725e-01,7.234908435919844560e-01,8.972076836086583240e-01,4.225120303322500714e-02,-7.170479451080384869e-01,2.124667581843491526e-01,1.441477033419676368e-01,-1.079207195692412080e-01,-8.580509199999999392e-01,1.349118813594771260e-01,-5.303645996759465131e-01,-6.212174662433030958e-01,-4.976705186579972184e-01,-7.303604852801045544e-01,-3.199820312640401232e-01,-2.028357989018654273e-01,1.684839795227183745e-01,3.244497699695825244e-01,1.235418834833646590e-01,8.642404586800184196e-01,7.616313974783207597e-01,-5.130756384613899268e-02,3.756774620888581051e-04,6.626725030650009174e-01,6.880756939705393038e-02,-6.136692193019764874e-01,1.831107279463928261e-02
-4.993144644430538293e-01,8.047372756778374825e-01,-6.403171602073004509e-01,1.000000000000000000e+00,5.820613314524530901e-01,3.562263286075170177e-01,-6.127078901022171564e-01,-8.184874869930773844e-01,-8.485648275399634288e-01,-6.848703467663892486e-01,-4.075955040818474151e-01,3.745427032595973205e-01,7.833676395998733222e-01,-7.430768614860886467e-01,-8.677644602709162491e-01,-2.123129293165351358e-02,1.239524922625741266e-01,-2.007603471125081473e-01,-6.550259608697337477e-01,-2.560984147310494952e-01,8.689623600000000447e-01,-3.021185758153180356e-01,3.284150597649228009e-01,-1.308758455217733652e-01,-2.736467895066039269e-01,7.554506556393182359e-01,-4.009430716423404428e-01,-3.723429629617004410e-01,8.514715371032219315e-02,3.764546697062417513e-01,5.115697877510327896e-01,-8.630414526969861777e-01,-3.859310437079110923e-01,7.686589214654312441e-01,5.485835848721185015e-02,-4.977722226668090943e-01,3.303519377058089512e-02,4.894476976114824351e-01,-5.233021841058821400e-01
-3.292154818228424373e-01,7.813508983674586350e-01,-8.216296440362055864e-02,5.820613314524530901e-01,1.000000000000000000e+00,2.449776537247963792e-01,-8.263238058937948383e-01,-3.100251018085845023e-01,-5.364514194309406570e-01,-3.648175855756383146e-01,2.764885705165607277e-01,6.063432980010416973e-01,3.569236516809309312e-01,-3.980481503585748260e-01,-2.619903340656443147e-01,3.125399827588520307e-01,-3.833317660945644856e-01,2.875701455368863124e-01,-9.160021410619259008e-01,-1.360871003671105389e-02,3.986840000000000384e-01,-7.280232542925448858e-01,-7.122518284465338689e-02,-4.614654931969995877e-01,-6.656953165501255931e-01,4.861007789721925598e-01,-5.953390301752505831e-01,-3.718357814151134755e-01,1.413616384689120875e-01,3.895099404790692277e-01,4.981320871820575924e-01,-3.697989153547188157e-01,-5.501956475720297390e-02,7.963851134551562794e-01,6.558983694879449988e-01,-5.142612553649260621e-01,1.628175351240517543e-01,-1.484994484149607108e-02,-3.821249407797107644e-01
-2.687483092145427632e-02,1.237720853630482412e-02,-3.781621246865406460e-01,3.562263286075170177e-01,2.449776537247963792e-01,1.000000000000000000e+00,6.125401424621398222e-02,-3.370780534075394907e-01,-5.454930388407447373e-01,-3.962407850059721515e-01,-1.911998922655373245e-01,-2.413009237164748522e-01,2.664489881173988661e-01,-3.499884081571198458e-01,-3.578766690566410613e-01,-2.218816109356253341e-01,2.418669963695542838e-02,-4.025442165564224739e-01,-1.026834314314485352e-01,4.446815745444358814e-02,3.402600200000001074e-01,-1.713124289707605996e-01,-1.608171451244463923e-01,1.511611706276979883e-01,1.247973341987008294e-01,2.065769583258545150e-01,-9.112809512712682913e-02,5.382864553308293054e-01,1.144419663235831004e-02,2.457211522862568776e-01,1.735179014158894917e-01,-3.462236390008726628e-01,-1.027348712071160797e-01,8.344064083197533233e-02,6.293062956003225850e-02,-6.920265593451466746e-01,-1.495813583282327164e-01,3.369125571559158927e-01,2.839888371026649469e-02
1.397518896286858991e-01,-7.608238931726846177e-01,1.126544954168874207e-01,-6.127078901022171564e-01,-8.263238058937948383e-01,6.125401424621398222e-02,1.000000000000000000e+00,2.309967289296916415e-01,4.585173198555945739e-01,1.467947270554337269e-01,-2.212799859798048052e-01,-7.006239300159659011e-01,-6.205025235493183411e-01,3.683590638679889451e-01,2.691605486105005940e-01,-1.809678814504087907e-01,3.504560411646731044e-01,-2.708894133770006762e-01,7.770916762085704477e-01,4.052884626206907925e-01,-3.600250000000000394e-01,5.317982224779665978e-01,8.018264368185959445e-02,3.424703587843289099e-01,7.014556679250040228e-01,-6.528574220689030705e-01,7.022280370788076542e-01,5.032796965063026651e-01,3.980681041199319453e-02,-1.778252719374893431e-01,-6.043111426955151133e-01,3.353939165074527051e-01,2.066527583373682919e-01,-8.143209777427535823e-01,-5.993623656237250241e-01,2.404057541289943145e-01,-5.562819800346558985e-01,-8.602435469328831297e-02,3.408079924558387042e-01
6.590900593332704727e-01,-5.859683875873076264e-01,8.255132846928314727e-01,-8.184874869930773844e-01,-3.100251018085845023e-01,-3.370780534075394907e-01,2.309967289296916415e-01,1.000000000000000000e+00,7.350738686592066529e-01,8.920297513882202711e-01,7.320824263443179714e-01,-5.908827974482038642e-02,-4.640563608436480414e-01,8.459895041087915901e-01,9.613238632616817325e-01,-1.926243492543536495e-01,-5.293619063898219457e-01,2.666329930791523639e-02,5.004238889000244273e-01,-1.298016651008043754e-01,-9.700967600000000024e-01,3.260566501509900017e-01,-7.174635239983061519e-01,-1.836708455886178759e-01,-2.058555904231847422e-01,-6.203081701547223936e-01,-1.540180393016917781e-01,1.553805295648875706e-01,-1.002256578474474413e-01,-1.141076460129661213e-01,-4.365709620530525137e-02,9.735418573968419587e-01,4.829926467072209739e-01,-3.894987629018016317e-01,3.990116724659131808e-02,6.442939803578239255e-01,3.662690824621100405e-01,-4.450300593574737507e-01,3.115440557144862344e-01
5.501503888991013946e-01,-5.518666126049170950e-01,6.828726981428824283e-01,-8.485648275399634288e-01,-5.364514194309406570e-01,-5.454930388407447373e-01,4.585173198555945739e-01,7.350738686592066529e-01,1.000000000000000000e+00,7.389887530309330321e-01,3.998980578804000596e-01,-1.686315635376431366e-01,-7.089157373572486653e-01,7.688902564318860211e-01,8.034484236833947524e-01,-1.078359303743476744e-01,-2.227313027967390557e-01,2.272776132175343689e-01,5.528791486733284355e-01,1.151908793915912971e-01,-8.164109400000000294e-01,4.283544668279311574e-01,-2.777903111909750256e-01,-1.318791624385738659e-01,7.571252598291140778e-02,-7.455534692670905406e-01,2.518251725643640415e-01,-4.304398244249574290e-02,-1.070079905978862378e-01,-1.656374201447767813e-01,-2.967914474037822159e-01,8.105357580786569649e-01,6.044534935389507257e-01,-5.386703621763255789e-01,-2.301155908862804467e-01,7.024858758563522487e-01,-2.684151541758791892e-02,-4.345220240000130518e-01,2.530704115775261331e-01
6.302924098866516944e-01,-5.247199741667578632e-01,6.111350863245834653e-01,-6.848703467663892486e-01,-3.648175855756383146e-01,-3.962407850059721515e-01,1.467947270554337269e-01,8.920297513882202711e-01,7.389887530309330321e-01,1.000000000000000000e+00,5.081745674218764997e-01,-1.267228627301509869e-01,-2.295510194011497196e-01,8.501758199012537931e-01,8.112333599366264858e-01,-4.279355773951448172e-01,-4.091382267043691678e-01,-7.035396140583671798e-02,5.948522786841354826e-01,-2.408053241721100357e-01,-8.679820400000000102e-01,5.381618718904570553e-01,-6.743327916900981878e-01,-8.692803392005965524e-02,-1.558717042681978526e-01,-4.467157004721084013e-01,-1.615216671035153151e-01,4.547819167505557508e-02,-2.050631086534021041e-01,-1.968357126748974950e-01,5.406655355402874286e-02,8.700934516103464578e-01,4.003818443460867571e-01,-3.595603865611839423e-01,-1.108616613756304714e-01,6.920508406865725215e-01,5.100149641893256813e-01,-2.098931170651785472e-01,1.857664785018215969e-01
4.081820516846561553e-01,-1.439108066375163753e-02,8.990465209941799207e-01,-4.075955040818474151e-01,2.764885705165607277e-01,-1.911998922655373245e-01,-2.212799859798048052e-01,7.320824263443179714e-01,3.998980578804000596e-01,5.081745674218764997e-01,1.000000000000000000e+00,3.549887747698369234e-01,-3.536507715073115565e-01,5.295435311410401358e-01,7.819995103088385191e-01,1.560245382476077858e-01,-8.872790519764808259e-01,2.925401950598263134e-01,-1.415617775640243270e-01,-2.074426657036794186e-01,-7.090824199999999911e-01,-1.013575741789351642e-01,-6.803437037442962021e-01,-6.793228107227801127e-01,-7.269292946529057886e-01,-4.466415938718114598e-01,-5.897439136410649319e-01,-1.885206883289757274e-01,2.355263772455606919e-01,3.798177008235217311e-01,3.692677137474315030e-01,7.250132978732511946e-01,6.137605171238385005e-01,2.274443137114754432e-01,2.801026284233596453e-01,3.909626533546877170e-01,2.691285072801820055e-01,-4.488518555473572924e-01,-4.104355233998234487e-02
7.842897590524579299e-02,5.731963633960237559e-01,2.474882525931183241e-01,3.745427032595973205e-01,6.063432980010416973e-01,-2.413009237164748522e-01,-7.006239300159659011e-01,-5.908827974482038642e-02,-1.686315635376431366e-01,-1.267228627301509869e-01,3.549887747698369234e-01,1.000000000000000000e+00,1.891654505527058661e-01,-1.778820341529969151e-01,-4.294646957403259330e-02,4.298198615928217753e-02,-2.935449840728523996e-01,1.769087086228327277e-01,-6.769301809557166649e-01,-1.770398544934693175e-01,1.540799600000000158e-01,-5.357709767509616361e-01,3.632862487701679632e-02,-5.774302823356319836e-01,-6.366377629150385964e-01,1.277126055894394485e-01,-5.231573120300302415e-01,-6.864423070004420646e-01,-5.393271939301555462e-02,3.960432036048468496e-01,3.032294746516360218e-01,-1.317481034495024128e-01,1.395843161395931564e-01,6.400749137424404100e-01,4.280238153106302734e-01,1.277137226658847935e-01,1.816288507677447928e-01,-4.888590725628716438e-01,-4.398283131195680484e-01
-1.733919234415745025e-01,5.121240549550725163e-01,-6.051766990975113725e-01,7.833676395998733222e-01,3.569236516809309312e-01,2.664489881173988661e-01,-6.205025235493183411e-01,-4.640563608436480414e-01,-7.089157373572486653e-01,-2.295510194011497196e-01,-3.536507715073115565e-01,1.891654505527058661e-01,1.000000000000000000e+00,-4.794671806083735666e-01,-6.487040395206401522e-01,-2.712592752707619903e-01,6.512669883468862053e-02,-4.091700259614896029e-01,-2.836711422984463660e-01,-5.828887471938628551e-01,5.892339200000000776e-01,-1.633578951790749453e-02,3.579206166613161343e-03,1.655879359228572822e-01,-2.132678436017964585e-01,8.686156591028671992e-01,-4.893426651777649239e-01,-1.093479750442683529e-01,-2.039903377395408945e-01,1.004121560597977941e-02,5.744555840115750378e-01,-5.880688328145013966e-01,-5.603781959623936881e-01,5.474392605186382266e-01,9.529292104858033685e-02,-2.983165691562296162e-01,5.761167328263350207e-01,6.124626251409052147e-01,-2.141063381013710853e-01
5.503589768436834007e-01,-5.729898041969375688e-01,7.234908435919844560e-01,-7.430768614860886467e-01,-3.980481503585748260e-01,-3.499884081571198458e-01,3.683590638679889451e-01,8.459895041087915901e-01,7.688902564318860211e-01,8.501758199012537931e-01,5.295435311410401358e-01,-1.778820341529969151e-01,-4.794671806083735666e-01,1.000000000000000000e+00,8.434285555284641855e-01,-3.191070615525097298e-01,-4.296934000111485297e-01,-1.116054138606093205e-01,5.834330424218721056e-01,-9.813040764533852156e-02,-8.954161000000000481e-01,5.752701128949129217e-01,-4.930257855043305715e-01,-2.433830484566804619e-01,-1.430050389466171468e-01,-6.422970755661252529e-01,-7.500308244092460108e-02,1.368553491309840164e-02,-2.038550169300039350e-02,2.836451678218879571e-02,-1.782742104909818340e-02,8.918954835252180802e-01,6.206046396882557437e-01,-3.749165799980770930e-01,-2.829409268010529277e-01,6.899430420948199361e-01,1.577471473121303813e-01,-3.741402423081601758e-01,7.709103520516835673e-02
5.984822024851391697e-01,-5.560020493116183404e-01,8.972076836086583240e-01,-8.677644602709162491e-01,-2.619903340656443147e-01,-3.578766690566410613e-01,2.691605486105005940e-01,9.613238632616817325e-01,8.034484236833947524e-01,8.112333599366264858e-01,7.819995103088385191e-01,-4.294646957403259330e-02,-6.487040395206401522e-01,8.434285555284641855e-01,1.000000000000000000e+00,-3.749479040549454772e-02,-5.522585778596250661e-01,2.092741231758667719e-01,4.129672505967435514e-01,7.453384561200968039e-03,-9.790258600000000255e-01,2.329830915944310910e-01,-6.130141696539266327e-01,-2.829878420075796486e-01,-2.209320118206228312e-01,-7.320049813279008166e-01,-8.539087214245046076e-02,1.023907438806050535e-01,1.541542538098212428e-02,-3.885393577068477211e-02,-1.035167500868765522e-01,9.836840190021289843e-01,6.060598845963934833e-01,-3.841015519120970501e-01,5.804276007552718053e-02,6.050064497319234125e-01,1.842742589885468796e-01,-5.532939470796460757e-01,2.705386249637609097e-01
-4.241038127583554029e-01,2.799045662950742641e-01,4.225120303322500714e-02,-2.123129293165351358e-02,3.125399827588520307e-01,-2.218816109356253341e-01,-1.809678814504087907e-01,-1.926243492543536495e-01,-1.078359303743476744e-01,-4.279355773951448172e-01,1.560245382476077858e-01,4.298198615928217753e-02,-2.712592752707619903e-01,-3.191070615525097298e-01,-3.749479040549454772e-02,1.000000000000000000e+00,-8.281429682110789947e-02,7.642497958376064382e-01,-4.974733183181354046e-01,2.233880869015467119e-01,1.668143600000000504e-01,-5.639445006226618817e-01,3.359591053980813813e-01,-3.505069640301168576e-02,-1.043997544020645735e-01,1.532188708302137936e-01,1.138822052926118100e-01,-2.499017648829571225e-02,3.652668623905830914e-01,-1.416042980577794375e-01,-1.358170684197575750e-01,-1.601937774929318437e-01,-1.857522466805696937e-01,1.536075139537039780e-01,4.603753925275378966e-01,-3.424804849036007792e-01,-1.923110344418405837e-01,-9.740226051415884490e-02,1.840870460752160320e-01
-3.436324363363049694e-01,-2.082839396609071358e-01,-7.170479451080384869e-01,1.239524922625741266e-01,-3.833317660945644856e-01,2.418669963695542838e-02,3.504560411646731044e-01,-5.293619063898219457e-01,-2.227313027967390557e-01,-4.091382267043691678e-01,-8.872790519764808259e-01,-2.935449840728523996e-01,6.512669883468862053e-02,-4.296934000111485297e-01,-5.522585778596250661e-01,-8.281429682110789947e-02,1.000000000000000000e+00,-1.363746615661405870e-01,2.233905008594775365e-01,4.201478520046247334e-01,5.182121399999999323e-01,-3.056917134737557537e-02,7.052998979300982851e-01,7.375883736339189367e-01,8.470177913734201480e-01,1.953914730606162997e-01,7.924433493546955143e-01,2.530410013676818171e-01,-3.493558815787740635e-01,-5.472854146470699233e-01,-6.956202091792131892e-01,-5.288439076169331177e-01,-5.737008611148105564e-01,-4.677449934154268574e-01,-1.447448932409591549e-01,-2.702827156394395636e-01,-3.513958327054149122e-01,9.107943150444847147e-02,2.324577561243820478e-01
-2.010282959358670463e-01,1.614127128494778907e-01,2.124667581843491526e-01,-2.007603471125081473e-01,2.875701455368863124e-01,-4.025442165564224739e-01,-2.708894133770006762e-01,2.666329930791523639e-02,2.272776132175343689e-01,-7.035396140583671798e-02,2.925401950598263134e-01,1.769087086228327277e-01,-4.091700259614896029e-01,-1.116054138606093205e-01,2.092741231758667719e-01,7.642497958376064382e-01,-1.363746615661405870e-01,1.000000000000000000e+00,-4.136703054336077212e-01,2.674885726051510759e-01,-6.733569999999999833e-02,-5.097232911153032342e-01,1.686487174452115101e-01,-1.568518528799367207e-01,-1.758172876408305441e-01,-7.116679621280858070e-02,1.153704662690553939e-01,-2.086639695616430701e-01,2.535592969513648098e-01,-1.918370985399041051e-01,-1.965377469253390685e-01,8.379542623208070806e-02,6.894071696380166259e-02,7.631886493749651112e-02,4.873113408002361924e-01,-1.365734950668024417e-01,-9.741907698209212318e-02,-2.608222728198996143e-01,6.744398012572309919e-02
4.369116075645834707e-01,-8.652092208888595426e-01,1.441477033419676368e-01,-6.550259608697337477e-01,-9.160021410619259008e-01,-1.026834314314485352e-01,7.770916762085704477e-01,5.004238889000244273e-01,5.528791486733284355e-01,5.948522786841354826e-01,-1.415617775640243270e-01,-6.769301809557166649e-01,-2.836711422984463660e-01,5.834330424218721056e-01,4.129672505967435514e-01,-4.974733183181354046e-01,2.233905008594775365e-01,-4.136703054336077212e-01,1.000000000000000000e+00,-2.622063387794229539e-02,-5.610646400000000034e-01,7.994304947397310457e-01,-2.177083235627871871e-01,4.552894370265883617e-01,5.748139446431976829e-01,-4.790126282927449908e-01,4.457812136198011643e-01,5.013954687122970100e-01,-1.872449511921998599e-01,-3.901965803751203943e-01,-3.745841000308011148e-01,5.370615248128940422e-01,9.729905184946924246e-02,-8.133007066582214062e-01,-5.803220197538977443e-01,4.937457855626756764e-01,3.551746302093394814e-02,5.196055477256211752e-02,3.943744623628862023e-01
-4.383530831611752721e-01,-1.678056512149044277e-01,-1.079207195692412080e-01,-2.560984147310494952e-01,-1.360871003671105389e-02,4.446815745444358814e-02,4.052884626206907925e-01,-1.298016651008043754e-01,1.151908793915912971e-01,-2.408053241721100357e-01,-2.074426657036794186e-01,-1.770398544934693175e-01,-5.828887471938628551e-01,-9.813040764533852156e-02,7.453384561200968039e-03,2.233880869015467119e-01,4.201478520046247334e-01,2.674885726051510759e-01,-2.622063387794229539e-02,1.000000000000000000e+00,7.589190000000001213e-02,-3.126104297838869228e-01,2.580213363070386068e-01,1.520027465055345250e-01,4.679008211500265135e-01,-3.454089233291413041e-01,6.730788906916127523e-01,1.513750445707699732e-01,2.022672163934329526e-01,-1.450771385583026485e-01,-7.121453986779830991e-01,-6.386134253627760715e-02,-5.673590602563070157e-02,-4.062055858710874601e-01,1.098102204352418565e-01,-2.915882384485978807e-01,-6.954982538982898976e-01,-2.991512870172270411e-01,-1.369333184509494671e-02
-6.303101799999999422e-01,6.286677800000000094e-01,-8.580509199999999392e-01,8.689623600000000447e-01,3.986840000000000384e-01,3.402600200000001074e-01,-3.600250000000000394e-01,-9.700967600000000024e-01,-8.164109400000000294e-01,-8.679820400000000102e-01,-7.090824199999999911e-01,1.540799600000000158e-01,5.892339200000000776e-01,-8.954161000000000481e-01,-9.790258600000000255e-01,1.668143600000000504e-01,5.182121399999999323e-01,-6.733569999999999833e-02,-5.610646400000000034e-01,7.589190000000001213e-02,1.000000000000000000e+00,-4.187078400000000533e-01,6.334837799999999408e-01,2.286669599999999747e-01,1.597250999999999532e-01,7.379037399999999192e-01,7.660931999999998077e-02,-1.418901999999999664e-01,-7.530539999999974476e-03,4.060730000000001283e-02,6.981828000000001033e-02,-9.991846199999999678e-01,-6.002511600000000058e-01,4.371362800000000437e-01,1.095067800000000258e-01,-6.797554199999999991e-01,-2.079011400000000398e-01,4.443166999999998978e-01,-2.630029000000000394e-01
2.567252520942939764e-01,-4.489428123963561945e-01,1.349118813594771260e-01,-3.021185758153180356e-01,-7.280232542925448858e-01,-1.713124289707605996e-01,5.317982224779665978e-01,3.260566501509900017e-01,4.283544668279311574e-01,5.381618718904570553e-01,-1.013575741789351642e-01,-5.357709767509616361e-01,-1.633578951790749453e-02,5.752701128949129217e-01,2.329830915944310910e-01,-5.639445006226618817e-01,-3.056917134737557537e-02,-5.097232911153032342e-01,7.994304947397310457e-01,-3.126104297838869228e-01,-4.187078400000000533e-01,1.000000000000000000e+00,-2.229211144954728052e-01,6.897588647708670362e-02,1.866335051587402760e-01,-3.084719332755464505e-01,5.322325455534901439e-02,5.963055200177784509e-02,3.819640397052376235e-02,2.558611650794036241e-02,1.172862184932715185e-01,3.953512631304195724e-01,2.615793701998500032e-01,-3.417092191024920789e-01,-8.509489022484570953e-01,6.144651930324350753e-01,6.968671544496490844e-02,3.369073843074853469e-01,-5.074537489175009325e-02
-4.701385552696842884e-01,2.234184643093829747e-01,-5.303645996759465131e-01,3.284150597649228009e-01,-7.122518284465338689e-02,-1.608171451244463923e-01,8.018264368185959445e-02,-7.174635239983061519e-01,-2.777903111909750256e-01,-6.743327916900981878e-01,-6.803437037442962021e-01,3.632862487701679632e-02,3.579206166613161343e-03,-4.930257855043305715e-01,-6.130141696539266327e-01,3.359591053980813813e-01,7.052998979300982851e-01,1.686487174452115101e-01,-2.177083235627871871e-01,2.580213363070386068e-01,6.334837799999999408e-01,-2.229211144954728052e-01,1.000000000000000000e+00,2.838115989074070922e-01,4.306498547952953282e-01,2.498822954716262978e-01,5.188028453044057908e-01,-1.779921723466243999e-01,-5.087671896065427968e-02,-1.638350741929511245e-01,-3.836177400795384163e-01,-6.435503537788002104e-01,-3.255010294786523928e-01,-1.702698675520103455e-02,-1.079852375852666801e-01,-2.398273084987354031e-01,-4.887725796203691853e-01,-5.168601767731285934e-02,-4.426522861932880026e-02
-2.642293298991146497e-02,-4.793935619052767105e-01,-6.212174662433030958e-01,-1.308758455217733652e-01,-4.614654931969995877e-01,1.511611706276979883e-01,3.424703587843289099e-01,-1.836708455886178759e-01,-1.318791624385738659e-01,-8.692803392005965524e-02,-6.793228107227801127e-01,-5.774302823356319836e-01,1.655879359228572822e-01,-2.433830484566804619e-01,-2.829878420075796486e-01,-3.505069640301168576e-02,7.375883736339189367e-01,-1.568518528799367207e-01,4.552894370265883617e-01,1.520027465055345250e-01,2.286669599999999747e-01,6.897588647708670362e-02,2.838115989074070922e-01,1.000000000000000000e+00,8.454678425462003322e-01,3.142552344060216551e-01,6.658836478882501630e-01,7.172029311409152674e-01,-4.225983278888003625e-01,-8.608066381582145654e-01,-5.801391396515990229e-01,-2.452039802562539506e-01,-7.249532415043106193e-01,-6.529075453766193249e-01,7.682126975297176585e-02,-3.343613005764640711e-01,1.251662003478464236e-01,2.653316707891303361e-01,6.345732935493798577e-01
-7.095727761401042499e-02,-5.997106624923824736e-01,-4.976705186579972184e-01,-2.736467895066039269e-01,-6.656953165501255931e-01,1.247973341987008294e-01,7.014556679250040228e-01,-2.058555904231847422e-01,7.571252598291140778e-02,-1.558717042681978526e-01,-7.269292946529057886e-01,-6.366377629150385964e-01,-2.132678436017964585e-01,-1.430050389466171468e-01,-2.209320118206228312e-01,-1.043997544020645735e-01,8.470177913734201480e-01,-1.758172876408305441e-01,5.748139446431976829e-01,4.679008211500265135e-01,1.597250999999999532e-01,1.866335051587402760e-01,4.306498547952953282e-01,8.454678425462003322e-01,1.000000000000000000e+00,-9.349790165749857773e-02,9.230754515373464919e-01,6.172772939639277201e-01,-2.638846687271538261e-01,-6.471724505257365756e-01,-8.043796227019831546e-01,-1.801061872939449804e-01,-4.264544319147833273e-01,-8.137364746573758634e-01,-2.379235046031828726e-01,-1.931143996839634336e-01,-3.634556906778652063e-01,9.190463444635900425e-02,4.778086078288724114e-01
-3.933270063293422547e-01,5.906938298523236597e-01,-7.303604852801045544e-01,7.554506556393182359e-01,4.861007789721925598e-01,2.065769583258545150e-01,-6.528574220689030705e-01,-6.203081701547223936e-01,-7.455534692670905406e-01,-4.467157004721084013e-01,-4.466415938718114598e-01,1.277126055894394485e-01,8.686156591028671992e-01,-6.422970755661252529e-01,-7.320049813279008166e-01,1.532188708302137936e-01,1.953914730606162997e-01,-7.116679621280858070e-02,-4.790126282927449908e-01,-3.454089233291413041e-01,7.379037399999999192e-01,-3.084719332755464505e-01,2.498822954716262978e-01,3.142552344060216551e-01,-9.349790165749857773e-02,1.000000000000000000e+00,-2.699290954338410820e-01,-3.536383347268678978e-02,-1.833989267938427592e-01,-2.095730704447472947e-01,3.643894201661574406e-01,-7.343084042210710205e-01,-7.259644568564134204e-01,4.997905441995727505e-01,3.595212115779166107e-01,-5.674103601821185450e-01,4.537983418973300376e-01,5.675825537208886162e-01,-4.247520307924064487e-02
-1.547125823071539563e-01,-5.431778443156822789e-01,-3.199820312640401232e-01,-4.009430716423404428e-01,-5.953390301752505831e-01,-9.112809512712682913e-02,7.022280370788076542e-01,-1.540180393016917781e-01,2.518251725643640415e-01,-1.615216671035153151e-01,-5.897439136410649319e-01,-5.231573120300302415e-01,-4.893426651777649239e-01,-7.500308244092460108e-02,-8.539087214245046076e-02,1.138822052926118100e-01,7.924433493546955143e-01,1.153704662690553939e-01,4.457812136198011643e-01,6.730788906916127523e-01,7.660931999999998077e-02,5.322325455534901439e-02,5.188028453044057908e-01,6.658836478882501630e-01,9.230754515373464919e-01,-2.699290954338410820e-01,1.000000000000000000e+00,4.282042545996830318e-01,-1.488224526436713879e-01,-5.969123684648383055e-01,-9.219867796150663652e-01,-9.019028640045603784e-02,-2.596020677765932261e-01,-8.012537582721662721e-01,-1.673720773907227122e-01,-1.216767679778376909e-01,-5.455269785433509711e-01,-1.254682896802579162e-01,4.119704705991794613e-01
2.177069505744635425e-01,-6.662252554071228516e-01,-2.028357989018654273e-01,-3.723429629617004410e-01,-3.718357814151134755e-01,5.382864553308293054e-01,5.032796965063026651e-01,1.553805295648875706e-01,-4.304398244249574290e-02,4.547819167505557508e-02,-1.885206883289757274e-01,-6.864423070004420646e-01,-1.093479750442683529e-01,1.368553491309840164e-02,1.023907438806050535e-01,-2.499017648829571225e-02,2.530410013676818171e-01,-2.086639695616430701e-01,5.013954687122970100e-01,1.513750445707699732e-01,-1.418901999999999664e-01,5.963055200177784509e-02,-1.779921723466243999e-01,7.172029311409152674e-01,6.172772939639277201e-01,-3.536383347268678978e-02,4.282042545996830318e-01,1.000000000000000000e+00,-1.794922565684187177e-01,-5.232104777049679800e-01,-3.995192011379553598e-01,1.252519872269528545e-01,-3.306334047863442871e-01,-6.646073759779143053e-01,1.169760373839360268e-01,-3.855805847517209117e-01,4.693612625999513815e-02,1.440406140114418032e-01,6.954132554915906095e-01
-4.318285634626120029e-01,1.814331626086317373e-01,1.684839795227183745e-01,8.514715371032219315e-02,1.413616384689120875e-01,1.144419663235831004e-02,3.980681041199319453e-02,-1.002256578474474413e-01,-1.070079905978862378e-01,-2.050631086534021041e-01,2.355263772455606919e-01,-5.393271939301555462e-02,-2.039903377395408945e-01,-2.038550169300039350e-02,1.541542538098212428e-02,3.652668623905830914e-01,-3.493558815787740635e-01,2.535592969513648098e-01,-1.872449511921998599e-01,2.022672163934329526e-01,-7.530539999999974476e-03,3.819640397052376235e-02,-5.087671896065427968e-02,-4.225983278888003625e-01,-2.638846687271538261e-01,-1.833989267938427592e-01,-1.488224526436713879e-01,-1.794922565684187177e-01,1.000000000000000000e+00,4.758789325886062516e-01,1.988747216917978733e-01,1.297045123469922623e-02,1.104246706700609815e-01,2.606329741701525204e-01,-2.193089223622123329e-01,-7.135418685797600968e-02,-3.775019655612905090e-01,1.618526975396475387e-01,-5.963123083513098832e-01
-8.281507372574915815e-02,4.798399325907048429e-01,3.244497699695825244e-01,3.764546697062417513e-01,3.895099404790692277e-01,2.457211522862568776e-01,-1.778252719374893431e-01,-1.141076460129661213e-01,-1.656374201447767813e-01,-1.968357126748974950e-01,3.798177008235217311e-01,3.960432036048468496e-01,1.004121560597977941e-02,2.836451678218879571e-02,-3.885393577068477211e-02,-1.416042980577794375e-01,-5.472854146470699233e-01,-1.918370985399041051e-01,-3.901965803751203943e-01,-1.450771385583026485e-01,4.060730000000001283e-02,2.558611650794036241e-02,-1.638350741929511245e-01,-8.608066381582145654e-01,-6.471724505257365756e-01,-2.095730704447472947e-01,-5.969123684648383055e-01,-5.232104777049679800e-01,4.758789325886062516e-01,1.000000000000000000e+00,6.158521934780675222e-01,-3.453675095350178248e-02,5.984172874731578107e-01,6.505822131196246083e-01,-3.033796455207216636e-01,1.073220408917093388e-01,-3.130331641059688752e-01,-2.456019171935349896e-02,-7.049753952680988256e-01
5.734723428563351377e-02,6.039171073724813876e-01,1.235418834833646590e-01,5.115697877510327896e-01,4.981320871820575924e-01,1.735179014158894917e-01,-6.043111426955151133e-01,-4.365709620530525137e-02,-2.967914474037822159e-01,5.406655355402874286e-02,3.692677137474315030e-01,3.032294746516360218e-01,5.744555840115750378e-01,-1.782742104909818340e-02,-1.035167500868765522e-01,-1.358170684197575750e-01,-6.956202091792131892e-01,-1.965377469253390685e-01,-3.745841000308011148e-01,-7.121453986779830991e-01,6.981828000000001033e-02,1.172862184932715185e-01,-3.836177400795384163e-01,-5.801391396515990229e-01,-8.043796227019831546e-01,3.643894201661574406e-01,-9.219867796150663652e-01,-3.995192011379553598e-01,1.988747216917978733e-01,6.158521934780675222e-01,1.000000000000000000e+00,-6.506375783954584935e-02,2.261436815317349192e-01,7.993361378473685663e-01,-5.011154362607816992e-02,5.536099305721040725e-02,4.566230403810835337e-01,4.072887608772119972e-01,-4.364354831240702670e-01
6.184428599651375924e-01,-6.112743934075177688e-01,8.642404586800184196e-01,-8.630414526969861777e-01,-3.697989153547188157e-01,-3.462236390008726628e-01,3.353939165074527051e-01,9.735418573968419587e-01,8.105357580786569649e-01,8.700934516103464578e-01,7.250132978732511946e-01,-1.317481034495024128e-01,-5.880688328145013966e-01,8.918954835252180802e-01,9.836840190021289843e-01,-1.601937774929318437e-01,-5.288439076169331177e-01,8.379542623208070806e-02,5.370615248128940422e-01,-6.386134253627760715e-02,-9.991846199999999678e-01,3.953512631304195724e-01,-6.435503537788002104e-01,-2.452039802562539506e-01,-1.801061872939449804e-01,-7.343084042210710205e-01,-9.019028640045603784e-02,1.252519872269528545e-01,1.297045123469922623e-02,-3.453675095350178248e-02,-6.506375783954584935e-02,1.000000000000000000e+00,6.001749563282786637e-01,-4.200145927095265685e-01,-8.532170789315868253e-02,6.737961338701097258e-01,2.135356024676207942e-01,-4.549726080367762493e-01,2.486022589894523738e-01
4.322927398491026585e-01,-1.088948647282187709e-01,7.616313974783207597e-01,-3.859310437079110923e-01,-5.501956475720297390e-02,-1.027348712071160797e-01,2.066527583373682919e-01,4.829926467072209739e-01,6.044534935389507257e-01,4.003818443460867571e-01,6.137605171238385005e-01,1.395843161395931564e-01,-5.603781959623936881e-01,6.206046396882557437e-01,6.060598845963934833e-01,-1.857522466805696937e-01,-5.737008611148105564e-01,6.894071696380166259e-02,9.729905184946924246e-02,-5.673590602563070157e-02,-6.002511600000000058e-01,2.615793701998500032e-01,-3.255010294786523928e-01,-7.249532415043106193e-01,-4.264544319147833273e-01,-7.259644568564134204e-01,-2.596020677765932261e-01,-3.306334047863442871e-01,1.104246706700609815e-01,5.984172874731578107e-01,2.261436815317349192e-01,6.001749563282786637e-01,1.000000000000000000e+00,6.275967512449920349e-02,-3.136230478151206258e-01,5.149676983164386268e-01,-2.559964180017326729e-01,-3.999234832673745355e-01,-1.964066986701996087e-01
-3.110705159208713155e-01,9.099914020085454469e-01,-5.130756384613899268e-02,7.686589214654312441e-01,7.963851134551562794e-01,8.344064083197533233e-02,-8.143209777427535823e-01,-3.894987629018016317e-01,-5.386703621763255789e-01,-3.595603865611839423e-01,2.274443137114754432e-01,6.400749137424404100e-01,5.474392605186382266e-01,-3.749165799980770930e-01,-3.841015519120970501e-01,1.536075139537039780e-01,-4.677449934154268574e-01,7.631886493749651112e-02,-8.133007066582214062e-01,-4.062055858710874601e-01,4.371362800000000437e-01,-3.417092191024920789e-01,-1.702698675520103455e-02,-6.529075453766193249e-01,-8.137364746573758634e-01,4.997905441995727505e-01,-8.012537582721662721e-01,-6.646073759779143053e-01,2.606329741701525204e-01,6.505822131196246083e-01,7.993361378473685663e-01,-4.200145927095265685e-01,6.275967512449920349e-02,1.000000000000000000e+00,1.954344049918719239e-01,-1.835766650047552240e-01,1.872912014764425148e-01,2.152622055432475978e-01,-6.243371661359533586e-01
1.911863804736690930e-02,2.407665141227153804e-01,3.756774620888581051e-04,5.485835848721185015e-02,6.558983694879449988e-01,6.293062956003225850e-02,-5.993623656237250241e-01,3.990116724659131808e-02,-2.301155908862804467e-01,-1.108616613756304714e-01,2.801026284233596453e-01,4.280238153106302734e-01,9.529292104858033685e-02,-2.829409268010529277e-01,5.804276007552718053e-02,4.603753925275378966e-01,-1.447448932409591549e-01,4.873113408002361924e-01,-5.803220197538977443e-01,1.098102204352418565e-01,1.095067800000000258e-01,-8.509489022484570953e-01,-1.079852375852666801e-01,7.682126975297176585e-02,-2.379235046031828726e-01,3.595212115779166107e-01,-1.673720773907227122e-01,1.169760373839360268e-01,-2.193089223622123329e-01,-3.033796455207216636e-01,-5.011154362607816992e-02,-8.532170789315868253e-02,-3.136230478151206258e-01,1.954344049918719239e-01,1.000000000000000000e+00,-4.753099169101135946e-01,3.788750577817989740e-01,-3.149415589358541268e-01,2.857908110963973680e-01
4.565529447086784098e-01,-2.952907811873783928e-01,6.626725030650009174e-01,-4.977722226668090943e-01,-5.142612553649260621e-01,-6.920265593451466746e-01,2.404057541289943145e-01,6.442939803578239255e-01,7.024858758563522487e-01,6.920508406865725215e-01,3.909626533546877170e-01,1.277137226658847935e-01,-2.983165691562296162e-01,6.899430420948199361e-01,6.050064497319234125e-01,-3.424804849036007792e-01,-2.702827156394395636e-01,-1.365734950668024417e-01,4.937457855626756764e-01,-2.915882384485978807e-01,-6.797554199999999991e-01,6.144651930324350753e-01,-2.398273084987354031e-01,-3.343613005764640711e-01,-1.931143996839634336e-01,-5.674103601821185450e-01,-1.216767679778376909e-01,-3.855805847517209117e-01,-7.135418685797600968e-02,1.073220408917093388e-01,5.536099305721040725e-02,6.737961338701097258e-01,5.149676983164386268e-01,-1.835766650047552240e-01,-4.753099169101135946e-01,1.000000000000000000e+00,1.621345291230273378e-01,-3.420623824101921007e-01,-5.961190181145391981e-02
4.191027667579255156e-01,4.692657713938948316e-02,6.880756939705393038e-02,3.303519377058089512e-02,1.628175351240517543e-01,-1.495813583282327164e-01,-5.562819800346558985e-01,3.662690824621100405e-01,-2.684151541758791892e-02,5.100149641893256813e-01,2.691285072801820055e-01,1.816288507677447928e-01,5.761167328263350207e-01,1.577471473121303813e-01,1.842742589885468796e-01,-1.923110344418405837e-01,-3.513958327054149122e-01,-9.741907698209212318e-02,3.551746302093394814e-02,-6.954982538982898976e-01,-2.079011400000000398e-01,6.968671544496490844e-02,-4.887725796203691853e-01,1.251662003478464236e-01,-3.634556906778652063e-01,4.537983418973300376e-01,-5.455269785433509711e-01,4.693612625999513815e-02,-3.775019655612905090e-01,-3.130331641059688752e-01,4.566230403810835337e-01,2.135356024676207942e-01,-2.559964180017326729e-01,1.872912014764425148e-01,3.788750577817989740e-01,1.621345291230273378e-01,1.000000000000000000e+00,1.667133649375167614e-01,2.248989406913746991e-01
-3.572193027677773025e-01,2.577191735191007860e-01,-6.136692193019764874e-01,4.894476976114824351e-01,-1.484994484149607108e-02,3.369125571559158927e-01,-8.602435469328831297e-02,-4.450300593574737507e-01,-4.345220240000130518e-01,-2.098931170651785472e-01,-4.488518555473572924e-01,-4.888590725628716438e-01,6.124626251409052147e-01,-3.741402423081601758e-01,-5.532939470796460757e-01,-9.740226051415884490e-02,9.107943150444847147e-02,-2.608222728198996143e-01,5.196055477256211752e-02,-2.991512870172270411e-01,4.443166999999998978e-01,3.369073843074853469e-01,-5.168601767731285934e-02,2.653316707891303361e-01,9.190463444635900425e-02,5.675825537208886162e-01,-1.254682896802579162e-01,1.440406140114418032e-01,1.618526975396475387e-01,-2.456019171935349896e-02,4.072887608772119972e-01,-4.549726080367762493e-01,-3.999234832673745355e-01,2.152622055432475978e-01,-3.149415589358541268e-01,-3.420623824101921007e-01,1.667133649375167614e-01,1.000000000000000000e+00,-1.124132128431348521e-01
3.674071880719860794e-01,-5.333120456147535382e-01,1.831107279463928261e-02,-5.233021841058821400e-01,-3.821249407797107644e-01,2.839888371026649469e-02,3.408079924558387042e-01,3.115440557144862344e-01,2.530704115775261331e-01,1.857664785018215969e-01,-4.104355233998234487e-02,-4.398283131195680484e-01,-2.141063381013710853e-01,7.709103520516835673e-02,2.705386249637609097e-01,1.840870460752160320e-01,2.324577561243820478e-01,6.744398012572309919e-02,3.943744623628862023e-01,-1.369333184509494671e-02,-2.630029000000000394e-01,-5.074537489175009325e-02,-4.426522861932880026e-02,6.345732935493798577e-01,4.778086078288724114e-01,-4.247520307924064487e-02,4.119704705991794613e-01,6.954132554915906095e-01,-5.963123083513098832e-01,-7.049753952680988256e-01,-4.364354831240702670e-01,2.486022589894523738e-01,-1.964066986701996087e-01,-6.243371661359533586e-01,2.857908110963973680e-01,-5.961190181145391981e-02,2.248989406913746991e-01,-1.124132128431348521e-01,1.000000000000000000e+00
