1.0,-0.41371204745894502,0.35928080345172253,-0.16261907920042107,0.46946795967350624,0.78070321062088821,0.084512592215881407,0.59098214467257582,0.22418543115970613,0.9286702183378901,-0.74098017734710897,0.14366750294211869,-0.12508283403311252,-0.67632430260569065,-0.32805528854766858,0.18758425316869595,0.64516349021859165,0.010677748628992127,-0.53370410669106427,0.50881827710920569,-0.47376382014721435,0.09333036333905996,0.53517403169699729,-0.84382517370568577,0.66852837999999992,-0.47034774903571114,-0.40622478989209387,-0.12695882983028589,-0.47132394786663834,-0.24576673482847133,-0.29872692929537437,-0.69948114147224638,-0.68229744265216574,-0.75718491454327741,-0.50479585810490846,-0.73737030321498676,-0.53701764900842641,0.52002904565150632,0.42589026590481582
-0.41371204745894502,1.0,-0.76910463849967781,-0.50345476736200634,-0.099437144392696353,-0.11233188399722738,0.36201147092491931,0.35657466611387367,0.67900550345362509,-0.56913148888870801,-0.078127688373347257,0.12634672905997785,0.52703957538162616,-0.23590905532287701,0.36359925516672115,-0.1462017924972758,-0.52377083362625032,0.47178869110256899,0.68565020535981325,0.43304006099364772,-0.018507166104953406,0.34059463495223596,-0.0087612194251405259,0.13123396024806316,0.27325712000000002,0.15638875038593306,-0.4694965622843118,-0.37416583543465554,0.036732517959732924,-0.29415822079460574,-0.4825140203388692,0.45559356958739256,-0.2490021713133507,-0.19677760772448949,0.25575978858908749,0.46715635489891444,0.68281287221157605,-0.0066063761208835113,-0.78100006474145522
0.35928080345172253,-0.76910463849967781,1.0,0.59964665427642383,0.14104081664543042,0.28088828093295082,0.0034615837705813742,-0.36164802240919902,-0.5255009927445311,0.49039473323448451,-0.1318433745996628,0.25395485384228844,-0.054849205158855149,0.24123533673437603,-0.27010053488313862,-0.36770444892722393,0.15831029663315299,-0.74581412780973766,-0.45422494109981865,-0.43419635806709017,0.36703575772359592,0.17813926762057442,-0.060890259528429441,-0.32562174694749169,-0.27076774000000003,-0.5685998181037244,0.58740297114872486,0.62800453558902258,0.10186265444489935,0.53584524121598753,0.54127480963680119,-0.72645882470734402,0.30201789168481175,0.14908781865552645,-0.13907768153185077,-0.19490058070841726,-0.28105432256221358,-0.011516981744401583,0.67033448507834692
-0.16261907920042107,-0.50345476736200634,0.59964665427642383,1.0,-0.41877574709603904,-0.048745874786242427,-0.1938136256989145,-0.77602060767509551,-0.85032118512233024,-0.026645694978979749,0.22973937657043009,0.33341197607504841,-0.12612642207679758,0.73665035198795947,0.35182446024202441,-0.30801338213953378,-0.16685217192521373,-0.44981730359076993,-0.29904825995245388,-0.80214899380187477,0.39447939669972065,0.04638463617746591,-0.60190150080728655,0.12047733283442691,-0.74069336000000008,-0.093352458348654771,0.86011464012706151,0.43523495493418651,0.59992034892663126,0.77528701198822236,0.85657664497976937,-0.12438955130789871,0.77195788186241432,0.64505797541603371,0.097887448163384572,0.42224285238763315,-0.24510896940546498,-0.022322462862516743,0.22059358950872665
0.46946795967350624,-0.099437144392696353,0.14104081664543042,-0.41877574709603904,1.0,0.072402819533738644,0.53715401518080608,0.41366866428559534,0.39393942002824722,0.54109651330747965,-0.37542806036944465,0.26087493485578994,0.071370893054527471,-0.4756310887017231,-0.60576212432964027,-0.035042506876230603,0.16737195034793673,-0.20271871547314202,-0.15208307619657468,0.45187497852457126,-0.17111058137769958,0.16301447459881133,0.47717138892373467,-0.3154925634101407,0.49104269999999994,-0.32660229826497467,-0.38879439360770751,0.31974035391355154,-0.80457523948523602,-0.35708890764276124,-0.48016170056900459,-0.30919980825588694,-0.48690231365108511,-0.49215664354060379,-0.48095762967393174,-0.51577097263569183,-0.14740843718814628,0.047601366786409464,0.082981674675596653
0.78070321062088821,-0.11233188399722738,0.28088828093295082,-0.048745874786242427,0.072402819533738644,1.0,0.063085577149428251,0.58077488705263081,0.2939202158079689,0.57349654960812324,-0.82699746212115555,0.19639174883851795,0.28183388664893716,-0.62526326821699973,-0.054804333078961043,-0.1694005722893282,0.28283209417460753,0.0048731405961801033,-0.22414623817616514,0.47626282494942745,-0.20130314046695008,0.45308901053033146,0.30040226690949179,-0.93518761252750071,0.60857468000000003,-0.66709730138111689,-0.30977156401637629,-0.22742678038052619,0.038849313869168012,-0.083992801149100904,-0.21040349860091581,-0.74612582274317873,-0.57179127830186149,-0.71965036553949568,-0.21387864515011573,-0.29099351292815717,-0.075151120148828188,0.40274388964373775,0.20654528488878099
0.084512592215881407,0.36201147092491931,0.0034615837705813742,-0.1938136256989145,0.53715401518080608,0.063085577149428251,1.0,0.27248877020577117,0.46487750275563722,0.16183212886843579,-0.53807471439833054,0.79826430760058309,0.70517053995755441,-0.27562598288596268,-0.063486978701456101,-0.60324786765706273,-0.50329573809079065,-0.15578531782528213,0.34842815330618104,0.35733277459725427,-0.00017851203044421895,0.74182861226352648,0.36225433271243368,-0.33640349068505521,0.3231669399999999,-0.54186156716760492,-0.21398725322166917,0.46012088889647446,-0.45651431219615873,-0.016075975723928451,-0.21713059622520628,-0.27716137011295539,-0.23102443137263654,-0.34026616110619429,0.056889384149520508,0.13983596928551964,0.40833953951338531,0.12065304993608242,-0.34962186380930632
0.59098214467257582,0.35657466611387367,-0.36164802240919902,-0.77602060767509551,0.41366866428559534,0.58077488705263081,0.27248877020577117,1.0,0.85617046576355837,0.38441991683975668,-0.72786219001758945,-0.064403360408046922,0.28155562201618084,-0.98967266711878732,-0.3420973910743455,0.15114535338974575,0.23152643651068705,0.42476444251005857,0.13574089292010008,0.9874944728631444,-0.50201271830954619,0.24819783009250315,0.70853938559524021,-0.64255589742631847,0.9912612999999999,-0.28055158507724537,-0.94297851667851895,-0.45203267927216079,-0.52436344908589383,-0.77473943550056801,-0.84907542290610927,-0.24702626131615132,-0.98209641998528219,-0.96236250862061579,-0.16444435626897641,-0.45551683226335021,0.07940176961039204,0.24074763149482376,-0.21243796834778914
0.22418543115970613,0.67900550345362509,-0.5255009927445311,-0.85032118512233024,0.39393942002824722,0.2939202158079689,0.46487750275563722,0.85617046576355837,1.0,0.049329726529176429,-0.51072221499373038,0.054870752086146113,0.43930712000369049,-0.80354694066224419,-0.14252971821765287,0.018254582254346282,-0.043629972280434026,0.45533913227130274,0.52870041009052926,0.88364587799360694,-0.34317073250656088,0.34074429460221767,0.58978060796779042,-0.37780478666534506,0.82628758000000002,-0.16951991386255613,-0.86213152135026849,-0.4093024466548314,-0.49114198045049973,-0.61085438936256675,-0.81187435232840011,-0.041107712240940258,-0.81421574133992347,-0.77536591104542518,0.001638573564764545,-0.20300150638758024,0.41382934683863498,0.090129910691725629,-0.36849857929158941
0.9286702183378901,-0.56913148888870801,0.49039473323448451,-0.026645694978979749,0.54109651330747965,0.57349654960812324,0.16183212886843579,0.38441991683975668,0.049329726529176429,1.0,-0.61181226067311056,0.22653126199830509,-0.2164755406082825,-0.49161046800684227,-0.39493848880799132,0.16902410041988561,0.63091890704506193,-0.15847987072482778,-0.58197121805213492,0.32236634797289843,-0.39551769484448351,0.021114899404870102,0.52198965690567156,-0.70031489277304015,0.48794256000000003,-0.43480876117611628,-0.2266500966137186,0.11919950838733065,-0.566308737840162,-0.12078064822222873,-0.13086559954798896,-0.68924518146229474,-0.50616122837177668,-0.57642635441688161,-0.45839968782751495,-0.76612632232712807,-0.64483307585001637,0.53895376407743534,0.51296234922603268
-0.74098017734710897,-0.078127688373347257,-0.1318433745996628,0.22973937657043009,-0.37542806036944465,-0.82699746212115555,-0.53807471439833054,-0.72786219001758945,-0.51072221499373038,-0.61181226067311056,1.0,-0.48368063874965522,-0.52215286782353953,0.76663352015167874,0.19094030418329927,0.32067583990841686,-0.041455738710965861,-0.032238297331915855,0.07860098695081566,-0.69825402191339581,0.29923357855985999,-0.65350742532115902,-0.55451648010375765,0.93673928218516012,-0.77563384000000002,0.74401571985537263,0.51427336893454167,0.0050219264142578116,0.32618563767026593,0.28814558542657709,0.39135716168677159,0.6742674674314636,0.7014923401757901,0.84833033264029378,0.13916289666296233,0.26298075912309571,-0.030192334718457049,-0.4296641059424785,0.088024672319986258
0.14366750294211869,0.12634672905997785,0.25395485384228844,0.33341197607504841,0.26087493485578994,0.19639174883851795,0.79826430760058309,-0.064403360408046922,0.054870752086146113,0.22653126199830509,-0.48368063874965522,1.0,0.51771844022290781,0.052401897946485906,0.32955954146969468,-0.60149256391034212,-0.41447464098915726,-0.19420513210701185,0.09425362045234198,-0.015891632396724649,0.0094752633728158731,0.69628708202736378,-0.01134222655776862,-0.38151440641593148,0.0030318000000000289,-0.51363814844186506,0.17134910574791684,0.44048055946462406,-0.11517110117619866,0.43132491623926855,0.20395013818052476,-0.33699793251110244,0.081541869123004818,-0.09593512540351877,-0.069121297923278868,0.30057986484796839,0.14273451024664546,0.29502628345590087,-0.19443598601967305
-0.12508283403311252,0.52703957538162616,-0.054849205158855149,-0.12612642207679758,0.071370893054527471,0.28183388664893716,0.70517053995755441,0.28155562201618084,0.43930712000369049,-0.2164755406082825,-0.52215286782353953,0.51771844022290781,1.0,-0.25412662686175369,0.0068549234078768024,-0.85865837541389212,-0.77714752231996531,-0.24735412987817104,0.53663419752006669,0.32170904383738519,0.36002344479933912,0.94387571478768861,0.1039399477624726,-0.35824695626048758,0.26329946000000004,-0.6817822899473539,-0.13556833360762699,0.32544501038299839,0.14620148908158501,-0.023154567337551904,-0.20143472666785003,-0.29851573685737992,-0.13594971806301209,-0.27714368921940286,0.35629932071475795,0.50968788756249594,0.82152260535585908,-0.09984198499576738,-0.51632764357180827
-0.67632430260569065,-0.23590905532287701,0.24123533673437603,0.73665035198795947,-0.4756310887017231,-0.62526326821699973,-0.27562598288596268,-0.98967266711878732,-0.80354694066224419,-0.49161046800684227,0.76663352015167874,0.052401897946485906,-0.25412662686175369,1.0,0.42993004724188616,-0.13372021390067595,-0.29081605195228932,-0.33454138862315286,-0.04379877008059694,-0.96779537560138074,0.48868126501207887,-0.24975211963233221,-0.74766268001719149,0.70396835137079361,-0.99660389999999999,0.35707793186544767,0.90515684858598189,0.37194007880165175,0.56502349063468504,0.75291214674281148,0.81277834744077004,0.35422725645217934,0.98548008909376472,0.98070156014095256,0.20669517579535485,0.53833440225536278,-0.010078868683020683,-0.2534817996587026,0.10959447067518718
-0.32805528854766858,0.36359925516672115,-0.27010053488313862,0.35182446024202441,-0.60576212432964027,-0.054804333078961043,-0.063486978701456101,-0.3420973910743455,-0.14252971821765287,-0.39493848880799132,0.19094030418329927,0.32955954146969468,0.0068549234078768024,0.42993004724188616,1.0,0.016571738868344389,-0.1941190382759872,0.40041472689973723,0.19397464140556861,-0.33796193060412333,-0.1000434006452187,0.03426527213486457,-0.50561016889831845,0.18471661382107196,-0.38388721999999997,0.32150837320402365,0.28467125271024712,-0.36764905468958187,0.49246984272176719,0.54690529889209727,0.36732072059340859,0.33869251753205265,0.36929333565681172,0.34200053155515825,0.0863336144949442,0.54316763109963251,0.11504621490384068,0.26579815879283247,-0.22243590277463077
0.18758425316869595,-0.1462017924972758,-0.36770444892722393,-0.30801338213953378,-0.035042506876230603,-0.1694005722893282,-0.60324786765706273,0.15114535338974575,0.018254582254346282,0.16902410041988561,0.32067583990841686,-0.60149256391034212,-0.85865837541389212,-0.13372021390067595,0.016571738868344389,1.0,0.78547185196510538,0.62951883747444437,-0.30400554117192097,0.12596153447884487,-0.61568550851059223,-0.8919724966646323,0.1664728193566358,0.24418194911513935,0.13512600000000008,0.75546004411181977,-0.34137630579097189,-0.67949660425174652,-0.32180013669759011,-0.3567771270107557,-0.20999320118817155,0.42685273528163931,-0.26713823285785532,-0.07627369695383597,-0.29729426373230577,-0.5751142563975421,-0.6678576911733608,0.19269807423417598,0.24703341947658447
0.64516349021859165,-0.52377083362625032,0.15831029663315299,-0.16685217192521373,0.16737195034793673,0.28283209417460753,-0.50329573809079065,0.23152643651068705,-0.043629972280434026,0.63091890704506193,-0.041455738710965861,-0.41447464098915726,-0.77714752231996531,-0.29081605195228932,-0.1941190382759872,0.78547185196510538,1.0,0.2866619276239708,-0.57563015361676739,0.13813469649573631,-0.54129733432569116,-0.65623301011069168,0.3534878384007642,-0.24078836001444914,0.27554689999999993,0.23698955673079469,-0.22393494170932193,-0.44441102997251347,-0.38955729922414595,-0.1574696644808154,-0.068170816874074114,-0.21131088491799882,-0.38340589835458788,-0.30969618814343075,-0.4416535715640354,-0.87019433356061571,-0.79730128227101771,0.33047510517662237,0.69017570735556766
0.010677748628992127,0.47178869110256899,-0.74581412780973766,-0.44981730359076993,-0.20271871547314202,0.0048731405961801033,-0.15578531782528213,0.42476444251005857,0.45533913227130274,-0.15847987072482778,-0.032238297331915855,-0.19420513210701185,-0.24735412987817104,-0.33454138862315286,0.40041472689973723,0.62951883747444437,0.2866619276239708,1.0,0.21433465613291042,0.44671177192487183,-0.74235475235938786,-0.35019717875059897,0.24484963819045519,0.026245767907558185,0.37185592000000001,0.56886857251307021,-0.60302914356268578,-0.87265254431061934,-0.20035491778729903,-0.39953243654235637,-0.37392541213619268,0.50729074867172275,-0.42263139257771992,-0.30732490178898064,-0.064344422707090065,-0.11339337006452746,-0.12817929858865595,0.12418841728880442,-0.26665046791113201
-0.53370410669106427,0.68565020535981325,-0.45422494109981865,-0.29904825995245388,-0.15208307619657468,-0.22414623817616514,0.34842815330618104,0.13574089292010008,0.52870041009052926,-0.58197121805213492,0.07860098695081566,0.09425362045234198,0.53663419752006669,-0.04379877008059694,0.19397464140556861,-0.30400554117192097,-0.57563015361676739,0.21433465613291042,1.0,0.1953366712997906,0.19155180942579847,0.35878734615015279,0.05702135782059873,0.21429345821431356,0.065197500000000019,0.030041102339637346,-0.19922823012707674,-0.10887353081891389,0.11317303361861152,-0.061258875372726507,-0.20175823941587748,0.28944580321029661,-0.022380196475339058,0.001200370450682121,0.56174866627998243,0.47928973752122522,0.75745542450012138,-0.39736879524342467,-0.47917354967332693
0.50881827710920569,0.43304006099364772,-0.43419635806709017,-0.80214899380187477,0.45187497852457126,0.47626282494942745,0.35733277459725427,0.9874944728631444,0.88364587799360694,0.32236634797289843,-0.69825402191339581,-0.015891632396724649,0.32170904383738519,-0.96779537560138074,-0.33796193060412333,0.12596153447884487,0.13813469649573631,0.44671177192487183,0.1953366712997906,1.0,-0.50939226965936513,0.26678342249360704,0.70239129380765386,-0.57043768088594571,0.9768341599999999,-0.23693093447264685,-0.96555867983683008,-0.4125012776238185,-0.57149542242559992,-0.81166448942092895,-0.88493413295924528,-0.15252973251611168,-0.96178485400017844,-0.93130925064261605,-0.15206132425101873,-0.39079540559343529,0.12470827073532637,0.20624576980624559,-0.32012727727479717
-0.47376382014721435,-0.018507166104953406,0.36703575772359592,0.39447939669972065,-0.17111058137769958,-0.20130314046695008,-0.00017851203044421895,-0.50201271830954619,-0.34317073250656088,-0.39551769484448351,0.29923357855985999,0.0094752633728158731,0.36002344479933912,0.48868126501207887,-0.1000434006452187,-0.61568550851059223,-0.54129733432569116,-0.74235475235938786,0.19155180942579847,-0.50939226965936513,1.0,0.31659153825104269,-0.41318670262986223,0.29359005744508915,-0.52349354000000003,-0.27898733339655846,0.59829147445718167,0.5971915246673275,0.54383810950327738,0.41241885695966785,0.42234945923153216,-0.12004038529252251,0.57312817897570767,0.50904136968510683,0.48435572457684412,0.49754301151255548,0.48568796183189866,-0.36840187899619431,-0.055176814054346324
0.09333036333905996,0.34059463495223596,0.17813926762057442,0.04638463617746591,0.16301447459881133,0.45308901053033146,0.74182861226352648,0.24819783009250315,0.34074429460221767,0.021114899404870102,-0.65350742532115902,0.69628708202736378,0.94387571478768861,-0.24975211963233221,0.03426527213486457,-0.8919724966646323,-0.65623301011069168,-0.35019717875059897,0.35878734615015279,0.26678342249360704,0.31659153825104269,1.0,0.080084669893364283,-0.54391596549074051,0.26309540000000009,-0.82564225124874568,-0.03994716183139857,0.40303977292629184,0.12035800941059913,0.13087411865977855,-0.099220375120807197,-0.50481244749760135,-0.13581775926505599,-0.32737198611198803,0.1839721156604637,0.41774569021076297,0.64128970964041121,0.04092758793674077,-0.35411554259705158
0.53517403169699729,-0.0087612194251405259,-0.060890259528429441,-0.60190150080728655,0.47717138892373467,0.30040226690949179,0.36225433271243368,0.70853938559524021,0.58978060796779042,0.52198965690567156,-0.55451648010375765,-0.01134222655776862,0.1039399477624726,-0.74766268001719149,-0.50561016889831845,0.1664728193566358,0.3534878384007642,0.24484963819045519,0.05702135782059873,0.70239129380765386,-0.41318670262986223,0.080084669893364283,1.0,-0.4996109862182378,0.74986678000000007,-0.27413038145310203,-0.6636784041777779,-0.10391603732989413,-0.74856363412455984,-0.5337715285449095,-0.43735767343553739,-0.37706552458196874,-0.73800084902816987,-0.72303075395872263,0.086165372359782805,-0.67035902382444579,-0.10498884582544364,0.080058325609014561,0.18671401705230575
-0.84382517370568577,0.13123396024806316,-0.32562174694749169,0.12047733283442691,-0.3154925634101407,-0.93518761252750071,-0.33640349068505521,-0.64255589742631847,-0.37780478666534506,-0.70031489277304015,0.93673928218516012,-0.38151440641593148,-0.35824695626048758,0.70396835137079361,0.18471661382107196,0.24418194911513935,-0.24078836001444914,0.026245767907558185,0.21429345821431356,-0.57043768088594571,0.29359005744508915,-0.54391596549074051,-0.4996109862182378,1.0,-0.70100202,0.76518904127375775,0.38227734340350578,0.057855542142366441,0.23306671552927663,0.13727501892138649,0.26810113369278504,0.81171564831089327,0.64547098886931875,0.80678059615909681,0.27173298346120461,0.38035047819240542,0.087693529363192246,-0.37819336025191208,-0.20897107876560153
0.66852837999999992,0.27325712000000002,-0.27076774000000003,-0.74069336000000008,0.49104269999999994,0.60857468000000003,0.3231669399999999,0.9912612999999999,0.82628758000000002,0.48794256000000003,-0.77563384000000002,0.0030318000000000289,0.26329946000000004,-0.99660389999999999,-0.38388721999999997,0.13512600000000008,0.27554689999999993,0.37185592000000001,0.065197500000000019,0.9768341599999999,-0.52349354000000003,0.26309540000000009,0.74986678000000007,-0.70100202,1.0,-0.34110600000000002,-0.91722530000000002,-0.38124172000000001,-0.59262886000000004,-0.73954540000000002,-0.81668366000000003,-0.32997977999999994,-0.98849774000000001,-0.98449719999999996,-0.21974961999999998,-0.52222199999999996,0.011606039999999984,0.27545149999999996,-0.13863177999999998
-0.47034774903571114,0.15638875038593306,-0.5685998181037244,-0.093352458348654771,-0.32660229826497467,-0.66709730138111689,-0.54186156716760492,-0.28055158507724537,-0.16951991386255613,-0.43480876117611628,0.74401571985537263,-0.51363814844186506,-0.6817822899473539,0.35707793186544767,0.32150837320402365,0.75546004411181977,0.23698955673079469,0.56886857251307021,0.030041102339637346,-0.23693093447264685,-0.27898733339655846,-0.82564225124874568,-0.27413038145310203,0.76518904127375775,-0.34110600000000002,1.0,-0.021992789193565399,-0.50809332275743735,0.024863109637352099,-0.12850101456624219,0.012680254784570006,0.8817197356680867,0.23379365100635835,0.44593589260018573,-0.0098133721690622198,0.036292706457150076,-0.29544606324356348,-0.090105106059510109,-0.14274056428650847
-0.40622478989209387,-0.4694965622843118,0.58740297114872486,0.86011464012706151,-0.38879439360770751,-0.30977156401637629,-0.21398725322166917,-0.94297851667851895,-0.86213152135026849,-0.2266500966137186,0.51427336893454167,0.17134910574791684,-0.13556833360762699,0.90515684858598189,0.28467125271024712,-0.34137630579097189,-0.22393494170932193,-0.60302914356268578,-0.19922823012707674,-0.96555867983683008,0.59829147445718167,-0.03994716183139857,-0.6636784041777779,0.38227734340350578,-0.91722530000000002,-0.021992789193565399,1.0,0.55544878539441744,0.59460789065053543,0.8748897998705476,0.90795832777893692,-0.067978650102678451,0.93206481225242621,0.84196236601908436,0.16267292380403686,0.41655499532407231,-0.040565827174778579,-0.18105279934552049,0.34376131747695854
-0.12695882983028589,-0.37416583543465554,0.62800453558902258,0.43523495493418651,0.31974035391355154,-0.22742678038052619,0.46012088889647446,-0.45203267927216079,-0.4093024466548314,0.11919950838733065,0.0050219264142578116,0.44048055946462406,0.32544501038299839,0.37194007880165175,-0.36764905468958187,-0.67949660425174652,-0.44441102997251347,-0.87265254431061934,-0.10887353081891389,-0.4125012776238185,0.5971915246673275,0.40303977292629184,-0.10391603732989413,0.057855542142366441,-0.38124172000000001,-0.50809332275743735,0.55544878539441744,1.0,-0.028162860607596516,0.37040613168198838,0.40393962941367828,-0.36404007525976484,0.45878105908618177,0.34177423638981447,0.14581931610816809,0.18373442397678991,0.13520123643496995,-0.16622262311685482,0.099110210211180994
-0.47132394786663834,0.036732517959732924,0.10186265444489935,0.59992034892663126,-0.80457523948523602,0.038849313869168012,-0.45651431219615873,-0.52436344908589383,-0.49114198045049973,-0.566308737840162,0.32618563767026593,-0.11517110117619866,0.14620148908158501,0.56502349063468504,0.49246984272176719,-0.32180013669759011,-0.38955729922414595,-0.20035491778729903,0.11317303361861152,-0.57149542242559992,0.54383810950327738,0.12035800941059913,-0.74856363412455984,0.23306671552927663,-0.59262886000000004,0.024863109637352099,0.59460789065053543,-0.028162860607596516,1.0,0.5081248599525624,0.51482387252980455,0.12202864830427415,0.62119290525468185,0.55414507675147795,0.34040750835648725,0.70979922651639926,0.3208210624763041,-0.2008430941647506,-0.11608099372810902
-0.24576673482847133,-0.29415822079460574,0.53584524121598753,0.77528701198822236,-0.35708890764276124,-0.083992801149100904,-0.016075975723928451,-0.77473943550056801,-0.61085438936256675,-0.12078064822222873,0.28814558542657709,0.43132491623926855,-0.023154567337551904,0.75291214674281148,0.54690529889209727,-0.3567771270107557,-0.1574696644808154,-0.39953243654235637,-0.061258875372726507,-0.81166448942092895,0.41241885695966785,0.13087411865977855,-0.5337715285449095,0.13727501892138649,-0.73954540000000002,-0.12850101456624219,0.8748897998705476,0.37040613168198838,0.5081248599525624,1.0,0.86856284290208241,-0.21066386894314559,0.75461736485318176,0.62358565392606546,0.10843233391934803,0.37088747346240236,0.017275439771919532,0.010289035979171635,0.38449942971303169
-0.29872692929537437,-0.4825140203388692,0.54127480963680119,0.85657664497976937,-0.48016170056900459,-0.21040349860091581,-0.21713059622520628,-0.84907542290610927,-0.81187435232840011,-0.13086559954798896,0.39135716168677159,0.20395013818052476,-0.20143472666785003,0.81277834744077004,0.36732072059340859,-0.20999320118817155,-0.068170816874074114,-0.37392541213619268,-0.20175823941587748,-0.88493413295924528,0.42234945923153216,-0.099220375120807197,-0.43735767343553739,0.26810113369278504,-0.81668366000000003,0.012680254784570006,0.90795832777893692,0.40393962941367828,0.51482387252980455,0.86856284290208241,1.0,-0.11210324304913098,0.83241212308439305,0.73357257212459426,0.32102111132061972,0.29305079548631591,-0.17359035692530383,-0.084770527055420278,0.41415184022766199
-0.69948114147224638,0.45559356958739256,-0.72645882470734402,-0.12438955130789871,-0.30919980825588694,-0.74612582274317873,-0.27716137011295539,-0.24702626131615132,-0.041107712240940258,-0.68924518146229474,0.6742674674314636,-0.33699793251110244,-0.29851573685737992,0.35422725645217934,0.33869251753205265,0.42685273528163931,-0.21131088491799882,0.50729074867172275,0.28944580321029661,-0.15252973251611168,-0.12004038529252251,-0.50481244749760135,-0.37706552458196874,0.81171564831089327,-0.32997977999999994,0.8817197356680867,-0.067978650102678451,-0.36404007525976484,0.12202864830427415,-0.21066386894314559,-0.11210324304913098,1.0,0.27475350239037638,0.46147951527340447,0.11514344398390315,0.39556640898732709,0.064169178386463202,-0.23451876195640639,-0.54587705803244202
-0.68229744265216574,-0.2490021713133507,0.30201789168481175,0.77195788186241432,-0.48690231365108511,-0.57179127830186149,-0.23102443137263654,-0.98209641998528219,-0.81421574133992347,-0.50616122837177668,0.7014923401757901,0.081541869123004818,-0.13594971806301209,0.98548008909376472,0.36929333565681172,-0.26713823285785532,-0.38340589835458788,-0.42263139257771992,-0.022380196475339058,-0.96178485400017844,0.57312817897570767,-0.13581775926505599,-0.73800084902816987,0.64547098886931875,-0.98849774000000001,0.23379365100635835,0.93206481225242621,0.45878105908618177,0.62119290525468185,0.75461736485318176,0.83241212308439305,0.27475350239037638,1.0,0.96780476866121812,0.27019345898625835,0.59603986932558117,0.073242500805488692,-0.31454826785645673,0.087998945016998689
-0.75718491454327741,-0.19677760772448949,0.14908781865552645,0.64505797541603371,-0.49215664354060379,-0.71965036553949568,-0.34026616110619429,-0.96236250862061579,-0.77536591104542518,-0.57642635441688161,0.84833033264029378,-0.09593512540351877,-0.27714368921940286,0.98070156014095256,0.34200053155515825,-0.07627369695383597,-0.30969618814343075,-0.30732490178898064,0.001200370450682121,-0.93130925064261605,0.50904136968510683,-0.32737198611198803,-0.72303075395872263,0.80678059615909681,-0.98449719999999996,0.44593589260018573,0.84196236601908436,0.34177423638981447,0.55414507675147795,0.62358565392606546,0.73357257212459426,0.46147951527340447,0.96780476866121812,1.0,0.26585360147841131,0.53751867947903598,0.02643203031726217,-0.34209814954943157,0.048579839719113234
-0.50479585810490846,0.25575978858908749,-0.13907768153185077,0.097887448163384572,-0.48095762967393174,-0.21387864515011573,0.056889384149520508,-0.16444435626897641,0.001638573564764545,-0.45839968782751495,0.13916289666296233,-0.069121297923278868,0.35629932071475795,0.20669517579535485,0.0863336144949442,-0.29729426373230577,-0.4416535715640354,-0.064344422707090065,0.56174866627998243,-0.15206132425101873,0.48435572457684412,0.1839721156604637,0.086165372359782805,0.27173298346120461,-0.21974961999999998,-0.0098133721690622198,0.16267292380403686,0.14581931610816809,0.34040750835648725,0.10843233391934803,0.32102111132061972,0.11514344398390315,0.27019345898625835,0.26585360147841131,1.0,0.39731225736890802,0.45546055696020893,-0.21012243790129476,-0.25610866623448003
-0.73737030321498676,0.46715635489891444,-0.19490058070841726,0.42224285238763315,-0.51577097263569183,-0.29099351292815717,0.13983596928551964,-0.45551683226335021,-0.20300150638758024,-0.76612632232712807,0.26298075912309571,0.30057986484796839,0.50968788756249594,0.53833440225536278,0.54316763109963251,-0.5751142563975421,-0.87019433356061571,-0.11339337006452746,0.47928973752122522,-0.39079540559343529,0.49754301151255548,0.41774569021076297,-0.67035902382444579,0.38035047819240542,-0.52222199999999996,0.036292706457150076,0.41655499532407231,0.18373442397678991,0.70979922651639926,0.37088747346240236,0.29305079548631591,0.39556640898732709,0.59603986932558117,0.53751867947903598,0.39731225736890802,1.0,0.62910757341925838,-0.29018538753119805,-0.62806137526044781
-0.53701764900842641,0.68281287221157605,-0.28105432256221358,-0.24510896940546498,-0.14740843718814628,-0.075151120148828188,0.40833953951338531,0.07940176961039204,0.41382934683863498,-0.64483307585001637,-0.030192334718457049,0.14273451024664546,0.82152260535585908,-0.010078868683020683,0.11504621490384068,-0.6678576911733608,-0.79730128227101771,-0.12817929858865595,0.75745542450012138,0.12470827073532637,0.48568796183189866,0.64128970964041121,-0.10498884582544364,0.087693529363192246,0.011606039999999984,-0.29544606324356348,-0.040565827174778579,0.13520123643496995,0.3208210624763041,0.017275439771919532,-0.17359035692530383,0.064169178386463202,0.073242500805488692,0.02643203031726217,0.45546055696020893,0.62910757341925838,1.0,-0.39822147316603884,-0.49940105857703415
0.52002904565150632,-0.0066063761208835113,-0.011516981744401583,-0.022322462862516743,0.047601366786409464,0.40274388964373775,0.12065304993608242,0.24074763149482376,0.090129910691725629,0.53895376407743534,-0.4296641059424785,0.29502628345590087,-0.09984198499576738,-0.2534817996587026,0.26579815879283247,0.19269807423417598,0.33047510517662237,0.12418841728880442,-0.39736879524342467,0.20624576980624559,-0.36840187899619431,0.04092758793674077,0.080058325609014561,-0.37819336025191208,0.27545149999999996,-0.090105106059510109,-0.18105279934552049,-0.16622262311685482,-0.2008430941647506,0.010289035979171635,-0.084770527055420278,-0.23451876195640639,-0.31454826785645673,-0.34209814954943157,-0.21012243790129476,-0.29018538753119805,-0.39822147316603884,1.0,-0.0085010967412783266
0.42589026590481582,-0.78100006474145522,0.67033448507834692,0.22059358950872665,0.082981674675596653,0.20654528488878099,-0.34962186380930632,-0.21243796834778914,-0.36849857929158941,0.51296234922603268,0.088024672319986258,-0.19443598601967305,-0.51632764357180827,0.10959447067518718,-0.22243590277463077,0.24703341947658447,0.69017570735556766,-0.26665046791113201,-0.47917354967332693,-0.32012727727479717,-0.055176814054346324,-0.35411554259705158,0.18671401705230575,-0.20897107876560153,-0.13863177999999998,-0.14274056428650847,0.34376131747695854,0.099110210211180994,-0.11608099372810902,0.38449942971303169,0.41415184022766199,-0.54587705803244202,0.087998945016998689,0.048579839719113234,-0.25610866623448003,-0.62806137526044781,-0.49940105857703415,-0.0085010967412783266,1.0
