1.0,-0.14404063784708376,-0.61250620470955797,0.13606222871136137,-0.15815618682188595,0.7133957336582476,-0.73405275763308719,0.68930420725392216,-0.57736605446277112,0.056403220018943573,-0.067873015349883103,0.47013804063217618,0.27398445229215718,-0.71290920610089259,-0.25098730813565129,-0.39848481721232126,-0.0016167196634668812,0.23904425769433552,-0.56553927477551613,0.81011843014010287,0.6565573379524221,-0.22904016949237643,-0.082170334321754759,-0.46356768174885576,-0.074373948279786745,0.7189728717992333,-0.49839328000000005,-0.34934184597061835,-0.61302053531478129,0.23194291824928293,0.063635052004269527,0.40592298820292777,-0.82167712090931178,0.50117860429258443,-0.26189139772490933,-0.35121687523698353,0.01675059008123625,-0.62524873090879307,0.58830487549862376
-0.14404063784708376,1.0,-0.06983284020750595,-0.056532704972579041,-0.30024301034486373,-0.035289841250849677,0.1351604067115158,0.047754716789405433,0.34727494307074186,0.082523271034951898,-0.10908692952554365,-0.31095402893708807,0.32367453482889946,-0.30545623083378537,-0.49151502182048096,-0.00038694462720100794,-0.54567958766109126,0.27458643132122218,0.097140062874619348,0.038079443179684619,0.26655895088285952,0.012860172109540151,-0.67529789005227292,-0.19993645760186302,0.70715816112639029,-0.03602472987789801,-0.34510728000000002,0.21753460898644691,-0.13378688443069986,-0.47320924045441265,0.59870872685534127,0.6204634556462939,0.063567764733754459,0.20312478929820768,-0.55629719571207337,-0.24968993745868862,0.67577189507294633,0.13288122552717946,0.061725752484764432
-0.61250620470955797,-0.06983284020750595,1.0,0.044030941037770416,-0.27136908935351189,-0.96930510188705632,0.72662500042142086,-0.98400694528249655,0.58516607890189987,-0.25068609043977769,0.26549482684052489,-0.49826018279666978,-0.81579535920811264,0.65216730987233162,0.70482998303703104,0.73022677834399496,0.52795217520087123,-0.68387484722722081,0.94135987605797522,-0.89121576040662809,-0.80209554621380008,0.14376346069290921,0.36948928807721226,0.89661563366268149,-0.032328683864228068,-0.98219585434419732,0.9185769800000001,0.71722548388313623,0.96403028629764231,-0.13423476011045404,-0.32946128003110436,-0.11029136242184294,0.64898320460368231,-0.69293583253403213,0.77312872171742375,0.59485102303379045,-0.06571533766393807,0.27484969813383631,-0.89484779342331988
0.13606222871136137,-0.056532704972579041,0.044030941037770416,1.0,0.20230974724880146,0.050758684149867644,0.34143920298531455,-0.05756840297026472,0.11471063644169499,0.52038790821868941,0.54752048886869287,-0.13784914468263829,-0.024528471702651038,-0.29780626203799043,-0.06132276696091931,0.10352907208260197,-0.33061842777958328,-0.19909705544843065,0.21853394607176968,0.14226798245537006,0.28954015543352163,-0.24717077969382825,-0.15271263380010347,-0.09520351384466498,0.12658751527956028,0.0074703679281476199,-0.0062122799999999589,0.51780890340471275,-0.013412144924596137,0.35289481413343804,0.25806785463229814,0.34746261816578539,-0.36505380326911746,-0.15234551499466062,0.098397720871471056,0.39123479808540529,-0.38699680232020395,-0.21465750432983655,0.071540092371732755
-0.15815618682188595,-0.30024301034486373,-0.27136908935351189,0.20230974724880146,1.0,0.24145168504737874,0.00055852826156336643,0.14681952905149598,-0.38777944884799953,0.24822725631225898,0.43911961156802459,-0.20189300452224265,0.25220970592607117,0.22148071769316835,-0.33545117922230272,-0.52988577655023716,-0.26649890166524315,0.40210473177925926,-0.29237086271927892,0.14090097944602978,0.095993839849093016,-0.46100155647528102,-0.13983104196004975,-0.35763516374277105,-0.095078837547434181,0.21280221535484067,-0.26347955999999995,-0.34755207837999719,-0.19154243306973673,-0.15732171574333448,0.20592766408019109,-0.5338178266305279,0.092778535867620582,0.19498215613022113,-0.27097141988521734,0.1282173550258191,-0.35883677680912601,0.27342039182397149,0.354012700582577
0.7133957336582476,-0.035289841250849677,-0.96930510188705632,0.050758684149867644,0.24145168504737874,1.0,-0.79187592807963014,0.97799840804621985,-0.65925012504586922,0.26989274187933499,-0.17142616021273255,0.57472771428933533,0.76757437094806069,-0.64951421348115546,-0.60264507013394397,-0.71131162504760803,-0.39747074723166687,0.59382731505342967,-0.94191468759840868,0.92025437828418177,0.77838634973699194,-0.22406506830790748,-0.25480489997039019,-0.82698498315317703,-0.12913995093940603,0.98987395040155168,-0.8524311,-0.66060705665283392,-0.91343687925405781,0.20216634902360989,0.22089891816304508,0.15801517867165008,-0.69742421114437791,0.58251282950636496,-0.6623918971248185,-0.57285792356026566,0.0080014965303989594,-0.44313290402050681,0.93159093463001719
-0.73405275763308719,0.1351604067115158,0.72662500042142086,0.34143920298531455,0.00055852826156336643,-0.79187592807963014,1.0,-0.7990442704374926,0.65070688101389684,0.079369609258813756,0.34292420106234051,-0.6990132052422765,-0.57534988965612444,0.40616719582573252,0.22825805671076704,0.50210752146643778,-0.083705235352075594,-0.35326513367932366,0.83155443141330043,-0.78142954863184588,-0.50414071887141354,0.10121415939549196,-0.071591533170419761,0.43327556928066141,0.35147415638705204,-0.78374619248125954,0.53738219999999992,0.66802184870200343,0.61340713474824349,-0.07453559638649658,0.17892029954046346,-0.090488226161747273,0.48033261954799916,-0.43668757953844106,0.35661016289704672,0.73321707372200773,-0.21123656288656589,0.61447303862046299,-0.71315334375216455
0.68930420725392216,0.047754716789405433,-0.98400694528249655,-0.05756840297026472,0.14681952905149598,0.97799840804621985,-0.7990442704374926,1.0,-0.55678859161867367,0.2560338181903058,-0.34353752464463844,0.61541644130718809,0.79200155520725679,-0.70419029713755465,-0.60918802857759324,-0.63868977986991049,-0.44069789305342677,0.57791423317452062,-0.93724416972325719,0.92031338279145136,0.81396408156801892,-0.075668188242298484,-0.27943603719491372,-0.83236593928372682,-0.027450681461725968,0.99175779767049121,-0.86924438000000004,-0.67524672957282927,-0.94891000528614211,0.20271605680915672,0.22927710984900115,0.1808689834635519,-0.71229123137943018,0.626388564253754,-0.69078901329898246,-0.6325893036271687,0.069530534277013584,-0.41304519331601275,0.87401229838572336
-0.57736605446277112,0.34727494307074186,0.58516607890189987,0.11471063644169499,-0.38777944884799953,-0.65925012504586922,0.65070688101389684,-0.55678859161867367,1.0,0.31904029639953196,-0.28048648885879679,-0.22430416214421811,-0.37269836045451599,0.045192391317530292,0.31269054054759232,0.83565273540940199,-0.098978201816562361,-0.59375906812019319,0.72310722616105017,-0.57096019279708121,-0.19907216209861581,0.4753700507341892,-0.0037342539671898259,0.45413384072462581,0.4272490923603372,-0.61588500624859333,0.45911773999999994,0.76709280887287623,0.43689755862693058,0.12562379846675828,0.035611049946669637,0.18904982090404582,0.21406841626803078,-0.54494707088306638,0.36465168279232119,0.41214169732035766,-0.018280650789371758,0.1702576506852361,-0.75521165917167044
0.056403220018943573,0.082523271034951898,-0.25068609043977769,0.52038790821868941,0.24822725631225898,0.26989274187933499,0.079369609258813756,0.2560338181903058,0.31904029639953196,1.0,-0.041260300337522753,0.1434322898360344,0.15891881584274103,-0.52665960320222793,-0.25812052747466269,0.10797849007735025,-0.44290720205945022,-0.10298181068123748,-0.066770969022320242,0.24026420478463265,0.53067093834453261,-0.10842049772597614,-0.21040202372190972,-0.35662216962123128,0.20039626331987806,0.26863303403738181,-0.28578959999999998,0.31929655170378085,-0.36417228795131185,0.30681332012107032,0.33093202605739952,0.21144008300457509,-0.51155965764593669,-0.25005086585426728,-0.16397053666105066,0.33459038782576522,-0.43757899608408934,-0.18278937478851937,0.12346244977795175
-0.067873015349883103,-0.10908692952554365,0.26549482684052489,0.54752048886869287,0.43911961156802459,-0.17142616021273255,0.34292420106234051,-0.34353752464463844,-0.28048648885879679,-0.041260300337522753,1.0,-0.59893840156687284,-0.22241724347513306,0.29891146771198362,-0.0889952690619948,-0.27238222170800869,0.015890087545031215,0.13730050270493641,0.2695170160264857,-0.17311378955848769,-0.22186447470237286,-0.70988001446511095,-0.17691591093038891,0.086832703557235227,-0.057783286828332489,-0.26103622008875227,0.11977156,0.2321554764584994,0.3087837845763452,-0.32033496430812713,0.2477628426067377,0.0049722933579316383,0.22251076243304066,-0.077458434087658123,0.050946914122418391,0.40079466144779663,-0.088896091929600837,0.15469291130790466,0.054304849540790442
0.47013804063217618,-0.31095402893708807,-0.49826018279666978,-0.13784914468263829,-0.20189300452224265,0.57472771428933533,-0.6990132052422765,0.61541644130718809,-0.22430416214421811,0.1434322898360344,-0.59893840156687284,1.0,0.41630045424530282,-0.36113394918420422,0.22118566661571643,0.040910555166780146,0.17983220010079473,-0.20231758846835537,-0.60705721739409757,0.57559648488860937,0.34296245520152796,0.43002930827208669,0.500880797893276,-0.12879077657473609,-0.52735822084769413,0.59416968670049297,-0.16548863999999996,-0.35492823843643007,-0.41875923202152726,0.55278707536244787,-0.55668825962542989,0.045123168590672127,-0.50287589068492677,-0.020963993372606446,0.073408265491748337,-0.53051929954022015,-0.20429000657197324,-0.69816068077193161,0.40744591519309525
0.27398445229215718,0.32367453482889946,-0.81579535920811264,-0.024528471702651038,0.25220970592607117,0.76757437094806069,-0.57534988965612444,0.79200155520725679,-0.37269836045451599,0.15891881584274103,-0.22241724347513306,0.41630045424530282,1.0,-0.41447817837385142,-0.6355797640803782,-0.56027075845630747,-0.61678787303094074,0.5734407574992052,-0.77813611091578394,0.73838966688103647,0.67655571066993869,0.041076915195874572,-0.40273602927072844,-0.69608120222093961,0.051326802828209783,0.74713386118060909,-0.78623595999999996,-0.51408147922091207,-0.7097420210488099,-0.031224384108650981,0.28410764453951065,0.23556147088682242,-0.29529363940706466,0.55520316913882262,-0.74527233659365044,-0.8017137940259329,0.38282407782966116,-0.26301617182461173,0.8091340417681292
-0.71290920610089259,-0.30545623083378537,0.65216730987233162,-0.29780626203799043,0.22148071769316835,-0.64951421348115546,0.40616719582573252,-0.70419029713755465,0.045192391317530292,-0.52665960320222793,0.29891146771198362,-0.36113394918420422,-0.41447817837385142,1.0,0.5165084745131806,0.17494304780147502,0.53404686085054431,-0.23152602354040624,0.42063577295457366,-0.74024012737141087,-0.90138632737025937,-0.0005955129877133372,0.44912697062513668,0.65647182571116502,-0.42985877427423935,-0.69071293900976993,0.67477228,0.068681473245729194,0.77675522187660506,-0.27858108773948936,-0.4620299464701409,-0.61644543805345442,0.9218813643254955,-0.4299569967170242,0.49935708380610333,0.21636721269490383,-0.025883940736085895,0.43044066970801159,-0.46222374970084129
-0.25098730813565129,-0.49151502182048096,0.70482998303703104,-0.06132276696091931,-0.33545117922230272,-0.60264507013394397,0.22825805671076704,-0.60918802857759324,0.31269054054759232,-0.25812052747466269,-0.0889952690619948,0.22118566661571643,-0.6355797640803782,0.5165084745131806,1.0,0.7460586579089088,0.82976718260275206,-0.8922472644436914,0.5202637854990998,-0.50879615145023349,-0.66931605866706434,0.42776671715181575,0.89708919013074562,0.90096167276177064,-0.54870801045098372,-0.59953511978614449,0.9211340400000001,0.40610090701337453,0.75269197046898717,0.29681624822986591,-0.87708257850309579,-0.21336907305762479,0.32615497171427099,-0.71091336405568561,0.9601972903189081,0.28374017453169376,-0.34874152592589297,-0.20579732936228648,-0.63829835368651056
-0.39848481721232126,-0.00038694462720100794,0.73022677834399496,0.10352907208260197,-0.52988577655023716,-0.71131162504760803,0.50210752146643778,-0.63868977986991049,0.83565273540940199,0.10797849007735025,-0.27238222170800869,0.040910555166780146,-0.56027075845630747,0.17494304780147502,0.7460586579089088,1.0,0.35531444835643816,-0.91711623976922907,0.7500303593521519,-0.55859878281516273,-0.38759465446734553,0.60925928096685789,0.46280620407774353,0.75814728521548203,0.032514542738658204,-0.67663162719960335,0.76951759999999991,0.76707496861321189,0.64422070063587711,0.27152358740937133,-0.43964260496075214,0.14482573111142547,0.19031357510066027,-0.71507283029122271,0.75930156192753762,0.37994851643528055,-0.17177330157934578,-0.1005569553519564,-0.81488192404904647
-0.0016167196634668812,-0.54567958766109126,0.52795217520087123,-0.33061842777958328,-0.26649890166524315,-0.39747074723166687,-0.083705235352075594,-0.44069789305342677,-0.098978201816562361,-0.44290720205945022,0.015890087545031215,0.17983220010079473,-0.61678787303094074,0.53404686085054431,0.82976718260275206,0.35531444835643816,1.0,-0.57399423730695298,0.26883894311406054,-0.36850924176470939,-0.66223232367035634,0.060165017260288021,0.83392450558193376,0.753269888503308,-0.68598026696500769,-0.41596633122307397,0.73236904000000003,0.085352621638013187,0.6203553088932644,0.070683259568415924,-0.82417786965343964,-0.27445408634995005,0.31623465232506015,-0.5044655278317064,0.76472864467670576,0.17661597056506434,-0.20896846954932838,-0.20836678416271329,-0.40193379063316742
0.23904425769433552,0.27458643132122218,-0.68387484722722081,-0.19909705544843065,0.40210473177925926,0.59382731505342967,-0.35326513367932366,0.57791423317452062,-0.59375906812019319,-0.10298181068123748,0.13730050270493641,-0.20231758846835537,0.5734407574992052,-0.23152602354040624,-0.8922472644436914,-0.91711623976922907,-0.57399423730695298,1.0,-0.62856014130257443,0.43158908384714417,0.40841404481349397,-0.49716278077394715,-0.711392771986748,-0.81303107187267298,0.28475755949506415,0.58283880989942494,-0.83408463999999993,-0.6893340844525716,-0.66345914094737246,-0.38970907778929886,0.66467991064994136,-0.082301826575640086,-0.11826390888235126,0.77044856028195563,-0.88927146857643224,-0.38188120371711926,0.36592279471587352,0.28087289020897765,0.68306929311504394
-0.56553927477551613,0.097140062874619348,0.94135987605797522,0.21853394607176968,-0.29237086271927892,-0.94191468759840868,0.83155443141330043,-0.93724416972325719,0.72310722616105017,-0.066770969022320242,0.2695170160264857,-0.60705721739409757,-0.77813611091578394,0.42063577295457366,0.5202637854990998,0.7500303593521519,0.26883894311406054,-0.62856014130257443,1.0,-0.82351884887648108,-0.59128455574100358,0.13486861146256376,0.12133471920248773,0.74159591480047671,0.25864461084740498,-0.938979196444505,0.77895300000000001,0.84093839861217545,0.8368983586930302,-0.10971827367287484,-0.061334140763597722,0.065872144864481397,0.48027888600537527,-0.59088925393973779,0.63672814616699891,0.67476553609867784,-0.047632434438831105,0.32049484578663745,-0.90291160753429534
0.81011843014010287,0.038079443179684619,-0.89121576040662809,0.14226798245537006,0.14090097944602978,0.92025437828418177,-0.78142954863184588,0.92031338279145136,-0.57096019279708121,0.24026420478463265,-0.17311378955848769,0.57559648488860937,0.73838966688103647,-0.74024012737141087,-0.50879615145023349,-0.55859878281516273,-0.36850924176470939,0.43158908384714417,-0.82351884887648108,1.0,0.86475387154134065,-0.11509495678484412,-0.23680739560015276,-0.71729067417275882,-0.010957642793185625,0.92449051713450225,-0.76992457999999997,-0.510634820573173,-0.83743885786552819,0.17642887296059603,0.18936620190129161,0.3603978184319368,-0.77658535122533323,0.63797895174294528,-0.5801020636572678,-0.60607999271917679,0.077783905892573266,-0.52671524431245975,0.8416172785512066
0.6565573379524221,0.26655895088285952,-0.80209554621380008,0.28954015543352163,0.095993839849093016,0.77838634973699194,-0.50414071887141354,0.81396408156801892,-0.19907216209861581,0.53067093834453261,-0.22186447470237286,0.34296245520152796,0.67655571066993869,-0.90138632737025937,-0.66931605866706434,-0.38759465446734553,-0.66223232367035634,0.40841404481349397,-0.59128455574100358,0.86475387154134065,1.0,-0.06916872221653475,-0.53369113150613623,-0.7978624493895099,0.37422118026462231,0.80058142036963198,-0.82071729999999998,-0.22421256135011236,-0.85386289610866006,0.18771094698670246,0.51635085810909798,0.5056638089770723,-0.82601746589079694,0.58792216268401809,-0.65832868823794621,-0.39138008730985141,0.10885509013076039,-0.37920858507001476,0.64281004502954819
-0.22904016949237643,0.012860172109540151,0.14376346069290921,-0.24717077969382825,-0.46100155647528102,-0.22406506830790748,0.10121415939549196,-0.075668188242298484,0.4753700507341892,-0.10842049772597614,-0.70988001446511095,0.43002930827208669,0.041076915195874572,-0.0005955129877133372,0.42776671715181575,0.60925928096685789,0.060165017260288021,-0.49716278077394715,0.13486861146256376,-0.11509495678484412,-0.06916872221653475,1.0,0.36576626498155701,0.28756064090923122,0.012639850863991674,-0.14665959063869544,0.29835948000000001,0.10369813130184792,0.12789716108425719,0.29674912150096994,-0.43298382120793455,0.036767916069732572,0.040262554540840656,-0.14048124767085138,0.31824437088513169,-0.24628197559373724,0.022294421137613256,-0.048668357113564514,-0.34689619075408795
-0.082170334321754759,-0.67529789005227292,0.36948928807721226,-0.15271263380010347,-0.13983104196004975,-0.25480489997039019,-0.071591533170419761,-0.27943603719491372,-0.0037342539671898259,-0.21040202372190972,-0.17691591093038891,0.500880797893276,-0.40273602927072844,0.44912697062513668,0.89708919013074562,0.46280620407774353,0.83392450558193376,-0.711392771986748,0.12133471920248773,-0.23680739560015276,-0.53369113150613623,0.36576626498155701,1.0,0.67111572292710397,-0.79285643957678242,-0.25440531379992298,0.70042924000000006,0.048259241459574692,0.47404666313313071,0.40768993547592408,-0.97351516017301454,-0.3736120494526014,0.17600113168227433,-0.57526521253295604,0.80433428425338283,0.10943183899818387,-0.49720537031704726,-0.30483821697466379,-0.30698182049600053
-0.46356768174885576,-0.19993645760186302,0.89661563366268149,-0.09520351384466498,-0.35763516374277105,-0.82698498315317703,0.43327556928066141,-0.83236593928372682,0.45413384072462581,-0.35662216962123128,0.086832703557235227,-0.12879077657473609,-0.69608120222093961,0.65647182571116502,0.90096167276177064,0.75814728521548203,0.753269888503308,-0.81303107187267298,0.74159591480047671,-0.71729067417275882,-0.7978624493895099,0.28756064090923122,0.67111572292710397,1.0,-0.32867093267659897,-0.84103329623513901,0.96483151999999994,0.56486060986602904,0.93623423148768969,0.011880177898117752,-0.67027224784358108,-0.1029908999148469,0.58563419130135441,-0.7253642775075313,0.87357188990747214,0.3372475722729158,-0.081285115296687013,-0.024538174096791165,-0.77096296865100522
-0.074373948279786745,0.70715816112639029,-0.032328683864228068,0.12658751527956028,-0.095078837547434181,-0.12913995093940603,0.35147415638705204,-0.027450681461725968,0.4272490923603372,0.20039626331987806,-0.057783286828332489,-0.52735822084769413,0.051326802828209783,-0.42985877427423935,-0.54870801045098372,0.032514542738658204,-0.68598026696500769,0.28475755949506415,0.25864461084740498,-0.010957642793185625,0.37422118026462231,0.012639850863991674,-0.79285643957678242,-0.32867093267659897,1.0,-0.067101510878726608,-0.33531138000000005,0.23214435864534541,-0.21464272554232072,-0.31605824269407862,0.79779022824805879,0.38684186298835943,-0.15390609436213909,0.394763798090292,-0.46927900583668813,0.12711932234363471,0.33503127410442218,0.37987630239870129,-0.1507900292652965
0.7189728717992333,-0.03602472987789801,-0.98219585434419732,0.0074703679281476199,0.21280221535484067,0.98987395040155168,-0.78374619248125954,0.99175779767049121,-0.61588500624859333,0.26863303403738181,-0.26103622008875227,0.59416968670049297,0.74713386118060909,-0.69071293900976993,-0.59953511978614449,-0.67663162719960335,-0.41596633122307397,0.58283880989942494,-0.938979196444505,0.92449051713450225,0.80058142036963198,-0.14665959063869544,-0.25440531379992298,-0.84103329623513901,-0.067101510878726608,1.0,-0.85698735999999998,-0.68478389333048839,-0.94682415021128408,0.22991903215667514,0.22424434269695556,0.13403533582618482,-0.73686925651094259,0.62417686600719247,-0.66287959532466989,-0.56317816031117318,-0.019935984061383468,-0.40532730990564059,0.88942206709066896
-0.49839328000000005,-0.34510728000000002,0.9185769800000001,-0.0062122799999999589,-0.26347955999999995,-0.8524311,0.53738219999999992,-0.86924438000000004,0.45911773999999994,-0.28578959999999998,0.11977156,-0.16548863999999996,-0.78623595999999996,0.67477228,0.9211340400000001,0.76951759999999991,0.73236904000000003,-0.83408463999999993,0.77895300000000001,-0.76992457999999997,-0.82071729999999998,0.29835948000000001,0.70042924000000006,0.96483151999999994,-0.33531138000000005,-0.85698735999999998,1.0,0.57452057999999995,0.93187825999999996,0.090368639999999889,-0.66077231999999997,-0.24083823999999998,0.55422529999999992,-0.74812959999999995,0.93831488000000007,0.49463824000000001,-0.26757726000000004,0.08311449999999998,-0.82309686000000004
-0.34934184597061835,0.21753460898644691,0.71722548388313623,0.51780890340471275,-0.34755207837999719,-0.66060705665283392,0.66802184870200343,-0.67524672957282927,0.76709280887287623,0.31929655170378085,0.2321554764584994,-0.35492823843643007,-0.51408147922091207,0.068681473245729194,0.40610090701337453,0.76707496861321189,0.085352621638013187,-0.6893340844525716,0.84093839861217545,-0.510634820573173,-0.22421256135011236,0.10369813130184792,0.048259241459574692,0.56486060986602904,0.23214435864534541,-0.68478389333048839,0.57452057999999995,1.0,0.61233027803833706,0.095010066118078496,0.015244899369152909,0.41240058533870455,0.15185312309658108,-0.65473503565076374,0.52239820516588253,0.56732412539546417,-0.064593583672851382,-0.029807640961031098,-0.67011813165831446
-0.61302053531478129,-0.13378688443069986,0.96403028629764231,-0.013412144924596137,-0.19154243306973673,-0.91343687925405781,0.61340713474824349,-0.94891000528614211,0.43689755862693058,-0.36417228795131185,0.3087837845763452,-0.41875923202152726,-0.7097420210488099,0.77675522187660506,0.75269197046898717,0.64422070063587711,0.6203553088932644,-0.66345914094737246,0.8368983586930302,-0.83743885786552819,-0.85386289610866006,0.12789716108425719,0.47404666313313071,0.93623423148768969,-0.21464272554232072,-0.94682415021128408,0.93187825999999996,0.61233027803833706,1.0,-0.17158484382955685,-0.46236468191601604,-0.15873080756346661,0.745568003977649,-0.6799805651995271,0.77960753312157438,0.44490086954208258,-0.012200323426672668,0.20957466682872372,-0.78790737229161145
0.23194291824928293,-0.47320924045441265,-0.13423476011045404,0.35289481413343804,-0.15732171574333448,0.20216634902360989,-0.07453559638649658,0.20271605680915672,0.12562379846675828,0.30681332012107032,-0.32033496430812713,0.55278707536244787,-0.031224384108650981,-0.27858108773948936,0.29681624822986591,0.27152358740937133,0.070683259568415924,-0.38970907778929886,-0.10971827367287484,0.17642887296059603,0.18771094698670246,0.29674912150096994,0.40768993547592408,0.011880177898117752,-0.31605824269407862,0.22991903215667514,0.090368639999999889,0.095010066118078496,-0.17158484382955685,1.0,-0.34371567728694913,-0.019678206772288615,-0.45841631647692049,-0.20676919064749158,0.32886181750598409,0.09871434783471178,-0.56837015139264024,-0.42815750974646044,-0.019279614759857636
0.063635052004269527,0.59870872685534127,-0.32946128003110436,0.25806785463229814,0.20592766408019109,0.22089891816304508,0.17892029954046346,0.22927710984900115,0.035611049946669637,0.33093202605739952,0.2477628426067377,-0.55668825962542989,0.28410764453951065,-0.4620299464701409,-0.87708257850309579,-0.43964260496075214,-0.82417786965343964,0.66467991064994136,-0.061334140763597722,0.18936620190129161,0.51635085810909798,-0.43298382120793455,-0.97351516017301454,-0.67027224784358108,0.79779022824805879,0.22424434269695556,-0.66077231999999997,0.015244899369152909,-0.46236468191601604,-0.34371567728694913,1.0,0.32664004710419753,-0.22559394100563768,0.504576194118316,-0.75394759154642599,0.087554573040409922,0.3108276282802056,0.36605142730760226,0.25558305785206392
0.40592298820292777,0.6204634556462939,-0.11029136242184294,0.34746261816578539,-0.5338178266305279,0.15801517867165008,-0.090488226161747273,0.1808689834635519,0.18904982090404582,0.21144008300457509,0.0049722933579316383,0.045123168590672127,0.23556147088682242,-0.61644543805345442,-0.21336907305762479,0.14482573111142547,-0.27445408634995005,-0.082301826575640086,0.065872144864481397,0.3603978184319368,0.5056638089770723,0.036767916069732572,-0.3736120494526014,-0.1029908999148469,0.38684186298835943,0.13403533582618482,-0.24083823999999998,0.41240058533870455,-0.15873080756346661,-0.019678206772288615,0.32664004710419753,1.0,-0.41849622789660684,0.10867067995583213,-0.2380731332391402,-0.23401903387170364,0.46116542007862638,-0.4613299918009563,0.16249531989340765
-0.82167712090931178,0.063567764733754459,0.64898320460368231,-0.36505380326911746,0.092778535867620582,-0.69742421114437791,0.48033261954799916,-0.71229123137943018,0.21406841626803078,-0.51155965764593669,0.22251076243304066,-0.50287589068492677,-0.29529363940706466,0.9218813643254955,0.32615497171427099,0.19031357510066027,0.31623465232506015,-0.11826390888235126,0.48027888600537527,-0.77658535122533323,-0.82601746589079694,0.040262554540840656,0.17600113168227433,0.58563419130135441,-0.15390609436213909,-0.73686925651094259,0.55422529999999992,0.15185312309658108,0.745568003977649,-0.45841631647692049,-0.22559394100563768,-0.41849622789660684,1.0,-0.36032077232020759,0.29389486154742273,0.11615838659755466,0.2683156148607399,0.53003192659615073,-0.48430812773474946
0.50117860429258443,0.20312478929820768,-0.69293583253403213,-0.15234551499466062,0.19498215613022113,0.58251282950636496,-0.43668757953844106,0.626388564253754,-0.54494707088306638,-0.25005086585426728,-0.077458434087658123,-0.020963993372606446,0.55520316913882262,-0.4299569967170242,-0.71091336405568561,-0.71507283029122271,-0.5044655278317064,0.77044856028195563,-0.59088925393973779,0.63797895174294528,0.58792216268401809,-0.14048124767085138,-0.57526521253295604,-0.7253642775075313,0.394763798090292,0.62417686600719247,-0.74812959999999995,-0.65473503565076374,-0.6799805651995271,-0.20676919064749158,0.504576194118316,0.10867067995583213,-0.36032077232020759,1.0,-0.73917111588162854,-0.52001281658736032,0.36800862265301076,0.1246913259765601,0.58801088598104523
-0.26189139772490933,-0.55629719571207337,0.77312872171742375,0.098397720871471056,-0.27097141988521734,-0.6623918971248185,0.35661016289704672,-0.69078901329898246,0.36465168279232119,-0.16397053666105066,0.050946914122418391,0.073408265491748337,-0.74527233659365044,0.49935708380610333,0.9601972903189081,0.75930156192753762,0.76472864467670576,-0.88927146857643224,0.63672814616699891,-0.5801020636572678,-0.65832868823794621,0.31824437088513169,0.80433428425338283,0.87357188990747214,-0.46927900583668813,-0.66287959532466989,0.93831488000000007,0.52239820516588253,0.77960753312157438,0.32886181750598409,-0.75394759154642599,-0.2380731332391402,0.29389486154742273,-0.73917111588162854,1.0,0.46624546136518702,-0.4285922131669766,-0.14248592600317234,-0.71514919869035409
-0.35121687523698353,-0.24968993745868862,0.59485102303379045,0.39123479808540529,0.1282173550258191,-0.57285792356026566,0.73321707372200773,-0.6325893036271687,0.41214169732035766,0.33459038782576522,0.40079466144779663,-0.53051929954022015,-0.8017137940259329,0.21636721269490383,0.28374017453169376,0.37994851643528055,0.17661597056506434,-0.38188120371711926,0.67476553609867784,-0.60607999271917679,-0.39138008730985141,-0.24628197559373724,0.10943183899818387,0.3372475722729158,0.12711932234363471,-0.56317816031117318,0.49463824000000001,0.56732412539546417,0.44490086954208258,0.09871434783471178,0.087554573040409922,-0.23401903387170364,0.11615838659755466,-0.52001281658736032,0.46624546136518702,1.0,-0.621227063125801,0.40166126075671416,-0.61528073738377076
0.01675059008123625,0.67577189507294633,-0.06571533766393807,-0.38699680232020395,-0.35883677680912601,0.0080014965303989594,-0.21123656288656589,0.069530534277013584,-0.018280650789371758,-0.43757899608408934,-0.088896091929600837,-0.20429000657197324,0.38282407782966116,-0.025883940736085895,-0.34874152592589297,-0.17177330157934578,-0.20896846954932838,0.36592279471587352,-0.047632434438831105,0.077783905892573266,0.10885509013076039,0.022294421137613256,-0.49720537031704726,-0.081285115296687013,0.33503127410442218,-0.019935984061383468,-0.26757726000000004,-0.064593583672851382,-0.012200323426672668,-0.56837015139264024,0.3108276282802056,0.46116542007862638,0.2683156148607399,0.36800862265301076,-0.4285922131669766,-0.621227063125801,1.0,0.0025854664521485142,0.13344983866084012
-0.62524873090879307,0.13288122552717946,0.27484969813383631,-0.21465750432983655,0.27342039182397149,-0.44313290402050681,0.61447303862046299,-0.41304519331601275,0.1702576506852361,-0.18278937478851937,0.15469291130790466,-0.69816068077193161,-0.26301617182461173,0.43044066970801159,-0.20579732936228648,-0.1005569553519564,-0.20836678416271329,0.28087289020897765,0.32049484578663745,-0.52671524431245975,-0.37920858507001476,-0.048668357113564514,-0.30483821697466379,-0.024538174096791165,0.37987630239870129,-0.40532730990564059,0.08311449999999998,-0.029807640961031098,0.20957466682872372,-0.42815750974646044,0.36605142730760226,-0.4613299918009563,0.53003192659615073,0.1246913259765601,-0.14248592600317234,0.40166126075671416,0.0025854664521485142,1.0,-0.36575685392810625
0.58830487549862376,0.061725752484764432,-0.89484779342331988,0.071540092371732755,0.354012700582577,0.93159093463001719,-0.71315334375216455,0.87401229838572336,-0.75521165917167044,0.12346244977795175,0.054304849540790442,0.40744591519309525,0.8091340417681292,-0.46222374970084129,-0.63829835368651056,-0.81488192404904647,-0.40193379063316742,0.68306929311504394,-0.90291160753429534,0.8416172785512066,0.64281004502954819,-0.34689619075408795,-0.30698182049600053,-0.77096296865100522,-0.1507900292652965,0.88942206709066896,-0.82309686000000004,-0.67011813165831446,-0.78790737229161145,-0.019279614759857636,0.25558305785206392,0.16249531989340765,-0.48430812773474946,0.58801088598104523,-0.71514919869035409,-0.61528073738377076,0.13344983866084012,-0.36575685392810625,1.0
