1.0,-0.6407901447516634,0.011205016739918722,0.74593556563470775,-0.67853228540503374,-0.47708118990709131,-0.12113610892878579,-0.036555758476710498,0.65885349478497413,-0.47005576341503602,-0.36002325640207944,-0.63556643372367294,0.27843657614886808,0.25535197056439185,-0.12656681014625912,-0.037083586017116102,-0.79692445130438616,-0.23556008720155788,0.70358774166455473,0.14147895146031689,0.69421770630518409,0.29131301214277816,-0.032477996747966913,-0.36438243279811861,-0.67050330000000002,-0.70692238588620693,-0.27035123885156559,-0.085172771039438627,-0.7075408566521777,0.80380201056653777,0.47734096036703866,-0.52057593618851994,0.50994970251922878,-0.20648167137080353,-0.16644668887717354,-0.60716171132090169,-0.78022722957642821,-0.2085848171015873,-0.54733375854744681
-0.6407901447516634,1.0,-0.0088587218441711357,-0.3777866359869182,0.41113271450016659,0.27823684118337538,0.18371197899187741,0.2303558995007105,-0.2960381509545057,0.36100619409768675,-0.0071993840617846638,0.30265045757076681,-0.1077481410737835,-0.016482559421923337,0.055612491216418591,0.1432073024037028,0.77742112837869182,0.1295001000562705,-0.35484587236605025,-0.27042563636634609,-0.36422467841651529,-0.27482572828816682,-0.14042686066149612,0.047664662338650854,0.29146880000000008,0.38735620982013813,-0.20314826639009792,-0.072615420231240291,0.62107437385475617,-0.41604185475903172,-0.49026015963216685,0.22232491607193422,-0.34100057958734753,-0.097342092038317035,-0.098273826598131941,0.1721872196611039,0.4385576236937046,0.40604312735580206,0.37333917286239937
0.011205016739918722,-0.0088587218441711357,1.0,0.15652108474509735,0.0777092007433028,0.59568154688704344,-0.60753926013253845,-0.50612292357802735,-0.20068902940017022,-0.18789996952672033,0.21451885164632281,0.00049764319274287567,-0.4136983136208946,0.026887626813548282,0.6384168046446812,-0.57462276473425633,-0.11942833772398767,-0.5296460448719047,0.038868613277214768,0.058839666787866826,-0.31913587177982577,0.38559177357254348,-0.19294581128334584,0.25580561888388759,0.2082483799999999,0.12035295210330414,0.30507836678333972,-0.5153400142614154,-0.06024183892573149,-0.10156992315094834,-0.15943297081655916,-0.40498491617852989,0.44941989054300957,-0.095775582840983253,0.40151005231578435,-0.047927606455947049,-0.049174543732524126,-0.40889133928439886,0.30689704844679455
0.74593556563470775,-0.3777866359869182,0.15652108474509735,1.0,-0.75227971835517937,-0.64364498281601334,0.1604916111539581,0.23011343663107908,0.84197308214395783,-0.28470907190303052,-0.67000999228021785,-0.75874147171329576,0.41933095656797409,0.4403699217373841,-0.37248813799534858,0.054977985443875353,-0.65301279952523927,-0.023614501401471269,0.83048644429149421,0.55959271267683885,0.64187808386769962,0.35205724401484384,0.1716375525583389,-0.17826969726569569,-0.84388927999999996,-0.70692607346590908,-0.35899623325537638,0.23171725676477725,-0.55667824440717151,0.83634221338544701,0.3936915343302369,-0.35126115372804362,0.32830370814573268,0.082546805087609143,-0.35057814187806363,-0.7216044867717154,-0.80537082296850193,0.039592750154278822,-0.60826799706551893
-0.67853228540503374,0.41113271450016659,0.0777092007433028,-0.75227971835517937,1.0,0.62716366334815443,0.0163555290532994,-0.29162775041626349,-0.94308823222135607,0.357837819964411,0.32350329614681839,0.97768761544633265,-0.69879833133611613,-0.60975986907567592,0.14490654555287266,0.16001397942597709,0.80515455239148392,0.21566683577966297,-0.97666661980296232,-0.52161594335971173,-0.73919971049041067,-0.26513921056820949,-0.43003105182985346,0.3207573145789071,0.93452581999999995,0.6929590198197203,0.44604941038241941,-0.15020803330617541,0.56467424665821153,-0.81732802935011173,0.079173361828336869,0.52916021832173998,-0.55298172013766345,0.34420336137248542,-0.0088055039010811274,0.91498887668518369,0.88520337539996918,-0.20621864743670568,0.20877314261887503
-0.47708118990709131,0.27823684118337538,0.59568154688704344,-0.64364498281601334,0.62716366334815443,1.0,-0.70463246474008467,-0.73364037212054223,-0.80844345066235279,0.015366743790832868,0.66328957449405201,0.61109140850919852,-0.72529404221250482,-0.29332862569750673,0.8442074613406958,-0.54120400194915375,0.38394352782494584,-0.47804851589998432,-0.57785060011143508,-0.56144431636114966,-0.6621724234513866,-0.054110973357725724,-0.4950168553000589,0.17179161562863909,0.81410556000000001,0.55796100638692914,0.4285086933503493,-0.66061073217335675,0.34580944013350584,-0.66029114698462454,-0.33338545815791304,-0.11921408025792406,0.20196769276739385,-0.26087409910066528,0.59979135213880541,0.45295160486363045,0.54706576819864416,-0.35504765597648563,0.65952165292483156
-0.12113610892878579,0.18371197899187741,-0.60753926013253845,0.1604916111539581,0.0163555290532994,-0.70463246474008467,1.0,0.78575375082472765,0.26489813926585226,0.55233296542023358,-0.51932654526785527,-0.015583128209682995,0.51264068164917287,0.068073229021823112,-0.87108388551106775,0.67020695639573891,0.34451617025669057,0.9161473480690594,-0.074334820974977206,0.34131017523769924,0.022466147761038113,-0.26412060544586202,0.4024055841848706,0.22467860136954076,-0.25399329999999998,0.093451528293382435,-0.3566048657845865,0.65325677019785389,0.3094631455584218,0.007354601840855346,0.27035660239061254,0.71479905378287567,-0.82270064357549888,0.67468335015356895,-0.59300668968630288,0.12640390826783188,0.15919414892592254,0.48032220849323537,-0.42863198973993244
-0.036555758476710498,0.2303558995007105,-0.50612292357802735,0.23011343663107908,-0.29162775041626349,-0.73364037212054223,0.78575375082472765,1.0,0.4926027867123019,0.14410164259470676,-0.50528507463061534,-0.37636814342221658,0.68098805720563216,0.036427529449994916,-0.726337683054882,0.67393368453496871,0.060818948898612037,0.5161468898848367,0.22504413912473481,0.50604433675738547,0.33032387876120628,0.13283449855266982,0.7262150785781345,-0.032031588984083481,-0.51062244000000001,-0.19251033490804312,-0.27676828999845604,0.64902140510059547,-0.0032992133074880442,0.27837120871398124,-0.17236434427485006,0.23484366695587577,-0.44690256957758784,0.21414928437733474,-0.57247567715547143,-0.13801827805941624,-0.21024860469229162,0.37221818746317459,-0.25794180284491114
0.65885349478497413,-0.2960381509545057,-0.20068902940017022,0.84197308214395783,-0.94308823222135607,-0.80844345066235279,0.26489813926585226,0.4926027867123019,1.0,-0.22936881264524495,-0.5549494382615533,-0.94350289622534378,0.74606239067424929,0.58416045747758094,-0.41864102163760541,0.080693432873153628,-0.66952903843322664,0.025639200678432457,0.93961622885134843,0.57864705621766754,0.76487152310673434,0.23112271793454472,0.45206548960525883,-0.28564928191051037,-0.99547532000000005,-0.70312955772103258,-0.549623948456617,0.32072644534668937,-0.48962708582185388,0.84830758016582519,0.069069572670621429,-0.34568337823081963,0.31865353916118772,-0.14234962900560327,-0.24478552776233811,-0.87290319057182386,-0.84756178332371601,0.29576245677077401,-0.39262811035529743
-0.47005576341503602,0.36100619409768675,-0.18789996952672033,-0.28470907190303052,0.357837819964411,0.015366743790832868,0.55233296542023358,0.14410164259470676,-0.22936881264524495,1.0,0.11234236379725936,0.33085213311819678,0.20450677124942634,0.33264649753477987,-0.13783451235248764,-0.10934433690092263,0.68705831909474813,0.78299098704621894,-0.41284853815982892,-0.10616481360127908,-0.6883773542068401,-0.67660496216927812,0.050879500440080057,0.62135678589622156,0.30076981999999997,0.78416800892845329,-0.4124030241159099,-0.032675123516884598,0.90581122411684811,-0.6341261974239546,0.0027549540097961665,0.84533684062375813,-0.75208284569607564,0.59038685928154555,0.22159627075795518,0.25832059429862936,0.6930213238335623,0.54850780528626031,0.28713349910031821
-0.36002325640207944,-0.0071993840617846638,0.21451885164632281,-0.67000999228021785,0.32350329614681839,0.66328957449405201,-0.51932654526785527,-0.50528507463061534,-0.5549494382615533,0.11234236379725936,1.0,0.3252838827361984,-0.28026248437669027,0.0036989866975161213,0.6653250077957199,-0.60272855429187644,0.16367847042200087,-0.30886204364948194,-0.40707351988471879,-0.28301941753993176,-0.57086417882881435,-0.31160844166719021,-0.21530455564660075,0.28859133859693564,0.58742376000000007,0.5537281567951261,0.3210512251215028,-0.48979739737361971,0.28378172905060811,-0.6417545886685565,-0.42713699116953419,0.031359926151940554,0.14485793438205558,-0.23489369843662766,0.74240378603099944,0.29642472820936427,0.46771288726562266,0.027955026525753102,0.71103435595297648
-0.63556643372367294,0.30265045757076681,0.00049764319274287567,-0.75874147171329576,0.97768761544633265,0.61109140850919852,-0.015583128209682995,-0.37636814342221658,-0.94350289622534378,0.33085213311819678,0.3252838827361984,1.0,-0.70883690983495529,-0.61723635883864536,0.14249119155559967,0.14416063179209171,0.74767733991323038,0.21645036379599916,-0.96629408073818612,-0.55958187084557276,-0.69452799816598676,-0.31074452819721327,-0.48996772177259945,0.25406163126371828,0.93647495999999997,0.6490316443561055,0.44282913631143012,-0.12257562822682301,0.51998563119709318,-0.7885024882286753,0.16638299711978091,0.53610379506173611,-0.52348518806941735,0.3438111538235768,0.012695781990821518,0.91980400164578391,0.87218482010659215,-0.23181206448608835,0.15263580547346839
0.27843657614886808,-0.1077481410737835,-0.4136983136208946,0.41933095656797409,-0.69879833133611613,-0.72529404221250482,0.51264068164917287,0.68098805720563216,0.74606239067424929,0.20450677124942634,-0.28026248437669027,-0.70883690983495529,1.0,0.55156175148531783,-0.39859945397963487,0.088287297453824937,-0.29212543306133765,0.36389217440557092,0.58932584218848161,0.55731406576204967,0.34852290606658154,-0.1263422230829763,0.69138213947541483,0.030956974459980829,-0.71613905999999994,-0.21593328441877868,-0.5617191195828134,0.32680913563416569,-0.040146029305239035,0.39765379975039433,-0.20964395894564469,0.057208092604508445,-0.094113939954987069,0.063823486453505662,-0.085179841960782113,-0.554850701803418,-0.40367047868977485,0.58091774755014702,-0.096269822001666699
0.25535197056439185,-0.016482559421923337,0.026887626813548282,0.4403699217373841,-0.60975986907567592,-0.29332862569750673,0.068073229021823112,0.036427529449994916,0.58416045747758094,0.33264649753477987,0.0036989866975161213,-0.61723635883864536,0.55156175148531783,1.0,0.071985133208929686,-0.54343440070842863,-0.22421762914916427,0.093103857050788857,0.59194298275751822,0.21034615151780653,0.060328011563271784,-0.40323470831109043,0.15553626871355761,0.24422428984415848,-0.51551860000000005,-0.015104075650542446,-0.62832867251119873,-0.21470470186405721,0.17995970262104302,0.18916929506279423,-0.16407272430583456,-0.037335358294670086,0.19025999460738238,-0.083131665020973286,0.3682422401121464,-0.74271134247524562,-0.2716499458569499,0.67493011828362326,0.17329091377191919
-0.12656681014625912,0.055612491216418591,0.6384168046446812,-0.37248813799534858,0.14490654555287266,0.8442074613406958,-0.87108388551106775,-0.726337683054882,-0.41864102163760541,-0.13783451235248764,0.6653250077957199,0.14249119155559967,-0.39859945397963487,0.071985133208929686,1.0,-0.81674396963069862,-0.02272925195840074,-0.68856215187261194,-0.12320291390492165,-0.45627931633982355,-0.39704346581004374,0.015128075775113634,-0.30216162698796151,0.07550030422102752,0.43848061999999999,0.32754422937235445,0.20487759135427233,-0.82287366631327796,0.13252228738600436,-0.34642831787645278,-0.48252979840320348,-0.45724870459063299,0.57237842678095108,-0.55691536884486148,0.81869731363045561,-0.012161657481316212,0.16104101086768449,-0.27750486562402654,0.73279241925791549
-0.037083586017116102,0.1432073024037028,-0.57462276473425633,0.054977985443875353,0.16001397942597709,-0.54120400194915375,0.67020695639573891,0.67393368453496871,0.080693432873153628,-0.10934433690092263,-0.60272855429187644,0.14416063179209171,0.088287297453824937,-0.54343440070842863,-0.81674396963069862,1.0,0.18339158308034356,0.44638030812691892,-0.16654092593114955,0.15489543574035458,0.36029065973107866,0.20504227173544531,0.20728327820041109,-0.28515704617923437,-0.14220694,-0.30360890272983876,0.092959879538679374,0.72891857911262969,-0.18506669418192742,0.22883024701256036,0.3174703663621995,0.28223242037120444,-0.52292861721505401,0.31785839050660619,-0.90861410040544466,0.3245000519264658,-0.040360777539895233,-0.05936097972230029,-0.64103378996946059
-0.79692445130438616,0.77742112837869182,-0.11942833772398767,-0.65301279952523927,0.80515455239148392,0.38394352782494584,0.34451617025669057,0.060818948898612037,-0.66952903843322664,0.68705831909474813,0.16367847042200087,0.74767733991323038,-0.29212543306133765,-0.22421762914916427,-0.02272925195840074,0.18339158308034356,1.0,0.48896747137789548,-0.79906886750833417,-0.40714330480629124,-0.73644342136571184,-0.51111882158274413,-0.2447888146498651,0.36250577209932688,0.68488126000000005,0.76529215494753688,-0.018696561355303988,-0.041284767755359761,0.86444429633064046,-0.79901601868840899,-0.15677851270375828,0.69669131322844313,-0.73747800493601234,0.35737469441984737,-0.03267496658661713,0.64870849126312413,0.87965488420667826,0.29428944208589469,0.31684532386990572
-0.23556008720155788,0.1295001000562705,-0.5296460448719047,-0.023614501401471269,0.21566683577966297,-0.47804851589998432,0.9161473480690594,0.5161468898848367,0.025639200678432457,0.78299098704621894,-0.30886204364948194,0.21645036379599916,0.36389217440557092,0.093103857050788857,-0.68856215187261194,0.44638030812691892,0.48896747137789548,1.0,-0.28692813222136138,0.15526722392038642,-0.27636401031265423,-0.45880260714201515,0.23207113379034228,0.40718896767427015,0.010637439999999998,0.38631004265096142,-0.35402549762739044,0.47176571445779791,0.54459655257663686,-0.26958822952695766,0.3482419463888084,0.90268282844362124,-0.9120547742715911,0.80139903939806312,-0.32824934269496658,0.29485819750180858,0.43171040140122552,0.44626647781886236,-0.27089570377186284
0.70358774166455473,-0.35484587236605025,0.038868613277214768,0.83048644429149421,-0.97666661980296232,-0.57785060011143508,-0.074334820974977206,0.22504413912473481,0.93961622885134843,-0.41284853815982892,-0.40707351988471879,-0.96629408073818612,0.58932584218848161,0.59194298275751822,-0.12320291390492165,-0.16654092593114955,-0.79906886750833417,-0.28692813222136138,1.0,0.50416105264884992,0.76146995542750628,0.32813023447925582,0.3218901995311913,-0.3542405365170021,-0.93688227999999996,-0.7492468703683226,-0.44543940823529787,0.10650903261770862,-0.5964193269344229,0.86637875639021278,-0.024014199431107539,-0.59718566396215944,0.61189304801530298,-0.35659771967160797,-0.041468816441931684,-0.94858307438795841,-0.9243770190871845,0.14593476537791614,-0.25244726842439114
0.14147895146031689,-0.27042563636634609,0.058839666787866826,0.55959271267683885,-0.52161594335971173,-0.56144431636114966,0.34131017523769924,0.50604433675738547,0.57864705621766754,-0.10616481360127908,-0.28301941753993176,-0.55958187084557276,0.55731406576204967,0.21034615151780653,-0.45627931633982355,0.15489543574035458,-0.40714330480629124,0.15526722392038642,0.50416105264884992,1.0,0.2966314886564882,0.27413317603886622,0.58922386739977695,0.14744949907081265,-0.57447112,-0.35830976599505876,0.026757353328585629,0.56777666595373355,-0.33904290672090848,0.40461068130477607,-0.020513847588732936,-0.008681777563313486,-0.0021960018897602069,0.34498751340474976,-0.26751208934468362,-0.33188297745103668,-0.44842908562116801,0.22072906654854313,-0.27718227096116788
0.69421770630518409,-0.36422467841651529,-0.31913587177982577,0.64187808386769962,-0.73919971049041067,-0.6621724234513866,0.022466147761038113,0.33032387876120628,0.76487152310673434,-0.6883773542068401,-0.57086417882881435,-0.69452799816598676,0.34852290606658154,0.060328011563271784,-0.39704346581004374,0.36029065973107866,-0.73644342136571184,-0.27636401031265423,0.76146995542750628,0.2966314886564882,1.0,0.47891619040208139,0.20418969499575701,-0.70953434482668487,-0.81428283999999995,-0.95658668475431474,-0.20871170601661732,0.37724396382690151,-0.82039451778251882,0.94662640692529665,0.19777660494204116,-0.58369694731378929,0.48381983150562097,-0.39973479731643141,-0.47262886489329614,-0.62978761152944229,-0.89899524712603229,-0.12709473264052956,-0.56863004175739773
0.29131301214277816,-0.27482572828816682,0.38559177357254348,0.35205724401484384,-0.26513921056820949,-0.054110973357725724,-0.26412060544586202,0.13283449855266982,0.23112271793454472,-0.67660496216927812,-0.31160844166719021,-0.31074452819721327,-0.1263422230829763,-0.40323470831109043,0.015128075775113634,0.20504227173544531,-0.51111882158274413,-0.45880260714201515,0.32813023447925582,0.27413317603886622,0.47891619040208139,1.0,0.27826938933103335,-0.42403218414685184,-0.28962768000000005,-0.5288959837082996,0.29103503122169533,0.20507856193799071,-0.65775747743500668,0.51265917969676134,-0.023613351853734966,-0.5909001773653545,0.4535657468733898,-0.26590678488305014,-0.20366056277683525,-0.14169496451645314,-0.56261016075076264,-0.73044721770570575,-0.18103539379396397
-0.032477996747966913,-0.14042686066149612,-0.19294581128334584,0.1716375525583389,-0.43003105182985346,-0.4950168553000589,0.4024055841848706,0.7262150785781345,0.45206548960525883,0.050879500440080057,-0.21530455564660075,-0.48996772177259945,0.69138213947541483,0.15553626871355761,-0.30216162698796151,0.20728327820041109,-0.2447888146498651,0.23207113379034228,0.3218901995311913,0.58922386739977695,0.20418969499575701,0.27826938933103335,1.0,0.1927359571767962,-0.44799997999999996,-0.077009574131611927,-0.020944355384021666,0.38390084682864589,-0.084109796704520429,0.2020377739382806,-0.40627684763366584,0.0073614336877968131,-0.12899038206974084,0.07924333290027126,-0.082831581677708238,-0.21599624175717422,-0.26528686494506187,0.16229689532068153,0.08031757350775208
-0.36438243279811861,0.047664662338650854,0.25580561888388759,-0.17826969726569569,0.3207573145789071,0.17179161562863909,0.22467860136954076,-0.032031588984083481,-0.28564928191051037,0.62135678589622156,0.28859133859693564,0.25406163126371828,0.030956974459980829,0.24422428984415848,0.07550030422102752,-0.28515704617923437,0.36250577209932688,0.40718896767427015,-0.3542405365170021,0.14744949907081265,-0.70953434482668487,-0.42403218414685184,0.1927359571767962,1.0,0.3435732600000001,0.67922624537976672,0.13541271703959923,-0.25820063503869145,0.56874494359173167,-0.58382279599645071,-0.058656912129503448,0.53363222096239815,-0.45574773480120057,0.58938474077306857,0.28446599533467876,0.28907892062940516,0.53199766388807235,0.29497476846764537,0.28026529008651502
-0.67050330000000002,0.29146880000000008,0.2082483799999999,-0.84388927999999996,0.93452581999999995,0.81410556000000001,-0.25399329999999998,-0.51062244000000001,-0.99547532000000005,0.30076981999999997,0.58742376000000007,0.93647495999999997,-0.71613905999999994,-0.51551860000000005,0.43848061999999999,-0.14220694,0.68488126000000005,0.010637439999999998,-0.93688227999999996,-0.57447112,-0.81428283999999995,-0.28962768000000005,-0.44799997999999996,0.3435732600000001,1.0,0.75720198000000005,0.5069979200000001,-0.34980440000000002,0.54739668000000008,-0.88525421999999998,-0.075578299999999987,0.38768281999999998,-0.33757188000000005,0.17173583999999997,0.30564021999999991,0.85500167999999999,0.87845749999999989,-0.24557461999999997,0.43233257999999997
-0.70692238588620693,0.38735620982013813,0.12035295210330414,-0.70692607346590908,0.6929590198197203,0.55796100638692914,0.093451528293382435,-0.19251033490804312,-0.70312955772103258,0.78416800892845329,0.5537281567951261,0.6490316443561055,-0.21593328441877868,-0.015104075650542446,0.32754422937235445,-0.30360890272983876,0.76529215494753688,0.38631004265096142,-0.7492468703683226,-0.35830976599505876,-0.95658668475431474,-0.5288959837082996,-0.077009574131611927,0.67922624537976672,0.75720198000000005,1.0,0.069073220533778831,-0.34539084949325743,0.89679640117888637,-0.94904174383982542,-0.25794499177408486,0.65117136146929278,-0.56282207341679513,0.35150480384127269,0.49392535402533438,0.59033522721637011,0.91607499431393014,0.19986219721532442,0.63107575199430888
-0.27035123885156559,-0.20314826639009792,0.30507836678333972,-0.35899623325537638,0.44604941038241941,0.4285086933503493,-0.3566048657845865,-0.27676828999845604,-0.549623948456617,-0.4124030241159099,0.3210512251215028,0.44282913631143012,-0.5617191195828134,-0.62832867251119873,0.20487759135427233,0.092959879538679374,-0.018696561355303988,-0.35402549762739044,-0.44543940823529787,0.026757353328585629,-0.20871170601661732,0.29103503122169533,-0.020944355384021666,0.13541271703959923,0.5069979200000001,0.069073220533778831,1.0,0.0276971991087426,-0.26358630934715566,-0.26737767654658101,-0.040893260502000921,-0.12595686866304109,0.074908496391123208,0.037855092445881547,-0.06979006009051536,0.58406874539831988,0.20241745625242671,-0.49051356092943987,0.001809417107115327
-0.085172771039438627,-0.072615420231240291,-0.5153400142614154,0.23171725676477725,-0.15020803330617541,-0.66061073217335675,0.65325677019785389,0.64902140510059547,0.32072644534668937,-0.032675123516884598,-0.48979739737361971,-0.12257562822682301,0.32680913563416569,-0.21470470186405721,-0.82287366631327796,0.72891857911262969,-0.041284767755359761,0.47176571445779791,0.10650903261770862,0.56777666595373355,0.37724396382690151,0.20507856193799071,0.38390084682864589,-0.25820063503869145,-0.34980440000000002,-0.34539084949325743,0.0276971991087426,1.0,-0.22387521895216994,0.29433358940233562,0.23377190111265839,0.32659939126777521,-0.40757525098147601,0.40319334595045231,-0.66862456489894628,0.08434543067581389,-0.17450428338857429,0.13524760356687143,-0.55660344815761165
-0.7075408566521777,0.62107437385475617,-0.06024183892573149,-0.55667824440717151,0.56467424665821153,0.34580944013350584,0.3094631455584218,-0.0032992133074880442,-0.48962708582185388,0.90581122411684811,0.28378172905060811,0.51998563119709318,-0.040146029305239035,0.17995970262104302,0.13252228738600436,-0.18506669418192742,0.86444429633064046,0.54459655257663686,-0.5964193269344229,-0.33904290672090848,-0.82039451778251882,-0.65775747743500668,-0.084109796704520429,0.56874494359173167,0.54739668000000008,0.89679640117888637,-0.26358630934715566,-0.22387521895216994,1.0,-0.81570353897753489,-0.25518598743393639,0.71688061354530197,-0.65082470808817805,0.35299349255967893,0.33411640930149461,0.38832715488968744,0.83745981215075127,0.46323030283212124,0.53680293804473489
0.80380201056653777,-0.41604185475903172,-0.10156992315094834,0.83634221338544701,-0.81732802935011173,-0.66029114698462454,0.007354601840855346,0.27837120871398124,0.84830758016582519,-0.6341261974239546,-0.6417545886685565,-0.7885024882286753,0.39765379975039433,0.18916929506279423,-0.34642831787645278,0.22883024701256036,-0.79901601868840899,-0.26958822952695766,0.86637875639021278,0.40461068130477607,0.94662640692529665,0.51265917969676134,0.2020377739382806,-0.58382279599645071,-0.88525421999999998,-0.94904174383982542,-0.26737767654658101,0.29433358940233562,-0.81570353897753489,1.0,0.26366628966754546,-0.6124603353411886,0.5277006204016822,-0.29678491014299124,-0.42594196431865339,-0.72894087098489668,-0.96304563214294447,-0.1293675355891421,-0.60458420066297736
0.47734096036703866,-0.49026015963216685,-0.15943297081655916,0.3936915343302369,0.079173361828336869,-0.33338545815791304,0.27035660239061254,-0.17236434427485006,0.069069572670621429,0.0027549540097961665,-0.42713699116953419,0.16638299711978091,-0.20964395894564469,-0.16407272430583456,-0.48252979840320348,0.3174703663621995,-0.15677851270375828,0.3482419463888084,-0.024014199431107539,-0.020513847588732936,0.19777660494204116,-0.023613351853734966,-0.40627684763366584,-0.058656912129503448,-0.075578299999999987,-0.25794499177408486,-0.040893260502000921,0.23377190111265839,-0.25518598743393639,0.26366628966754546,1.0,0.2670443416891996,-0.21851053450282698,0.53688926666608716,-0.44699441256595224,0.13574230737599682,-0.077119336052715218,-0.25301387570904132,-0.78697666042211545
-0.52057593618851994,0.22232491607193422,-0.40498491617852989,-0.35126115372804362,0.52916021832173998,-0.11921408025792406,0.71479905378287567,0.23484366695587577,-0.34568337823081963,0.84533684062375813,0.031359926151940554,0.53610379506173611,0.057208092604508445,-0.037335358294670086,-0.45724870459063299,0.28223242037120444,0.69669131322844313,0.90268282844362124,-0.59718566396215944,-0.008681777563313486,-0.58369694731378929,-0.5909001773653545,0.0073614336877968131,0.53363222096239815,0.38768281999999998,0.65117136146929278,-0.12595686866304109,0.32659939126777521,0.71688061354530197,-0.6124603353411886,0.2670443416891996,1.0,-0.93947733537862999,0.80667977113861278,-0.12578952991581482,0.56011974672999798,0.73938439352113572,0.40087595415406718,-0.041990428170040672
0.50994970251922878,-0.34100057958734753,0.44941989054300957,0.32830370814573268,-0.55298172013766345,0.20196769276739385,-0.82270064357549888,-0.44690256957758784,0.31865353916118772,-0.75208284569607564,0.14485793438205558,-0.52348518806941735,-0.094113939954987069,0.19025999460738238,0.57237842678095108,-0.52292861721505401,-0.73747800493601234,-0.9120547742715911,0.61189304801530298,-0.0021960018897602069,0.48381983150562097,0.4535657468733898,-0.12899038206974084,-0.45574773480120057,-0.33757188000000005,-0.56282207341679513,0.074908496391123208,-0.40757525098147601,-0.65082470808817805,0.5277006204016822,-0.21851053450282698,-0.93947733537862999,1.0,-0.77448424420762818,0.35751726348363233,-0.60616742542289559,-0.68069605318120163,-0.34670911697138551,0.14137007553882203
-0.20648167137080353,-0.097342092038317035,-0.095775582840983253,0.082546805087609143,0.34420336137248542,-0.26087409910066528,0.67468335015356895,0.21414928437733474,-0.14234962900560327,0.59038685928154555,-0.23489369843662766,0.3438111538235768,0.063823486453505662,-0.083131665020973286,-0.55691536884486148,0.31785839050660619,0.35737469441984737,0.80139903939806312,-0.35659771967160797,0.34498751340474976,-0.39973479731643141,-0.26590678488305014,0.07924333290027126,0.58938474077306857,0.17173583999999997,0.35150480384127269,0.037855092445881547,0.40319334595045231,0.35299349255967893,-0.29678491014299124,0.53688926666608716,0.80667977113861278,-0.77448424420762818,1.0,-0.3177135995520195,0.44806691668855703,0.42429727805576362,0.15489046715451077,-0.37848907860204156
-0.16644668887717354,-0.098273826598131941,0.40151005231578435,-0.35057814187806363,-0.0088055039010811274,0.59979135213880541,-0.59300668968630288,-0.57247567715547143,-0.24478552776233811,0.22159627075795518,0.74240378603099944,0.012695781990821518,-0.085179841960782113,0.3682422401121464,0.81869731363045561,-0.90861410040544466,-0.03267496658661713,-0.32824934269496658,-0.041468816441931684,-0.26751208934468362,-0.47262886489329614,-0.20366056277683525,-0.082831581677708238,0.28446599533467876,0.30564021999999991,0.49392535402533438,-0.06979006009051536,-0.66862456489894628,0.33411640930149461,-0.42594196431865339,-0.44699441256595224,-0.12578952991581482,0.35751726348363233,-0.3177135995520195,1.0,-0.11370881329157871,0.23741456192651311,-0.012224559098362243,0.82033049283561399
-0.60716171132090169,0.1721872196611039,-0.047927606455947049,-0.7216044867717154,0.91498887668518369,0.45295160486363045,0.12640390826783188,-0.13801827805941624,-0.87290319057182386,0.25832059429862936,0.29642472820936427,0.91980400164578391,-0.554850701803418,-0.74271134247524562,-0.012161657481316212,0.3245000519264658,0.64870849126312413,0.29485819750180858,-0.94858307438795841,-0.33188297745103668,-0.62978761152944229,-0.14169496451645314,-0.21599624175717422,0.28907892062940516,0.85500167999999999,0.59033522721637011,0.58406874539831988,0.08434543067581389,0.38832715488968744,-0.72894087098489668,0.13574230737599682,0.56011974672999798,-0.60616742542289559,0.44806691668855703,-0.11370881329157871,1.0,0.7993999952143318,-0.29635081005443892,0.058423666582910955
-0.78022722957642821,0.4385576236937046,-0.049174543732524126,-0.80537082296850193,0.88520337539996918,0.54706576819864416,0.15919414892592254,-0.21024860469229162,-0.84756178332371601,0.6930213238335623,0.46771288726562266,0.87218482010659215,-0.40367047868977485,-0.2716499458569499,0.16104101086768449,-0.040360777539895233,0.87965488420667826,0.43171040140122552,-0.9243770190871845,-0.44842908562116801,-0.89899524712603229,-0.56261016075076264,-0.26528686494506187,0.53199766388807235,0.87845749999999989,0.91607499431393014,0.20241745625242671,-0.17450428338857429,0.83745981215075127,-0.96304563214294447,-0.077119336052715218,0.73938439352113572,-0.68069605318120163,0.42429727805576362,0.23741456192651311,0.7993999952143318,1.0,0.13666552359066603,0.42061887270734849
-0.2085848171015873,0.40604312735580206,-0.40889133928439886,0.039592750154278822,-0.20621864743670568,-0.35504765597648563,0.48032220849323537,0.37221818746317459,0.29576245677077401,0.54850780528626031,0.027955026525753102,-0.23181206448608835,0.58091774755014702,0.67493011828362326,-0.27750486562402654,-0.05936097972230029,0.29428944208589469,0.44626647781886236,0.14593476537791614,0.22072906654854313,-0.12709473264052956,-0.73044721770570575,0.16229689532068153,0.29497476846764537,-0.24557461999999997,0.19986219721532442,-0.49051356092943987,0.13524760356687143,0.46323030283212124,-0.1293675355891421,-0.25301387570904132,0.40087595415406718,-0.34670911697138551,0.15489046715451077,-0.012224559098362243,-0.29635081005443892,0.13666552359066603,1.0,0.10405762534158489
-0.54733375854744681,0.37333917286239937,0.30689704844679455,-0.60826799706551893,0.20877314261887503,0.65952165292483156,-0.42863198973993244,-0.25794180284491114,-0.39262811035529743,0.28713349910031821,0.71103435595297648,0.15263580547346839,-0.096269822001666699,0.17329091377191919,0.73279241925791549,-0.64103378996946059,0.31684532386990572,-0.27089570377186284,-0.25244726842439114,-0.27718227096116788,-0.56863004175739773,-0.18103539379396397,0.08031757350775208,0.28026529008651502,0.43233257999999997,0.63107575199430888,0.001809417107115327,-0.55660344815761165,0.53680293804473489,-0.60458420066297736,-0.78697666042211545,-0.041990428170040672,0.14137007553882203,-0.37848907860204156,0.82033049283561399,0.058423666582910955,0.42061887270734849,0.10405762534158489,1.0
