1.000000000000000000e+00,-3.730695160403458832e-01,4.207700872563384098e-01,2.698397599999999841e-01,7.377415756784690137e-02,9.539018902741541739e-02,5.994625683375592873e-01,2.208092020348313422e-01,2.666999061943406066e-02,-1.944396611223025706e-01,3.104294661539817521e-02,4.213804307648083558e-01,9.950425297466744534e-02,-2.545859954847967122e-01,-1.592808041052556633e-01,6.877490674058251985e-01,-4.295817518997172568e-01,-5.223328184108256833e-01,-4.312693062997015603e-01,6.918372349422041712e-02,4.617260736331751936e-02,-5.164146643351696930e-01,1.657461976476045651e-01,3.676895816664909611e-01,-6.975441034659457529e-02,5.968240704495232363e-01,-1.381368452581761552e-01,4.776042709316456469e-01,3.022179929296784362e-01,-1.501088451084038877e-01,2.008751612319928034e-02,-3.879878158917101638e-01,3.624568480070507193e-02,-6.277493880391324943e-01,-4.550693312384477829e-01,-1.062542857794150364e-01,-5.923399688184668443e-01,-4.509982266226713055e-01,1.949520312043869219e-01
-3.730695160403458832e-01,1.000000000000000000e+00,-2.394620830171171125e-02,-9.773031399999999591e-01,6.617624698197080990e-01,5.688240430961940541e-01,-8.176739484827831861e-01,-9.163284011081836988e-01,7.577630824763512685e-01,5.697610182606939189e-01,-3.512454714045438742e-01,-6.310005536461665843e-01,1.578303533380973900e-01,-7.585266395118049898e-01,-3.164234457919242183e-01,-5.438028902823702770e-01,-5.220176767410171503e-02,4.310248513442918594e-01,7.798743862498460633e-01,-8.348297286826359409e-01,-4.598573101081179781e-01,-5.165928979549911926e-01,-2.207374150779061739e-01,-5.023899002847267425e-01,4.041963577703663324e-01,-6.223743213446315536e-01,4.675296758519885687e-01,-7.288375132183889660e-01,-8.798112303646272725e-01,1.028186609481391983e-01,-7.560046840115473010e-01,5.589901549143703186e-01,-5.559174042629098089e-01,6.289875100498928395e-01,5.271263680507148885e-01,-6.553858878850531144e-02,7.648491895867965962e-01,5.987180545097717799e-01,-5.496367567023224820e-01
4.207700872563384098e-01,-2.394620830171171125e-02,1.000000000000000000e+00,-3.085840000000006356e-03,4.771934765400909773e-01,1.649774835770330059e-02,3.578313292494415543e-01,1.264753836827836042e-01,2.478409331496315704e-01,5.568480396271244803e-01,-1.977007605498534160e-01,5.236669122881245642e-01,-1.307373193177142900e-01,-3.082574560978865730e-01,-4.313643653563389302e-01,3.852102022125965530e-01,-4.917057433180739290e-01,-2.201752339665034586e-01,-1.332932036255360386e-01,-3.562825058147787299e-02,-1.346751843713224206e-01,-2.850672166660572771e-01,5.354362453495206120e-01,2.869611406651959573e-01,-2.405746615146325817e-01,4.013914143016308889e-01,-2.931771471557269582e-01,4.839632798289866256e-01,-1.844725219398524185e-01,-7.446332122007623400e-02,-3.475273012794106720e-01,-1.651928224493333097e-01,-1.898428425907857930e-01,-5.719089293157035847e-01,-2.451700252649967604e-01,2.457931387183769911e-01,-2.582815912983332240e-01,-6.845669507340732540e-01,-2.732102987526168203e-01
2.698397599999999841e-01,-9.773031399999999591e-01,-3.085840000000006356e-03,1.000000000000000000e+00,-6.450731800000000238e-01,-6.030451000000000006e-01,8.240688599999999031e-01,9.528665000000000607e-01,-7.542787600000000481e-01,-5.562030000000000030e-01,3.536729000000000678e-01,5.927576999999999430e-01,-9.253343999999996683e-02,8.244998199999999944e-01,4.203714999999998980e-01,4.974577000000000027e-01,5.631110000000005833e-02,-4.502357999999999638e-01,-7.950261800000000267e-01,8.273368199999999728e-01,4.385678399999999311e-01,5.919361400000000550e-01,2.046300999999999259e-01,4.460188400000000275e-01,-3.431566200000000233e-01,5.997685600000000061e-01,-4.238671400000000311e-01,7.097745200000000754e-01,8.644575800000000587e-01,-3.129399999999948889e-03,7.566901200000000216e-01,-5.246722600000000014e-01,6.625770200000000720e-01,-5.812782599999999356e-01,-5.561458400000000024e-01,1.515131999999996815e-02,-7.294944599999999557e-01,-5.907431000000000765e-01,6.124411999999999079e-01
7.377415756784690137e-02,6.617624698197080990e-01,4.771934765400909773e-01,-6.450731800000000238e-01,1.000000000000000000e+00,3.180050615186826857e-01,-2.022234939371555240e-01,-4.252750417154756435e-01,7.395230412081298388e-01,4.975944046706474166e-01,-6.410713939366976533e-01,-4.076618997325129334e-02,3.152594085889230957e-01,-7.890500321097519976e-01,-9.297805517679533227e-02,3.911440284002767886e-03,-6.686134826562558642e-01,-2.228699317359567889e-01,2.874618231761082443e-01,-7.990171194709092539e-01,-7.809718788742916473e-01,-5.884908856452062409e-01,-2.384812604567391747e-01,-8.938917843779277395e-02,5.300876696465396387e-01,1.968398970400850670e-02,3.325264984223780251e-01,-6.249853338951935622e-02,-8.452431668973711121e-01,4.820571649461571351e-01,-9.436974559008117769e-01,1.582917090152762551e-01,-1.447578446032647126e-01,-3.757517143520605618e-02,-1.681856840592187430e-01,-3.627389922003452227e-01,4.362642404733150236e-01,-3.288895473587675339e-02,-2.823706100265046537e-01
9.539018902741541739e-02,5.688240430961940541e-01,1.649774835770330059e-02,-6.030451000000000006e-01,3.180050615186826857e-01,1.000000000000000000e+00,-3.549683941145443389e-01,-6.753443544499310169e-01,8.278012936005867406e-01,3.197448534163347400e-01,-1.053839627246731386e-01,-3.835882498365274507e-01,-2.033230089454072381e-02,-6.901578345160466199e-01,-3.270185178294778283e-01,1.395886649624481779e-01,2.805423282480175584e-01,9.440821126882387171e-02,1.503009187811263914e-01,-6.595645819217489381e-01,-2.659781135218892145e-01,-8.197307681612880925e-01,1.552952828507461469e-01,-5.919089499245213520e-02,1.218942223275296666e-01,-8.357592567855513799e-02,7.648017649246845462e-01,-5.337903003891986131e-01,-3.369057237455160281e-01,-1.235664988548654253e-01,-4.332573638530185511e-01,-6.744102631938082848e-02,-5.223520990238675887e-01,2.984328751828441151e-01,2.183075788692737662e-01,2.483340151635419490e-01,2.522425966468731517e-01,2.614953511116068774e-01,-1.576951821095058659e-01
5.994625683375592873e-01,-8.176739484827831861e-01,3.578313292494415543e-01,8.240688599999999031e-01,-2.022234939371555240e-01,-3.549683941145443389e-01,1.000000000000000000e+00,8.576922562645614700e-01,-3.596569500446445411e-01,-4.420919994949072951e-01,1.268115650496066948e-01,7.811401465250290554e-01,1.189216040239306632e-01,3.873455043331047176e-01,3.707666833684147845e-01,8.369676849496070492e-01,-3.327093525837162002e-01,-7.811371568277696298e-01,-8.903514286840740199e-01,4.730535254325371475e-01,4.384281635960324275e-02,1.481929542418150281e-01,1.926373945854701342e-01,6.791599339273248770e-01,-1.729695520759822192e-01,9.021504792556434005e-01,-2.312224245454883309e-01,8.869014735800571092e-01,6.171322118437791993e-01,1.861093303857292158e-01,3.382307075358052528e-01,-7.514043099926391855e-01,5.758519122416014824e-01,-8.585401468155973159e-01,-8.446428026152911217e-01,-1.155443878987358897e-01,-7.576996024859384837e-01,-8.069964539413885252e-01,6.219085090557151529e-01
2.208092020348313422e-01,-9.163284011081836988e-01,1.264753836827836042e-01,9.528665000000000607e-01,-4.252750417154756435e-01,-6.753443544499310169e-01,8.576922562645614700e-01,1.000000000000000000e+00,-6.787453260547013922e-01,-4.931089979283058700e-01,1.273478887256642433e-01,7.147841137521098176e-01,-2.765126316913462182e-02,7.522135242462553162e-01,5.002379837614168157e-01,5.304020664159483367e-01,-1.480639305894742574e-01,-5.744106139609060913e-01,-8.062436763443905363e-01,7.272176218364846401e-01,2.085158461008285169e-01,6.012508895404329312e-01,1.034263901703324079e-01,5.194983077335389998e-01,-2.308103404584687657e-01,6.845644076737401607e-01,-4.281854998261270806e-01,8.319350679644729185e-01,6.908124674185093239e-01,1.827105092690358978e-01,5.584153415229988759e-01,-5.591492345061320757e-01,7.320356349568604148e-01,-6.879785577447167233e-01,-6.949370936368871599e-01,-9.807822740584916377e-02,-6.343249870905989241e-01,-6.892854481666644828e-01,5.934449670818612299e-01
2.666999061943406066e-02,7.577630824763512685e-01,2.478409331496315704e-01,-7.542787600000000481e-01,7.395230412081298388e-01,8.278012936005867406e-01,-3.596569500446445411e-01,-6.787453260547013922e-01,1.000000000000000000e+00,4.833862599655723846e-01,-4.407903019119354671e-01,-2.790157119913708184e-01,1.769062773566427993e-01,-8.476347432794359982e-01,-2.099727016515055278e-01,7.308453659202203412e-02,-1.450842044771575301e-01,-6.359905345013022737e-02,2.637135358033096955e-01,-8.669643212871944726e-01,-6.225957404141198026e-01,-8.127641889770604866e-01,-3.350562788386510921e-02,-9.544026581352285654e-02,4.542087688136309254e-01,-6.191449500347705887e-02,6.954462267616133841e-01,-3.923966292498001773e-01,-6.879056240896646024e-01,1.906767372787779580e-01,-8.103007409076579126e-01,4.412036045627128200e-02,-4.141453358511092975e-01,1.969863369560082844e-01,5.968595820711175559e-02,-2.674378188835256631e-02,4.698951166165002413e-01,1.483405705948229736e-01,-2.346671664910562893e-01
-1.944396611223025706e-01,5.697610182606939189e-01,5.568480396271244803e-01,-5.562030000000000030e-01,4.975944046706474166e-01,3.197448534163347400e-01,-4.420919994949072951e-01,-4.931089979283058700e-01,4.833862599655723846e-01,1.000000000000000000e+00,-1.120761436049014792e-01,-2.282546267861589873e-01,-3.553743063579473671e-01,-4.239852816458618001e-01,-6.749170894233260665e-01,-3.507628186825365590e-01,3.247087017609145976e-02,5.120650257594339116e-01,5.225193593723818086e-01,-3.160522536336853872e-01,2.259611683137019433e-02,-2.818133668324895869e-01,5.213362889456522042e-01,-4.272884122483689984e-01,-1.745209700843171619e-01,-3.990782859202195998e-01,-3.031431606852008631e-02,-3.374490343702947204e-01,-5.074197308591059663e-01,-2.427394591731348861e-01,-4.342356114119256816e-01,4.853516290518650744e-01,-5.236229069877436082e-01,2.563690799397024267e-01,4.938002924911895630e-01,4.341600358343218335e-01,3.882773009837331979e-01,-3.634456739873185432e-02,-7.085020734498073125e-01
3.104294661539817521e-02,-3.512454714045438742e-01,-1.977007605498534160e-01,3.536729000000000678e-01,-6.410713939366976533e-01,-1.053839627246731386e-01,1.268115650496066948e-01,1.273478887256642433e-01,-4.407903019119354671e-01,-1.120761436049014792e-01,1.000000000000000000e+00,-2.116205587421104151e-01,-1.770824457102987970e-01,4.238875588408116957e-01,-1.448611630897697067e-01,-9.244297168975007528e-02,4.565088021535805840e-01,3.202359057378628693e-01,-5.403554210595805374e-02,4.342655127625080769e-01,7.317912547337244167e-01,2.637663616204941053e-01,4.507548913086684705e-01,-1.416264109938699667e-01,-4.649275046037539272e-01,-1.605786337681985032e-01,-1.479644804817200621e-01,-1.320893041854872552e-01,5.796808662369623555e-01,-3.348621593579381717e-01,6.794650823205192758e-01,2.409190202135359782e-02,-4.604482790362050999e-03,1.938207425018546037e-01,2.571385359947214733e-01,2.976314991141818522e-01,-4.433728508323939721e-01,1.741726869424056051e-02,1.419615784182168827e-01
4.213804307648083558e-01,-6.310005536461665843e-01,5.236669122881245642e-01,5.927576999999999430e-01,-4.076618997325129334e-02,-3.835882498365274507e-01,7.811401465250290554e-01,7.147841137521098176e-01,-2.790157119913708184e-01,-2.282546267861589873e-01,-2.116205587421104151e-01,1.000000000000000000e+00,2.767084728351201089e-02,2.535148965850191893e-01,8.758583220860527430e-02,7.355424031748537539e-01,-4.023645362135936376e-01,-5.779379794436707574e-01,-7.002372201306791277e-01,4.676277617004225284e-01,-1.553567128743222059e-01,1.777871192520197596e-01,1.092238682162962882e-01,8.512896976584459763e-01,-2.885301690227163873e-01,8.469661615420515099e-01,-4.626312956383530905e-01,9.509613503241778343e-01,3.315510311564504597e-01,-3.897364616158395523e-02,5.780904803661848085e-02,-7.145432691468096564e-01,2.012607597392384318e-01,-9.638378955523626557e-01,-6.687858214348845198e-01,1.677140189562747463e-01,-4.643742288547455521e-01,-8.706434613496427666e-01,1.461920653577754858e-01
9.950425297466744534e-02,1.578303533380973900e-01,-1.307373193177142900e-01,-9.253343999999996683e-02,3.152594085889230957e-01,-2.033230089454072381e-02,1.189216040239306632e-01,-2.765126316913462182e-02,1.769062773566427993e-01,-3.553743063579473671e-01,-1.770824457102987970e-01,2.767084728351201089e-02,1.000000000000000000e+00,-2.037738522347836423e-01,3.255106698977516255e-01,9.960232578565189621e-02,-5.606400595788820773e-01,-4.148048878231673231e-01,-1.115393201924582134e-01,-3.066159924860959451e-01,-5.088957759319023832e-01,-1.717850156949572160e-01,-5.248431888064688522e-01,1.320577517819036817e-01,5.416676632109498346e-01,1.755775956030061480e-01,2.201120851407541434e-01,8.760982508018466675e-02,-2.712677423410393973e-01,4.785995072689660512e-01,-3.638798211569725938e-01,-6.071575333447132294e-02,2.543203894618292216e-01,-1.055065459922251980e-01,-3.697423746315097182e-01,-5.255278705933619232e-01,-3.525166075280995043e-02,7.066486348677028517e-02,2.284262905100041818e-01
-2.545859954847967122e-01,-7.585266395118049898e-01,-3.082574560978865730e-01,8.244998199999999944e-01,-7.890500321097519976e-01,-6.901578345160466199e-01,3.873455043331047176e-01,7.522135242462553162e-01,-8.476347432794359982e-01,-4.239852816458618001e-01,4.238875588408116957e-01,2.535148965850191893e-01,-2.037738522347836423e-01,1.000000000000000000e+00,3.884185098014787951e-01,-2.287155053466265187e-02,3.696803825403502386e-01,7.465065524923867289e-03,-4.346698341492121198e-01,8.739748373927277436e-01,5.901289751223849356e-01,8.970675858013357207e-01,1.297581064883353563e-01,8.908476642551489688e-02,-3.493518048179419799e-01,1.133123682392942200e-01,-4.712899810429810876e-01,3.381635771200569018e-01,7.461538302326340411e-01,-1.039352913460625250e-01,8.375686715093670909e-01,-1.347016969138122577e-01,5.584493413810892593e-01,-1.322792459022019140e-01,-1.244541176300887342e-01,1.333510024114348269e-01,-3.871420451779732930e-01,-2.378233348002242731e-01,3.861645510726185448e-01
-1.592808041052556633e-01,-3.164234457919242183e-01,-4.313643653563389302e-01,4.203714999999998980e-01,-9.297805517679533227e-02,-3.270185178294778283e-01,3.707666833684147845e-01,5.002379837614168157e-01,-2.099727016515055278e-01,-6.749170894233260665e-01,-1.448611630897697067e-01,8.758583220860527430e-02,3.255106698977516255e-01,3.884185098014787951e-01,1.000000000000000000e+00,2.074210772349664444e-01,-1.314418157403312304e-01,-6.195138295590139066e-01,-4.485373841323476163e-01,1.110854928324667666e-02,-3.167153962765784647e-01,3.646460326194459478e-01,-5.388745563247981929e-01,1.567383413556569516e-01,5.026131616204975172e-01,3.179568935788307238e-01,3.002748157165422982e-01,2.623147897693148822e-01,2.092884066486501993e-01,7.583474117740915954e-01,1.508268887962491700e-01,-3.528250670699911162e-01,8.269524811927254637e-01,-9.335315377785524671e-02,-6.298993068623606195e-01,-6.947558881429879429e-01,-9.794489092084351922e-02,1.192820332075546046e-02,8.338453110758922149e-01
6.877490674058251985e-01,-5.438028902823702770e-01,3.852102022125965530e-01,4.974577000000000027e-01,3.911440284002767886e-03,1.395886649624481779e-01,8.369676849496070492e-01,5.304020664159483367e-01,7.308453659202203412e-02,-3.507628186825365590e-01,-9.244297168975007528e-02,7.355424031748537539e-01,9.960232578565189621e-02,-2.287155053466265187e-02,2.074210772349664444e-01,1.000000000000000000e+00,-2.622644672244446862e-01,-8.020976383710045621e-01,-8.455747002592709505e-01,1.248347321954464823e-01,-2.268137912487508401e-01,-2.960569756201558711e-01,1.581503646165274835e-01,8.184663187428530273e-01,-1.054604871248047693e-01,9.606701568978469608e-01,1.171367274554744875e-01,7.259499879385739041e-01,4.035756232315630410e-01,1.084267630196244919e-01,2.917287832345855092e-02,-9.067533196524848460e-01,2.416977449549999324e-01,-8.356137112336121664e-01,-8.000973928086041465e-01,1.587077110260395191e-02,-5.902976763365542778e-01,-7.198685092368026783e-01,4.958386142827078680e-01
-4.295817518997172568e-01,-5.220176767410171503e-02,-4.917057433180739290e-01,5.631110000000005833e-02,-6.686134826562558642e-01,2.805423282480175584e-01,-3.327093525837162002e-01,-1.480639305894742574e-01,-1.450842044771575301e-01,3.247087017609145976e-02,4.565088021535805840e-01,-4.023645362135936376e-01,-5.606400595788820773e-01,3.696803825403502386e-01,-1.314418157403312304e-01,-2.622644672244446862e-01,1.000000000000000000e+00,5.697807963006515930e-01,1.059264297845110281e-01,2.760680831680748515e-01,5.919236089502508680e-01,2.381061514114306554e-01,3.726211181608496958e-01,-2.435208169393474065e-01,-4.592226602661064194e-01,-3.891905225563327964e-01,1.709304984518631443e-01,-4.950691833809726661e-01,4.089670132410265224e-01,-4.922797120403096804e-01,5.651609065767466689e-01,6.714071924848183381e-02,-2.459752996551504700e-01,5.116418983426166411e-01,5.545206032828358111e-01,5.800902613456137003e-01,5.293133609652025950e-02,3.582936704547310391e-01,-2.089205764653147279e-02
-5.223328184108256833e-01,4.310248513442918594e-01,-2.201752339665034586e-01,-4.502357999999999638e-01,-2.228699317359567889e-01,9.440821126882387171e-02,-7.811371568277696298e-01,-5.744106139609060913e-01,-6.359905345013022737e-02,5.120650257594339116e-01,3.202359057378628693e-01,-5.779379794436707574e-01,-4.148048878231673231e-01,7.465065524923867289e-03,-6.195138295590139066e-01,-8.020976383710045621e-01,5.697807963006515930e-01,1.000000000000000000e+00,7.630764636153074543e-01,6.066248468153769002e-02,4.963622871189374841e-01,1.617855343890598208e-01,2.556352185717691849e-01,-6.153097529929825171e-01,-3.824107400168381687e-01,-8.610432538260002211e-01,-2.127633413335468238e-01,-6.910707685656584109e-01,-1.730406627726078783e-01,-6.037812867064568101e-01,1.301421922173846557e-01,7.053986457887694295e-01,-6.332599261574943794e-01,7.010876113790015518e-01,9.749413256413488327e-01,5.379152409910145094e-01,4.182443671214587932e-01,5.400011331447691632e-01,-7.195452314838983732e-01
-4.312693062997015603e-01,7.798743862498460633e-01,-1.332932036255360386e-01,-7.950261800000000267e-01,2.874618231761082443e-01,1.503009187811263914e-01,-8.903514286840740199e-01,-8.062436763443905363e-01,2.637135358033096955e-01,5.225193593723818086e-01,-5.403554210595805374e-02,-7.002372201306791277e-01,-1.115393201924582134e-01,-4.346698341492121198e-01,-4.485373841323476163e-01,-8.455747002592709505e-01,1.059264297845110281e-01,7.630764636153074543e-01,1.000000000000000000e+00,-4.424074363655363107e-01,2.264932951329899635e-02,-1.285264681380900720e-01,-8.600478756094964705e-02,-7.157151583210114021e-01,9.242351470256056356e-02,-8.982082412312866193e-01,-1.104977639507587553e-02,-7.331305907219483053e-01,-6.213392835363913402e-01,-1.721089543154564749e-01,-3.391746389991524557e-01,8.128872346050414199e-01,-5.930324798347407222e-01,7.432757633416962051e-01,8.219917292051652780e-01,1.862594304460880867e-02,6.261901353752935551e-01,7.271149023284571022e-01,-6.613193781859236786e-01
6.918372349422041712e-02,-8.348297286826359409e-01,-3.562825058147787299e-02,8.273368199999999728e-01,-7.990171194709092539e-01,-6.595645819217489381e-01,4.730535254325371475e-01,7.272176218364846401e-01,-8.669643212871944726e-01,-3.160522536336853872e-01,4.342655127625080769e-01,4.676277617004225284e-01,-3.066159924860959451e-01,8.739748373927277436e-01,1.110854928324667666e-02,1.248347321954464823e-01,2.760680831680748515e-01,6.066248468153769002e-02,-4.424074363655363107e-01,1.000000000000000000e+00,7.117740708260937854e-01,7.263047491638863207e-01,3.179930542656627113e-01,2.482428104067405383e-01,-5.950520380855754965e-01,2.249002045741506917e-01,-7.385088296915527373e-01,4.898354525938681814e-01,7.982253272627652940e-01,-4.615637334418230542e-01,8.287535030495806199e-01,-1.778037408419869680e-01,2.787796260375229873e-01,-3.715830587795702078e-01,-6.111035206525639030e-02,3.836423110921917123e-01,-5.286951296920263665e-01,-4.261192041247153783e-01,1.299448082702688301e-01
4.617260736331751936e-02,-4.598573101081179781e-01,-1.346751843713224206e-01,4.385678399999999311e-01,-7.809718788742916473e-01,-2.659781135218892145e-01,4.384281635960324275e-02,2.085158461008285169e-01,-6.225957404141198026e-01,2.259611683137019433e-02,7.317912547337244167e-01,-1.553567128743222059e-01,-5.088957759319023832e-01,5.901289751223849356e-01,-3.167153962765784647e-01,-2.268137912487508401e-01,5.919236089502508680e-01,4.963622871189374841e-01,2.264932951329899635e-02,7.117740708260937854e-01,1.000000000000000000e+00,4.166210842403806347e-01,5.942140013415748712e-01,-3.115539098531455164e-01,-6.499641813057847051e-01,-2.789710526181022887e-01,-4.890030901127457863e-01,-1.078470166947599618e-01,6.887775489455323363e-01,-6.467254323965079266e-01,8.482572276651701992e-01,2.461267128148405536e-01,-4.098197720529145327e-02,1.782930671039092696e-01,4.441693588517449109e-01,4.714743904621553350e-01,-4.194753863127806959e-01,2.779889750196311293e-02,-4.865312422344933441e-02
-5.164146643351696930e-01,-5.165928979549911926e-01,-2.850672166660572771e-01,5.919361400000000550e-01,-5.884908856452062409e-01,-8.197307681612880925e-01,1.481929542418150281e-01,6.012508895404329312e-01,-8.127641889770604866e-01,-2.818133668324895869e-01,2.637663616204941053e-01,1.777871192520197596e-01,-1.717850156949572160e-01,8.970675858013357207e-01,3.646460326194459478e-01,-2.960569756201558711e-01,2.381061514114306554e-01,1.617855343890598208e-01,-1.285264681380900720e-01,7.263047491638863207e-01,4.166210842403806347e-01,1.000000000000000000e+00,-2.125740919846151253e-02,-1.939804600652427630e-02,-2.649126594372175347e-01,-1.047363868129200237e-01,-5.503823125255478121e-01,2.581646489324328497e-01,4.361390768187945466e-01,1.487614963685202248e-02,6.238999432007001911e-01,6.432535646062104151e-02,4.514342915975531612e-01,1.203828631008208028e-03,1.617859987495873231e-02,4.253208796433481653e-02,-1.195893432879085172e-01,-8.970954983995277354e-02,1.808184703363970025e-01
1.657461976476045651e-01,-2.207374150779061739e-01,5.354362453495206120e-01,2.046300999999999259e-01,-2.384812604567391747e-01,1.552952828507461469e-01,1.926373945854701342e-01,1.034263901703324079e-01,-3.350562788386510921e-02,5.213362889456522042e-01,4.507548913086684705e-01,1.092238682162962882e-01,-5.248431888064688522e-01,1.297581064883353563e-01,-5.388745563247981929e-01,1.581503646165274835e-01,3.726211181608496958e-01,2.556352185717691849e-01,-8.600478756094964705e-02,3.179930542656627113e-01,5.942140013415748712e-01,-2.125740919846151253e-02,1.000000000000000000e+00,-2.862518156849678738e-02,-7.011767958405811241e-01,5.534666608904018070e-02,-2.106359451158614782e-01,7.396777983481372942e-02,3.668299580968400475e-01,-4.869169371766745025e-01,3.503788769642540712e-01,-6.378399596163625285e-02,-2.666903474597497326e-01,-1.127592108926075420e-01,2.111316346845832914e-01,6.720908659665812968e-01,-4.301293083921136073e-01,-3.775822371539804823e-01,-1.497550250888027845e-01
3.676895816664909611e-01,-5.023899002847267425e-01,2.869611406651959573e-01,4.460188400000000275e-01,-8.938917843779277395e-02,-5.919089499245213520e-02,6.791599339273248770e-01,5.194983077335389998e-01,-9.544026581352285654e-02,-4.272884122483689984e-01,-1.416264109938699667e-01,8.512896976584459763e-01,1.320577517819036817e-01,8.908476642551489688e-02,1.567383413556569516e-01,8.184663187428530273e-01,-2.435208169393474065e-01,-6.153097529929825171e-01,-7.157151583210114021e-01,2.482428104067405383e-01,-3.115539098531455164e-01,-1.939804600652427630e-02,-2.862518156849678738e-02,1.000000000000000000e+00,-2.140069789637837061e-01,8.578226888958272456e-01,-8.864070887968072965e-02,7.627114721388348340e-01,2.782274597626234192e-01,1.192605187288101574e-02,2.393262322312399160e-03,-8.969391433186812979e-01,7.204837274066704100e-02,-8.282091846558492509e-01,-6.582184992138286894e-01,1.595542996367717292e-01,-3.946392200283852514e-01,-6.618772533654124768e-01,2.730821420552428380e-01
-6.975441034659457529e-02,4.041963577703663324e-01,-2.405746615146325817e-01,-3.431566200000000233e-01,5.300876696465396387e-01,1.218942223275296666e-01,-1.729695520759822192e-01,-2.308103404584687657e-01,4.542087688136309254e-01,-1.745209700843171619e-01,-4.649275046037539272e-01,-2.885301690227163873e-01,5.416676632109498346e-01,-3.493518048179419799e-01,5.026131616204975172e-01,-1.054604871248047693e-01,-4.592226602661064194e-01,-3.824107400168381687e-01,9.242351470256056356e-02,-5.950520380855754965e-01,-6.499641813057847051e-01,-2.649126594372175347e-01,-7.011767958405811241e-01,-2.140069789637837061e-01,1.000000000000000000e+00,-5.752475561452531638e-02,4.814279725574762692e-01,-1.957455443224321023e-01,-4.957913945360712948e-01,6.698920681847608805e-01,-5.478770893193791736e-01,1.835961697861868414e-01,3.502780683313767018e-01,1.968056049717844536e-01,-2.765004296391735950e-01,-7.580512440390557716e-01,4.646948481976644896e-01,2.610572579324773046e-01,2.484788025836276448e-01
5.968240704495232363e-01,-6.223743213446315536e-01,4.013914143016308889e-01,5.997685600000000061e-01,1.968398970400850670e-02,-8.357592567855513799e-02,9.021504792556434005e-01,6.845644076737401607e-01,-6.191449500347705887e-02,-3.990782859202195998e-01,-1.605786337681985032e-01,8.469661615420515099e-01,1.755775956030061480e-01,1.133123682392942200e-01,3.179568935788307238e-01,9.606701568978469608e-01,-3.891905225563327964e-01,-8.610432538260002211e-01,-8.982082412312866193e-01,2.249002045741506917e-01,-2.789710526181022887e-01,-1.047363868129200237e-01,5.534666608904018070e-02,8.578226888958272456e-01,-5.752475561452531638e-02,1.000000000000000000e+00,-1.598068494050697286e-02,8.567786778810747572e-01,3.844926758964584690e-01,2.172372952695441062e-01,3.080859976574523013e-02,-8.889533299038598901e-01,3.963739650471304055e-01,-9.146443593136770467e-01,-8.951681839465851498e-01,-6.867918405588538389e-02,-5.757757429637504476e-01,-8.071850448871521477e-01,5.140569166560435832e-01
-1.381368452581761552e-01,4.675296758519885687e-01,-2.931771471557269582e-01,-4.238671400000000311e-01,3.325264984223780251e-01,7.648017649246845462e-01,-2.312224245454883309e-01,-4.281854998261270806e-01,6.954462267616133841e-01,-3.031431606852008631e-02,-1.479644804817200621e-01,-4.626312956383530905e-01,2.201120851407541434e-01,-4.712899810429810876e-01,3.002748157165422982e-01,1.171367274554744875e-01,1.709304984518631443e-01,-2.127633413335468238e-01,-1.104977639507587553e-02,-7.385088296915527373e-01,-4.890030901127457863e-01,-5.503823125255478121e-01,-2.106359451158614782e-01,-8.864070887968072965e-02,4.814279725574762692e-01,-1.598068494050697286e-02,1.000000000000000000e+00,-4.771728376072020272e-01,-3.181934819000751258e-01,4.698011243811368587e-01,-3.843822215754889582e-01,-1.607737709318393937e-01,2.409315487929235972e-02,3.791006276537149944e-01,-1.131710468071417952e-01,-2.663911187697971528e-01,2.733354252283788921e-01,3.630974568101533739e-01,3.317906332997022645e-01
4.776042709316456469e-01,-7.288375132183889660e-01,4.839632798289866256e-01,7.097745200000000754e-01,-6.249853338951935622e-02,-5.337903003891986131e-01,8.869014735800571092e-01,8.319350679644729185e-01,-3.923966292498001773e-01,-3.374490343702947204e-01,-1.320893041854872552e-01,9.509613503241778343e-01,8.760982508018466675e-02,3.381635771200569018e-01,2.623147897693148822e-01,7.259499879385739041e-01,-4.950691833809726661e-01,-6.910707685656584109e-01,-7.331305907219483053e-01,4.898354525938681814e-01,-1.078470166947599618e-01,2.581646489324328497e-01,7.396777983481372942e-02,7.627114721388348340e-01,-1.957455443224321023e-01,8.567786778810747572e-01,-4.771728376072020272e-01,1.000000000000000000e+00,4.116172792661123014e-01,1.360845765197881141e-01,1.549519043855638600e-01,-6.838583016521950775e-01,4.227656898950368780e-01,-9.544673094811437775e-01,-7.787742230503416074e-01,-6.296989975780582782e-02,-5.742622008508758702e-01,-8.509166005799096988e-01,3.466422774472401880e-01
3.022179929296784362e-01,-8.798112303646272725e-01,-1.844725219398524185e-01,8.644575800000000587e-01,-8.452431668973711121e-01,-3.369057237455160281e-01,6.171322118437791993e-01,6.908124674185093239e-01,-6.879056240896646024e-01,-5.074197308591059663e-01,5.796808662369623555e-01,3.315510311564504597e-01,-2.712677423410393973e-01,7.461538302326340411e-01,2.092884066486501993e-01,4.035756232315630410e-01,4.089670132410265224e-01,-1.730406627726078783e-01,-6.213392835363913402e-01,7.982253272627652940e-01,6.887775489455323363e-01,4.361390768187945466e-01,3.668299580968400475e-01,2.782274597626234192e-01,-4.957913945360712948e-01,3.844926758964584690e-01,-3.181934819000751258e-01,4.116172792661123014e-01,1.000000000000000000e+00,-3.063558232151402660e-01,9.009539357781670699e-01,-4.434006754002957074e-01,3.741315087108289528e-01,-3.359464375905523714e-01,-2.396166520838415304e-01,2.305618354934521885e-01,-7.009853973590117748e-01,-3.369100825076553063e-01,5.138203874984711428e-01
-1.501088451084038877e-01,1.028186609481391983e-01,-7.446332122007623400e-02,-3.129399999999948889e-03,4.820571649461571351e-01,-1.235664988548654253e-01,1.861093303857292158e-01,1.827105092690358978e-01,1.906767372787779580e-01,-2.427394591731348861e-01,-3.348621593579381717e-01,-3.897364616158395523e-02,4.785995072689660512e-01,-1.039352913460625250e-01,7.583474117740915954e-01,1.084267630196244919e-01,-4.922797120403096804e-01,-6.037812867064568101e-01,-1.721089543154564749e-01,-4.615637334418230542e-01,-6.467254323965079266e-01,1.487614963685202248e-02,-4.869169371766745025e-01,1.192605187288101574e-02,6.698920681847608805e-01,2.172372952695441062e-01,4.698011243811368587e-01,1.360845765197881141e-01,-3.063558232151402660e-01,1.000000000000000000e+00,-3.560555721709041666e-01,-1.564703996829553134e-01,6.543700570778500092e-01,-1.959337743933420306e-02,-6.006148653998677478e-01,-8.236255404034337202e-01,9.285796765481324488e-02,2.120536894302810574e-02,5.798527457651976302e-01
2.008751612319928034e-02,-7.560046840115473010e-01,-3.475273012794106720e-01,7.566901200000000216e-01,-9.436974559008117769e-01,-4.332573638530185511e-01,3.382307075358052528e-01,5.584153415229988759e-01,-8.103007409076579126e-01,-4.342356114119256816e-01,6.794650823205192758e-01,5.780904803661848085e-02,-3.638798211569725938e-01,8.375686715093670909e-01,1.508268887962491700e-01,2.917287832345855092e-02,5.651609065767466689e-01,1.301421922173846557e-01,-3.391746389991524557e-01,8.287535030495806199e-01,8.482572276651701992e-01,6.238999432007001911e-01,3.503788769642540712e-01,2.393262322312399160e-03,-5.478770893193791736e-01,3.080859976574523013e-02,-3.843822215754889582e-01,1.549519043855638600e-01,9.009539357781670699e-01,-3.560555721709041666e-01,1.000000000000000000e+00,-1.279709406374826830e-01,3.243533093905133780e-01,-1.755503912985478809e-02,5.888757962070800822e-02,2.411374741784817755e-01,-5.699527503752467306e-01,-6.449347563867026401e-02,3.913834793969697690e-01
-3.879878158917101638e-01,5.589901549143703186e-01,-1.651928224493333097e-01,-5.246722600000000014e-01,1.582917090152762551e-01,-6.744102631938082848e-02,-7.514043099926391855e-01,-5.591492345061320757e-01,4.412036045627128200e-02,4.853516290518650744e-01,2.409190202135359782e-02,-7.145432691468096564e-01,-6.071575333447132294e-02,-1.347016969138122577e-01,-3.528250670699911162e-01,-9.067533196524848460e-01,6.714071924848183381e-02,7.053986457887694295e-01,8.128872346050414199e-01,-1.778037408419869680e-01,2.461267128148405536e-01,6.432535646062104151e-02,-6.378399596163625285e-02,-8.969391433186812979e-01,1.835961697861868414e-01,-8.889533299038598901e-01,-1.607737709318393937e-01,-6.838583016521950775e-01,-4.434006754002957074e-01,-1.564703996829553134e-01,-1.279709406374826830e-01,1.000000000000000000e+00,-2.289166016219058020e-01,7.295629291587131249e-01,7.390014061626986042e-01,-6.698345761319962621e-02,5.086136133098031475e-01,5.982829754241363318e-01,-5.504424736518226391e-01
3.624568480070507193e-02,-5.559174042629098089e-01,-1.898428425907857930e-01,6.625770200000000720e-01,-1.447578446032647126e-01,-5.223520990238675887e-01,5.758519122416014824e-01,7.320356349568604148e-01,-4.141453358511092975e-01,-5.236229069877436082e-01,-4.604482790362050999e-03,2.012607597392384318e-01,2.543203894618292216e-01,5.584493413810892593e-01,8.269524811927254637e-01,2.416977449549999324e-01,-2.459752996551504700e-01,-6.332599261574943794e-01,-5.930324798347407222e-01,2.787796260375229873e-01,-4.098197720529145327e-02,4.514342915975531612e-01,-2.666903474597497326e-01,7.204837274066704100e-02,3.502780683313767018e-01,3.963739650471304055e-01,2.409315487929235972e-02,4.227656898950368780e-01,3.741315087108289528e-01,6.543700570778500092e-01,3.243533093905133780e-01,-2.289166016219058020e-01,1.000000000000000000e+00,-2.480340417263923181e-01,-6.875129727642887989e-01,-6.236851801486774649e-01,-3.309467055093419097e-01,-2.673469409596187507e-01,7.912916594452192864e-01
-6.277493880391324943e-01,6.289875100498928395e-01,-5.719089293157035847e-01,-5.812782599999999356e-01,-3.757517143520605618e-02,2.984328751828441151e-01,-8.585401468155973159e-01,-6.879785577447167233e-01,1.969863369560082844e-01,2.563690799397024267e-01,1.938207425018546037e-01,-9.638378955523626557e-01,-1.055065459922251980e-01,-1.322792459022019140e-01,-9.335315377785524671e-02,-8.356137112336121664e-01,5.116418983426166411e-01,7.010876113790015518e-01,7.432757633416962051e-01,-3.715830587795702078e-01,1.782930671039092696e-01,1.203828631008208028e-03,-1.127592108926075420e-01,-8.282091846558492509e-01,1.968056049717844536e-01,-9.146443593136770467e-01,3.791006276537149944e-01,-9.544673094811437775e-01,-3.359464375905523714e-01,-1.959337743933420306e-02,-1.755503912985478809e-02,7.295629291587131249e-01,-2.480340417263923181e-01,1.000000000000000000e+00,7.581889900394276349e-01,-4.313540552670255823e-02,5.535297754298937889e-01,8.805416293764167790e-01,-2.359724538550143080e-01
-4.550693312384477829e-01,5.271263680507148885e-01,-2.451700252649967604e-01,-5.561458400000000024e-01,-1.681856840592187430e-01,2.183075788692737662e-01,-8.446428026152911217e-01,-6.949370936368871599e-01,5.968595820711175559e-02,4.938002924911895630e-01,2.571385359947214733e-01,-6.687858214348845198e-01,-3.697423746315097182e-01,-1.244541176300887342e-01,-6.298993068623606195e-01,-8.000973928086041465e-01,5.545206032828358111e-01,9.749413256413488327e-01,8.219917292051652780e-01,-6.111035206525639030e-02,4.441693588517449109e-01,1.617859987495873231e-02,2.111316346845832914e-01,-6.582184992138286894e-01,-2.765004296391735950e-01,-8.951681839465851498e-01,-1.131710468071417952e-01,-7.787742230503416074e-01,-2.396166520838415304e-01,-6.006148653998677478e-01,5.888757962070800822e-02,7.390014061626986042e-01,-6.875129727642887989e-01,7.581889900394276349e-01,1.000000000000000000e+00,4.726520860593422801e-01,4.547437045927456012e-01,6.414299922587400893e-01,-7.025122809685238057e-01
-1.062542857794150364e-01,-6.553858878850531144e-02,2.457931387183769911e-01,1.515131999999996815e-02,-3.627389922003452227e-01,2.483340151635419490e-01,-1.155443878987358897e-01,-9.807822740584916377e-02,-2.674378188835256631e-02,4.341600358343218335e-01,2.976314991141818522e-01,1.677140189562747463e-01,-5.255278705933619232e-01,1.333510024114348269e-01,-6.947558881429879429e-01,1.587077110260395191e-02,5.800902613456137003e-01,5.379152409910145094e-01,1.862594304460880867e-02,3.836423110921917123e-01,4.714743904621553350e-01,4.253208796433481653e-02,6.720908659665812968e-01,1.595542996367717292e-01,-7.580512440390557716e-01,-6.867918405588538389e-02,-2.663911187697971528e-01,-6.296989975780582782e-02,2.305618354934521885e-01,-8.236255404034337202e-01,2.411374741784817755e-01,-6.698345761319962621e-02,-6.236851801486774649e-01,-4.313540552670255823e-02,4.726520860593422801e-01,1.000000000000000000e+00,-5.791025446759075906e-02,-2.345591411801349890e-01,-5.355683199854895937e-01
-5.923399688184668443e-01,7.648491895867965962e-01,-2.582815912983332240e-01,-7.294944599999999557e-01,4.362642404733150236e-01,2.522425966468731517e-01,-7.576996024859384837e-01,-6.343249870905989241e-01,4.698951166165002413e-01,3.882773009837331979e-01,-4.433728508323939721e-01,-4.643742288547455521e-01,-3.525166075280995043e-02,-3.871420451779732930e-01,-9.794489092084351922e-02,-5.902976763365542778e-01,5.293133609652025950e-02,4.182443671214587932e-01,6.261901353752935551e-01,-5.286951296920263665e-01,-4.194753863127806959e-01,-1.195893432879085172e-01,-4.301293083921136073e-01,-3.946392200283852514e-01,4.646948481976644896e-01,-5.757757429637504476e-01,2.733354252283788921e-01,-5.742622008508758702e-01,-7.009853973590117748e-01,9.285796765481324488e-02,-5.699527503752467306e-01,5.086136133098031475e-01,-3.309467055093419097e-01,5.535297754298937889e-01,4.547437045927456012e-01,-5.791025446759075906e-02,1.000000000000000000e+00,5.015967133546649359e-01,-5.047733483303178392e-01
-4.509982266226713055e-01,5.987180545097717799e-01,-6.845669507340732540e-01,-5.907431000000000765e-01,-3.288895473587675339e-02,2.614953511116068774e-01,-8.069964539413885252e-01,-6.892854481666644828e-01,1.483405705948229736e-01,-3.634456739873185432e-02,1.741726869424056051e-02,-8.706434613496427666e-01,7.066486348677028517e-02,-2.378233348002242731e-01,1.192820332075546046e-02,-7.198685092368026783e-01,3.582936704547310391e-01,5.400011331447691632e-01,7.271149023284571022e-01,-4.261192041247153783e-01,2.779889750196311293e-02,-8.970954983995277354e-02,-3.775822371539804823e-01,-6.618772533654124768e-01,2.610572579324773046e-01,-8.071850448871521477e-01,3.630974568101533739e-01,-8.509166005799096988e-01,-3.369100825076553063e-01,2.120536894302810574e-02,-6.449347563867026401e-02,5.982829754241363318e-01,-2.673469409596187507e-01,8.805416293764167790e-01,6.414299922587400893e-01,-2.345591411801349890e-01,5.015967133546649359e-01,1.000000000000000000e+00,-1.468373619547034548e-01
1.949520312043869219e-01,-5.496367567023224820e-01,-2.732102987526168203e-01,6.124411999999999079e-01,-2.823706100265046537e-01,-1.576951821095058659e-01,6.219085090557151529e-01,5.934449670818612299e-01,-2.346671664910562893e-01,-7.085020734498073125e-01,1.419615784182168827e-01,1.461920653577754858e-01,2.284262905100041818e-01,3.861645510726185448e-01,8.338453110758922149e-01,4.958386142827078680e-01,-2.089205764653147279e-02,-7.195452314838983732e-01,-6.613193781859236786e-01,1.299448082702688301e-01,-4.865312422344933441e-02,1.808184703363970025e-01,-1.497550250888027845e-01,2.730821420552428380e-01,2.484788025836276448e-01,5.140569166560435832e-01,3.317906332997022645e-01,3.466422774472401880e-01,5.138203874984711428e-01,5.798527457651976302e-01,3.913834793969697690e-01,-5.504424736518226391e-01,7.912916594452192864e-01,-2.359724538550143080e-01,-7.025122809685238057e-01,-5.355683199854895937e-01,-5.047733483303178392e-01,-1.468373619547034548e-01,1.000000000000000000e+00
