1.000000000000000000e+00,6.363144199999999362e-01,4.671547599999998912e-01,4.549026000000000458e-02,-5.553620400000000012e-01,-3.302504400000000340e-01,4.033275999999998973e-01,-6.219187400000000254e-01,4.712902199999999819e-01,6.279926600000000914e-01,7.320348000000009847e-02,5.569098800000000793e-01,-1.418146399999999918e-01,-6.033921799999999447e-01,-4.910808599999999524e-01,1.173505200000000137e-01,5.759786600000000867e-01,-5.269196199999999219e-01,-3.020396400000000536e-01,4.717974000000000334e-01,3.344533599999999218e-01,-4.714650599999999914e-01,-6.331843600000000016e-01,2.162038200000000465e-01,2.146837999999999802e-01,-6.644581000000000515e-01,2.023289399999999016e-01,-5.802456999999999754e-01,-5.073876600000000181e-01,-7.835049800000000175e-01,-8.286208600000000146e-01,9.497814600000000773e-01,6.908798800000000018e-01,8.944907200000000724e-01,4.876689999999999081e-01,9.687429000000000734e-01,7.733469999999997846e-02,9.264973000000000791e-01,-4.010095000000000187e-01
6.363144199999999362e-01,1.000000000000000000e+00,-8.777875771877557964e-02,7.885830533220742344e-01,-1.929114078181045633e-01,-2.921763711457784352e-01,6.569555523314104528e-01,7.638485970994746133e-02,4.617329672506756966e-01,-1.746365965045037771e-01,4.107085581519447359e-01,6.073352775013280969e-01,-1.775555541837154916e-01,-5.597830512831991623e-02,-9.514091629568943720e-01,-1.890148347715465693e-01,8.210872322971006776e-01,-3.446967801840039591e-01,-6.591276897152383851e-01,9.195171374059978309e-01,6.668730893117611469e-01,-3.338368528998372220e-01,-2.049949779364379499e-02,-1.754024096662819554e-01,6.698783007595594530e-01,-6.274090184884115740e-01,-6.192974300368006002e-01,-2.407460856342700239e-01,-2.314742697052684095e-01,-6.821689932878616247e-02,-4.313018038404631271e-01,6.288127602614732581e-01,7.622097454033401887e-01,8.249927890302926059e-01,4.082827093613291547e-01,5.732724279326154582e-01,8.038957070807994931e-01,6.953179126663915355e-01,3.061024181333182881e-02
4.671547599999998912e-01,-8.777875771877557964e-02,1.000000000000000000e+00,-4.483758087386368607e-01,-1.740457417561024900e-01,3.177538038996960967e-01,-1.889791448738488699e-01,-7.223327146315614566e-01,7.810380337205358181e-02,7.102308108750913229e-01,-4.124110676450112867e-01,-1.082412519279842694e-01,1.940944034407903751e-01,-5.247145120629236326e-01,3.554970380828803012e-01,1.812373342815550847e-01,-3.214642874106582449e-04,-4.055567768439833909e-01,4.879440671116505590e-01,-9.126853260986041161e-02,-7.167594154399390197e-03,-6.135300182552508863e-01,-2.856398756500777569e-01,3.693647554546179435e-01,-3.889576223738785282e-02,-2.662129289889840211e-01,4.936225790305577843e-01,-2.178078117521167201e-01,-5.895773449048338777e-02,-6.000789997584550228e-01,-6.078085622451042669e-01,4.438219937473456556e-01,-7.327775331642248299e-03,2.811780165742813198e-01,-1.843051856830762447e-01,5.046910261882704418e-01,-4.514232113725754059e-01,1.881528079800859898e-01,-8.292998693125691601e-01
4.549026000000000458e-02,7.885830533220742344e-01,-4.483758087386368607e-01,1.000000000000000000e+00,1.941119452257269451e-01,-9.127439135702132555e-02,4.709926544371104695e-01,6.384996189154076296e-01,1.864887394833592560e-01,-7.340409095846233134e-01,5.760825915834726363e-01,3.254413771866744298e-01,-2.494035326818795362e-01,4.866442054922691662e-01,-8.420281071596167344e-01,-4.441995034196609682e-01,5.435701835930513148e-01,4.959116247815447548e-02,-6.262342049288412982e-01,7.641621402285788678e-01,5.053392525189736029e-01,-3.522163226944909076e-02,4.104981255933026763e-01,-3.869721929057046150e-01,7.095015726744827722e-01,-2.076891150379803486e-01,-9.497459371264143080e-01,1.962694036185657492e-02,-1.174529907354655671e-02,4.755865517368914608e-01,8.746459369908844705e-02,8.602297661803863515e-02,5.119619092049140230e-01,3.624331165587437176e-01,2.004340995266574166e-01,-6.654669700429145449e-03,9.371280919105914320e-01,1.836526221941135184e-01,3.335992129957316976e-01
-5.553620400000000012e-01,-1.929114078181045633e-01,-1.740457417561024900e-01,1.941119452257269451e-01,1.000000000000000000e+00,3.437649289674844511e-01,-2.052203810923636795e-01,4.643351849050131874e-01,1.011594903751523999e-02,-4.712958430100270268e-01,-1.867592810539842330e-01,-4.109918056635131212e-01,-9.415933721375503718e-02,2.730540220255201489e-01,1.486203319333753159e-01,-9.885968729955267598e-02,-2.254503389646179967e-01,6.255143665815358078e-01,3.770727208685978882e-01,-1.116567563737590474e-01,-8.061860766889794583e-02,2.657884848467779726e-01,5.159900083337223275e-01,-2.904113669550918431e-01,3.090450263227746408e-01,3.149724793254017330e-01,-3.783398012351285589e-01,4.280401928579658510e-01,2.527187730756211281e-01,5.525455557994497502e-01,4.131049741901354211e-01,-5.203398195857728004e-01,-2.591615125960952670e-01,-4.915089844382375950e-01,-6.268694460970203330e-01,-5.044019633620299148e-01,1.548410756403270916e-01,-3.972427419637587498e-01,7.893264329361822373e-02
-3.302504400000000340e-01,-2.921763711457784352e-01,3.177538038996960967e-01,-9.127439135702132555e-02,3.437649289674844511e-01,1.000000000000000000e+00,1.570791345489297441e-01,-4.538972574124758991e-02,-5.769385783763563147e-01,-1.637427119719224999e-01,-2.254141291561671118e-02,-7.396847020122934158e-01,2.173214489000432070e-01,1.309859054387053912e-01,3.349797227048454951e-01,3.655229350262486632e-01,3.044364049650387372e-02,-6.411879225554733414e-03,5.097233574741277806e-01,-1.632458440375493536e-01,-3.035120189598835561e-01,-1.876434525040331369e-01,3.683866388150779381e-01,-2.646837934868917150e-02,-1.493689071161413973e-01,1.725995230349997300e-01,-2.948682711728215985e-02,2.756191716730426178e-01,4.960243742910666054e-01,2.379645339937859483e-01,3.692724800841398064e-02,-3.216574520723926023e-01,-5.681966720307238816e-01,-2.567918871914556256e-01,-4.402431648730220082e-01,-2.338148210788058012e-01,-1.075097895855927355e-01,-5.126407037371826236e-01,-1.140883476687161169e-01
4.033275999999998973e-01,6.569555523314104528e-01,-1.889791448738488699e-01,4.709926544371104695e-01,-2.052203810923636795e-01,1.570791345489297441e-01,1.000000000000000000e+00,-1.480185033538252148e-01,1.247554709635265158e-02,-1.432703372875946957e-01,2.811251593237108493e-01,1.796570344675815223e-01,1.951473412369745253e-01,-1.954884911832285854e-01,-6.875411348747035856e-01,4.863201080195818093e-01,9.292798211090502747e-01,-4.599337922205558593e-01,-4.257717380533733165e-01,7.118539604208583560e-01,4.147753687529186495e-01,-1.742259341903119596e-01,9.289056372825349461e-02,-8.179231035443901288e-02,1.759627444702699106e-01,-6.067846918303889669e-01,-3.888193912051446932e-01,8.204859978073419935e-02,2.270109146222812346e-01,4.675128680991516572e-02,-3.119723555006992943e-01,3.501113179626331728e-01,1.638459161602681124e-01,6.013287180710453761e-01,2.751237918279365591e-01,4.246705427905486108e-01,6.266139386559106406e-01,3.924111510858691032e-01,3.230818565145665566e-01
-6.219187400000000254e-01,7.638485970994746133e-02,-7.223327146315614566e-01,6.384996189154076296e-01,4.643351849050131874e-01,-4.538972574124758991e-02,-1.480185033538252148e-01,1.000000000000000000e+00,-1.982017795712122943e-01,-9.228622938932155018e-01,5.458491082976649755e-01,-6.626762156484518329e-02,-3.941738698322337364e-01,8.842138707184159507e-01,-2.618054123991966353e-01,-6.490085291772321741e-01,-2.324484622604536255e-01,6.071826851780719458e-01,-3.563701263924712870e-01,4.494111505152834779e-02,-6.549422952319219893e-02,4.693976376019082797e-01,4.616622745362370939e-01,-3.860528435194293673e-01,2.968953440665667576e-01,5.073776083360453937e-01,-7.049368458118884240e-01,1.092657385627841538e-01,-1.105494261591116051e-02,7.126480456845762923e-01,6.912038227691124082e-01,-5.500096090689402528e-01,9.119310434283023348e-02,-3.806327493239334836e-01,2.950316198171565318e-02,-6.604731897242537286e-01,4.678229003514901563e-01,-4.002828872005846916e-01,5.721466403042601012e-01
4.712902199999999819e-01,4.617329672506756966e-01,7.810380337205358181e-02,1.864887394833592560e-01,1.011594903751523999e-02,-5.769385783763563147e-01,1.247554709635265158e-02,-1.982017795712122943e-01,1.000000000000000000e+00,2.576120325412755707e-01,-3.077552445859021990e-01,5.495580508396767927e-01,-1.273935136621850150e-01,-4.302364779867364208e-01,-3.534032338417394392e-01,-1.194151182625916574e-01,2.589191595012231839e-01,-2.656885944097078789e-02,-4.478798777022117983e-02,3.920051512540471128e-01,4.806047625903378528e-01,-1.844705996208891585e-01,-4.606701346606679320e-02,-2.978125847340160615e-01,6.384103395897045008e-01,-4.636800478234587297e-01,-1.257650196873297821e-01,-2.264207637598736333e-02,-2.583898136786426658e-01,-1.829967869299228556e-01,-5.008515686562560187e-01,5.109329771038162438e-01,5.415347878299074935e-01,3.352247939348256822e-01,-1.464471930471390737e-01,4.477177160689663760e-01,2.624808357466545394e-01,5.941910970770715172e-01,-4.335667441398548538e-01
6.279926600000000914e-01,-1.746365965045037771e-01,7.102308108750913229e-01,-7.340409095846233134e-01,-4.712958430100270268e-01,-1.637427119719224999e-01,-1.432703372875946957e-01,-9.228622938932155018e-01,2.576120325412755707e-01,1.000000000000000000e+00,-4.965057766340403300e-01,1.381357124587510865e-01,1.556660206611034380e-01,-8.235533985556219294e-01,3.429627935145294626e-01,4.061112552159527045e-01,-3.838136730652515899e-02,-4.128059381450009391e-01,3.369746962258542422e-01,-2.379212551020292166e-01,-8.309555778851065999e-02,-3.562451113258516266e-01,-6.768048655665567237e-01,4.137967598184620899e-01,-3.302008420510808007e-01,-3.209047296858558163e-01,8.379707145882760999e-01,-3.289447099488068682e-01,-2.832149244919768827e-01,-8.560797347008719527e-01,-6.382123572172982984e-01,5.657958941435963229e-01,5.788189446738852689e-02,3.093946297897009479e-01,7.177575530947914728e-02,6.374471782673586384e-01,-6.486302105010410823e-01,4.637953599429128770e-01,-6.159970435566404223e-01
7.320348000000009847e-02,4.107085581519447359e-01,-4.124110676450112867e-01,5.760825915834726363e-01,-1.867592810539842330e-01,-2.254141291561671118e-02,2.811251593237108493e-01,5.458491082976649755e-01,-3.077552445859021990e-01,-4.965057766340403300e-01,1.000000000000000000e+00,1.403575156471070784e-01,-6.811339295734385457e-01,6.830668866774268766e-01,-5.737151196222374239e-01,-5.151286248070771068e-01,1.469894323015365212e-01,2.576898572784031560e-01,-6.717307462892738723e-01,1.653652484203101403e-01,-2.597779588450886967e-01,2.554460220794508296e-01,-1.906093032251606478e-01,-6.638412426324893922e-02,1.832141430854917763e-01,2.840061080928141246e-01,-3.884594260572174496e-01,-5.897085526913110609e-01,-4.827831541299802409e-01,2.225766925669959290e-02,1.022984508463075509e-01,8.225422804990194237e-02,5.146418361247100393e-01,2.111113527744515050e-01,6.578984217781199684e-01,7.733928807167796127e-02,3.421893760426742426e-01,1.934714536906928795e-01,5.007111519652558407e-01
5.569098800000000793e-01,6.073352775013280969e-01,-1.082412519279842694e-01,3.254413771866744298e-01,-4.109918056635131212e-01,-7.396847020122934158e-01,1.796570344675815223e-01,-6.626762156484518329e-02,5.495580508396767927e-01,1.381357124587510865e-01,1.403575156471070784e-01,1.000000000000000000e+00,-1.098988923008274721e-01,-1.450900684478002578e-01,-5.750819923647848553e-01,-3.148349591840808870e-01,3.509212855083070348e-01,-2.839678357670856190e-01,-7.389326419543665869e-01,5.076576103149014196e-01,4.943793732652548290e-01,-2.533811110567041336e-01,-3.703526554496070489e-01,3.099830408533877923e-01,3.200595963025587021e-01,-3.550958648139537210e-01,-1.671103922286339138e-01,-3.363356235039383080e-01,-4.417303108237063403e-01,-2.884774673307290982e-01,-1.391277672292419165e-01,4.333770462093914366e-01,6.728393461475153936e-01,5.778218816904718835e-01,5.687795208751080800e-01,4.884703520759847706e-01,3.481900153025416222e-01,6.671426579319947869e-01,1.482206448535734918e-02
-1.418146399999999918e-01,-1.775555541837154916e-01,1.940944034407903751e-01,-2.494035326818795362e-01,-9.415933721375503718e-02,2.173214489000432070e-01,1.951473412369745253e-01,-3.941738698322337364e-01,-1.273935136621850150e-01,1.556660206611034380e-01,-6.811339295734385457e-01,-1.098988923008274721e-01,1.000000000000000000e+00,-4.524359384629320080e-01,2.962546830034810674e-01,6.382052238820939971e-01,2.461300244574873841e-01,-6.532522725421848753e-01,2.696727339180812755e-01,1.931350234263159993e-01,4.945433901380341668e-01,-3.661120292298126744e-01,4.197800775160053788e-01,1.543659550959205762e-01,-3.154430870630154926e-01,-4.349947198356659550e-01,5.671983925487441430e-02,7.494686056009493003e-01,8.317607582504068509e-01,2.549009821755961469e-01,9.558909998621517579e-02,-1.967589635264924142e-01,-6.514312782606078711e-01,-1.593928051653444727e-02,-3.777418508230056537e-01,-1.764200566917797919e-01,4.507719833488590261e-02,-3.565597771335301536e-01,-1.005801282634645327e-01
-6.033921799999999447e-01,-5.597830512831991623e-02,-5.247145120629236326e-01,4.866442054922691662e-01,2.730540220255201489e-01,1.309859054387053912e-01,-1.954884911832285854e-01,8.842138707184159507e-01,-4.302364779867364208e-01,-8.235533985556219294e-01,6.830668866774268766e-01,-1.450900684478002578e-01,-4.524359384629320080e-01,1.000000000000000000e+00,-1.173595745531647166e-01,-6.827375210738703126e-01,-3.283725873094510139e-01,5.741064179702493053e-01,-3.342344303813724049e-01,-1.436928658860321395e-01,-3.379236389443310840e-01,4.256648966655395272e-01,3.389276732815078019e-01,-1.399661974115690710e-01,1.607702245768916904e-01,6.662457437368588531e-01,-5.105172442014053180e-01,-8.505155365793819200e-02,-7.006821116212140488e-02,5.563191039569387319e-01,6.341926646988852445e-01,-5.585092112158247524e-01,3.142846009915238603e-02,-4.278213736156838420e-01,1.443428987803918873e-01,-5.735208590969572695e-01,2.524679358144170660e-01,-4.678958891232968265e-01,5.205591448806711208e-01
-4.910808599999999524e-01,-9.514091629568943720e-01,3.554970380828803012e-01,-8.420281071596167344e-01,1.486203319333753159e-01,3.349797227048454951e-01,-6.875411348747035856e-01,-2.618054123991966353e-01,-3.534032338417394392e-01,3.429627935145294626e-01,-5.737151196222374239e-01,-5.750819923647848553e-01,2.962546830034810674e-01,-1.173595745531647166e-01,1.000000000000000000e+00,2.269781592884116128e-01,-7.616581289115053055e-01,1.792505968144093298e-01,7.704211476116415991e-01,-8.429895995068650283e-01,-5.368070789436600876e-01,1.150037448461842804e-01,1.616270935822420110e-02,2.135975539725079309e-01,-6.099962576576156703e-01,4.633339586712545421e-01,6.736406940516276309e-01,2.484159626249165809e-01,2.659327487292260650e-01,-4.682308547682578759e-02,2.545192126101979979e-01,-4.786954608788849264e-01,-7.372403122949146015e-01,-6.984550124840049889e-01,-4.893080890919642711e-01,-4.336926200470483939e-01,-8.361282698576613104e-01,-6.290388889329111555e-01,-3.039342950466696336e-01
1.173505200000000137e-01,-1.890148347715465693e-01,1.812373342815550847e-01,-4.441995034196609682e-01,-9.885968729955267598e-02,3.655229350262486632e-01,4.863201080195818093e-01,-6.490085291772321741e-01,-1.194151182625916574e-01,4.061112552159527045e-01,-5.151286248070771068e-01,-3.148349591840808870e-01,6.382052238820939971e-01,-6.827375210738703126e-01,2.269781592884116128e-01,1.000000000000000000e+00,3.737454459678056229e-01,-4.620812600987690977e-01,4.005406319245373159e-01,1.526369327946825935e-02,8.609033868380810972e-02,-1.393494875192894666e-01,3.817230136757930603e-02,6.434255369012192860e-02,-4.427031187183602112e-01,-4.444534423105306331e-01,3.607522518355953389e-01,4.312909534544775436e-01,5.402742817853346535e-01,-1.111275455586472616e-01,-2.607555503981556777e-01,7.378288351538703216e-02,-5.497079002029024997e-01,8.112549183920400586e-02,-2.652799203345911905e-01,1.645042505342290129e-01,-1.675065825283576504e-01,-2.552919956567774665e-02,-3.516396942409823895e-02
5.759786600000000867e-01,8.210872322971006776e-01,-3.214642874106582449e-04,5.435701835930513148e-01,-2.254503389646179967e-01,3.044364049650387372e-02,9.292798211090502747e-01,-2.324484622604536255e-01,2.589191595012231839e-01,-3.838136730652515899e-02,1.469894323015365212e-01,3.509212855083070348e-01,2.461300244574873841e-01,-3.283725873094510139e-01,-7.616581289115053055e-01,3.737454459678056229e-01,1.000000000000000000e+00,-5.987209228353173041e-01,-4.211331693105415663e-01,8.879996472811093611e-01,6.631933257470908893e-01,-4.040691898742949095e-01,1.030206489219096799e-01,-9.310890126267148958e-02,3.842702452023391557e-01,-7.889215105650634330e-01,-4.512694829779090311e-01,7.766445774118313494e-02,1.863760332919579543e-01,-2.302255779930276886e-02,-4.736880374934242521e-01,5.308353005490930032e-01,3.295949505980454441e-01,7.696484982709468348e-01,2.174457795368594515e-01,5.597355309829078474e-01,7.108996792705233325e-01,5.317565807246993348e-01,7.112837715578380904e-02
-5.269196199999999219e-01,-3.446967801840039591e-01,-4.055567768439833909e-01,4.959116247815447548e-02,6.255143665815358078e-01,-6.411879225554733414e-03,-4.599337922205558593e-01,6.071826851780719458e-01,-2.656885944097078789e-02,-4.128059381450009391e-01,2.576898572784031560e-01,-2.839678357670856190e-01,-6.532522725421848753e-01,5.741064179702493053e-01,1.792505968144093298e-01,-4.620812600987690977e-01,-5.987209228353173041e-01,1.000000000000000000e+00,1.322286530687048489e-01,-5.201478416359589518e-01,-6.066420451714183981e-01,7.076947208728884275e-01,7.800173564617586541e-02,-2.574308419394302216e-01,1.337690415027358859e-01,7.189380762318664519e-01,-8.535353241872897789e-02,-1.317004674457069036e-01,-3.133165538946487971e-01,2.559132238228419287e-01,4.393115758221969869e-01,-4.595884312212433209e-01,2.253993309348391663e-02,-6.256561179389542593e-01,-1.656277064250828435e-01,-4.393763567813366300e-01,-1.636714251260391884e-01,-2.563579313045070140e-01,2.584763540666218939e-01
-3.020396400000000536e-01,-6.591276897152383851e-01,4.879440671116505590e-01,-6.262342049288412982e-01,3.770727208685978882e-01,5.097233574741277806e-01,-4.257717380533733165e-01,-3.563701263924712870e-01,-4.478798777022117983e-02,3.369746962258542422e-01,-6.717307462892738723e-01,-7.389326419543665869e-01,2.696727339180812755e-01,-3.342344303813724049e-01,7.704211476116415991e-01,4.005406319245373159e-01,-4.211331693105415663e-01,1.322286530687048489e-01,1.000000000000000000e+00,-5.369608983068097086e-01,-3.062058698702609383e-01,-3.590013883198382022e-02,2.338952845783070222e-01,-1.921861156705639284e-01,-2.185531241190870888e-01,1.241968825117672065e-01,4.543154304195234361e-01,3.826428282544108717e-01,3.786147240000567460e-01,5.497814647549901027e-03,-1.549828153785955953e-01,-1.971970153515408275e-01,-6.114374983187117474e-01,-4.984149340819591933e-01,-7.980801722367786288e-01,-2.355077513030206515e-01,-5.684887799538230757e-01,-4.510633842458194320e-01,-5.352868822803636961e-01
4.717974000000000334e-01,9.195171374059978309e-01,-9.126853260986041161e-02,7.641621402285788678e-01,-1.116567563737590474e-01,-1.632458440375493536e-01,7.118539604208583560e-01,4.494111505152834779e-02,3.920051512540471128e-01,-2.379212551020292166e-01,1.653652484203101403e-01,5.076576103149014196e-01,1.931350234263159993e-01,-1.436928658860321395e-01,-8.429895995068650283e-01,1.526369327946825935e-02,8.879996472811093611e-01,-5.201478416359589518e-01,-5.369608983068097086e-01,1.000000000000000000e+00,8.624078447249067247e-01,-4.400708496049398621e-01,2.462802311571701541e-01,-2.001505639074943887e-01,5.989400997727207798e-01,-7.336383951908077572e-01,-6.984855698230028054e-01,1.249794417612101194e-01,1.409995657806539793e-01,1.593406232246129539e-01,-3.054377541083914127e-01,4.542892331093484337e-01,4.740253849386631968e-01,7.406421830476327406e-01,1.855991657728419397e-01,3.883094817008856947e-01,8.840451509752476067e-01,4.710100263038219937e-01,3.829647764618061140e-02
3.344533599999999218e-01,6.668730893117611469e-01,-7.167594154399390197e-03,5.053392525189736029e-01,-8.061860766889794583e-02,-3.035120189598835561e-01,4.147753687529186495e-01,-6.549422952319219893e-02,4.806047625903378528e-01,-8.309555778851065999e-02,-2.597779588450886967e-01,4.943793732652548290e-01,4.945433901380341668e-01,-3.379236389443310840e-01,-5.368070789436600876e-01,8.609033868380810972e-02,6.631933257470908893e-01,-6.066420451714183981e-01,-3.062058698702609383e-01,8.624078447249067247e-01,1.000000000000000000e+00,-4.776187712342775948e-01,3.394441650623124529e-01,-1.651581870021785470e-01,4.266231338366173742e-01,-7.835318511846789402e-01,-5.339879792866975006e-01,3.842944363545772735e-01,3.265574155765512132e-01,2.035039056436400984e-01,-1.899484730073062733e-01,3.388842773959473975e-01,2.466048093311458689e-01,5.797728615862883794e-01,-2.937569619932067777e-02,2.050236356863430753e-01,7.059601955724253974e-01,2.892194999828210378e-01,-1.109165015719580372e-01
-4.714650599999999914e-01,-3.338368528998372220e-01,-6.135300182552508863e-01,-3.522163226944909076e-02,2.657884848467779726e-01,-1.876434525040331369e-01,-1.742259341903119596e-01,4.693976376019082797e-01,-1.844705996208891585e-01,-3.562451113258516266e-01,2.554460220794508296e-01,-2.533811110567041336e-01,-3.661120292298126744e-01,4.256648966655395272e-01,1.150037448461842804e-01,-1.393494875192894666e-01,-4.040691898742949095e-01,7.076947208728884275e-01,-3.590013883198382022e-02,-4.400708496049398621e-01,-4.776187712342775948e-01,1.000000000000000000e+00,5.865119351837951717e-02,-1.995467770227202786e-01,-2.373569970663922390e-01,4.457630633805403919e-01,1.969065677862984892e-02,-2.984425301175547274e-02,-1.240818304682959339e-01,2.360648989036270573e-01,4.578226359031080106e-01,-3.728510768787390850e-01,-1.092346806685968452e-01,-4.836230154697102046e-01,9.565575491255931539e-02,-4.035556823989019937e-01,-1.229811586078322638e-01,-2.500179308889696195e-01,5.772573027734794193e-01
-6.331843600000000016e-01,-2.049949779364379499e-02,-2.856398756500777569e-01,4.104981255933026763e-01,5.159900083337223275e-01,3.683866388150779381e-01,9.289056372825349461e-02,4.616622745362370939e-01,-4.606701346606679320e-02,-6.768048655665567237e-01,-1.906093032251606478e-01,-3.703526554496070489e-01,4.197800775160053788e-01,3.389276732815078019e-01,1.616270935822420110e-02,3.817230136757930603e-02,1.030206489219096799e-01,7.800173564617586541e-02,2.338952845783070222e-01,2.462802311571701541e-01,3.394441650623124529e-01,5.865119351837951717e-02,1.000000000000000000e+00,-5.002887906285451436e-01,3.054216997985048643e-01,-3.374353138540624880e-02,-6.474888069598510043e-01,8.218299188430737701e-01,7.994536416884944208e-01,8.930646138247846366e-01,3.623579437313869667e-01,-5.181234541072676780e-01,-4.588473318614895158e-01,-3.812537792249345303e-01,-6.364902039588068439e-01,-6.151852253636824752e-01,5.109234665555812960e-01,-6.473806386281216740e-01,1.439739222400273078e-01
2.162038200000000465e-01,-1.754024096662819554e-01,3.693647554546179435e-01,-3.869721929057046150e-01,-2.904113669550918431e-01,-2.646837934868917150e-02,-8.179231035443901288e-02,-3.860528435194293673e-01,-2.978125847340160615e-01,4.137967598184620899e-01,-6.638412426324893922e-02,3.099830408533877923e-01,1.543659550959205762e-01,-1.399661974115690710e-01,2.135975539725079309e-01,6.434255369012192860e-02,-9.310890126267148958e-02,-2.574308419394302216e-01,-1.921861156705639284e-01,-2.001505639074943887e-01,-1.651581870021785470e-01,-1.995467770227202786e-01,-5.002887906285451436e-01,1.000000000000000000e+00,-4.259990718147222966e-01,7.913445212135758466e-02,4.517805983386716240e-01,-3.026512533199983146e-01,-1.709482475189188777e-01,-4.627390692717037179e-01,9.255510243587039554e-02,4.110929389537672772e-04,-6.828351061212174777e-02,1.330910460395795247e-01,3.989493080208909581e-01,2.612450199963380904e-01,-3.945819750069105014e-01,1.152330355603555651e-01,4.859898477954494728e-02
2.146837999999999802e-01,6.698783007595594530e-01,-3.889576223738785282e-02,7.095015726744827722e-01,3.090450263227746408e-01,-1.493689071161413973e-01,1.759627444702699106e-01,2.968953440665667576e-01,6.384103395897045008e-01,-3.302008420510808007e-01,1.832141430854917763e-01,3.200595963025587021e-01,-3.154430870630154926e-01,1.607702245768916904e-01,-6.099962576576156703e-01,-4.427031187183602112e-01,3.842702452023391557e-01,1.337690415027358859e-01,-2.185531241190870888e-01,5.989400997727207798e-01,4.266231338366173742e-01,-2.373569970663922390e-01,3.054216997985048643e-01,-4.259990718147222966e-01,1.000000000000000000e+00,-1.846302800069339056e-01,-6.704379614665204601e-01,2.320169992479970134e-03,-1.419281577095228564e-01,2.467855381216056132e-01,-2.856555883442969401e-01,2.390860485559822557e-01,5.699090601128556921e-01,2.523473206872813845e-01,-2.057409538987235997e-01,2.135161093113434883e-01,6.560269723709806211e-01,3.420245373197901562e-01,-2.201712559535402847e-01
-6.644581000000000515e-01,-6.274090184884115740e-01,-2.662129289889840211e-01,-2.076891150379803486e-01,3.149724793254017330e-01,1.725995230349997300e-01,-6.067846918303889669e-01,5.073776083360453937e-01,-4.636800478234587297e-01,-3.209047296858558163e-01,2.840061080928141246e-01,-3.550958648139537210e-01,-4.349947198356659550e-01,6.662457437368588531e-01,4.633339586712545421e-01,-4.444534423105306331e-01,-7.889215105650634330e-01,7.189380762318664519e-01,1.241968825117672065e-01,-7.336383951908077572e-01,-7.835318511846789402e-01,4.457630633805403919e-01,-3.374353138540624880e-02,7.913445212135758466e-02,-1.846302800069339056e-01,1.000000000000000000e+00,1.403071962661606165e-01,-1.279264690143563921e-01,-1.988893059081731085e-01,2.457574224881489411e-01,6.148202813846754822e-01,-7.081642112432484648e-01,-2.705034024603200082e-01,-7.896572335018823274e-01,-1.081811999664489821e-01,-6.099933886222996815e-01,-4.287616920539585874e-01,-5.402144142396899662e-01,2.629252097480919148e-01
2.023289399999999016e-01,-6.192974300368006002e-01,4.936225790305577843e-01,-9.497459371264143080e-01,-3.783398012351285589e-01,-2.948682711728215985e-02,-3.888193912051446932e-01,-7.049368458118884240e-01,-1.257650196873297821e-01,8.379707145882760999e-01,-3.884594260572174496e-01,-1.671103922286339138e-01,5.671983925487441430e-02,-5.105172442014053180e-01,6.736406940516276309e-01,3.607522518355953389e-01,-4.512694829779090311e-01,-8.535353241872897789e-02,4.543154304195234361e-01,-6.984855698230028054e-01,-5.339879792866975006e-01,1.969065677862984892e-02,-6.474888069598510043e-01,4.517805983386716240e-01,-6.704379614665204601e-01,1.403071962661606165e-01,1.000000000000000000e+00,-3.077908914325565570e-01,-2.462573525561155829e-01,-7.063734546900285460e-01,-2.628264112712338507e-01,1.567351554764584987e-01,-2.522775304630906490e-01,-1.445504224821401729e-01,5.330921078177848493e-02,2.540855056310034610e-01,-9.335008443750365537e-01,7.461734871563698024e-02,-3.486452414115007170e-01
-5.802456999999999754e-01,-2.407460856342700239e-01,-2.178078117521167201e-01,1.962694036185657492e-02,4.280401928579658510e-01,2.756191716730426178e-01,8.204859978073419935e-02,1.092657385627841538e-01,-2.264207637598736333e-02,-3.289447099488068682e-01,-5.897085526913110609e-01,-3.363356235039383080e-01,7.494686056009493003e-01,-8.505155365793819200e-02,2.484159626249165809e-01,4.312909534544775436e-01,7.766445774118313494e-02,-1.317004674457069036e-01,3.826428282544108717e-01,1.249794417612101194e-01,3.842944363545772735e-01,-2.984425301175547274e-02,8.218299188430737701e-01,-3.026512533199983146e-01,2.320169992479970134e-03,-1.279264690143563921e-01,-3.077908914325565570e-01,1.000000000000000000e+00,9.228399389819572640e-01,7.487510233979450813e-01,3.679818399493196557e-01,-5.571516607976895186e-01,-7.117678778909865001e-01,-4.235012131359905951e-01,-7.301331336053813459e-01,-5.913029490428423074e-01,2.623351409570365278e-01,-6.204724244140460421e-01,1.061113475561293318e-01
-5.073876600000000181e-01,-2.314742697052684095e-01,-5.895773449048338777e-02,-1.174529907354655671e-02,2.527187730756211281e-01,4.960243742910666054e-01,2.270109146222812346e-01,-1.105494261591116051e-02,-2.583898136786426658e-01,-2.832149244919768827e-01,-4.827831541299802409e-01,-4.417303108237063403e-01,8.317607582504068509e-01,-7.006821116212140488e-02,2.659327487292260650e-01,5.402742817853346535e-01,1.863760332919579543e-01,-3.133165538946487971e-01,3.786147240000567460e-01,1.409995657806539793e-01,3.265574155765512132e-01,-1.240818304682959339e-01,7.994536416884944208e-01,-1.709482475189188777e-01,-1.419281577095228564e-01,-1.988893059081731085e-01,-2.462573525561155829e-01,9.228399389819572640e-01,1.000000000000000000e+00,6.559899781038116551e-01,2.746986225439926876e-01,-4.818784609415356912e-01,-7.811355758605195154e-01,-3.096966037952714190e-01,-6.119429125670140523e-01,-4.901243733475458830e-01,2.239063072428268131e-01,-6.565760863965811600e-01,9.987157169763086206e-02
-7.835049800000000175e-01,-6.821689932878616247e-02,-6.000789997584550228e-01,4.755865517368914608e-01,5.525455557994497502e-01,2.379645339937859483e-01,4.675128680991516572e-02,7.126480456845762923e-01,-1.829967869299228556e-01,-8.560797347008719527e-01,2.225766925669959290e-02,-2.884774673307290982e-01,2.549009821755961469e-01,5.563191039569387319e-01,-4.682308547682578759e-02,-1.111275455586472616e-01,-2.302255779930276886e-02,2.559132238228419287e-01,5.497814647549901027e-03,1.593406232246129539e-01,2.035039056436400984e-01,2.360648989036270573e-01,8.930646138247846366e-01,-4.627390692717037179e-01,2.467855381216056132e-01,2.457574224881489411e-01,-7.063734546900285460e-01,7.487510233979450813e-01,6.559899781038116551e-01,1.000000000000000000e+00,6.530330702132901566e-01,-7.304115182824175712e-01,-4.281500466653394010e-01,-5.177788300440256952e-01,-4.810290553038275019e-01,-7.970720361415756239e-01,5.289687844920146764e-01,-6.881481818569485931e-01,4.444743536981783927e-01
-8.286208600000000146e-01,-4.313018038404631271e-01,-6.078085622451042669e-01,8.746459369908844705e-02,4.131049741901354211e-01,3.692724800841398064e-02,-3.119723555006992943e-01,6.912038227691124082e-01,-5.008515686562560187e-01,-6.382123572172982984e-01,1.022984508463075509e-01,-1.391277672292419165e-01,9.558909998621517579e-02,6.341926646988852445e-01,2.545192126101979979e-01,-2.607555503981556777e-01,-4.736880374934242521e-01,4.393115758221969869e-01,-1.549828153785955953e-01,-3.054377541083914127e-01,-1.899484730073062733e-01,4.578226359031080106e-01,3.623579437313869667e-01,9.255510243587039554e-02,-2.856555883442969401e-01,6.148202813846754822e-01,-2.628264112712338507e-01,3.679818399493196557e-01,2.746986225439926876e-01,6.530330702132901566e-01,1.000000000000000000e+00,-8.815631384396175330e-01,-4.498060372798037276e-01,-6.447502096107881053e-01,-5.657815188461803174e-02,-8.498341830006537201e-01,3.990079025755564890e-02,-6.874459372023732362e-01,6.243776365758183511e-01
9.497814600000000773e-01,6.288127602614732581e-01,4.438219937473456556e-01,8.602297661803863515e-02,-5.203398195857728004e-01,-3.216574520723926023e-01,3.501113179626331728e-01,-5.500096090689402528e-01,5.109329771038162438e-01,5.657958941435963229e-01,8.225422804990194237e-02,4.333770462093914366e-01,-1.967589635264924142e-01,-5.585092112158247524e-01,-4.786954608788849264e-01,7.378288351538703216e-02,5.308353005490930032e-01,-4.595884312212433209e-01,-1.971970153515408275e-01,4.542892331093484337e-01,3.388842773959473975e-01,-3.728510768787390850e-01,-5.181234541072676780e-01,4.110929389537672772e-04,2.390860485559822557e-01,-7.081642112432484648e-01,1.567351554764584987e-01,-5.571516607976895186e-01,-4.818784609415356912e-01,-7.304115182824175712e-01,-8.815631384396175330e-01,1.000000000000000000e+00,7.058779799690442225e-01,8.689803157946108803e-01,4.242415219592869935e-01,9.145881401433781921e-01,1.005185804223309443e-01,8.681007450309226048e-01,-4.461271952554827225e-01
6.908798800000000018e-01,7.622097454033401887e-01,-7.327775331642248299e-03,5.119619092049140230e-01,-2.591615125960952670e-01,-5.681966720307238816e-01,1.638459161602681124e-01,9.119310434283023348e-02,5.415347878299074935e-01,5.788189446738852689e-02,5.146418361247100393e-01,6.728393461475153936e-01,-6.514312782606078711e-01,3.142846009915238603e-02,-7.372403122949146015e-01,-5.497079002029024997e-01,3.295949505980454441e-01,2.253993309348391663e-02,-6.114374983187117474e-01,4.740253849386631968e-01,2.466048093311458689e-01,-1.092346806685968452e-01,-4.588473318614895158e-01,-6.828351061212174777e-02,5.699090601128556921e-01,-2.705034024603200082e-01,-2.522775304630906490e-01,-7.117678778909865001e-01,-7.811355758605195154e-01,-4.281500466653394010e-01,-4.498060372798037276e-01,7.058779799690442225e-01,1.000000000000000000e+00,6.762825372790728373e-01,5.885216093870517806e-01,6.369099306611721856e-01,3.638626998412529678e-01,8.258280487458860009e-01,-1.098235345548031761e-01
8.944907200000000724e-01,8.249927890302926059e-01,2.811780165742813198e-01,3.624331165587437176e-01,-4.915089844382375950e-01,-2.567918871914556256e-01,6.013287180710453761e-01,-3.806327493239334836e-01,3.352247939348256822e-01,3.093946297897009479e-01,2.111113527744515050e-01,5.778218816904718835e-01,-1.593928051653444727e-02,-4.278213736156838420e-01,-6.984550124840049889e-01,8.112549183920400586e-02,7.696484982709468348e-01,-6.256561179389542593e-01,-4.984149340819591933e-01,7.406421830476327406e-01,5.797728615862883794e-01,-4.836230154697102046e-01,-3.812537792249345303e-01,1.330910460395795247e-01,2.523473206872813845e-01,-7.896572335018823274e-01,-1.445504224821401729e-01,-4.235012131359905951e-01,-3.096966037952714190e-01,-5.177788300440256952e-01,-6.447502096107881053e-01,8.689803157946108803e-01,6.762825372790728373e-01,1.000000000000000000e+00,5.637125388006618554e-01,8.219005156053028616e-01,4.127912438065271528e-01,8.153805949908138340e-01,-1.866773509519377705e-01
4.876689999999999081e-01,4.082827093613291547e-01,-1.843051856830762447e-01,2.004340995266574166e-01,-6.268694460970203330e-01,-4.402431648730220082e-01,2.751237918279365591e-01,2.950316198171565318e-02,-1.464471930471390737e-01,7.177575530947914728e-02,6.578984217781199684e-01,5.687795208751080800e-01,-3.777418508230056537e-01,1.443428987803918873e-01,-4.893080890919642711e-01,-2.652799203345911905e-01,2.174457795368594515e-01,-1.656277064250828435e-01,-7.980801722367786288e-01,1.855991657728419397e-01,-2.937569619932067777e-02,9.565575491255931539e-02,-6.364902039588068439e-01,3.989493080208909581e-01,-2.057409538987235997e-01,-1.081811999664489821e-01,5.330921078177848493e-02,-7.301331336053813459e-01,-6.119429125670140523e-01,-4.810290553038275019e-01,-5.657815188461803174e-02,4.242415219592869935e-01,5.885216093870517806e-01,5.637125388006618554e-01,1.000000000000000000e+00,4.453282678841304354e-01,8.901533818829510114e-02,5.392111928084996064e-01,3.746078665304392041e-01
9.687429000000000734e-01,5.732724279326154582e-01,5.046910261882704418e-01,-6.654669700429145449e-03,-5.044019633620299148e-01,-2.338148210788058012e-01,4.246705427905486108e-01,-6.604731897242537286e-01,4.477177160689663760e-01,6.374471782673586384e-01,7.733928807167796127e-02,4.884703520759847706e-01,-1.764200566917797919e-01,-5.735208590969572695e-01,-4.336926200470483939e-01,1.645042505342290129e-01,5.597355309829078474e-01,-4.393763567813366300e-01,-2.355077513030206515e-01,3.883094817008856947e-01,2.050236356863430753e-01,-4.035556823989019937e-01,-6.151852253636824752e-01,2.612450199963380904e-01,2.135161093113434883e-01,-6.099933886222996815e-01,2.540855056310034610e-01,-5.913029490428423074e-01,-4.901243733475458830e-01,-7.970720361415756239e-01,-8.498341830006537201e-01,9.145881401433781921e-01,6.369099306611721856e-01,8.219005156053028616e-01,4.453282678841304354e-01,1.000000000000000000e+00,1.633757819817349688e-02,8.993114659445460290e-01,-4.027572548090394555e-01
7.733469999999997846e-02,8.038957070807994931e-01,-4.514232113725754059e-01,9.371280919105914320e-01,1.548410756403270916e-01,-1.075097895855927355e-01,6.266139386559106406e-01,4.678229003514901563e-01,2.624808357466545394e-01,-6.486302105010410823e-01,3.421893760426742426e-01,3.481900153025416222e-01,4.507719833488590261e-02,2.524679358144170660e-01,-8.361282698576613104e-01,-1.675065825283576504e-01,7.108996792705233325e-01,-1.636714251260391884e-01,-5.684887799538230757e-01,8.840451509752476067e-01,7.059601955724253974e-01,-1.229811586078322638e-01,5.109234665555812960e-01,-3.945819750069105014e-01,6.560269723709806211e-01,-4.287616920539585874e-01,-9.335008443750365537e-01,2.623351409570365278e-01,2.239063072428268131e-01,5.289687844920146764e-01,3.990079025755564890e-02,1.005185804223309443e-01,3.638626998412529678e-01,4.127912438065271528e-01,8.901533818829510114e-02,1.633757819817349688e-02,1.000000000000000000e+00,1.834040991403533827e-01,3.334550132105714715e-01
9.264973000000000791e-01,6.953179126663915355e-01,1.881528079800859898e-01,1.836526221941135184e-01,-3.972427419637587498e-01,-5.126407037371826236e-01,3.924111510858691032e-01,-4.002828872005846916e-01,5.941910970770715172e-01,4.637953599429128770e-01,1.934714536906928795e-01,6.671426579319947869e-01,-3.565597771335301536e-01,-4.678958891232968265e-01,-6.290388889329111555e-01,-2.552919956567774665e-02,5.317565807246993348e-01,-2.563579313045070140e-01,-4.510633842458194320e-01,4.710100263038219937e-01,2.892194999828210378e-01,-2.500179308889696195e-01,-6.473806386281216740e-01,1.152330355603555651e-01,3.420245373197901562e-01,-5.402144142396899662e-01,7.461734871563698024e-02,-6.204724244140460421e-01,-6.565760863965811600e-01,-6.881481818569485931e-01,-6.874459372023732362e-01,8.681007450309226048e-01,8.258280487458860009e-01,8.153805949908138340e-01,5.392111928084996064e-01,8.993114659445460290e-01,1.834040991403533827e-01,1.000000000000000000e+00,-2.089640352602822049e-01
-4.010095000000000187e-01,3.061024181333182881e-02,-8.292998693125691601e-01,3.335992129957316976e-01,7.893264329361822373e-02,-1.140883476687161169e-01,3.230818565145665566e-01,5.721466403042601012e-01,-4.335667441398548538e-01,-6.159970435566404223e-01,5.007111519652558407e-01,1.482206448535734918e-02,-1.005801282634645327e-01,5.205591448806711208e-01,-3.039342950466696336e-01,-3.516396942409823895e-02,7.112837715578380904e-02,2.584763540666218939e-01,-5.352868822803636961e-01,3.829647764618061140e-02,-1.109165015719580372e-01,5.772573027734794193e-01,1.439739222400273078e-01,4.859898477954494728e-02,-2.201712559535402847e-01,2.629252097480919148e-01,-3.486452414115007170e-01,1.061113475561293318e-01,9.987157169763086206e-02,4.444743536981783927e-01,6.243776365758183511e-01,-4.461271952554827225e-01,-1.098235345548031761e-01,-1.866773509519377705e-01,3.746078665304392041e-01,-4.027572548090394555e-01,3.334550132105714715e-01,-2.089640352602822049e-01,1.000000000000000000e+00
