1.0,0.024416564715173974,0.24254090319600125,-0.095716887002059658,-0.10715856736681302,-0.25122742114321406,-0.80308155142096294,0.075490744487075379,-0.2616313311021119,0.42938358289172618,0.58290847155980663,-0.4922474181874581,0.61303892565249651,-0.59463131824203008,0.059273303318058579,-0.2150745238790423,0.57172961210116502,-0.22563155539562829,-0.40700571326541207,-0.5285325708849653,-0.22987366050101521,-0.42561352889032483,-0.38591906161698958,0.42875889437175718,-0.47950861466925171,0.66371974159168812,-0.59560686410761177,-0.019922985039639858,-0.43504921530634405,-0.06575647214563618,-0.29704167999999997,-0.066050988260656252,0.29442850030726569,-0.71543854027564169,0.3019669764954715,0.63652297621772957,-0.13874954087351798,0.47296213967713019,-0.0077511943067208652
0.024416564715173974,1.0,0.59870444742724283,-0.10187885023751032,0.654184255547129,-0.57876845286465251,-0.31829915869267505,-0.13816534273107164,-0.49328518760662582,0.28760777758261824,-0.36866170772052836,0.18254433662608077,0.0034598029161202488,0.11777817408385138,-0.37393030761076063,-0.34138586877114679,0.10307442676971619,-0.58097056505060196,0.72281044036263187,0.50991170531492458,-0.33176672724393241,0.21757432256418507,0.11135628764493527,0.54928046910579931,0.31682442723376597,0.29334202142068372,0.033618700225599291,0.089132746474354416,-0.7438914066544039,0.90068967061486371,-0.54223803999999998,-0.082416668733164791,0.32036462889625072,-0.12307078686297758,-0.6182702153693006,-0.030854122066330647,-0.49779149727683575,0.7684148788889329,-0.23029925536359114
0.24254090319600125,0.59870444742724283,1.0,-0.49775477363415488,-0.074094679870595759,0.053707719109839416,-0.29698119677329859,0.40924030986815313,0.10693308654534465,0.0088232726826294253,-0.22419036966848399,-0.46605746849086804,0.13193691748779679,-0.33611015162900992,-0.63090397850699942,0.25435924111383479,0.47689291523635313,-0.82125588279699746,0.16308696985661006,0.13797348788454677,0.21752183125417329,0.34262111325915084,-0.55696895938269286,0.32802306240068463,0.46904246894542506,0.60618437743847509,0.12707997825746981,0.29724001122369581,-0.2938361028165849,0.47980653923792016,0.087828000000000017,-0.22613621125079406,-0.3286899920519033,-0.15342337469038136,-0.59768798228907194,0.014712115311824193,-0.62304235665237873,0.45839661500832873,-0.5046308113403527
-0.095716887002059658,-0.10187885023751032,-0.49775477363415488,1.0,0.20142422006689539,-0.29738850762393998,0.03006406794212815,-0.18261926413016094,-0.55871542892239556,0.58484527608225489,0.34074714558685287,0.1834533422599913,0.0062850439593209618,0.092083061866396199,0.79850791058919313,-0.33195620290047201,-0.3268238074882302,0.4236547750670005,-0.11851161378907102,-0.12294085541481192,-0.59943103939733566,-0.065607291319660588,0.58424275425102479,0.24140294333373552,-0.34536103743966556,-0.37433979044780219,-0.27065524480384778,-0.27904573640144759,-0.12226043003689976,-0.079084363482596176,-0.47552329999999998,-0.2879611312363598,0.5692003275227534,-0.26253257248545253,0.41890487855413666,0.45327562546963829,0.70933599942079362,0.011692693606980616,0.016218109020377996
-0.10715856736681302,0.654184255547129,-0.074094679870595759,0.20142422006689539,1.0,-0.84408853108526161,-0.15636774314434126,-0.80486442626947619,-0.71080911751727305,0.39665027897961913,-0.19895012207664828,0.48663311900021128,-0.20596648526607728,0.48121367449623564,0.10647435425255039,-0.8645687222199806,-0.36923925234832161,0.15391665172981964,0.75889342171061114,0.5561807212420915,-0.66391408174322875,-0.30645178373206144,0.67438639052464233,0.30411110398587071,-0.21710015784923176,-0.020129641516056819,0.024588145063608721,-0.21278758084916044,-0.70352131063480372,0.69999801986889976,-0.74227700000000008,-0.0033388078591809148,0.67936745059213666,-0.016035449184846191,-0.33611474367987193,-0.11641492262308935,-0.056880239181871829,0.57000328361272767,0.14513692472020429
-0.25122742114321406,-0.57876845286465251,0.053707719109839416,-0.29738850762393998,-0.84408853108526161,1.0,0.56539457525816772,0.66291811887251795,0.79885613049714033,-0.5211297966807058,-0.22369892116240869,-0.20232949149070004,-0.19147385962063826,-0.042375053741806466,-0.16072218730412735,0.85595760308554714,-0.030469599717215363,-0.18476807706219658,-0.46400156263246944,-0.12173473806898122,0.69543614387547403,0.52941552363067657,-0.43390503644464473,-0.58159646152552502,0.50916769869232059,-0.1205226397763309,0.42604702633080072,0.062437981113544969,0.89949109167459229,-0.49069870222012008,0.87758478000000006,0.1245908736874609,-0.84931237399283566,0.3882831149994635,-0.0016326541491992475,-0.31204207482861612,0.11803900359717738,-0.7798543912797854,-0.26232384146416948
-0.80308155142096294,-0.31829915869267505,-0.29698119677329859,0.03006406794212815,-0.15636774314434126,0.56539457525816772,1.0,-0.020919880028772892,0.50701782328385614,-0.50173348448150656,-0.64787525252121114,0.48698506530674379,-0.75595845087485469,0.7135807686319301,-0.01636830513667431,0.38496532784398446,-0.71574306342250638,0.19321187124228337,0.18694782609067348,0.52110172249222819,0.38321483111751603,0.51507829601103983,0.33587546952284875,-0.77424704115830711,0.48845616189564073,-0.64641336407460626,0.78280073452262522,0.01680452071486448,0.76833977487438765,-0.13808980725156111,0.58481804000000004,0.15597883361625345,-0.53374648894501597,0.79516728113731694,-0.27860234987715427,-0.70414683019375135,0.25841889468942908,-0.80812264808380208,-0.13293810162839473
0.075490744487075379,-0.13816534273107164,0.40924030986815313,-0.18261926413016094,-0.80486442626947619,0.66291811887251795,-0.020919880028772892,1.0,0.48208806164916029,-0.27152505485006784,0.04191681782111193,-0.42221239418878265,0.29023282944712642,-0.55408120811351458,-0.288366481541319,0.85859106779092753,0.51964606152433501,-0.54767855781993469,-0.47673068539571495,-0.39039574928794085,0.55382044482149428,0.59876826375921055,-0.71854478404766564,0.075412099127048535,0.50598056086374399,0.12245853238073595,-0.077703283801022052,0.17803499943129386,0.36417268784598655,-0.28428360137461628,0.49515960000000003,-0.038108221411686106,-0.55897107248712563,-0.058811485481337064,0.082909715368754355,0.19159028030623451,-0.17516333128664857,-0.17908712845261859,-0.27658019144014112
-0.2616313311021119,-0.49328518760662582,0.10693308654534465,-0.55871542892239556,-0.71080911751727305,0.79885613049714033,0.50701782328385614,0.48208806164916029,1.0,-0.86922181825935396,-0.2971834785082702,-0.099880560278080815,-0.34814931942820365,0.010239161280672539,-0.56038819594035294,0.7952100323375767,0.077591645765903161,-0.08356482821084496,-0.36461736733758288,-0.028328119241265021,0.96203825762870498,0.41107530976038864,-0.5689034274373248,-0.69322328362811436,0.35631131874207245,-0.21106266960987341,0.47761574730299988,0.30769535365958023,0.77769389176241366,-0.54824691922802449,0.97767113999999999,0.11405321145315894,-0.94328802457340366,0.6183940203110514,-0.16261530279885905,-0.42354277347633668,-0.32453105485756256,-0.67717789032113784,0.10341498595668089
0.42938358289172618,0.28760777758261824,0.0088232726826294253,0.58484527608225489,0.39665027897961913,-0.5211297966807058,-0.50173348448150656,-0.27152505485006784,-0.86922181825935396,1.0,0.4544780456326889,-0.18765958918055259,0.40593848699958607,-0.16905850645816076,0.65752065208343891,-0.60873444621807871,0.015147808494766607,-0.0045156406087689914,0.018375780872355679,-0.17101059223093429,-0.88598577378063992,-0.32247402811710923,0.36193569816349502,0.66001476058654485,-0.35429506449306641,0.35573624047427399,-0.47211482155558143,-0.26775118012060345,-0.58397961338704951,0.35855437990600914,-0.78922713999999994,-0.25388188087058144,0.74716856883503824,-0.76092927654841613,0.23656389536320954,0.57448534829213649,0.46378872186725406,0.54138937042641044,-0.27433816910992304
0.58290847155980663,-0.36866170772052836,-0.22419036966848399,0.34074714558685287,-0.19895012207664828,-0.22369892116240869,-0.64787525252121114,0.04191681782111193,-0.2971834785082702,0.4544780456326889,1.0,-0.59786212994626919,0.69003260169950575,-0.72923419290172853,0.48149073111346485,-0.21787067312271957,0.52981017982297429,0.41639022896941064,-0.6730553433715839,-0.88978043779066818,-0.29377924080999585,-0.62185579559220461,-0.24875420436328075,0.52145732614203411,-0.69287088695083932,0.17247624891663163,-0.83081235021959654,-0.12911856649711936,-0.26919062942114047,-0.51640301551867962,-0.31507503999999997,-0.39122046995380821,0.41410965710745046,-0.69342041866786641,0.77943767888912296,0.86971378611977845,0.27828614579237043,0.27920065042769965,0.27065844571098052
-0.4922474181874581,0.18254433662608077,-0.46605746849086804,0.1834533422599913,0.48663311900021128,-0.20232949149070004,0.48698506530674379,-0.42221239418878265,-0.099880560278080815,-0.18765958918055259,-0.59786212994626919,1.0,-0.58557554846290327,0.84179142145107611,-0.011117163990343126,-0.24166021832215362,-0.64536100658630779,0.19421739632561671,0.57834383680104873,0.65627228633793944,-0.075574347774884754,0.27474962596857599,0.6280685224099487,-0.35993917022646466,0.093535422992108472,-0.60220004088235268,0.37345953416348393,-0.16353924979981477,0.045524220475618361,0.25594021252771365,-0.12520737999999998,0.53736308716208925,0.16962557975053705,0.5669505949248359,-0.23253393978080777,-0.53641848500889588,0.017958904469937521,-0.17614816374371689,0.31832418489848152
0.61303892565249651,0.0034598029161202488,0.13193691748779679,0.0062850439593209618,-0.20596648526607728,-0.19147385962063826,-0.75595845087485469,0.29023282944712642,-0.34814931942820365,0.40593848699958607,0.69003260169950575,-0.58557554846290327,1.0,-0.81455914789032813,0.1663743705767991,-0.011893311881367705,0.76360490106859336,-0.11583672139745024,-0.28670433063397466,-0.77868947597067117,-0.25593279043061007,-0.436164717254729,-0.40027677484265806,0.70711358001272706,-0.21870824798650632,0.42761799649450427,-0.88814672922428484,0.090708841165591317,-0.40806823849967083,-0.099279510836903895,-0.4075474,-0.032399253407781187,0.40182936334360586,-0.80442259265946758,0.63448882155418362,0.6866028932035434,-0.028484996707289763,0.47446054558018896,-0.15330447177480347
-0.59463131824203008,0.11777817408385138,-0.33611015162900992,0.092083061866396199,0.48121367449623564,-0.042375053741806466,0.7135807686319301,-0.55408120811351458,0.010239161280672539,-0.16905850645816076,-0.72923419290172853,0.84179142145107611,-0.81455914789032813,1.0,0.016571114082128413,-0.24389516932874125,-0.87111539600587229,0.18841279402414518,0.59655620295044987,0.83728819001610266,-0.072437649046732042,0.26500983772411957,0.69622246316265257,-0.5691520751893937,0.20334540866087344,-0.48385973830012852,0.70748373331554693,-0.12288956712481923,0.22568969819614801,0.32014706947907856,0.053071099999999927,0.3311635631499269,-0.033968033407712588,0.66172709689735432,-0.4702219803806662,-0.72067811756069045,0.14015751831588444,-0.35236592851097082,0.063570087260731128
0.059273303318058579,-0.37393030761076063,-0.63090397850699942,0.79850791058919313,0.10647435425255039,-0.16072218730412735,-0.01636830513667431,-0.288366481541319,-0.56038819594035294,0.65752065208343891,0.48149073111346485,-0.011117163990343126,0.1663743705767991,0.016571114082128413,1.0,-0.40712037333136464,-0.37475302383151232,0.52885681818937202,-0.25017654799828781,-0.26874925146732764,-0.70657567478348304,-0.38093915386967159,0.60185365519112344,0.13026599807344483,-0.45304984534367854,-0.12169767207850879,-0.30287455347809722,-0.43124039212937254,0.015996729709599089,-0.17680948835992361,-0.43485602000000001,-0.15879741270154157,0.58211953340880562,-0.42640179754987695,0.58611669003152056,0.3773582952954222,0.94345903265590481,-0.13845171781698046,-0.059652389865393007
-0.2150745238790423,-0.34138586877114679,0.25435924111383479,-0.33195620290047201,-0.8645687222199806,0.85595760308554714,0.38496532784398446,0.85859106779092753,0.7952100323375767,-0.60873444621807871,-0.21787067312271957,-0.24166021832215362,-0.011893311881367705,-0.24389516932874125,-0.40712037333136464,1.0,0.26098664485233281,-0.37709719165482747,-0.38374392491094617,-0.19985556975840935,0.80684836111016722,0.64664396931018109,-0.62890206625173561,-0.34567611807135057,0.62400739567624397,-0.1412445288860249,0.24197936237763895,0.37297908090798648,0.69751441635552835,-0.41614818391276254,0.80320268000000006,0.054809379520810796,-0.81918167129750474,0.30087973332593376,-0.008821158204336127,-0.16791567209302721,-0.18968956278960877,-0.54812957540524576,-0.253875516505707
0.57172961210116502,0.10307442676971619,0.47689291523635313,-0.3268238074882302,-0.36923925234832161,-0.030469599717215363,-0.71574306342250638,0.51964606152433501,0.077591645765903161,0.015147808494766607,0.52981017982297429,-0.64536100658630779,0.76360490106859336,-0.87111539600587229,-0.37475302383151232,0.26098664485233281,1.0,-0.32089559950775137,-0.37927110425088789,-0.69291246325802947,0.24385270100631939,-0.14360181785689624,-0.82137073450090825,0.58355335796740482,-0.095838874701964435,0.41329295498373053,-0.67435652373145527,0.26158982233754757,-0.33929594539354874,-0.18987551953038748,-0.036444820000000044,-0.14610789321418063,-0.041474039596120907,-0.49467013546343125,0.29622594589819862,0.59014845152214457,-0.52800540885464142,0.49174851785964924,0.033085884585328039
-0.22563155539562829,-0.58097056505060196,-0.82125588279699746,0.4236547750670005,0.15391665172981964,-0.18476807706219658,0.19321187124228337,-0.54767855781993469,-0.08356482821084496,-0.0045156406087689914,0.41639022896941064,0.19421739632561671,-0.11583672139745024,0.18841279402414518,0.52885681818937202,-0.37709719165482747,-0.32089559950775137,1.0,-0.20022891541348406,-0.24544470372361149,-0.17569175805235904,-0.56471666401563592,0.42580962229582786,-0.20806801244416831,-0.63575597714900611,-0.58258904300502234,-0.19012722219682926,-0.25033895062862027,0.15240334900019364,-0.54949655210793091,-0.093787100000000012,-0.075955288305743787,0.30145563385059609,0.13527125075666105,0.55962129551293094,0.10581350237935798,0.47539046339238689,-0.29519335827192156,0.55134785862683389
-0.40700571326541207,0.72281044036263187,0.16308696985661006,-0.11851161378907102,0.75889342171061114,-0.46400156263246944,0.18694782609067348,-0.47673068539571495,-0.36461736733758288,0.018375780872355679,-0.6730553433715839,0.57834383680104873,-0.28670433063397466,0.59655620295044987,-0.25017654799828781,-0.38374392491094617,-0.37927110425088789,-0.20022891541348406,1.0,0.77030374897407594,-0.29105233465145375,0.1079796228322826,0.52380994170330653,0.070679324929383475,0.36797675494830001,-0.094253019455911399,0.3216083585678417,0.033166437093808218,-0.39622835296525688,0.82764208943708495,-0.40506328000000003,0.27928381159939147,0.28304366382275853,0.26878665347385106,-0.56213519599436645,-0.52970419068501118,-0.26850241768098099,0.31988430369103338,-0.22383605067322684
-0.5285325708849653,0.50991170531492458,0.13797348788454677,-0.12294085541481192,0.5561807212420915,-0.12173473806898122,0.52110172249222819,-0.39039574928794085,-0.028328119241265021,-0.17101059223093429,-0.88978043779066818,0.65627228633793944,-0.77868947597067117,0.83728819001610266,-0.26874925146732764,-0.19985556975840935,-0.69291246325802947,-0.24544470372361149,0.77030374897407594,1.0,-0.054228589740518141,0.40374363680810532,0.52817909668398633,-0.38214807209994373,0.42660581911965978,-0.12606429802496288,0.79839764567834215,-0.045539945972532192,-0.00295323401073605,0.67360832166796103,0.0092422199999999677,0.20206462292819538,-0.10626658171112138,0.58253283031972991,-0.83597669056278612,-0.75719164756798041,-0.14305086023777391,-0.066963763677942989,-0.15203088897428774
-0.22987366050101521,-0.33176672724393241,0.21752183125417329,-0.59943103939733566,-0.66391408174322875,0.69543614387547403,0.38321483111751603,0.55382044482149428,0.96203825762870498,-0.88598577378063992,-0.29377924080999585,-0.075574347774884754,-0.25593279043061007,-0.072437649046732042,-0.70657567478348304,0.80684836111016722,0.24385270100631939,-0.17569175805235904,-0.29105233465145375,-0.054228589740518141,1.0,0.46554439203705633,-0.67145556560612063,-0.53423869488760489,0.38812101469196481,-0.22077302851368985,0.36170323689518546,0.3717419644339624,0.62166851346458962,-0.47936084251437122,0.89642324000000007,0.14816345233751177,-0.89892024666027026,0.59149648256516418,-0.18079329786387288,-0.35678284577290081,-0.51886598527198358,-0.49871130834089156,0.15672549630348095
-0.42561352889032483,0.21757432256418507,0.34262111325915084,-0.065607291319660588,-0.30645178373206144,0.52941552363067657,0.51507829601103983,0.59876826375921055,0.41107530976038864,-0.32247402811710923,-0.62185579559220461,0.27474962596857599,-0.436164717254729,0.26500983772411957,-0.38093915386967159,0.64664396931018109,-0.14360181785689624,-0.56471666401563592,0.1079796228322826,0.40374363680810532,0.46554439203705633,1.0,-0.18040658675809382,-0.22403104480611791,0.78257499088036342,-0.26298052718310838,0.53615498831467445,0.14451472797329767,0.38759176954902286,0.15304903290204269,0.45667093999999997,0.067928936718314625,-0.57739782813705998,0.46583946774404889,-0.48982284966448592,-0.33051094749647753,-0.19236654193385705,-0.2793790295387617,-0.27577036605712879
-0.38591906161698958,0.11135628764493527,-0.55696895938269286,0.58424275425102479,0.67438639052464233,-0.43390503644464473,0.33587546952284875,-0.71854478404766564,-0.5689034274373248,0.36193569816349502,-0.24875420436328075,0.6280685224099487,-0.40027677484265806,0.69622246316265257,0.60185365519112344,-0.62890206625173561,-0.82137073450090825,0.42580962229582786,0.52380994170330653,0.52817909668398633,-0.67145556560612063,-0.18040658675809382,1.0,-0.14145717157226007,-0.17739209007092921,-0.34002309210299564,0.22629037585171208,-0.34160969122780777,-0.11811656809039801,0.36518510203074012,-0.49170636000000001,0.10963768624149775,0.57013974073305085,0.11611705918418677,-0.044951517244861308,-0.26702087418951309,0.59089021221529348,-0.081946933191852062,-0.019441898447663187
0.42875889437175718,0.54928046910579931,0.32802306240068463,0.24140294333373552,0.30411110398587071,-0.58159646152552502,-0.77424704115830711,0.075412099127048535,-0.69322328362811436,0.66001476058654485,0.52145732614203411,-0.35993917022646466,0.70711358001272706,-0.5691520751893937,0.13026599807344483,-0.34567611807135057,0.58355335796740482,-0.20806801244416831,0.070679324929383475,-0.38214807209994373,-0.53423869488760489,-0.22403104480611791,-0.14145717157226007,1.0,-0.14164526097773844,0.33317784677212814,-0.73971175214218599,-0.032102873825872465,-0.81311122737422348,0.34660076600712997,-0.74182590000000004,-0.34733281898431012,0.61979264633773612,-0.73079547584667015,0.21800685942613213,0.73106363119319218,-0.13170609388539961,0.86875520794947036,-0.098333482265731215
-0.47950861466925171,0.31682442723376597,0.46904246894542506,-0.34536103743966556,-0.21710015784923176,0.50916769869232059,0.48845616189564073,0.50598056086374399,0.35631131874207245,-0.35429506449306641,-0.69287088695083932,0.093535422992108472,-0.21870824798650632,0.20334540866087344,-0.45304984534367854,0.62400739567624397,-0.095838874701964435,-0.63575597714900611,0.36797675494830001,0.42660581911965978,0.38812101469196481,0.78257499088036342,-0.17739209007092921,-0.14164526097773844,1.0,-0.070163671980344011,0.52562714774266928,0.26657335583942332,0.32777543155763167,0.36350271761857655,0.39086080000000001,0.078660244696934417,-0.54517977219346603,0.37842461862785876,-0.52627998608098081,-0.4730583186865191,-0.24734350624176382,-0.21374448171100702,-0.56286256369803367
0.66371974159168812,0.29334202142068372,0.60618437743847509,-0.37433979044780219,-0.020129641516056819,-0.1205226397763309,-0.64641336407460626,0.12245853238073595,-0.21106266960987341,0.35573624047427399,0.17247624891663163,-0.60220004088235268,0.42761799649450427,-0.48385973830012852,-0.12169767207850879,-0.1412445288860249,0.41329295498373053,-0.58258904300502234,-0.094253019455911399,-0.12606429802496288,-0.22077302851368985,-0.26298052718310838,-0.34002309210299564,0.33317784677212814,-0.070163671980344011,1.0,-0.16544210920840888,0.014807054193887892,-0.38015825079806281,0.36566053333877679,-0.18283291999999995,-0.070984046537222567,0.073007311242907713,-0.59276245711999975,-0.20764897193015147,0.19191878042167332,-0.18390880897957385,0.45776842643630727,-0.35939756719152582
-0.59560686410761177,0.033618700225599291,0.12707997825746981,-0.27065524480384778,0.024588145063608721,0.42604702633080072,0.78280073452262522,-0.077703283801022052,0.47761574730299988,-0.47211482155558143,-0.83081235021959654,0.37345953416348393,-0.88814672922428484,0.70748373331554693,-0.30287455347809722,0.24197936237763895,-0.67435652373145527,-0.19012722219682926,0.3216083585678417,0.79839764567834215,0.36170323689518546,0.53615498831467445,0.22629037585171208,-0.73971175214218599,0.52562714774266928,-0.16544210920840888,1.0,0.032040127638887916,0.52769535223026587,0.22117061276558636,0.56211490000000008,0.081291963742596035,-0.60839987079720748,0.75246346904253625,-0.76067511235482266,-0.82322090743496201,-0.031418735230375687,-0.53726864682844488,-0.18721293230212827
-0.019922985039639858,0.089132746474354416,0.29724001122369581,-0.27904573640144759,-0.21278758084916044,0.062437981113544969,0.01680452071486448,0.17803499943129386,0.30769535365958023,-0.26775118012060345,-0.12911856649711936,-0.16353924979981477,0.090708841165591317,-0.12288956712481923,-0.43124039212937254,0.37297908090798648,0.26158982233754757,-0.25033895062862027,0.033166437093808218,-0.045539945972532192,0.3717419644339624,0.14451472797329767,-0.34160969122780777,-0.032102873825872465,0.26657335583942332,0.014807054193887892,0.032040127638887916,1.0,0.055453723805138862,-0.027068604222605763,0.23801880000000009,-0.095047851574460926,-0.28012934624729929,-0.024300089947647048,-0.099935502573898161,-0.067678702479799818,-0.41111027559106605,-0.010257590762299791,-0.11104776689788325
-0.43504921530634405,-0.7438914066544039,-0.2938361028165849,-0.12226043003689976,-0.70352131063480372,0.89949109167459229,0.76833977487438765,0.36417268784598655,0.77769389176241366,-0.58397961338704951,-0.26919062942114047,0.045524220475618361,-0.40806823849967083,0.22568969819614801,0.015996729709599089,0.69751441635552835,-0.33929594539354874,0.15240334900019364,-0.39622835296525688,-0.00295323401073605,0.62166851346458962,0.38759176954902286,-0.11811656809039801,-0.81311122737422348,0.32777543155763167,-0.38015825079806281,0.52769535223026587,0.055453723805138862,1.0,-0.59072962319707689,0.8606395,0.17445160714264954,-0.7443996615109838,0.54682805653137101,0.075519402415652914,-0.45030773666776236,0.3077110223300849,-0.97245564001193552,-0.084705632191799635
-0.06575647214563618,0.90068967061486371,0.47980653923792016,-0.079084363482596176,0.69999801986889976,-0.49069870222012008,-0.13808980725156111,-0.28428360137461628,-0.54824691922802449,0.35855437990600914,-0.51640301551867962,0.25594021252771365,-0.099279510836903895,0.32014706947907856,-0.17680948835992361,-0.41614818391276254,-0.18987551953038748,-0.54949655210793091,0.82764208943708495,0.67360832166796103,-0.47936084251437122,0.15304903290204269,0.36518510203074012,0.34660076600712997,0.36350271761857655,0.36566053333877679,0.22117061276558636,-0.027068604222605763,-0.59072962319707689,1.0,-0.53580245999999998,0.069712112298741968,0.3426932764457376,-0.09810522642497696,-0.65641624709054203,-0.25936521506120114,-0.23028320688223505,0.5718379562390411,-0.43026439600234057
-0.29704167999999997,-0.54223803999999998,0.087828000000000017,-0.47552329999999998,-0.74227700000000008,0.87758478000000006,0.58481804000000004,0.49515960000000003,0.97767113999999999,-0.78922713999999994,-0.31507503999999997,-0.12520737999999998,-0.4075474,0.053071099999999927,-0.43485602000000001,0.80320268000000006,-0.036444820000000044,-0.093787100000000012,-0.40506328000000003,0.0092422199999999677,0.89642324000000007,0.45667093999999997,-0.49170636000000001,-0.74182590000000004,0.39086080000000001,-0.18283291999999995,0.56211490000000008,0.23801880000000009,0.8606395,-0.53580245999999998,1.0,0.067916520000000036,-0.96240546000000005,0.60265926000000003,-0.18378461999999995,-0.44308586000000005,-0.16339281999999999,-0.76305586000000003,0.0036345799999999429
-0.066050988260656252,-0.082416668733164791,-0.22613621125079406,-0.2879611312363598,-0.0033388078591809148,0.1245908736874609,0.15597883361625345,-0.038108221411686106,0.11405321145315894,-0.25388188087058144,-0.39122046995380821,0.53736308716208925,-0.032399253407781187,0.3311635631499269,-0.15879741270154157,0.054809379520810796,-0.14610789321418063,-0.075955288305743787,0.27928381159939147,0.20206462292819538,0.14816345233751177,0.067928936718314625,0.10963768624149775,-0.34733281898431012,0.078660244696934417,-0.070984046537222567,0.081291963742596035,-0.095047851574460926,0.17445160714264954,0.069712112298741968,0.067916520000000036,1.0,-0.021905493476607696,0.2305780458597558,0.043914050281553929,-0.52444653324378721,-0.11159965460911339,-0.20946234143248296,0.095973617018694862
0.29442850030726569,0.32036462889625072,-0.3286899920519033,0.5692003275227534,0.67936745059213666,-0.84931237399283566,-0.53374648894501597,-0.55897107248712563,-0.94328802457340366,0.74716856883503824,0.41410965710745046,0.16962557975053705,0.40182936334360586,-0.033968033407712588,0.58211953340880562,-0.81918167129750474,-0.041474039596120907,0.30145563385059609,0.28304366382275853,-0.10626658171112138,-0.89892024666027026,-0.57739782813705998,0.57013974073305085,0.61979264633773612,-0.54517977219346603,0.073007311242907713,-0.60839987079720748,-0.28012934624729929,-0.7443996615109838,0.3426932764457376,-0.96240546000000005,-0.021905493476607696,1.0,-0.58628858504704362,0.36955686058698567,0.46028686169777677,0.31517839191912822,0.60863316997109329,0.12080315100424746
-0.71543854027564169,-0.12307078686297758,-0.15342337469038136,-0.26253257248545253,-0.016035449184846191,0.3882831149994635,0.79516728113731694,-0.058811485481337064,0.6183940203110514,-0.76092927654841613,-0.69342041866786641,0.5669505949248359,-0.80442259265946758,0.66172709689735432,-0.42640179754987695,0.30087973332593376,-0.49467013546343125,0.13527125075666105,0.26878665347385106,0.58253283031972991,0.59149648256516418,0.46583946774404889,0.11611705918418677,-0.73079547584667015,0.37842461862785876,-0.59276245711999975,0.75246346904253625,-0.024300089947647048,0.54682805653137101,-0.09810522642497696,0.60265926000000003,0.2305780458597558,-0.58628858504704362,1.0,-0.46270024786685382,-0.74499025124661489,-0.21404002684491688,-0.5645034366173256,0.22482153997800317
0.3019669764954715,-0.6182702153693006,-0.59768798228907194,0.41890487855413666,-0.33611474367987193,-0.0016326541491992475,-0.27860234987715427,0.082909715368754355,-0.16261530279885905,0.23656389536320954,0.77943767888912296,-0.23253393978080777,0.63448882155418362,-0.4702219803806662,0.58611669003152056,-0.008821158204336127,0.29622594589819862,0.55962129551293094,-0.56213519599436645,-0.83597669056278612,-0.18079329786387288,-0.48982284966448592,-0.044951517244861308,0.21800685942613213,-0.52627998608098081,-0.20764897193015147,-0.76067511235482266,-0.099935502573898161,0.075519402415652914,-0.65641624709054203,-0.18378461999999995,0.043914050281553929,0.36955686058698567,-0.46270024786685382,1.0,0.59530485020112245,0.46277493307899209,-0.11582887800035782,0.22634467898439756
0.63652297621772957,-0.030854122066330647,0.014712115311824193,0.45327562546963829,-0.11641492262308935,-0.31204207482861612,-0.70414683019375135,0.19159028030623451,-0.42354277347633668,0.57448534829213649,0.86971378611977845,-0.53641848500889588,0.6866028932035434,-0.72067811756069045,0.3773582952954222,-0.16791567209302721,0.59014845152214457,0.10581350237935798,-0.52970419068501118,-0.75719164756798041,-0.35678284577290081,-0.33051094749647753,-0.26702087418951309,0.73106363119319218,-0.4730583186865191,0.19191878042167332,-0.82322090743496201,-0.067678702479799818,-0.45030773666776236,-0.25936521506120114,-0.44308586000000005,-0.52444653324378721,0.46028686169777677,-0.74499025124661489,0.59530485020112245,1.0,0.14418060315883913,0.48848462173505036,0.087999783119928815
-0.13874954087351798,-0.49779149727683575,-0.62304235665237873,0.70933599942079362,-0.056880239181871829,0.11803900359717738,0.25841889468942908,-0.17516333128664857,-0.32453105485756256,0.46378872186725406,0.27828614579237043,0.017958904469937521,-0.028484996707289763,0.14015751831588444,0.94345903265590481,-0.18968956278960877,-0.52800540885464142,0.47539046339238689,-0.26850241768098099,-0.14305086023777391,-0.51886598527198358,-0.19236654193385705,0.59089021221529348,-0.13170609388539961,-0.24734350624176382,-0.18390880897957385,-0.031418735230375687,-0.41111027559106605,0.3077110223300849,-0.23028320688223505,-0.16339281999999999,-0.11159965460911339,0.31517839191912822,-0.21404002684491688,0.46277493307899209,0.14418060315883913,1.0,-0.41530217427027299,-0.16499089162703429
0.47296213967713019,0.7684148788889329,0.45839661500832873,0.011692693606980616,0.57000328361272767,-0.7798543912797854,-0.80812264808380208,-0.17908712845261859,-0.67717789032113784,0.54138937042641044,0.27920065042769965,-0.17614816374371689,0.47446054558018896,-0.35236592851097082,-0.13845171781698046,-0.54812957540524576,0.49174851785964924,-0.29519335827192156,0.31988430369103338,-0.066963763677942989,-0.49871130834089156,-0.2793790295387617,-0.081946933191852062,0.86875520794947036,-0.21374448171100702,0.45776842643630727,-0.53726864682844488,-0.010257590762299791,-0.97245564001193552,0.5718379562390411,-0.76305586000000003,-0.20946234143248296,0.60863316997109329,-0.5645034366173256,-0.11582887800035782,0.48848462173505036,-0.41530217427027299,1.0,0.02434025794015976
-0.0077511943067208652,-0.23029925536359114,-0.5046308113403527,0.016218109020377996,0.14513692472020429,-0.26232384146416948,-0.13293810162839473,-0.27658019144014112,0.10341498595668089,-0.27433816910992304,0.27065844571098052,0.31832418489848152,-0.15330447177480347,0.063570087260731128,-0.059652389865393007,-0.253875516505707,0.033085884585328039,0.55134785862683389,-0.22383605067322684,-0.15203088897428774,0.15672549630348095,-0.27577036605712879,-0.019441898447663187,-0.098333482265731215,-0.56286256369803367,-0.35939756719152582,-0.18721293230212827,-0.11104776689788325,-0.084705632191799635,-0.43026439600234057,0.0036345799999999429,0.095973617018694862,0.12080315100424746,0.22482153997800317,0.22634467898439756,0.087999783119928815,-0.16499089162703429,0.02434025794015976,1.0
