1.000000000000000000e+00,-8.734980964544966642e-02,-5.385233999999999854e-01,1.394575255500623001e-01,-2.907752805633989635e-01,6.645477651268207053e-02,7.453572327369578643e-01,-6.841893583111361421e-01,4.665738498799553158e-01,2.110762200011402356e-01,3.052753383343738136e-01,4.598862428480686715e-01,6.836530554887088051e-01,1.366900483821616163e-01,-8.208817902265929112e-01,7.600388661961028358e-01,1.843033711912565598e-01,-3.144919017270105255e-01,3.487838077013009075e-01,-2.409177565642420804e-01,-4.460376156818920967e-01,-3.332123540974015197e-01,5.362270996231051079e-01,5.305340007466715635e-01,-4.537587233355826477e-01,3.615919043605072547e-01,5.063340522001879007e-01,2.714572966176916902e-01,-1.005912570802864892e-01,-5.257105568434601306e-01,3.893445173439717966e-01,-4.055425382119287048e-01,6.055367716903758968e-01,-6.913054481184041089e-01,4.919572430837536592e-01,-3.819982423268915017e-01,-9.946806217907677716e-02,2.368688487241572549e-01,-3.591894387858701743e-01
-8.734980964544966642e-02,1.000000000000000000e+00,-7.214575999999999212e-01,-3.001157736521803399e-01,-3.907745021091953430e-01,8.793095804136424887e-01,3.447169363592928470e-01,-1.040846637092367605e-01,6.598391862359276328e-01,4.729105473394998316e-01,-2.788740289091731772e-01,7.415998423243376214e-01,-4.115457849626097397e-01,-6.840541374972447519e-01,-1.098528528415725625e-01,-3.127290478980849359e-02,5.826207034637576054e-01,3.133133302847059820e-01,8.427569440490949582e-01,1.780040966466474583e-01,-7.638089179452718369e-01,-3.817581527065124739e-05,-4.372074551766620409e-01,-1.773916385801636506e-02,4.599518086847842469e-01,6.392251649148859016e-01,6.030305627285280634e-01,-5.711657304539696778e-02,3.497958060015945309e-02,-6.671828911864390310e-01,-8.008038284195301282e-01,2.075469410843485407e-01,1.909096488167939532e-01,-5.190268971529662378e-01,-7.074436229654025299e-01,-7.809207198396442839e-01,-8.767787195876346473e-01,2.022713461891535447e-01,2.165527112709738147e-02
-5.385233999999999854e-01,-7.214575999999999212e-01,1.000000000000000000e+00,2.744070000000000675e-01,5.103514799999999685e-01,-7.872346000000000066e-01,-8.450461400000000012e-01,4.412776400000000265e-01,-9.447324000000000277e-01,-5.649507200000000173e-01,-5.874957999999996794e-02,-9.793101800000000301e-01,-1.691771399999999481e-01,4.877860000000000529e-01,6.879772200000000559e-01,-5.090095599999999720e-01,-7.068809799999999921e-01,-1.024076999999999904e-01,-9.725699800000000561e-01,6.458539999999901582e-03,9.299156399999999323e-01,-3.125339999999998675e-02,-5.182891999999994503e-02,-2.413895600000000030e-01,1.589448000000004413e-02,-8.859659800000000418e-01,-9.315312000000000037e-01,-2.173446599999999673e-01,-2.362257800000000518e-01,8.528610199999999697e-01,3.419617600000000035e-01,1.595871999999998181e-02,-3.846593600000000057e-01,9.166742599999999630e-01,3.176147199999999060e-01,9.040956200000000997e-01,8.640346800000000549e-01,-3.758578399999999986e-01,-8.868740000000041590e-03
1.394575255500623001e-01,-3.001157736521803399e-01,2.744070000000000675e-01,1.000000000000000000e+00,-2.090862299092955193e-02,-1.884657815837245121e-01,-2.010805337436570583e-02,6.211340567263687329e-02,-3.827551656317226825e-01,2.411427964270960178e-01,2.327372191958194669e-01,-2.915244745685838246e-01,3.538669316017149513e-01,1.257417644193162820e-01,1.684273827944691160e-01,-3.522700545915671833e-02,-2.027651138191337299e-01,-1.232091179122197649e-01,-3.028290907783671160e-01,4.362982818192832069e-01,2.654956940842290725e-01,-2.977112657967923570e-01,-2.644165353849708619e-03,6.569823813371364341e-02,1.475052220799409897e-01,-3.533309004252002117e-01,-2.917765604037885763e-01,-2.575446610433132499e-01,-6.259334279497842379e-01,4.088844800189853079e-01,4.454577686902133626e-01,-7.127361856978516874e-01,3.472079031362279578e-01,1.572647953955864375e-01,5.821752999434655074e-01,2.722829784646562667e-01,4.271364258904846167e-01,-5.679042463441112687e-02,-5.101232012314422803e-01
-2.907752805633989635e-01,-3.907745021091953430e-01,5.103514799999999685e-01,-2.090862299092955193e-02,1.000000000000000000e+00,-5.884085681112715127e-01,-6.074923397450078255e-01,4.386548954102740816e-01,-3.494252105106109285e-01,-4.639913321601675245e-01,3.621600579267215125e-01,-5.431979518966671971e-01,-6.641102211613884865e-02,5.027707092698305846e-01,1.920194824815468215e-01,1.222566732281778201e-01,-1.346809797095497585e-01,-4.212061603767069395e-01,-4.782507523512007364e-01,3.126703650439016657e-01,2.904800915008395878e-01,-3.542847710409180451e-01,-5.539240196640837777e-02,-3.872999820162079804e-02,-2.948031346828626775e-01,-3.616255451112980746e-01,-5.507188070381642264e-01,2.509853834169198938e-01,1.354189914826933738e-01,4.418206142387279822e-01,7.260624414682362304e-02,-2.638475525514921705e-01,-3.281688898770062091e-01,3.712943425512373885e-01,3.005624624322851268e-01,5.796498942694734424e-01,3.771895259541550027e-01,-5.280079025508144230e-01,-1.259377856528723361e-01
6.645477651268207053e-02,8.793095804136424887e-01,-7.872346000000000066e-01,-1.884657815837245121e-01,-5.884085681112715127e-01,1.000000000000000000e+00,5.593782938671997274e-01,-3.003266224449997052e-02,6.221891489034681033e-01,6.563819127275641874e-01,-1.212174760959928016e-01,7.779222816598623247e-01,-3.023060174452722459e-01,-8.896231308813054017e-01,-1.299333091735394019e-01,-7.196141937130853816e-02,5.839053987245262922e-01,5.997415883043384355e-01,8.516190763852764523e-01,6.927549208667607705e-02,-6.624614535386126324e-01,3.008975169391852611e-01,-1.806016805678039294e-01,-2.503637518042992061e-01,5.833189609708036016e-01,5.808754489839228485e-01,7.927207716244445423e-01,-3.208293805088927031e-01,-2.299957361582829693e-02,-5.367389909873321319e-01,-5.503893823592617141e-01,1.662112555508114542e-01,3.593550084791416466e-01,-6.458512994194668400e-01,-4.989324261737127508e-01,-8.651125484760036066e-01,-7.744380851905648955e-01,5.784709170069836093e-01,-6.988293599728047367e-02
7.453572327369578643e-01,3.447169363592928470e-01,-8.450461400000000012e-01,-2.010805337436570583e-02,-6.074923397450078255e-01,5.593782938671997274e-01,1.000000000000000000e+00,-6.145731269992285029e-01,7.626215366384389016e-01,6.003390714665254313e-01,1.561718078060308004e-02,8.361435735335314146e-01,5.584559878391341936e-01,-2.754308639157191374e-01,-7.022720881649855418e-01,5.366974054663659066e-01,5.599296010831371628e-01,4.923938231360655560e-02,7.338880362763113840e-01,-1.138717052345406128e-01,-6.787893224466089448e-01,1.097484875379030195e-01,2.779362383600657571e-01,3.522843838967963936e-01,-1.710756653165046992e-01,7.205773480417321242e-01,8.258142730557456179e-01,2.001087734801414719e-01,8.488753216254076028e-02,-6.611758723272360694e-01,1.043192074672833342e-01,-1.037547342662049066e-01,3.861007107328814358e-01,-8.317100963481608433e-01,-1.893577915487114349e-02,-7.257481130995714347e-01,-5.713561023210675938e-01,5.464899768389184231e-01,-3.688164858523880485e-02
-6.841893583111361421e-01,-1.040846637092367605e-01,4.412776400000000265e-01,6.211340567263687329e-02,4.386548954102740816e-01,-3.003266224449997052e-02,-6.145731269992285029e-01,1.000000000000000000e+00,-4.646012249723616705e-01,-2.160863543967256606e-01,3.941295792157594735e-01,-4.933137797509498657e-01,-5.828733432155904781e-01,-2.721581126297954456e-01,6.227547440702397852e-01,-4.530439260303171234e-01,-4.569107093741360537e-02,3.998646541158695222e-01,-3.427505842882322407e-01,3.543440633713957899e-01,4.375233130038521656e-01,3.541398636511926545e-01,-2.065162098908663035e-01,-8.429089743592474981e-01,4.552044535286413618e-01,-4.483242903587775774e-01,-3.159373660253479987e-01,-4.837509079069740037e-01,8.624813389864051383e-02,6.845943497681455936e-01,-1.393632467190268065e-01,-6.529879643946751022e-02,-2.669324964468952621e-01,3.909338073591184237e-01,7.088757354538846589e-02,3.710708874774644728e-01,2.814405434938151984e-01,2.083271145977005911e-02,-6.088600175286578570e-02
4.665738498799553158e-01,6.598391862359276328e-01,-9.447324000000000277e-01,-3.827551656317226825e-01,-3.494252105106109285e-01,6.221891489034681033e-01,7.626215366384389016e-01,-4.646012249723616705e-01,1.000000000000000000e+00,4.209451788471691436e-01,4.705942161599914464e-02,9.508201569866256975e-01,2.439285394042986221e-01,-2.548522564957579895e-01,-7.550450032206089679e-01,6.215847268328138497e-01,7.435819047667064918e-01,-1.352607382286053206e-01,9.312603465335718145e-01,4.635678191265307779e-02,-9.546809656810372191e-01,-2.974683228031052909e-02,-3.944220137139511223e-02,3.861275530343875051e-01,-2.603396471666507561e-01,9.718897981719361034e-01,8.225146709320309002e-01,5.034119501276153041e-01,4.627284539142897390e-01,-8.787331304682965971e-01,-3.742930070620458238e-01,1.609320633524555233e-02,1.441310961748784036e-01,-8.368395851962421306e-01,-4.027655724324130104e-01,-7.767188513611756884e-01,-9.069739940820107371e-01,1.431555474679678530e-01,2.196278969825938565e-01
2.110762200011402356e-01,4.729105473394998316e-01,-5.649507200000000173e-01,2.411427964270960178e-01,-4.639913321601675245e-01,6.563819127275641874e-01,6.003390714665254313e-01,-2.160863543967256606e-01,4.209451788471691436e-01,1.000000000000000000e+00,-5.060084017263125067e-02,6.102174842551936207e-01,1.736553950756341558e-01,-5.551780280801165146e-01,-1.662751123949456622e-01,-3.154037462253320157e-02,3.184036726599934752e-01,4.144266626731026859e-01,6.002156686849657863e-01,1.729038414221131803e-01,-4.345915986995787517e-01,2.172634022024721723e-01,1.105539128586271874e-01,1.972273961783721496e-02,3.637934841035095346e-01,4.502956230587482622e-01,6.414990197069371236e-01,-2.003288209650651297e-01,-2.198822468255386131e-01,-2.429660159312681256e-01,1.207577117154795543e-02,-1.361464182699177183e-01,4.269207570839722021e-01,-5.132700176826726635e-01,-1.371534351625728898e-01,-6.475380412182841772e-01,-4.753403623545261469e-01,3.532498412523123466e-01,-1.028494924081205519e-01
3.052753383343738136e-01,-2.788740289091731772e-01,-5.874957999999996794e-02,2.327372191958194669e-01,3.621600579267215125e-01,-1.212174760959928016e-01,1.561718078060308004e-02,3.941295792157594735e-01,4.705942161599914464e-02,-5.060084017263125067e-02,1.000000000000000000e+00,-5.978603724493227606e-02,2.031884115891992582e-01,3.316795559543350702e-02,-3.691688808091128093e-01,4.607029710113618171e-01,5.390103837345758958e-02,-1.361490902250556967e-01,-1.204569875790290935e-02,1.647910419128533477e-01,-5.286987880757566122e-02,-8.614756437924864230e-02,3.371447593274052856e-01,-2.552308351123240282e-01,-2.122818237206339775e-01,-1.118300926783426415e-02,1.283543870868362191e-01,1.257470269704778765e-02,2.016371040365222966e-01,1.929539736481910295e-01,2.706408523389448040e-01,-5.972126152576384683e-01,3.402907747243293368e-01,-2.794524982896632315e-01,6.421419579033746938e-01,9.910751461400753304e-02,1.848734199795794564e-01,-6.680969872204224613e-02,-2.920508919346029852e-01
4.598862428480686715e-01,7.415998423243376214e-01,-9.793101800000000301e-01,-2.915244745685838246e-01,-5.431979518966671971e-01,7.779222816598623247e-01,8.361435735335314146e-01,-4.933137797509498657e-01,9.508201569866256975e-01,6.102174842551936207e-01,-5.978603724493227606e-02,1.000000000000000000e+00,1.987838206403435282e-01,-4.599590649293371358e-01,-6.607694327578772509e-01,4.322878812353959099e-01,6.608246074389476643e-01,9.611367512399725255e-02,9.750799898806682409e-01,-2.940627869418956097e-02,-9.176651130298413284e-01,8.317796646213132528e-02,-1.378502010605525338e-02,2.942133971039347373e-01,-3.009598131288551692e-02,9.255727102483819468e-01,9.017533635454820784e-01,2.770699707507006671e-01,2.824082002064057240e-01,-8.543480410428868632e-01,-3.575659647552315579e-01,9.295001166778052437e-02,3.049933096782701525e-01,-8.464382689174481111e-01,-4.370447262520462672e-01,-9.016244707538076941e-01,-9.085963298976403868e-01,3.208295021858554863e-01,1.505042067444196663e-01
6.836530554887088051e-01,-4.115457849626097397e-01,-1.691771399999999481e-01,3.538669316017149513e-01,-6.641102211613884865e-02,-3.023060174452722459e-01,5.584559878391341936e-01,-5.828733432155904781e-01,2.439285394042986221e-01,1.736553950756341558e-01,2.031884115891992582e-01,1.987838206403435282e-01,1.000000000000000000e+00,5.352627762685021606e-01,-6.344016509417869099e-01,6.279400350895306682e-01,4.792813510410341010e-02,-5.523479421053729688e-01,2.541873843475867326e-02,-7.232430629330764693e-02,-1.440473429755793899e-01,-2.086797968643995804e-01,2.912098718399669939e-01,6.189245969431178551e-01,-6.936245357028727465e-01,2.660286021978892079e-01,9.450967871743747029e-02,5.419703579861456788e-01,7.718465576499687619e-02,-1.540138537358378690e-01,5.842211989678123274e-01,-3.760594754576820353e-01,1.289727271988673762e-01,-2.836933715975324954e-01,4.587493252459912685e-01,5.278447246838426088e-02,6.975871225797779240e-02,-2.360068265166844620e-02,2.796271549688667674e-02
1.366900483821616163e-01,-6.840541374972447519e-01,4.877860000000000529e-01,1.257417644193162820e-01,5.027707092698305846e-01,-8.896231308813054017e-01,-2.754308639157191374e-01,-2.721581126297954456e-01,-2.548522564957579895e-01,-5.551780280801165146e-01,3.316795559543350702e-02,-4.599590649293371358e-01,5.352627762685021606e-01,1.000000000000000000e+00,-1.731079305139484881e-01,3.942479961198230853e-01,-2.819986853782009417e-01,-8.672700346922773695e-01,-5.608868683116823295e-01,2.192915190731179256e-02,2.962427242675073069e-01,-4.853190059076234464e-01,3.714752686353253730e-02,5.942420019309249124e-01,-8.202033214670316763e-01,-2.104187419140045034e-01,-6.195317592058613432e-01,6.740979619214223506e-01,1.492752578987273926e-01,1.729889361292938355e-01,4.116208825095729607e-01,-2.383393638379669721e-01,-3.996319928522542031e-01,3.805620675138892683e-01,3.611307851372505540e-01,6.874084292598233725e-01,4.549868614701392255e-01,-6.456234622393235423e-01,1.551046166166314133e-01
-8.208817902265929112e-01,-1.098528528415725625e-01,6.879772200000000559e-01,1.684273827944691160e-01,1.920194824815468215e-01,-1.299333091735394019e-01,-7.022720881649855418e-01,6.227547440702397852e-01,-7.550450032206089679e-01,-1.662751123949456622e-01,-3.691688808091128093e-01,-6.607694327578772509e-01,-6.344016509417869099e-01,-1.731079305139484881e-01,1.000000000000000000e+00,-8.622570473630177812e-01,-3.227409214212241251e-01,4.556610987598505025e-01,-5.687259171902454558e-01,2.223798984208855967e-01,6.859439615834258541e-01,2.502576535701142579e-01,-3.064162026969942110e-01,-5.745749283386173412e-01,6.434138828907106644e-01,-6.943977381207150357e-01,-5.903383669271732304e-01,-6.217883868389881830e-01,-3.954585138520375076e-01,7.125498854875534915e-01,-9.224757326792885903e-02,2.158644221603683022e-01,-3.651066568951563118e-01,7.394314246867552676e-01,-1.474583713562214182e-01,4.558501914327985349e-01,4.351926318422482676e-01,3.872185277773168566e-02,-7.673025001738557893e-02
7.600388661961028358e-01,-3.127290478980849359e-02,-5.090095599999999720e-01,-3.522700545915671833e-02,1.222566732281778201e-01,-7.196141937130853816e-02,5.366974054663659066e-01,-4.530439260303171234e-01,6.215847268328138497e-01,-3.154037462253320157e-02,4.607029710113618171e-01,4.322878812353959099e-01,6.279400350895306682e-01,3.942479961198230853e-01,-8.622570473630177812e-01,1.000000000000000000e+00,4.911816139114592028e-01,-6.782242190840706009e-01,3.771568134839961561e-01,1.132125834573274314e-01,-6.025809011846083862e-01,-4.834132846437568243e-01,2.223014929930639816e-01,5.962715010302452878e-01,-7.381116041403070760e-01,5.477629171837349320e-01,3.560225130365300417e-01,6.931824295286870274e-01,3.051973770243443518e-01,-5.501744861020354538e-01,1.274660612433715090e-01,-5.229539184515537009e-01,1.668013177915897149e-01,-6.470775682250257121e-01,3.379365323483021766e-01,-1.893457425632775193e-01,-2.796312246198105478e-01,-1.461266282536247130e-01,-1.317060594157061781e-01
1.843033711912565598e-01,5.826207034637576054e-01,-7.068809799999999921e-01,-2.027651138191337299e-01,-1.346809797095497585e-01,5.839053987245262922e-01,5.599296010831371628e-01,-4.569107093741360537e-02,7.435819047667064918e-01,3.184036726599934752e-01,5.390103837345758958e-02,6.608246074389476643e-01,4.792813510410341010e-02,-2.819986853782009417e-01,-3.227409214212241251e-01,4.911816139114592028e-01,1.000000000000000000e+00,-3.949238512419443736e-02,7.089093602270450933e-01,4.894882634358792561e-01,-7.404231477300972086e-01,3.576285639733675116e-03,-1.983804519599161875e-01,1.058730607282818426e-01,-4.721682651021774646e-02,7.209965590769711330e-01,5.926802014193895962e-01,2.784408795417583349e-01,2.748945214940529680e-01,-5.229452592943040212e-01,-3.786540138747933604e-01,-2.205346684507370481e-01,-1.508782797422730526e-01,-6.721805445278384861e-01,-2.901227947714695721e-01,-5.225524911243267789e-01,-7.339521290745186777e-01,3.003571740230307485e-01,-1.860753822101270799e-02
-3.144919017270105255e-01,3.133133302847059820e-01,-1.024076999999999904e-01,-1.232091179122197649e-01,-4.212061603767069395e-01,5.997415883043384355e-01,4.923938231360655560e-02,3.998646541158695222e-01,-1.352607382286053206e-01,4.144266626731026859e-01,-1.361490902250556967e-01,9.611367512399725255e-02,-5.523479421053729688e-01,-8.672700346922773695e-01,4.556610987598505025e-01,-6.782242190840706009e-01,-3.949238512419443736e-02,1.000000000000000000e+00,1.587577925217729113e-01,-1.864903752016825456e-01,1.628051647026005910e-01,7.207492994073521064e-01,1.227287981851232224e-01,-7.590184765221402730e-01,8.368255943089648596e-01,-1.499634191756040735e-01,3.492812190805840156e-01,-8.355099129958167836e-01,-1.952666579447317474e-01,2.140481429239537714e-01,-1.228310557703011230e-01,4.103533428346668455e-01,2.144345983707307557e-01,-2.995121556328697240e-02,-2.442108312014404925e-01,-3.825231633017031063e-01,-7.718610178817618406e-02,6.885044481067491562e-01,-6.169859157648088094e-02
3.487838077013009075e-01,8.427569440490949582e-01,-9.725699800000000561e-01,-3.028290907783671160e-01,-4.782507523512007364e-01,8.516190763852764523e-01,7.338880362763113840e-01,-3.427505842882322407e-01,9.312603465335718145e-01,6.002156686849657863e-01,-1.204569875790290935e-02,9.750799898806682409e-01,2.541873843475867326e-02,-5.608868683116823295e-01,-5.687259171902454558e-01,3.771568134839961561e-01,7.089093602270450933e-01,1.587577925217729113e-01,1.000000000000000000e+00,6.471275556168536169e-02,-9.394998873396968042e-01,5.411634292126570739e-02,-1.103119906066502287e-01,1.782627574647849822e-01,9.918085194845957520e-02,8.929600465815094035e-01,8.875666875956749191e-01,1.895505721797067777e-01,2.515450344459717047e-01,-8.303822232627077193e-01,-4.999357848351009825e-01,5.474185120146574102e-02,3.168653150220691050e-01,-8.444578425777726771e-01,-4.745579722316171645e-01,-9.100343637370047478e-01,-9.402479193975035177e-01,2.963701622450797268e-01,7.988036070296626601e-02
-2.409177565642420804e-01,1.780040966466474583e-01,6.458539999999901582e-03,4.362982818192832069e-01,3.126703650439016657e-01,6.927549208667607705e-02,-1.138717052345406128e-01,3.543440633713957899e-01,4.635678191265307779e-02,1.729038414221131803e-01,1.647910419128533477e-01,-2.940627869418956097e-02,-7.232430629330764693e-02,2.192915190731179256e-02,2.223798984208855967e-01,1.132125834573274314e-01,4.894882634358792561e-01,-1.864903752016825456e-01,6.471275556168536169e-02,1.000000000000000000e+00,-1.605643125902927459e-01,-2.406934629460286135e-01,-3.482921014512555535e-01,3.147645682883208444e-03,1.042062509977453866e-01,1.158738634619362329e-01,-9.089327982889637558e-02,7.816142120072144817e-02,-1.076102103925943299e-01,1.735597450072940418e-01,-7.531032810494582563e-02,-6.011182191859465451e-01,-2.239844819839045265e-01,-8.113168112781872846e-03,3.107802991804792248e-02,7.069303798156471863e-02,-1.413583985348288996e-01,-2.317433052562886953e-01,-2.519228863984338540e-01
-4.460376156818920967e-01,-7.638089179452718369e-01,9.299156399999999323e-01,2.654956940842290725e-01,2.904800915008395878e-01,-6.624614535386126324e-01,-6.787893224466089448e-01,4.375233130038521656e-01,-9.546809656810372191e-01,-4.345915986995787517e-01,-5.286987880757566122e-02,-9.176651130298413284e-01,-1.440473429755793899e-01,2.962427242675073069e-01,6.859439615834258541e-01,-6.025809011846083862e-01,-7.404231477300972086e-01,1.628051647026005910e-01,-9.394998873396968042e-01,-1.605643125902927459e-01,1.000000000000000000e+00,2.444060173758427212e-01,1.478306277995573570e-01,-4.018587476447205153e-01,1.336645849159946442e-01,-9.092712037852987983e-01,-7.586326418465488830e-01,-4.240661437713604820e-01,-2.581615729705111772e-01,8.952394158023539994e-01,4.930387258970924669e-01,1.171957976255624256e-01,-2.745034526320674351e-01,8.405112194439960938e-01,3.695467338252408918e-01,7.868231821345811339e-01,9.001182323783996075e-01,-7.750147548375954654e-02,-7.335604049583393724e-03
-3.332123540974015197e-01,-3.817581527065124739e-05,-3.125339999999998675e-02,-2.977112657967923570e-01,-3.542847710409180451e-01,3.008975169391852611e-01,1.097484875379030195e-01,3.541398636511926545e-01,-2.974683228031052909e-02,2.172634022024721723e-01,-8.614756437924864230e-02,8.317796646213132528e-02,-2.086797968643995804e-01,-4.853190059076234464e-01,2.502576535701142579e-01,-4.834132846437568243e-01,3.576285639733675116e-03,7.207492994073521064e-01,5.411634292126570739e-02,-2.406934629460286135e-01,2.444060173758427212e-01,1.000000000000000000e+00,1.676545501125450144e-01,-6.166420221533160939e-01,3.161841776521062686e-01,3.030488065081174409e-02,2.868945234367233921e-01,-3.720674434600744207e-01,3.865713130039571399e-01,2.700533730076724037e-01,1.104368204140720733e-01,5.599542214391154404e-01,-2.674749723546824831e-01,8.834855739367021565e-02,-3.065607993509070761e-01,-1.617763828306058305e-01,-8.282173909307385951e-02,5.258683757061208830e-01,5.051306389638431371e-01
5.362270996231051079e-01,-4.372074551766620409e-01,-5.182891999999994503e-02,-2.644165353849708619e-03,-5.539240196640837777e-02,-1.806016805678039294e-01,2.779362383600657571e-01,-2.065162098908663035e-01,-3.944220137139511223e-02,1.105539128586271874e-01,3.371447593274052856e-01,-1.378502010605525338e-02,2.912098718399669939e-01,3.714752686353253730e-02,-3.064162026969942110e-01,2.223014929930639816e-01,-1.983804519599161875e-01,1.227287981851232224e-01,-1.103119906066502287e-01,-3.482921014512555535e-01,1.478306277995573570e-01,1.676545501125450144e-01,1.000000000000000000e+00,3.496614057048624130e-02,-2.287242064474384051e-01,-8.696502786359387727e-02,3.007193558497736063e-01,-1.029384577949106899e-01,-3.215318479129719575e-02,9.533478511861956384e-02,7.257729228996928628e-01,-1.091779340669275095e-01,3.279425261283854809e-01,-1.765436630457090927e-01,5.190594988489024564e-01,-1.070896752555874076e-01,3.137961593796491089e-01,2.691594918045949192e-01,-1.686399655373309603e-01
5.305340007466715635e-01,-1.773916385801636506e-02,-2.413895600000000030e-01,6.569823813371364341e-02,-3.872999820162079804e-02,-2.503637518042992061e-01,3.522843838967963936e-01,-8.429089743592474981e-01,3.861275530343875051e-01,1.972273961783721496e-02,-2.552308351123240282e-01,2.942133971039347373e-01,6.189245969431178551e-01,5.942420019309249124e-01,-5.745749283386173412e-01,5.962715010302452878e-01,1.058730607282818426e-01,-7.590184765221402730e-01,1.782627574647849822e-01,3.147645682883208444e-03,-4.018587476447205153e-01,-6.166420221533160939e-01,3.496614057048624130e-02,1.000000000000000000e+00,-6.719269782905840094e-01,3.973932966363535879e-01,3.354590012964564494e-02,7.531133421615251455e-01,1.966136062695131477e-03,-5.425006705146717678e-01,1.371191832975751090e-01,-2.021247045530853159e-01,2.683996693900416591e-02,-2.380852922516080161e-01,6.996866549297701965e-03,-1.043640879793351350e-01,-2.028211795904606984e-01,-4.242348491887469875e-01,6.399082140055957491e-02
-4.537587233355826477e-01,4.599518086847842469e-01,1.589448000000004413e-02,1.475052220799409897e-01,-2.948031346828626775e-01,5.833189609708036016e-01,-1.710756653165046992e-01,4.552044535286413618e-01,-2.603396471666507561e-01,3.637934841035095346e-01,-2.122818237206339775e-01,-3.009598131288551692e-02,-6.936245357028727465e-01,-8.202033214670316763e-01,6.434138828907106644e-01,-7.381116041403070760e-01,-4.721682651021774646e-02,8.368255943089648596e-01,9.918085194845957520e-02,1.042062509977453866e-01,1.336645849159946442e-01,3.161841776521062686e-01,-2.287242064474384051e-01,-6.719269782905840094e-01,1.000000000000000000e+00,-2.757279688687963026e-01,9.787478415272976573e-02,-8.825743076564096512e-01,-5.182367618242886831e-01,2.267119662627170573e-01,-3.587317470881139503e-01,1.737046272321953744e-01,2.851813919107156758e-01,9.062476377512984627e-02,-2.470856570378174855e-01,-2.698804663060304643e-01,-4.997175200576403631e-02,4.601073226035991004e-01,-3.290743077321370835e-01
3.615919043605072547e-01,6.392251649148859016e-01,-8.859659800000000418e-01,-3.533309004252002117e-01,-3.616255451112980746e-01,5.808754489839228485e-01,7.205773480417321242e-01,-4.483242903587775774e-01,9.718897981719361034e-01,4.502956230587482622e-01,-1.118300926783426415e-02,9.255727102483819468e-01,2.660286021978892079e-01,-2.104187419140045034e-01,-6.943977381207150357e-01,5.477629171837349320e-01,7.209965590769711330e-01,-1.499634191756040735e-01,8.929600465815094035e-01,1.158738634619362329e-01,-9.092712037852987983e-01,3.030488065081174409e-02,-8.696502786359387727e-02,3.973932966363535879e-01,-2.757279688687963026e-01,1.000000000000000000e+00,7.665785947228802577e-01,5.499075419014481936e-01,5.086301230108797311e-01,-8.124344385053978712e-01,-3.441851234042760388e-01,6.263945665710465849e-02,2.606718549898469003e-02,-7.406067472448679689e-01,-4.790746157603770206e-01,-7.243445756693103199e-01,-9.143559613504963490e-01,7.831483578604210571e-02,3.451189035486343371e-01
5.063340522001879007e-01,6.030305627285280634e-01,-9.315312000000000037e-01,-2.917765604037885763e-01,-5.507188070381642264e-01,7.927207716244445423e-01,8.258142730557456179e-01,-3.159373660253479987e-01,8.225146709320309002e-01,6.414990197069371236e-01,1.283543870868362191e-01,9.017533635454820784e-01,9.450967871743747029e-02,-6.195317592058613432e-01,-5.903383669271732304e-01,3.560225130365300417e-01,5.926802014193895962e-01,3.492812190805840156e-01,8.875666875956749191e-01,-9.089327982889637558e-02,-7.586326418465488830e-01,2.868945234367233921e-01,3.007193558497736063e-01,3.354590012964564494e-02,9.787478415272976573e-02,7.665785947228802577e-01,1.000000000000000000e+00,9.282315825615845839e-03,2.355889452275526930e-01,-6.711820595592714600e-01,-1.453837404068024641e-01,5.548573410256829597e-02,4.237087431125694525e-01,-8.678380123585376360e-01,-2.359128265074475206e-01,-9.145335057370208576e-01,-7.345362311184525650e-01,5.209284218087575358e-01,1.552193193992087474e-02
2.714572966176916902e-01,-5.711657304539696778e-02,-2.173446599999999673e-01,-2.575446610433132499e-01,2.509853834169198938e-01,-3.208293805088927031e-01,2.001087734801414719e-01,-4.837509079069740037e-01,5.034119501276153041e-01,-2.003288209650651297e-01,1.257470269704778765e-02,2.770699707507006671e-01,5.419703579861456788e-01,6.740979619214223506e-01,-6.217883868389881830e-01,6.931824295286870274e-01,2.784408795417583349e-01,-8.355099129958167836e-01,1.895505721797067777e-01,7.816142120072144817e-02,-4.240661437713604820e-01,-3.720674434600744207e-01,-1.029384577949106899e-01,7.531133421615251455e-01,-8.825743076564096512e-01,5.499075419014481936e-01,9.282315825615845839e-03,1.000000000000000000e+00,5.915591836309525009e-01,-4.551635804258552520e-01,-1.965073164556932830e-02,-7.271925333039246098e-02,-3.806593378373077097e-01,-1.773249035839588594e-01,-1.420944229215342358e-01,5.658023269422508134e-02,-3.287347284190902941e-01,-5.631412940216913299e-01,4.600103685287570965e-01
-1.005912570802864892e-01,3.497958060015945309e-02,-2.362257800000000518e-01,-6.259334279497842379e-01,1.354189914826933738e-01,-2.299957361582829693e-02,8.488753216254076028e-02,8.624813389864051383e-02,4.627284539142897390e-01,-2.198822468255386131e-01,2.016371040365222966e-01,2.824082002064057240e-01,7.718465576499687619e-02,1.492752578987273926e-01,-3.954585138520375076e-01,3.051973770243443518e-01,2.748945214940529680e-01,-1.952666579447317474e-01,2.515450344459717047e-01,-1.076102103925943299e-01,-2.581615729705111772e-01,3.865713130039571399e-01,-3.215318479129719575e-02,1.966136062695131477e-03,-5.182367618242886831e-01,5.086301230108797311e-01,2.355889452275526930e-01,5.915591836309525009e-01,1.000000000000000000e+00,-2.278983846036592154e-01,-1.516689068450653710e-01,3.541630548828843539e-01,-5.139005194100758622e-01,-1.189578781212976277e-01,-3.748087956769077245e-01,-5.509563403519730784e-02,-3.995075696596420700e-01,-2.093195171914245811e-01,7.775410785650492818e-01
-5.257105568434601306e-01,-6.671828911864390310e-01,8.528610199999999697e-01,4.088844800189853079e-01,4.418206142387279822e-01,-5.367389909873321319e-01,-6.611758723272360694e-01,6.845943497681455936e-01,-8.787331304682965971e-01,-2.429660159312681256e-01,1.929539736481910295e-01,-8.543480410428868632e-01,-1.540138537358378690e-01,1.729889361292938355e-01,7.125498854875534915e-01,-5.501744861020354538e-01,-5.229452592943040212e-01,2.140481429239537714e-01,-8.303822232627077193e-01,1.735597450072940418e-01,8.952394158023539994e-01,2.700533730076724037e-01,9.533478511861956384e-02,-5.425006705146717678e-01,2.267119662627170573e-01,-8.124344385053978712e-01,-6.711820595592714600e-01,-4.551635804258552520e-01,-2.278983846036592154e-01,1.000000000000000000e+00,4.711441988653198298e-01,-1.181110392985702529e-01,-2.691101304827095975e-01,7.331176220022573853e-01,4.243819240550444905e-01,7.292644147502765906e-01,7.978039749437388917e-01,-6.549217594561365652e-02,-1.049537424791655987e-01
3.893445173439717966e-01,-8.008038284195301282e-01,3.419617600000000035e-01,4.454577686902133626e-01,7.260624414682362304e-02,-5.503893823592617141e-01,1.043192074672833342e-01,-1.393632467190268065e-01,-3.742930070620458238e-01,1.207577117154795543e-02,2.706408523389448040e-01,-3.575659647552315579e-01,5.842211989678123274e-01,4.116208825095729607e-01,-9.224757326792885903e-02,1.274660612433715090e-01,-3.786540138747933604e-01,-1.228310557703011230e-01,-4.999357848351009825e-01,-7.531032810494582563e-02,4.930387258970924669e-01,1.104368204140720733e-01,7.257729228996928628e-01,1.371191832975751090e-01,-3.587317470881139503e-01,-3.441851234042760388e-01,-1.453837404068024641e-01,-1.965073164556932830e-02,-1.516689068450653710e-01,4.711441988653198298e-01,1.000000000000000000e+00,-3.188703685402529131e-01,9.732066511110358531e-02,1.685411332784519378e-01,7.139218046417582508e-01,3.331722656673824501e-01,6.386291380065844958e-01,6.857965712510764866e-02,-1.455297370926862954e-01
-4.055425382119287048e-01,2.075469410843485407e-01,1.595871999999998181e-02,-7.127361856978516874e-01,-2.638475525514921705e-01,1.662112555508114542e-01,-1.037547342662049066e-01,-6.529879643946751022e-02,1.609320633524555233e-02,-1.361464182699177183e-01,-5.972126152576384683e-01,9.295001166778052437e-02,-3.760594754576820353e-01,-2.383393638379669721e-01,2.158644221603683022e-01,-5.229539184515537009e-01,-2.205346684507370481e-01,4.103533428346668455e-01,5.474185120146574102e-02,-6.011182191859465451e-01,1.171957976255624256e-01,5.599542214391154404e-01,-1.091779340669275095e-01,-2.021247045530853159e-01,1.737046272321953744e-01,6.263945665710465849e-02,5.548573410256829597e-02,-7.271925333039246098e-02,3.541630548828843539e-01,-1.181110392985702529e-01,-3.188703685402529131e-01,1.000000000000000000e+00,-3.445751838022617086e-01,2.513409778395001570e-01,-7.073796886647618631e-01,-1.512022074440928232e-01,-2.111326586371199132e-01,1.825511719058948990e-01,6.439799264918023569e-01
6.055367716903758968e-01,1.909096488167939532e-01,-3.846593600000000057e-01,3.472079031362279578e-01,-3.281688898770062091e-01,3.593550084791416466e-01,3.861007107328814358e-01,-2.669324964468952621e-01,1.441310961748784036e-01,4.269207570839722021e-01,3.402907747243293368e-01,3.049933096782701525e-01,1.289727271988673762e-01,-3.996319928522542031e-01,-3.651066568951563118e-01,1.668013177915897149e-01,-1.508782797422730526e-01,2.144345983707307557e-01,3.168653150220691050e-01,-2.239844819839045265e-01,-2.745034526320674351e-01,-2.674749723546824831e-01,3.279425261283854809e-01,2.683996693900416591e-02,2.851813919107156758e-01,2.606718549898469003e-02,4.237087431125694525e-01,-3.806593378373077097e-01,-5.139005194100758622e-01,-2.691101304827095975e-01,9.732066511110358531e-02,-3.445751838022617086e-01,1.000000000000000000e+00,-5.090144893516651559e-01,4.082452281574910913e-01,-4.739354003402669324e-01,-1.269989747186618667e-02,2.774977901873315611e-01,-6.417610313312362980e-01
-6.913054481184041089e-01,-5.190268971529662378e-01,9.166742599999999630e-01,1.572647953955864375e-01,3.712943425512373885e-01,-6.458512994194668400e-01,-8.317100963481608433e-01,3.909338073591184237e-01,-8.368395851962421306e-01,-5.132700176826726635e-01,-2.794524982896632315e-01,-8.464382689174481111e-01,-2.836933715975324954e-01,3.805620675138892683e-01,7.394314246867552676e-01,-6.470775682250257121e-01,-6.721805445278384861e-01,-2.995121556328697240e-02,-8.444578425777726771e-01,-8.113168112781872846e-03,8.405112194439960938e-01,8.834855739367021565e-02,-1.765436630457090927e-01,-2.380852922516080161e-01,9.062476377512984627e-02,-7.406067472448679689e-01,-8.678380123585376360e-01,-1.773249035839588594e-01,-1.189578781212976277e-01,7.331176220022573853e-01,1.685411332784519378e-01,2.513409778395001570e-01,-5.090144893516651559e-01,1.000000000000000000e+00,-3.610553790257188533e-03,7.881942885355844863e-01,6.608174501619241692e-01,-3.910470723927171877e-01,2.275021148614652100e-01
4.919572430837536592e-01,-7.074436229654025299e-01,3.176147199999999060e-01,5.821752999434655074e-01,3.005624624322851268e-01,-4.989324261737127508e-01,-1.893577915487114349e-02,7.088757354538846589e-02,-4.027655724324130104e-01,-1.371534351625728898e-01,6.421419579033746938e-01,-4.370447262520462672e-01,4.587493252459912685e-01,3.611307851372505540e-01,-1.474583713562214182e-01,3.379365323483021766e-01,-2.901227947714695721e-01,-2.442108312014404925e-01,-4.745579722316171645e-01,3.107802991804792248e-02,3.695467338252408918e-01,-3.065607993509070761e-01,5.190594988489024564e-01,6.996866549297701965e-03,-2.470856570378174855e-01,-4.790746157603770206e-01,-2.359128265074475206e-01,-1.420944229215342358e-01,-3.748087956769077245e-01,4.243819240550444905e-01,7.139218046417582508e-01,-7.073796886647618631e-01,4.082452281574910913e-01,-3.610553790257188533e-03,1.000000000000000000e+00,4.060116059074911909e-01,7.020544095287286623e-01,2.436866608115484389e-02,-6.198230745689887744e-01
-3.819982423268915017e-01,-7.809207198396442839e-01,9.040956200000000997e-01,2.722829784646562667e-01,5.796498942694734424e-01,-8.651125484760036066e-01,-7.257481130995714347e-01,3.710708874774644728e-01,-7.767188513611756884e-01,-6.475380412182841772e-01,9.910751461400753304e-02,-9.016244707538076941e-01,5.278447246838426088e-02,6.874084292598233725e-01,4.558501914327985349e-01,-1.893457425632775193e-01,-5.225524911243267789e-01,-3.825231633017031063e-01,-9.100343637370047478e-01,7.069303798156471863e-02,7.868231821345811339e-01,-1.617763828306058305e-01,-1.070896752555874076e-01,-1.043640879793351350e-01,-2.698804663060304643e-01,-7.243445756693103199e-01,-9.145335057370208576e-01,5.658023269422508134e-02,-5.509563403519730784e-02,7.292644147502765906e-01,3.331722656673824501e-01,-1.512022074440928232e-01,-4.739354003402669324e-01,7.881942885355844863e-01,4.060116059074911909e-01,1.000000000000000000e+00,7.934366267429645569e-01,-4.638007328703019905e-01,6.007032550287148831e-02
-9.946806217907677716e-02,-8.767787195876346473e-01,8.640346800000000549e-01,4.271364258904846167e-01,3.771895259541550027e-01,-7.744380851905648955e-01,-5.713561023210675938e-01,2.814405434938151984e-01,-9.069739940820107371e-01,-4.753403623545261469e-01,1.848734199795794564e-01,-9.085963298976403868e-01,6.975871225797779240e-02,4.549868614701392255e-01,4.351926318422482676e-01,-2.796312246198105478e-01,-7.339521290745186777e-01,-7.718610178817618406e-02,-9.402479193975035177e-01,-1.413583985348288996e-01,9.001182323783996075e-01,-8.282173909307385951e-02,3.137961593796491089e-01,-2.028211795904606984e-01,-4.997175200576403631e-02,-9.143559613504963490e-01,-7.345362311184525650e-01,-3.287347284190902941e-01,-3.995075696596420700e-01,7.978039749437388917e-01,6.386291380065844958e-01,-2.111326586371199132e-01,-1.269989747186618667e-02,6.608174501619241692e-01,7.020544095287286623e-01,7.934366267429645569e-01,1.000000000000000000e+00,-1.383408976873490848e-01,-3.055975460602051164e-01
2.368688487241572549e-01,2.022713461891535447e-01,-3.758578399999999986e-01,-5.679042463441112687e-02,-5.280079025508144230e-01,5.784709170069836093e-01,5.464899768389184231e-01,2.083271145977005911e-02,1.431555474679678530e-01,3.532498412523123466e-01,-6.680969872204224613e-02,3.208295021858554863e-01,-2.360068265166844620e-02,-6.456234622393235423e-01,3.872185277773168566e-02,-1.461266282536247130e-01,3.003571740230307485e-01,6.885044481067491562e-01,2.963701622450797268e-01,-2.317433052562886953e-01,-7.750147548375954654e-02,5.258683757061208830e-01,2.691594918045949192e-01,-4.242348491887469875e-01,4.601073226035991004e-01,7.831483578604210571e-02,5.209284218087575358e-01,-5.631412940216913299e-01,-2.093195171914245811e-01,-6.549217594561365652e-02,6.857965712510764866e-02,1.825511719058948990e-01,2.774977901873315611e-01,-3.910470723927171877e-01,2.436866608115484389e-02,-4.638007328703019905e-01,-1.383408976873490848e-01,1.000000000000000000e+00,-2.466422132584446536e-01
-3.591894387858701743e-01,2.165527112709738147e-02,-8.868740000000041590e-03,-5.101232012314422803e-01,-1.259377856528723361e-01,-6.988293599728047367e-02,-3.688164858523880485e-02,-6.088600175286578570e-02,2.196278969825938565e-01,-1.028494924081205519e-01,-2.920508919346029852e-01,1.505042067444196663e-01,2.796271549688667674e-02,1.551046166166314133e-01,-7.673025001738557893e-02,-1.317060594157061781e-01,-1.860753822101270799e-02,-6.169859157648088094e-02,7.988036070296626601e-02,-2.519228863984338540e-01,-7.335604049583393724e-03,5.051306389638431371e-01,-1.686399655373309603e-01,6.399082140055957491e-02,-3.290743077321370835e-01,3.451189035486343371e-01,1.552193193992087474e-02,4.600103685287570965e-01,7.775410785650492818e-01,-1.049537424791655987e-01,-1.455297370926862954e-01,6.439799264918023569e-01,-6.417610313312362980e-01,2.275021148614652100e-01,-6.198230745689887744e-01,6.007032550287148831e-02,-3.055975460602051164e-01,-2.466422132584446536e-01,1.000000000000000000e+00
