1.0,-0.67076864832472638,0.89858552279720316,0.5069897801065858,-0.4575269696331144,-0.9408537217267875,0.4210879422972067,0.30253575739475341,-0.78721893178432734,-0.77692021918540444,-0.096826426833090812,-0.31720522477855428,0.89278255131925743,-0.51422149700344044,0.96467343321371468,0.12196533236502924,0.67323085429368101,-0.90867677050170126,-0.95895726000000003,-0.83268564606169437,0.36699316556399708,0.22972648481839608,-0.54155674094687312,-0.25558124476344568,-0.14472422578639077,0.77457335814691419,-0.22877112150405907,-0.19850245877267642,-0.65552131174866224,-0.73547038163791223,-0.30060585697725534,-0.38733575734993386,-0.14615022289093599,0.15391250126541603,-0.83512909519428447,0.7513746018973827,-0.75584451965731303,0.917521671039077,0.17993893468404676
-0.67076864832472638,1.0,-0.41242698313864573,0.038269858156717226,0.11574479121730973,0.83693882153977317,-0.37312403584252662,-0.28131273653742234,0.52569614070256632,0.30912041737352619,-0.52281619671525492,0.34322862683291383,-0.86996397289496241,0.85545344206126317,-0.57091432987937385,0.26257897850483314,-0.10419857203520765,0.49198838290928371,0.57181024000000003,0.26109659781222455,-0.82631556429447173,-0.26623763130071271,0.047102963321005158,-0.3169432332967258,-0.22896798086757636,-0.71817958601401377,-0.14881847128461054,0.61054500876100626,0.59111818756551004,0.78524441164310044,-0.20141572432319646,0.47816818185635618,0.15947489361162231,-0.53716877452371836,0.25310032017867207,-0.89676257513493551,0.22733707277801093,-0.85526855685358028,-0.79482963519493599
0.89858552279720316,-0.41242698313864573,1.0,0.4740610821110896,-0.62299052938006605,-0.78970619642931572,0.29767754979319538,0.14158758707139302,-0.59271471474998993,-0.62185593764998226,-0.43605136519428661,-0.19597499254918976,0.76127551026032114,-0.32771028072018948,0.92388316617823796,0.43299986391192458,0.71789189183674307,-0.87998833554174416,-0.94120415999999996,-0.8958512462329925,0.1530890744957758,0.10233659835475392,-0.72591903801191004,-0.24183738970066676,-0.23431009869079444,0.58287333759416149,-0.51336502052882205,0.10049722070284273,-0.65897845858944615,-0.70335322087944008,-0.38014989912782821,-0.16930148900063269,-0.099241988482438009,-0.17454842169954998,-0.84643068224094875,0.50471204675780423,-0.86139603828537736,0.70257967323342885,-0.15740410814759048
0.5069897801065858,0.038269858156717226,0.4740610821110896,1.0,-0.25251375199292714,-0.3978819578609184,0.084149055213997057,0.42080826184139247,-0.63815172037103951,-0.7795580289596109,-0.31912839113178371,-0.18817149227190103,0.22454014431415964,0.078916031065270412,0.57522583853905995,0.060866308391143528,0.5840305303641774,-0.55281795675558676,-0.52827453999999996,-0.64863659979092914,-0.23375504671832478,-0.007489621308887924,-0.29774711996769698,-0.73864938361979449,-0.18748391605512288,0.27603507056585125,-0.13057761388640032,-0.00037035077015068474,-0.22626897877743915,0.030340131157629638,-0.51111507550925273,-0.069330392868663285,0.0061852049500609203,-0.032671624580565641,-0.73162953330014824,0.16495385943975394,-0.54967114668428885,0.36887887509591183,-0.30434550728023685
-0.4575269696331144,0.11574479121730973,-0.62299052938006605,-0.25251375199292714,1.0,0.37893281267386569,0.43226834361534311,0.53000057358751451,0.19100246131680423,0.085171202642481875,0.65074346749837597,-0.0032967380141447683,-0.41545588371513631,-0.065839958908684187,-0.62439698877887362,-0.5801542047464886,-0.63207276420433678,0.71001736173647956,0.67716068000000007,0.76948594770028478,0.33878912953906554,-0.025745179926851124,0.35088172945153567,0.087251600651512107,0.24182968666939247,0.088242794723615903,0.73215390584832984,0.074421795641451016,0.20143190603102934,0.38091859239588893,0.56842265298613015,-0.53022649839630553,-0.085575221640198929,0.71177576817941213,0.64229774408640228,0.043022932034840089,0.88764089343045716,-0.21196804351931481,0.4296797101278001
-0.9408537217267875,0.83693882153977317,-0.78970619642931572,-0.3978819578609184,0.37893281267386569,1.0,-0.40743781966654469,-0.38462164717949676,0.77443764209913291,0.6633687517904765,-0.13639839382801747,0.34718267610452463,-0.95781943351953636,0.6960817117347996,-0.91007610673836392,0.0092811409693374022,-0.54572759559371786,0.81521124884479113,0.89768844000000003,0.68856904645185024,-0.58751207129894389,-0.18824180288139936,0.450838315909803,0.076431196505871851,-0.089247409508601383,-0.82642948105803238,0.071878997070059764,0.35921835777785538,0.75896180110129008,0.80979356183216189,0.090127015775510216,0.4572063907325431,0.17900510656575716,-0.32860038188778257,0.69324170929366036,-0.87983690088214128,0.62796740390936745,-0.97234981653711561,-0.41551118615145272
0.4210879422972067,-0.37312403584252662,0.29767754979319538,0.084149055213997057,0.43226834361534311,-0.40743781966654469,1.0,0.56914339157482885,-0.23334249684714653,-0.3870168447521386,0.44208233410012143,0.084163092639471443,0.41083142003166429,-0.61727004599511892,0.26540927447905577,-0.47521191272116114,-0.068528480538151484,-0.039759606090451954,-0.21557278000000002,0.018616256662979131,0.60508338570415454,-0.065009466496817769,-0.45401854488933779,0.14035193643068694,-0.057410371362016654,0.82288696448707366,0.39073482071780663,0.30750329705106294,-0.57772910949657053,-0.47438355894599615,0.44801423339701979,-0.92250241804461208,-0.65806225265324902,0.65958602864732652,-0.019067893368341915,0.67686241229169974,0.14138529539701816,0.55790831089055437,0.41182669633793434
0.30253575739475341,-0.28131273653742234,0.14158758707139302,0.42080826184139247,0.53000057358751451,-0.38462164717949676,0.56914339157482885,1.0,-0.56890323275615806,-0.60524709560565337,0.4283246909486812,-0.2521246621385026,0.21871952598338101,-0.36018374847989898,0.19002621367388225,-0.38000987841862099,0.014100727323419715,-0.034416689062947439,-0.13349146000000001,-0.01061356591582073,0.51265898653731679,0.080316478684932316,-0.12759125413177105,-0.33670926201612472,0.32667964085626106,0.59827779225869793,0.53776869167553043,-0.092050602076939381,-0.45459940530973975,-0.067932656289745041,0.20901168704778209,-0.69944715005595437,-0.097596439942139776,0.73990563355572447,-0.16560855390709006,0.54560660871655342,0.16411867094080393,0.46166372231680247,0.40289409268530474
-0.78721893178432734,0.52569614070256632,-0.59271471474998993,-0.63815172037103951,0.19100246131680423,0.77443764209913291,-0.23334249684714653,-0.56890323275615806,1.0,0.88665828923491741,-0.058191421877438684,0.29424395529237513,-0.58044348782706268,0.22688484273833892,-0.75333268310238388,0.067085718624850285,-0.63653120355395587,0.69861758360576254,0.7204608400000001,0.68321818651858879,-0.30064153690332635,-0.49099348708715945,0.19336941306664895,0.62032478722599416,-0.0264677881810268,-0.60102984637929702,-0.033958986884736933,0.47514714996732527,0.34976581733812889,0.27510133843052742,0.4419160512243096,0.35185739336172306,-0.13446628541239905,-0.33443351786476172,0.79791067267650495,-0.60595888268467224,0.55180739769083886,-0.75759192878933346,-0.22244546814545285
-0.77692021918540444,0.30912041737352619,-0.62185593764998226,-0.7795580289596109,0.085171202642481875,0.6633687517904765,-0.3870168447521386,-0.60524709560565337,0.88665828923491741,1.0,0.082471511400369749,0.37900320598599441,-0.4909820184067038,0.13888920618607503,-0.72571646167514314,0.0059158390433218157,-0.66871170775107802,0.69291313081577477,0.67613035999999993,0.68250400755225604,-0.12910358144407119,-0.26698105734944977,0.36444042471313387,0.72543336174023321,0.1433631604100315,-0.63177188995935751,-0.031312195430251974,0.14864429503591167,0.34017389848435925,0.2071428596738609,0.41230797892426863,0.42349603136050629,-0.047290918029112179,-0.29761538306603874,0.80612886194741395,-0.52088645895759833,0.51748652912826232,-0.68866438387704476,-0.03402703792831973
-0.096826426833090812,-0.52281619671525492,-0.43605136519428661,-0.31912839113178371,0.65074346749837597,-0.13639839382801747,0.44208233410012143,0.4283246909486812,-0.058191421877438684,0.082471511400369749,1.0,-0.038068355586444801,0.14167254416985339,-0.59757960228030105,-0.23775780583886127,-0.84876594488847079,-0.52270333803778313,0.37679206133005932,0.28577034000000001,0.57450534259347374,0.72267807892562186,0.018311483209590682,0.36031208429869516,0.4147170987045059,0.41765415352704005,0.40804379086482534,0.8037310686262944,-0.41999382507016869,-0.16006808894283447,-0.12597959223429372,0.68779270764095479,-0.65544537062989605,-0.36932845427526256,0.88998220308182463,0.49503278602263567,0.54349635411025154,0.62761438833925065,0.29153963285955292,0.90643083894392551
-0.31720522477855428,0.34322862683291383,-0.19597499254918976,-0.18817149227190103,-0.0032967380141447683,0.34718267610452463,0.084163092639471443,-0.2521246621385026,0.29424395529237513,0.37900320598599441,-0.038068355586444801,1.0,-0.36416491892044811,0.21276857629677387,-0.25271050745263385,-0.2575108867988305,-0.18099396171333759,0.40607292104954462,0.25947567999999999,0.19575167787559947,-0.18775565557307447,0.088915966311532438,-0.02145850407865689,0.14715369981814919,-0.18672968073345617,-0.22357554296852963,-0.074200400390044219,0.31984323213424115,0.14754108950484784,0.20557962202994723,0.0062054277390782338,0.045070277596350912,-0.41919406727483516,-0.19238345199419507,0.24973595337815638,-0.29845329988548541,0.12964146267315138,-0.3340386867341486,-0.23879791374921053
0.89278255131925743,-0.86996397289496241,0.76127551026032114,0.22454014431415964,-0.41545588371513631,-0.95781943351953636,0.41083142003166429,0.21871952598338101,-0.58044348782706268,-0.4909820184067038,0.14167254416985339,-0.36416491892044811,1.0,-0.78670612299701193,0.85322124097192786,0.033914274609940766,0.42606789239246956,-0.77499563171182406,-0.85759472000000003,-0.60890268575762918,0.61653684453653179,0.078206868252018391,-0.46284921535652968,0.15666777490527523,0.082480375735726363,0.80079336980377536,-0.099572907662510313,-0.29405391161385902,-0.78079753227329396,-0.92465616736380385,0.033715117435677552,-0.42115675145046294,-0.24688953587930196,0.26700975288461731,-0.56575327106335482,0.86943231532316467,-0.58412012511173272,0.93530720034772996,0.44258049105688929
-0.51422149700344044,0.85545344206126317,-0.32771028072018948,0.078916031065270412,-0.065839958908684187,0.6960817117347996,-0.61727004599511892,-0.36018374847989898,0.22688484273833892,0.13888920618607503,-0.59757960228030105,0.21276857629677387,-0.78670612299701193,1.0,-0.41150226967001124,0.39345130253401733,0.1458557395152438,0.25373348511160643,0.40354377999999991,0.037570493531660046,-0.85998729114356476,0.12488742245684029,0.22705148464203476,-0.55581886392488056,-0.28699191689886644,-0.77703745480456798,-0.28513581413901429,0.22991248006179429,0.78708777497786697,0.83478469239254616,-0.54950689355345006,0.65661262284229105,0.51751545760621132,-0.60788911107980204,0.00016918761710750998,-0.88806411152096754,0.016881401883836335,-0.75915921116402429,-0.76414525377826781
0.96467343321371468,-0.57091432987937385,0.92388316617823796,0.57522583853905995,-0.62439698877887362,-0.91007610673836392,0.26540927447905577,0.19002621367388225,-0.75333268310238388,-0.72571646167514314,-0.23775780583886127,-0.25271050745263385,0.85322124097192786,-0.41150226967001124,1.0,0.2249909064983058,0.78747140404569538,-0.94696660265316046,-0.99135249999999997,-0.91160725497354644,0.22729465531132914,0.14988340656454771,-0.60505705650965913,-0.29332463344617421,-0.15551000416254054,0.6692090052811287,-0.33997925815744628,-0.15567685205093032,-0.64868830680643486,-0.69710065438727942,-0.37281223245520212,-0.23094782664077951,-0.13767894559264177,-0.012486030091829388,-0.8948674840065971,0.64270478845208934,-0.87007630967152694,0.8439050738875512,0.025955839081318308
0.12196533236502924,0.26257897850483314,0.43299986391192458,0.060866308391143528,-0.5801542047464886,0.0092811409693374022,-0.47521191272116114,-0.38000987841862099,0.067085718624850285,0.0059158390433218157,-0.84876594488847079,-0.2575108867988305,0.033914274609940766,0.39345130253401733,0.2249909064983058,1.0,0.4401005738017445,-0.39266270069024256,-0.28829389999999999,-0.47442085389320565,-0.40278414977926325,-0.030912671294558353,-0.34354432865588974,-0.1974674420625897,-0.11944243022996544,-0.31156616264714626,-0.73392813341785801,0.25830627059512745,0.054673962050575335,-0.079472855654118671,-0.4586436193720495,0.59638773389085176,0.58257045501401561,-0.73503996003608152,-0.38873052869005775,-0.3663740085698956,-0.53098606219804068,-0.18989176659850518,-0.64278065651559912
0.67323085429368101,-0.10419857203520765,0.71789189183674307,0.5840305303641774,-0.63207276420433678,-0.54572759559371786,-0.068528480538151484,0.014100727323419715,-0.63653120355395587,-0.66871170775107802,-0.52270333803778313,-0.18099396171333759,0.42606789239246956,0.1458557395152438,0.78747140404569538,0.4401005738017445,1.0,-0.80616871555426528,-0.75670625999999996,-0.86782589029925217,-0.21255596826856016,0.18541881325381743,-0.54838740469722058,-0.61354143008304984,-0.25645613264954853,0.29032455730590545,-0.45169989236988867,-0.013698593829986561,-0.25188263000869809,-0.2363586650918231,-0.5899837888680185,0.08828598009237669,0.14243195770757675,-0.28166997796328297,-0.88495841285950916,0.18794222993843526,-0.83558858459162799,0.44259468479961273,-0.36208038740969062
-0.90867677050170126,0.49198838290928371,-0.87998833554174416,-0.55281795675558676,0.71001736173647956,0.81521124884479113,-0.039759606090451954,-0.034416689062947439,0.69861758360576254,0.69291313081577477,0.37679206133005932,0.40607292104954462,-0.77499563171182406,0.25373348511160643,-0.94696660265316046,-0.39266270069024256,-0.80616871555426528,1.0,0.95825708000000009,0.939990207909699,-0.049868116463806282,-0.16764647806119104,0.47685215068956527,0.35731675374206595,0.2067944744234177,-0.47802615803311221,0.46804660164571477,0.2314438698523541,0.46233214376218618,0.59233964166893882,0.5188180648268943,0.0086226959173205248,-0.088484678681976986,0.17846493257371057,0.91886981095062303,-0.48241587828472698,0.9115720497830837,-0.72932753366695424,0.069689664428569095
-0.95895726000000003,0.57181024000000003,-0.94120415999999996,-0.52827453999999996,0.67716068000000007,0.89768844000000003,-0.21557278000000002,-0.13349146000000001,0.7204608400000001,0.67613035999999993,0.28577034000000001,0.25947567999999999,-0.85759472000000003,0.40354377999999991,-0.99135249999999997,-0.28829389999999999,-0.75670625999999996,0.95825708000000009,1.0,0.92560781999999997,-0.20605572000000005,-0.16444828,0.58740604000000007,0.25591443999999997,0.15173466000000002,-0.62013123999999997,0.39883545999999992,0.1630441600000001,0.6378958400000001,0.71720464000000006,0.40513978000000006,0.16812976000000002,0.097955999999999932,0.082352619999999987,0.89311288000000011,-0.60898081999999998,0.89695561999999995,-0.81985710000000001,-0.0004982000000000042
-0.83268564606169437,0.26109659781222455,-0.8958512462329925,-0.64863659979092914,0.76948594770028478,0.68856904645185024,0.018616256662979131,-0.01061356591582073,0.68321818651858879,0.68250400755225604,0.57450534259347374,0.19575167787559947,-0.60890268575762918,0.037570493531660046,-0.91160725497354644,-0.47442085389320565,-0.86782589029925217,0.939990207909699,0.92560781999999997,1.0,0.14223978259336081,-0.22295506907476731,0.53321883073827092,0.50785033773552657,0.29882771489959192,-0.34599287283020558,0.57221298898030248,0.076220773120938529,0.38388003333929394,0.435349685380998,0.6838191724530277,-0.10411819502563789,-0.10126903625255307,0.35470475547258157,0.97626843067652946,-0.28867452280660388,0.97633678389424439,-0.57578527189791684,0.32951524258194759
0.36699316556399708,-0.82631556429447173,0.1530890744957758,-0.23375504671832478,0.33878912953906554,-0.58751207129894389,0.60508338570415454,0.51265898653731679,-0.30064153690332635,-0.12910358144407119,0.72267807892562186,-0.18775565557307447,0.61653684453653179,-0.85998729114356476,0.22729465531132914,-0.40278414977926325,-0.21255596826856016,-0.049868116463806282,-0.20605572000000005,0.14223978259336081,1.0,0.14619189166567631,-0.067990419307495928,0.45254161930001741,0.41194028701690005,0.73301457628826328,0.42843593926823459,-0.33939890406121437,-0.5934270543215191,-0.64185303023653817,0.57275862645276421,-0.71669322826633541,-0.25574777820496414,0.78153316454569255,0.12181901728605382,0.8424235258089906,0.2069321278823657,0.64900265839899429,0.85983958785348813
0.22972648481839608,-0.26623763130071271,0.10233659835475392,-0.007489621308887924,-0.025745179926851124,-0.18824180288139936,-0.065009466496817769,0.080316478684932316,-0.49099348708715945,-0.26698105734944977,0.018311483209590682,0.088915966311532438,0.078206868252018391,0.12488742245684029,0.14988340656454771,-0.030912671294558353,0.18541881325381743,-0.16764647806119104,-0.16444828,-0.22295506907476731,0.14619189166567631,1.0,0.407301820942371,-0.3175084987284994,-0.16850611876328228,0.0093106146369146513,-0.17464955674643351,-0.56194813597320703,0.27636263328753685,0.088905879094230103,-0.55331065217987796,0.086079873141481439,0.44859760958712136,0.059610303212880071,-0.27590347642319113,0.07870340969607148,-0.15246800250502013,0.16330722174451129,0.1512353753214859
-0.54155674094687312,0.047102963321005158,-0.72591903801191004,-0.29774711996769698,0.35088172945153567,0.450838315909803,-0.45401854488933779,-0.12759125413177105,0.19336941306664895,0.36444042471313387,0.36031208429869516,-0.02145850407865689,-0.46284921535652968,0.22705148464203476,-0.60505705650965913,-0.34354432865588974,-0.54838740469722058,0.47685215068956527,0.58740604000000007,0.53321883073827092,-0.067990419307495928,0.407301820942371,1.0,0.082889018076576448,0.058298155679392755,-0.54421707700521393,0.21203099054319074,-0.62847148447432888,0.67606217785481171,0.55071323772769731,-0.083891983743940232,0.35107876149711653,0.42960638908153687,0.10774939951652028,0.48324158840463322,-0.33498397799377577,0.5243078081953656,-0.4157998493611485,0.30486892355531048
-0.25558124476344568,-0.3169432332967258,-0.24183738970066676,-0.73864938361979449,0.087251600651512107,0.076431196505871851,0.14035193643068694,-0.33670926201612472,0.62032478722599416,0.72543336174023321,0.4147170987045059,0.14715369981814919,0.15666777490527523,-0.55581886392488056,-0.29332463344617421,-0.1974674420625897,-0.61354143008304984,0.35731675374206595,0.25591443999999997,0.50785033773552657,0.45254161930001741,-0.3175084987284994,0.082889018076576448,1.0,0.21341379472901689,0.0271914385871177,0.11254884953017574,0.040962590659749498,-0.23789451754242624,-0.44493298209278415,0.70578814245892896,-0.098262184996481317,-0.40124677035252942,0.1202018031422476,0.65002792716432634,0.16751431781862447,0.38494115020037079,-0.047878006556817829,0.4517825502377566
-0.14472422578639077,-0.22896798086757636,-0.23431009869079444,-0.18748391605512288,0.24182968666939247,-0.089247409508601383,-0.057410371362016654,0.32667964085626106,-0.0264677881810268,0.1433631604100315,0.41765415352704005,-0.18672968073345617,0.082480375735726363,-0.28699191689886644,-0.15551000416254054,-0.11944243022996544,-0.25645613264954853,0.2067944744234177,0.15173466000000002,0.29882771489959192,0.41194028701690005,-0.16850611876328228,0.058298155679392755,0.21341379472901689,1.0,0.11058330208757623,0.44423810677814812,-0.21702934267395291,-0.25461824353543394,-0.072584082936916428,0.47984203019582128,-0.20465133310179612,0.070861783900744157,0.38732429437869437,0.25158007361331891,0.22728322053693739,0.28820674811088787,0.090004037076076071,0.3748922249026056
0.77457335814691419,-0.71817958601401377,0.58287333759416149,0.27603507056585125,0.088242794723615903,-0.82642948105803238,0.82288696448707366,0.59827779225869793,-0.60102984637929702,-0.63177188995935751,0.40804379086482534,-0.22357554296852963,0.80079336980377536,-0.77703745480456798,0.6692090052811287,-0.31156616264714626,0.29032455730590545,-0.47802615803311221,-0.62013123999999997,-0.34599287283020558,0.73301457628826328,0.0093106146369146513,-0.54421707700521393,0.0271914385871177,0.11058330208757623,1.0,0.30171639343999268,-0.0443050157004794,-0.7836816949332025,-0.73343418680276529,0.29271702633569108,-0.85899538184169399,-0.48644267757012288,0.65716552019020635,-0.38842897589859265,0.94252782751914432,-0.23380031224041067,0.90743155557385424,0.52963894175548654
-0.22877112150405907,-0.14881847128461054,-0.51336502052882205,-0.13057761388640032,0.73215390584832984,0.071878997070059764,0.39073482071780663,0.53776869167553043,-0.033958986884736933,-0.031312195430251974,0.8037310686262944,-0.074200400390044219,-0.099572907662510313,-0.28513581413901429,-0.33997925815744628,-0.73392813341785801,-0.45169989236988867,0.46804660164571477,0.39883545999999992,0.57221298898030248,0.42843593926823459,-0.17464955674643351,0.21203099054319074,0.11254884953017574,0.44423810677814812,0.30171639343999268,1.0,-0.13394136029928838,-0.052471146866728123,0.16021000289026499,0.62966740188299175,-0.63096476067454954,-0.32582179674253914,0.79451562378857832,0.44688438152478688,0.31060436907668754,0.65026150302572838,0.094461687053054452,0.5818651393224834
-0.19850245877267642,0.61054500876100626,0.10049722070284273,-0.00037035077015068474,0.074421795641451016,0.35921835777785538,0.30750329705106294,-0.092050602076939381,0.47514714996732527,0.14864429503591167,-0.41999382507016869,0.31984323213424115,-0.29405391161385902,0.22991248006179429,-0.15567685205093032,0.25830627059512745,-0.013698593829986561,0.2314438698523541,0.1630441600000001,0.076220773120938529,-0.33939890406121437,-0.56194813597320703,-0.62847148447432888,0.040962590659749498,-0.21702934267395291,-0.0443050157004794,-0.13394136029928838,1.0,-0.12513441689793109,0.057355526054932937,0.21143893745902254,-0.094218481016898503,-0.38983045799277521,-0.29479347764478725,0.1345739850650215,-0.32006282372385209,0.060797683571897812,-0.33797027328357254,-0.59275486494077301
-0.65552131174866224,0.59111818756551004,-0.65897845858944615,-0.22626897877743915,0.20143190603102934,0.75896180110129008,-0.57772910949657053,-0.45459940530973975,0.34976581733812889,0.34017389848435925,-0.16006808894283447,0.14754108950484784,-0.78079753227329396,0.78708777497786697,-0.64868830680643486,0.054673962050575335,-0.25188263000869809,0.46233214376218618,0.6378958400000001,0.38388003333929394,-0.5934270543215191,0.27636263328753685,0.67606217785481171,-0.23789451754242624,-0.25461824353543394,-0.7836816949332025,-0.052471146866728123,-0.12513441689793109,1.0,0.82439697564898895,-0.33845828474495804,0.56639326417185976,0.52476029503802835,-0.32526692758371795,0.3432000244492916,-0.77000222003972185,0.36385643655780464,-0.74864436328448369,-0.3174971353441346
-0.73547038163791223,0.78524441164310044,-0.70335322087944008,0.030340131157629638,0.38091859239588893,0.80979356183216189,-0.47438355894599615,-0.067932656289745041,0.27510133843052742,0.2071428596738609,-0.12597959223429372,0.20557962202994723,-0.92465616736380385,0.83478469239254616,-0.69710065438727942,-0.079472855654118671,-0.2363586650918231,0.59233964166893882,0.71720464000000006,0.435349685380998,-0.64185303023653817,0.088905879094230103,0.55071323772769731,-0.44493298209278415,-0.072584082936916428,-0.73343418680276529,0.16021000289026499,0.057355526054932937,0.82439697564898895,1.0,-0.24320327294646873,0.41627346543810206,0.39149946364292976,-0.18661106671177669,0.33506125671988457,-0.78599368575020923,0.4536704743410242,-0.7877268407419703,-0.4050891800747376
-0.30060585697725534,-0.20141572432319646,-0.38014989912782821,-0.51111507550925273,0.56842265298613015,0.090127015775510216,0.44801423339701979,0.20901168704778209,0.4419160512243096,0.41230797892426863,0.68779270764095479,0.0062054277390782338,0.033715117435677552,-0.54950689355345006,-0.37281223245520212,-0.4586436193720495,-0.5899837888680185,0.5188180648268943,0.40513978000000006,0.6838191724530277,0.57275862645276421,-0.55331065217987796,-0.083891983743940232,0.70578814245892896,0.47984203019582128,0.29271702633569108,0.62966740188299175,0.21143893745902254,-0.33845828474495804,-0.24320327294646873,1.0,-0.55724375353031175,-0.51860569597840889,0.59187808883695048,0.69546510073692414,0.32131203652622908,0.6647909221376872,0.022690696823344625,0.56231332046289706
-0.38733575734993386,0.47816818185635618,-0.16930148900063269,-0.069330392868663285,-0.53022649839630553,0.4572063907325431,-0.92250241804461208,-0.69944715005595437,0.35185739336172306,0.42349603136050629,-0.65544537062989605,0.045070277596350912,-0.42115675145046294,0.65661262284229105,-0.23094782664077951,0.59638773389085176,0.08828598009237669,0.0086226959173205248,0.16812976000000002,-0.10411819502563789,-0.71669322826633541,0.086079873141481439,0.35107876149711653,-0.098262184996481317,-0.20465133310179612,-0.85899538184169399,-0.63096476067454954,-0.094218481016898503,0.56639326417185976,0.41627346543810206,-0.55724375353031175,1.0,0.58899696403223711,-0.85602719009096084,-0.017186188323530364,-0.77224111549652241,-0.23633715900671928,-0.61760858477140124,-0.60206388962402435
-0.14615022289093599,0.15947489361162231,-0.099241988482438009,0.0061852049500609203,-0.085575221640198929,0.17900510656575716,-0.65806225265324902,-0.097596439942139776,-0.13446628541239905,-0.047290918029112179,-0.36932845427526256,-0.41919406727483516,-0.24688953587930196,0.51751545760621132,-0.13767894559264177,0.58257045501401561,0.14243195770757675,-0.088484678681976986,0.097955999999999932,-0.10126903625255307,-0.25574777820496414,0.44859760958712136,0.42960638908153687,-0.40124677035252942,0.070861783900744157,-0.48644267757012288,-0.32582179674253914,-0.38983045799277521,0.52476029503802835,0.39149946364292976,-0.51860569597840889,0.58899696403223711,1.0,-0.30856310287881589,-0.14929749073586393,-0.39780733506474308,-0.078326848874310379,-0.2994556900226113,-0.21709988130449126
0.15391250126541603,-0.53716877452371836,-0.17454842169954998,-0.032671624580565641,0.71177576817941213,-0.32860038188778257,0.65958602864732652,0.73990563355572447,-0.33443351786476172,-0.29761538306603874,0.88998220308182463,-0.19238345199419507,0.26700975288461731,-0.60788911107980204,-0.012486030091829388,-0.73503996003608152,-0.28166997796328297,0.17846493257371057,0.082352619999999987,0.35470475547258157,0.78153316454569255,0.059610303212880071,0.10774939951652028,0.1202018031422476,0.38732429437869437,0.65716552019020635,0.79451562378857832,-0.29479347764478725,-0.32526692758371795,-0.18661106671177669,0.59187808883695048,-0.85602719009096084,-0.30856310287881589,1.0,0.22507474492057156,0.69697711887932656,0.48788244940224523,0.48593189858173713,0.83344156351339171
-0.83512909519428447,0.25310032017867207,-0.84643068224094875,-0.73162953330014824,0.64229774408640228,0.69324170929366036,-0.019067893368341915,-0.16560855390709006,0.79791067267650495,0.80612886194741395,0.49503278602263567,0.24973595337815638,-0.56575327106335482,0.00016918761710750998,-0.8948674840065971,-0.38873052869005775,-0.88495841285950916,0.91886981095062303,0.89311288000000011,0.97626843067652946,0.12181901728605382,-0.27590347642319113,0.48324158840463322,0.65002792716432634,0.25158007361331891,-0.38842897589859265,0.44688438152478688,0.1345739850650215,0.3432000244492916,0.33506125671988457,0.69546510073692414,-0.017186188323530364,-0.14929749073586393,0.22507474492057156,1.0,-0.32051402799090878,0.91530628631152711,-0.60170976666182852,0.27963788191627548
0.7513746018973827,-0.89676257513493551,0.50471204675780423,0.16495385943975394,0.043022932034840089,-0.87983690088214128,0.67686241229169974,0.54560660871655342,-0.60595888268467224,-0.52088645895759833,0.54349635411025154,-0.29845329988548541,0.86943231532316467,-0.88806411152096754,0.64270478845208934,-0.3663740085698956,0.18794222993843526,-0.48241587828472698,-0.60898081999999998,-0.28867452280660388,0.8424235258089906,0.07870340969607148,-0.33498397799377577,0.16751431781862447,0.22728322053693739,0.94252782751914432,0.31060436907668754,-0.32006282372385209,-0.77000222003972185,-0.78599368575020923,0.32131203652622908,-0.77224111549652241,-0.39780733506474308,0.69697711887932656,-0.32051402799090878,1.0,-0.20305153301903134,0.94420590254134762,0.72581161793933247
-0.75584451965731303,0.22733707277801093,-0.86139603828537736,-0.54967114668428885,0.88764089343045716,0.62796740390936745,0.14138529539701816,0.16411867094080393,0.55180739769083886,0.51748652912826232,0.62761438833925065,0.12964146267315138,-0.58412012511173272,0.016881401883836335,-0.87007630967152694,-0.53098606219804068,-0.83558858459162799,0.9115720497830837,0.89695561999999995,0.97633678389424439,0.2069321278823657,-0.15246800250502013,0.5243078081953656,0.38494115020037079,0.28820674811088787,-0.23380031224041067,0.65026150302572838,0.060797683571897812,0.36385643655780464,0.4536704743410242,0.6647909221376872,-0.23633715900671928,-0.078326848874310379,0.48788244940224523,0.91530628631152711,-0.20305153301903134,1.0,-0.49183071713646598,0.38181173558489401
0.917521671039077,-0.85526855685358028,0.70257967323342885,0.36887887509591183,-0.21196804351931481,-0.97234981653711561,0.55790831089055437,0.46166372231680247,-0.75759192878933346,-0.68866438387704476,0.29153963285955292,-0.3340386867341486,0.93530720034772996,-0.75915921116402429,0.8439050738875512,-0.18989176659850518,0.44259468479961273,-0.72932753366695424,-0.81985710000000001,-0.57578527189791684,0.64900265839899429,0.16330722174451129,-0.4157998493611485,-0.047878006556817829,0.090004037076076071,0.90743155557385424,0.094461687053054452,-0.33797027328357254,-0.74864436328448369,-0.7877268407419703,0.022690696823344625,-0.61760858477140124,-0.2994556900226113,0.48593189858173713,-0.60170976666182852,0.94420590254134762,-0.49183071713646598,1.0,0.52325917191692128
0.17993893468404676,-0.79482963519493599,-0.15740410814759048,-0.30434550728023685,0.4296797101278001,-0.41551118615145272,0.41182669633793434,0.40289409268530474,-0.22244546814545285,-0.03402703792831973,0.90643083894392551,-0.23879791374921053,0.44258049105688929,-0.76414525377826781,0.025955839081318308,-0.64278065651559912,-0.36208038740969062,0.069689664428569095,-0.0004982000000000042,0.32951524258194759,0.85983958785348813,0.1512353753214859,0.30486892355531048,0.4517825502377566,0.3748922249026056,0.52963894175548654,0.5818651393224834,-0.59275486494077301,-0.3174971353441346,-0.4050891800747376,0.56231332046289706,-0.60206388962402435,-0.21709988130449126,0.83344156351339171,0.27963788191627548,0.72581161793933247,0.38181173558489401,0.52325917191692128,1.0
