1.000000000000000000e+00,-4.372249684634811895e-01,3.163148377994199900e-01,5.901448186526921935e-01,7.495924575182415228e-02,-1.576712248254546478e-01,-2.060293114921567248e-01,-7.362268165398916375e-02,2.627841800020871421e-01,5.106072583423968414e-01,3.237806719682689849e-02,-2.492177314982391145e-01,3.221525323293456533e-01,1.249266430918826581e-01,-5.366706882191684125e-01,-2.623634231683344420e-01,-5.048470489719065757e-01,4.348015653535844405e-01,1.497500525305797969e-01,-7.304256472650311194e-02,-3.367189400000000221e-01,8.228081381608921829e-02,-7.242205118067566172e-01,-4.557814693929130301e-01,5.013944299451382758e-01,3.868890830891344446e-01,-3.825578247768667284e-01,-4.759184024258253931e-01,2.574476196202405906e-02,-2.861097434976754283e-01,-2.895959844646359138e-01,2.635537070489620270e-01,4.189108928082103112e-01,2.430326424199490132e-02,4.500460292494054548e-01,2.714296068655223937e-02,-2.118172869800527547e-01,2.209125671922205492e-01,4.803786555939291714e-01
-4.372249684634811895e-01,1.000000000000000000e+00,-8.918125499792433075e-01,-5.763516781639139719e-01,-7.273466045411646208e-01,-2.127748357037793914e-01,4.612918136852948714e-01,-5.113191281308567815e-01,8.716731862737397973e-02,-1.081443583333170921e-01,6.560657812928200050e-02,1.535877144500317759e-01,1.147921754606098660e-01,-7.325316832353796492e-01,4.989281248919032463e-01,-3.672865455323450212e-01,3.792700203247083568e-01,1.444596502746680888e-01,-8.200059598877232903e-01,3.056199913331683060e-01,8.602562000000000264e-01,-5.016876766452412761e-01,6.684073857020778053e-01,4.893386334025161544e-01,-8.853114308383063236e-01,-4.556006803419926920e-01,3.424015542826421843e-01,3.424424056542738626e-01,7.727980548831550056e-01,-2.816499627289756891e-01,1.347272294791513891e-01,-8.100145180112549026e-01,-4.211917411725196181e-01,-7.808308808130816070e-01,1.798036588548045447e-02,5.952685567080535922e-02,-4.534495166023608803e-01,3.587812033316032378e-01,-1.933019956115583915e-01
3.163148377994199900e-01,-8.918125499792433075e-01,1.000000000000000000e+00,4.250904042427686158e-01,8.925416557379410865e-01,4.329821776530431432e-01,-5.902414277760723582e-01,5.829036858495801887e-01,-3.516739190596960274e-01,-1.007287467800826487e-02,7.556785903667133375e-02,1.958563601739325144e-01,-2.798916524922240856e-01,8.081347560963266785e-01,-4.421403153220993532e-01,4.485370621346325137e-01,-4.653513187210284174e-01,-2.606458845156058371e-02,8.957897591398142900e-01,-4.827937542487923395e-01,-9.872401400000000438e-01,6.541204519283073671e-01,-5.517289684487054480e-01,-3.296168055787058737e-01,8.673111521394590850e-01,6.868737032727539882e-01,-4.337509362689825898e-03,-1.906872521350296001e-01,-6.580736861303405627e-01,8.855419573952928725e-02,-2.591866817315553462e-01,8.522373040106900888e-01,6.431318396244600777e-01,7.540652935014452440e-01,-1.324391443996988382e-01,-2.540097346528271682e-01,6.582828887569626142e-01,-3.397951722436233224e-01,2.643172827260399371e-01
5.901448186526921935e-01,-5.763516781639139719e-01,4.250904042427686158e-01,1.000000000000000000e+00,2.572203487511685593e-01,-2.859900015237799575e-01,-4.443182121370415905e-01,4.158842050734660178e-01,2.114907937503330004e-01,-1.257182741737853382e-01,4.093567300994009894e-01,-1.922304173162154295e-01,-2.450936538035578260e-01,3.192769560968224396e-01,-4.846559972572564434e-01,-1.247648597990563130e-01,-5.595631798003086743e-01,-1.911661295066952385e-02,2.407950320467989735e-01,-1.314387240433579906e-01,-3.371750799999999604e-01,-3.757395277631196684e-02,-7.843438369525118636e-01,-1.697088053248473893e-01,3.640817389172739116e-01,2.987607094494169613e-01,-4.996591226075443593e-01,-2.305735160377477833e-01,-5.989547041361292790e-01,4.338062541641644065e-01,-2.140268924437701767e-02,6.040401166008679823e-01,-8.330766947035269515e-03,4.733575101407395125e-01,-2.661571826519407713e-01,3.591066538150615717e-01,2.374514638978925396e-01,-3.071138391239349730e-01,5.093355724014374530e-01
7.495924575182415228e-02,-7.273466045411646208e-01,8.925416557379410865e-01,2.572203487511685593e-01,1.000000000000000000e+00,7.283648811838523418e-01,-5.746430206444262945e-01,7.572732265193935497e-01,-5.577329000789083002e-01,-2.788768888237778687e-01,6.107512929451913014e-02,4.726143996939631275e-01,-5.443488609172680848e-01,8.332627444361395685e-01,-5.006661986108938700e-02,5.460208900509229135e-01,-5.786595878293659956e-01,-4.721995134515776654e-02,9.378473440864992794e-01,-7.748482255477986413e-01,-9.029092800000000363e-01,6.888580431791221370e-01,-5.200260320445888595e-01,-2.825334806873602278e-01,6.455211957645597964e-01,6.306074251963285082e-01,3.284864527100878062e-01,-1.389876432495306957e-01,-6.035831839800473997e-01,7.973249785207144058e-02,4.162164255797325130e-02,8.166402090444162543e-01,5.940908984500281598e-01,5.379473633615728945e-01,-4.014170651993211325e-01,-5.426594754103781781e-01,8.444516772299981433e-01,-2.913906922098677965e-01,2.324180806688730394e-01
-1.576712248254546478e-01,-2.127748357037793914e-01,4.329821776530431432e-01,-2.859900015237799575e-01,7.283648811838523418e-01,1.000000000000000000e+00,-2.393057421626376413e-01,4.651299218582398143e-01,-6.517326482077976380e-01,-2.331291294426311445e-01,-1.981076434830319477e-01,6.117830449396686188e-01,-4.357924695147497030e-01,6.342216072526050130e-01,5.363661324597367441e-01,5.472396623500435098e-01,-4.107203943375922206e-01,2.636236515175083284e-02,6.818643215277497838e-01,-8.634881425534588484e-01,-5.249160399999999171e-01,6.287916429133210139e-01,-1.948845429653646155e-01,-2.825534749362427767e-01,2.360435551660546583e-01,4.127951604592300927e-01,7.428476048994860914e-01,-1.180423487168403146e-01,-5.889903156289678227e-02,-2.983790814389193358e-01,2.953710099629655028e-01,3.072486108187652554e-01,5.470647457853108353e-01,-6.034581642362596421e-02,-2.745175311193382983e-01,-9.391188633309377476e-01,6.196100247618205881e-01,3.079105169705576711e-02,1.017063927788871697e-01
-2.060293114921567248e-01,4.612918136852948714e-01,-5.902414277760723582e-01,-4.443182121370415905e-01,-5.746430206444262945e-01,-2.393057421626376413e-01,1.000000000000000000e+00,-7.367202983557765705e-01,4.971038265209968277e-01,4.992891403376531478e-01,-6.400891495264898756e-01,-5.175594579092428482e-01,6.576714882647669569e-01,-6.314140864892805460e-01,1.456730624662850304e-01,-8.518875977817497169e-02,6.358708980980242176e-01,-1.332101158259322571e-01,-4.357994142382572433e-01,5.323802837513520458e-01,5.417718199999999040e-01,-1.062937843094751388e-02,4.880606544062946472e-01,2.091741382265545346e-01,-2.473738287046144402e-01,-6.859753974241988850e-01,-2.397694872164657376e-01,1.625963903683290135e-01,4.606110864290977602e-01,-1.726257210392067587e-01,-8.151729054085384008e-02,-6.100589967244077760e-01,-3.661866564068336771e-01,-4.958815551037867309e-01,5.356675516647025903e-01,1.107879593156135822e-01,-7.637760272042166676e-01,5.786351295834537556e-01,-5.920776836838437251e-01
-7.362268165398916375e-02,-5.113191281308567815e-01,5.829036858495801887e-01,4.158842050734660178e-01,7.572732265193935497e-01,4.651299218582398143e-01,-7.367202983557765705e-01,1.000000000000000000e+00,-5.374065336339759469e-01,-6.803583522067926381e-01,3.544808192484653619e-01,5.013822778380805367e-01,-8.188378170429628788e-01,6.824957685715774547e-01,1.356677934653214568e-01,4.357239761680605228e-01,-6.161780253027205889e-01,-2.453796617911758460e-01,6.639195877200247953e-01,-7.177723583754926917e-01,-5.320167399999999880e-01,2.009151939642926932e-01,-5.540095574719042792e-01,-2.958212947474916366e-01,2.276531639094045711e-01,3.923890627161423783e-01,2.395152414029204646e-01,-6.467900700957292248e-02,-7.197786094254666756e-01,5.047777505949797572e-01,4.485563149375623726e-01,7.735740308578371582e-01,1.040258261146840696e-01,4.865581749813679968e-01,-7.714593085006020701e-01,-2.731075628961326940e-01,8.802631802967473273e-01,-5.552823479549788832e-01,3.448368424990962411e-01
2.627841800020871421e-01,8.716731862737397973e-02,-3.516739190596960274e-01,2.114907937503330004e-01,-5.577329000789083002e-01,-6.517326482077976380e-01,4.971038265209968277e-01,-5.374065336339759469e-01,1.000000000000000000e+00,3.512168021512764304e-01,-9.697279148190691977e-02,-7.423858255111240867e-01,4.719834879917189641e-01,-5.412442355857838283e-01,-3.901736787716920118e-01,-4.814238827119018405e-01,2.307829926788939612e-01,-1.173544154981425447e-01,-4.396891920404047971e-01,6.358794212829873560e-01,4.055226599999999237e-01,-2.882187610248380660e-01,-1.031270563193126787e-02,2.024668353458659864e-01,-9.004236815005305095e-02,-2.726182179366183900e-01,-7.103638864755656979e-01,2.612823165074862897e-01,3.683471756423398885e-02,1.441279089876639774e-01,-1.032647375773023124e-01,-4.214208428521152849e-01,-4.854942288570752718e-01,-5.723819245368302194e-02,4.109083262090078570e-01,6.433282717846166010e-01,-6.744610902514269757e-01,1.039446522040304299e-01,-8.081534177624552506e-02
5.106072583423968414e-01,-1.081443583333170921e-01,-1.007287467800826487e-02,-1.257182741737853382e-01,-2.788768888237778687e-01,-2.331291294426311445e-01,4.992891403376531478e-01,-6.803583522067926381e-01,3.512168021512764304e-01,1.000000000000000000e+00,-6.667349826385284839e-01,-6.299720988662329546e-01,9.436030786445301910e-01,-2.499719497407945634e-01,-4.220653129232697087e-01,-8.364699496506267096e-02,3.942415291609931982e-01,2.225739760552593038e-01,-7.232426217753490372e-02,4.563643599537600681e-01,-6.695293999999996082e-02,1.725506436556826229e-01,6.318887329720257462e-02,-3.106924424743930935e-01,4.607447197036810271e-01,-2.025418444660576633e-01,-4.524310313278743223e-01,-2.435201688263666231e-01,3.699949057029022770e-01,-5.029515809067550691e-01,-6.156003539249756962e-01,-2.395225268359068571e-01,3.420838266617554080e-01,-1.702652095515222175e-01,9.478253023156559820e-01,3.823215005414198897e-02,-7.051959623093392304e-01,6.504565357626916899e-01,-3.731201387704495831e-01
3.237806719682689849e-02,6.560657812928200050e-02,7.556785903667133375e-02,4.093567300994009894e-01,6.107512929451913014e-02,-1.981076434830319477e-01,-6.400891495264898756e-01,3.544808192484653619e-01,-9.697279148190691977e-02,-6.667349826385284839e-01,1.000000000000000000e+00,5.050406348575769977e-01,-6.517675687309234522e-01,6.781472047669973024e-02,-1.672262530543807413e-01,-3.215087220292948689e-01,-5.114456482732059328e-01,2.348647473178249734e-01,-1.859811777165553959e-01,-1.500256279673486126e-01,1.849963999999992836e-02,-3.241240315510930392e-01,-1.751041340990470152e-01,4.564161088946175893e-01,-3.167022915883779266e-01,5.369443369198845240e-01,2.048641043207188872e-01,1.465010055383901000e-01,-1.455687417428699892e-01,1.973455184492673153e-01,7.344105886211599321e-02,1.937686999463327508e-01,-1.131325217894312840e-01,2.271545834121845298e-01,-5.875413581924980866e-01,3.202554006573788969e-01,4.368999613329170861e-01,-5.781836882179154369e-01,7.131513373125354383e-01
-2.492177314982391145e-01,1.535877144500317759e-01,1.958563601739325144e-01,-1.922304173162154295e-01,4.726143996939631275e-01,6.117830449396686188e-01,-5.175594579092428482e-01,5.013822778380805367e-01,-7.423858255111240867e-01,-6.299720988662329546e-01,5.050406348575769977e-01,1.000000000000000000e+00,-7.201978352362903291e-01,3.180710051385085002e-01,3.856745778101556277e-01,1.171559883504909305e-01,-5.334064181343516342e-01,3.034885853321230287e-01,2.310642340144087870e-01,-7.002409984785925579e-01,-2.244699999999999473e-01,2.067825543504607233e-01,-3.517091777545150455e-02,1.869385915089107619e-01,-2.264769969911588632e-01,5.159184984739482172e-01,8.824466023149126759e-01,-2.223716059675871770e-02,1.113239864116403466e-01,-1.969723278994382765e-01,2.467495989588535665e-01,2.590522221664155467e-01,3.323679385990462865e-01,-1.100283364785825668e-01,-5.686967708583162695e-01,-5.562927598450498889e-01,6.959884202451378510e-01,-2.153361295093595695e-01,4.330380099837517482e-01
3.221525323293456533e-01,1.147921754606098660e-01,-2.798916524922240856e-01,-2.450936538035578260e-01,-5.443488609172680848e-01,-4.357924695147497030e-01,6.576714882647669569e-01,-8.188378170429628788e-01,4.719834879917189641e-01,9.436030786445301910e-01,-6.517675687309234522e-01,-7.201978352362903291e-01,1.000000000000000000e+00,-4.785879031135404360e-01,-3.540901466513567408e-01,-1.849888123549123242e-01,6.136295958431674524e-01,1.230604797902065256e-01,-3.284946766086633274e-01,6.865941896401756006e-01,2.223184400000000061e-01,-3.980141775202537119e-02,2.859368155135009748e-01,-1.738548779513031384e-01,2.107598722246063483e-01,-4.404635873366153920e-01,-5.233610437930129589e-01,-1.493340616671261778e-01,4.533973540521316070e-01,-3.818219476878578211e-01,-5.301262797237767943e-01,-4.457184816026653618e-01,5.651814279623253168e-02,-2.536470843247965457e-01,9.463067475530964057e-01,2.313407983434602189e-01,-8.699071433554703692e-01,6.082216628305249229e-01,-4.859019131678731784e-01
1.249266430918826581e-01,-7.325316832353796492e-01,8.081347560963266785e-01,3.192769560968224396e-01,8.332627444361395685e-01,6.342216072526050130e-01,-6.314140864892805460e-01,6.824957685715774547e-01,-5.412442355857838283e-01,-2.499719497407945634e-01,6.781472047669973024e-02,3.180710051385085002e-01,-4.785879031135404360e-01,1.000000000000000000e+00,5.907359636186026997e-02,4.972600220755085121e-01,-4.833218187394356935e-01,-1.891183090415391455e-01,8.652836027356130000e-01,-6.859702131189979735e-01,-8.140129400000000182e-01,5.756831296511829565e-01,-5.265168276506537737e-01,-4.793099114796637861e-01,6.054991583417191903e-01,5.658585808812489626e-01,2.363715196798880092e-01,-3.343205528976194163e-01,-6.057603952825458826e-01,1.595005056001690125e-01,1.736472293084612151e-01,7.267900350870752924e-01,5.134785492883726654e-01,5.882924753168927712e-01,-3.356523823688339903e-01,-4.891395701766734216e-01,7.685889953319595680e-01,-4.854703784836723601e-01,3.694337633635455531e-01
-5.366706882191684125e-01,4.989281248919032463e-01,-4.421403153220993532e-01,-4.846559972572564434e-01,-5.006661986108938700e-02,5.363661324597367441e-01,1.456730624662850304e-01,1.356677934653214568e-01,-3.901736787716920118e-01,-4.220653129232697087e-01,-1.672262530543807413e-01,3.856745778101556277e-01,-3.540901466513567408e-01,5.907359636186026997e-02,1.000000000000000000e+00,1.874317515941456014e-01,1.134710037269670048e-02,-1.664921243505163295e-01,-8.731145934545175846e-02,-4.438255916092053721e-01,3.753858800000000606e-01,-6.514750272818509158e-02,2.345345959355734644e-01,-4.685917550075331672e-02,-5.766522089839072329e-01,-2.900561254748473261e-01,6.516287468428832996e-01,1.931552259845478042e-02,2.862528094310826665e-01,-7.960533972465277941e-02,6.886704745889293822e-01,-3.367733847144473991e-01,-1.886814635374652327e-01,-5.640348495470274282e-01,-3.868666390179912873e-01,-5.962594497693212148e-01,1.719449500674474496e-01,1.015819066381611485e-01,-1.015122190103063399e-01
-2.623634231683344420e-01,-3.672865455323450212e-01,4.485370621346325137e-01,-1.247648597990563130e-01,5.460208900509229135e-01,5.472396623500435098e-01,-8.518875977817497169e-02,4.357239761680605228e-01,-4.814238827119018405e-01,-8.364699496506267096e-02,-3.215087220292948689e-01,1.171559883504909305e-01,-1.849888123549123242e-01,4.972600220755085121e-01,1.874317515941456014e-01,1.000000000000000000e+00,5.026911380332443197e-02,-4.390236255679232924e-01,6.132903493929073857e-01,-3.584703681311618984e-01,-4.682917599999999458e-01,3.790548150904381464e-01,-2.561337102334846835e-02,-3.504006624720549801e-01,3.913307139866498696e-01,1.212518918300015403e-01,1.705385355842991002e-01,6.160042699990651155e-02,-3.842475144991745473e-01,1.475291968327078762e-01,8.444571937420068675e-02,4.663458163445007854e-01,1.462342045948201164e-01,3.515552350943629278e-01,-1.854488970767259604e-01,-4.016109434370939701e-01,3.922611967521857368e-01,-1.240411831784036245e-01,-1.866729928114577164e-01
-5.048470489719065757e-01,3.792700203247083568e-01,-4.653513187210284174e-01,-5.595631798003086743e-01,-5.786595878293659956e-01,-4.107203943375922206e-01,6.358708980980242176e-01,-6.161780253027205889e-01,2.307829926788939612e-01,3.942415291609931982e-01,-5.114456482732059328e-01,-5.334064181343516342e-01,6.136295958431674524e-01,-4.833218187394356935e-01,1.134710037269670048e-02,5.026911380332443197e-02,1.000000000000000000e+00,-3.193778174954885474e-01,-4.355574050748460824e-01,7.703581125161349519e-01,4.601633000000000528e-01,-2.100010128903949669e-01,8.240609414277872968e-01,1.907394102582016804e-01,-1.839351398425140838e-01,-7.083790380413566012e-01,-2.997111089914040738e-01,2.514157508357093840e-01,2.514350701746201344e-01,3.676840966187305826e-02,-2.790148541371051949e-01,-5.429191273846704080e-01,-3.561065919207685448e-01,-8.206706705007514591e-02,4.294151208341072667e-01,3.588357438409504607e-01,-5.811290326058261568e-01,2.205754315561339052e-01,-7.935669074621335417e-01
4.348015653535844405e-01,1.444596502746680888e-01,-2.606458845156058371e-02,-1.911661295066952385e-02,-4.721995134515776654e-02,2.636236515175083284e-02,-1.332101158259322571e-01,-2.453796617911758460e-01,-1.173544154981425447e-01,2.225739760552593038e-01,2.348647473178249734e-01,3.034885853321230287e-01,1.230604797902065256e-01,-1.891183090415391455e-01,-1.664921243505163295e-01,-4.390236255679232924e-01,-3.193778174954885474e-01,1.000000000000000000e+00,-2.160852983317400888e-01,-1.198037137484719988e-01,-3.659173999999998372e-02,2.020326064166046848e-02,-8.620349791664738692e-02,1.806782300802402541e-01,-3.248124828429684724e-02,3.542553693591909414e-01,2.964463763908506966e-01,-2.921953455680986189e-01,5.306865543522578665e-01,-6.872402641529274936e-01,-3.718488062761963753e-01,-1.348052995394271869e-01,5.099287880105377591e-01,-3.738468918613608860e-01,2.403682067208926798e-01,-1.779980851903694983e-01,-8.182897955725830508e-02,3.945976345648633532e-01,2.566879404696830180e-01
1.497500525305797969e-01,-8.200059598877232903e-01,8.957897591398142900e-01,2.407950320467989735e-01,9.378473440864992794e-01,6.818643215277497838e-01,-4.357994142382572433e-01,6.639195877200247953e-01,-4.396891920404047971e-01,-7.232426217753490372e-02,-1.859811777165553959e-01,2.310642340144087870e-01,-3.284946766086633274e-01,8.652836027356130000e-01,-8.731145934545175846e-02,6.132903493929073857e-01,-4.355574050748460824e-01,-2.160852983317400888e-01,1.000000000000000000e+00,-6.570112643703768240e-01,-9.140371999999999941e-01,7.418021367461385962e-01,-5.458384727724698848e-01,-5.178575740000173067e-01,7.804596708364094360e-01,4.873878889038705253e-01,1.287045771475924805e-01,-2.309894991342303361e-01,-6.470136264039844098e-01,1.456091034105673476e-01,6.914362261561067535e-02,8.043109129062856466e-01,5.468130492542068177e-01,5.832736757179740605e-01,-1.884602843627138369e-01,-5.224716051960240915e-01,6.796127080572166301e-01,-2.709039328475800201e-01,1.337129114739806224e-01
-7.304256472650311194e-02,3.056199913331683060e-01,-4.827937542487923395e-01,-1.314387240433579906e-01,-7.748482255477986413e-01,-8.634881425534588484e-01,5.323802837513520458e-01,-7.177723583754926917e-01,6.358794212829873560e-01,4.563643599537600681e-01,-1.500256279673486126e-01,-7.002409984785925579e-01,6.865941896401756006e-01,-6.859702131189979735e-01,-4.438255916092053721e-01,-3.584703681311618984e-01,7.703581125161349519e-01,-1.198037137484719988e-01,-6.570112643703768240e-01,1.000000000000000000e+00,5.336922799999999079e-01,-4.439965656861623589e-01,5.460805645231768812e-01,3.012790683832226035e-01,-1.809674402148676586e-01,-5.423421378527960579e-01,-6.606865371878407611e-01,2.070382725735741836e-01,2.214715901249067476e-01,1.203686958619458597e-01,-4.157411993037551934e-01,-5.059702684179256948e-01,-4.827999754627320117e-01,6.609612226562667017e-03,5.331384186105074807e-01,8.007352367823497019e-01,-7.718074595892170375e-01,1.126658357183410453e-01,-4.281863679219560237e-01
-3.367189400000000221e-01,8.602562000000000264e-01,-9.872401400000000438e-01,-3.371750799999999604e-01,-9.029092800000000363e-01,-5.249160399999999171e-01,5.417718199999999040e-01,-5.320167399999999880e-01,4.055226599999999237e-01,-6.695293999999996082e-02,1.849963999999992836e-02,-2.244699999999999473e-01,2.223184400000000061e-01,-8.140129400000000182e-01,3.753858800000000606e-01,-4.682917599999999458e-01,4.601633000000000528e-01,-3.659173999999998372e-02,-9.140371999999999941e-01,5.336922799999999079e-01,1.000000000000000000e+00,-7.151390399999999481e-01,5.335256999999999916e-01,3.772831400000000723e-01,-8.829544999999999755e-01,-6.840211199999999270e-01,-7.525563999999995701e-02,2.407956200000000990e-01,5.568729800000000729e-01,3.973049999999989090e-02,2.756187400000000842e-01,-8.082997000000000654e-01,-7.363288800000000744e-01,-6.557507399999999986e-01,5.909941999999990259e-02,3.803609599999999702e-01,-6.290625000000000799e-01,2.269164800000000870e-01,-2.300376800000000221e-01
8.228081381608921829e-02,-5.016876766452412761e-01,6.541204519283073671e-01,-3.757395277631196684e-02,6.888580431791221370e-01,6.287916429133210139e-01,-1.062937843094751388e-02,2.009151939642926932e-01,-2.882187610248380660e-01,1.725506436556826229e-01,-3.241240315510930392e-01,2.067825543504607233e-01,-3.980141775202537119e-02,5.756831296511829565e-01,-6.514750272818509158e-02,3.790548150904381464e-01,-2.100010128903949669e-01,2.020326064166046848e-02,7.418021367461385962e-01,-4.439965656861623589e-01,-7.151390399999999481e-01,1.000000000000000000e+00,-2.225156808728747104e-01,-2.049146595041651531e-01,6.388841786842310855e-01,3.759009084097343911e-01,2.356813116820305476e-01,-2.263823425137047318e-01,-2.258848021592850530e-01,-1.881089734227040233e-01,-1.499524679319809428e-01,4.671142939595490096e-01,5.941204573945194634e-01,2.884244415308919729e-01,1.112215617219025204e-01,-5.516455073981866297e-01,3.708360152076179417e-01,3.473503281116180341e-02,8.333199351450649300e-03
-7.242205118067566172e-01,6.684073857020778053e-01,-5.517289684487054480e-01,-7.843438369525118636e-01,-5.200260320445888595e-01,-1.948845429653646155e-01,4.880606544062946472e-01,-5.540095574719042792e-01,-1.031270563193126787e-02,6.318887329720257462e-02,-1.751041340990470152e-01,-3.517091777545150455e-02,2.859368155135009748e-01,-5.265168276506537737e-01,2.345345959355734644e-01,-2.561337102334846835e-02,8.240609414277872968e-01,-8.620349791664738692e-02,-5.458384727724698848e-01,5.460805645231768812e-01,5.335256999999999916e-01,-2.225156808728747104e-01,1.000000000000000000e+00,5.378022975290246421e-01,-4.908709568659999078e-01,-4.563620995252781198e-01,2.004414603624008473e-01,4.123432210691993505e-01,4.867683527831683787e-01,-1.814268241978283791e-01,-2.216678959249695768e-01,-6.566803028074021942e-01,-2.722279890030374072e-01,-2.701796853445918023e-01,1.678583156916241270e-01,1.689849874923694539e-01,-3.518965777496724234e-01,1.707024435060581213e-01,-5.966386433191076533e-01
-4.557814693929130301e-01,4.893386334025161544e-01,-3.296168055787058737e-01,-1.697088053248473893e-01,-2.825334806873602278e-01,-2.825534749362427767e-01,2.091741382265545346e-01,-2.958212947474916366e-01,2.024668353458659864e-01,-3.106924424743930935e-01,4.564161088946175893e-01,1.869385915089107619e-01,-1.738548779513031384e-01,-4.793099114796637861e-01,-4.685917550075331672e-02,-3.504006624720549801e-01,1.907394102582016804e-01,1.806782300802402541e-01,-5.178575740000173067e-01,3.012790683832226035e-01,3.772831400000000723e-01,-2.049146595041651531e-01,5.378022975290246421e-01,1.000000000000000000e+00,-5.040785423952539590e-01,1.223057145055915507e-02,1.947446802415455647e-01,5.495593302947685554e-01,2.345636104058355376e-01,-7.981173535374405659e-02,-2.618428598994417822e-01,-3.813588865741345812e-01,-2.514920728844742825e-01,-1.150005800082347651e-01,-2.533447588067874179e-01,3.719099671147489961e-01,-3.950888572792615738e-02,-1.420140459828939106e-02,-7.993188395436091886e-02
5.013944299451382758e-01,-8.853114308383063236e-01,8.673111521394590850e-01,3.640817389172739116e-01,6.455211957645597964e-01,2.360435551660546583e-01,-2.473738287046144402e-01,2.276531639094045711e-01,-9.004236815005305095e-02,4.607447197036810271e-01,-3.167022915883779266e-01,-2.264769969911588632e-01,2.107598722246063483e-01,6.054991583417191903e-01,-5.766522089839072329e-01,3.913307139866498696e-01,-1.839351398425140838e-01,-3.248124828429684724e-02,7.804596708364094360e-01,-1.809674402148676586e-01,-8.829544999999999755e-01,6.388841786842310855e-01,-4.908709568659999078e-01,-5.040785423952539590e-01,1.000000000000000000e+00,4.115369558241093184e-01,-3.198513365076255388e-01,-2.906029245586835286e-01,-5.012550233870520788e-01,-3.683301473773912399e-02,-4.467548770444451089e-01,6.646171644707334902e-01,6.364562944822418356e-01,6.272195660642894133e-01,3.138098197113933785e-01,-1.605790086109424308e-01,2.287157155861611890e-01,-2.152966099311741377e-02,-1.825015382892938853e-03
3.868890830891344446e-01,-4.556006803419926920e-01,6.868737032727539882e-01,2.987607094494169613e-01,6.306074251963285082e-01,4.127951604592300927e-01,-6.859753974241988850e-01,3.923890627161423783e-01,-2.726182179366183900e-01,-2.025418444660576633e-01,5.369443369198845240e-01,5.159184984739482172e-01,-4.404635873366153920e-01,5.658585808812489626e-01,-2.900561254748473261e-01,1.212518918300015403e-01,-7.083790380413566012e-01,3.542553693591909414e-01,4.873878889038705253e-01,-5.423421378527960579e-01,-6.840211199999999270e-01,3.759009084097343911e-01,-4.563620995252781198e-01,1.223057145055915507e-02,4.115369558241093184e-01,1.000000000000000000e+00,3.503545107647130230e-01,-4.470827076741174660e-02,-1.929581864738149355e-01,-2.787343963125452628e-01,-2.068626523110607129e-01,4.772413955019632614e-01,6.167312703563672116e-01,3.778364642448898136e-01,-1.943768210628486759e-01,-2.761781433951032705e-01,5.831370816760159670e-01,-3.350194498093849726e-01,7.053119834964199919e-01
-3.825578247768667284e-01,3.424015542826421843e-01,-4.337509362689825898e-03,-4.996591226075443593e-01,3.284864527100878062e-01,7.428476048994860914e-01,-2.397694872164657376e-01,2.395152414029204646e-01,-7.103638864755656979e-01,-4.524310313278743223e-01,2.048641043207188872e-01,8.824466023149126759e-01,-5.233610437930129589e-01,2.363715196798880092e-01,6.516287468428832996e-01,1.705385355842991002e-01,-2.997111089914040738e-01,2.964463763908506966e-01,1.287045771475924805e-01,-6.606865371878407611e-01,-7.525563999999995701e-02,2.356813116820305476e-01,2.004414603624008473e-01,1.947446802415455647e-01,-3.198513365076255388e-01,3.503545107647130230e-01,1.000000000000000000e+00,3.318393057815272051e-02,3.637400437115295704e-01,-4.511622667246071305e-01,2.395384803457372147e-01,-6.698774709147581330e-02,3.705749625485125209e-01,-3.704573072879413509e-01,-3.959163942596317654e-01,-7.460891564711956692e-01,5.080014622041560957e-01,4.296040560604985625e-02,1.928363516141415879e-01
-4.759184024258253931e-01,3.424424056542738626e-01,-1.906872521350296001e-01,-2.305735160377477833e-01,-1.389876432495306957e-01,-1.180423487168403146e-01,1.625963903683290135e-01,-6.467900700957292248e-02,2.612823165074862897e-01,-2.435201688263666231e-01,1.465010055383901000e-01,-2.223716059675871770e-02,-1.493340616671261778e-01,-3.343205528976194163e-01,1.931552259845478042e-02,6.160042699990651155e-02,2.514157508357093840e-01,-2.921953455680986189e-01,-2.309894991342303361e-01,2.070382725735741836e-01,2.407956200000000990e-01,-2.263823425137047318e-01,4.123432210691993505e-01,5.495593302947685554e-01,-2.906029245586835286e-01,-4.470827076741174660e-02,3.318393057815272051e-02,1.000000000000000000e+00,-2.437108481407069052e-02,8.844350815968576862e-02,-1.233967114091364253e-01,-3.341835850511040706e-01,-3.002414116401441735e-01,5.626098881576143199e-03,-2.473654003078899211e-01,2.703057041419018036e-01,-1.936396676508474538e-02,-1.469663678292110198e-02,-2.730431577334003213e-01
2.574476196202405906e-02,7.727980548831550056e-01,-6.580736861303405627e-01,-5.989547041361292790e-01,-6.035831839800473997e-01,-5.889903156289678227e-02,4.606110864290977602e-01,-7.197786094254666756e-01,3.683471756423398885e-02,3.699949057029022770e-01,-1.455687417428699892e-01,1.113239864116403466e-01,4.533973540521316070e-01,-6.057603952825458826e-01,2.862528094310826665e-01,-3.842475144991745473e-01,2.514350701746201344e-01,5.306865543522578665e-01,-6.470136264039844098e-01,2.214715901249067476e-01,5.568729800000000729e-01,-2.258848021592850530e-01,4.867683527831683787e-01,2.345636104058355376e-01,-5.012550233870520788e-01,-1.929581864738149355e-01,3.637400437115295704e-01,-2.437108481407069052e-02,1.000000000000000000e+00,-7.706708552677478119e-01,-1.922545116871168525e-01,-7.563828973494846064e-01,9.572477059092437957e-02,-8.556071526041811870e-01,4.814587615089906958e-01,-2.016189690668312440e-01,-5.871071685933934026e-01,6.554202721330744108e-01,-9.849714807956796991e-02
-2.861097434976754283e-01,-2.816499627289756891e-01,8.855419573952928725e-02,4.338062541641644065e-01,7.973249785207144058e-02,-2.983790814389193358e-01,-1.726257210392067587e-01,5.047777505949797572e-01,1.441279089876639774e-01,-5.029515809067550691e-01,1.973455184492673153e-01,-1.969723278994382765e-01,-3.818219476878578211e-01,1.595005056001690125e-01,-7.960533972465277941e-02,1.475291968327078762e-01,3.676840966187305826e-02,-6.872402641529274936e-01,1.456091034105673476e-01,1.203686958619458597e-01,3.973049999999989090e-02,-1.881089734227040233e-01,-1.814268241978283791e-01,-7.981173535374405659e-02,-3.683301473773912399e-02,-2.787343963125452628e-01,-4.511622667246071305e-01,8.844350815968576862e-02,-7.706708552677478119e-01,1.000000000000000000e+00,4.708353181490848582e-01,4.068897798697962975e-01,-6.561944682012081920e-01,5.676586149999260922e-01,-5.069181214676096170e-01,4.889065629073659491e-01,2.620594868649132603e-01,-6.806545685610972951e-01,8.788330814359483073e-03
-2.895959844646359138e-01,1.347272294791513891e-01,-2.591866817315553462e-01,-2.140268924437701767e-02,4.162164255797325130e-02,2.953710099629655028e-01,-8.151729054085384008e-02,4.485563149375623726e-01,-1.032647375773023124e-01,-6.156003539249756962e-01,7.344105886211599321e-02,2.467495989588535665e-01,-5.301262797237767943e-01,1.736472293084612151e-01,6.886704745889293822e-01,8.444571937420068675e-02,-2.790148541371051949e-01,-3.718488062761963753e-01,6.914362261561067535e-02,-4.157411993037551934e-01,2.756187400000000842e-01,-1.499524679319809428e-01,-2.216678959249695768e-01,-2.618428598994417822e-01,-4.467548770444451089e-01,-2.068626523110607129e-01,2.395384803457372147e-01,-1.233967114091364253e-01,-1.922545116871168525e-01,4.708353181490848582e-01,1.000000000000000000e+00,1.855361647874059425e-02,-5.011473763837287487e-01,-1.791663506707024955e-01,-5.125932998743022440e-01,-2.555049934508971665e-01,2.659554534646828006e-01,-3.836601369868610223e-01,2.390907378890547164e-01
2.635537070489620270e-01,-8.100145180112549026e-01,8.522373040106900888e-01,6.040401166008679823e-01,8.166402090444162543e-01,3.072486108187652554e-01,-6.100589967244077760e-01,7.735740308578371582e-01,-4.214208428521152849e-01,-2.395225268359068571e-01,1.937686999463327508e-01,2.590522221664155467e-01,-4.457184816026653618e-01,7.267900350870752924e-01,-3.367733847144473991e-01,4.663458163445007854e-01,-5.429191273846704080e-01,-1.348052995394271869e-01,8.043109129062856466e-01,-5.059702684179256948e-01,-8.082997000000000654e-01,4.671142939595490096e-01,-6.566803028074021942e-01,-3.813588865741345812e-01,6.646171644707334902e-01,4.772413955019632614e-01,-6.698774709147581330e-02,-3.341835850511040706e-01,-7.563828973494846064e-01,4.068897798697962975e-01,1.855361647874059425e-02,1.000000000000000000e+00,3.352029200789616303e-01,7.100252219274101328e-01,-3.674613234725424005e-01,-1.450464334174864922e-01,6.948385941322537951e-01,-4.356780935765421914e-01,3.444047896175964629e-01
4.189108928082103112e-01,-4.211917411725196181e-01,6.431318396244600777e-01,-8.330766947035269515e-03,5.940908984500281598e-01,5.470647457853108353e-01,-3.661866564068336771e-01,1.040258261146840696e-01,-4.854942288570752718e-01,3.420838266617554080e-01,-1.131325217894312840e-01,3.323679385990462865e-01,5.651814279623253168e-02,5.134785492883726654e-01,-1.886814635374652327e-01,1.462342045948201164e-01,-3.561065919207685448e-01,5.099287880105377591e-01,5.468130492542068177e-01,-4.827999754627320117e-01,-7.363288800000000744e-01,5.941204573945194634e-01,-2.722279890030374072e-01,-2.514920728844742825e-01,6.364562944822418356e-01,6.167312703563672116e-01,3.705749625485125209e-01,-3.002414116401441735e-01,9.572477059092437957e-02,-6.561944682012081920e-01,-5.011473763837287487e-01,3.352029200789616303e-01,1.000000000000000000e+00,9.014920010349429524e-02,2.321200288629120534e-01,-5.975423554574845753e-01,3.345214078103500577e-01,2.817785733290566474e-01,1.343638344703094734e-01
2.430326424199490132e-02,-7.808308808130816070e-01,7.540652935014452440e-01,4.733575101407395125e-01,5.379473633615728945e-01,-6.034581642362596421e-02,-4.958815551037867309e-01,4.865581749813679968e-01,-5.723819245368302194e-02,-1.702652095515222175e-01,2.271545834121845298e-01,-1.100283364785825668e-01,-2.536470843247965457e-01,5.882924753168927712e-01,-5.640348495470274282e-01,3.515552350943629278e-01,-8.206706705007514591e-02,-3.738468918613608860e-01,5.832736757179740605e-01,6.609612226562667017e-03,-6.557507399999999986e-01,2.884244415308919729e-01,-2.701796853445918023e-01,-1.150005800082347651e-01,6.272195660642894133e-01,3.778364642448898136e-01,-3.704573072879413509e-01,5.626098881576143199e-03,-8.556071526041811870e-01,5.676586149999260922e-01,-1.791663506707024955e-01,7.100252219274101328e-01,9.014920010349429524e-02,1.000000000000000000e+00,-2.229770140572499282e-01,3.215698023820922624e-01,4.944093778534552341e-01,-7.090556906765312917e-01,1.363084238314712371e-01
4.500460292494054548e-01,1.798036588548045447e-02,-1.324391443996988382e-01,-2.661571826519407713e-01,-4.014170651993211325e-01,-2.745175311193382983e-01,5.356675516647025903e-01,-7.714593085006020701e-01,4.109083262090078570e-01,9.478253023156559820e-01,-5.875413581924980866e-01,-5.686967708583162695e-01,9.463067475530964057e-01,-3.356523823688339903e-01,-3.868666390179912873e-01,-1.854488970767259604e-01,4.294151208341072667e-01,2.403682067208926798e-01,-1.884602843627138369e-01,5.331384186105074807e-01,5.909941999999990259e-02,1.112215617219025204e-01,1.678583156916241270e-01,-2.533447588067874179e-01,3.138098197113933785e-01,-1.943768210628486759e-01,-3.959163942596317654e-01,-2.473654003078899211e-01,4.814587615089906958e-01,-5.069181214676096170e-01,-5.125932998743022440e-01,-3.674613234725424005e-01,2.321200288629120534e-01,-2.229770140572499282e-01,1.000000000000000000e+00,7.913658399966787271e-02,-7.741554891427199214e-01,5.346229627668437345e-01,-2.819255646023317574e-01
2.714296068655223937e-02,5.952685567080535922e-02,-2.540097346528271682e-01,3.591066538150615717e-01,-5.426594754103781781e-01,-9.391188633309377476e-01,1.107879593156135822e-01,-2.731075628961326940e-01,6.433282717846166010e-01,3.823215005414198897e-02,3.202554006573788969e-01,-5.562927598450498889e-01,2.313407983434602189e-01,-4.891395701766734216e-01,-5.962594497693212148e-01,-4.016109434370939701e-01,3.588357438409504607e-01,-1.779980851903694983e-01,-5.224716051960240915e-01,8.007352367823497019e-01,3.803609599999999702e-01,-5.516455073981866297e-01,1.689849874923694539e-01,3.719099671147489961e-01,-1.605790086109424308e-01,-2.761781433951032705e-01,-7.460891564711956692e-01,2.703057041419018036e-01,-2.016189690668312440e-01,4.889065629073659491e-01,-2.555049934508971665e-01,-1.450464334174864922e-01,-5.975423554574845753e-01,3.215698023820922624e-01,7.913658399966787271e-02,1.000000000000000000e+00,-4.040912834614930893e-01,-2.785965196628770180e-01,-6.287143639928662042e-02
-2.118172869800527547e-01,-4.534495166023608803e-01,6.582828887569626142e-01,2.374514638978925396e-01,8.444516772299981433e-01,6.196100247618205881e-01,-7.637760272042166676e-01,8.802631802967473273e-01,-6.744610902514269757e-01,-7.051959623093392304e-01,4.368999613329170861e-01,6.959884202451378510e-01,-8.699071433554703692e-01,7.685889953319595680e-01,1.719449500674474496e-01,3.922611967521857368e-01,-5.811290326058261568e-01,-8.182897955725830508e-02,6.796127080572166301e-01,-7.718074595892170375e-01,-6.290625000000000799e-01,3.708360152076179417e-01,-3.518965777496724234e-01,-3.950888572792615738e-02,2.287157155861611890e-01,5.831370816760159670e-01,5.080014622041560957e-01,-1.936396676508474538e-02,-5.871071685933934026e-01,2.620594868649132603e-01,2.659554534646828006e-01,6.948385941322537951e-01,3.345214078103500577e-01,4.944093778534552341e-01,-7.741554891427199214e-01,-4.040912834614930893e-01,1.000000000000000000e+00,-5.602447225960848209e-01,3.605242198058904446e-01
2.209125671922205492e-01,3.587812033316032378e-01,-3.397951722436233224e-01,-3.071138391239349730e-01,-2.913906922098677965e-01,3.079105169705576711e-02,5.786351295834537556e-01,-5.552823479549788832e-01,1.039446522040304299e-01,6.504565357626916899e-01,-5.781836882179154369e-01,-2.153361295093595695e-01,6.082216628305249229e-01,-4.854703784836723601e-01,1.015819066381611485e-01,-1.240411831784036245e-01,2.205754315561339052e-01,3.945976345648633532e-01,-2.709039328475800201e-01,1.126658357183410453e-01,2.269164800000000870e-01,3.473503281116180341e-02,1.707024435060581213e-01,-1.420140459828939106e-02,-2.152966099311741377e-02,-3.350194498093849726e-01,4.296040560604985625e-02,-1.469663678292110198e-02,6.554202721330744108e-01,-6.806545685610972951e-01,-3.836601369868610223e-01,-4.356780935765421914e-01,2.817785733290566474e-01,-7.090556906765312917e-01,5.346229627668437345e-01,-2.785965196628770180e-01,-5.602447225960848209e-01,1.000000000000000000e+00,-4.652047382477307313e-01
4.803786555939291714e-01,-1.933019956115583915e-01,2.643172827260399371e-01,5.093355724014374530e-01,2.324180806688730394e-01,1.017063927788871697e-01,-5.920776836838437251e-01,3.448368424990962411e-01,-8.081534177624552506e-02,-3.731201387704495831e-01,7.131513373125354383e-01,4.330380099837517482e-01,-4.859019131678731784e-01,3.694337633635455531e-01,-1.015122190103063399e-01,-1.866729928114577164e-01,-7.935669074621335417e-01,2.566879404696830180e-01,1.337129114739806224e-01,-4.281863679219560237e-01,-2.300376800000000221e-01,8.333199351450649300e-03,-5.966386433191076533e-01,-7.993188395436091886e-02,-1.825015382892938853e-03,7.053119834964199919e-01,1.928363516141415879e-01,-2.730431577334003213e-01,-9.849714807956796991e-02,8.788330814359483073e-03,2.390907378890547164e-01,3.444047896175964629e-01,1.343638344703094734e-01,1.363084238314712371e-01,-2.819255646023317574e-01,-6.287143639928662042e-02,3.605242198058904446e-01,-4.652047382477307313e-01,1.000000000000000000e+00
