1.0,0.50784514911246958,0.17130587146666798,0.37718487786005039,-0.075636355367732624,0.78575663350034142,-0.34796259240427307,-0.022909239841589851,0.31821466837536999,-0.21374975693945547,-0.79915491154072149,0.41020457068073879,0.21062532799496297,-0.16456701829343312,-0.59102880293916993,-0.13661226618880112,-0.88324812669193831,0.45215510380579327,0.50415417704278342,0.083196365320270693,0.6833576571546639,0.59323944040992027,-0.0089453122959941758,-0.79044835063861008,0.5885358427648687,0.28330716356833652,0.36304651413596473,0.012799205219572705,-0.62354820762263319,0.57334761211940155,0.53331965473825771,0.13069178680666288,-0.0004815631954098315,-0.59469107655378406,0.48118769932876976,0.13479484784710541,0.62079820000000008,-0.24306453058844327,-0.13215179852471567
0.50784514911246958,1.0,-0.38667009728700846,0.56199333482805036,-0.41545376921888399,0.52207401451684354,-0.84934282857003507,0.53764096792055338,0.68900148699013841,0.23022514529594182,-0.65838448532485794,0.30748931719338984,0.17110912106172491,-0.35128906907190033,-0.10016318172263905,-0.67637485110389561,-0.48881202195443318,0.89396112854380638,0.82199517532555022,0.56452247673542433,0.74510420828431068,0.75704667748331322,0.3619002261536049,-0.327899787406146,0.75915813300358903,0.49588739668832993,0.685811445638141,0.061154958349593599,-0.50876076956790428,0.18956240245488556,0.65347562285649141,0.46844432984879447,-0.4844346089292052,-0.30844430138903267,0.6808031437677603,0.1336778521883169,0.86303788000000003,-0.51464932204342517,-0.18278874968623535
0.17130587146666798,-0.38667009728700846,1.0,-0.40362316102693313,0.027941341554416695,-0.11707495437605939,0.4832878885404796,-0.40386614577415647,-0.093302985521257542,0.10244415736096037,0.011153101099646132,-0.26460217538824204,0.0016319618036070732,-0.033414944621649935,-0.16255476454426498,0.46969842919704774,-0.31612270664235204,-0.42896071430189509,-0.36822753878342318,0.094994181100420697,-0.13590290324341547,0.033506871979831002,-0.55351603728171772,0.017276284657643262,-0.33771839126052566,-0.17399913727068372,-0.52814474584847648,-0.051088727240215404,-0.099439874840326972,0.29770904665053982,0.16452677961532694,-0.17059335961932712,0.55904524581919701,0.10550968349955761,-0.36979275544622797,0.30385653889569114,-0.0518729,-0.26431711019165288,-0.22269364072630832
0.37718487786005039,0.56199333482805036,-0.40362316102693313,1.0,-0.30847559973425692,0.75771156370055393,-0.63561209647392958,0.59765696717596328,-0.032337729261981862,-0.07423911241766841,-0.67291656971292513,0.72270863342288449,0.059697348070523557,-0.28553556515015105,-0.54055026008447493,-0.3188261275348982,-0.22999252800404416,0.62793712681836367,0.62978368185343647,0.2993247864377036,0.73498324894735489,0.21062422111392687,0.7224895638342187,-0.25374233626088022,0.37348195741541512,-0.1500036383581865,0.89381709250876495,0.035184373719334583,-0.75761512742785908,0.0045387701704912298,0.037411276837389221,0.6097972005551745,-0.68991501079637918,-0.50384307634132286,0.75636074687805599,-0.3198617795976072,0.41211511999999995,0.25653137622703609,0.46977999763025979
-0.075636355367732624,-0.41545376921888399,0.027941341554416695,-0.30847559973425692,1.0,-0.3048246741189472,0.20870645448624503,-0.15699911276158884,0.0086872789077990908,-0.083153731864774302,0.038504615488050203,-0.21382427296391976,0.42378986315413003,-0.054406181112865465,0.21216716256976709,0.1271376855667011,0.1437095968192128,-0.21132441531995666,-0.14890398673315183,-0.51724977208271194,-0.29232930585464212,-0.28368319030999462,-0.25191044153000863,-0.076306684502683922,0.069634680465548063,-0.21071887205546214,-0.36600699629322209,0.15831846284744699,0.50789915228816451,-0.39343309671917132,0.0320968121291864,-0.50627430319405731,0.11543610649083574,0.20296668610198557,-0.15532442408611674,0.038871628969530073,-0.15288796000000004,0.031560856135561664,-0.3411541794087668
0.78575663350034142,0.52207401451684354,-0.11707495437605939,0.75771156370055393,-0.3048246741189472,1.0,-0.42611993085227312,0.12777821010767593,-0.038840788692699489,-0.26828208764789052,-0.74192842466758568,0.6372237283185852,0.0098277192219638539,-0.15653222567878605,-0.84070784322267156,-0.044081419705287395,-0.6123674499128291,0.45172996905394458,0.50587944068317237,0.15110134281544998,0.75750759980347215,0.3625110350777877,0.39469868867283403,-0.66188939092652266,0.46397269758299525,0.10075960717887417,0.69780757876586397,-0.095493585026010672,-0.85606136773960073,0.51201080282181533,0.147232157892288,0.36844882446413108,-0.30324722359316197,-0.63322206952689153,0.69681399403768862,-0.12557947584590246,0.43042497999999996,0.18590430977770886,0.30723472474072572
-0.34796259240427307,-0.84934282857003507,0.4832878885404796,-0.63561209647392958,0.20870645448624503,-0.42611993085227312,1.0,-0.84056975915773124,-0.49792475046869655,-0.1912497886854114,0.58444094149610959,-0.57221805908463841,-0.3005080607872585,0.3659008668670492,-0.074834694887109809,0.85918135284684627,0.20846265076725032,-0.96361050631865108,-0.93432504036585218,-0.37200393085433042,-0.78976309468633088,-0.51945590018729337,-0.70830013406404113,0.19635974407559434,-0.69437479508891253,-0.081473964172072769,-0.84651685852947833,-0.14319577289395452,0.37982174705161859,0.22395010120035727,-0.41972857705036254,-0.58682595432518503,0.82004052027851715,0.36858369182574874,-0.76117462004313197,0.31913497488204479,-0.70716741999999999,0.2932512300357133,0.082622761851393015
-0.022909239841589851,0.53764096792055338,-0.40386614577415647,0.59765696717596328,-0.15699911276158884,0.12777821010767593,-0.84056975915773124,1.0,0.27325654571998381,0.23773616810704412,-0.38794105766236942,0.58447575931328721,0.28242133858638285,-0.32699042387180016,0.27121600213873093,-0.81733456592528142,0.11195941819527562,0.78854586275125971,0.78508587970475852,0.3474215118075758,0.56929611048147488,0.21138748395021495,0.78203116578794485,0.19840178187446006,0.32773287728248668,-0.30863908552635266,0.74430117785831729,0.28524917475766032,-0.24101495025711986,-0.61786010256369406,0.16819623944249729,0.64322335509432105,-0.87172111340514913,-0.22588413242891064,0.54772542968562721,-0.49468842589456546,0.44477140000000004,-0.12304221668792435,0.12117996653283446
0.31821466837536999,0.68900148699013841,-0.093302985521257542,-0.032337729261981862,0.0086872789077990908,-0.038840788692699489,-0.49792475046869655,0.27325654571998381,1.0,0.2924836270386742,-0.47346247871105107,-0.18962441182611381,0.45640834960487719,-0.21950558001118256,0.35679837002024428,-0.6048241334448381,-0.50804853115227944,0.64393042297264169,0.56807161059468803,0.38718033717970513,0.26962888133277602,0.77153724029874526,-0.22476699279461193,-0.17703147386764054,0.72650847555643117,0.6689219714724205,0.068273474385173755,0.26947667024193389,-0.0040721534518484946,-0.0099943222204955245,0.91198639105075108,-0.058981537248990114,-0.04639810290232204,0.0071576769654858527,0.1471446691812868,0.51546793706332128,0.82140513999999998,-0.88741341376185634,-0.58848510713101798
-0.21374975693945547,0.23022514529594182,0.10244415736096037,-0.07423911241766841,-0.083153731864774302,-0.26828208764789052,-0.1912497886854114,0.23773616810704412,0.2924836270386742,1.0,0.085716503146769318,-0.49669819030963319,-0.41134698115754353,-0.85350343509115345,0.21228960242117484,-0.046038394644744712,0.2654800668271331,0.15289160531771664,0.11675689716302599,0.794999446840986,0.25312297617273616,0.45633203376351628,-0.0090648647545250073,0.64753094841653558,0.10577671970498016,-0.054231056334641911,-0.02450972928053885,-0.0059259768763595495,-0.051975453683814572,-0.096024376336681427,0.40931293280892872,0.53158988798008633,0.0716584821163255,0.75363367169835849,0.33684769510072854,0.37658879960186548,0.38528611999999995,-0.54076906650063672,-0.64619784388232882
-0.79915491154072149,-0.65838448532485794,0.011153101099646132,-0.67291656971292513,0.038504615488050203,-0.74192842466758568,0.58444094149610959,-0.38794105766236942,-0.47346247871105107,0.085716503146769318,1.0,-0.51577782166983666,-0.44382718284581452,0.29679227995300772,0.47789666138408016,0.37122659509445349,0.78720457802338739,-0.71560018682105242,-0.76477946936398655,-0.29081856055019795,-0.75564425466662666,-0.62305876029646867,-0.21105668187530952,0.55663080979038781,-0.69619059270821781,-0.19115363973369601,-0.58735057281490688,-0.22307774001698122,0.70873153256594845,-0.16950594548865183,-0.62720702934435568,-0.26050274637381537,0.31853450850925114,0.53836281185922719,-0.60447307453445165,-0.11559002772919708,-0.79679706000000006,0.29567853491410417,-0.0021734904845014534
0.41020457068073879,0.30748931719338984,-0.26460217538824204,0.72270863342288449,-0.21382427296391976,0.6372237283185852,-0.57221805908463841,0.58447575931328721,-0.18962441182611381,-0.49669819030963319,-0.51577782166983666,1.0,0.29678645733721953,0.16909294805293226,-0.31436944407821649,-0.46646983372592915,-0.23250829998199676,0.53131578862159257,0.59725653150022195,-0.18602163690537393,0.5741521368544118,-0.058198623730840865,0.76722217613595201,-0.434271212676198,0.20753920967840292,-0.34133279740289724,0.7958457040876149,0.10262044225669283,-0.49596593479758366,-0.15375522313108497,-0.20399620389663073,0.38993676668913446,-0.74471605196518142,-0.8331677906288143,0.46747922693851418,-0.75621443375903885,0.12989161999999999,0.41724058611248188,0.60580744691800525
0.21062532799496297,0.17110912106172491,0.0016319618036070732,0.059697348070523557,0.42378986315413003,0.0098277192219638539,-0.3005080607872585,0.28242133858638285,0.45640834960487719,-0.41134698115754353,-0.44382718284581452,0.29678645733721953,1.0,0.32326209562532254,0.25017462250379635,-0.48387833072029551,-0.39259990985715093,0.37965515414543349,0.40555445790622335,-0.33663667393215496,0.0044687876364265912,0.040680466057966748,-0.029947437049663163,-0.41222718640041878,0.37318529298516429,0.11505225570656824,0.069329785233778196,0.38669635944984687,0.16576058711864791,-0.36388516954420308,0.34136460269518765,-0.44189515481508995,-0.30672675907420965,-0.447753082274292,-0.12835084208684078,-0.082419905649614017,0.28957089999999996,-0.23549664096146855,0.041359396784414762
-0.16456701829343312,-0.35128906907190033,-0.033414944621649935,-0.28553556515015105,-0.054406181112865465,-0.15653222567878605,0.3659008668670492,-0.32699042387180016,-0.21950558001118256,-0.85350343509115345,0.29679227995300772,0.16909294805293226,0.32326209562532254,1.0,0.15812056074676201,0.054764148751512892,-0.037310706975864368,-0.33556983061506168,-0.35090878783639373,-0.72569461225099985,-0.59514065011961426,-0.52895008757318307,-0.18911903751506481,-0.33608698718928709,-0.31547539436956695,0.17721378185950548,-0.271316920681831,0.017180958685997123,0.36036966720285407,0.0058698943777429138,-0.45218477520989825,-0.6663832472246759,0.091587034354102217,-0.47368520068341452,-0.68338577980199977,-0.24929269980259869,-0.54322831999999999,0.38146242324630941,0.54912468726679409
-0.59102880293916993,-0.10016318172263905,-0.16255476454426498,-0.54055026008447493,0.21216716256976709,-0.84070784322267156,-0.074834694887109809,0.27121600213873093,0.35679837002024428,0.21228960242117484,0.47789666138408016,-0.31436944407821649,0.25017462250379635,0.15812056074676201,1.0,-0.48940502038073042,0.46013959337303967,0.046928981421842986,-0.025803149779082837,-0.11794003464630676,-0.44418552286889301,-0.12448758617413791,-0.0842010137000892,0.46939079260289923,-0.093191934553501832,0.023858469337157323,-0.32162167366016325,0.21857775598211768,0.77672575670965116,-0.65598056381548242,0.064139126849364972,-0.20069496533903602,-0.10205574267023196,0.33500296009403552,-0.43792780641514384,-0.079763360825236995,-0.10676361999999995,-0.35767276204412279,-0.33618441130083476
-0.13661226618880112,-0.67637485110389561,0.46969842919704774,-0.3188261275348982,0.1271376855667011,-0.044081419705287395,0.85918135284684627,-0.81733456592528142,-0.6048241334448381,-0.046038394644744712,0.37122659509445349,-0.46646983372592915,-0.48387833072029551,0.054764148751512892,-0.48940502038073042,1.0,0.11771703155089122,-0.85853513105335577,-0.81056943676186988,-0.14522853955523674,-0.44487904632462499,-0.37062822636733062,-0.52471370798924499,0.094779658359046462,-0.53997378972891641,-0.12482008052188773,-0.57673174958632334,-0.28297426814144461,-0.0022155976070403673,0.45829129907321742,-0.38559613768356693,-0.32079102155916578,0.72381337641038801,0.36301392827853468,-0.35045881814166541,0.34051224009869635,-0.54729315999999995,0.37678302691388255,0.085778501604313301
-0.88324812669193831,-0.48881202195443318,-0.31612270664235204,-0.22999252800404416,0.1437095968192128,-0.6123674499128291,0.20846265076725032,0.11195941819527562,-0.50804853115227944,0.2654800668271331,0.78720457802338739,-0.23250829998199676,-0.39259990985715093,-0.037310706975864368,0.46013959337303967,0.11771703155089122,1.0,-0.38711376326273922,-0.41100722494327602,-0.13131162543186761,-0.44929141478835177,-0.62324233196699752,0.27752493586719618,0.74401827862043801,-0.54525830037216505,-0.5030441553278675,-0.15109509112190411,-0.12230149688873261,0.5418500469535944,-0.56460027712704153,-0.66474388028799614,0.12126535428098523,-0.15624504408372974,0.55369038302281182,-0.18228080404010752,-0.3842804157196118,-0.65018103999999999,0.43015089712574484,0.10574425972372145
0.45215510380579327,0.89396112854380638,-0.42896071430189509,0.62793712681836367,-0.21132441531995666,0.45172996905394458,-0.96361050631865108,0.78854586275125971,0.64393042297264169,0.15289160531771664,-0.71560018682105242,0.53131578862159257,0.37965515414543349,-0.33556983061506168,0.046928981421842986,-0.85853513105335577,-0.38711376326273922,1.0,0.97242568911172245,0.40156597630612251,0.78342362277813515,0.65394072191846497,0.56745635101608816,-0.26546784945863761,0.79082020050630775,0.22797372822061254,0.79300361647073436,0.22525001169000769,-0.4304602170728512,-0.16654344361714801,0.57623116511475803,0.49866803329185305,-0.70839151398420031,-0.40385185439857274,0.70464675580985092,-0.15668984603931063,0.82341409999999993,-0.40938362727738259,-0.11681094942480766
0.50415417704278342,0.82199517532555022,-0.36822753878342318,0.62978368185343647,-0.14890398673315183,0.50587944068317237,-0.93432504036585218,0.78508587970475852,0.56807161059468803,0.11675689716302599,-0.76477946936398655,0.59725653150022195,0.40555445790622335,-0.35090878783639373,-0.025803149779082837,-0.81056943676186988,-0.41100722494327602,0.97242568911172245,1.0,0.3670344828982412,0.81607181468328505,0.63430798809153544,0.58759657710418234,-0.26862516335491549,0.76914183622912424,0.119441363832409,0.80360227565783626,0.27891840103824628,-0.47001083812064032,-0.1987274631087563,0.54295136552559775,0.50429678818458124,-0.68758397398685234,-0.41678702310695726,0.72911983599917274,-0.21700610425515893,0.79879126,-0.34921130720508214,-0.084692321319792277
0.083196365320270693,0.56452247673542433,0.094994181100420697,0.2993247864377036,-0.51724977208271194,0.15110134281544998,-0.37200393085433042,0.3474215118075758,0.38718033717970513,0.794999446840986,-0.29081856055019795,-0.18602163690537393,-0.33663667393215496,-0.72569461225099985,-0.11794003464630676,-0.14522853955523674,-0.13131162543186761,0.40156597630612251,0.3670344828982412,1.0,0.51197329032795014,0.66419583611996535,0.10143152925714545,0.39052682907885011,0.2310918003848276,0.14455702987138075,0.28616568551828658,0.0076059610210846493,-0.50322724036205535,0.16575622319411362,0.52633749862769852,0.66422850284259294,-0.045145449960205947,0.37854260482029278,0.48134108407552401,0.40991271164140575,0.62766561999999992,-0.54591110084583838,-0.31249325974859687
0.6833576571546639,0.74510420828431068,-0.13590290324341547,0.73498324894735489,-0.29232930585464212,0.75750759980347215,-0.78976309468633088,0.56929611048147488,0.26962888133277602,0.25312297617273616,-0.75564425466662666,0.5741521368544118,0.0044687876364265912,-0.59514065011961426,-0.44418552286889301,-0.44487904632462499,-0.44929141478835177,0.78342362277813515,0.81607181468328505,0.51197329032795014,1.0,0.65028906253069785,0.5831989328750532,-0.311613077736831,0.63414775334955686,-0.02878847510735285,0.82144415273023674,0.025944491221337275,-0.76719636955128712,0.18846797254135128,0.44047976655719112,0.73918453567194031,-0.52556007958133955,-0.37221178991149401,0.91732578431400358,-0.17194240015601367,0.74031910000000001,-0.20318053484616727,-0.095031210845110847
0.59323944040992027,0.75704667748331322,0.033506871979831002,0.21062422111392687,-0.28368319030999462,0.3625110350777877,-0.51945590018729337,0.21138748395021495,0.77153724029874526,0.45633203376351628,-0.62305876029646867,-0.058198623730840865,0.040680466057966748,-0.52895008757318307,-0.12448758617413791,-0.37062822636733062,-0.62324233196699752,0.65394072191846497,0.63430798809153544,0.66419583611996535,0.65028906253069785,1.0,-0.061845432243156966,-0.18851765889702524,0.77676942653582126,0.56125812322852475,0.30201226121194574,0.1124174861811259,-0.47099445206733948,0.34456285739933001,0.87573855715298099,0.33600581789065237,0.024880256290124664,0.0091902507883350228,0.51157268921612331,0.48497532789415987,0.91268342000000002,-0.75329100711127683,-0.5576352540087578
-0.0089453122959941758,0.3619002261536049,-0.55351603728171772,0.7224895638342187,-0.25191044153000863,0.39469868867283403,-0.70830013406404113,0.78203116578794485,-0.22476699279461193,-0.0090648647545250073,-0.21105668187530952,0.76722217613595201,-0.029947437049663163,-0.18911903751506481,-0.0842010137000892,-0.52471370798924499,0.27752493586719618,0.56745635101608816,0.58759657710418234,0.10143152925714545,0.5831989328750532,-0.061845432243156966,1.0,0.047176821109482389,0.18572100992597837,-0.43661325798123096,0.88395013878977435,0.0008068156770139254,-0.35192421622617753,-0.38099789571136039,-0.30150637147076181,0.69003692303081932,-0.909430408698504,-0.35872986115771843,0.66911004692673337,-0.78852679379138624,0.09129340000000008,0.40099858690357254,0.41680865655326871
-0.79044835063861008,-0.327899787406146,0.017276284657643262,-0.25374233626088022,-0.076306684502683922,-0.66188939092652266,0.19635974407559434,0.19840178187446006,-0.17703147386764054,0.64753094841653558,0.55663080979038781,-0.434271212676198,-0.41222718640041878,-0.33608698718928709,0.46939079260289923,0.094779658359046462,0.74401827862043801,-0.26546784945863761,-0.26862516335491549,0.39052682907885011,-0.311613077736831,-0.18851765889702524,0.047176821109482389,1.0,-0.47467584663016077,-0.40150804157007597,-0.23879766046146778,0.079259195909772845,0.31538023541827115,-0.51421668486167094,-0.22515981615555106,0.29760975909312132,0.07246957725929401,0.77560724434779726,-0.18612568608466024,0.014075689955252282,-0.27467726000000003,-0.028514440355450844,-0.11146720639569381
0.5885358427648687,0.75915813300358903,-0.33771839126052566,0.37348195741541512,0.069634680465548063,0.46397269758299525,-0.69437479508891253,0.32773287728248668,0.72650847555643117,0.10577671970498016,-0.69619059270821781,0.20753920967840292,0.37318529298516429,-0.31547539436956695,-0.093191934553501832,-0.53997378972891641,-0.54525830037216505,0.79082020050630775,0.76914183622912424,0.2310918003848276,0.63414775334955686,0.77676942653582126,0.18572100992597837,-0.47467584663016077,1.0,0.54858187506977263,0.50062325850680756,0.16063279049803947,-0.33527959580419098,0.11079734987617351,0.71198334857578882,0.11773798814656733,-0.32342341821628379,-0.25465671306056331,0.61020877738606449,0.18922387262108922,0.82039785999999992,-0.4821156033670343,-0.40409833262349476
0.28330716356833652,0.49588739668832993,-0.17399913727068372,-0.1500036383581865,-0.21071887205546214,0.10075960717887417,-0.081473964172072769,-0.30863908552635266,0.6689219714724205,-0.054231056334641911,-0.19115363973369601,-0.34133279740289724,0.11505225570656824,0.17721378185950548,0.023858469337157323,-0.12482008052188773,-0.5030441553278675,0.22797372822061254,0.119441363832409,0.14455702987138075,-0.02878847510735285,0.56125812322852475,-0.43661325798123096,-0.40150804157007597,0.54858187506977263,1.0,-0.11060053802775871,-0.025810856758378471,0.0011327574714350593,0.50220192532817787,0.55411848214242754,-0.36746805543708339,0.28643123962862621,-0.040795085350583453,-0.067650991619346332,0.63458577773359282,0.43995681999999992,-0.5225195751850793,-0.32375590473437921
0.36304651413596473,0.685811445638141,-0.52814474584847648,0.89381709250876495,-0.36600699629322209,0.69780757876586397,-0.84651685852947833,0.74430117785831729,0.068273474385173755,-0.02450972928053885,-0.58735057281490688,0.7958457040876149,0.069329785233778196,-0.271316920681831,-0.32162167366016325,-0.57673174958632334,-0.15109509112190411,0.79300361647073436,0.80360227565783626,0.28616568551828658,0.82144415273023674,0.30201226121194574,0.88395013878977435,-0.23879766046146778,0.50062325850680756,-0.11060053802775871,1.0,0.029357018398647128,-0.63993327729266425,-0.089699844528839945,0.055215465420957156,0.69301389116414869,-0.84086580312278048,-0.51535977720040094,0.83747616733436492,-0.50709013658207014,0.46055628000000004,0.16566079190183047,0.3345113580523208
0.012799205219572705,0.061154958349593599,-0.051088727240215404,0.035184373719334583,0.15831846284744699,-0.095493585026010672,-0.14319577289395452,0.28524917475766032,0.26947667024193389,-0.0059259768763595495,-0.22307774001698122,0.10262044225669283,0.38669635944984687,0.017180958685997123,0.21857775598211768,-0.28297426814144461,-0.12230149688873261,0.22525001169000769,0.27891840103824628,0.0076059610210846493,0.025944491221337275,0.1124174861811259,0.0008068156770139254,0.079259195909772845,0.16063279049803947,-0.025810856758378471,0.029357018398647128,1.0,0.053635989313483338,-0.39097718296637185,0.23688796955296237,-0.084617364116837318,-0.1138933729344255,-0.061302810644382498,-0.070906945949865519,0.017809853463590722,0.20939511999999993,-0.19372185719658472,0.038483565764673461
-0.62354820762263319,-0.50876076956790428,-0.099439874840326972,-0.75761512742785908,0.50789915228816451,-0.85606136773960073,0.37982174705161859,-0.24101495025711986,-0.0040721534518484946,-0.051975453683814572,0.70873153256594845,-0.49596593479758366,0.16576058711864791,0.36036966720285407,0.77672575670965116,-0.0022155976070403673,0.5418500469535944,-0.4304602170728512,-0.47001083812064032,-0.50322724036205535,-0.76719636955128712,-0.47099445206733948,-0.35192421622617753,0.31538023541827115,-0.33527959580419098,0.0011327574714350593,-0.63993327729266425,0.053635989313483338,1.0,-0.42708256879606254,-0.23890212013170686,-0.59084421150567912,0.23577476641094497,0.40957951097142425,-0.6620727757822511,-0.022379948531348889,-0.50738843999999994,-0.014374159223053153,-0.24835669367183835
0.57334761211940155,0.18956240245488556,0.29770904665053982,0.0045387701704912298,-0.39343309671917132,0.51201080282181533,0.22395010120035727,-0.61786010256369406,-0.0099943222204955245,-0.096024376336681427,-0.16950594548865183,-0.15375522313108497,-0.36388516954420308,0.0058698943777429138,-0.65598056381548242,0.45829129907321742,-0.56460027712704153,-0.16654344361714801,-0.1987274631087563,0.16575622319411362,0.18846797254135128,0.34456285739933001,-0.38099789571136039,-0.51421668486167094,0.11079734987617351,0.50220192532817787,-0.089699844528839945,-0.39097718296637185,-0.42708256879606254,1.0,0.1890328711863391,-0.06103229280585161,0.49738496091248258,-0.15887572541545436,0.095785714542676134,0.45122788488285553,0.15763294000000005,-0.086697040385465191,-0.084308035726220767
0.53331965473825771,0.65347562285649141,0.16452677961532694,0.037411276837389221,0.0320968121291864,0.147232157892288,-0.41972857705036254,0.16819623944249729,0.91198639105075108,0.40931293280892872,-0.62720702934435568,-0.20399620389663073,0.34136460269518765,-0.45218477520989825,0.064139126849364972,-0.38559613768356693,-0.66474388028799614,0.57623116511475803,0.54295136552559775,0.52633749862769852,0.44047976655719112,0.87573855715298099,-0.30150637147076181,-0.22515981615555106,0.71198334857578882,0.55411848214242754,0.055215465420957156,0.23688796955296237,-0.23890212013170686,0.1890328711863391,1.0,0.058109668806335342,0.10081773527242606,0.043378045041240695,0.28478130207144908,0.62953639750269574,0.90964099999999992,-0.90771529570901421,-0.66656337010550792
0.13069178680666288,0.46844432984879447,-0.17059335961932712,0.6097972005551745,-0.50627430319405731,0.36844882446413108,-0.58682595432518503,0.64322335509432105,-0.058981537248990114,0.53158988798008633,-0.26050274637381537,0.38993676668913446,-0.44189515481508995,-0.6663832472246759,-0.20069496533903602,-0.32079102155916578,0.12126535428098523,0.49866803329185305,0.50429678818458124,0.66422850284259294,0.73918453567194031,0.33600581789065237,0.69003692303081932,0.29760975909312132,0.11773798814656733,-0.36746805543708339,0.69301389116414869,-0.084617364116837318,-0.59084421150567912,-0.06103229280585161,0.058109668806335342,1.0,-0.50419098918677363,0.0033130295368220446,0.74095856889165246,-0.3067919526534994,0.36597930000000001,-0.019146218923504297,0.034326915636144907
-0.0004815631954098315,-0.4844346089292052,0.55904524581919701,-0.68991501079637918,0.11543610649083574,-0.30324722359316197,0.82004052027851715,-0.87172111340514913,-0.04639810290232204,0.0716584821163255,0.31853450850925114,-0.74471605196518142,-0.30672675907420965,0.091587034354102217,-0.10205574267023196,0.72381337641038801,-0.15624504408372974,-0.70839151398420031,-0.68758397398685234,-0.045145449960205947,-0.52556007958133955,0.024880256290124664,-0.909430408698504,0.07246957725929401,-0.32342341821628379,0.28643123962862621,-0.84086580312278048,-0.1138933729344255,0.23577476641094497,0.49738496091248258,0.10081773527242606,-0.50419098918677363,1.0,0.44964369224421985,-0.57690861170882202,0.69422746455637907,-0.23734652000000001,-0.19095815853990311,-0.33672204163408709
-0.59469107655378406,-0.30844430138903267,0.10550968349955761,-0.50384307634132286,0.20296668610198557,-0.63322206952689153,0.36858369182574874,-0.22588413242891064,0.0071576769654858527,0.75363367169835849,0.53836281185922719,-0.8331677906288143,-0.447753082274292,-0.47368520068341452,0.33500296009403552,0.36301392827853468,0.55369038302281182,-0.40385185439857274,-0.41678702310695726,0.37854260482029278,-0.37221178991149401,0.0091902507883350228,-0.35872986115771843,0.77560724434779726,-0.25465671306056331,-0.040795085350583453,-0.51535977720040094,-0.061302810644382498,0.40957951097142425,-0.15887572541545436,0.043378045041240695,0.0033130295368220446,0.44964369224421985,1.0,-0.17268614761470333,0.46078600994479507,-0.14836070000000001,-0.25527996501741312,-0.53754843398042373
0.48118769932876976,0.6808031437677603,-0.36979275544622797,0.75636074687805599,-0.15532442408611674,0.69681399403768862,-0.76117462004313197,0.54772542968562721,0.1471446691812868,0.33684769510072854,-0.60447307453445165,0.46747922693851418,-0.12835084208684078,-0.68338577980199977,-0.43792780641514384,-0.35045881814166541,-0.18228080404010752,0.70464675580985092,0.72911983599917274,0.48134108407552401,0.91732578431400358,0.51157268921612331,0.66911004692673337,-0.18612568608466024,0.61020877738606449,-0.067650991619346332,0.83747616733436492,-0.070906945949865519,-0.6620727757822511,0.095785714542676134,0.28478130207144908,0.74095856889165246,-0.57690861170882202,-0.17268614761470333,1.0,-0.19068167645770348,0.6106133600000001,-0.048640667132849612,-0.10329431932346611
0.13479484784710541,0.1336778521883169,0.30385653889569114,-0.3198617795976072,0.038871628969530073,-0.12557947584590246,0.31913497488204479,-0.49468842589456546,0.51546793706332128,0.37658879960186548,-0.11559002772919708,-0.75621443375903885,-0.082419905649614017,-0.24929269980259869,-0.079763360825236995,0.34051224009869635,-0.3842804157196118,-0.15668984603931063,-0.21700610425515893,0.40991271164140575,-0.17194240015601367,0.48497532789415987,-0.78852679379138624,0.014075689955252282,0.18922387262108922,0.63458577773359282,-0.50709013658207014,0.017809853463590722,-0.022379948531348889,0.45122788488285553,0.62953639750269574,-0.3067919526534994,0.69422746455637907,0.46078600994479507,-0.19068167645770348,1.0,0.37239024000000009,-0.63256299147714024,-0.53878003361894944
0.62079820000000008,0.86303788000000003,-0.0518729,0.41211511999999995,-0.15288796000000004,0.43042497999999996,-0.70716741999999999,0.44477140000000004,0.82140513999999998,0.38528611999999995,-0.79679706000000006,0.12989161999999999,0.28957089999999996,-0.54322831999999999,-0.10676361999999995,-0.54729315999999995,-0.65018103999999999,0.82341409999999993,0.79879126,0.62766561999999992,0.74031910000000001,0.91268342000000002,0.09129340000000008,-0.27467726000000003,0.82039785999999992,0.43995681999999992,0.46055628000000004,0.20939511999999993,-0.50738843999999994,0.15763294000000005,0.90964099999999992,0.36597930000000001,-0.23734652000000001,-0.14836070000000001,0.6106133600000001,0.37239024000000009,1.0,-0.73767311999999996,-0.45194493999999996
-0.24306453058844327,-0.51464932204342517,-0.26431711019165288,0.25653137622703609,0.031560856135561664,0.18590430977770886,0.2932512300357133,-0.12304221668792435,-0.88741341376185634,-0.54076906650063672,0.29567853491410417,0.41724058611248188,-0.23549664096146855,0.38146242324630941,-0.35767276204412279,0.37678302691388255,0.43015089712574484,-0.40938362727738259,-0.34921130720508214,-0.54591110084583838,-0.20318053484616727,-0.75329100711127683,0.40099858690357254,-0.028514440355450844,-0.4821156033670343,-0.5225195751850793,0.16566079190183047,-0.19372185719658472,-0.014374159223053153,-0.086697040385465191,-0.90771529570901421,-0.019146218923504297,-0.19095815853990311,-0.25527996501741312,-0.048640667132849612,-0.63256299147714024,-0.73767311999999996,1.0,0.76617384855793158
-0.13215179852471567,-0.18278874968623535,-0.22269364072630832,0.46977999763025979,-0.3411541794087668,0.30723472474072572,0.082622761851393015,0.12117996653283446,-0.58848510713101798,-0.64619784388232882,-0.0021734904845014534,0.60580744691800525,0.041359396784414762,0.54912468726679409,-0.33618441130083476,0.085778501604313301,0.10574425972372145,-0.11681094942480766,-0.084692321319792277,-0.31249325974859687,-0.095031210845110847,-0.5576352540087578,0.41680865655326871,-0.11146720639569381,-0.40409833262349476,-0.32375590473437921,0.3345113580523208,0.038483565764673461,-0.24835669367183835,-0.084308035726220767,-0.66656337010550792,0.034326915636144907,-0.33672204163408709,-0.53754843398042373,-0.10329431932346611,-0.53878003361894944,-0.45194493999999996,0.76617384855793158,1.0
