1.000000000000000000e+00,-5.009557781704825352e-01,-2.182260650162974602e-01,7.108172456439341147e-01,4.408407618996688093e-01,7.975704030405632305e-02,2.654976741503107807e-01,6.984861399999999776e-01,7.815467119914305538e-01,-7.542306218888916725e-02,3.995138022932183675e-01,3.017669378027454385e-02,7.076535697417165593e-01,5.101769552547672504e-01,-6.220132081873177565e-01,-1.961315491926959864e-02,5.180010169676587672e-01,-2.647127436625003605e-01,4.996888989224384514e-01,5.908467685034135553e-02,4.786290213164929308e-01,6.382731479785063167e-01,6.834170027507718848e-01,6.792809794447374205e-02,6.738751295344311831e-01,1.167505457884182307e-01,-7.836071849720025462e-01,-6.293109152017084540e-01,-6.776504629092984233e-01,3.855181133588277409e-01,-5.830501460868258573e-02,6.166501285329736293e-01,6.911625635708508186e-01,7.949374463987345096e-02,-6.849222614692880295e-01,-6.350892498350773074e-01,-1.841286797796006236e-01,-2.566987782557764858e-03,5.104339389978291841e-01
-5.009557781704825352e-01,1.000000000000000000e+00,4.330699199102533425e-01,-8.100933937719509981e-01,1.387776712438147375e-01,-1.909456254244819295e-01,3.587397690191243549e-01,-8.486618999999999691e-01,-7.911621812216291794e-01,-1.288029939941873203e-01,-2.944646668469814155e-01,2.427190644187416924e-01,-4.941715012128169437e-01,-6.700754757140693352e-01,-3.142008217427225917e-03,6.219678104706389821e-01,-1.198848202000170685e-02,6.613760842331356526e-02,-7.864907240929278620e-01,-9.143591580500924632e-02,-9.119598102226454950e-01,-2.559902819384939354e-01,-5.089367138549173442e-01,2.890798384767042650e-01,-9.071127142090348316e-01,-2.927696092011214946e-01,9.901358267803639368e-03,4.529978925429964942e-01,8.206772178633683357e-01,1.831630873597700840e-02,2.841022045008561037e-01,-9.300064189228363087e-01,-1.183473978840028640e-01,9.009553508875919881e-02,9.347173839929783234e-01,7.517748820378958863e-01,6.225830744202334177e-01,6.506093570994360142e-01,-8.128998676952435831e-01
-2.182260650162974602e-01,4.330699199102533425e-01,1.000000000000000000e+00,-3.619407374386704457e-01,-1.783132577143880793e-01,4.343166377822463980e-02,5.611364525490345478e-01,-5.353310000000000013e-02,-4.962200284832136155e-01,-4.026500591462015555e-01,5.739018189047788432e-02,5.247841089707344642e-01,-8.467877986461225248e-02,2.545691046646315070e-01,-3.357687394348320420e-01,2.977297774020762344e-01,1.917735283774202326e-01,-4.689143848381649438e-01,-3.971312709890557069e-01,-2.858901719498758709e-01,-4.181294931062833897e-01,6.005270562554571034e-02,-1.758401268037640686e-01,6.549421657349145942e-01,-2.579662783464209963e-01,-6.640546583445714468e-01,-1.566159080611244647e-01,-1.282916155134952996e-01,2.104110554493159729e-02,6.358148034636538215e-01,7.256981264305546742e-02,-5.809702525916297100e-01,2.424761767070628404e-01,-5.245690697547050751e-01,2.459184432359141637e-01,7.706911676414524015e-02,2.820346917246400742e-01,5.040550383786470690e-01,-7.780229704669548718e-02
7.108172456439341147e-01,-8.100933937719509981e-01,-3.619407374386704457e-01,1.000000000000000000e+00,-5.762028617984606138e-02,-2.610410562714772786e-01,-3.631673683833328559e-01,7.815289999999999182e-01,7.375204970004819449e-01,2.009907119583839163e-01,4.803637071860314411e-01,-4.849236150833831638e-01,7.386758721579032017e-01,6.627286219365126074e-01,-8.428213342992292578e-02,-6.834065883438216193e-01,-3.190448360407511369e-02,1.702641349543583815e-01,4.640217223409847103e-01,2.237525665097269412e-01,9.230178215819176968e-01,5.913608087838515548e-01,3.400891234800043628e-01,-3.421222994961339303e-01,9.490577966558156886e-01,3.455629411799372996e-01,-2.901751092780522900e-01,-3.773766653338708754e-01,-7.756969594312304039e-01,-3.357773317180314659e-03,1.213838324036101701e-01,7.458495270787343090e-01,5.409223126919189273e-01,2.215318241023588597e-01,-8.926879903964857199e-01,-7.899660721392686158e-01,-7.171671718882247637e-01,-4.941261689677893254e-01,5.486994117069972088e-01
4.408407618996688093e-01,1.387776712438147375e-01,-1.783132577143880793e-01,-5.762028617984606138e-02,1.000000000000000000e+00,3.548293574077559520e-01,3.490885937869830924e-01,-9.969917999999999836e-02,3.138873114975819778e-01,2.949620789069742344e-01,-4.693489397256783713e-01,1.647620093563930688e-01,1.766070895755855186e-01,-1.741645332269594337e-01,-4.053556306325569736e-01,6.480551229950063385e-01,3.569035925512299978e-01,-1.217053691426045747e-01,1.009047396104052197e-01,2.384440566781990123e-01,-2.603292239690978005e-01,-6.124862922630073397e-02,3.740706999934137467e-01,-5.916359296946734070e-02,-1.512888580377377279e-01,1.185939064112859764e-01,-4.699253685058654706e-01,-1.308869581893308542e-02,1.332644910857306852e-01,1.377873980163527856e-01,-4.911103113152448518e-02,1.394701339061893419e-01,1.333827296777031768e-01,2.605956840864215862e-01,9.148213422245879411e-02,1.899886865116790780e-01,2.979659038606390919e-01,2.295834312367806274e-01,5.401589261783893564e-02
7.975704030405632305e-02,-1.909456254244819295e-01,4.343166377822463980e-02,-2.610410562714772786e-01,3.548293574077559520e-01,1.000000000000000000e+00,4.399030560933275824e-01,2.403303999999999441e-01,2.759858400166397274e-01,-8.395954850482745258e-02,-3.861607549770691428e-01,6.343315280224265384e-01,-4.604065041917220630e-03,1.975968542384132776e-01,-2.608169839179110272e-01,4.706127033718632280e-01,5.109182531296342367e-01,-6.477229781195465996e-01,4.600767529245596288e-01,2.310196327347177961e-02,-1.238345338946423430e-01,-3.498905045154386273e-01,5.545763064974281731e-01,4.512283995213670074e-01,-2.762622379398482764e-02,-2.178634549810020693e-01,-1.325377043623476858e-02,-3.162177251055662275e-01,-2.066358482423936993e-01,4.717608940544451568e-01,-6.024432631493386037e-01,2.624862066057143117e-01,-3.201223368725064633e-01,-6.212459203452188605e-01,-1.030633061370578030e-01,-8.618471796325846701e-02,2.274069208604308501e-01,-4.564396357606989585e-02,5.100422428575859257e-01
2.654976741503107807e-01,3.587397690191243549e-01,5.611364525490345478e-01,-3.631673683833328559e-01,3.490885937869830924e-01,4.399030560933275824e-01,1.000000000000000000e+00,9.951462000000010910e-02,-4.276662943197223621e-02,-6.634054529440203130e-01,1.257061861499767230e-01,9.032866265517874860e-01,3.092320576804807875e-02,9.791601371943019216e-02,-8.214632282689158238e-01,7.733274281567524833e-01,7.848354524715123182e-01,-8.534045426395296952e-01,6.346670988977658190e-02,-4.960521611252141083e-01,-5.306369287101457832e-01,1.859309476606436640e-01,4.895471101900403799e-01,8.151863831600157928e-01,-2.548923754315605694e-01,-5.611336491482019628e-01,-6.846352719141804988e-01,-5.471070338524015586e-01,-1.071836945479975878e-01,7.905328642813184148e-01,-3.792349941531329982e-01,-2.393374656654039256e-01,2.427475166219754676e-01,-5.364374614845648370e-01,1.453016672296902345e-01,4.694952096734808511e-02,6.185100641238009400e-01,7.608323034424687714e-01,1.461950914477738450e-01
6.984861399999999776e-01,-8.486618999999999691e-01,-5.353310000000000013e-02,7.815289999999999182e-01,-9.969917999999999836e-02,2.403303999999999441e-01,9.951462000000010910e-02,1.000000000000000000e+00,7.744774400000000725e-01,-2.038330799999999998e-01,5.202454599999999374e-01,1.115974399999999367e-01,6.919763400000000786e-01,8.771288800000001107e-01,-4.006197799999999809e-01,-4.097511000000000347e-01,3.780780999999999725e-01,-4.388586199999999771e-01,7.203389000000000042e-01,-8.776395999999997422e-02,7.753318399999999944e-01,5.049133599999999777e-01,6.913795400000000146e-01,1.635233799999999960e-01,9.185087199999999452e-01,2.064149999999997931e-02,-3.960480600000000351e-01,-7.413119599999999920e-01,-9.942678799999999928e-01,4.581370600000000959e-01,-3.283231599999999473e-01,7.734652600000000433e-01,4.294968200000000014e-01,-3.776634399999999614e-01,-9.552144999999999664e-01,-8.978740000000000610e-01,-4.815268200000000220e-01,-3.138997399999999827e-01,8.667145400000000333e-01
7.815467119914305538e-01,-7.911621812216291794e-01,-4.962200284832136155e-01,7.375204970004819449e-01,3.138873114975819778e-01,2.759858400166397274e-01,-4.276662943197223621e-02,7.744774400000000725e-01,1.000000000000000000e+00,9.986136645982912619e-02,2.740575525840605597e-01,-6.899851389443401040e-02,7.064583912170276925e-01,4.834115896202674789e-01,-2.427830967830668374e-01,-2.463600885471424196e-01,4.116366033901929233e-01,-1.983570358847823178e-01,7.979980982422202329e-01,1.458657144126080385e-01,6.937367525498582266e-01,3.285674859786984481e-01,8.008867155375030134e-01,-1.316454770079694692e-01,7.771658809045863814e-01,5.027464385239638345e-01,-3.757495533049337033e-01,-4.973364338278386532e-01,-7.602921310751546979e-01,1.585424447071427378e-01,-3.292416257538280933e-01,9.150358685202804043e-01,3.101580472741046757e-01,-3.239027790837738230e-02,-8.226002325548364968e-01,-7.582215836118962882e-01,-3.603040900161310067e-01,-4.743321624415795523e-01,7.249957352605875815e-01
-7.542306218888916725e-02,-1.288029939941873203e-01,-4.026500591462015555e-01,2.009907119583839163e-01,2.949620789069742344e-01,-8.395954850482745258e-02,-6.634054529440203130e-01,-2.038330799999999998e-01,9.986136645982912619e-02,1.000000000000000000e+00,-6.551433351507007785e-01,-6.937100307150487755e-01,1.892555549144913085e-01,-4.126360555906732897e-02,6.177563980935891763e-01,-2.754853257553770973e-01,-4.485529812531871552e-01,6.997229426841643507e-01,-2.537156664875884204e-01,8.522345608232123615e-01,2.587666958918061200e-01,-3.874536012123523387e-01,-3.395953389926736898e-01,-6.401608859770381299e-01,7.833725830273902124e-02,5.083417861783241509e-01,4.689347269590934397e-01,6.772317934212876978e-01,2.150566568651386401e-01,-4.506967932630261964e-01,5.494127140027769141e-01,1.055169401997517187e-01,-1.272582369909776578e-01,4.831883350531220311e-01,2.107528462927731050e-02,3.397776373317765164e-02,-4.941068573155176225e-01,-6.218029559348475788e-01,-1.070984599828171402e-01
3.995138022932183675e-01,-2.944646668469814155e-01,5.739018189047788432e-02,4.803637071860314411e-01,-4.693489397256783713e-01,-3.861607549770691428e-01,1.257061861499767230e-01,5.202454599999999374e-01,2.740575525840605597e-01,-6.551433351507007785e-01,1.000000000000000000e+00,3.325680204487424518e-02,3.366348089052300652e-01,3.118218913740115061e-01,-3.603716322255737237e-01,-3.991977994649106298e-01,2.168131414045007532e-01,-2.100324187795203357e-01,2.982091809494602508e-01,-4.499018208693620346e-01,3.920734033587653378e-01,7.690552253741401723e-01,2.679671505697397427e-01,2.445764588352354885e-01,4.932082299446659546e-01,-3.761803633454246371e-02,-4.623270913064154164e-01,-6.135161735406178263e-01,-5.467731601406456976e-01,2.188181664083146127e-01,-1.782983154966892858e-01,2.394507796495436436e-01,4.762199054738295856e-01,-1.137553354781430381e-01,-4.638150798074758274e-01,-5.097890431635277997e-01,-1.681756676993172994e-01,1.282690499340577994e-01,1.714153216267400026e-01
3.017669378027454385e-02,2.427190644187416924e-01,5.247841089707344642e-01,-4.849236150833831638e-01,1.647620093563930688e-01,6.343315280224265384e-01,9.032866265517874860e-01,1.115974399999999367e-01,-6.899851389443401040e-02,-6.937100307150487755e-01,3.325680204487424518e-02,1.000000000000000000e+00,-1.566310905891618588e-01,9.337212650298354344e-02,-6.596904627690697298e-01,6.969799045524152081e-01,6.886166702349442170e-01,-9.403189038857643345e-01,2.322703553548173261e-01,-5.947326775957806344e-01,-5.156152852231937755e-01,-1.065832022468693463e-01,5.207865550990837811e-01,7.832250316648520228e-01,-2.897837563536628247e-01,-5.237228786512651002e-01,-3.810991322024466221e-01,-4.928487917073558489e-01,-1.122510819465966647e-01,7.112111573975966605e-01,-5.993504151751403164e-01,-1.571614081837928723e-01,-9.804695900127236019e-02,-7.583039504207604864e-01,1.398547996344058353e-01,6.528554681906828527e-02,6.300411393675389160e-01,6.026061404780249653e-01,2.576146223018883630e-01
7.076535697417165593e-01,-4.941715012128169437e-01,-8.467877986461225248e-02,7.386758721579032017e-01,1.766070895755855186e-01,-4.604065041917220630e-03,3.092320576804807875e-02,6.919763400000000786e-01,7.064583912170276925e-01,1.892555549144913085e-01,3.366348089052300652e-01,-1.566310905891618588e-01,1.000000000000000000e+00,6.738501816957157553e-01,-2.065802256267205705e-01,-3.326862195416692147e-01,4.080920924200119870e-01,-9.422300577282827216e-02,2.451400732189498721e-01,3.926652253137568049e-01,6.294541366754787814e-01,4.972842033887758806e-01,4.824655668421433674e-01,1.215078103747177923e-01,7.378237155150750848e-01,3.400434867867739297e-01,-4.369879488170016479e-01,-3.154619350394361477e-01,-7.227185759568328649e-01,4.428688895189232255e-01,1.409472190374681244e-01,4.773378981359446271e-01,5.864591515768243779e-01,-1.003130902272021258e-01,-6.676652931613207276e-01,-8.210071049398121046e-01,-6.226250554213824673e-01,-3.422836751602507666e-01,4.935886186140978626e-01
5.101769552547672504e-01,-6.700754757140693352e-01,2.545691046646315070e-01,6.627286219365126074e-01,-1.741645332269594337e-01,1.975968542384132776e-01,9.791601371943019216e-02,8.771288800000001107e-01,4.834115896202674789e-01,-4.126360555906732897e-02,3.118218913740115061e-01,9.337212650298354344e-02,6.738501816957157553e-01,1.000000000000000000e+00,-3.070123784606902384e-01,-4.120847359815222877e-01,2.603209084694475539e-01,-3.796616452104004114e-01,3.706373796574861101e-01,7.642556649172449479e-02,6.712941038558150053e-01,3.730371941827126392e-01,4.105277533797083156e-01,2.436117489374197143e-01,8.068609243747261184e-01,-1.828159390210668256e-01,-2.518314319977167370e-01,-5.338371505733569000e-01,-8.827885287621565213e-01,5.714748007098529037e-01,-3.803667171686497817e-02,4.753552881415569198e-01,4.482669994402524449e-01,-4.664931534121557477e-01,-7.981124903934839754e-01,-8.160776773262532480e-01,-5.768153574404742967e-01,-2.700291360351551595e-01,7.547560314046216634e-01
-6.220132081873177565e-01,-3.142008217427225917e-03,-3.357687394348320420e-01,-8.428213342992292578e-02,-4.053556306325569736e-01,-2.608169839179110272e-01,-8.214632282689158238e-01,-4.006197799999999809e-01,-2.427830967830668374e-01,6.177563980935891763e-01,-3.603716322255737237e-01,-6.596904627690697298e-01,-2.065802256267205705e-01,-3.070123784606902384e-01,1.000000000000000000e+00,-5.063150540582436188e-01,-6.504970447467828265e-01,7.350873637592475474e-01,-3.136700317107862235e-01,4.925383500370980605e-01,1.568068498881378392e-01,-4.770771018723507506e-01,-5.979804084424822364e-01,-5.234977607921418308e-01,-1.343896243549460578e-01,4.770010805111705166e-01,8.818000125418435919e-01,7.388154336831744828e-01,3.823131091044058016e-01,-6.512759057544676988e-01,3.671723371612093390e-01,-1.188279356717260038e-01,-4.547735369811274908e-01,3.032172157165302639e-01,2.252273397233514329e-01,1.583077732366400259e-01,-3.756573286476319606e-01,-6.751129318464840212e-01,-3.021300502643989305e-01
-1.961315491926959864e-02,6.219678104706389821e-01,2.977297774020762344e-01,-6.834065883438216193e-01,6.480551229950063385e-01,4.706127033718632280e-01,7.733274281567524833e-01,-4.097511000000000347e-01,-2.463600885471424196e-01,-2.754853257553770973e-01,-3.991977994649106298e-01,6.969799045524152081e-01,-3.326862195416692147e-01,-4.120847359815222877e-01,-5.063150540582436188e-01,1.000000000000000000e+00,5.066338395897456159e-01,-4.954380035735874710e-01,-1.390211532489012414e-01,-2.592985813751861324e-01,-8.202918549778992485e-01,-2.088970586952551001e-01,2.102065316288435626e-01,4.682244181933716831e-01,-6.653769525449431121e-01,-3.957457600407173759e-01,-3.931572514135275309e-01,-9.055331959303047906e-02,4.255209628206624295e-01,3.601339975010772743e-01,-2.558040004809449264e-01,-3.969791014201273227e-01,-8.776315845809372351e-02,-1.562176983136907005e-01,5.496050654754055520e-01,5.403784770035678919e-01,8.189949431728920093e-01,7.071478054411399761e-01,-1.861113990591403700e-01
5.180010169676587672e-01,-1.198848202000170685e-02,1.917735283774202326e-01,-3.190448360407511369e-02,3.569035925512299978e-01,5.109182531296342367e-01,7.848354524715123182e-01,3.780780999999999725e-01,4.116366033901929233e-01,-4.485529812531871552e-01,2.168131414045007532e-01,6.886166702349442170e-01,4.080920924200119870e-01,2.603209084694475539e-01,-6.504970447467828265e-01,5.066338395897456159e-01,1.000000000000000000e+00,-7.434066020607460468e-01,3.127557111921449029e-01,-2.148376166615377780e-01,-1.399669290933979460e-01,2.740934953263023388e-01,7.357514002461580382e-01,7.112564101896740043e-01,1.005238628585523319e-01,-1.514162851075970262e-01,-6.608086990328291277e-01,-6.076205377765862004e-01,-3.962514612914003753e-01,7.489398661685154890e-01,-3.688898394610185538e-01,1.450157154845867491e-01,3.221020981629491575e-01,-4.918106487993862963e-01,-1.736752516438297700e-01,-3.487720757431640450e-01,2.759642650159960797e-01,3.250102449344570710e-01,4.098256432996638665e-01
-2.647127436625003605e-01,6.613760842331356526e-02,-4.689143848381649438e-01,1.702641349543583815e-01,-1.217053691426045747e-01,-6.477229781195465996e-01,-8.534045426395296952e-01,-4.388586199999999771e-01,-1.983570358847823178e-01,6.997229426841643507e-01,-2.100324187795203357e-01,-9.403189038857643345e-01,-9.422300577282827216e-02,-3.796616452104004114e-01,7.350873637592475474e-01,-4.954380035735874710e-01,-7.434066020607460468e-01,1.000000000000000000e+00,-4.549440219179299860e-01,5.776022377601417457e-01,2.063647603287106502e-01,-8.776763797213960050e-02,-7.032934187581214580e-01,-7.603740703297212633e-01,-4.885817067841963235e-02,4.724276623851636492e-01,4.881580044876686619e-01,6.993494022256326881e-01,4.364040285015811094e-01,-7.996947318407926497e-01,6.513229400445019746e-01,-1.201200863619273224e-01,-5.982307768170153084e-02,8.023621884377742930e-01,1.990658652685886876e-01,2.371866358785258977e-01,-4.083457827977204357e-01,-4.476479363531215006e-01,-5.328530448420022436e-01
4.996888989224384514e-01,-7.864907240929278620e-01,-3.971312709890557069e-01,4.640217223409847103e-01,1.009047396104052197e-01,4.600767529245596288e-01,6.346670988977658190e-02,7.203389000000000042e-01,7.979980982422202329e-01,-2.537156664875884204e-01,2.982091809494602508e-01,2.322703553548173261e-01,2.451400732189498721e-01,3.706373796574861101e-01,-3.136700317107862235e-01,-1.390211532489012414e-01,3.127557111921449029e-01,-4.549440219179299860e-01,1.000000000000000000e+00,-3.143058753957235218e-01,5.156134133671981257e-01,1.402927885312558742e-01,8.208836960959530193e-01,-6.543248099844967136e-02,5.959839926948623523e-01,2.296920857875664468e-01,-2.227525927508968717e-01,-6.306505648877830383e-01,-6.815144718691333869e-01,1.029749719534746311e-01,-7.114165008453926520e-01,8.968499514599147515e-01,-5.576096281980261887e-02,-2.620753050812897889e-01,-7.317830817591423065e-01,-5.231775021118088009e-01,-7.535631435087020158e-02,-2.915998948099931543e-01,7.911261864203783523e-01
5.908467685034135553e-02,-9.143591580500924632e-02,-2.858901719498758709e-01,2.237525665097269412e-01,2.384440566781990123e-01,2.310196327347177961e-02,-4.960521611252141083e-01,-8.776395999999997422e-02,1.458657144126080385e-01,8.522345608232123615e-01,-4.499018208693620346e-01,-5.947326775957806344e-01,3.926652253137568049e-01,7.642556649172449479e-02,4.925383500370980605e-01,-2.592985813751861324e-01,-2.148376166615377780e-01,5.776022377601417457e-01,-3.143058753957235218e-01,1.000000000000000000e+00,2.891403400951660374e-01,-1.494322601339748702e-01,-2.863110913392468704e-01,-2.705464202882022495e-01,1.548319803685880569e-01,3.879246640456573969e-01,3.142462035496803585e-01,4.873764270588596403e-01,8.222971105555458571e-02,-1.566209907383535049e-01,5.216576974523804422e-01,3.169347084250867530e-02,1.030753435232552445e-01,2.950306300602449916e-01,-1.307818783035216356e-02,-1.572915322577362329e-01,-5.335099772464755308e-01,-6.039520466772344554e-01,-1.495262339909740334e-01
4.786290213164929308e-01,-9.119598102226454950e-01,-4.181294931062833897e-01,9.230178215819176968e-01,-2.603292239690978005e-01,-1.238345338946423430e-01,-5.306369287101457832e-01,7.753318399999999944e-01,6.937367525498582266e-01,2.587666958918061200e-01,3.920734033587653378e-01,-5.156152852231937755e-01,6.294541366754787814e-01,6.712941038558150053e-01,1.568068498881378392e-01,-8.202918549778992485e-01,-1.399669290933979460e-01,2.063647603287106502e-01,5.156134133671981257e-01,2.891403400951660374e-01,1.000000000000000000e+00,4.075328052678246493e-01,2.635139588212126460e-01,-3.548940735626138765e-01,9.483295349059734924e-01,3.701046973840879106e-01,1.959293275253454203e-02,-3.045681122480368153e-01,-7.704245536799851912e-01,-9.365120575735710884e-02,2.341678433368036411e-02,7.812507921008002842e-01,3.075115622191210152e-01,8.688131810750346351e-02,-8.948729134499013860e-01,-7.976345675832918758e-01,-8.158372981856953920e-01,-7.187834472778155126e-01,6.025359406311217025e-01
6.382731479785063167e-01,-2.559902819384939354e-01,6.005270562554571034e-02,5.913608087838515548e-01,-6.124862922630073397e-02,-3.498905045154386273e-01,1.859309476606436640e-01,5.049133599999999777e-01,3.285674859786984481e-01,-3.874536012123523387e-01,7.690552253741401723e-01,-1.065832022468693463e-01,4.972842033887758806e-01,3.730371941827126392e-01,-4.770771018723507506e-01,-2.088970586952551001e-01,2.740934953263023388e-01,-8.776763797213960050e-02,1.402927885312558742e-01,-1.494322601339748702e-01,4.075328052678246493e-01,1.000000000000000000e+00,2.064240676556464427e-01,2.194575198531312221e-01,5.388069155072691130e-01,-2.106581839788064237e-01,-7.181777433187491733e-01,-6.690394160134834900e-01,-5.149233830930064482e-01,2.911072560150510524e-01,5.778572385476771212e-02,2.296571749258087269e-01,7.951349788222185078e-01,1.933885643345694405e-01,-4.939875574535674829e-01,-4.442402836548975942e-01,-2.181106015857242064e-01,1.959170970513167964e-01,1.995877320605498051e-01
6.834170027507718848e-01,-5.089367138549173442e-01,-1.758401268037640686e-01,3.400891234800043628e-01,3.740706999934137467e-01,5.545763064974281731e-01,4.895471101900403799e-01,6.913795400000000146e-01,8.008867155375030134e-01,-3.395953389926736898e-01,2.679671505697397427e-01,5.207865550990837811e-01,4.824655668421433674e-01,4.105277533797083156e-01,-5.979804084424822364e-01,2.102065316288435626e-01,7.357514002461580382e-01,-7.032934187581214580e-01,8.208836960959530193e-01,-2.863110913392468704e-01,2.635139588212126460e-01,2.064240676556464427e-01,1.000000000000000000e+00,2.924862708700269875e-01,4.623274761649963649e-01,1.550530214386840189e-01,-5.625858471515513548e-01,-6.925731819467767503e-01,-6.784073135860761994e-01,5.027749067826432494e-01,-6.262784626226873819e-01,6.865359965529240771e-01,1.652411306737032737e-01,-4.215765121859122444e-01,-5.927710380982630367e-01,-5.621537125232760612e-01,8.536175197737452813e-02,-1.407511429508917760e-03,7.452182323055512869e-01
6.792809794447374205e-02,2.890798384767042650e-01,6.549421657349145942e-01,-3.421222994961339303e-01,-5.916359296946734070e-02,4.512283995213670074e-01,8.151863831600157928e-01,1.635233799999999960e-01,-1.316454770079694692e-01,-6.401608859770381299e-01,2.445764588352354885e-01,7.832250316648520228e-01,1.215078103747177923e-01,2.436117489374197143e-01,-5.234977607921418308e-01,4.682244181933716831e-01,7.112564101896740043e-01,-7.603740703297212633e-01,-6.543248099844967136e-02,-2.705464202882022495e-01,-3.548940735626138765e-01,2.194575198531312221e-01,2.924862708700269875e-01,1.000000000000000000e+00,-1.498277013985126749e-01,-5.894596080482952249e-01,-4.009318633951293176e-01,-5.033817823969922722e-01,-1.964064439027259912e-01,8.631918995887877255e-01,-3.068459824469004227e-01,-3.292574313077843984e-01,2.365187313281184034e-01,-7.390660151198312766e-01,1.069939714731804881e-01,-1.467886629044813374e-01,3.474147930376613180e-01,4.755730765174071006e-01,1.185101737182379239e-01
6.738751295344311831e-01,-9.071127142090348316e-01,-2.579662783464209963e-01,9.490577966558156886e-01,-1.512888580377377279e-01,-2.762622379398482764e-02,-2.548923754315605694e-01,9.185087199999999452e-01,7.771658809045863814e-01,7.833725830273902124e-02,4.932082299446659546e-01,-2.897837563536628247e-01,7.378237155150750848e-01,8.068609243747261184e-01,-1.343896243549460578e-01,-6.653769525449431121e-01,1.005238628585523319e-01,-4.885817067841963235e-02,5.959839926948623523e-01,1.548319803685880569e-01,9.483295349059734924e-01,5.388069155072691130e-01,4.623274761649963649e-01,-1.498277013985126749e-01,1.000000000000000000e+00,2.304750434935960712e-01,-2.454508464749005359e-01,-5.207899460273796022e-01,-9.133423607344139938e-01,1.648242059754819744e-01,-7.015920507215910040e-02,8.039066821933277263e-01,4.689059450223114212e-01,-5.649071688982930384e-02,-9.741725685111186639e-01,-8.938681427271734092e-01,-7.099636011821045534e-01,-5.338027331113001095e-01,7.260670166804583658e-01
1.167505457884182307e-01,-2.927696092011214946e-01,-6.640546583445714468e-01,3.455629411799372996e-01,1.185939064112859764e-01,-2.178634549810020693e-01,-5.611336491482019628e-01,2.064149999999997931e-02,5.027464385239638345e-01,5.083417861783241509e-01,-3.761803633454246371e-02,-5.237228786512651002e-01,3.400434867867739297e-01,-1.828159390210668256e-01,4.770010805111705166e-01,-3.957457600407173759e-01,-1.514162851075970262e-01,4.724276623851636492e-01,2.296920857875664468e-01,3.879246640456573969e-01,3.701046973840879106e-01,-2.106581839788064237e-01,1.550530214386840189e-01,-5.894596080482952249e-01,2.304750434935960712e-01,1.000000000000000000e+00,2.639535823696728123e-01,4.030531867894927567e-01,-3.853386725410879593e-02,-4.814453515575339293e-01,1.061037098028574377e-01,4.275307594477176232e-01,-1.416263058776782435e-01,3.418418511938738913e-01,-1.806848836050106155e-01,-2.652942061206611801e-01,-3.408912900054636985e-01,-6.430189628830715876e-01,-1.048856654616622634e-02
-7.836071849720025462e-01,9.901358267803639368e-03,-1.566159080611244647e-01,-2.901751092780522900e-01,-4.699253685058654706e-01,-1.325377043623476858e-02,-6.846352719141804988e-01,-3.960480600000000351e-01,-3.757495533049337033e-01,4.689347269590934397e-01,-4.623270913064154164e-01,-3.810991322024466221e-01,-4.369879488170016479e-01,-2.518314319977167370e-01,8.818000125418435919e-01,-3.931572514135275309e-01,-6.608086990328291277e-01,4.881580044876686619e-01,-2.227525927508968717e-01,3.142462035496803585e-01,1.959293275253454203e-02,-7.181777433187491733e-01,-5.625858471515513548e-01,-4.009318633951293176e-01,-2.454508464749005359e-01,2.639535823696728123e-01,1.000000000000000000e+00,6.974279765856357116e-01,3.926858399746616102e-01,-5.545636630075629903e-01,1.439498006581637068e-01,-1.655583266455573632e-01,-6.884557536086453045e-01,-4.791178577878377198e-03,2.890473096274523424e-01,2.558573386174727848e-01,-2.277184842151877553e-01,-5.703332337684255959e-01,-2.423174579028957165e-01
-6.293109152017084540e-01,4.529978925429964942e-01,-1.282916155134952996e-01,-3.773766653338708754e-01,-1.308869581893308542e-02,-3.162177251055662275e-01,-5.471070338524015586e-01,-7.413119599999999920e-01,-4.973364338278386532e-01,6.772317934212876978e-01,-6.135161735406178263e-01,-4.928487917073558489e-01,-3.154619350394361477e-01,-5.338371505733569000e-01,7.388154336831744828e-01,-9.055331959303047906e-02,-6.076205377765862004e-01,6.993494022256326881e-01,-6.306505648877830383e-01,4.873764270588596403e-01,-3.045681122480368153e-01,-6.690394160134834900e-01,-6.925731819467767503e-01,-5.033817823969922722e-01,-5.207899460273796022e-01,4.030531867894927567e-01,6.974279765856357116e-01,1.000000000000000000e+00,7.301577873063109791e-01,-5.841437207178667990e-01,5.594648940311990337e-01,-4.734123630245990477e-01,-4.792333263320342485e-01,3.772559592697715125e-01,6.224531987903147989e-01,5.171462358453673414e-01,-9.059710070484772171e-02,-2.443140713840810385e-01,-6.428284729798204866e-01
-6.776504629092984233e-01,8.206772178633683357e-01,2.104110554493159729e-02,-7.756969594312304039e-01,1.332644910857306852e-01,-2.066358482423936993e-01,-1.071836945479975878e-01,-9.942678799999999928e-01,-7.602921310751546979e-01,2.150566568651386401e-01,-5.467731601406456976e-01,-1.122510819465966647e-01,-7.227185759568328649e-01,-8.827885287621565213e-01,3.823131091044058016e-01,4.255209628206624295e-01,-3.962514612914003753e-01,4.364040285015811094e-01,-6.815144718691333869e-01,8.222971105555458571e-02,-7.704245536799851912e-01,-5.149233830930064482e-01,-6.784073135860761994e-01,-1.964064439027259912e-01,-9.133423607344139938e-01,-3.853386725410879593e-02,3.926858399746616102e-01,7.301577873063109791e-01,1.000000000000000000e+00,-4.821705253193287466e-01,3.192976889826484865e-01,-7.373332547691856531e-01,-4.572170006507699780e-01,4.000414037082949958e-01,9.423676221643276785e-01,9.250545095097396642e-01,4.923438750026115640e-01,3.181402339428061055e-01,-8.438528626230061835e-01
3.855181133588277409e-01,1.831630873597700840e-02,6.358148034636538215e-01,-3.357773317180314659e-03,1.377873980163527856e-01,4.717608940544451568e-01,7.905328642813184148e-01,4.581370600000000959e-01,1.585424447071427378e-01,-4.506967932630261964e-01,2.188181664083146127e-01,7.112111573975966605e-01,4.428688895189232255e-01,5.714748007098529037e-01,-6.512759057544676988e-01,3.601339975010772743e-01,7.489398661685154890e-01,-7.996947318407926497e-01,1.029749719534746311e-01,-1.566209907383535049e-01,-9.365120575735710884e-02,2.911072560150510524e-01,5.027749067826432494e-01,8.631918995887877255e-01,1.648242059754819744e-01,-4.814453515575339293e-01,-5.545636630075629903e-01,-5.841437207178667990e-01,-4.821705253193287466e-01,1.000000000000000000e+00,-2.242715440143686068e-01,-5.880601853829417469e-02,4.218608886896014765e-01,-7.195806361174983401e-01,-2.056617266436617797e-01,-4.132315845956888167e-01,1.213794809358832855e-01,3.580844867300159162e-01,4.081200849816465359e-01
-5.830501460868258573e-02,2.841022045008561037e-01,7.256981264305546742e-02,1.213838324036101701e-01,-4.911103113152448518e-02,-6.024432631493386037e-01,-3.792349941531329982e-01,-3.283231599999999473e-01,-3.292416257538280933e-01,5.494127140027769141e-01,-1.782983154966892858e-01,-5.993504151751403164e-01,1.409472190374681244e-01,-3.803667171686497817e-02,3.671723371612093390e-01,-2.558040004809449264e-01,-3.688898394610185538e-01,6.513229400445019746e-01,-7.114165008453926520e-01,5.216576974523804422e-01,2.341678433368036411e-02,5.778572385476771212e-02,-6.262784626226873819e-01,-3.068459824469004227e-01,-7.015920507215910040e-02,1.061037098028574377e-01,1.439498006581637068e-01,5.594648940311990337e-01,3.192976889826484865e-01,-2.242715440143686068e-01,1.000000000000000000e+00,-4.083739906152715760e-01,2.846254519845641262e-01,4.990134779124246189e-01,2.400867269160071316e-01,1.261447696897738668e-01,-3.378033953930178468e-01,-8.335790800349056340e-02,-4.555673922454192004e-01
6.166501285329736293e-01,-9.300064189228363087e-01,-5.809702525916297100e-01,7.458495270787343090e-01,1.394701339061893419e-01,2.624862066057143117e-01,-2.393374656654039256e-01,7.734652600000000433e-01,9.150358685202804043e-01,1.055169401997517187e-01,2.394507796495436436e-01,-1.571614081837928723e-01,4.773378981359446271e-01,4.753552881415569198e-01,-1.188279356717260038e-01,-3.969791014201273227e-01,1.450157154845867491e-01,-1.201200863619273224e-01,8.968499514599147515e-01,3.169347084250867530e-02,7.812507921008002842e-01,2.296571749258087269e-01,6.865359965529240771e-01,-3.292574313077843984e-01,8.039066821933277263e-01,4.275307594477176232e-01,-1.655583266455573632e-01,-4.734123630245990477e-01,-7.373332547691856531e-01,-5.880601853829417469e-02,-4.083739906152715760e-01,1.000000000000000000e+00,9.369254255862211056e-02,1.204405975170430576e-02,-8.705369454224572978e-01,-6.566416344439556241e-01,-4.179374920257835635e-01,-5.504182632223252325e-01,7.843264640917955166e-01
6.911625635708508186e-01,-1.183473978840028640e-01,2.424761767070628404e-01,5.409223126919189273e-01,1.333827296777031768e-01,-3.201223368725064633e-01,2.427475166219754676e-01,4.294968200000000014e-01,3.101580472741046757e-01,-1.272582369909776578e-01,4.762199054738295856e-01,-9.804695900127236019e-02,5.864591515768243779e-01,4.482669994402524449e-01,-4.547735369811274908e-01,-8.776315845809372351e-02,3.221020981629491575e-01,-5.982307768170153084e-02,-5.576096281980261887e-02,1.030753435232552445e-01,3.075115622191210152e-01,7.951349788222185078e-01,1.652411306737032737e-01,2.365187313281184034e-01,4.689059450223114212e-01,-1.416263058776782435e-01,-6.884557536086453045e-01,-4.792333263320342485e-01,-4.572170006507699780e-01,4.218608886896014765e-01,2.846254519845641262e-01,9.369254255862211056e-02,1.000000000000000000e+00,1.498383987909142345e-01,-4.110275453349859220e-01,-5.125758524535128924e-01,-1.193354881967490372e-01,1.233573694998995884e-01,1.133390885883267529e-01
7.949374463987345096e-02,9.009553508875919881e-02,-5.245690697547050751e-01,2.215318241023588597e-01,2.605956840864215862e-01,-6.212459203452188605e-01,-5.364374614845648370e-01,-3.776634399999999614e-01,-3.239027790837738230e-02,4.831883350531220311e-01,-1.137553354781430381e-01,-7.583039504207604864e-01,-1.003130902272021258e-01,-4.664931534121557477e-01,3.032172157165302639e-01,-1.562176983136907005e-01,-4.918106487993862963e-01,8.023621884377742930e-01,-2.620753050812897889e-01,2.950306300602449916e-01,8.688131810750346351e-02,1.933885643345694405e-01,-4.215765121859122444e-01,-7.390660151198312766e-01,-5.649071688982930384e-02,3.418418511938738913e-01,-4.791178577878377198e-03,3.772559592697715125e-01,4.000414037082949958e-01,-7.195806361174983401e-01,4.990134779124246189e-01,1.204405975170430576e-02,1.498383987909142345e-01,1.000000000000000000e+00,1.360735819530566604e-01,3.372123806262786183e-01,-1.134679160427113087e-01,-8.700690821595045976e-02,-4.219576701855165535e-01
-6.849222614692880295e-01,9.347173839929783234e-01,2.459184432359141637e-01,-8.926879903964857199e-01,9.148213422245879411e-02,-1.030633061370578030e-01,1.453016672296902345e-01,-9.552144999999999664e-01,-8.226002325548364968e-01,2.107528462927731050e-02,-4.638150798074758274e-01,1.398547996344058353e-01,-6.676652931613207276e-01,-7.981124903934839754e-01,2.252273397233514329e-01,5.496050654754055520e-01,-1.736752516438297700e-01,1.990658652685886876e-01,-7.317830817591423065e-01,-1.307818783035216356e-02,-8.948729134499013860e-01,-4.939875574535674829e-01,-5.927710380982630367e-01,1.069939714731804881e-01,-9.741725685111186639e-01,-1.806848836050106155e-01,2.890473096274523424e-01,6.224531987903147989e-01,9.423676221643276785e-01,-2.056617266436617797e-01,2.400867269160071316e-01,-8.705369454224572978e-01,-4.110275453349859220e-01,1.360735819530566604e-01,1.000000000000000000e+00,8.705442373573087922e-01,5.755775120633278563e-01,4.768653001688530346e-01,-8.310668124781829258e-01
-6.350892498350773074e-01,7.517748820378958863e-01,7.706911676414524015e-02,-7.899660721392686158e-01,1.899886865116790780e-01,-8.618471796325846701e-02,4.694952096734808511e-02,-8.978740000000000610e-01,-7.582215836118962882e-01,3.397776373317765164e-02,-5.097890431635277997e-01,6.528554681906828527e-02,-8.210071049398121046e-01,-8.160776773262532480e-01,1.583077732366400259e-01,5.403784770035678919e-01,-3.487720757431640450e-01,2.371866358785258977e-01,-5.231775021118088009e-01,-1.572915322577362329e-01,-7.976345675832918758e-01,-4.442402836548975942e-01,-5.621537125232760612e-01,-1.467886629044813374e-01,-8.938681427271734092e-01,-2.652942061206611801e-01,2.558573386174727848e-01,5.171462358453673414e-01,9.250545095097396642e-01,-4.132315845956888167e-01,1.261447696897738668e-01,-6.566416344439556241e-01,-5.125758524535128924e-01,3.372123806262786183e-01,8.705442373573087922e-01,1.000000000000000000e+00,5.749323883245143207e-01,5.067216150871245439e-01,-6.815249743503537516e-01
-1.841286797796006236e-01,6.225830744202334177e-01,2.820346917246400742e-01,-7.171671718882247637e-01,2.979659038606390919e-01,2.274069208604308501e-01,6.185100641238009400e-01,-4.815268200000000220e-01,-3.603040900161310067e-01,-4.941068573155176225e-01,-1.681756676993172994e-01,6.300411393675389160e-01,-6.226250554213824673e-01,-5.768153574404742967e-01,-3.756573286476319606e-01,8.189949431728920093e-01,2.759642650159960797e-01,-4.083457827977204357e-01,-7.535631435087020158e-02,-5.335099772464755308e-01,-8.158372981856953920e-01,-2.181106015857242064e-01,8.536175197737452813e-02,3.474147930376613180e-01,-7.099636011821045534e-01,-3.408912900054636985e-01,-2.277184842151877553e-01,-9.059710070484772171e-02,4.923438750026115640e-01,1.213794809358832855e-01,-3.378033953930178468e-01,-4.179374920257835635e-01,-1.193354881967490372e-01,-1.134679160427113087e-01,5.755775120633278563e-01,5.749323883245143207e-01,1.000000000000000000e+00,6.687920965066170842e-01,-3.388133921605477883e-01
-2.566987782557764858e-03,6.506093570994360142e-01,5.040550383786470690e-01,-4.941261689677893254e-01,2.295834312367806274e-01,-4.564396357606989585e-02,7.608323034424687714e-01,-3.138997399999999827e-01,-4.743321624415795523e-01,-6.218029559348475788e-01,1.282690499340577994e-01,6.026061404780249653e-01,-3.422836751602507666e-01,-2.700291360351551595e-01,-6.751129318464840212e-01,7.071478054411399761e-01,3.250102449344570710e-01,-4.476479363531215006e-01,-2.915998948099931543e-01,-6.039520466772344554e-01,-7.187834472778155126e-01,1.959170970513167964e-01,-1.407511429508917760e-03,4.755730765174071006e-01,-5.338027331113001095e-01,-6.430189628830715876e-01,-5.703332337684255959e-01,-2.443140713840810385e-01,3.181402339428061055e-01,3.580844867300159162e-01,-8.335790800349056340e-02,-5.504182632223252325e-01,1.233573694998995884e-01,-8.700690821595045976e-02,4.768653001688530346e-01,5.067216150871245439e-01,6.687920965066170842e-01,1.000000000000000000e+00,-3.114514200149647305e-01
5.104339389978291841e-01,-8.128998676952435831e-01,-7.780229704669548718e-02,5.486994117069972088e-01,5.401589261783893564e-02,5.100422428575859257e-01,1.461950914477738450e-01,8.667145400000000333e-01,7.249957352605875815e-01,-1.070984599828171402e-01,1.714153216267400026e-01,2.576146223018883630e-01,4.935886186140978626e-01,7.547560314046216634e-01,-3.021300502643989305e-01,-1.861113990591403700e-01,4.098256432996638665e-01,-5.328530448420022436e-01,7.911261864203783523e-01,-1.495262339909740334e-01,6.025359406311217025e-01,1.995877320605498051e-01,7.452182323055512869e-01,1.185101737182379239e-01,7.260670166804583658e-01,-1.048856654616622634e-02,-2.423174579028957165e-01,-6.428284729798204866e-01,-8.438528626230061835e-01,4.081200849816465359e-01,-4.555673922454192004e-01,7.843264640917955166e-01,1.133390885883267529e-01,-4.219576701855165535e-01,-8.310668124781829258e-01,-6.815249743503537516e-01,-3.388133921605477883e-01,-3.114514200149647305e-01,1.000000000000000000e+00
