1.000000000000000000e+00,-3.094683353485344623e-01,1.542077723476373563e-01,-1.997116798245894276e-01,-5.723490516243543436e-01,-1.379287014545870285e-02,-3.375321505705726199e-01,5.536622713654133499e-01,2.877423941356312964e-01,5.930113264603615875e-01,3.206357362953206058e-01,-4.411537371474688052e-01,-4.885175105643471682e-02,4.434894628608585521e-01,3.148034931823008309e-01,4.768519111488583317e-01,-1.825870458049179135e-01,5.100549446727320468e-01,-5.906160293720226218e-01,-3.027758584765741778e-01,-3.151185234729179108e-01,-1.501486641022660440e-02,-2.420711074562717502e-01,9.577723639489439666e-02,-4.657286188734032772e-01,-4.489990510563367510e-01,7.836340987994987461e-01,-3.406735878784740712e-01,-4.477527305260373680e-01,2.575480656696224613e-01,-4.366821523604663136e-01,-3.628035600000000249e-01,-2.445097997543780877e-01,4.564771419590246126e-01,-3.555377688477974751e-01,-5.294843812168701369e-01,7.325875520335332070e-01,-6.482806898534450024e-01,-5.766369445510690639e-01
-3.094683353485344623e-01,1.000000000000000000e+00,-3.590777732769382391e-01,-1.238702028379175674e-01,2.811863735056515656e-01,1.827404980517133293e-01,8.592963813175642507e-01,-5.787217636572222768e-01,-3.855928073537119305e-01,4.008527363567693236e-01,5.683877994178211379e-01,-5.668418982907097448e-01,3.589859112670675811e-01,-4.542831993481787345e-01,-7.000622794647807234e-01,-3.815721945119794623e-02,-1.286382221727860042e-01,2.788553359873120474e-01,4.595383774655559250e-01,6.916171226507015213e-01,8.593043178840299445e-01,6.071324433427206096e-02,-8.785734844976056390e-02,-7.251364191995648412e-01,-3.709474362903690814e-01,-1.388038771548469330e-01,2.538060326902835673e-01,-4.466371244533477447e-01,6.617112998145083802e-01,5.360867104243229875e-01,-7.718321587614020152e-02,-3.492283800000000049e-01,3.961437449098332841e-01,-8.485771685690162158e-01,-1.506768185797811577e-01,-1.366357277750721855e-01,2.353427217052262710e-01,3.289525196697365428e-02,3.482607919187167278e-01
1.542077723476373563e-01,-3.590777732769382391e-01,1.000000000000000000e+00,1.933997611468838140e-01,-5.536742335056130671e-01,4.613930712341574036e-01,-4.656283031108162107e-01,3.016155158971721706e-01,1.084355805562176034e-01,3.598628085332615523e-02,4.813542344672351592e-02,4.028685353239471190e-01,3.402668898858192681e-01,7.833499446465812532e-01,4.528367005005605739e-01,6.180374349759332198e-01,-4.792841981287854214e-01,3.362794489223202010e-01,-7.522067814506209205e-01,-4.838316817652800750e-01,-7.188425300812107954e-01,7.123085626249309188e-01,-4.820782463826764896e-01,5.788011543808039283e-01,-2.911437543661377081e-01,1.757981317954630252e-01,-1.788852191808390155e-02,-1.754969156640101002e-01,1.639439064991414161e-02,-4.445530265744305348e-02,-1.709442194932343506e-01,-3.037146200000000462e-01,-9.481543559935991239e-02,5.096365938715216037e-01,-2.355339029954266195e-01,4.789243460377062833e-01,-3.282384589137264386e-01,-2.125531043870619030e-01,-3.241871367822266037e-01
-1.997116798245894276e-01,-1.238702028379175674e-01,1.933997611468838140e-01,1.000000000000000000e+00,-6.277494985746988332e-02,2.281531348957525074e-01,6.754799664217547850e-03,3.790812388797657473e-01,-9.912841806149141899e-02,-5.486176275188270335e-03,1.140415358701079018e-01,2.015207863522492648e-01,2.627228381217384667e-01,5.016745209091949542e-02,-5.822636902711719742e-02,-8.482195797763851519e-02,1.676406874930394530e-01,1.295826780560963565e-01,-1.214740991711502072e-01,4.775270579163554130e-02,-8.863688380664686006e-02,3.638310796953128090e-01,-1.953473885071635441e-01,2.063215576209014857e-01,-6.645111026754663142e-02,-2.934225642035195869e-02,-1.647073338054609315e-01,-1.742577755659512062e-01,1.626406474881710029e-01,4.241732194134547468e-02,-5.223717678539380183e-03,-1.413564400000000276e-01,9.322353223882251516e-02,1.249505985134624630e-01,-1.580436547274188808e-03,3.607977259000719195e-01,-1.369470676755810135e-01,3.702012003161614384e-02,-5.543475266306463478e-02
-5.723490516243543436e-01,2.811863735056515656e-01,-5.536742335056130671e-01,-6.277494985746988332e-02,1.000000000000000000e+00,2.467054862998118436e-01,2.100665322559293891e-01,-7.432533132075491711e-01,-7.641801330821038629e-01,-4.286701218272762071e-01,-4.266425947370925398e-01,3.211258811722065287e-01,-5.603664746557156517e-01,-5.949193195790359878e-01,-7.247745408461387928e-01,-7.947245976392937061e-01,-2.326890130919453958e-02,-1.303200703505203173e-01,7.956196758057973994e-01,7.512741867978912635e-01,3.388860380457910937e-01,-5.562272622716802895e-01,-1.128970476739212525e-01,-6.048903422722560208e-01,1.275231364306302351e-01,-2.297827150903704874e-01,-6.132576367620174995e-01,-6.337433231824390889e-02,-1.246600870609410605e-01,2.730682402257916253e-01,8.461627832669017524e-01,-2.042171999999997656e-02,7.339182386802213243e-01,-3.101466343641944290e-01,-1.850872176520106105e-01,-1.222719925487572579e-01,-6.380731092133115623e-02,5.129325199787252432e-01,9.349143145663024734e-01
-1.379287014545870285e-02,1.827404980517133293e-01,4.613930712341574036e-01,2.281531348957525074e-01,2.467054862998118436e-01,1.000000000000000000e+00,-1.554568512149452353e-01,-2.699943108284246773e-01,-7.692972469026267968e-01,1.964076214372571239e-01,6.883074905693006840e-02,2.946613800224061608e-01,-8.681566643500226998e-02,2.386907463609260760e-01,-4.498476711876497336e-01,1.038608082224554974e-01,-6.812175632937463865e-01,7.410598800827197241e-01,-1.499004419023428347e-01,4.690686817148898013e-01,-2.271447877500409884e-01,3.394719893604761785e-01,-9.295289542302281882e-01,-2.352620634944826428e-01,-6.953066063705223288e-01,-3.671874323990078071e-01,-8.186933834420619116e-02,-7.865637476185642907e-01,-9.881834019833906149e-03,7.141774164532453950e-01,4.312484943341393651e-01,-8.271442799999999540e-01,7.809985433312229830e-01,1.189522226925346232e-01,-8.332325131170571497e-01,3.330673855159507757e-02,1.672543739356956161e-01,-2.215150805370839568e-02,4.365176493387320500e-01
-3.375321505705726199e-01,8.592963813175642507e-01,-4.656283031108162107e-01,6.754799664217547850e-03,2.100665322559293891e-01,-1.554568512149452353e-01,1.000000000000000000e+00,-4.504545753424369359e-01,-1.813859159076375294e-01,2.548010110216736845e-01,6.163344660051580659e-01,-6.335600546716465553e-01,5.084883785428695457e-01,-3.778005949624669291e-01,-6.254548449077521610e-01,-2.215109969026700376e-01,4.569578168054590217e-02,4.084448599641093969e-02,5.272528579487073541e-01,5.593833699800384585e-01,8.823035872497321241e-01,-1.199872683647481703e-01,1.527328309218127789e-01,-6.827765393846829678e-01,-1.693309518749639697e-01,-1.766431254402836826e-01,1.768335670312099761e-01,-2.062603193592510153e-01,5.463414207516958943e-01,3.148417154953835895e-01,-1.688965931321038949e-01,-1.102910599999999963e-01,1.929449500203895274e-01,-8.759889043446267287e-01,1.658337156318795136e-01,-1.037304477536316466e-01,1.054896755792299884e-01,-2.391585281703827517e-02,2.575178993095902924e-01
5.536622713654133499e-01,-5.787217636572222768e-01,3.016155158971721706e-01,3.790812388797657473e-01,-7.432533132075491711e-01,-2.699943108284246773e-01,-4.504545753424369359e-01,1.000000000000000000e+00,6.512094520481748194e-01,3.042776248583930476e-01,7.241246148623180223e-02,-1.128895821502931829e-01,1.413521212293893659e-01,4.667563037738050036e-01,6.609944912630689728e-01,3.691876437432543567e-01,1.824897667025212056e-01,-5.090272940754416928e-03,-6.731573781654716093e-01,-6.287373528899639075e-01,-4.659970790949936603e-01,2.532931320426130561e-01,1.376972765462364245e-01,6.337922156273041452e-01,2.677603544633955224e-02,5.504550365122602706e-02,3.841876177881132781e-01,1.460358986140190274e-01,-2.098207176342389846e-01,-3.318404682683756546e-01,-5.763893762017547884e-01,1.274616399999999317e-01,-6.335154262144302439e-01,5.122885611981851106e-01,1.463017229820204601e-01,-6.051029608234909790e-02,1.519412535384971341e-01,-2.314445363000953715e-01,-8.040788573523058869e-01
2.877423941356312964e-01,-3.855928073537119305e-01,1.084355805562176034e-01,-9.912841806149141899e-02,-7.641801330821038629e-01,-7.692972469026267968e-01,-1.813859159076375294e-01,6.512094520481748194e-01,1.000000000000000000e+00,1.301927050403850483e-02,6.976393463583341337e-02,-2.276259959060096816e-01,3.330007245435117058e-01,1.721640190624452726e-01,8.490534287200917074e-01,4.680486741707097220e-01,5.280848051993365377e-01,-4.916072650439600733e-01,-4.037013882337302517e-01,-8.475814669601502427e-01,-1.592259501014385847e-01,2.166304103535927617e-01,7.096688445554657498e-01,6.808052627542187096e-01,4.912107449372338230e-01,5.491450432646183266e-01,3.244523480161247697e-01,6.440013267258052343e-01,1.190983172531506762e-01,-7.501994503373909939e-01,-7.544387962633012368e-01,6.394514799999999610e-01,-9.982111657443804020e-01,1.891613571404258121e-01,6.935334959976033886e-01,1.627845867994566209e-01,-1.906525663492784073e-01,-2.247429567004677331e-01,-8.766943086526058915e-01
5.930113264603615875e-01,4.008527363567693236e-01,3.598628085332615523e-02,-5.486176275188270335e-03,-4.286701218272762071e-01,1.964076214372571239e-01,2.548010110216736845e-01,3.042776248583930476e-01,1.301927050403850483e-02,1.000000000000000000e+00,6.332676164437951449e-01,-7.139815016638043632e-01,2.190959011037571791e-01,2.277109066684388228e-01,-1.735079149324303405e-01,3.760251380892572493e-01,-3.959018075245272494e-01,6.960739007986961324e-01,-4.427550226644079157e-01,1.604283172658941270e-01,2.163985050442171765e-01,1.415509823161715808e-01,-3.526880608676738471e-01,-3.254672853948591404e-01,-7.516684810230134239e-01,-4.516273402633558254e-01,8.375946072621027749e-01,-6.583653789914747367e-01,1.109262075790399399e-01,6.009348510643822694e-01,-5.217285993667253319e-01,-6.221507399999999244e-01,3.234287786931099723e-02,-1.052443359410255574e-01,-4.969219140393086320e-01,-5.315923892023974862e-01,7.692813859690184053e-01,-2.894718420542816695e-01,-3.205473278385035929e-01
3.206357362953206058e-01,5.683877994178211379e-01,4.813542344672351592e-02,1.140415358701079018e-01,-4.266425947370925398e-01,6.883074905693006840e-02,6.163344660051580659e-01,7.241246148623180223e-02,6.976393463583341337e-02,6.332676164437951449e-01,1.000000000000000000e+00,-7.974919676748085662e-01,7.638462505066115904e-01,1.374296185141850035e-01,-2.350292937914518765e-01,4.266560561393575313e-01,-1.200076231770736135e-01,5.070802833912602114e-01,-1.269175310873447426e-01,1.624415644508863665e-01,4.709847893165030608e-01,3.215478892339448391e-01,-1.806032113923337623e-01,-3.254801706520110138e-01,-5.698213612085647473e-01,-3.159263535509623799e-01,7.175623806592225096e-01,-5.265564665327013838e-01,4.059562249967597070e-01,4.655430711658559151e-01,-5.499164080046565761e-01,-4.759419000000000288e-01,-2.614835751383160975e-02,-4.854255941593412782e-01,-1.192776043929152652e-01,-1.340389219218713068e-01,4.247013085358242734e-01,-6.410031484066189833e-01,-3.116257253400521732e-01
-4.411537371474688052e-01,-5.668418982907097448e-01,4.028685353239471190e-01,2.015207863522492648e-01,3.211258811722065287e-01,2.946613800224061608e-01,-6.335600546716465553e-01,-1.128895821502931829e-01,-2.276259959060096816e-01,-7.139815016638043632e-01,-7.974919676748085662e-01,1.000000000000000000e+00,-4.336708921155407181e-01,1.204117340814061660e-01,2.192291329567691294e-01,-2.132786808756376162e-01,-7.002241896088186313e-02,-2.715929904826660524e-01,-4.918382554621666958e-02,-1.932311651933646401e-01,-6.478265207852891283e-01,9.603681291002846843e-02,-1.555745721547363014e-01,4.556122278744640930e-01,3.744232005635805272e-01,3.247319235696854989e-01,-8.262650202604719940e-01,3.107503895563017982e-01,-2.586645448746187625e-01,-3.412483950195934201e-01,6.054050436543980673e-01,2.174360799999999205e-01,1.884066468585969822e-01,5.343288145590306959e-01,-1.603225396980394526e-02,5.183785340308243450e-01,-6.495216724258358054e-01,4.707051750145468394e-01,3.438985271677169608e-01
-4.885175105643471682e-02,3.589859112670675811e-01,3.402668898858192681e-01,2.627228381217384667e-01,-5.603664746557156517e-01,-8.681566643500226998e-02,5.084883785428695457e-01,1.413521212293893659e-01,3.330007245435117058e-01,2.190959011037571791e-01,7.638462505066115904e-01,-4.336708921155407181e-01,1.000000000000000000e+00,2.468426870464604794e-01,9.693450526769487041e-02,4.954347469421820360e-01,5.808286154519740757e-02,1.005211577382625482e-01,-1.633586118188991021e-01,-1.668688613814511001e-01,2.763513193297939541e-01,6.031577320634975425e-01,7.409173990046119540e-02,1.251021275142154554e-01,-1.760213909315686553e-01,2.004261138766344486e-01,3.379615127202640346e-01,-1.014036910714135042e-01,6.241391712239265921e-01,-3.679742952514027804e-02,-5.991187236990719311e-01,-8.897969999999999491e-02,-3.110479726689283630e-01,-3.952905812471449454e-01,3.173207435219392858e-01,4.237154304890814460e-01,-2.033180257205209618e-01,-5.004658762953790863e-01,-4.422939097957918619e-01
4.434894628608585521e-01,-4.542831993481787345e-01,7.833499446465812532e-01,5.016745209091949542e-02,-5.949193195790359878e-01,2.386907463609260760e-01,-3.778005949624669291e-01,4.667563037738050036e-01,1.721640190624452726e-01,2.277109066684388228e-01,1.374296185141850035e-01,1.204117340814061660e-01,2.468426870464604794e-01,1.000000000000000000e+00,3.605353146039264600e-01,3.489789694518753427e-01,-6.344862957769826783e-01,3.398888074363748957e-01,-7.697463267180579827e-01,-4.486158576906119633e-01,-7.111731688704806542e-01,2.417961365492216907e-01,-4.480563685032271093e-01,3.560618535802992368e-01,-3.992674880772754675e-01,-2.317813712117546554e-01,1.415072089226762087e-01,-1.859450194219670893e-01,-4.070352966225799229e-01,3.502591079543492664e-02,-2.123757990494200276e-01,-3.276558200000000420e-01,-1.386687740171945182e-01,4.981561458830083833e-01,-2.631493374592167589e-01,2.385391315477473906e-02,-4.526235913524986887e-02,-2.848145185710432292e-01,-3.536909425590928913e-01
3.148034931823008309e-01,-7.000622794647807234e-01,4.528367005005605739e-01,-5.822636902711719742e-02,-7.247745408461387928e-01,-4.498476711876497336e-01,-6.254548449077521610e-01,6.609944912630689728e-01,8.490534287200917074e-01,-1.735079149324303405e-01,-2.350292937914518765e-01,2.192291329567691294e-01,9.693450526769487041e-02,3.605353146039264600e-01,1.000000000000000000e+00,5.710063345287997860e-01,3.501001466876717538e-01,-3.745839325727765567e-01,-6.127591310839024530e-01,-9.711624743757634182e-01,-6.026951735847579927e-01,3.753100294323387098e-01,4.263374157280569454e-01,9.232560919655751208e-01,4.598922938074226363e-01,5.938375076062378799e-01,1.102466375847962338e-01,5.917039529421456168e-01,-7.411721961008389814e-02,-7.524955485513410425e-01,-5.136924107477516266e-01,5.287293200000000581e-01,-8.548756063078980505e-01,5.879110038529163917e-01,4.593619291053128717e-01,3.220238933505871204e-01,-3.198612515072714046e-01,-1.655453608338565696e-01,-7.965873111481851510e-01
4.768519111488583317e-01,-3.815721945119794623e-02,6.180374349759332198e-01,-8.482195797763851519e-02,-7.947245976392937061e-01,1.038608082224554974e-01,-2.215109969026700376e-01,3.691876437432543567e-01,4.680486741707097220e-01,3.760251380892572493e-01,4.266560561393575313e-01,-2.132786808756376162e-01,4.954347469421820360e-01,3.489789694518753427e-01,5.710063345287997860e-01,1.000000000000000000e+00,-2.530902878499928163e-02,3.506292591680449378e-01,-6.616526303409422383e-01,-5.364118419091703505e-01,-2.439972507675413349e-01,7.971544736578135559e-01,-1.074526520328739077e-01,4.971232691021200134e-01,-2.591337247614799444e-01,3.133519481277495800e-01,6.076557285991733837e-01,-1.690094771727615464e-01,3.771741337861579946e-01,-4.183836775264028474e-02,-6.779115491296530127e-01,-1.945236200000000082e-01,-4.445429256548231733e-01,2.387333448388160861e-01,-5.606141109736150624e-02,2.483458076233055478e-01,9.234639954907344905e-02,-5.621486976970317961e-01,-7.265584489127211443e-01
-1.825870458049179135e-01,-1.286382221727860042e-01,-4.792841981287854214e-01,1.676406874930394530e-01,-2.326890130919453958e-02,-6.812175632937463865e-01,4.569578168054590217e-02,1.824897667025212056e-01,5.280848051993365377e-01,-3.959018075245272494e-01,-1.200076231770736135e-01,-7.002241896088186313e-02,5.808286154519740757e-02,-6.344862957769826783e-01,3.501001466876717538e-01,-2.530902878499928163e-02,1.000000000000000000e+00,-6.580048043906524535e-01,3.631577643717314174e-01,-2.790582853724478674e-01,3.086449597310672588e-01,1.071403307375190040e-04,8.073813788660115787e-01,3.329397028569254791e-01,7.469956061453070228e-01,5.450320429655142185e-01,-4.521697997095713156e-02,6.357556783488474972e-01,2.978570314720186962e-01,-6.252685957596340049e-01,-2.351532525845075050e-01,7.398817399999999544e-01,-5.587738502697154885e-01,-1.247884337785409997e-01,7.520090606923443000e-01,2.550911263800389461e-01,-2.116387246415843970e-01,-3.414702451498920210e-02,-3.268052024378018672e-01
5.100549446727320468e-01,2.788553359873120474e-01,3.362794489223202010e-01,1.295826780560963565e-01,-1.303200703505203173e-01,7.410598800827197241e-01,4.084448599641093969e-02,-5.090272940754416928e-03,-4.916072650439600733e-01,6.960739007986961324e-01,5.070802833912602114e-01,-2.715929904826660524e-01,1.005211577382625482e-01,3.398888074363748957e-01,-3.745839325727765567e-01,3.506292591680449378e-01,-6.580048043906524535e-01,1.000000000000000000e+00,-3.899140873767339421e-01,3.624410884395967702e-01,-6.566916132446624921e-02,2.696660974816863510e-01,-8.705175890055018018e-01,-3.722455968950046379e-01,-9.584103544757671678e-01,-6.541550971343340626e-01,5.328569352787768665e-01,-9.559473225388248618e-01,-5.666727633820068527e-02,8.808301901171602388e-01,-3.836812892443791645e-02,-9.694447200000000375e-01,5.326883363557993745e-01,1.276529954520596588e-01,-8.630182561484364134e-01,-2.958994501819985357e-01,6.579773657519286667e-01,-4.166594504834871260e-01,5.980567452135129858e-02
-5.906160293720226218e-01,4.595383774655559250e-01,-7.522067814506209205e-01,-1.214740991711502072e-01,7.956196758057973994e-01,-1.499004419023428347e-01,5.272528579487073541e-01,-6.731573781654716093e-01,-4.037013882337302517e-01,-4.427550226644079157e-01,-1.269175310873447426e-01,-4.918382554621666958e-02,-1.633586118188991021e-01,-7.697463267180579827e-01,-6.127591310839024530e-01,-6.616526303409422383e-01,3.631577643717314174e-01,-3.899140873767339421e-01,1.000000000000000000e+00,6.435102776240037015e-01,6.828711127099077460e-01,-4.796228992422660320e-01,3.066334095764030043e-01,-5.606805436723970582e-01,3.389350411996286394e-01,-1.886812113907107569e-03,-4.082326572649950247e-01,1.582684520446678289e-01,1.909854139216083935e-01,3.743733269821204052e-02,4.824544320579298162e-01,2.565811600000000858e-01,3.769233318500680996e-01,-6.444753106220868499e-01,2.508524160360060540e-01,-5.980022993571541823e-02,-1.241749328477989300e-01,2.611343859049037874e-01,6.377745018641596264e-01
-3.027758584765741778e-01,6.916171226507015213e-01,-4.838316817652800750e-01,4.775270579163554130e-02,7.512741867978912635e-01,4.690686817148898013e-01,5.593833699800384585e-01,-6.287373528899639075e-01,-8.475814669601502427e-01,1.604283172658941270e-01,1.624415644508863665e-01,-1.932311651933646401e-01,-1.668688613814511001e-01,-4.486158576906119633e-01,-9.711624743757634182e-01,-5.364118419091703505e-01,-2.790582853724478674e-01,3.624410884395967702e-01,6.435102776240037015e-01,1.000000000000000000e+00,6.033913874487851770e-01,-3.307895583075212143e-01,-4.058731112338513358e-01,-8.758142852360929487e-01,-4.259179815251060708e-01,-5.443916002616731031e-01,-1.029059943811396899e-01,-5.850932435928247743e-01,1.247941843370642678e-01,7.293786206463552801e-01,5.148237989375330503e-01,-5.069026199999999704e-01,8.494552505337865655e-01,-5.661002322038666268e-01,-4.558220893633003756e-01,-3.276638825285956291e-01,3.426789349171885379e-01,1.916068022348368094e-01,7.717138806025369835e-01
-3.151185234729179108e-01,8.593043178840299445e-01,-7.188425300812107954e-01,-8.863688380664686006e-02,3.388860380457910937e-01,-2.271447877500409884e-01,8.823035872497321241e-01,-4.659970790949936603e-01,-1.592259501014385847e-01,2.163985050442171765e-01,4.709847893165030608e-01,-6.478265207852891283e-01,2.763513193297939541e-01,-7.111731688704806542e-01,-6.026951735847579927e-01,-2.439972507675413349e-01,3.086449597310672588e-01,-6.566916132446624921e-02,6.828711127099077460e-01,6.033913874487851770e-01,1.000000000000000000e+00,-1.990989864781120000e-01,3.108780420846350423e-01,-6.729342443771795246e-01,-2.152266302694476677e-02,-5.592005097730703284e-02,2.228065133992376268e-01,-1.229064063438607135e-01,5.722608499565898788e-01,2.646062390489318794e-01,-1.021518276665339953e-01,1.667816000000010845e-02,1.583890323111119547e-01,-8.789389902602368077e-01,1.981891585658529797e-01,-1.765396884364523744e-01,2.313205382710287195e-01,6.567101707132378362e-03,2.502668274470715160e-01
-1.501486641022660440e-02,6.071324433427206096e-02,7.123085626249309188e-01,3.638310796953128090e-01,-5.562272622716802895e-01,3.394719893604761785e-01,-1.199872683647481703e-01,2.532931320426130561e-01,2.166304103535927617e-01,1.415509823161715808e-01,3.215478892339448391e-01,9.603681291002846843e-02,6.031577320634975425e-01,2.417961365492216907e-01,3.753100294323387098e-01,7.971544736578135559e-01,1.071403307375190040e-04,2.696660974816863510e-01,-4.796228992422660320e-01,-3.307895583075212143e-01,-1.990989864781120000e-01,1.000000000000000000e+00,-2.046072864661906132e-01,5.263346795392034316e-01,-1.759610577377656027e-01,4.614747791592431758e-01,1.977479285475083060e-01,-1.865439963003499013e-01,6.296623595182938571e-01,-5.853890176756208763e-02,-4.472614256860678594e-01,-1.996646399999999488e-01,-2.114000662058735658e-01,1.064570074858358500e-01,-1.218426865815585604e-02,5.972023536844600633e-01,-2.636714689708025139e-01,-2.755009500250026333e-01,-4.617984428576183409e-01
-2.420711074562717502e-01,-8.785734844976056390e-02,-4.820782463826764896e-01,-1.953473885071635441e-01,-1.128970476739212525e-01,-9.295289542302281882e-01,1.527328309218127789e-01,1.376972765462364245e-01,7.096688445554657498e-01,-3.526880608676738471e-01,-1.806032113923337623e-01,-1.555745721547363014e-01,7.409173990046119540e-02,-4.480563685032271093e-01,4.263374157280569454e-01,-1.074526520328739077e-01,8.073813788660115787e-01,-8.705175890055018018e-01,3.066334095764030043e-01,-4.058731112338513358e-01,3.108780420846350423e-01,-2.046072864661906132e-01,1.000000000000000000e+00,2.947440605384548662e-01,8.410276099269342609e-01,6.136666390651961400e-01,-8.450577880404419595e-02,8.634662200914170471e-01,2.318892118322607998e-01,-7.982592924376628041e-01,-3.377816017992585351e-01,9.251811199999999680e-01,-7.365081067678374005e-01,-2.384000863782169688e-01,9.053641547816587698e-01,1.375442817265690731e-01,-3.472535686078758177e-01,1.738497549309133416e-01,-3.428994581104116701e-01
9.577723639489439666e-02,-7.251364191995648412e-01,5.788011543808039283e-01,2.063215576209014857e-01,-6.048903422722560208e-01,-2.352620634944826428e-01,-6.827765393846829678e-01,6.337922156273041452e-01,6.808052627542187096e-01,-3.254672853948591404e-01,-3.254801706520110138e-01,4.556122278744640930e-01,1.251021275142154554e-01,3.560618535802992368e-01,9.232560919655751208e-01,4.971232691021200134e-01,3.329397028569254791e-01,-3.722455968950046379e-01,-5.606805436723970582e-01,-8.758142852360929487e-01,-6.729342443771795246e-01,5.263346795392034316e-01,2.947440605384548662e-01,1.000000000000000000e+00,4.686947602830137116e-01,6.582739278547904416e-01,-1.231111261773107646e-01,5.425230097332812695e-01,8.928058735480009361e-03,-7.430894513784251920e-01,-3.290024774336968161e-01,4.760992399999999236e-01,-6.968136341259780764e-01,5.961907008231472904e-01,4.248675985958527690e-01,5.449114537096422239e-01,-5.074838754488396608e-01,-6.466408852987465261e-02,-6.648964789863982539e-01
-4.657286188734032772e-01,-3.709474362903690814e-01,-2.911437543661377081e-01,-6.645111026754663142e-02,1.275231364306302351e-01,-6.953066063705223288e-01,-1.693309518749639697e-01,2.677603544633955224e-02,4.912107449372338230e-01,-7.516684810230134239e-01,-5.698213612085647473e-01,3.744232005635805272e-01,-1.760213909315686553e-01,-3.992674880772754675e-01,4.598922938074226363e-01,-2.591337247614799444e-01,7.469956061453070228e-01,-9.584103544757671678e-01,3.389350411996286394e-01,-4.259179815251060708e-01,-2.152266302694476677e-02,-1.759610577377656027e-01,8.410276099269342609e-01,4.686947602830137116e-01,1.000000000000000000e+00,7.018826055117237672e-01,-5.347424019180928578e-01,9.525120912125644157e-01,5.717933528769875151e-02,-8.962014851670750959e-01,4.362949418823079684e-02,9.682094999999999452e-01,-5.364487853343943291e-01,9.942162818890702691e-03,8.246880791075719142e-01,3.484210658324526366e-01,-6.461712489628232969e-01,3.797938268370413817e-01,-9.076284630535397246e-02
-4.489990510563367510e-01,-1.388038771548469330e-01,1.757981317954630252e-01,-2.934225642035195869e-02,-2.297827150903704874e-01,-3.671874323990078071e-01,-1.766431254402836826e-01,5.504550365122602706e-02,5.491450432646183266e-01,-4.516273402633558254e-01,-3.159263535509623799e-01,3.247319235696854989e-01,2.004261138766344486e-01,-2.317813712117546554e-01,5.938375076062378799e-01,3.133519481277495800e-01,5.450320429655142185e-01,-6.541550971343340626e-01,-1.886812113907107569e-03,-5.443916002616731031e-01,-5.592005097730703284e-02,4.614747791592431758e-01,6.136666390651961400e-01,6.582739278547904416e-01,7.018826055117237672e-01,1.000000000000000000e+00,-2.861145359247365683e-01,6.878168395507180399e-01,5.303046226928188611e-01,-7.711540477465945731e-01,-2.552828259548862722e-01,6.928273199999999132e-01,-5.860162556902362985e-01,2.173815480618020157e-03,6.646517315287738814e-01,6.416001302253440119e-01,-7.000416940867684179e-01,2.264799270478791704e-01,-3.362713744740154498e-01
7.836340987994987461e-01,2.538060326902835673e-01,-1.788852191808390155e-02,-1.647073338054609315e-01,-6.132576367620174995e-01,-8.186933834420619116e-02,1.768335670312099761e-01,3.841876177881132781e-01,3.244523480161247697e-01,8.375946072621027749e-01,7.175623806592225096e-01,-8.262650202604719940e-01,3.379615127202640346e-01,1.415072089226762087e-01,1.102466375847962338e-01,6.076557285991733837e-01,-4.521697997095713156e-02,5.328569352787768665e-01,-4.082326572649950247e-01,-1.029059943811396899e-01,2.228065133992376268e-01,1.977479285475083060e-01,-8.450577880404419595e-02,-1.231111261773107646e-01,-5.347424019180928578e-01,-2.861145359247365683e-01,1.000000000000000000e+00,-4.406272405517020485e-01,1.285970751376929733e-01,3.649600358141681378e-01,-7.093112788133472124e-01,-3.907242199999999555e-01,-2.790644261437912332e-01,-5.743577873503520614e-02,-2.234046695321916243e-01,-4.484680832079185886e-01,7.611210916492645584e-01,-6.540539499533877255e-01,-6.106348006654866989e-01
-3.406735878784740712e-01,-4.466371244533477447e-01,-1.754969156640101002e-01,-1.742577755659512062e-01,-6.337433231824390889e-02,-7.865637476185642907e-01,-2.062603193592510153e-01,1.460358986140190274e-01,6.440013267258052343e-01,-6.583653789914747367e-01,-5.265564665327013838e-01,3.107503895563017982e-01,-1.014036910714135042e-01,-1.859450194219670893e-01,5.917039529421456168e-01,-1.690094771727615464e-01,6.357556783488474972e-01,-9.559473225388248618e-01,1.582684520446678289e-01,-5.850932435928247743e-01,-1.229064063438607135e-01,-1.865439963003499013e-01,8.634662200914170471e-01,5.425230097332812695e-01,9.525120912125644157e-01,6.878168395507180399e-01,-4.406272405517020485e-01,1.000000000000000000e+00,-2.310423317279203942e-02,-9.571808470942750890e-01,-8.122329439399185447e-02,9.837810399999999955e-01,-6.813215497242465224e-01,9.158650138371590699e-02,8.579060781594545215e-01,3.372048551785303272e-01,-6.478171608294293060e-01,3.226319817959095726e-01,-2.344749426057254893e-01
-4.477527305260373680e-01,6.617112998145083802e-01,1.639439064991414161e-02,1.626406474881710029e-01,-1.246600870609410605e-01,-9.881834019833906149e-03,5.463414207516958943e-01,-2.098207176342389846e-01,1.190983172531506762e-01,1.109262075790399399e-01,4.059562249967597070e-01,-2.586645448746187625e-01,6.241391712239265921e-01,-4.070352966225799229e-01,-7.411721961008389814e-02,3.771741337861579946e-01,2.978570314720186962e-01,-5.666727633820068527e-02,1.909854139216083935e-01,1.247941843370642678e-01,5.722608499565898788e-01,6.296623595182938571e-01,2.318892118322607998e-01,8.928058735480009361e-03,5.717933528769875151e-02,5.303046226928188611e-01,1.285970751376929733e-01,-2.310423317279203942e-02,1.000000000000000000e+00,-5.259661865982094564e-02,-3.909228263917776669e-01,6.478367999999989912e-02,-1.288730371964749710e-01,-5.896276730982292769e-01,3.056313655828278297e-01,4.592221784278833208e-01,-2.597523667313936246e-01,1.330628282386469262e-02,-1.321901647730886475e-01
2.575480656696224613e-01,5.360867104243229875e-01,-4.445530265744305348e-02,4.241732194134547468e-02,2.730682402257916253e-01,7.141774164532453950e-01,3.148417154953835895e-01,-3.318404682683756546e-01,-7.501994503373909939e-01,6.009348510643822694e-01,4.655430711658559151e-01,-3.412483950195934201e-01,-3.679742952514027804e-02,3.502591079543492664e-02,-7.524955485513410425e-01,-4.183836775264028474e-02,-6.252685957596340049e-01,8.808301901171602388e-01,3.743733269821204052e-02,7.293786206463552801e-01,2.646062390489318794e-01,-5.853890176756208763e-02,-7.982592924376628041e-01,-7.430894513784251920e-01,-8.962014851670750959e-01,-7.711540477465945731e-01,3.649600358141681378e-01,-9.571808470942750890e-01,-5.259661865982094564e-02,1.000000000000000000e+00,2.271557915226958269e-01,-9.320990399999999898e-01,7.831697499943583995e-01,-2.037550279127718356e-01,-8.524552688659404742e-01,-4.513410457812793708e-01,6.867276186198851828e-01,-2.216639039051771787e-01,4.270663702312068599e-01
-4.366821523604663136e-01,-7.718321587614020152e-02,-1.709442194932343506e-01,-5.223717678539380183e-03,8.461627832669017524e-01,4.312484943341393651e-01,-1.688965931321038949e-01,-5.763893762017547884e-01,-7.544387962633012368e-01,-5.217285993667253319e-01,-5.499164080046565761e-01,6.054050436543980673e-01,-5.991187236990719311e-01,-2.123757990494200276e-01,-5.136924107477516266e-01,-6.779115491296530127e-01,-2.351532525845075050e-01,-3.836812892443791645e-02,4.824544320579298162e-01,5.148237989375330503e-01,-1.021518276665339953e-01,-4.472614256860678594e-01,-3.377816017992585351e-01,-3.290024774336968161e-01,4.362949418823079684e-02,-2.552828259548862722e-01,-7.093112788133472124e-01,-8.122329439399185447e-02,-3.909228263917776669e-01,2.271557915226958269e-01,1.000000000000000000e+00,-1.133633600000000241e-01,7.259306897824704397e-01,4.580846650966004935e-02,-3.101466733899849726e-01,5.304785321041698143e-02,-1.775216567579260274e-01,3.998236030823278386e-01,8.536232808026824603e-01
-3.628035600000000249e-01,-3.492283800000000049e-01,-3.037146200000000462e-01,-1.413564400000000276e-01,-2.042171999999997656e-02,-8.271442799999999540e-01,-1.102910599999999963e-01,1.274616399999999317e-01,6.394514799999999610e-01,-6.221507399999999244e-01,-4.759419000000000288e-01,2.174360799999999205e-01,-8.897969999999999491e-02,-3.276558200000000420e-01,5.287293200000000581e-01,-1.945236200000000082e-01,7.398817399999999544e-01,-9.694447200000000375e-01,2.565811600000000858e-01,-5.069026199999999704e-01,1.667816000000010845e-02,-1.996646399999999488e-01,9.251811199999999680e-01,4.760992399999999236e-01,9.682094999999999452e-01,6.928273199999999132e-01,-3.907242199999999555e-01,9.837810399999999955e-01,6.478367999999989912e-02,-9.320990399999999898e-01,-1.133633600000000241e-01,1.000000000000000000e+00,-6.778392200000000756e-01,-1.105301999999996898e-02,8.913273399999999125e-01,2.967448399999998987e-01,-5.853796799999999578e-01,3.257101399999999813e-01,-2.305696799999999991e-01
-2.445097997543780877e-01,3.961437449098332841e-01,-9.481543559935991239e-02,9.322353223882251516e-02,7.339182386802213243e-01,7.809985433312229830e-01,1.929449500203895274e-01,-6.335154262144302439e-01,-9.982111657443804020e-01,3.234287786931099723e-02,-2.614835751383160975e-02,1.884066468585969822e-01,-3.110479726689283630e-01,-1.386687740171945182e-01,-8.548756063078980505e-01,-4.445429256548231733e-01,-5.587738502697154885e-01,5.326883363557993745e-01,3.769233318500680996e-01,8.494552505337865655e-01,1.583890323111119547e-01,-2.114000662058735658e-01,-7.365081067678374005e-01,-6.968136341259780764e-01,-5.364487853343943291e-01,-5.860162556902362985e-01,-2.790644261437912332e-01,-6.813215497242465224e-01,-1.288730371964749710e-01,7.831697499943583995e-01,7.259306897824704397e-01,-6.778392200000000756e-01,1.000000000000000000e+00,-1.904662108537745202e-01,-7.211388683280975931e-01,-1.946388081729047148e-01,2.294801359002767438e-01,1.894597683809511324e-01,8.564027161003950894e-01
4.564771419590246126e-01,-8.485771685690162158e-01,5.096365938715216037e-01,1.249505985134624630e-01,-3.101466343641944290e-01,1.189522226925346232e-01,-8.759889043446267287e-01,5.122885611981851106e-01,1.891613571404258121e-01,-1.052443359410255574e-01,-4.854255941593412782e-01,5.343288145590306959e-01,-3.952905812471449454e-01,4.981561458830083833e-01,5.879110038529163917e-01,2.387333448388160861e-01,-1.247884337785409997e-01,1.276529954520596588e-01,-6.444753106220868499e-01,-5.661002322038666268e-01,-8.789389902602368077e-01,1.064570074858358500e-01,-2.384000863782169688e-01,5.961907008231472904e-01,9.942162818890702691e-03,2.173815480618020157e-03,-5.743577873503520614e-02,9.158650138371590699e-02,-5.896276730982292769e-01,-2.037550279127718356e-01,4.580846650966004935e-02,-1.105301999999996898e-02,-1.904662108537745202e-01,1.000000000000000000e+00,-2.129162640315667987e-01,1.040262605246389666e-01,-2.198978928529826682e-03,-9.102341518640125195e-02,-3.025590808779151097e-01
-3.555377688477974751e-01,-1.506768185797811577e-01,-2.355339029954266195e-01,-1.580436547274188808e-03,-1.850872176520106105e-01,-8.332325131170571497e-01,1.658337156318795136e-01,1.463017229820204601e-01,6.935334959976033886e-01,-4.969219140393086320e-01,-1.192776043929152652e-01,-1.603225396980394526e-02,3.173207435219392858e-01,-2.631493374592167589e-01,4.593619291053128717e-01,-5.606141109736150624e-02,7.520090606923443000e-01,-8.630182561484364134e-01,2.508524160360060540e-01,-4.558220893633003756e-01,1.981891585658529797e-01,-1.218426865815585604e-02,9.053641547816587698e-01,4.248675985958527690e-01,8.246880791075719142e-01,6.646517315287738814e-01,-2.234046695321916243e-01,8.579060781594545215e-01,3.056313655828278297e-01,-8.524552688659404742e-01,-3.101466733899849726e-01,8.913273399999999125e-01,-7.211388683280975931e-01,-2.129162640315667987e-01,1.000000000000000000e+00,4.285784810464299821e-01,-5.858382516263084261e-01,6.754180449193628033e-02,-3.573291931536872190e-01
-5.294843812168701369e-01,-1.366357277750721855e-01,4.789243460377062833e-01,3.607977259000719195e-01,-1.222719925487572579e-01,3.330673855159507757e-02,-1.037304477536316466e-01,-6.051029608234909790e-02,1.627845867994566209e-01,-5.315923892023974862e-01,-1.340389219218713068e-01,5.183785340308243450e-01,4.237154304890814460e-01,2.385391315477473906e-02,3.220238933505871204e-01,2.483458076233055478e-01,2.550911263800389461e-01,-2.958994501819985357e-01,-5.980022993571541823e-02,-3.276638825285956291e-01,-1.765396884364523744e-01,5.972023536844600633e-01,1.375442817265690731e-01,5.449114537096422239e-01,3.484210658324526366e-01,6.416001302253440119e-01,-4.484680832079185886e-01,3.372048551785303272e-01,4.592221784278833208e-01,-4.513410457812793708e-01,5.304785321041698143e-02,2.967448399999998987e-01,-1.946388081729047148e-01,1.040262605246389666e-01,4.285784810464299821e-01,1.000000000000000000e+00,-7.885955014354980586e-01,1.588292064439655871e-02,-8.528642425649621273e-02
7.325875520335332070e-01,2.353427217052262710e-01,-3.282384589137264386e-01,-1.369470676755810135e-01,-6.380731092133115623e-02,1.672543739356956161e-01,1.054896755792299884e-01,1.519412535384971341e-01,-1.906525663492784073e-01,7.692813859690184053e-01,4.247013085358242734e-01,-6.495216724258358054e-01,-2.033180257205209618e-01,-4.526235913524986887e-02,-3.198612515072714046e-01,9.234639954907344905e-02,-2.116387246415843970e-01,6.579773657519286667e-01,-1.241749328477989300e-01,3.426789349171885379e-01,2.313205382710287195e-01,-2.636714689708025139e-01,-3.472535686078758177e-01,-5.074838754488396608e-01,-6.461712489628232969e-01,-7.000416940867684179e-01,7.611210916492645584e-01,-6.478171608294293060e-01,-2.597523667313936246e-01,6.867276186198851828e-01,-1.775216567579260274e-01,-5.853796799999999578e-01,2.294801359002767438e-01,-2.198978928529826682e-03,-5.858382516263084261e-01,-7.885955014354980586e-01,1.000000000000000000e+00,-3.872947111506416240e-01,-9.275610231766338865e-02
-6.482806898534450024e-01,3.289525196697365428e-02,-2.125531043870619030e-01,3.702012003161614384e-02,5.129325199787252432e-01,-2.215150805370839568e-02,-2.391585281703827517e-02,-2.314445363000953715e-01,-2.247429567004677331e-01,-2.894718420542816695e-01,-6.410031484066189833e-01,4.707051750145468394e-01,-5.004658762953790863e-01,-2.848145185710432292e-01,-1.655453608338565696e-01,-5.621486976970317961e-01,-3.414702451498920210e-02,-4.166594504834871260e-01,2.611343859049037874e-01,1.916068022348368094e-01,6.567101707132378362e-03,-2.755009500250026333e-01,1.738497549309133416e-01,-6.466408852987465261e-02,3.797938268370413817e-01,2.264799270478791704e-01,-6.540539499533877255e-01,3.226319817959095726e-01,1.330628282386469262e-02,-2.216639039051771787e-01,3.998236030823278386e-01,3.257101399999999813e-01,1.894597683809511324e-01,-9.102341518640125195e-02,6.754180449193628033e-02,1.588292064439655871e-02,-3.872947111506416240e-01,1.000000000000000000e+00,5.064481264514829606e-01
-5.766369445510690639e-01,3.482607919187167278e-01,-3.241871367822266037e-01,-5.543475266306463478e-02,9.349143145663024734e-01,4.365176493387320500e-01,2.575178993095902924e-01,-8.040788573523058869e-01,-8.766943086526058915e-01,-3.205473278385035929e-01,-3.116257253400521732e-01,3.438985271677169608e-01,-4.422939097957918619e-01,-3.536909425590928913e-01,-7.965873111481851510e-01,-7.265584489127211443e-01,-3.268052024378018672e-01,5.980567452135129858e-02,6.377745018641596264e-01,7.717138806025369835e-01,2.502668274470715160e-01,-4.617984428576183409e-01,-3.428994581104116701e-01,-6.648964789863982539e-01,-9.076284630535397246e-02,-3.362713744740154498e-01,-6.106348006654866989e-01,-2.344749426057254893e-01,-1.321901647730886475e-01,4.270663702312068599e-01,8.536232808026824603e-01,-2.305696799999999991e-01,8.564027161003950894e-01,-3.025590808779151097e-01,-3.573291931536872190e-01,-8.528642425649621273e-02,-9.275610231766338865e-02,5.064481264514829606e-01,1.000000000000000000e+00
