1.000000000000000000e+00,8.092504187380586411e-02,2.082839004724568732e-01,3.839150700499760482e-01,-7.274131504919430224e-02,-2.199415549682270932e-01,-6.014690452846956081e-02,2.882467642920268913e-01,1.303038490014647895e-02,1.455885344092309186e-01,-1.897436446679045818e-01,1.128244741236235776e-01,-4.255365754374005882e-01,-2.876436192815159387e-01,6.526382887809979438e-01,2.247366974088547409e-01,8.360222121659874328e-02,-1.850345009851292466e-01,6.737951910840128678e-02,5.506588997172052330e-02,-1.256614870899044889e-01,-3.917910764976924032e-01,-1.279098169343344804e-01,1.231495052072554691e-01,5.508307744165891195e-01,2.241718488642695795e-01,8.442776896777892670e-02,-5.270591113327922628e-01,4.739417723982646824e-01,1.702866874016062126e-01,5.829891213005637951e-01,-3.083750341572304987e-01,1.696834074208287968e-01,-2.024829605518703168e-01,1.360536000000001078e-01,5.732083491820963439e-02,3.233678893334927112e-02,6.940519144145405883e-02,-1.607185783452456940e-01
8.092504187380586411e-02,1.000000000000000000e+00,-4.054510366608226057e-01,-5.731636276661793844e-02,5.438491153789409144e-02,-1.181694860341103437e-01,5.838481841706156805e-01,7.824920127063150765e-02,-9.597115454246409882e-01,-8.930270229496432011e-01,-8.388514102890830548e-01,-6.846414184955479376e-02,-4.759185875268847621e-01,7.455995221332670786e-01,-3.225485081120457731e-01,-8.328199457673771677e-01,-8.938914863939638467e-02,-2.812288658085622672e-01,-7.498494466505261080e-01,8.306709098512703449e-01,-9.647331177509360645e-01,-8.342503687783497934e-01,-4.382086026494805275e-01,-2.195589189957866116e-01,3.285489727482782119e-01,8.661224470781905271e-01,7.980281197848371200e-02,-7.069678791013854768e-01,-3.036844910572910616e-01,-8.888168835828987868e-01,-4.496374506564151941e-01,4.583035783374069805e-01,-3.204827282895881813e-01,8.040608301884594189e-02,-6.299824800000000113e-01,-5.779793342683396951e-01,2.110274749311299158e-01,6.126486879869249558e-01,9.186053775308187230e-01
2.082839004724568732e-01,-4.054510366608226057e-01,1.000000000000000000e+00,4.080908418855812569e-01,-6.694812624959043390e-01,6.631087538201645426e-01,-6.769694763718803188e-01,-4.876030321966207670e-01,3.218981623313687535e-01,1.987001702571191686e-01,-2.476249749320703908e-02,8.595113163247238841e-01,4.523565641270307913e-01,-6.457874130242943211e-01,3.850368466200131817e-02,3.155391487988901678e-01,7.580110987578851933e-01,-6.211031095066182200e-02,4.630673925383731460e-01,-7.337237512376043602e-01,2.965309360451890974e-01,1.999574536427473903e-01,-4.261984820060926715e-02,8.268317411429636499e-01,-2.416424998700960128e-02,-2.394424974714231824e-01,6.040846661559144681e-02,-6.568538528906295304e-02,4.120330611225746509e-01,2.767316707630363970e-01,2.653072133091693985e-01,-1.328709714098929087e-02,-3.406344404996078934e-01,-7.893792354948144796e-01,8.124447999999999670e-01,8.423713003539271549e-01,-2.675387810201968475e-01,-1.244391238669116384e-01,-4.588353752762818760e-01
3.839150700499760482e-01,-5.731636276661793844e-02,4.080908418855812569e-01,1.000000000000000000e+00,-7.227109648500583405e-02,-1.652388220131738306e-01,-1.780454954541478563e-01,4.233435485466687798e-01,1.409703510016988570e-01,1.832693234522666526e-01,-3.254448966186406222e-01,2.170486238887311126e-01,3.817895472259693057e-01,-9.404179438972751215e-02,3.551886297882149157e-01,3.357864898789624242e-01,4.358401218297120600e-02,-2.930658074025675464e-01,-2.485958399911625816e-01,-9.626555982437617898e-02,1.081029255074568429e-01,2.379573913152610021e-01,3.804059386021418909e-01,1.597258664165648323e-01,4.219195210976098287e-01,3.321238071764917033e-01,-2.632103811198330257e-01,-3.238044214293007150e-01,5.774027256533597052e-01,2.505486593319612987e-01,1.547981952308214171e-01,3.216291905524552158e-02,1.180163743414952143e-01,-1.980600337055701265e-01,1.988658199999999709e-01,1.477316369300767374e-01,3.508881879667501980e-01,-1.084559722989342501e-01,-2.299901932068591226e-01
-7.274131504919430224e-02,5.438491153789409144e-02,-6.694812624959043390e-01,-7.227109648500583405e-02,1.000000000000000000e+00,-8.027710150741502737e-01,1.329284108230005812e-01,6.343330869785890336e-01,-9.408774669608288913e-03,5.443985253222805021e-02,2.366020374327367226e-01,-6.645547647669535207e-01,-7.985772402366420053e-02,4.368603961187663143e-01,1.587380142752065626e-01,2.312331517755346344e-02,-6.720126309514941054e-01,-9.226853008006383194e-02,-4.921416829482769262e-01,5.447958525898256577e-01,-5.904370704127628877e-02,1.643018714000344382e-01,2.729181444967888615e-01,-9.005836632408397158e-01,-3.099173574166190215e-01,5.240499039125484648e-02,-2.551750923536080795e-01,2.586114252488246890e-01,-1.413377841691171866e-01,-2.757283445510264400e-02,-1.143726913991624100e-01,3.074150737747395334e-01,4.852300956512742292e-01,8.716770002050625576e-01,-7.481851400000000263e-01,-7.820458799734102406e-01,6.757541797157460284e-01,3.047373730726321006e-01,2.174926253330562997e-01
-2.199415549682270932e-01,-1.181694860341103437e-01,6.631087538201645426e-01,-1.652388220131738306e-01,-8.027710150741502737e-01,1.000000000000000000e+00,-2.810135236761014399e-01,-8.141349791455153584e-01,-2.853344762997634537e-02,-1.423190597964611448e-01,-1.542015913979402075e-01,7.856870065479302223e-01,3.555675611281831072e-01,-4.567191226299339157e-01,-3.689867217194253701e-01,-1.381588098318525248e-01,8.374329577747731124e-01,3.021011830525119901e-01,4.518651323179866397e-01,-5.854788937194637111e-01,2.734549010861270224e-02,-5.788855785716207070e-02,-2.335991957862584567e-01,8.757392206998481088e-01,-5.579931615683458163e-02,-2.075801408414781057e-01,2.919475622012649429e-01,-7.748037943292718221e-02,5.188723628801340804e-02,-5.951582204708907864e-02,2.528705054791041684e-02,5.492623075750419082e-02,-5.603536555230257399e-01,-8.492803663754471266e-01,7.024837799999998911e-01,7.794574672110593516e-01,-5.075329797325610626e-01,-8.802192320570874362e-02,-1.398197433971805348e-01
-6.014690452846956081e-02,5.838481841706156805e-01,-6.769694763718803188e-01,-1.780454954541478563e-01,1.329284108230005812e-01,-2.810135236761014399e-01,1.000000000000000000e+00,1.207185893185994813e-01,-5.082952511968069631e-01,-4.190051748502899853e-01,-3.731829993917962773e-01,-5.662017329645842034e-01,-3.517407830010836900e-01,5.718097534530863779e-01,-2.661669282127713254e-01,-5.771330648440869959e-01,-3.650363267341400486e-01,3.250021780312729591e-01,-4.626648935104988869e-01,5.651630054036909101e-01,-4.217480377973713557e-01,-3.546903864170725673e-01,1.477658354663924090e-01,-3.311456075504439767e-01,3.543819619751175098e-01,3.549328385443169531e-01,1.188752280145066592e-01,-3.412329058838987073e-01,-4.871321145507053751e-01,-4.276876120992529340e-01,-4.004977124457706483e-01,-5.816776470715392944e-02,-2.041875773296701335e-01,3.259426551062455379e-01,-4.932835399999999648e-01,-4.957947531487871817e-01,1.460459967191330977e-01,-1.354539582456306124e-01,5.300876552119481167e-01
2.882467642920268913e-01,7.824920127063150765e-02,-4.876030321966207670e-01,4.233435485466687798e-01,6.343330869785890336e-01,-8.141349791455153584e-01,1.207185893185994813e-01,1.000000000000000000e+00,8.603188507746732661e-02,2.935148574469949034e-01,1.631598877220577504e-02,-6.354920410303998013e-01,-2.197728070286903423e-01,2.465187238653111512e-01,6.232716878863394649e-01,3.641926162418988588e-01,-7.785721182725854339e-01,-3.726866742701431257e-01,-3.835463792318954401e-01,4.849585243863491768e-01,9.924631785503790216e-03,8.086022881375259930e-02,2.801430328104246859e-01,-6.816723731347396065e-01,3.994819004436037657e-01,3.834624958616732471e-01,-4.780454407094357760e-01,-1.052355801489385512e-01,4.221913701748180037e-01,2.621963008275451368e-01,2.860852864126135486e-01,-1.621564832885393492e-01,7.896711348706559885e-01,6.023142618687877814e-01,-4.859748200000000296e-01,-6.055478420668221062e-01,4.128001613064093966e-01,4.496265817048256813e-02,-6.291652264193316191e-02
1.303038490014647895e-02,-9.597115454246409882e-01,3.218981623313687535e-01,1.409703510016988570e-01,-9.408774669608288913e-03,-2.853344762997634537e-02,-5.082952511968069631e-01,8.603188507746732661e-02,1.000000000000000000e+00,9.493698981097692391e-01,7.859801137980785279e-01,-5.742432815705562910e-02,4.160374765912054906e-01,-7.290990170946399784e-01,4.952429477262124680e-01,8.849467499773286949e-01,-3.685225925517519874e-02,1.616833276579645318e-01,7.273836408878978643e-01,-7.482809903917722050e-01,9.480465022301066691e-01,8.013542198989166421e-01,4.142464554575862601e-01,1.377190109975921506e-01,-1.542311899957642951e-01,-7.906894591341047107e-01,-5.264631180984585129e-02,6.084369693245464950e-01,4.100047018117310427e-01,9.341970694062384784e-01,5.574057030994694628e-01,-5.665502627893037602e-01,4.550519124609280763e-01,-3.208376080438420791e-02,5.748995400000000977e-01,4.921929650475073137e-01,-1.254459331358742102e-01,-6.844393142288462961e-01,-9.373282936298248380e-01
1.455885344092309186e-01,-8.930270229496432011e-01,1.987001702571191686e-01,1.832693234522666526e-01,5.443985253222805021e-02,-1.423190597964611448e-01,-4.190051748502899853e-01,2.935148574469949034e-01,9.493698981097692391e-01,1.000000000000000000e+00,7.568284963212148497e-01,-1.975157694512785500e-01,2.507945326643411521e-01,-6.989452418532696720e-01,6.477645912735452427e-01,9.525433688503944785e-01,-1.971917400157883749e-01,1.651279773434578546e-01,6.719822191848181525e-01,-6.258250951892921909e-01,9.107743989042831334e-01,7.210354370555007719e-01,4.634155409723500485e-01,3.821709215666119208e-02,4.177571004907576491e-02,-6.522861963210170311e-01,-2.113576251348937562e-01,5.219454502741887048e-01,5.262666408094046622e-01,9.906304019713815245e-01,6.717925816264327388e-01,-6.853321916867820551e-01,6.291364148909590615e-01,4.876080998812115652e-02,4.994692000000000576e-01,3.836115072944181192e-01,-1.728549244698386333e-01,-6.785090396136163049e-01,-9.509537660215072741e-01
-1.897436446679045818e-01,-8.388514102890830548e-01,-2.476249749320703908e-02,-3.254448966186406222e-01,2.366020374327367226e-01,-1.542015913979402075e-01,-3.731829993917962773e-01,1.631598877220577504e-02,7.859801137980785279e-01,7.568284963212148497e-01,1.000000000000000000e+00,-2.964773172395756551e-01,1.127501178061550702e-01,-4.509638404799325984e-01,2.061010080078350681e-01,6.445374650056321375e-01,-2.384312551598859187e-01,2.752344924768245771e-01,5.990897863564806913e-01,-5.005966287339252974e-01,8.209119454307646224e-01,6.800278049554850934e-01,3.630035969628546688e-01,-1.856644433271188999e-01,-5.142430957187249518e-01,-8.419405884654650452e-01,-1.096645693729257215e-01,8.449133960870155446e-01,-4.603151659818097846e-02,6.999539271535016871e-01,2.654351857031685413e-01,-4.200873698239921405e-01,4.339209408862300110e-01,3.357782197467388263e-01,2.235830999999999236e-01,1.806781372768309635e-01,-2.376123695074443820e-01,-4.303367571293762461e-01,-6.653762715595480381e-01
1.128244741236235776e-01,-6.846414184955479376e-02,8.595113163247238841e-01,2.170486238887311126e-01,-6.645547647669535207e-01,7.856870065479302223e-01,-5.662017329645842034e-01,-6.354920410303998013e-01,-5.742432815705562910e-02,-1.975157694512785500e-01,-2.964773172395756551e-01,1.000000000000000000e+00,3.895236432811045035e-01,-4.313558891369373982e-01,-1.956193878957075694e-01,-6.913646316899191291e-02,9.143927936263400724e-01,-6.747460682387415587e-02,2.714228881941629923e-01,-5.138391730581666206e-01,-8.068885949645546174e-02,-1.245579357629798128e-01,-3.435644344807274875e-01,8.455201925420641196e-01,-9.071100946189103453e-02,-3.984736181419278739e-02,2.991313967680551689e-01,-2.300010590604354421e-01,2.325906444684388008e-01,-1.132243104697108621e-01,7.113080769342404464e-02,2.800652309055020606e-01,-5.476603146925312915e-01,-8.621057524616601020e-01,6.448887199999999709e-01,7.248479688454617653e-01,-2.213077054799508780e-01,2.034649766487900135e-01,-9.209515523136167781e-02
-4.255365754374005882e-01,-4.759185875268847621e-01,4.523565641270307913e-01,3.817895472259693057e-01,-7.985772402366420053e-02,3.555675611281831072e-01,-3.517407830010836900e-01,-2.197728070286903423e-01,4.160374765912054906e-01,2.507945326643411521e-01,1.127501178061550702e-01,3.895236432811045035e-01,1.000000000000000000e+00,-3.419497762103729244e-01,-1.399780854013481235e-01,2.315539029990337783e-01,4.070802515365851137e-01,2.501629849490185631e-01,1.192364535253929991e-01,-5.533356457029814379e-01,4.255988520164240008e-01,6.854046382212148902e-01,4.658026109591579256e-01,3.430579330664524917e-01,-3.092958331212435352e-01,-3.846987422105783705e-01,1.096290101690132190e-01,2.841659035138452971e-01,2.091702922661191066e-01,3.030644371111060331e-01,-5.283313890742561553e-02,2.850518431705757472e-01,-1.437652281075173510e-01,-2.939434039468379334e-01,4.365205000000000890e-01,4.667954695768814499e-01,3.344627729967195040e-01,-2.883502036155556336e-01,-3.572135491269685104e-01
-2.876436192815159387e-01,7.455995221332670786e-01,-6.457874130242943211e-01,-9.404179438972751215e-02,4.368603961187663143e-01,-4.567191226299339157e-01,5.718097534530863779e-01,2.465187238653111512e-01,-7.290990170946399784e-01,-6.989452418532696720e-01,-4.509638404799325984e-01,-4.313558891369373982e-01,-3.419497762103729244e-01,1.000000000000000000e+00,-5.012213057842774822e-01,-6.678869393893696049e-01,-4.748002718976420677e-01,-2.310631646365419178e-01,-8.461356031913900289e-01,8.407990890227543535e-01,-6.363516218702219840e-01,-3.535448996831784263e-01,-1.042044672176283826e-01,-6.215498114274975450e-01,-8.841388710322832523e-02,6.376408707757813543e-01,-2.278975928022118069e-01,-1.485015895255133167e-01,-5.736629186751949216e-01,-7.460682376659527604e-01,-7.650928738107992677e-01,5.083389641262295866e-01,-1.767628213665145553e-01,5.741950708192785635e-01,-8.612422800000000267e-01,-8.032752299106370453e-01,3.263689450939896708e-01,5.031590267577115139e-01,8.437946566005712912e-01
6.526382887809979438e-01,-3.225485081120457731e-01,3.850368466200131817e-02,3.551886297882149157e-01,1.587380142752065626e-01,-3.689867217194253701e-01,-2.661669282127713254e-01,6.232716878863394649e-01,4.952429477262124680e-01,6.477645912735452427e-01,2.061010080078350681e-01,-1.956193878957075694e-01,-1.399780854013481235e-01,-5.012213057842774822e-01,1.000000000000000000e+00,6.991515665920380318e-01,-2.476704607986922047e-01,-2.241896928878519268e-01,2.842629952378433744e-01,-8.480779645776807818e-02,2.910581069643511931e-01,7.536741450833668587e-02,9.247151189100331903e-02,-1.091265047165514146e-01,5.232706294330963237e-01,-3.463864918495688366e-02,-6.964764464973374758e-02,-1.444232887744590355e-01,8.138107193813993723e-01,6.401907446283859882e-01,8.941663481304509276e-01,-5.234772342307497661e-01,7.694911834653077598e-01,1.088492577968007066e-02,1.684459400000000162e-01,2.095552100282762828e-02,1.146169337141219324e-01,-2.372392656423708834e-01,-5.614353753882931342e-01
2.247366974088547409e-01,-8.328199457673771677e-01,3.155391487988901678e-01,3.357864898789624242e-01,2.312331517755346344e-02,-1.381588098318525248e-01,-5.771330648440869959e-01,3.641926162418988588e-01,8.849467499773286949e-01,9.525433688503944785e-01,6.445374650056321375e-01,-6.913646316899191291e-02,2.315539029990337783e-01,-6.678869393893696049e-01,6.991515665920380318e-01,1.000000000000000000e+00,-1.588291623289098120e-01,-1.409086471491736298e-02,5.957853061245184101e-01,-5.841344541628771259e-01,8.362942785182111427e-01,6.621320426387948821e-01,3.745071211999129734e-01,7.015398688271706762e-02,8.519646551096629605e-02,-4.895650191992372280e-01,-3.346945180489577787e-01,4.564018937747254534e-01,6.690560492104066226e-01,9.504194992827058597e-01,6.911567236270449444e-01,-5.984083230670167453e-01,6.564965682657896151e-01,-1.828574494678995507e-02,4.989244399999999136e-01,3.849782303862294142e-01,-1.767889984731755293e-01,-5.241856252160119745e-01,-9.255125177145452353e-01
8.360222121659874328e-02,-8.938914863939638467e-02,7.580110987578851933e-01,4.358401218297120600e-02,-6.720126309514941054e-01,8.374329577747731124e-01,-3.650363267341400486e-01,-7.785721182725854339e-01,-3.685225925517519874e-02,-1.971917400157883749e-01,-2.384312551598859187e-01,9.143927936263400724e-01,4.070802515365851137e-01,-4.748002718976420677e-01,-2.476704607986922047e-01,-1.588291623289098120e-01,1.000000000000000000e+00,2.496199944269588133e-01,3.319371751255649761e-01,-5.454728804951497478e-01,-6.045068841352245481e-02,-1.239469165520441229e-01,-2.657093836782348784e-01,8.590196661059635863e-01,-1.179676729748813518e-01,-1.915443693887547982e-01,4.834253711863910619e-01,-1.805741058257893106e-01,1.046209329291563073e-01,-1.209694716479049054e-01,6.582465264269291016e-02,2.334448268889280365e-01,-6.358079644306713352e-01,-8.747134333480937052e-01,6.615665799999999042e-01,7.446865542672482796e-01,-1.926359375429801124e-01,5.188092772158908739e-02,-8.594741165127109395e-02
-1.850345009851292466e-01,-2.812288658085622672e-01,-6.211031095066182200e-02,-2.930658074025675464e-01,-9.226853008006383194e-02,3.021011830525119901e-01,3.250021780312729591e-01,-3.726866742701431257e-01,1.616833276579645318e-01,1.651279773434578546e-01,2.752344924768245771e-01,-6.747460682387415587e-02,2.501629849490185631e-01,-2.310631646365419178e-01,-2.241896928878519268e-01,-1.409086471491736298e-02,2.496199944269588133e-01,1.000000000000000000e+00,2.344655827300549666e-01,-3.223963446024899482e-01,2.970465314098250653e-01,2.789133509783611187e-01,4.894541442106701279e-01,1.811163453018655445e-01,-1.650663772565888754e-01,-4.870043384944415799e-01,1.534776055270934414e-01,3.096088865592364625e-01,-2.311408883831417849e-01,1.891853192672099671e-01,-4.985234506335904647e-02,-1.283257170572461303e-01,-2.645250704903574501e-01,-8.943629643228119541e-02,2.540508599999999895e-01,2.679345720719129575e-01,-1.066272120874520030e-01,-4.477079402999320501e-01,-2.003877190231392602e-01
6.737951910840128678e-02,-7.498494466505261080e-01,4.630673925383731460e-01,-2.485958399911625816e-01,-4.921416829482769262e-01,4.518651323179866397e-01,-4.626648935104988869e-01,-3.835463792318954401e-01,7.273836408878978643e-01,6.719822191848181525e-01,5.990897863564806913e-01,2.714228881941629923e-01,1.192364535253929991e-01,-8.461356031913900289e-01,2.842629952378433744e-01,5.957853061245184101e-01,3.319371751255649761e-01,2.344655827300549666e-01,1.000000000000000000e+00,-8.410041838865144337e-01,7.002487724336273756e-01,3.377825039138595553e-01,-1.025862691753974959e-01,5.596022768678411419e-01,-4.354506680560296661e-02,-7.573619788692181887e-01,2.152164307615236083e-01,3.794107966106649021e-01,2.615879060357369501e-01,6.818697357442742302e-01,5.836118778156351716e-01,-6.901026484587140519e-01,1.015503793342513450e-01,-4.573358097124387567e-01,8.076212799999999969e-01,7.677919156011490109e-01,-6.345799300609876736e-01,-5.869822599499987525e-01,-7.955827735781454413e-01
5.506588997172052330e-02,8.306709098512703449e-01,-7.337237512376043602e-01,-9.626555982437617898e-02,5.447958525898256577e-01,-5.854788937194637111e-01,5.651630054036909101e-01,4.849585243863491768e-01,-7.482809903917722050e-01,-6.258250951892921909e-01,-5.005966287339252974e-01,-5.138391730581666206e-01,-5.533356457029814379e-01,8.407990890227543535e-01,-8.480779645776807818e-02,-5.841344541628771259e-01,-5.454728804951497478e-01,-3.223963446024899482e-01,-8.410041838865144337e-01,1.000000000000000000e+00,-7.787255015176731687e-01,-5.988576518277871630e-01,-1.988302200748830462e-01,-7.157158944910492204e-01,1.866239796032380105e-01,7.618261562540620258e-01,-1.485468763036671969e-01,-4.137803412999479513e-01,-2.728096705417074053e-01,-6.758252277345747627e-01,-3.667594832752271716e-01,4.080175675428135418e-01,1.214108505861302145e-01,5.797204637719297615e-01,-9.321050800000000303e-01,-9.276704568311610055e-01,4.304250845527408109e-01,6.011807517597959061e-01,8.150753585576618887e-01
-1.256614870899044889e-01,-9.647331177509360645e-01,2.965309360451890974e-01,1.081029255074568429e-01,-5.904370704127628877e-02,2.734549010861270224e-02,-4.217480377973713557e-01,9.924631785503790216e-03,9.480465022301066691e-01,9.107743989042831334e-01,8.209119454307646224e-01,-8.068885949645546174e-02,4.255988520164240008e-01,-6.363516218702219840e-01,2.910581069643511931e-01,8.362942785182111427e-01,-6.045068841352245481e-02,2.970465314098250653e-01,7.002487724336273756e-01,-7.787255015176731687e-01,1.000000000000000000e+00,8.760200860685323221e-01,5.262444904249077293e-01,1.558800732492292840e-01,-2.287731382920376033e-01,-8.069767980508525396e-01,-1.756773186781559748e-01,7.196091003194510227e-01,2.459225744789454993e-01,9.058990517108719276e-01,3.637603259319449056e-01,-5.711910236226344084e-01,3.429680128915692516e-01,3.844577731162215906e-03,5.810661599999999982e-01,5.175783687982901116e-01,-2.623197822333691587e-01,-7.319389962943163574e-01,-9.114120085090229306e-01
-3.917910764976924032e-01,-8.342503687783497934e-01,1.999574536427473903e-01,2.379573913152610021e-01,1.643018714000344382e-01,-5.788855785716207070e-02,-3.546903864170725673e-01,8.086022881375259930e-02,8.013542198989166421e-01,7.210354370555007719e-01,6.800278049554850934e-01,-1.245579357629798128e-01,6.854046382212148902e-01,-3.535448996831784263e-01,7.536741450833668587e-02,6.621320426387948821e-01,-1.239469165520441229e-01,2.789133509783611187e-01,3.377825039138595553e-01,-5.988576518277871630e-01,8.760200860685323221e-01,1.000000000000000000e+00,7.095610391253855953e-01,-2.818120788984704306e-02,-3.998440494156114688e-01,-6.647034268062297357e-01,-2.649404776038820630e-01,7.539647789599036587e-01,1.380823407791818558e-01,7.148948638072135653e-01,5.698786773933565281e-02,-1.820917361903703902e-01,2.710665152180570803e-01,1.716422149230584504e-01,3.415863999999999567e-01,3.097285755357163106e-01,8.610111805867232126e-02,-5.754778451134177075e-01,-6.869779846507541032e-01
-1.279098169343344804e-01,-4.382086026494805275e-01,-4.261984820060926715e-02,3.804059386021418909e-01,2.729181444967888615e-01,-2.335991957862584567e-01,1.477658354663924090e-01,2.801430328104246859e-01,4.142464554575862601e-01,4.634155409723500485e-01,3.630035969628546688e-01,-3.435644344807274875e-01,4.658026109591579256e-01,-1.042044672176283826e-01,9.247151189100331903e-02,3.745071211999129734e-01,-2.657093836782348784e-01,4.894541442106701279e-01,-1.025862691753974959e-01,-1.988302200748830462e-01,5.262444904249077293e-01,7.095610391253855953e-01,1.000000000000000000e+00,-2.092601364874893122e-01,-7.318833521330743441e-02,-2.873208041677266511e-01,-3.299980252925377444e-01,3.407808274537827420e-01,7.901764552136199271e-02,4.862662464513760052e-01,-3.682030838262036893e-02,-7.987620027860514726e-02,2.143939932051961983e-01,3.176590015717922211e-01,4.572607999999989126e-02,-2.374922914234184682e-03,3.019674161677672886e-01,-4.893633572998770109e-01,-3.770097232665205467e-01
1.231495052072554691e-01,-2.195589189957866116e-01,8.268317411429636499e-01,1.597258664165648323e-01,-9.005836632408397158e-01,8.757392206998481088e-01,-3.311456075504439767e-01,-6.816723731347396065e-01,1.377190109975921506e-01,3.821709215666119208e-02,-1.856644433271188999e-01,8.455201925420641196e-01,3.430579330664524917e-01,-6.215498114274975450e-01,-1.091265047165514146e-01,7.015398688271706762e-02,8.590196661059635863e-01,1.811163453018655445e-01,5.596022768678411419e-01,-7.157158944910492204e-01,1.558800732492292840e-01,-2.818120788984704306e-02,-2.092601364874893122e-01,1.000000000000000000e+00,1.762204899140628611e-01,-2.092265500590544391e-01,3.319064095580954721e-01,-2.139594634554243258e-01,2.549632562948638270e-01,1.359374755711059146e-01,2.213767903468484288e-01,-1.798883251228673708e-01,-5.162808624598531626e-01,-9.649631057105713117e-01,8.827163000000000093e-01,9.223626062927696712e-01,-4.956786514999894644e-01,-2.640787924234186956e-01,-3.409610324645555579e-01
5.508307744165891195e-01,3.285489727482782119e-01,-2.416424998700960128e-02,4.219195210976098287e-01,-3.099173574166190215e-01,-5.579931615683458163e-02,3.543819619751175098e-01,3.994819004436037657e-01,-1.542311899957642951e-01,4.177571004907576491e-02,-5.142430957187249518e-01,-9.071100946189103453e-02,-3.092958331212435352e-01,-8.841388710322832523e-02,5.232706294330963237e-01,8.519646551096629605e-02,-1.179676729748813518e-01,-1.650663772565888754e-01,-4.354506680560296661e-02,1.866239796032380105e-01,-2.287731382920376033e-01,-3.998440494156114688e-01,-7.318833521330743441e-02,1.762204899140628611e-01,1.000000000000000000e+00,5.339420387721407479e-01,-6.230973460894309590e-02,-7.160566723286903024e-01,5.429115070707115631e-01,9.789098280956151643e-02,4.592176678334453088e-01,-4.762267902409872966e-01,2.300516859994361785e-01,-2.877028725583354873e-01,1.165104800000000829e-01,1.619220680279614619e-02,-1.090489168675670695e-01,-2.267351520033712153e-01,-6.061331929092560189e-02
2.241718488642695795e-01,8.661224470781905271e-01,-2.394424974714231824e-01,3.321238071764917033e-01,5.240499039125484648e-02,-2.075801408414781057e-01,3.549328385443169531e-01,3.834624958616732471e-01,-7.906894591341047107e-01,-6.522861963210170311e-01,-8.419405884654650452e-01,-3.984736181419278739e-02,-3.846987422105783705e-01,6.376408707757813543e-01,-3.463864918495688366e-02,-4.895650191992372280e-01,-1.915443693887547982e-01,-4.870043384944415799e-01,-7.573619788692181887e-01,7.618261562540620258e-01,-8.069767980508525396e-01,-6.647034268062297357e-01,-2.873208041677266511e-01,-2.092265500590544391e-01,5.339420387721407479e-01,1.000000000000000000e+00,-2.422926072006797715e-01,-7.244493017727458017e-01,9.658846706284840433e-02,-6.272434893319599469e-01,-2.377346135370720648e-01,3.546322368004954373e-01,-3.250336163398597628e-02,4.499665252263224113e-02,-5.234809200000000162e-01,-5.185725249781635293e-01,2.168456905715732130e-01,5.671520167828495440e-01,6.795726486131395960e-01
8.442776896777892670e-02,7.980281197848371200e-02,6.040846661559144681e-02,-2.632103811198330257e-01,-2.551750923536080795e-01,2.919475622012649429e-01,1.188752280145066592e-01,-4.780454407094357760e-01,-5.264631180984585129e-02,-2.113576251348937562e-01,-1.096645693729257215e-01,2.991313967680551689e-01,1.096290101690132190e-01,-2.278975928022118069e-01,-6.964764464973374758e-02,-3.346945180489577787e-01,4.834253711863910619e-01,1.534776055270934414e-01,2.152164307615236083e-01,-1.485468763036671969e-01,-1.756773186781559748e-01,-2.649404776038820630e-01,-3.299980252925377444e-01,3.319064095580954721e-01,-6.230973460894309590e-02,-2.422926072006797715e-01,1.000000000000000000e+00,-2.025546101807664257e-01,-1.838821712955535648e-01,-2.051258926824671702e-01,5.422567233914643570e-02,5.820194549476868234e-02,-3.462762186129220709e-01,-3.696133765477973010e-01,1.955556199999999301e-01,2.386063793686957479e-01,7.281184294191815620e-02,-2.824622658454869692e-02,1.192084124327839195e-01
-5.270591113327922628e-01,-7.069678791013854768e-01,-6.568538528906295304e-02,-3.238044214293007150e-01,2.586114252488246890e-01,-7.748037943292718221e-02,-3.412329058838987073e-01,-1.052355801489385512e-01,6.084369693245464950e-01,5.219454502741887048e-01,8.449133960870155446e-01,-2.300010590604354421e-01,2.841659035138452971e-01,-1.485015895255133167e-01,-1.444232887744590355e-01,4.564018937747254534e-01,-1.805741058257893106e-01,3.096088865592364625e-01,3.794107966106649021e-01,-4.137803412999479513e-01,7.196091003194510227e-01,7.539647789599036587e-01,3.407808274537827420e-01,-2.139594634554243258e-01,-7.160566723286903024e-01,-7.244493017727458017e-01,-2.025546101807664257e-01,1.000000000000000000e+00,-2.312512972191801963e-01,4.583515468730917086e-01,-1.213464529557414240e-01,-1.238283757125800272e-01,2.247640991027855528e-01,3.517171232663505176e-01,1.028159399999999390e-01,1.125769040308583768e-01,-1.765302959578395614e-01,-2.947944970597747849e-01,-4.487645234134308714e-01
4.739417723982646824e-01,-3.036844910572910616e-01,4.120330611225746509e-01,5.774027256533597052e-01,-1.413377841691171866e-01,5.188723628801340804e-02,-4.871321145507053751e-01,4.221913701748180037e-01,4.100047018117310427e-01,5.262666408094046622e-01,-4.603151659818097846e-02,2.325906444684388008e-01,2.091702922661191066e-01,-5.736629186751949216e-01,8.138107193813993723e-01,6.690560492104066226e-01,1.046209329291563073e-01,-2.311408883831417849e-01,2.615879060357369501e-01,-2.728096705417074053e-01,2.459225744789454993e-01,1.380823407791818558e-01,7.901764552136199271e-02,2.549632562948638270e-01,5.429115070707115631e-01,9.658846706284840433e-02,-1.838821712955535648e-01,-2.312512972191801963e-01,1.000000000000000000e+00,5.744482558415430207e-01,8.164672863636492917e-01,-2.975012577646329870e-01,5.528474514622615521e-01,-3.732891415927394041e-01,4.267976600000000786e-01,3.166458933330187908e-01,5.120457945397720312e-02,-1.626775759091823592e-01,-5.729706457974416134e-01
1.702866874016062126e-01,-8.888168835828987868e-01,2.767316707630363970e-01,2.505486593319612987e-01,-2.757283445510264400e-02,-5.951582204708907864e-02,-4.276876120992529340e-01,2.621963008275451368e-01,9.341970694062384784e-01,9.906304019713815245e-01,6.999539271535016871e-01,-1.132243104697108621e-01,3.030644371111060331e-01,-7.460682376659527604e-01,6.401907446283859882e-01,9.504194992827058597e-01,-1.209694716479049054e-01,1.891853192672099671e-01,6.818697357442742302e-01,-6.758252277345747627e-01,9.058990517108719276e-01,7.148948638072135653e-01,4.862662464513760052e-01,1.359374755711059146e-01,9.789098280956151643e-02,-6.272434893319599469e-01,-2.051258926824671702e-01,4.583515468730917086e-01,5.744482558415430207e-01,1.000000000000000000e+00,6.889871913371653500e-01,-6.848992905461644964e-01,5.840773272061163812e-01,-4.662515047143586666e-02,5.773439799999999789e-01,4.631423242730531853e-01,-1.977945789049477543e-01,-6.962418981724017852e-01,-9.721514505542405704e-01
5.829891213005637951e-01,-4.496374506564151941e-01,2.653072133091693985e-01,1.547981952308214171e-01,-1.143726913991624100e-01,2.528705054791041684e-02,-4.004977124457706483e-01,2.860852864126135486e-01,5.574057030994694628e-01,6.717925816264327388e-01,2.654351857031685413e-01,7.113080769342404464e-02,-5.283313890742561553e-02,-7.650928738107992677e-01,8.941663481304509276e-01,6.911567236270449444e-01,6.582465264269291016e-02,-4.985234506335904647e-02,5.836118778156351716e-01,-3.667594832752271716e-01,3.637603259319449056e-01,5.698786773933565281e-02,-3.682030838262036893e-02,2.213767903468484288e-01,4.592176678334453088e-01,-2.377346135370720648e-01,5.422567233914643570e-02,-1.213464529557414240e-01,8.164672863636492917e-01,6.889871913371653500e-01,1.000000000000000000e+00,-5.845395503711136032e-01,5.929386887651862947e-01,-2.904922336826680773e-01,4.719356400000001006e-01,3.469442507507343176e-01,-1.333930204729985858e-01,-3.132900303024743760e-01,-6.843950178148335839e-01
-3.083750341572304987e-01,4.583035783374069805e-01,-1.328709714098929087e-02,3.216291905524552158e-02,3.074150737747395334e-01,5.492623075750419082e-02,-5.816776470715392944e-02,-1.621564832885393492e-01,-5.665502627893037602e-01,-6.853321916867820551e-01,-4.200873698239921405e-01,2.800652309055020606e-01,2.850518431705757472e-01,5.083389641262295866e-01,-5.234772342307497661e-01,-5.984083230670167453e-01,2.334448268889280365e-01,-1.283257170572461303e-01,-6.901026484587140519e-01,4.080175675428135418e-01,-5.711910236226344084e-01,-1.820917361903703902e-01,-7.987620027860514726e-02,-1.798883251228673708e-01,-4.762267902409872966e-01,3.546322368004954373e-01,5.820194549476868234e-02,-1.238283757125800272e-01,-2.975012577646329870e-01,-6.848992905461644964e-01,-5.845395503711136032e-01,1.000000000000000000e+00,-3.941599518647843636e-01,1.026208858930771767e-01,-4.575884599999999747e-01,-3.435756643131120946e-01,5.810936463225272464e-01,7.318690095210120816e-01,6.720165394020904959e-01
1.696834074208287968e-01,-3.204827282895881813e-01,-3.406344404996078934e-01,1.180163743414952143e-01,4.852300956512742292e-01,-5.603536555230257399e-01,-2.041875773296701335e-01,7.896711348706559885e-01,4.550519124609280763e-01,6.291364148909590615e-01,4.339209408862300110e-01,-5.476603146925312915e-01,-1.437652281075173510e-01,-1.767628213665145553e-01,7.694911834653077598e-01,6.564965682657896151e-01,-6.358079644306713352e-01,-2.645250704903574501e-01,1.015503793342513450e-01,1.214108505861302145e-01,3.429680128915692516e-01,2.710665152180570803e-01,2.143939932051961983e-01,-5.162808624598531626e-01,2.300516859994361785e-01,-3.250336163398597628e-02,-3.462762186129220709e-01,2.247640991027855528e-01,5.528474514622615521e-01,5.840773272061163812e-01,5.929386887651862947e-01,-3.941599518647843636e-01,1.000000000000000000e+00,4.501548737868975025e-01,-1.769475600000000037e-01,-3.106157509770539060e-01,1.059822487390524731e-01,-1.289973241952678262e-01,-4.321258727058767679e-01
-2.024829605518703168e-01,8.040608301884594189e-02,-7.893792354948144796e-01,-1.980600337055701265e-01,8.716770002050625576e-01,-8.492803663754471266e-01,3.259426551062455379e-01,6.023142618687877814e-01,-3.208376080438420791e-02,4.876080998812115652e-02,3.357782197467388263e-01,-8.621057524616601020e-01,-2.939434039468379334e-01,5.741950708192785635e-01,1.088492577968007066e-02,-1.828574494678995507e-02,-8.747134333480937052e-01,-8.943629643228119541e-02,-4.573358097124387567e-01,5.797204637719297615e-01,3.844577731162215906e-03,1.716422149230584504e-01,3.176590015717922211e-01,-9.649631057105713117e-01,-2.877028725583354873e-01,4.499665252263224113e-02,-3.696133765477973010e-01,3.517171232663505176e-01,-3.732891415927394041e-01,-4.662515047143586666e-02,-2.904922336826680773e-01,1.026208858930771767e-01,4.501548737868975025e-01,1.000000000000000000e+00,-8.016571799999999692e-01,-8.338909249256587497e-01,4.026465013538816362e-01,1.369712157456894619e-01,2.467184986029926919e-01
1.360536000000001078e-01,-6.299824800000000113e-01,8.124447999999999670e-01,1.988658199999999709e-01,-7.481851400000000263e-01,7.024837799999998911e-01,-4.932835399999999648e-01,-4.859748200000000296e-01,5.748995400000000977e-01,4.994692000000000576e-01,2.235830999999999236e-01,6.448887199999999709e-01,4.365205000000000890e-01,-8.612422800000000267e-01,1.684459400000000162e-01,4.989244399999999136e-01,6.615665799999999042e-01,2.540508599999999895e-01,8.076212799999999969e-01,-9.321050800000000303e-01,5.810661599999999982e-01,3.415863999999999567e-01,4.572607999999989126e-02,8.827163000000000093e-01,1.165104800000000829e-01,-5.234809200000000162e-01,1.955556199999999301e-01,1.028159399999999390e-01,4.267976600000000786e-01,5.773439799999999789e-01,4.719356400000001006e-01,-4.575884599999999747e-01,-1.769475600000000037e-01,-8.016571799999999692e-01,1.000000000000000000e+00,9.865457399999999488e-01,-5.128207799999999761e-01,-5.480701800000000734e-01,-7.398838999999999277e-01
5.732083491820963439e-02,-5.779793342683396951e-01,8.423713003539271549e-01,1.477316369300767374e-01,-7.820458799734102406e-01,7.794574672110593516e-01,-4.957947531487871817e-01,-6.055478420668221062e-01,4.921929650475073137e-01,3.836115072944181192e-01,1.806781372768309635e-01,7.248479688454617653e-01,4.667954695768814499e-01,-8.032752299106370453e-01,2.095552100282762828e-02,3.849782303862294142e-01,7.446865542672482796e-01,2.679345720719129575e-01,7.677919156011490109e-01,-9.276704568311610055e-01,5.175783687982901116e-01,3.097285755357163106e-01,-2.374922914234184682e-03,9.223626062927696712e-01,1.619220680279614619e-02,-5.185725249781635293e-01,2.386063793686957479e-01,1.125769040308583768e-01,3.166458933330187908e-01,4.631423242730531853e-01,3.469442507507343176e-01,-3.435756643131120946e-01,-3.106157509770539060e-01,-8.338909249256587497e-01,9.865457399999999488e-01,1.000000000000000000e+00,-5.180367910377449148e-01,-4.728252012045796593e-01,-6.466882487203311491e-01
3.233678893334927112e-02,2.110274749311299158e-01,-2.675387810201968475e-01,3.508881879667501980e-01,6.757541797157460284e-01,-5.075329797325610626e-01,1.460459967191330977e-01,4.128001613064093966e-01,-1.254459331358742102e-01,-1.728549244698386333e-01,-2.376123695074443820e-01,-2.213077054799508780e-01,3.344627729967195040e-01,3.263689450939896708e-01,1.146169337141219324e-01,-1.767889984731755293e-01,-1.926359375429801124e-01,-1.066272120874520030e-01,-6.345799300609876736e-01,4.304250845527408109e-01,-2.623197822333691587e-01,8.610111805867232126e-02,3.019674161677672886e-01,-4.956786514999894644e-01,-1.090489168675670695e-01,2.168456905715732130e-01,7.281184294191815620e-02,-1.765302959578395614e-01,5.120457945397720312e-02,-1.977945789049477543e-01,-1.333930204729985858e-01,5.810936463225272464e-01,1.059822487390524731e-01,4.026465013538816362e-01,-5.128207799999999761e-01,-5.180367910377449148e-01,1.000000000000000000e+00,2.612937530696036181e-01,3.133027368187566442e-01
6.940519144145405883e-02,6.126486879869249558e-01,-1.244391238669116384e-01,-1.084559722989342501e-01,3.047373730726321006e-01,-8.802192320570874362e-02,-1.354539582456306124e-01,4.496265817048256813e-02,-6.844393142288462961e-01,-6.785090396136163049e-01,-4.303367571293762461e-01,2.034649766487900135e-01,-2.883502036155556336e-01,5.031590267577115139e-01,-2.372392656423708834e-01,-5.241856252160119745e-01,5.188092772158908739e-02,-4.477079402999320501e-01,-5.869822599499987525e-01,6.011807517597959061e-01,-7.319389962943163574e-01,-5.754778451134177075e-01,-4.893633572998770109e-01,-2.640787924234186956e-01,-2.267351520033712153e-01,5.671520167828495440e-01,-2.824622658454869692e-02,-2.947944970597747849e-01,-1.626775759091823592e-01,-6.962418981724017852e-01,-3.132900303024743760e-01,7.318690095210120816e-01,-1.289973241952678262e-01,1.369712157456894619e-01,-5.480701800000000734e-01,-4.728252012045796593e-01,2.612937530696036181e-01,1.000000000000000000e+00,6.955112249322973339e-01
-1.607185783452456940e-01,9.186053775308187230e-01,-4.588353752762818760e-01,-2.299901932068591226e-01,2.174926253330562997e-01,-1.398197433971805348e-01,5.300876552119481167e-01,-6.291652264193316191e-02,-9.373282936298248380e-01,-9.509537660215072741e-01,-6.653762715595480381e-01,-9.209515523136167781e-02,-3.572135491269685104e-01,8.437946566005712912e-01,-5.614353753882931342e-01,-9.255125177145452353e-01,-8.594741165127109395e-02,-2.003877190231392602e-01,-7.955827735781454413e-01,8.150753585576618887e-01,-9.114120085090229306e-01,-6.869779846507541032e-01,-3.770097232665205467e-01,-3.409610324645555579e-01,-6.061331929092560189e-02,6.795726486131395960e-01,1.192084124327839195e-01,-4.487645234134308714e-01,-5.729706457974416134e-01,-9.721514505542405704e-01,-6.843950178148335839e-01,6.720165394020904959e-01,-4.321258727058767679e-01,2.467184986029926919e-01,-7.398838999999999277e-01,-6.466882487203311491e-01,3.133027368187566442e-01,6.955112249322973339e-01,1.000000000000000000e+00
