1.000000000000000000e+00,-5.349503839319857956e-01,2.669938143309117350e-03,-3.980708508338937635e-01,6.996760580586942613e-01,-2.607347706321994779e-02,1.996914348019840912e-01,-1.992565651626154177e-01,-9.740391672235736431e-01,2.291210279769255453e-01,-6.006552507358715182e-02,7.109518582424392275e-01,8.231505026872999453e-01,4.297110086543291518e-01,-7.919269976843582581e-01,5.788307161348944518e-01,6.907005086909171476e-01,-5.642701252660261568e-01,9.428600191240874562e-01,3.672012204182197870e-01,-8.569184258098141993e-02,-5.224304633993226421e-01,4.370386614095680411e-01,-4.145927872780744705e-01,3.468221212925973185e-01,-2.567322786445460081e-01,7.967330399999998924e-01,8.513487012915794960e-02,-7.547474063131989208e-01,4.155315886093099639e-03,7.411062391785895320e-01,5.415849097752242214e-01,6.750507419986763180e-01,6.818467549553161033e-01,-2.728238127872905650e-01,-9.360402545498336391e-01,5.624400881070374947e-01,-7.958995915686055689e-01,-3.965215668858552145e-01
-5.349503839319857956e-01,1.000000000000000000e+00,7.844619953605566076e-01,-9.732339584899043052e-04,-6.199679795926280601e-01,2.078909209651794154e-02,8.152525429080839658e-02,7.552838861393226244e-01,6.112443608575751641e-01,5.343479202662113625e-01,2.588457514326822362e-01,-6.972488569727420815e-01,-3.512717550202861805e-01,-8.235912856615015265e-01,1.472468868497077976e-01,2.489549652427049120e-01,-7.732785627087571667e-01,5.818577533660962420e-01,-5.288371085396158522e-01,-2.789355244401180989e-01,-3.126982348673702505e-01,2.490354588646653267e-01,-4.212879415133521932e-01,8.874667721275980581e-01,-3.149548973960896170e-01,6.760237318832815756e-01,-6.889001999999999626e-01,3.791476532464505556e-01,2.009565235288311713e-01,5.333492583993025837e-01,-6.716084198287697316e-01,-8.432961864980298428e-01,-8.328196981407858246e-01,-2.541799142038660975e-01,2.969580103503287605e-01,7.127848824095043279e-01,1.189209602327387927e-01,4.795447984007879527e-01,1.987907428151936828e-01
2.669938143309117350e-03,7.844619953605566076e-01,1.000000000000000000e+00,-4.761099889146125919e-01,-1.049643753991466311e-01,1.227202856081847371e-01,4.600128592890646573e-01,7.915229813716699869e-01,1.158363832278129918e-01,7.143568806587586861e-01,3.883357011553796867e-01,-2.001917634146164748e-01,2.360621939531373781e-01,-5.260164103153982529e-01,-2.687165892103189346e-01,7.058148801448812515e-01,-5.976595986388181236e-01,1.156647372628147874e-01,-9.977645430884803796e-03,-3.068504355345662016e-01,-2.995213263279271065e-01,-1.226978354517581082e-01,-2.281810275119447451e-01,8.869697432279676219e-01,1.590657967234771625e-02,4.507107217709173108e-01,-1.561657600000000423e-01,4.590106436103404963e-01,-8.836892103932426912e-02,5.081834935249841534e-01,-1.511072098566787203e-01,-5.818656663257718575e-01,-6.382940530354439534e-01,3.359944082848191349e-01,3.089659287112339059e-01,1.544109595646552813e-01,3.953569553781146606e-01,-1.257362512027105361e-01,-2.195253919062101766e-01
-3.980708508338937635e-01,-9.732339584899043052e-04,-4.761099889146125919e-01,1.000000000000000000e+00,-4.208397189757583368e-01,7.813934566873403931e-03,-5.462890615368728442e-01,-2.474346539048402627e-01,3.532150928866740203e-01,-4.393740710031400765e-01,-2.180279213801989135e-01,-3.710345312994406397e-01,-5.515678157229807477e-01,-2.316760457488085123e-01,2.381820500246432659e-01,-5.223536642536953378e-01,1.759606640190758131e-01,3.685265490552346312e-01,-3.773169894421391501e-01,6.937904860928355288e-02,3.170773455912046512e-01,6.702585122991647770e-01,2.169843616219497007e-01,-2.591317554856459315e-01,-2.275523241977983613e-01,1.743850701074265985e-01,-4.057912200000000080e-01,2.258806177915504906e-02,2.198833444901754086e-01,5.764061238900154011e-02,-4.212547914355879164e-01,1.938533918696023345e-02,-1.821741657886317240e-03,-6.554149014635715087e-01,1.030494735997707356e-01,4.884824088301767397e-01,-3.141327457271848034e-01,5.744458489500481324e-01,8.090339305662346270e-01
6.996760580586942613e-01,-6.199679795926280601e-01,-1.049643753991466311e-01,-4.208397189757583368e-01,1.000000000000000000e+00,3.638773886467963625e-01,3.836409865530966967e-01,-2.885849796341704576e-01,-6.627928107394036594e-01,-3.386349590522855224e-01,1.930284065175150443e-01,9.852024269227932507e-01,8.089889877385764150e-01,8.131951344735230958e-01,-2.740813835310549340e-01,3.470977562396637683e-01,3.455696941326502070e-01,-9.661270140358471092e-01,6.516713857278803035e-01,-2.495431733944068475e-01,4.555622078070426517e-01,-2.314968760660625624e-01,4.369116860672671576e-01,-2.673925931767667796e-01,8.064258781535212917e-01,-7.651203833990506409e-01,9.775060200000000865e-01,-8.267807203543881683e-03,-1.599484453800692207e-01,-5.062459819370251912e-01,9.829914670462025494e-01,7.843120825266872709e-01,3.598613051931690565e-01,8.080541875269745544e-01,2.617932628539658135e-01,-8.355253085002334323e-01,9.610430752629212092e-02,-9.482130411883704646e-01,-4.520858185627043557e-01
-2.607347706321994779e-02,2.078909209651794154e-02,1.227202856081847371e-01,7.813934566873403931e-03,3.638773886467963625e-01,1.000000000000000000e+00,3.295100263840047838e-01,-3.532620336740074363e-01,5.186196431026732223e-03,-3.878922570771007883e-01,-2.318287807610299456e-01,3.581206458808086635e-01,-8.413029443058162027e-04,3.601684886316934286e-01,3.787809168698735851e-02,3.337948274683769090e-01,-2.230911973289773087e-01,-4.989516515840992650e-01,1.885428345858840005e-01,-3.965864106953495560e-01,2.874980564685142292e-01,6.513696911217295993e-01,3.152297068514402500e-01,2.685827210549418531e-01,3.647099318099155663e-01,-1.446520875228929359e-01,3.191156399999999227e-01,7.513330777377605907e-01,1.852021343951349708e-01,-4.012590795347492634e-02,3.757936582944809700e-01,4.766299643382884144e-01,-4.282151992085440062e-01,5.495378382654347860e-01,7.713042718709278711e-01,3.185039764829200593e-04,-9.867805774123378226e-02,-2.823385289063707893e-01,2.173025916931681234e-02
1.996914348019840912e-01,8.152525429080839658e-02,4.600128592890646573e-01,-5.462890615368728442e-01,3.836409865530966967e-01,3.295100263840047838e-01,1.000000000000000000e+00,1.598459637497951225e-01,-1.876100398988058693e-01,1.704527773223278586e-01,2.857968917157817090e-01,3.162525544561067270e-01,4.098330901413240746e-01,1.518083575380058114e-01,-1.922067764458006700e-01,5.337540163913742086e-01,-2.550785105434893452e-01,-3.625812798436963136e-01,2.962152295816529168e-01,-2.138715397793451711e-01,1.318820320125732859e-01,-1.328300742265767220e-01,1.945604753574821100e-01,3.794299327499076613e-01,3.030009167937418035e-01,-1.490679943676104235e-01,3.241238600000000414e-01,2.749572834458451909e-01,-3.100921022110144157e-02,-2.327446377737136390e-02,3.386308101326221953e-01,5.871863161836084893e-02,-2.075155987698719673e-01,5.960776240284320071e-01,2.896116200504025850e-01,-2.455228574492085425e-01,5.650521296512357045e-02,-4.421985492471292023e-01,-4.702047163215771208e-01
-1.992565651626154177e-01,7.552838861393226244e-01,7.915229813716699869e-01,-2.474346539048402627e-01,-2.885849796341704576e-01,-3.532620336740074363e-01,1.598459637497951225e-01,1.000000000000000000e+00,3.434389998296265012e-01,6.020586429940310014e-01,6.987548287115793455e-01,-3.672148209910988670e-01,1.266310016399608551e-01,-6.309994206195834732e-01,-3.267597606677120903e-02,2.686343443030337341e-01,-5.910830956662236346e-01,3.129974614182406412e-01,-3.729665706221589327e-01,-3.263009311842626214e-01,-1.048088581149381332e-01,-2.459852478029359302e-01,-3.189595312120485082e-01,7.529088809736722565e-01,-1.527130562296330311e-02,3.316222405397042383e-01,-3.525345199999999624e-01,-8.530404458066889739e-02,1.547189711647541099e-01,2.995863446122238316e-01,-3.581111832586554300e-01,-7.817285174267805115e-01,-5.249571383812364767e-01,-1.094151467793957472e-01,1.470000718141252771e-01,3.093490158459039630e-01,1.097914927301063132e-01,9.486705952067378544e-02,1.324016393682796167e-02
-9.740391672235736431e-01,6.112443608575751641e-01,1.158363832278129918e-01,3.532150928866740203e-01,-6.627928107394036594e-01,5.186196431026732223e-03,-1.876100398988058693e-01,3.434389998296265012e-01,1.000000000000000000e+00,-1.626339582105079673e-01,1.515751893882392454e-01,-6.895465671361332705e-01,-7.473395559534243837e-01,-4.611813378397806029e-01,7.405361135367095615e-01,-5.438661349722742067e-01,-7.314185515710477370e-01,5.187923629432737993e-01,-9.618418646823606588e-01,-4.698967045821152988e-01,1.312131161169881877e-01,4.636493375658271576e-01,-5.056296797668823340e-01,5.238803375793452677e-01,-3.209513910368143041e-01,2.636385638972639223e-01,-7.748481999999999870e-01,-9.134425184039428325e-02,7.786888638866450441e-01,1.039274827792112735e-02,-7.235392684121600970e-01,-6.049066500439137517e-01,-7.392038455588245682e-01,-6.377231579267907957e-01,3.459124966405629498e-01,9.189965334845884293e-01,-5.414514598761137609e-01,7.241049257883248602e-01,4.332739730042676762e-01
2.291210279769255453e-01,5.343479202662113625e-01,7.143568806587586861e-01,-4.393740710031400765e-01,-3.386349590522855224e-01,-3.878922570771007883e-01,1.704527773223278586e-01,6.020586429940310014e-01,-1.626339582105079673e-01,1.000000000000000000e+00,3.112294473077154358e-02,-3.869867078008283889e-01,1.688853270736582479e-01,-6.349098627526685856e-01,-5.407941747395632603e-01,5.717850611070411926e-01,-1.203556305786781244e-01,4.443076724844700065e-01,2.038485937752272381e-01,3.294340427378163461e-01,-7.323919659211033384e-01,-5.162915887948730242e-01,-3.303460792426015091e-01,4.229141209148623015e-01,-4.499042451787858554e-01,6.783838876766646875e-01,-2.808473599999999903e-01,2.146032491678201148e-01,-5.472352038648029549e-01,7.248539240892053481e-01,-3.269490538317799122e-01,-6.480665307796370511e-01,-9.554134004115463763e-02,8.488318993719898287e-02,-4.014582469990547464e-01,-1.100534723801236021e-02,6.495449046896372147e-01,5.592181083835320865e-02,-2.483190460864948546e-01
-6.006552507358715182e-02,2.588457514326822362e-01,3.883357011553796867e-01,-2.180279213801989135e-01,1.930284065175150443e-01,-2.318287807610299456e-01,2.857968917157817090e-01,6.987548287115793455e-01,1.515751893882392454e-01,3.112294473077154358e-02,1.000000000000000000e+00,1.445813412403589571e-01,3.755102958517970713e-01,-7.814424470996765570e-02,1.826462922423224000e-01,1.175470691300509879e-01,-4.349156029773866838e-01,-1.643305676472311128e-01,-2.781845436169848029e-01,-4.661480332494429835e-01,4.668053629036502672e-01,-1.634346750529910575e-01,6.946449789336897607e-02,4.031216879335018932e-01,5.728813074402838712e-01,-3.064467501310386699e-01,1.062632400000000921e-01,-3.725476307698196710e-01,3.325447953658878242e-01,-2.615806101747512602e-01,1.234637896519111405e-01,-2.601251166309038187e-01,-2.622648898491420355e-01,3.958647692973486787e-02,3.151207425314106469e-01,1.623325103456044194e-02,-2.209302530255222441e-01,-2.272766543859674193e-01,-1.164868435234454602e-01
7.109518582424392275e-01,-6.972488569727420815e-01,-2.001917634146164748e-01,-3.710345312994406397e-01,9.852024269227932507e-01,3.581206458808086635e-01,3.162525544561067270e-01,-3.672148209910988670e-01,-6.895465671361332705e-01,-3.869867078008283889e-01,1.445813412403589571e-01,1.000000000000000000e+00,7.686984935149170362e-01,8.578922054624615878e-01,-3.046420194862669573e-01,2.910839358246082864e-01,4.252339368494342242e-01,-9.684950802487646282e-01,6.702398849253827784e-01,-1.609422664569793993e-01,4.664256835826289249e-01,-2.165422094277683063e-01,5.133356417879207934e-01,-3.588361140599119481e-01,7.752215909963727780e-01,-7.685714503211736881e-01,9.909647600000000001e-01,-3.263569574539548768e-02,-1.566551773004568326e-01,-5.284145393368426813e-01,9.959176707314558730e-01,8.445686522003937879e-01,4.331880759769163869e-01,7.841307855189202369e-01,2.335333760699004613e-01,-8.566458784610289090e-01,2.394406391461689418e-02,-9.301274138710167172e-01,-3.897615184500623497e-01
8.231505026872999453e-01,-3.512717550202861805e-01,2.360621939531373781e-01,-5.515678157229807477e-01,8.089889877385764150e-01,-8.413029443058162027e-04,4.098330901413240746e-01,1.266310016399608551e-01,-7.473395559534243837e-01,1.688853270736582479e-01,3.755102958517970713e-01,7.686984935149170362e-01,1.000000000000000000e+00,4.195123488392619171e-01,-5.279486653160135878e-01,5.845935051361539347e-01,3.093041535018045129e-01,-6.913623420561226807e-01,7.044379468649741849e-01,-1.206819481290133389e-01,1.381784681675709558e-01,-5.459507429156037484e-01,3.249901752597532112e-01,-9.348441134018226073e-02,6.349724278825179535e-01,-4.868774689551423895e-01,8.148727600000000848e-01,-5.936499827880162283e-02,-4.262809209799478527e-01,-2.092806543932488328e-01,7.869757918153106324e-01,3.977033821838837357e-01,3.767937585079738083e-01,7.449053361194311051e-01,-2.284086082924241534e-03,-8.392949569804157850e-01,4.059552465426181644e-01,-8.973930911612487682e-01,-5.370820176480526342e-01
4.297110086543291518e-01,-8.235912856615015265e-01,-5.260164103153982529e-01,-2.316760457488085123e-01,8.131951344735230958e-01,3.601684886316934286e-01,1.518083575380058114e-01,-6.309994206195834732e-01,-4.611813378397806029e-01,-6.349098627526685856e-01,-7.814424470996765570e-02,8.578922054624615878e-01,4.195123488392619171e-01,1.000000000000000000e+00,1.019102144913200912e-02,-9.019064839289904489e-02,3.963811594826276430e-01,-8.462458695550135745e-01,4.474875308825781439e-01,-1.034516527234528582e-01,4.947526111502505985e-01,-8.209017992498919558e-02,3.720135937754245337e-01,-5.288470879192626040e-01,5.839895963131201961e-01,-8.315514946344718661e-01,8.135686399999999541e-01,-1.715340629908221892e-01,5.103724068769981831e-02,-6.413304872173195559e-01,8.396712428660753069e-01,8.867370545236209489e-01,4.527770019035273763e-01,5.322523881143609303e-01,1.663367640793988744e-01,-6.593893880378404182e-01,-2.407166305234490489e-01,-6.619400352750581806e-01,-2.796969547114921406e-01
-7.919269976843582581e-01,1.472468868497077976e-01,-2.687165892103189346e-01,2.381820500246432659e-01,-2.740813835310549340e-01,3.787809168698735851e-02,-1.922067764458006700e-01,-3.267597606677120903e-02,7.405361135367095615e-01,-5.407941747395632603e-01,1.826462922423224000e-01,-3.046420194862669573e-01,-5.279486653160135878e-01,1.019102144913200912e-02,1.000000000000000000e+00,-6.283791631710069492e-01,-5.749557855107285675e-01,2.001184838785500797e-01,-7.900271036736911112e-01,-4.920854490281427740e-01,3.069089918761834235e-01,4.058842675287033797e-01,-4.027705249866984083e-01,1.246987344696823541e-01,9.223527438694896496e-02,-2.782784422325529361e-01,-4.126719599999999488e-01,-3.403713245582407065e-01,7.086000299188250917e-01,-3.946525654417650242e-01,-3.431704615744421982e-01,-1.717250322885278124e-01,-4.231106815029722634e-01,-5.186191628145998544e-01,2.321305630774861961e-01,6.211199977920440762e-01,-5.124476222900301581e-01,4.868163028861767772e-01,6.022946312456838036e-02
5.788307161348944518e-01,2.489549652427049120e-01,7.058148801448812515e-01,-5.223536642536953378e-01,3.470977562396637683e-01,3.337948274683769090e-01,5.337540163913742086e-01,2.686343443030337341e-01,-5.438661349722742067e-01,5.717850611070411926e-01,1.175470691300509879e-01,2.910839358246082864e-01,5.845935051361539347e-01,-9.019064839289904489e-02,-6.283791631710069492e-01,1.000000000000000000e+00,-6.784145498911181571e-02,-2.599043670671715711e-01,6.426052365550051215e-01,3.873591503227353378e-02,-2.913251103246450313e-01,-1.501445136852943563e-01,2.524470406279598622e-01,3.944286145995582471e-01,2.845980875779598462e-01,2.099689286966629764e-01,3.755704799999999288e-01,6.427149684931693363e-01,-5.778788780876810138e-01,4.680877798311761095e-01,3.613397385134702322e-01,2.625550951018723253e-02,-1.293382185098224113e-01,7.271133029680756366e-01,1.557453769072977834e-01,-3.954917321748553372e-01,6.860773069463195206e-01,-5.275528707701914177e-01,-4.564452018086045393e-01
6.907005086909171476e-01,-7.732785627087571667e-01,-5.976595986388181236e-01,1.759606640190758131e-01,3.455696941326502070e-01,-2.230911973289773087e-01,-2.550785105434893452e-01,-5.910830956662236346e-01,-7.314185515710477370e-01,-1.203556305786781244e-01,-4.349156029773866838e-01,4.252339368494342242e-01,3.093041535018045129e-01,3.963811594826276430e-01,-5.749557855107285675e-01,-6.784145498911181571e-02,1.000000000000000000e+00,-2.597426037659322229e-01,6.594621929279183004e-01,6.075287492134351375e-01,-2.035724170127506047e-02,-3.148792528709029592e-01,4.257866022391588734e-01,-8.572135066632528000e-01,-4.857927111012030202e-02,-1.656144497101635638e-01,4.830300599999999278e-01,-1.727816194240306136e-01,-5.603784773568422084e-01,-1.207276549751945816e-01,4.129165461487119826e-01,5.953809094838186100e-01,9.139524672170560304e-01,1.286869018205454018e-01,-5.224547860797018606e-01,-6.755390973529759036e-01,2.107395966013999589e-01,-3.294665882673239454e-01,4.558355047861695208e-02
-5.642701252660261568e-01,5.818577533660962420e-01,1.156647372628147874e-01,3.685265490552346312e-01,-9.661270140358471092e-01,-4.989516515840992650e-01,-3.625812798436963136e-01,3.129974614182406412e-01,5.187923629432737993e-01,4.443076724844700065e-01,-1.643305676472311128e-01,-9.684950802487646282e-01,-6.913623420561226807e-01,-8.462458695550135745e-01,2.001184838785500797e-01,-2.599043670671715711e-01,-2.597426037659322229e-01,1.000000000000000000e+00,-5.411956217585727202e-01,3.531963008791977887e-01,-5.439853058407863040e-01,1.028334272877523270e-01,-4.317794116896779277e-01,1.905199442037282531e-01,-7.866206334187489935e-01,7.603174272136924428e-01,-9.388302800000000170e-01,-4.488573156716994111e-02,-2.085186761708579528e-02,5.477473508338936981e-01,-9.597135136978005576e-01,-7.992194682123608951e-01,-2.289774086574561107e-01,-8.041094773266683760e-01,-4.255332607751055596e-01,7.355211310885541032e-01,7.843721186915224297e-02,9.070073183683114992e-01,3.357704748427450259e-01
9.428600191240874562e-01,-5.288371085396158522e-01,-9.977645430884803796e-03,-3.773169894421391501e-01,6.516713857278803035e-01,1.885428345858840005e-01,2.962152295816529168e-01,-3.729665706221589327e-01,-9.618418646823606588e-01,2.038485937752272381e-01,-2.781845436169848029e-01,6.702398849253827784e-01,7.044379468649741849e-01,4.474875308825781439e-01,-7.900271036736911112e-01,6.426052365550051215e-01,6.594621929279183004e-01,-5.411956217585727202e-01,1.000000000000000000e+00,4.097068295059221876e-01,-1.686647629284675209e-01,-3.649435970476461177e-01,4.801208094950925598e-01,-3.951628496301004545e-01,2.564799076896641661e-01,-1.683590622951563198e-01,7.578931399999999652e-01,3.089889628746717021e-01,-7.749105050070864698e-01,1.114893237967415490e-01,7.133317192809787155e-01,6.050679016949804812e-01,6.038380358770902845e-01,7.449532837481047665e-01,-2.236498675637921263e-01,-8.731592563552212916e-01,5.758069072465535898e-01,-7.316643478802167255e-01,-4.224444979086847130e-01
3.672012204182197870e-01,-2.789355244401180989e-01,-3.068504355345662016e-01,6.937904860928355288e-02,-2.495431733944068475e-01,-3.965864106953495560e-01,-2.138715397793451711e-01,-3.263009311842626214e-01,-4.698967045821152988e-01,3.294340427378163461e-01,-4.661480332494429835e-01,-1.609422664569793993e-01,-1.206819481290133389e-01,-1.034516527234528582e-01,-4.920854490281427740e-01,3.873591503227353378e-02,6.075287492134351375e-01,3.531963008791977887e-01,4.097068295059221876e-01,1.000000000000000000e+00,-5.219411351223619544e-01,-2.719574965518976595e-01,1.943958397037642283e-01,-5.551593579184438410e-01,-5.165562535276566614e-01,3.564060679983435120e-01,-7.459373999999996396e-02,-1.981218476405155818e-02,-6.611305198275260198e-01,3.029588770536377207e-01,-1.326588412425558916e-01,5.096249342422017048e-02,6.417305399885105954e-01,-1.763357877397656592e-01,-7.128534801480106431e-01,-2.307198378353778057e-01,2.677915645091318853e-01,1.896913142321191847e-01,7.921858159383775300e-02
-8.569184258098141993e-02,-3.126982348673702505e-01,-2.995213263279271065e-01,3.170773455912046512e-01,4.555622078070426517e-01,2.874980564685142292e-01,1.318820320125732859e-01,-1.048088581149381332e-01,1.312131161169881877e-01,-7.323919659211033384e-01,4.668053629036502672e-01,4.664256835826289249e-01,1.381784681675709558e-01,4.947526111502505985e-01,3.069089918761834235e-01,-2.913251103246450313e-01,-2.035724170127506047e-02,-5.439853058407863040e-01,-1.686647629284675209e-01,-5.219411351223619544e-01,1.000000000000000000e+00,3.667618623363581576e-01,3.557512365664296516e-01,-8.370179577928815728e-02,6.474874055702211084e-01,-6.329672427974877280e-01,3.729861199999999766e-01,-2.091199581556277276e-01,5.098007104807535939e-01,-5.315936422799364403e-01,4.017420507898833981e-01,4.410384392169415246e-01,-5.009779002817375121e-02,6.944903122511730809e-02,6.016695073792083237e-01,-6.375540610526256313e-02,-5.747528356457303200e-01,-2.836928135862241129e-01,2.757975694768857178e-01
-5.224304633993226421e-01,2.490354588646653267e-01,-1.226978354517581082e-01,6.702585122991647770e-01,-2.314968760660625624e-01,6.513696911217295993e-01,-1.328300742265767220e-01,-2.459852478029359302e-01,4.636493375658271576e-01,-5.162915887948730242e-01,-1.634346750529910575e-01,-2.165422094277683063e-01,-5.459507429156037484e-01,-8.209017992498919558e-02,4.058842675287033797e-01,-1.501445136852943563e-01,-3.148792528709029592e-01,1.028334272877523270e-01,-3.649435970476461177e-01,-2.719574965518976595e-01,3.667618623363581576e-01,1.000000000000000000e+00,2.395870235734418319e-01,1.937610058409441338e-01,6.436617126479748929e-02,1.076481666394651232e-01,-2.797773000000000065e-01,5.188067011989137001e-01,3.926238416294242084e-01,5.260267110953287251e-02,-2.337973134391295726e-01,1.170259810150965224e-01,-5.078754128173551541e-01,-2.299287474270078346e-01,6.480617301194414592e-01,5.829695582702658641e-01,-3.395835146649148206e-01,4.021109984258575132e-01,5.670258166504712483e-01
4.370386614095680411e-01,-4.212879415133521932e-01,-2.281810275119447451e-01,2.169843616219497007e-01,4.369116860672671576e-01,3.152297068514402500e-01,1.945604753574821100e-01,-3.189595312120485082e-01,-5.056296797668823340e-01,-3.303460792426015091e-01,6.946449789336897607e-02,5.133356417879207934e-01,3.249901752597532112e-01,3.720135937754245337e-01,-4.027705249866984083e-01,2.524470406279598622e-01,4.257866022391588734e-01,-4.317794116896779277e-01,4.801208094950925598e-01,1.943958397037642283e-01,3.557512365664296516e-01,2.395870235734418319e-01,1.000000000000000000e+00,-3.405732333977201653e-01,4.478181061858906853e-01,-3.009187962290915119e-01,5.215079799999999821e-01,1.817442855015642678e-01,-1.151270326616824075e-01,-2.142906167699179798e-01,5.077632465308226095e-01,5.996523887221261173e-01,3.281830512097209662e-01,3.462506294277444274e-01,2.203116187662716996e-01,-4.161638248759472192e-01,-1.364733795437304553e-01,-3.837625964991301375e-01,1.466451872476320639e-01
-4.145927872780744705e-01,8.874667721275980581e-01,8.869697432279676219e-01,-2.591317554856459315e-01,-2.673925931767667796e-01,2.685827210549418531e-01,3.794299327499076613e-01,7.529088809736722565e-01,5.238803375793452677e-01,4.229141209148623015e-01,4.031216879335018932e-01,-3.588361140599119481e-01,-9.348441134018226073e-02,-5.288470879192626040e-01,1.246987344696823541e-01,3.944286145995582471e-01,-8.572135066632528000e-01,1.905199442037282531e-01,-3.951628496301004545e-01,-5.551593579184438410e-01,-8.370179577928815728e-02,1.937610058409441338e-01,-3.405732333977201653e-01,1.000000000000000000e+00,-8.654704569036941741e-03,4.000999855656185988e-01,-3.713452200000000314e-01,4.256762976139499832e-01,3.213934908962987613e-01,3.735578921705020594e-01,-3.328818975916772449e-01,-6.385395989588869003e-01,-9.110997334774774137e-01,1.125653494318981096e-01,5.573782867177473621e-01,5.000708136127638426e-01,4.311756364645014106e-02,1.240929435543307313e-01,-7.311507693517627082e-03
3.468221212925973185e-01,-3.149548973960896170e-01,1.590657967234771625e-02,-2.275523241977983613e-01,8.064258781535212917e-01,3.647099318099155663e-01,3.030009167937418035e-01,-1.527130562296330311e-02,-3.209513910368143041e-01,-4.499042451787858554e-01,5.728813074402838712e-01,7.752215909963727780e-01,6.349724278825179535e-01,5.839895963131201961e-01,9.223527438694896496e-02,2.845980875779598462e-01,-4.857927111012030202e-02,-7.866206334187489935e-01,2.564799076896641661e-01,-5.165562535276566614e-01,6.474874055702211084e-01,6.436617126479748929e-02,4.478181061858906853e-01,-8.654704569036941741e-03,1.000000000000000000e+00,-7.517405809531568783e-01,7.303059999999998997e-01,-5.948160146144491900e-02,1.406889909840743358e-01,-5.120428940571642995e-01,7.633387779829678976e-01,5.510269703068959579e-01,1.466759922952265947e-02,5.533283212396007400e-01,4.964485286256606345e-01,-4.611397816079195744e-01,-5.746211295834056237e-02,-7.074274019994377660e-01,-3.510104489393257587e-01
-2.567322786445460081e-01,6.760237318832815756e-01,4.507107217709173108e-01,1.743850701074265985e-01,-7.651203833990506409e-01,-1.446520875228929359e-01,-1.490679943676104235e-01,3.316222405397042383e-01,2.636385638972639223e-01,6.783838876766646875e-01,-3.064467501310386699e-01,-7.685714503211736881e-01,-4.868774689551423895e-01,-8.315514946344718661e-01,-2.782784422325529361e-01,2.099689286966629764e-01,-1.656144497101635638e-01,7.603174272136924428e-01,-1.683590622951563198e-01,3.564060679983435120e-01,-6.329672427974877280e-01,1.076481666394651232e-01,-3.009187962290915119e-01,4.000999855656185988e-01,-7.517405809531568783e-01,1.000000000000000000e+00,-6.997722399999999343e-01,4.525433852589789696e-01,-2.466710245392639833e-01,8.275104215501895011e-01,-7.310500354238546050e-01,-6.806787489533785429e-01,-3.278726814284153024e-01,-3.349742650880335182e-01,-2.104425853020672754e-01,5.078467063134936010e-01,3.294711877123277510e-01,5.806165326593601961e-01,2.818015633971259759e-01
7.967330399999998924e-01,-6.889001999999999626e-01,-1.561657600000000423e-01,-4.057912200000000080e-01,9.775060200000000865e-01,3.191156399999999227e-01,3.241238600000000414e-01,-3.525345199999999624e-01,-7.748481999999999870e-01,-2.808473599999999903e-01,1.062632400000000921e-01,9.909647600000000001e-01,8.148727600000000848e-01,8.135686399999999541e-01,-4.126719599999999488e-01,3.755704799999999288e-01,4.830300599999999278e-01,-9.388302800000000170e-01,7.578931399999999652e-01,-7.459373999999996396e-02,3.729861199999999766e-01,-2.797773000000000065e-01,5.215079799999999821e-01,-3.713452200000000314e-01,7.303059999999998997e-01,-6.997722399999999343e-01,1.000000000000000000e+00,7.317460000000108877e-03,-2.782095599999999669e-01,-4.428975000000000550e-01,9.949089399999999639e-01,8.244533199999999340e-01,4.847604199999999697e-01,8.152333199999999280e-01,1.563620199999999905e-01,-9.089977399999999985e-01,1.351805399999999047e-01,-9.508899800000000235e-01,-4.228688999999999920e-01
8.513487012915794960e-02,3.791476532464505556e-01,4.590106436103404963e-01,2.258806177915504906e-02,-8.267807203543881683e-03,7.513330777377605907e-01,2.749572834458451909e-01,-8.530404458066889739e-02,-9.134425184039428325e-02,2.146032491678201148e-01,-3.725476307698196710e-01,-3.263569574539548768e-02,-5.936499827880162283e-02,-1.715340629908221892e-01,-3.403713245582407065e-01,6.427149684931693363e-01,-1.727816194240306136e-01,-4.488573156716994111e-02,3.089889628746717021e-01,-1.981218476405155818e-02,-2.091199581556277276e-01,5.188067011989137001e-01,1.817442855015642678e-01,4.256762976139499832e-01,-5.948160146144491900e-02,4.525433852589789696e-01,7.317460000000108877e-03,1.000000000000000000e+00,-2.668427986046923994e-01,5.434221503394950359e-01,1.936574572257118709e-02,6.729986311161799406e-02,-4.321746301782757871e-01,4.228172449836827829e-01,4.616269581773970176e-01,1.089309948011102508e-01,3.598418095750969825e-01,-5.800465741413617787e-02,8.861609150169338922e-02
-7.547474063131989208e-01,2.009565235288311713e-01,-8.836892103932426912e-02,2.198833444901754086e-01,-1.599484453800692207e-01,1.852021343951349708e-01,-3.100921022110144157e-02,1.547189711647541099e-01,7.786888638866450441e-01,-5.472352038648029549e-01,3.325447953658878242e-01,-1.566551773004568326e-01,-4.262809209799478527e-01,5.103724068769981831e-02,7.086000299188250917e-01,-5.778788780876810138e-01,-5.603784773568422084e-01,-2.085186761708579528e-02,-7.749105050070864698e-01,-6.611305198275260198e-01,5.098007104807535939e-01,3.926238416294242084e-01,-1.151270326616824075e-01,3.213934908962987613e-01,1.406889909840743358e-01,-2.466710245392639833e-01,-2.782095599999999669e-01,-2.668427986046923994e-01,1.000000000000000000e+00,-4.755950771279162659e-01,-2.107460765115155843e-01,-1.440267307832271138e-01,-5.574470483722859804e-01,-3.001298493155630243e-01,5.510042424819879825e-01,5.396335124594808796e-01,-8.286890305220332431e-01,2.801927230253662415e-01,3.002814634313172304e-01
4.155315886093099639e-03,5.333492583993025837e-01,5.081834935249841534e-01,5.764061238900154011e-02,-5.062459819370251912e-01,-4.012590795347492634e-02,-2.327446377737136390e-02,2.995863446122238316e-01,1.039274827792112735e-02,7.248539240892053481e-01,-2.615806101747512602e-01,-5.284145393368426813e-01,-2.092806543932488328e-01,-6.413304872173195559e-01,-3.946525654417650242e-01,4.680877798311761095e-01,-1.207276549751945816e-01,5.477473508338936981e-01,1.114893237967415490e-01,3.029588770536377207e-01,-5.315936422799364403e-01,5.260267110953287251e-02,-2.142906167699179798e-01,3.735578921705020594e-01,-5.120428940571642995e-01,8.275104215501895011e-01,-4.428975000000000550e-01,5.434221503394950359e-01,-4.755950771279162659e-01,1.000000000000000000e+00,-4.751443719376364783e-01,-5.105971681573233667e-01,-2.419959551295574052e-01,-8.550801940915336852e-02,-1.822656406811272167e-01,2.764595022022688364e-01,5.954325215988468534e-01,3.198715832828208927e-01,7.009986333991202745e-02
7.411062391785895320e-01,-6.716084198287697316e-01,-1.511072098566787203e-01,-4.212547914355879164e-01,9.829914670462025494e-01,3.757936582944809700e-01,3.386308101326221953e-01,-3.581111832586554300e-01,-7.235392684121600970e-01,-3.269490538317799122e-01,1.234637896519111405e-01,9.959176707314558730e-01,7.869757918153106324e-01,8.396712428660753069e-01,-3.431704615744421982e-01,3.613397385134702322e-01,4.129165461487119826e-01,-9.597135136978005576e-01,7.133317192809787155e-01,-1.326588412425558916e-01,4.017420507898833981e-01,-2.337973134391295726e-01,5.077632465308226095e-01,-3.328818975916772449e-01,7.633387779829678976e-01,-7.310500354238546050e-01,9.949089399999999639e-01,1.936574572257118709e-02,-2.107460765115155843e-01,-4.751443719376364783e-01,1.000000000000000000e+00,8.317416225830126519e-01,4.235323245109236523e-01,8.251935327393836728e-01,2.184577883097381101e-01,-8.721079180317961033e-01,8.487792092496820873e-02,-9.434503773977233054e-01,-4.356722816662409459e-01
5.415849097752242214e-01,-8.432961864980298428e-01,-5.818656663257718575e-01,1.938533918696023345e-02,7.843120825266872709e-01,4.766299643382884144e-01,5.871863161836084893e-02,-7.817285174267805115e-01,-6.049066500439137517e-01,-6.480665307796370511e-01,-2.601251166309038187e-01,8.445686522003937879e-01,3.977033821838837357e-01,8.867370545236209489e-01,-1.717250322885278124e-01,2.625550951018723253e-02,5.953809094838186100e-01,-7.992194682123608951e-01,6.050679016949804812e-01,5.096249342422017048e-02,4.410384392169415246e-01,1.170259810150965224e-01,5.996523887221261173e-01,-6.385395989588869003e-01,5.510269703068959579e-01,-6.806787489533785429e-01,8.244533199999999340e-01,6.729986311161799406e-02,-1.440267307832271138e-01,-5.105971681573233667e-01,8.317416225830126519e-01,1.000000000000000000e+00,5.338377404462774090e-01,5.310600118910269174e-01,1.630198833306151507e-01,-6.759984493499833214e-01,-9.752284890697140995e-02,-6.256987179610119520e-01,-1.313831226861880974e-01
6.750507419986763180e-01,-8.328196981407858246e-01,-6.382940530354439534e-01,-1.821741657886317240e-03,3.598613051931690565e-01,-4.282151992085440062e-01,-2.075155987698719673e-01,-5.249571383812364767e-01,-7.392038455588245682e-01,-9.554134004115463763e-02,-2.622648898491420355e-01,4.331880759769163869e-01,3.767937585079738083e-01,4.527770019035273763e-01,-4.231106815029722634e-01,-1.293382185098224113e-01,9.139524672170560304e-01,-2.289774086574561107e-01,6.038380358770902845e-01,6.417305399885105954e-01,-5.009779002817375121e-02,-5.078754128173551541e-01,3.281830512097209662e-01,-9.110997334774774137e-01,1.466759922952265947e-02,-3.278726814284153024e-01,4.847604199999999697e-01,-4.321746301782757871e-01,-5.574470483722859804e-01,-2.419959551295574052e-01,4.235323245109236523e-01,5.338377404462774090e-01,1.000000000000000000e+00,7.000459713560219788e-02,-6.807715492603620966e-01,-7.117425307629228204e-01,1.763005892086395021e-01,-3.238719931139640296e-01,-1.554704415547228102e-01
6.818467549553161033e-01,-2.541799142038660975e-01,3.359944082848191349e-01,-6.554149014635715087e-01,8.080541875269745544e-01,5.495378382654347860e-01,5.960776240284320071e-01,-1.094151467793957472e-01,-6.377231579267907957e-01,8.488318993719898287e-02,3.958647692973486787e-02,7.841307855189202369e-01,7.449053361194311051e-01,5.322523881143609303e-01,-5.186191628145998544e-01,7.271133029680756366e-01,1.286869018205454018e-01,-8.041094773266683760e-01,7.449532837481047665e-01,-1.763357877397656592e-01,6.944903122511730809e-02,-2.299287474270078346e-01,3.462506294277444274e-01,1.125653494318981096e-01,5.533283212396007400e-01,-3.349742650880335182e-01,8.152333199999999280e-01,4.228172449836827829e-01,-3.001298493155630243e-01,-8.550801940915336852e-02,8.251935327393836728e-01,5.310600118910269174e-01,7.000459713560219788e-02,1.000000000000000000e+00,3.212523884111462835e-01,-7.243158096179775907e-01,3.159348706581830424e-01,-8.953940860014615311e-01,-5.463231061664685084e-01
-2.728238127872905650e-01,2.969580103503287605e-01,3.089659287112339059e-01,1.030494735997707356e-01,2.617932628539658135e-01,7.713042718709278711e-01,2.896116200504025850e-01,1.470000718141252771e-01,3.459124966405629498e-01,-4.014582469990547464e-01,3.151207425314106469e-01,2.335333760699004613e-01,-2.284086082924241534e-03,1.663367640793988744e-01,2.321305630774861961e-01,1.557453769072977834e-01,-5.224547860797018606e-01,-4.255332607751055596e-01,-2.236498675637921263e-01,-7.128534801480106431e-01,6.016695073792083237e-01,6.480617301194414592e-01,2.203116187662716996e-01,5.573782867177473621e-01,4.964485286256606345e-01,-2.104425853020672754e-01,1.563620199999999905e-01,4.616269581773970176e-01,5.510042424819879825e-01,-1.822656406811272167e-01,2.184577883097381101e-01,1.630198833306151507e-01,-6.807715492603620966e-01,3.212523884111462835e-01,1.000000000000000000e+00,2.317791452932590479e-01,-3.910238878687241626e-01,-1.975980637001533979e-01,2.764235376429104440e-01
-9.360402545498336391e-01,7.127848824095043279e-01,1.544109595646552813e-01,4.884824088301767397e-01,-8.355253085002334323e-01,3.185039764829200593e-04,-2.455228574492085425e-01,3.093490158459039630e-01,9.189965334845884293e-01,-1.100534723801236021e-02,1.623325103456044194e-02,-8.566458784610289090e-01,-8.392949569804157850e-01,-6.593893880378404182e-01,6.211199977920440762e-01,-3.954917321748553372e-01,-6.755390973529759036e-01,7.355211310885541032e-01,-8.731592563552212916e-01,-2.307198378353778057e-01,-6.375540610526256313e-02,5.829695582702658641e-01,-4.161638248759472192e-01,5.000708136127638426e-01,-4.611397816079195744e-01,5.078467063134936010e-01,-9.089977399999999985e-01,1.089309948011102508e-01,5.396335124594808796e-01,2.764595022022688364e-01,-8.721079180317961033e-01,-6.759984493499833214e-01,-7.117425307629228204e-01,-7.243158096179775907e-01,2.317791452932590479e-01,1.000000000000000000e+00,-3.377342403554800532e-01,8.830876709027211113e-01,4.971590026275279350e-01
5.624400881070374947e-01,1.189209602327387927e-01,3.953569553781146606e-01,-3.141327457271848034e-01,9.610430752629212092e-02,-9.867805774123378226e-02,5.650521296512357045e-02,1.097914927301063132e-01,-5.414514598761137609e-01,6.495449046896372147e-01,-2.209302530255222441e-01,2.394406391461689418e-02,4.059552465426181644e-01,-2.407166305234490489e-01,-5.124476222900301581e-01,6.860773069463195206e-01,2.107395966013999589e-01,7.843721186915224297e-02,5.758069072465535898e-01,2.677915645091318853e-01,-5.747528356457303200e-01,-3.395835146649148206e-01,-1.364733795437304553e-01,4.311756364645014106e-02,-5.746211295834056237e-02,3.294711877123277510e-01,1.351805399999999047e-01,3.598418095750969825e-01,-8.286890305220332431e-01,5.954325215988468534e-01,8.487792092496820873e-02,-9.752284890697140995e-02,1.763005892086395021e-01,3.159348706581830424e-01,-3.910238878687241626e-01,-3.377342403554800532e-01,1.000000000000000000e+00,-2.442700325938524930e-01,-4.660223007694636599e-01
-7.958995915686055689e-01,4.795447984007879527e-01,-1.257362512027105361e-01,5.744458489500481324e-01,-9.482130411883704646e-01,-2.823385289063707893e-01,-4.421985492471292023e-01,9.486705952067378544e-02,7.241049257883248602e-01,5.592181083835320865e-02,-2.272766543859674193e-01,-9.301274138710167172e-01,-8.973930911612487682e-01,-6.619400352750581806e-01,4.868163028861767772e-01,-5.275528707701914177e-01,-3.294665882673239454e-01,9.070073183683114992e-01,-7.316643478802167255e-01,1.896913142321191847e-01,-2.836928135862241129e-01,4.021109984258575132e-01,-3.837625964991301375e-01,1.240929435543307313e-01,-7.074274019994377660e-01,5.806165326593601961e-01,-9.508899800000000235e-01,-5.800465741413617787e-02,2.801927230253662415e-01,3.198715832828208927e-01,-9.434503773977233054e-01,-6.256987179610119520e-01,-3.238719931139640296e-01,-8.953940860014615311e-01,-1.975980637001533979e-01,8.830876709027211113e-01,-2.442700325938524930e-01,1.000000000000000000e+00,5.090661512024491353e-01
-3.965215668858552145e-01,1.987907428151936828e-01,-2.195253919062101766e-01,8.090339305662346270e-01,-4.520858185627043557e-01,2.173025916931681234e-02,-4.702047163215771208e-01,1.324016393682796167e-02,4.332739730042676762e-01,-2.483190460864948546e-01,-1.164868435234454602e-01,-3.897615184500623497e-01,-5.370820176480526342e-01,-2.796969547114921406e-01,6.022946312456838036e-02,-4.564452018086045393e-01,4.558355047861695208e-02,3.357704748427450259e-01,-4.224444979086847130e-01,7.921858159383775300e-02,2.757975694768857178e-01,5.670258166504712483e-01,1.466451872476320639e-01,-7.311507693517627082e-03,-3.510104489393257587e-01,2.818015633971259759e-01,-4.228688999999999920e-01,8.861609150169338922e-02,3.002814634313172304e-01,7.009986333991202745e-02,-4.356722816662409459e-01,-1.313831226861880974e-01,-1.554704415547228102e-01,-5.463231061664685084e-01,2.764235376429104440e-01,4.971590026275279350e-01,-4.660223007694636599e-01,5.090661512024491353e-01,1.000000000000000000e+00
