1.000000000000000000e+00,-7.298466643225391681e-02,-2.949478489942009563e-01,2.156812224125304045e-01,4.151521960333704464e-01,-3.305821830430263342e-01,9.197954096896994447e-02,5.558105758932211371e-01,-3.229624495657482663e-01,6.015076194809820809e-02,2.934188190517795780e-01,-2.917902225397076554e-01,4.209195781228275979e-01,-2.600286111038356274e-01,1.216560748743339068e-02,6.432952064066110864e-01,1.084724544068368518e-01,6.432370827436428851e-01,-2.430858541468390310e-01,3.190098563789493524e-01,1.007534433167114607e-01,-1.503851895439011488e-01,2.316359601777466803e-01,2.334627199999999014e-01,-2.470930558510117392e-01,8.527041454213707405e-02,3.575555376474164881e-01,6.428678451755872603e-01,-3.624410445928810676e-02,-1.415478099444360538e-01,2.394310612290646845e-01,6.829144522945371221e-02,1.188391547009070293e-01,2.428901923259342288e-01,8.879922166382245297e-02,-1.195656181493692377e-01,-3.218772068065354208e-01,2.843505529707842094e-01,-9.106735285798028823e-02
-7.298466643225391681e-02,1.000000000000000000e+00,-4.102570184476136417e-01,5.045083368374866373e-01,2.054119525819618486e-01,-5.511783396457733408e-01,-2.415017697098553462e-01,-6.767175174508276159e-02,2.412812347643523703e-01,-6.431902161072844404e-01,6.227855574226266455e-01,-8.538395963356513185e-01,2.141389845366254985e-01,1.051841597703088715e-01,-6.586246977635727973e-01,5.425931670936463558e-01,-2.746231038981341577e-01,-1.439593018983691131e-01,-7.497587022965511716e-01,6.806616078560395744e-01,6.432763728258258373e-01,5.516635922235422207e-01,7.852695906669556747e-01,8.362375799999999249e-01,-5.598986799513223644e-01,5.415996810265335526e-01,2.925385286271213747e-01,-5.104566037030217052e-01,1.985394532519788313e-01,1.571918017064093120e-01,1.458836443259217963e-01,-4.107174419685214461e-01,3.877648374661542552e-01,7.976988380071868834e-01,8.797718452287880408e-01,-6.903730330690522887e-01,9.697290000935307464e-02,-6.277330465472358290e-01,-2.361143970047806795e-01
-2.949478489942009563e-01,-4.102570184476136417e-01,1.000000000000000000e+00,-6.643499048382092154e-01,-3.243559947076820604e-01,3.910900658745578018e-01,-3.101453645104158552e-01,-6.067720646944209095e-01,-5.269900260615745236e-01,-4.174939414182265995e-02,-6.086971380428238820e-01,3.877145483408515614e-01,-7.530342819980024860e-01,-1.308243807139298776e-01,-2.151182983369324953e-03,-3.347703889367381613e-01,-1.612572184823764937e-02,-2.889593733593030095e-02,3.531929566398205877e-01,-5.567678768489455754e-01,-3.853438776485372808e-01,-5.795060137387813004e-01,-4.475342107174907769e-01,-6.043233999999999551e-01,6.692951168264548167e-01,1.390924882756400249e-02,-7.394015588620197477e-01,-1.752836309458669778e-02,3.958219064522173758e-01,3.320618129895152038e-01,6.925804430753310093e-02,3.658140650313307374e-01,-7.247895025812062242e-01,-6.247959718790738748e-01,-5.217316216367542392e-01,1.079535292282380043e-01,5.145611811640346533e-03,-7.607956816558822388e-02,3.454181234258195121e-01
2.156812224125304045e-01,5.045083368374866373e-01,-6.643499048382092154e-01,1.000000000000000000e+00,2.783949970756039588e-02,-1.777680660581008876e-01,2.902624511286636122e-01,5.413208488919692973e-01,6.634165833949438040e-01,1.694213720396728906e-01,8.391051548867692889e-01,-4.230412284452999550e-01,8.912754205471641322e-01,2.708917063052762586e-01,-5.438804757774266807e-02,3.638884471490010375e-01,-2.215776798201564979e-01,-1.403037349519835331e-01,-3.227086877313270485e-01,5.910979092754882203e-01,1.057094220784376981e-01,7.657035565299847857e-01,3.944505141583160568e-01,6.870557799999998938e-01,-8.568276451470884236e-01,-1.397144568666674747e-01,9.426905774472622568e-01,-1.631937573486373916e-01,-4.879684226943070136e-01,-6.918411976279774667e-01,6.998979776196136149e-02,-7.508995862561705925e-01,7.508114704060069311e-01,7.427848023279943757e-01,7.218510337907696472e-01,4.277277546542033321e-03,2.024544743192861762e-01,1.824796219533573738e-01,-2.184371697026717407e-01
4.151521960333704464e-01,2.054119525819618486e-01,-3.243559947076820604e-01,2.783949970756039588e-02,1.000000000000000000e+00,-5.789979553004134250e-01,-8.222651327892073481e-02,6.231386940085889004e-01,-1.081368734169204857e-02,-2.855752776882775068e-01,4.415882405368862923e-02,-2.472193577718389268e-01,5.193102701046127534e-02,-2.383867491224039292e-01,1.252297518826536726e-02,1.950415187871958056e-01,6.444880787373123976e-01,3.655926639829907288e-01,-3.721955421342451054e-01,3.654263356443964161e-01,6.645153280389459738e-01,1.891833155522735788e-01,5.183917614657964634e-01,3.730409199999999981e-01,-4.850604430064300865e-01,2.700515605036002964e-01,1.835852934513945711e-01,-1.202993419465352501e-02,-2.249745825470658156e-01,4.525035343552525902e-01,-4.285689077247960554e-01,5.522065797116053609e-01,5.430095849287647214e-01,3.371454900167456525e-01,7.226501603483274916e-02,-3.923078328519452040e-01,-5.623092304882110204e-01,-1.568653654838679246e-01,1.444877258034864449e-02
-3.305821830430263342e-01,-5.511783396457733408e-01,3.910900658745578018e-01,-1.777680660581008876e-01,-5.789979553004134250e-01,1.000000000000000000e+00,1.667014760219771019e-01,-1.679392498802920186e-01,-1.115606362566842480e-01,6.985779106916264469e-01,-4.522777274853445606e-01,6.523216576762260743e-01,-2.191550423597184993e-01,2.782044075656806004e-01,5.275234002058221128e-01,-6.383048743565299388e-01,1.860013208666480844e-01,-3.959759332864853931e-01,8.486305391775703644e-01,-8.361586203778584858e-01,-9.004281639504342349e-01,-2.222362220209036371e-02,-8.553557667608570059e-01,-7.581347200000000397e-01,4.340370753958447403e-01,-7.239224743074478274e-01,-1.909430960588072990e-01,-3.912450846951218836e-02,-3.779338443194473207e-01,-3.538500559774458432e-01,-2.808037919611560129e-01,5.758099136292982312e-02,-3.968025839355072137e-01,-7.119140552860686588e-01,-4.972914425660778237e-01,8.048364323237647833e-01,-1.975378752945356198e-01,5.302236231571612057e-01,6.264377761268720146e-01
9.197954096896994447e-02,-2.415017697098553462e-01,-3.101453645104158552e-01,2.902624511286636122e-01,-8.222651327892073481e-02,1.667014760219771019e-01,1.000000000000000000e+00,3.740658757663239964e-01,2.905983763587633439e-01,3.757469799079458106e-01,2.680470386036971631e-01,2.447751210905812769e-01,4.253595140056584123e-01,-3.367374337643312399e-01,1.545811474821429110e-01,-3.756363290335531513e-01,-1.236287036758882685e-01,2.550586117420899912e-01,9.091411530641317629e-02,1.066353576733085479e-01,-2.390667597343200390e-01,-7.760835553508305812e-03,-1.052845641515167963e-01,2.050179999999901526e-03,-2.104369387113121659e-01,-2.052277338632984560e-01,4.068805024442556650e-01,5.273542199270037090e-01,-5.390915753653063858e-01,-3.539889903746436528e-01,1.492597346891304244e-01,-2.026225358347882866e-01,2.720355486618495910e-01,8.205808924336817356e-02,-2.980823214324070936e-01,2.718137888534278845e-01,2.863886850464051892e-01,1.880300238772156796e-01,-1.427548732971292873e-02
5.558105758932211371e-01,-6.767175174508276159e-02,-6.067720646944209095e-01,5.413208488919692973e-01,6.231386940085889004e-01,-1.679392498802920186e-01,3.740658757663239964e-01,1.000000000000000000e+00,4.118661971478308481e-01,4.304059754348958933e-01,2.896699172637638986e-01,4.532017592953835328e-02,6.805205003177785539e-01,8.471466666097612896e-02,4.772967975336884772e-01,9.959553249463926061e-02,5.327679410134464888e-01,1.720239717097442611e-01,1.741212751905052425e-02,2.551029363210104428e-01,1.082594512703537459e-01,4.841273097840305129e-01,1.371065526469085194e-01,2.646356800000000398e-01,-7.142766397941409107e-01,-3.648088603532861351e-01,7.630904537573113267e-01,1.801895696591541696e-01,-7.619470054645923751e-01,-3.834156129469217245e-01,-4.287738494906430664e-01,5.151331886415488892e-02,7.790878175078090884e-01,3.068383040498412484e-01,9.312439727639761078e-02,2.393708004276586254e-01,-3.927592876563822388e-01,4.984431278415941136e-01,6.804395423620701600e-02
-3.229624495657482663e-01,2.412812347643523703e-01,-5.269900260615745236e-01,6.634165833949438040e-01,-1.081368734169204857e-02,-1.115606362566842480e-01,2.905983763587633439e-01,4.118661971478308481e-01,1.000000000000000000e+00,3.083299191925337190e-01,3.781960605419589783e-01,8.151051080995778964e-02,6.468007881495742017e-01,5.125318336724316026e-01,3.057328730274728734e-01,-1.311205247168802657e-01,-4.054506391603537874e-02,-5.047874166955891306e-01,5.898308760805240532e-03,2.904231639093568518e-01,9.235212156785171933e-02,7.291193372540996087e-01,1.020169576698309738e-01,3.536505800000000477e-01,-6.508696402072889908e-01,-3.534057369788805025e-01,6.954898392078271430e-01,-4.262610402156998823e-01,-5.310822045050319629e-01,-5.650173172732095850e-01,-2.961825172774180115e-01,-5.461305159215390503e-01,7.618282313669805239e-01,3.884744394850958016e-01,4.122524980384755788e-01,2.351589842464208158e-01,3.570592245490768479e-01,2.085290837390693097e-01,-2.196494984811611928e-01
6.015076194809820809e-02,-6.431902161072844404e-01,-4.174939414182265995e-02,1.694213720396728906e-01,-2.855752776882775068e-01,6.985779106916264469e-01,3.757469799079458106e-01,4.304059754348958933e-01,3.083299191925337190e-01,1.000000000000000000e+00,-2.645564645108269275e-01,7.390677300751564704e-01,3.486788961764690775e-01,4.744979613740848423e-01,8.855399887412505056e-01,-4.221593578835134419e-01,3.305830020156540483e-01,-3.508886635556613953e-01,8.399474169464210549e-01,-5.839881884745974361e-01,-8.025750551846327907e-01,2.008976316934196760e-01,-7.886819071798012448e-01,-5.706978000000000328e-01,5.330021636948831243e-03,-9.660273200956879247e-01,3.374694126996284904e-01,1.581651658873896027e-01,-6.984061764668378913e-01,-7.221272367011191129e-01,-4.166443150124984340e-01,-7.836969939177318434e-02,8.949784852487918663e-02,-5.014829516539585086e-01,-3.729621222913166445e-01,9.709347038995019830e-01,-1.815016992930692519e-01,8.820903837138955872e-01,4.441721556095442058e-01
2.934188190517795780e-01,6.227855574226266455e-01,-6.086971380428238820e-01,8.391051548867692889e-01,4.415882405368862923e-02,-4.522777274853445606e-01,2.680470386036971631e-01,2.896699172637638986e-01,3.781960605419589783e-01,-2.645564645108269275e-01,1.000000000000000000e+00,-7.098209962903710979e-01,7.296557480000241958e-01,-1.769699965719719881e-01,-5.080713007366096656e-01,5.387306373319041830e-01,-5.270412302430171891e-01,2.488168832135996267e-01,-7.042778284442642311e-01,8.546430882872427803e-01,3.805758788170877094e-01,4.222349221925262852e-01,6.993145259741042619e-01,8.686084000000000582e-01,-7.140749192958781855e-01,3.547543517104150279e-01,7.313767168649627504e-01,5.611844128941637089e-02,-9.646018029017372486e-02,-3.871938678485217222e-01,4.918139784622783117e-01,-7.308384132383978216e-01,5.609851311566615983e-01,9.046433165551895916e-01,7.268413047276554018e-01,-4.234356625520747097e-01,4.132390920710192761e-01,-1.826856475780443967e-01,-5.147677996091136743e-01
-2.917902225397076554e-01,-8.538395963356513185e-01,3.877145483408515614e-01,-4.230412284452999550e-01,-2.472193577718389268e-01,6.523216576762260743e-01,2.447751210905812769e-01,4.532017592953835328e-02,8.151051080995778964e-02,7.390677300751564704e-01,-7.098209962903710979e-01,1.000000000000000000e+00,-2.363271095593360849e-01,2.190337959361456088e-01,7.907694697929530392e-01,-7.716473354609352242e-01,3.824781867839317506e-01,-3.127460038652614682e-01,8.938647113767402841e-01,-7.865725339656779447e-01,-6.920861402825345676e-01,-2.350056696634164055e-01,-8.799877039279991875e-01,-8.590647799999999723e-01,4.221351304259757242e-01,-7.314057971492552435e-01,-2.407471071107480931e-01,1.429320534464390557e-01,-3.923088449288024693e-01,-1.988974262058057496e-01,-4.512702532918173581e-01,3.439141566896781743e-01,-2.289244048065053883e-01,-8.184827808246899483e-01,-7.825134226346882604e-01,8.256151230784675166e-01,-9.069373544535785925e-02,5.423074932374082335e-01,4.698314376864485831e-01
4.209195781228275979e-01,2.141389845366254985e-01,-7.530342819980024860e-01,8.912754205471641322e-01,5.193102701046127534e-02,-2.191550423597184993e-01,4.253595140056584123e-01,6.805205003177785539e-01,6.468007881495742017e-01,3.486788961764690775e-01,7.296557480000241958e-01,-2.363271095593360849e-01,1.000000000000000000e+00,2.391800558506313179e-01,1.612851089104153091e-01,3.798764229277525883e-01,-1.831290509313477644e-01,1.160616612207105922e-02,-1.961391814691883506e-01,5.281947064148075910e-01,4.030722827130971131e-02,5.667341189583308125e-01,2.497929320256003505e-01,5.336402000000000090e-01,-7.492367308821845651e-01,-2.564487156917243382e-01,9.581032225191958851e-01,1.480362214978293844e-01,-4.971976591742359175e-01,-7.739383305849416583e-01,1.045429008565296886e-01,-6.708135943323315642e-01,7.103688520274539231e-01,5.936760055511374201e-01,5.147739234385808604e-01,1.536186628020273781e-01,2.255669197335968823e-01,4.016994342425478370e-01,-3.387040200370320386e-01
-2.600286111038356274e-01,1.051841597703088715e-01,-1.308243807139298776e-01,2.708917063052762586e-01,-2.383867491224039292e-01,2.782044075656806004e-01,-3.367374337643312399e-01,8.471466666097612896e-02,5.125318336724316026e-01,4.744979613740848423e-01,-1.769699965719719881e-01,2.190337959361456088e-01,2.391800558506313179e-01,1.000000000000000000e+00,5.362682487600153314e-01,3.298916567585985504e-02,2.059944305905045958e-01,-8.565400182961241393e-01,4.579151742634599564e-01,-3.281893957674129059e-01,-3.091535103651949501e-01,6.156193678994080765e-01,-3.748022088006736086e-01,-1.489906399999999520e-01,-1.629309626605150996e-01,-6.464712800706524654e-01,2.503409243318483468e-01,-6.105245261794832734e-01,-2.457319121746263935e-01,-4.778492192064204280e-01,-5.174224029530755109e-01,-2.895733979022477866e-01,1.703039954280731461e-01,-1.615775106937013261e-01,3.492999609819164020e-01,5.056914099253142503e-01,-1.557756317226105802e-01,4.089615821940092433e-01,2.810882848021103997e-01
1.216560748743339068e-02,-6.586246977635727973e-01,-2.151182983369324953e-03,-5.438804757774266807e-02,1.252297518826536726e-02,5.275234002058221128e-01,1.545811474821429110e-01,4.772967975336884772e-01,3.057328730274728734e-01,8.855399887412505056e-01,-5.080713007366096656e-01,7.907694697929530392e-01,1.612851089104153091e-01,5.362682487600153314e-01,1.000000000000000000e+00,-4.435507403076464072e-01,6.212841479145950752e-01,-3.634840364971483884e-01,8.399275414299900433e-01,-6.375703006751107793e-01,-5.691414954287198347e-01,1.865360605637167990e-01,-7.362441142033765429e-01,-6.165469000000000088e-01,3.941576072210465492e-02,-9.108251142779795195e-01,1.767506588891300245e-01,-6.196522246334583255e-03,-6.284186660767607790e-01,-4.422899603542991276e-01,-6.832241238294364249e-01,2.396033186779292501e-01,1.389003865436694296e-01,-5.914109915062113476e-01,-4.428711540697265470e-01,8.767300191493777595e-01,-3.805170352355293217e-01,8.397234656942287323e-01,4.393752164641361313e-01
6.432952064066110864e-01,5.425931670936463558e-01,-3.347703889367381613e-01,3.638884471490010375e-01,1.950415187871958056e-01,-6.383048743565299388e-01,-3.756363290335531513e-01,9.959553249463926061e-02,-1.311205247168802657e-01,-4.221593578835134419e-01,5.387306373319041830e-01,-7.716473354609352242e-01,3.798764229277525883e-01,3.298916567585985504e-02,-4.435507403076464072e-01,1.000000000000000000e+00,-3.235819115794320577e-01,3.024168499269165866e-01,-6.417171206398021299e-01,6.234671201110064676e-01,4.483281430025080061e-01,8.723629803408167183e-02,5.999348764495300301e-01,6.338619199999999676e-01,-3.168251895127124906e-01,4.460372192763460975e-01,2.947800632724368874e-01,9.594220878951192910e-02,4.408396461840203839e-01,-5.232524802521430762e-02,4.509274622785596209e-01,-3.443450791661936128e-01,1.025010054698432815e-01,5.926746340559954085e-01,7.016846406156573845e-01,-5.449489045339059867e-01,1.751979364476180523e-02,-1.543244930512200908e-01,-4.199990244609737022e-01
1.084724544068368518e-01,-2.746231038981341577e-01,-1.612572184823764937e-02,-2.215776798201564979e-01,6.444880787373123976e-01,1.860013208666480844e-01,-1.236287036758882685e-01,5.327679410134464888e-01,-4.054506391603537874e-02,3.305830020156540483e-01,-5.270412302430171891e-01,3.824781867839317506e-01,-1.831290509313477644e-01,2.059944305905045958e-01,6.212841479145950752e-01,-3.235819115794320577e-01,1.000000000000000000e+00,-1.215440800759750306e-01,4.296395642956440386e-01,-4.265650570306109834e-01,-1.665707900039499131e-02,2.371123999089333745e-01,-2.517999283586221937e-01,-3.327246999999999844e-01,-1.115170736974077648e-01,-4.245659895956496177e-01,-3.107882119401308291e-02,-1.866723340583027191e-01,-5.287403983815810449e-01,2.303718956893429926e-01,-8.941433565120272542e-01,7.435127657974687221e-01,2.504710776156621743e-01,-3.523909088677593116e-01,-3.422324950017538447e-01,3.285143315004289133e-01,-8.709574935264750017e-01,3.332474894252765441e-01,5.767716381075280729e-01
6.432370827436428851e-01,-1.439593018983691131e-01,-2.889593733593030095e-02,-1.403037349519835331e-01,3.655926639829907288e-01,-3.959759332864853931e-01,2.550586117420899912e-01,1.720239717097442611e-01,-5.047874166955891306e-01,-3.508886635556613953e-01,2.488168832135996267e-01,-3.127460038652614682e-01,1.160616612207105922e-02,-8.565400182961241393e-01,-3.634840364971483884e-01,3.024168499269165866e-01,-1.215440800759750306e-01,1.000000000000000000e+00,-4.707826554171499200e-01,3.986322078727805307e-01,3.308927939342076741e-01,-5.706866106952539486e-01,4.042934651787271627e-01,2.164546599999999099e-01,5.906081656458833651e-02,5.480967833491916519e-01,-4.929815696379664242e-02,7.247932614793937134e-01,2.422612335829361641e-01,2.991975064869576983e-01,5.214216089238140617e-01,2.504861540389913821e-01,-8.683547519310595708e-02,2.110793712748099404e-01,-2.262896020464944813e-01,-4.586630100764850226e-01,1.309265923153265024e-02,-1.030744048087360587e-01,-3.929423277275596593e-01
-2.430858541468390310e-01,-7.497587022965511716e-01,3.531929566398205877e-01,-3.227086877313270485e-01,-3.721955421342451054e-01,8.486305391775703644e-01,9.091411530641317629e-02,1.741212751905052425e-02,5.898308760805240532e-03,8.399474169464210549e-01,-7.042778284442642311e-01,8.938647113767402841e-01,-1.961391814691883506e-01,4.579151742634599564e-01,8.399275414299900433e-01,-6.417171206398021299e-01,4.296395642956440386e-01,-4.707826554171499200e-01,1.000000000000000000e+00,-9.227216184777538022e-01,-8.456020277365139393e-01,-6.166984631193419414e-02,-9.739398306850538534e-01,-8.947021800000000136e-01,4.379048011737837753e-01,-8.808699244594072608e-01,-2.000268035215852780e-01,5.304421030106942683e-04,-4.149065379976531465e-01,-3.275031405666674611e-01,-5.199172485275601607e-01,2.577040182558741344e-01,-3.104226250610586102e-01,-8.622841811727117722e-01,-6.258799510869781368e-01,9.343074155116396495e-01,-2.949055231538196820e-01,6.805962271052413692e-01,6.226955871332396919e-01
3.190098563789493524e-01,6.806616078560395744e-01,-5.567678768489455754e-01,5.910979092754882203e-01,3.654263356443964161e-01,-8.361586203778584858e-01,1.066353576733085479e-01,2.551029363210104428e-01,2.904231639093568518e-01,-5.839881884745974361e-01,8.546430882872427803e-01,-7.865725339656779447e-01,5.281947064148075910e-01,-3.281893957674129059e-01,-6.375703006751107793e-01,6.234671201110064676e-01,-4.265650570306109834e-01,3.986322078727805307e-01,-9.227216184777538022e-01,1.000000000000000000e+00,7.551669369845540603e-01,2.481283403396120635e-01,9.239567305778614292e-01,9.565991400000000144e-01,-6.706072354056709095e-01,6.580292308073268925e-01,5.276869104232011498e-01,5.403284369504784274e-02,1.436550534465272366e-01,3.057198344814901145e-03,4.607946025930664824e-01,-4.505596593628247715e-01,5.718581339388041362e-01,9.568658049372845698e-01,6.838586711712448807e-01,-7.349921217398608375e-01,3.878830908398235300e-01,-4.505733299710109607e-01,-6.700750717145453894e-01
1.007534433167114607e-01,6.432763728258258373e-01,-3.853438776485372808e-01,1.057094220784376981e-01,6.645153280389459738e-01,-9.004281639504342349e-01,-2.390667597343200390e-01,1.082594512703537459e-01,9.235212156785171933e-02,-8.025750551846327907e-01,3.805758788170877094e-01,-6.920861402825345676e-01,4.030722827130971131e-02,-3.091535103651949501e-01,-5.691414954287198347e-01,4.483281430025080061e-01,-1.665707900039499131e-02,3.308927939342076741e-01,-8.456020277365139393e-01,7.551669369845540603e-01,1.000000000000000000e+00,1.371342917839025177e-01,9.024890522076325361e-01,7.495116600000000240e-01,-4.197494058055880606e-01,7.694883802263945416e-01,7.715883367359106793e-02,-2.034054507272466672e-01,3.126419020698754103e-01,5.448259428177615327e-01,8.504125312068143427e-02,1.023053330974803832e-01,4.333463482555666157e-01,6.874381080306029013e-01,4.708600693131414494e-01,-8.627413038268646472e-01,3.949025148000941815e-02,-6.316908126574447557e-01,-5.576740487283123882e-01
-1.503851895439011488e-01,5.516635922235422207e-01,-5.795060137387813004e-01,7.657035565299847857e-01,1.891833155522735788e-01,-2.222362220209036371e-02,-7.760835553508305812e-03,4.841273097840305129e-01,7.291193372540996087e-01,2.008976316934196760e-01,4.222349221925262852e-01,-2.350056696634164055e-01,5.667341189583308125e-01,6.156193678994080765e-01,1.865360605637167990e-01,8.723629803408167183e-02,2.371123999089333745e-01,-5.706866106952539486e-01,-6.166984631193419414e-02,2.481283403396120635e-01,1.371342917839025177e-01,1.000000000000000000e+00,2.270509311864762902e-01,4.697647599999998924e-01,-7.840321939266771123e-01,-3.283448816772771561e-01,7.113430431428835465e-01,-6.514035689774141380e-01,-5.970305070223108634e-01,-4.330387498813005331e-01,-5.016253314132737007e-01,-4.063648786763610077e-01,7.679365071910581042e-01,4.868909319875180941e-01,6.589848432781720833e-01,1.256705763730311121e-01,-1.790012647529132250e-01,1.379826626377835264e-01,1.269596144163924745e-01
2.316359601777466803e-01,7.852695906669556747e-01,-4.475342107174907769e-01,3.944505141583160568e-01,5.183917614657964634e-01,-8.553557667608570059e-01,-1.052845641515167963e-01,1.371065526469085194e-01,1.020169576698309738e-01,-7.886819071798012448e-01,6.993145259741042619e-01,-8.799877039279991875e-01,2.497929320256003505e-01,-3.748022088006736086e-01,-7.362441142033765429e-01,5.999348764495300301e-01,-2.517999283586221937e-01,4.042934651787271627e-01,-9.739398306850538534e-01,9.239567305778614292e-01,9.024890522076325361e-01,2.270509311864762902e-01,1.000000000000000000e+00,9.327414800000000117e-01,-5.733575628676628178e-01,8.022760225492305830e-01,2.963863321499146108e-01,-1.170206287634057846e-01,2.592017527165925150e-01,3.192574992708490100e-01,3.251336032965458367e-01,-1.955793275819016630e-01,4.774890785274665816e-01,8.987881892214525381e-01,6.623864988799659237e-01,-8.954791882571693229e-01,1.612080126579710226e-01,-6.235353100043747876e-01,-5.663959820854245208e-01
2.334627199999999014e-01,8.362375799999999249e-01,-6.043233999999999551e-01,6.870557799999998938e-01,3.730409199999999981e-01,-7.581347200000000397e-01,2.050179999999901526e-03,2.646356800000000398e-01,3.536505800000000477e-01,-5.706978000000000328e-01,8.686084000000000582e-01,-8.590647799999999723e-01,5.336402000000000090e-01,-1.489906399999999520e-01,-6.165469000000000088e-01,6.338619199999999676e-01,-3.327246999999999844e-01,2.164546599999999099e-01,-8.947021800000000136e-01,9.565991400000000144e-01,7.495116600000000240e-01,4.697647599999998924e-01,9.327414800000000117e-01,1.000000000000000000e+00,-7.603601399999999622e-01,5.850357600000000158e-01,5.784335400000000238e-01,-1.762257400000000196e-01,6.417618000000002709e-02,-2.024075999999996878e-02,3.076196799999999509e-01,-4.829251399999999750e-01,6.380840199999999740e-01,9.917832399999999549e-01,8.294980000000000686e-01,-7.110533199999999887e-01,2.510650000000000936e-01,-4.496163199999999582e-01,-5.427688999999999986e-01
-2.470930558510117392e-01,-5.598986799513223644e-01,6.692951168264548167e-01,-8.568276451470884236e-01,-4.850604430064300865e-01,4.340370753958447403e-01,-2.104369387113121659e-01,-7.142766397941409107e-01,-6.508696402072889908e-01,5.330021636948831243e-03,-7.140749192958781855e-01,4.221351304259757242e-01,-7.492367308821845651e-01,-1.629309626605150996e-01,3.941576072210465492e-02,-3.168251895127124906e-01,-1.115170736974077648e-01,5.906081656458833651e-02,4.379048011737837753e-01,-6.706072354056709095e-01,-4.197494058055880606e-01,-7.840321939266771123e-01,-5.733575628676628178e-01,-7.603601399999999622e-01,1.000000000000000000e+00,-2.156066875183909604e-03,-8.709046600764912549e-01,2.324820041369062007e-01,5.409298018794936880e-01,3.472330910363251588e-01,1.971563813573136148e-01,3.896007065467108621e-01,-9.297262785801809759e-01,-7.914816500060973814e-01,-6.502793514759293014e-01,1.793488053943821936e-01,3.110046018737371368e-02,4.496864758154043608e-03,1.387683552117134622e-01
8.527041454213707405e-02,5.415996810265335526e-01,1.390924882756400249e-02,-1.397144568666674747e-01,2.700515605036002964e-01,-7.239224743074478274e-01,-2.052277338632984560e-01,-3.648088603532861351e-01,-3.534057369788805025e-01,-9.660273200956879247e-01,3.547543517104150279e-01,-7.314057971492552435e-01,-2.564487156917243382e-01,-6.464712800706524654e-01,-9.108251142779795195e-01,4.460372192763460975e-01,-4.245659895956496177e-01,5.480967833491916519e-01,-8.808699244594072608e-01,6.580292308073268925e-01,7.694883802263945416e-01,-3.283448816772771561e-01,8.022760225492305830e-01,5.850357600000000158e-01,-2.156066875183909604e-03,1.000000000000000000e+00,-2.760017449094772646e-01,7.704434094861484228e-02,6.848728078383063966e-01,6.556878202569094150e-01,5.766289746289986473e-01,3.867163019001129687e-02,-9.701875181060358455e-02,5.324770993913212624e-01,2.932466939338660983e-01,-9.702312881557570989e-01,2.748596693516962564e-01,-8.295926139192131288e-01,-5.345823231886064342e-01
3.575555376474164881e-01,2.925385286271213747e-01,-7.394015588620197477e-01,9.426905774472622568e-01,1.835852934513945711e-01,-1.909430960588072990e-01,4.068805024442556650e-01,7.630904537573113267e-01,6.954898392078271430e-01,3.374694126996284904e-01,7.313767168649627504e-01,-2.407471071107480931e-01,9.581032225191958851e-01,2.503409243318483468e-01,1.767506588891300245e-01,2.947800632724368874e-01,-3.107882119401308291e-02,-4.929815696379664242e-02,-2.000268035215852780e-01,5.276869104232011498e-01,7.715883367359106793e-02,7.113430431428835465e-01,2.963863321499146108e-01,5.784335400000000238e-01,-8.709046600764912549e-01,-2.760017449094772646e-01,1.000000000000000000e+00,-1.410780522247513831e-03,-6.363061546821372483e-01,-7.212251240609824920e-01,-6.096576191752718643e-02,-5.958592774894235777e-01,8.329529551675446397e-01,6.395666378903427374e-01,5.447600694640758467e-01,1.413837421555155793e-01,9.535231421645451455e-02,3.636780435737564376e-01,-1.874613133331455017e-01
6.428678451755872603e-01,-5.104566037030217052e-01,-1.752836309458669778e-02,-1.631937573486373916e-01,-1.202993419465352501e-02,-3.912450846951218836e-02,5.273542199270037090e-01,1.801895696591541696e-01,-4.262610402156998823e-01,1.581651658873896027e-01,5.611844128941637089e-02,1.429320534464390557e-01,1.480362214978293844e-01,-6.105245261794832734e-01,-6.196522246334583255e-03,9.594220878951192910e-02,-1.866723340583027191e-01,7.247932614793937134e-01,5.304421030106942683e-04,5.403284369504784274e-02,-2.034054507272466672e-01,-6.514035689774141380e-01,-1.170206287634057846e-01,-1.762257400000000196e-01,2.324820041369062007e-01,7.704434094861484228e-02,-1.410780522247513831e-03,1.000000000000000000e+00,4.729753288711796566e-02,-7.400845623794459482e-02,5.054793472660857878e-01,1.096742105098109377e-01,-2.587287874010226196e-01,-1.292693661701544150e-01,-4.695325138950518506e-01,6.711076789272940601e-02,1.167267834751972988e-01,1.846292849619608212e-01,-1.414416180593130457e-01
-3.624410445928810676e-02,1.985394532519788313e-01,3.958219064522173758e-01,-4.879684226943070136e-01,-2.249745825470658156e-01,-3.779338443194473207e-01,-5.390915753653063858e-01,-7.619470054645923751e-01,-5.310822045050319629e-01,-6.984061764668378913e-01,-9.646018029017372486e-02,-3.923088449288024693e-01,-4.971976591742359175e-01,-2.457319121746263935e-01,-6.284186660767607790e-01,4.408396461840203839e-01,-5.287403983815810449e-01,2.422612335829361641e-01,-4.149065379976531465e-01,1.436550534465272366e-01,3.126419020698754103e-01,-5.970305070223108634e-01,2.592017527165925150e-01,6.417618000000002709e-02,5.409298018794936880e-01,6.848728078383063966e-01,-6.363061546821372483e-01,4.729753288711796566e-02,1.000000000000000000e+00,5.120525893528024008e-01,6.085600045961355731e-01,1.899364628668328073e-02,-6.419299463754803980e-01,-1.078603861139891887e-02,1.083839063954027265e-01,-6.046492929614245559e-01,3.207047720442833261e-01,-5.396586371494299650e-01,-4.171507081671938511e-01
-1.415478099444360538e-01,1.571918017064093120e-01,3.320618129895152038e-01,-6.918411976279774667e-01,4.525035343552525902e-01,-3.538500559774458432e-01,-3.539889903746436528e-01,-3.834156129469217245e-01,-5.650173172732095850e-01,-7.221272367011191129e-01,-3.871938678485217222e-01,-1.988974262058057496e-01,-7.739383305849416583e-01,-4.778492192064204280e-01,-4.422899603542991276e-01,-5.232524802521430762e-02,2.303718956893429926e-01,2.991975064869576983e-01,-3.275031405666674611e-01,3.057198344814901145e-03,5.448259428177615327e-01,-4.330387498813005331e-01,3.192574992708490100e-01,-2.024075999999996878e-02,3.472330910363251588e-01,6.556878202569094150e-01,-7.212251240609824920e-01,-7.400845623794459482e-02,5.120525893528024008e-01,1.000000000000000000e+00,-5.247624592911362407e-02,7.137433903532036661e-01,-3.224058819160460221e-01,-9.999042986285230916e-02,-2.335810943687262331e-01,-6.219450446827814449e-01,-2.765991110810728237e-01,-6.978115907979002275e-01,3.806524533757724843e-02
2.394310612290646845e-01,1.458836443259217963e-01,6.925804430753310093e-02,6.998979776196136149e-02,-4.285689077247960554e-01,-2.808037919611560129e-01,1.492597346891304244e-01,-4.287738494906430664e-01,-2.961825172774180115e-01,-4.166443150124984340e-01,4.918139784622783117e-01,-4.512702532918173581e-01,1.045429008565296886e-01,-5.174224029530755109e-01,-6.832241238294364249e-01,4.509274622785596209e-01,-8.941433565120272542e-01,5.214216089238140617e-01,-5.199172485275601607e-01,4.607946025930664824e-01,8.504125312068143427e-02,-5.016253314132737007e-01,3.251336032965458367e-01,3.076196799999999509e-01,1.971563813573136148e-01,5.766289746289986473e-01,-6.096576191752718643e-02,5.054793472660857878e-01,6.085600045961355731e-01,-5.247624592911362407e-02,1.000000000000000000e+00,-4.911065945915423780e-01,-3.600966805181830543e-01,3.201290345157791761e-01,1.742605165933631406e-01,-4.515370113036131783e-01,6.799332017407504480e-01,-3.186895676762962482e-01,-5.754425602209903845e-01
6.829144522945371221e-02,-4.107174419685214461e-01,3.658140650313307374e-01,-7.508995862561705925e-01,5.522065797116053609e-01,5.758099136292982312e-02,-2.026225358347882866e-01,5.151331886415488892e-02,-5.461305159215390503e-01,-7.836969939177318434e-02,-7.308384132383978216e-01,3.439141566896781743e-01,-6.708135943323315642e-01,-2.895733979022477866e-01,2.396033186779292501e-01,-3.443450791661936128e-01,7.435127657974687221e-01,2.504861540389913821e-01,2.577040182558741344e-01,-4.505596593628247715e-01,1.023053330974803832e-01,-4.063648786763610077e-01,-1.955793275819016630e-01,-4.829251399999999750e-01,3.896007065467108621e-01,3.867163019001129687e-02,-5.958592774894235777e-01,1.096742105098109377e-01,1.899364628668328073e-02,7.137433903532036661e-01,-4.911065945915423780e-01,1.000000000000000000e+00,-2.590633213504906496e-01,-5.293159921690708813e-01,-6.520856572924046413e-01,-5.356667768897671947e-03,-6.787928140413663769e-01,-5.011079496609921469e-02,4.034091756692084196e-01
1.188391547009070293e-01,3.877648374661542552e-01,-7.247895025812062242e-01,7.508114704060069311e-01,5.430095849287647214e-01,-3.968025839355072137e-01,2.720355486618495910e-01,7.790878175078090884e-01,7.618282313669805239e-01,8.949784852487918663e-02,5.609851311566615983e-01,-2.289244048065053883e-01,7.103688520274539231e-01,1.703039954280731461e-01,1.389003865436694296e-01,1.025010054698432815e-01,2.504710776156621743e-01,-8.683547519310595708e-02,-3.104226250610586102e-01,5.718581339388041362e-01,4.333463482555666157e-01,7.679365071910581042e-01,4.774890785274665816e-01,6.380840199999999740e-01,-9.297262785801809759e-01,-9.701875181060358455e-02,8.329529551675446397e-01,-2.587287874010226196e-01,-6.419299463754803980e-01,-3.224058819160460221e-01,-3.600966805181830543e-01,-2.590633213504906496e-01,1.000000000000000000e+00,6.698246580448424803e-01,4.792614917672238239e-01,-6.631078860699549105e-02,-3.596486655340429273e-02,1.018542828662010319e-01,-2.021901050842793979e-01
2.428901923259342288e-01,7.976988380071868834e-01,-6.247959718790738748e-01,7.427848023279943757e-01,3.371454900167456525e-01,-7.119140552860686588e-01,8.205808924336817356e-02,3.068383040498412484e-01,3.884744394850958016e-01,-5.014829516539585086e-01,9.046433165551895916e-01,-8.184827808246899483e-01,5.936760055511374201e-01,-1.615775106937013261e-01,-5.914109915062113476e-01,5.926746340559954085e-01,-3.523909088677593116e-01,2.110793712748099404e-01,-8.622841811727117722e-01,9.568658049372845698e-01,6.874381080306029013e-01,4.868909319875180941e-01,8.987881892214525381e-01,9.917832399999999549e-01,-7.914816500060973814e-01,5.324770993913212624e-01,6.395666378903427374e-01,-1.292693661701544150e-01,-1.078603861139891887e-02,-9.999042986285230916e-02,3.201290345157791761e-01,-5.293159921690708813e-01,6.698246580448424803e-01,1.000000000000000000e+00,8.096318475338838416e-01,-6.498051744466301072e-01,2.838507685780958245e-01,-4.086663846875647210e-01,-5.277739860688815954e-01
8.879922166382245297e-02,8.797718452287880408e-01,-5.217316216367542392e-01,7.218510337907696472e-01,7.226501603483274916e-02,-4.972914425660778237e-01,-2.980823214324070936e-01,9.312439727639761078e-02,4.122524980384755788e-01,-3.729621222913166445e-01,7.268413047276554018e-01,-7.825134226346882604e-01,5.147739234385808604e-01,3.492999609819164020e-01,-4.428711540697265470e-01,7.016846406156573845e-01,-3.422324950017538447e-01,-2.262896020464944813e-01,-6.258799510869781368e-01,6.838586711712448807e-01,4.708600693131414494e-01,6.589848432781720833e-01,6.623864988799659237e-01,8.294980000000000686e-01,-6.502793514759293014e-01,2.932466939338660983e-01,5.447600694640758467e-01,-4.695325138950518506e-01,1.083839063954027265e-01,-2.335810943687262331e-01,1.742605165933631406e-01,-6.520856572924046413e-01,4.792614917672238239e-01,8.096318475338838416e-01,1.000000000000000000e+00,-4.604727392889727544e-01,1.716237711900704677e-01,-2.784812039174410780e-01,-3.369416264482279488e-01
-1.195656181493692377e-01,-6.903730330690522887e-01,1.079535292282380043e-01,4.277277546542033321e-03,-3.923078328519452040e-01,8.048364323237647833e-01,2.718137888534278845e-01,2.393708004276586254e-01,2.351589842464208158e-01,9.709347038995019830e-01,-4.234356625520747097e-01,8.256151230784675166e-01,1.536186628020273781e-01,5.056914099253142503e-01,8.767300191493777595e-01,-5.449489045339059867e-01,3.285143315004289133e-01,-4.586630100764850226e-01,9.343074155116396495e-01,-7.349921217398608375e-01,-8.627413038268646472e-01,1.256705763730311121e-01,-8.954791882571693229e-01,-7.110533199999999887e-01,1.793488053943821936e-01,-9.702312881557570989e-01,1.413837421555155793e-01,6.711076789272940601e-02,-6.046492929614245559e-01,-6.219450446827814449e-01,-4.515370113036131783e-01,-5.356667768897671947e-03,-6.631078860699549105e-02,-6.498051744466301072e-01,-4.604727392889727544e-01,1.000000000000000000e+00,-1.748342839765993917e-01,8.170621057782019303e-01,5.046246110580701050e-01
-3.218772068065354208e-01,9.697290000935307464e-02,5.145611811640346533e-03,2.024544743192861762e-01,-5.623092304882110204e-01,-1.975378752945356198e-01,2.863886850464051892e-01,-3.927592876563822388e-01,3.570592245490768479e-01,-1.815016992930692519e-01,4.132390920710192761e-01,-9.069373544535785925e-02,2.255669197335968823e-01,-1.557756317226105802e-01,-3.805170352355293217e-01,1.751979364476180523e-02,-8.709574935264750017e-01,1.309265923153265024e-02,-2.949055231538196820e-01,3.878830908398235300e-01,3.949025148000941815e-02,-1.790012647529132250e-01,1.612080126579710226e-01,2.510650000000000936e-01,3.110046018737371368e-02,2.748596693516962564e-01,9.535231421645451455e-02,1.167267834751972988e-01,3.207047720442833261e-01,-2.765991110810728237e-01,6.799332017407504480e-01,-6.787928140413663769e-01,-3.596486655340429273e-02,2.838507685780958245e-01,1.716237711900704677e-01,-1.748342839765993917e-01,1.000000000000000000e+00,-2.411082948918066016e-01,-6.384157569651685016e-01
2.843505529707842094e-01,-6.277330465472358290e-01,-7.607956816558822388e-02,1.824796219533573738e-01,-1.568653654838679246e-01,5.302236231571612057e-01,1.880300238772156796e-01,4.984431278415941136e-01,2.085290837390693097e-01,8.820903837138955872e-01,-1.826856475780443967e-01,5.423074932374082335e-01,4.016994342425478370e-01,4.089615821940092433e-01,8.397234656942287323e-01,-1.543244930512200908e-01,3.332474894252765441e-01,-1.030744048087360587e-01,6.805962271052413692e-01,-4.505733299710109607e-01,-6.316908126574447557e-01,1.379826626377835264e-01,-6.235353100043747876e-01,-4.496163199999999582e-01,4.496864758154043608e-03,-8.295926139192131288e-01,3.636780435737564376e-01,1.846292849619608212e-01,-5.396586371494299650e-01,-6.978115907979002275e-01,-3.186895676762962482e-01,-5.011079496609921469e-02,1.018542828662010319e-01,-4.086663846875647210e-01,-2.784812039174410780e-01,8.170621057782019303e-01,-2.411082948918066016e-01,1.000000000000000000e+00,1.919499023587493691e-01
-9.106735285798028823e-02,-2.361143970047806795e-01,3.454181234258195121e-01,-2.184371697026717407e-01,1.444877258034864449e-02,6.264377761268720146e-01,-1.427548732971292873e-02,6.804395423620701600e-02,-2.196494984811611928e-01,4.441721556095442058e-01,-5.147677996091136743e-01,4.698314376864485831e-01,-3.387040200370320386e-01,2.810882848021103997e-01,4.393752164641361313e-01,-4.199990244609737022e-01,5.767716381075280729e-01,-3.929423277275596593e-01,6.226955871332396919e-01,-6.700750717145453894e-01,-5.576740487283123882e-01,1.269596144163924745e-01,-5.663959820854245208e-01,-5.427688999999999986e-01,1.387683552117134622e-01,-5.345823231886064342e-01,-1.874613133331455017e-01,-1.414416180593130457e-01,-4.171507081671938511e-01,3.806524533757724843e-02,-5.754425602209903845e-01,4.034091756692084196e-01,-2.021901050842793979e-01,-5.277739860688815954e-01,-3.369416264482279488e-01,5.046246110580701050e-01,-6.384157569651685016e-01,1.919499023587493691e-01,1.000000000000000000e+00
