1.0,-0.13986162915072797,-0.71438872056550495,0.37615833210771588,-0.77396063031811158,0.042741520000000088,-0.60567734309740384,0.20778433826525272,-0.96258016393158652,0.21448728830239822,0.59833965597273309,-0.37489425474622307,0.37118822328568934,-0.30937715570164537,-0.66861600244921449,-0.061971056227512977,0.54690647500484402,-0.15496395856758749,0.33115391284434437,0.40793319401717304,0.4640979301381909,-0.082301472748995741,-0.44518814976514509,-0.28806636959418513,-0.34579824661688385,0.60921638445271242,0.085498880009468592,0.7880104945754457,-0.38196426995907296,0.09492999426754678,-0.13109582410920084,-0.22709761811621737,0.29735754205095777,-0.21216778220127042,0.62501280222840017,-0.16942001052936517,0.082712077410296514,0.5883624637688506,-0.22533009137521592
-0.13986162915072797,1.0,-0.20079426650460741,0.52379638685634899,-0.21962241701629112,-0.6872317,-0.1128933651657205,0.75242173800278744,0.24235983398543762,-0.75937827752650056,0.096855941565630502,0.47593480885620076,-0.56265839782127924,-0.69311340255557474,0.48127267244485972,-0.76365696509977876,-0.21840727329527404,-0.088829321577213433,-0.25241305870877334,-0.49715617061704931,-0.69315318047019303,0.49555290558854154,-0.56997427437036008,0.75039484132032541,0.44581056286034881,-0.1161400176847123,0.31413945810251076,0.13501837016941159,-0.52541098974004941,0.4092531232604894,0.68693131261786999,-0.52632344449540247,0.0056718266280154639,0.43437658979710508,-0.41265825014580715,0.38887205975378603,-0.2173270628934561,-0.27158089930469853,0.38501469177056613
-0.71438872056550495,-0.20079426650460741,1.0,-0.78833728705195882,0.74370407616169099,0.59186778000000007,0.47972808531869193,-0.69966716698591336,0.74196960849056171,0.37912031900618826,-0.48260770963325988,-0.30372035594296848,0.11661307818702078,0.31081366291880352,0.20800951197487916,0.52979349173906121,-0.67517329333345288,0.30163365289574923,-0.70423880009553019,0.29478154641850801,0.12258148473860582,-0.56209076052917184,0.70821417081577875,-0.30531253026603866,-0.17414536995671298,-0.69581982250543672,-0.62609226733777645,-0.78764334518502122,0.60539069144324464,-0.007886234303083996,-0.45470257743200321,0.72272050387256526,-0.46532011140398477,-0.043987209850374687,-0.086576478475680174,-0.41999424885103637,0.5691631033952359,-0.080658535287718575,-0.34453443585422744
0.37615833210771588,0.52379638685634899,-0.78833728705195882,1.0,-0.41209890071543015,-0.83117459999999999,0.0056783923731557606,0.79119149760931706,-0.35182455206687213,-0.62390732000539817,0.25142229997067933,0.43825411249686574,-0.23795442887203072,-0.35558176017187498,0.2061919281719749,-0.61576188525233377,0.61292131160811458,-0.32274942019533759,0.44596151867940925,-0.64436740496492806,-0.34386253112745357,0.72800813645894924,-0.92161591424182543,0.672151988728519,0.3051815221811558,0.67469632903868493,0.5571078447100849,0.72598493959145238,-0.71698785804779119,-0.12463467987697169,0.60686423453942329,-0.70996733356340835,0.62313003084027208,0.13551848387770704,-0.019497686772080122,0.69274354500200563,-0.56740719898984249,-0.37646671682932598,0.70804050122168904
-0.77396063031811158,-0.21962241701629112,0.74370407616169099,-0.41209890071543015,1.0,0.27719504000000006,0.79466770784358221,-0.55772062434362502,0.77827211641579119,0.202234892217039,-0.5949920784571735,-0.08384772353132583,0.19540941348937624,0.57602233480790566,0.37337653142786753,0.4461192181344199,-0.17819817753031142,0.089687906280365576,-0.27353413533565296,-0.18574581346757341,-0.0090970783754776574,-0.15852873853219884,0.41507721695381966,-0.083727838565649693,0.038525246684246464,-0.29118462793873695,-0.30544817790910339,-0.58481689908948098,0.43440145650076345,-0.51923916224215794,-0.3504308396002081,0.61488932393047624,-0.056971782608233004,-0.12670513635489825,-0.1105240387474304,-0.050457473100232776,0.1604724623001357,-0.60198729008555785,0.2083442463182435
0.042741520000000088,-0.6872317,0.59186778000000007,-0.83117459999999999,0.27719504000000006,1.0,0.022029520000000025,-0.91673375999999995,-0.0059261200000000347,0.93833944000000002,0.038272579999999889,-0.83927691999999998,0.6897146999999999,0.42875313999999998,-0.42697076,0.85896418000000008,-0.21721533999999998,0.3147149600000001,-0.31103303999999998,0.86605953999999996,0.74958674000000003,-0.93049126000000004,0.70405022000000006,-0.94008048,-0.69015892000000001,-0.24457704000000002,-0.58027464000000006,-0.39845220000000003,0.67316413999999991,-0.10789833999999998,-0.91586566000000003,0.79075435999999999,-0.28859681999999998,-0.27561451999999997,0.47711835999999996,-0.84849143999999999,0.69092032000000003,0.50479706000000002,-0.77199983999999999
-0.60567734309740384,-0.1128933651657205,0.47972808531869193,0.0056783923731557606,0.79466770784358221,0.022029520000000025,1.0,-0.37038548370358754,0.61553230456632146,0.098268635855098513,-0.40103677064914217,-0.015776351558868897,0.18592476094235452,0.58358825969061989,0.55187514594783416,0.41191973535938115,0.11348336882723298,0.067765230578890001,-0.091155111119064158,-0.38963926874397264,0.028799344463214475,-0.0059318014883870101,0.055603140111668239,0.12826365183685542,-0.061341992930037254,0.098582509986776326,-0.11606806280506556,-0.33139959406925679,0.29108890611469562,-0.6437197962138631,-0.19134752191346754,0.33208128049291508,0.315035887189556,0.028200307392359378,-0.060980533142028365,0.22118270767125928,-0.078141834839587893,-0.73962234764339607,0.44004975715966677
0.20778433826525272,0.75242173800278744,-0.69966716698591336,0.79119149760931706,-0.55772062434362502,-0.91673375999999995,-0.37038548370358754,1.0,-0.20571076822162954,-0.88554480890011533,0.20470233439505117,0.69985400403056808,-0.67429353096738975,-0.67841881909625856,0.23386897783999283,-0.94666726759182374,0.13085942852756349,-0.25426159380652918,0.22950839148019206,-0.61819607698328083,-0.67137324726167902,0.79636537602135649,-0.74010458441223292,0.82110943814375681,0.56908400105722234,0.21036635993936526,0.57151320818652773,0.4927291680562722,-0.74052133650976892,0.38787512069682767,0.9009248102420897,-0.85221175423120599,0.18710166670347878,0.29646945913772627,-0.3984809034034667,0.67661633446145997,-0.52271078572630281,-0.16531514021541174,0.51265073731799093
-0.96258016393158652,0.24235983398543762,0.74196960849056171,-0.35182455206687213,0.77827211641579119,-0.0059261200000000347,0.61553230456632146,-0.20571076822162954,1.0,-0.17600492270595686,-0.53218758670270294,0.23952796301963977,-0.2669201614125904,0.23084761856489081,0.70236485484108446,0.059579159205138586,-0.53795988198108202,0.11863076192842784,-0.43970473342346839,-0.35919021141556645,-0.43828311017414645,0.0072041477754858137,0.34172012850277478,0.25669927941456672,0.26124261978940538,-0.5598342473597987,-0.12058583718083045,-0.75793607288556208,0.31147650524751208,-0.099965419488781931,0.062142807827521296,0.27211731519236587,-0.2868424001466634,0.27505347530045332,-0.53985450568427862,0.096451729619887613,0.007947893099705991,-0.58398918969121127,0.20580249471531833
0.21448728830239822,-0.75937827752650056,0.37912031900618826,-0.62390732000539817,0.202234892217039,0.93833944000000002,0.098268635855098513,-0.88554480890011533,-0.17600492270595686,1.0,0.21441750415923239,-0.88446634268508251,0.82763428261253469,0.54983622632089646,-0.40221825520975957,0.92563338600839218,0.080797109651146892,0.31759939112889374,-0.056227203016588005,0.80352773553572432,0.87391542596370075,-0.88680794168128796,0.52946824263310899,-0.9631116468719062,-0.82317980380381084,0.077841579908599703,-0.39896474970609308,-0.23542855477044219,0.65018619122294263,-0.29689029829476904,-0.94537648049434075,0.67422356587650634,-0.025486071022650617,-0.23765560826622839,0.56981530365822508,-0.76164390358418743,0.5307011315250324,0.45131949268178428,-0.67007962897266349
0.59833965597273309,0.096855941565630502,-0.48260770963325988,0.25142229997067933,-0.5949920784571735,0.038272579999999889,-0.40103677064914217,0.20470233439505117,-0.53218758670270294,0.21441750415923239,1.0,-0.2764398961056625,0.14912642671447324,-0.19317069489253749,-0.0055659821956044828,0.023698517522353347,0.20883019186983881,0.48720762562841224,0.32072002072869171,0.31034984380416314,0.35645092678501078,-0.26488977719665829,-0.28140844585442382,-0.2232923535909497,-0.61063268989365638,0.4191587794165309,0.52953257304950963,0.18089031380718906,0.12501082700871533,0.29989599759873642,-0.0030034818743905952,-0.44285440526256015,0.34071271899459876,0.3692022432906088,0.013049232756159688,-0.14375814469107029,-0.041123845373107384,0.52756342453259808,-0.39845375146724182
-0.37489425474622307,0.47593480885620076,-0.30372035594296848,0.43825411249686574,-0.08384772353132583,-0.83927691999999998,-0.015776351558868897,0.69985400403056808,0.23952796301963977,-0.88446634268508251,-0.2764398961056625,1.0,-0.87440332368036888,-0.2433808567607923,0.46221026027036349,-0.72192726499962379,-0.1016034621903554,-0.17525659691110851,0.28773578620035711,-0.81826030218284351,-0.84236294265309142,0.84570135936998247,-0.20926375113003287,0.84338309625425911,0.80340663799329004,-0.16581583318495041,0.5098269333631843,-0.0070344696304078949,-0.32912913098870428,0.19203154855981716,0.88834258486828654,-0.66751636015144555,-0.014678472397301495,0.21200489246317633,-0.74358907342076064,0.79204429700314949,-0.69728020581924355,-0.4752153649589097,0.60894302939203704
0.37118822328568934,-0.56265839782127924,0.11661307818702078,-0.23795442887203072,0.19540941348937624,0.6897146999999999,0.18592476094235452,-0.67429353096738975,-0.2669201614125904,0.82763428261253469,0.14912642671447324,-0.87440332368036888,1.0,0.49087594265003159,-0.45365276614303396,0.72742220746671227,0.49003072287005522,-0.073571372845981656,0.069438502373631458,0.54268164697191434,0.76787800170134857,-0.59240813399626924,0.087811457181228555,-0.77423178521203662,-0.63206991319853223,0.43054683367295354,-0.32854236659180619,0.17063313276842337,0.22796829072742963,-0.61121459272541223,-0.89372256960818952,0.64814010033412528,0.27110250488427312,-0.35413252145771168,0.81113282440845569,-0.63377089883928939,0.37486791904488076,0.14298049967957036,-0.25195153016246541
-0.30937715570164537,-0.69311340255557474,0.31081366291880352,-0.35558176017187498,0.57602233480790566,0.42875313999999998,0.58358825969061989,-0.67841881909625856,0.23084761856489081,0.54983622632089646,-0.19317069489253749,-0.2433808567607923,0.49087594265003159,1.0,0.10489468046031647,0.71187292603499697,0.29253039064403663,0.13541444104010136,0.3608610382898404,0.017702712025199466,0.38748177899991254,-0.27095102118177927,0.43588907088955353,-0.44495123361657213,-0.27252177006036865,0.17512145228871681,0.0092223949889204716,-0.38594291795088753,0.6025787391742522,-0.73090857798444941,-0.53245644210826437,0.43052738855366901,0.2439789632814624,-0.069958115708700488,0.070770737707689838,-0.23032729878259772,-0.15851334059535171,-0.31063977407546928,0.035905972724509301
-0.66861600244921449,0.48127267244485972,0.20800951197487916,0.2061919281719749,0.37337653142786753,-0.42697076,0.55187514594783416,0.23386897783999283,0.70236485484108446,-0.40221825520975957,-0.0055659821956044828,0.46221026027036349,-0.45365276614303396,0.10489468046031647,1.0,-0.169117410886366,-0.22872775011986379,0.30089283836830233,-0.0099704584703757225,-0.61325930583563293,-0.49360193560757731,0.25431116211890653,-0.11532770897160512,0.5280975503261317,0.12555057160206182,-0.1006826531248619,0.47062378348379147,-0.50439767919012479,0.17582538887047916,-0.022289104971395048,0.42397315358442217,-0.37292385287537821,0.12979232565641163,0.66067300092078385,-0.73805390176091878,0.47740371752368266,-0.41919466547971207,-0.5840900531283123,0.37113991561403159
-0.061971056227512977,-0.76365696509977876,0.52979349173906121,-0.61576188525233377,0.4461192181344199,0.85896418000000008,0.41191973535938115,-0.94666726759182374,0.059579159205138586,0.92563338600839218,0.023698517522353347,-0.72192726499962379,0.72742220746671227,0.71187292603499697,-0.169117410886366,1.0,0.046777030876440917,0.36097963182052561,-0.046662793345676121,0.5940927005855039,0.76180515823912076,-0.80260790290302109,0.61483064614127048,-0.82703791244133029,-0.73344454477711618,0.0088294029268919886,-0.3824210888819537,-0.39487380376942549,0.7728037748170089,-0.44499310211628779,-0.89191235263670599,0.69099294376533749,0.030926737810048358,-0.2399939817935241,0.420384651169951,-0.58203981811837735,0.41507404120330244,0.17866096965022996,-0.49097527567609145
0.54690647500484402,-0.21840727329527404,-0.67517329333345288,0.61292131160811458,-0.17819817753031142,-0.21721533999999998,0.11348336882723298,0.13085942852756349,-0.53795988198108202,0.080797109651146892,0.20883019186983881,-0.1016034621903554,0.49003072287005522,0.29253039064403663,-0.22872775011986379,0.046777030876440917,1.0,-0.41012969817267431,0.73251882655111578,-0.24646573844455616,0.23389466467410358,0.31017799053263456,-0.55994069118424949,-0.038727418227109192,-0.063516937043663957,0.91307702298576898,0.35758362934207855,0.70359034861572278,-0.36234570099335106,-0.70174219171573649,-0.11948883167671995,-0.15883981016418747,0.72225702277862069,-0.24290670208835297,0.48516088007580971,0.20737266154334955,-0.44043209389788274,-0.27643192583042792,0.49057837184600939
-0.15496395856758749,-0.088829321577213433,0.30163365289574923,-0.32274942019533759,0.089687906280365576,0.3147149600000001,0.067765230578890001,-0.25426159380652918,0.11863076192842784,0.31759939112889374,0.48720762562841224,-0.17525659691110851,-0.073571372845981656,0.13541444104010136,0.30089283836830233,0.36097963182052561,-0.41012969817267431,1.0,-0.10273014865077823,0.32829829913185943,0.2673448184476388,-0.50207079584703262,0.39172490559612205,-0.25159293486065887,-0.58073768230333422,-0.24899762249883872,0.18152649804051166,-0.55803593067399504,0.71931797766332184,0.34975701391596586,-0.11842293054576419,-0.055433291132771609,0.015828438000529688,0.28321796737993998,-0.34282249661655934,-0.17380595859981485,0.30091196460832892,0.33673793483030157,-0.54395871285558339
0.33115391284434437,-0.25241305870877334,-0.70423880009553019,0.44596151867940925,-0.27353413533565296,-0.31103303999999998,-0.091155111119064158,0.22950839148019206,-0.43970473342346839,-0.056227203016588005,0.32072002072869171,0.28773578620035711,0.069438502373631458,0.3608610382898404,-0.0099704584703757225,-0.046662793345676121,0.73251882655111578,-0.10273014865077823,1.0,-0.33561257185325488,0.0046844595507068874,0.38991172490119869,-0.22370239486494439,0.02314208128412441,0.054275675452693774,0.62010011347127214,0.74103554258333448,0.32810976482049897,-0.045147246438299114,-0.42458942019232437,0.14715072966331366,-0.48301500243862994,0.56223034611164047,-0.026216506584243664,-0.068779981368219667,0.32190395581235343,-0.73321284345396864,-0.16618089094640071,0.33747715144217155
0.40793319401717304,-0.49715617061704931,0.29478154641850801,-0.64436740496492806,-0.18574581346757341,0.86605953999999996,-0.38963926874397264,-0.61819607698328083,-0.35919021141556645,0.80352773553572432,0.31034984380416314,-0.81826030218284351,0.54268164697191434,0.017702712025199466,-0.61325930583563293,0.5940927005855039,-0.24646573844455616,0.32829829913185943,-0.33561257185325488,1.0,0.74310862723440241,-0.88467584601930871,0.48940512493320665,-0.86484129346096839,-0.71159367207831803,-0.19429173101665301,-0.52263116495829098,-0.11877089984576052,0.43137977409584072,0.26425222908277402,-0.72185344349265657,0.51241133859130605,-0.32189519413672091,-0.22664630866234667,0.53525759301061249,-0.83122986303688107,0.75181747427442425,0.84509999834566085,-0.91961767799900052
0.4640979301381909,-0.69315318047019303,0.12258148473860582,-0.34386253112745357,-0.0090970783754776574,0.74958674000000003,0.028799344463214475,-0.67137324726167902,-0.43828311017414645,0.87391542596370075,0.35645092678501078,-0.84236294265309142,0.76787800170134857,0.38748177899991254,-0.49360193560757731,0.76180515823912076,0.23389466467410358,0.2673448184476388,0.0046844595507068874,0.74310862723440241,1.0,-0.73144101793634031,0.23786709082807164,-0.80428234408198018,-0.80209098174484028,0.30794228078663655,-0.3750916791263354,0.066202581939189487,0.42498711348162438,-0.21961015600822897,-0.76311612132645834,0.50816081943536962,0.15627609621550026,-0.19598667749654489,0.66097109152409461,-0.63542098838149508,0.49297548953572423,0.51378170183539285,-0.57500354456795488
-0.082301472748995741,0.49555290558854154,-0.56209076052917184,0.72800813645894924,-0.15852873853219884,-0.93049126000000004,-0.0059318014883870101,0.79636537602135649,0.0072041477754858137,-0.88680794168128796,-0.26488977719665829,0.84570135936998247,-0.59240813399626924,-0.27095102118177927,0.25431116211890653,-0.80260790290302109,0.31017799053263456,-0.50207079584703262,0.38991172490119869,-0.88467584601930871,-0.73144101793634031,1.0,-0.59573927750768352,0.86573332998446784,0.83093609723197104,0.24108803314639971,0.46476415712086849,0.42462778922118155,-0.68727254346891298,-0.080958620760595679,0.82032875981497344,-0.60575504824252557,0.22514125314863909,0.08239435216613715,-0.37927330640200241,0.79920772183376898,-0.72148182206079525,-0.58849507870773887,0.85136810989617029
-0.44518814976514509,-0.56997427437036008,0.70821417081577875,-0.92161591424182543,0.41507721695381966,0.70405022000000006,0.055603140111668239,-0.74010458441223292,0.34172012850277478,0.52946824263310899,-0.28140844585442382,-0.20926375113003287,0.087811457181228555,0.43588907088955353,-0.11532770897160512,0.61483064614127048,-0.55994069118424949,0.39172490559612205,-0.22370239486494439,0.48940512493320665,0.23786709082807164,-0.59573927750768352,1.0,-0.57616682936985686,-0.21418894690766913,-0.69036160679438086,-0.37782590944857125,-0.75739879622472739,0.80863946149376742,0.074439335134156986,-0.48907990615872066,0.54774785173816731,-0.51337932846116774,-0.2147403257057526,-0.12764929690192359,-0.49527788894828484,0.3665770546106335,0.27254864514200927,-0.59979500160590105
-0.28806636959418513,0.75039484132032541,-0.30531253026603866,0.672151988728519,-0.083727838565649693,-0.94008048,0.12826365183685542,0.82110943814375681,0.25669927941456672,-0.9631116468719062,-0.2232923535909497,0.84338309625425911,-0.77423178521203662,-0.44495123361657213,0.5280975503261317,-0.82703791244133029,-0.038727418227109192,-0.25159293486065887,0.02314208128412441,-0.86484129346096839,-0.80428234408198018,0.86573332998446784,-0.57616682936985686,1.0,0.74178909812108229,0.0049896564758113342,0.3723939600097077,0.20113243227681832,-0.59076223819247042,0.18361288043609547,0.91503922797164405,-0.62843339041581736,0.13475725134085617,0.29807878187529674,-0.55810027395070516,0.81095823019008828,-0.52801013086399629,-0.57281830931324651,0.74423004749513388
-0.34579824661688385,0.44581056286034881,-0.17414536995671298,0.3051815221811558,0.038525246684246464,-0.69015892000000001,-0.061341992930037254,0.56908400105722234,0.26124261978940538,-0.82317980380381084,-0.61063268989365638,0.80340663799329004,-0.63206991319853223,-0.27252177006036865,0.12555057160206182,-0.73344454477711618,-0.063516937043663957,-0.58073768230333422,0.054275675452693774,-0.71159367207831803,-0.80209098174484028,0.83093609723197104,-0.21418894690766913,0.74178909812108229,1.0,-0.24102990588145068,0.10886487951267548,0.15825209190039846,-0.57276969593532179,0.03930707395546252,0.68158443503279864,-0.27631208250867673,-0.14204694640895824,-0.076790976101627162,-0.38799101340692754,0.51786409597220773,-0.4663673506672556,-0.52565147354837771,0.67335191302957043
0.60921638445271242,-0.1161400176847123,-0.69581982250543672,0.67469632903868493,-0.29118462793873695,-0.24457704000000002,0.098582509986776326,0.21036635993936526,-0.5598342473597987,0.077841579908599703,0.4191587794165309,-0.16581583318495041,0.43054683367295354,0.17512145228871681,-0.1006826531248619,0.0088294029268919886,0.91307702298576898,-0.24899762249883872,0.62010011347127214,-0.19429173101665301,0.30794228078663655,0.24108803314639971,-0.69036160679438086,0.0049896564758113342,-0.24102990588145068,1.0,0.38653040451981613,0.67952492724897307,-0.3610502095629945,-0.52380531683464593,-0.040289815882633091,-0.27284307566981897,0.67494941948660747,0.051073650055967236,0.41256072705974234,0.24660035830905161,-0.38943775107397033,-0.14900864858796409,0.37985992083844361
0.085498880009468592,0.31413945810251076,-0.62609226733777645,0.5571078447100849,-0.30544817790910339,-0.58027464000000006,-0.11606806280506556,0.57151320818652773,-0.12058583718083045,-0.39896474970609308,0.52953257304950963,0.5098269333631843,-0.32854236659180619,0.0092223949889204716,0.47062378348379147,-0.3824210888819537,0.35758362934207855,0.18152649804051166,0.74103554258333448,-0.52263116495829098,-0.3750916791263354,0.46476415712086849,-0.37782590944857125,0.3723939600097077,0.10886487951267548,0.38653040451981613,1.0,0.083954801823982128,-0.06979455621739597,-0.014323155423136953,0.51329968748867105,-0.7996517673669562,0.47806025355858667,0.41516049773044528,-0.53827720306158366,0.49209837569794873,-0.75240955408938848,-0.21974254286640515,0.33751285210754073
0.7880104945754457,0.13501837016941159,-0.78764334518502122,0.72598493959145238,-0.58481689908948098,-0.39845220000000003,-0.33139959406925679,0.4927291680562722,-0.75793607288556208,-0.23542855477044219,0.18089031380718906,-0.0070344696304078949,0.17063313276842337,-0.38594291795088753,-0.50439767919012479,-0.39487380376942549,0.70359034861572278,-0.55803593067399504,0.32810976482049897,-0.11877089984576052,0.066202581939189487,0.42462778922118155,-0.75739879622472739,0.20113243227681832,0.15825209190039846,0.67952492724897307,0.083954801823982128,1.0,-0.79242603917458365,-0.13698115426168,0.18025399426873603,-0.30215929067997738,0.44444062066458478,-0.3278450250976222,0.56772934613420001,0.23800751972516765,-0.15860334406206492,0.051480475116336917,0.37270839474129203
-0.38196426995907296,-0.52541098974004941,0.60539069144324464,-0.71698785804779119,0.43440145650076345,0.67316413999999991,0.29108890611469562,-0.74052133650976892,0.31147650524751208,0.65018619122294263,0.12501082700871533,-0.32912913098870428,0.22796829072742963,0.6025787391742522,0.17582538887047916,0.7728037748170089,-0.36234570099335106,0.71931797766332184,-0.045147246438299114,0.43137977409584072,0.42498711348162438,-0.68727254346891298,0.80863946149376742,-0.59076223819247042,-0.57276969593532179,-0.3610502095629945,-0.06979455621739597,-0.79242603917458365,1.0,-0.056144770037540231,-0.52231387050210742,0.39281224828199096,-0.15969861544264519,0.076271249389777335,-0.19382508987593874,-0.43275883677125121,0.24329329328098562,0.20165625128089601,-0.5795475960032912
0.09492999426754678,0.4092531232604894,-0.007886234303083996,-0.12463467987697169,-0.51923916224215794,-0.10789833999999998,-0.6437197962138631,0.38787512069682767,-0.099965419488781931,-0.29689029829476904,0.29989599759873642,0.19203154855981716,-0.61121459272541223,-0.73090857798444941,-0.022289104971395048,-0.44499310211628779,-0.70174219171573649,0.34975701391596586,-0.42458942019232437,0.26425222908277402,-0.21961015600822897,-0.080958620760595679,0.074439335134156986,0.18361288043609547,0.03930707395546252,-0.52380531683464593,-0.014323155423136953,-0.13698115426168,-0.056144770037540231,1.0,0.43537511137106805,-0.37131689554506619,-0.48459577037219975,0.29397072240769417,-0.38352621580398005,-0.029571534354289736,0.27684747212411376,0.62022755826507692,-0.49894306534081295
-0.13109582410920084,0.68693131261786999,-0.45470257743200321,0.60686423453942329,-0.3504308396002081,-0.91586566000000003,-0.19134752191346754,0.9009248102420897,0.062142807827521296,-0.94537648049434075,-0.0030034818743905952,0.88834258486828654,-0.89372256960818952,-0.53245644210826437,0.42397315358442217,-0.89191235263670599,-0.11948883167671995,-0.11842293054576419,0.14715072966331366,-0.72185344349265657,-0.76311612132645834,0.82032875981497344,-0.48907990615872066,0.91503922797164405,0.68158443503279864,-0.040289815882633091,0.51329968748867105,0.18025399426873603,-0.52231387050210742,0.43537511137106805,1.0,-0.80509676708088995,0.026328212639143238,0.39343463949316876,-0.67283850951046476,0.75968966263843318,-0.56958631443339425,-0.27413297719815777,0.51496068603739908
-0.22709761811621737,-0.52632344449540247,0.72272050387256526,-0.70996733356340835,0.61488932393047624,0.79075435999999999,0.33208128049291508,-0.85221175423120599,0.27211731519236587,0.67422356587650634,-0.44285440526256015,-0.66751636015144555,0.64814010033412528,0.43052738855366901,-0.37292385287537821,0.69099294376533749,-0.15883981016418747,-0.055433291132771609,-0.48301500243862994,0.51241133859130605,0.50816081943536962,-0.60575504824252557,0.54774785173816731,-0.62843339041581736,-0.27631208250867673,-0.27284307566981897,-0.7996517673669562,-0.30215929067997738,0.39281224828199096,-0.37131689554506619,-0.80509676708088995,1.0,-0.29093634206137314,-0.43770893630011293,0.52305656116345312,-0.65982582297000991,0.6438090540667778,0.033905486882957331,-0.31785171973562382
0.29735754205095777,0.0056718266280154639,-0.46532011140398477,0.62313003084027208,-0.056971782608233004,-0.28859681999999998,0.315035887189556,0.18710166670347878,-0.2868424001466634,-0.025486071022650617,0.34071271899459876,-0.014678472397301495,0.27110250488427312,0.2439789632814624,0.12979232565641163,0.030926737810048358,0.72225702277862069,0.015828438000529688,0.56223034611164047,-0.32189519413672091,0.15627609621550026,0.22514125314863909,-0.51337932846116774,0.13475725134085617,-0.14204694640895824,0.67494941948660747,0.47806025355858667,0.44444062066458478,-0.15969861544264519,-0.48459577037219975,0.026328212639143238,-0.29093634206137314,1.0,-0.14994307771350279,0.20543252945583479,0.22478522961329131,-0.29346750122336573,-0.3516355532720617,0.45536314515623355
-0.21216778220127042,0.43437658979710508,-0.043987209850374687,0.13551848387770704,-0.12670513635489825,-0.27561451999999997,0.028200307392359378,0.29646945913772627,0.27505347530045332,-0.23765560826622839,0.3692022432906088,0.21200489246317633,-0.35413252145771168,-0.069958115708700488,0.66067300092078385,-0.2399939817935241,-0.24290670208835297,0.28321796737993998,-0.026216506584243664,-0.22664630866234667,-0.19598667749654489,0.08239435216613715,-0.2147403257057526,0.29807878187529674,-0.076790976101627162,0.051073650055967236,0.41516049773044528,-0.3278450250976222,0.076271249389777335,0.29397072240769417,0.39343463949316876,-0.43770893630011293,-0.14994307771350279,1.0,-0.58599674676448066,0.14829161481287753,-0.36143285175995565,-0.024514893645975123,-0.02607906964385158
0.62501280222840017,-0.41265825014580715,-0.086576478475680174,-0.019497686772080122,-0.1105240387474304,0.47711835999999996,-0.060980533142028365,-0.3984809034034667,-0.53985450568427862,0.56981530365822508,0.013049232756159688,-0.74358907342076064,0.81113282440845569,0.070770737707689838,-0.73805390176091878,0.420384651169951,0.48516088007580971,-0.34282249661655934,-0.068779981368219667,0.53525759301061249,0.66097109152409461,-0.37927330640200241,-0.12764929690192359,-0.55810027395070516,-0.38799101340692754,0.41256072705974234,-0.53827720306158366,0.56772934613420001,-0.19382508987593874,-0.38352621580398005,-0.67283850951046476,0.52305656116345312,0.20543252945583479,-0.58599674676448066,1.0,-0.4804227879631075,0.47570693014506815,0.27038846726749466,-0.16618656833436063
-0.16942001052936517,0.38887205975378603,-0.41999424885103637,0.69274354500200563,-0.050457473100232776,-0.84849143999999999,0.22118270767125928,0.67661633446145997,0.096451729619887613,-0.76164390358418743,-0.14375814469107029,0.79204429700314949,-0.63377089883928939,-0.23032729878259772,0.47740371752368266,-0.58203981811837735,0.20737266154334955,-0.17380595859981485,0.32190395581235343,-0.83122986303688107,-0.63542098838149508,0.79920772183376898,-0.49527788894828484,0.81095823019008828,0.51786409597220773,0.24660035830905161,0.49209837569794873,0.23800751972516765,-0.43275883677125121,-0.029571534354289736,0.75968966263843318,-0.65982582297000991,0.22478522961329131,0.14829161481287753,-0.4804227879631075,1.0,-0.62434572162299606,-0.55068555688506859,0.72197729305279978
0.082712077410296514,-0.2173270628934561,0.5691631033952359,-0.56740719898984249,0.1604724623001357,0.69092032000000003,-0.078141834839587893,-0.52271078572630281,0.007947893099705991,0.5307011315250324,-0.041123845373107384,-0.69728020581924355,0.37486791904488076,-0.15851334059535171,-0.41919466547971207,0.41507404120330244,-0.44043209389788274,0.30091196460832892,-0.73321284345396864,0.75181747427442425,0.49297548953572423,-0.72148182206079525,0.3665770546106335,-0.52801013086399629,-0.4663673506672556,-0.38943775107397033,-0.75240955408938848,-0.15860334406206492,0.24329329328098562,0.27684747212411376,-0.56958631443339425,0.6438090540667778,-0.29346750122336573,-0.36143285175995565,0.47570693014506815,-0.62434572162299606,1.0,0.50267997555180044,-0.63953462928067573
0.5883624637688506,-0.27158089930469853,-0.080658535287718575,-0.37646671682932598,-0.60198729008555785,0.50479706000000002,-0.73962234764339607,-0.16531514021541174,-0.58398918969121127,0.45131949268178428,0.52756342453259808,-0.4752153649589097,0.14298049967957036,-0.31063977407546928,-0.5840900531283123,0.17866096965022996,-0.27643192583042792,0.33673793483030157,-0.16618089094640071,0.84509999834566085,0.51378170183539285,-0.58849507870773887,0.27254864514200927,-0.57281830931324651,-0.52565147354837771,-0.14900864858796409,-0.21974254286640515,0.051480475116336917,0.20165625128089601,0.62022755826507692,-0.27413297719815777,0.033905486882957331,-0.3516355532720617,-0.024514893645975123,0.27038846726749466,-0.55068555688506859,0.50267997555180044,1.0,-0.88142838978845284
-0.22533009137521592,0.38501469177056613,-0.34453443585422744,0.70804050122168904,0.2083442463182435,-0.77199983999999999,0.44004975715966677,0.51265073731799093,0.20580249471531833,-0.67007962897266349,-0.39845375146724182,0.60894302939203704,-0.25195153016246541,0.035905972724509301,0.37113991561403159,-0.49097527567609145,0.49057837184600939,-0.54395871285558339,0.33747715144217155,-0.91961767799900052,-0.57500354456795488,0.85136810989617029,-0.59979500160590105,0.74423004749513388,0.67335191302957043,0.37985992083844361,0.33751285210754073,0.37270839474129203,-0.5795475960032912,-0.49894306534081295,0.51496068603739908,-0.31785171973562382,0.45536314515623355,-0.02607906964385158,-0.16618656833436063,0.72197729305279978,-0.63953462928067573,-0.88142838978845284,1.0
