1.0,-0.056841497228396959,0.37268837173000274,0.069209669710010593,-0.6716220861712755,0.71053216846579592,-0.55271846796988844,0.35925596650219638,0.96505798018734956,-0.050187811082997143,-0.74557007057984759,-0.45631247230927868,-0.22474270119316581,-0.10730296914565463,-0.807910552962394,0.21861740764454587,-0.021589458754012792,0.82867387531604664,-0.41490003628520389,-0.33728133393535181,-0.51934831761230393,-0.15422098461331352,0.91109987106608636,-0.37761612015831453,-0.46073098767207726,0.48593451372648844,-0.1960749895110758,0.073643092145390401,-0.60333998729671434,0.78076476964049579,-0.65548912907654777,-0.68877693915682647,0.89989150760201708,-0.96628102000000005,-0.7197415246509089,-0.57910196511623213,0.7563684189177442,0.88514585817043634,-0.94729337750778353
-0.056841497228396959,1.0,0.33017773229518382,0.51051100822023732,0.10086118248900919,0.34149964003396849,-0.47941413678010958,0.36689028614830166,-0.03445669380088346,-0.34227450776042606,0.07144572322835599,0.25967075630250486,-0.79663406636658063,0.6186747746828376,0.21404727808049767,-0.060533555977464175,0.36553625779779003,-0.27924202849578478,-0.73651651456509537,-0.33574362705487898,0.079734808339867125,-0.025471391031179048,-0.031601794351051267,0.50142651692877205,-0.044575298817328801,-0.093093212781394069,0.43436085470605734,0.081046631411072878,0.5012236606325533,0.4472745194594927,0.31444260380793865,-0.48421712260362976,-0.1950751487257403,-0.14571555999999997,-0.39548806174679524,-0.09205034548380335,0.11531357735991057,-0.27385927107334274,-0.15900484706433596
0.37268837173000274,0.33017773229518382,1.0,0.34434547450993336,-0.34652622764109081,0.63207788448921742,-0.70812526860128699,0.49349635052505997,0.20672166451508298,-0.37734685411058078,-0.41523380659685061,0.097447986127240427,-0.42221402937166219,0.39001645483590253,-0.44583964195325487,-0.171800042564804,-0.15767017850006174,0.30792154869461658,-0.4875761372811091,0.18205289139082068,-0.45052627686404706,0.05673494726478389,0.53642639153144267,-0.18297379301526773,0.25888332922183888,0.33551769439430462,-0.36059759947361736,-0.38064807262107514,0.18369427742469846,0.54490154778804978,-0.17627930212939902,-0.53339916669420406,0.053677277744921738,-0.45074773999999995,-0.20007634028688837,0.058097871131794994,0.40912359910528051,0.13312325786488588,-0.50956751614804807
0.069209669710010593,0.51051100822023732,0.34434547450993336,1.0,-0.32974948491348449,0.54409877793631289,-0.65976785095374313,0.573366139781045,-0.040407549299629392,-0.38466852321775979,-0.28063844804193178,-0.060748153657968977,-0.40788335877752535,0.22907786823358717,-0.091655377705376018,-0.04139738285520346,0.24920717423097713,-0.14003163035321725,-0.55945837795815323,0.12358920921705163,0.027235907792918443,-0.13624266894867543,0.18100996205279571,0.10854451959459174,0.40655978775335383,-0.18449916042635639,-0.24927252042256459,-0.16711335076934325,0.064273043067753471,0.39197735189643773,-0.019221606997123358,-0.53895692820354513,-0.22564239081447166,-0.19493333999999995,-0.36655720014822502,0.30296700253620357,0.32577791315785259,-0.26629587737665711,-0.2624037916022266
-0.6716220861712755,0.10086118248900919,-0.34652622764109081,-0.32974948491348449,1.0,-0.72062406386553712,0.70791808947764256,-0.51384141855087373,-0.56120185505635556,0.22597811557729885,0.87559524878189421,0.81159047823729269,0.089481628475828565,0.48162802293929641,0.82174052834612943,-0.52009187766573217,-0.34187677231503766,-0.56472378264495471,0.28218188029396468,0.20429516177986701,-0.080222982157992645,0.31287871351322666,-0.76764137738138349,0.47144848619891905,-0.21226353113577853,0.13311341603657958,0.54069565464845626,-0.1534350413423857,0.73117832693870166,-0.68731438087421681,0.77147268797043433,0.70663265590993829,-0.50225130267131912,0.71266750000000001,0.63684253784372014,0.098404654050040855,-0.81511731145704358,-0.43426523903370917,0.74492107056236867
0.71053216846579592,0.34149964003396849,0.63207788448921742,0.54409877793631289,-0.72062406386553712,1.0,-0.89518905841373764,0.85321228986097319,0.56930090468668493,-0.1853389168624166,-0.6296199114382891,-0.39457852048864078,-0.49876896768772305,0.069871098451091018,-0.59630975750825799,0.19620219163285876,0.090663189613861703,0.45896271989684678,-0.66310136588532809,-0.14437202384697037,-0.31247802110178374,-0.32985852281827449,0.68889973014646888,-0.01765671018770535,0.046284710020715061,0.098361184878761707,-0.42819795458590437,-0.055849949592883308,-0.39734165116446102,0.92247145238603501,-0.41967243413941319,-0.96046592287558474,0.38061214971222418,-0.79401553999999996,-0.650553523438401,-0.1637099721912838,0.77945565153315755,0.32115105060722782,-0.8232401758885457
-0.55271846796988844,-0.47941413678010958,-0.70812526860128699,-0.65976785095374313,0.70791808947764256,-0.89518905841373764,1.0,-0.74990122824474548,-0.42163104288446385,0.56954187170996251,0.71062998736614669,0.25911538405192852,0.63262076582724569,-0.23917875017727172,0.57938965014664756,-0.077005474436233678,-0.34469450282312991,-0.3000439103264867,0.68879325366258504,0.095572916564149651,0.13471373934336534,0.30736360386386102,-0.69906958224841431,0.16740501977627159,-0.23635151725701636,-0.096530064933969567,0.38107759228953786,0.15974332454162604,0.17803278261949571,-0.84772038732351229,0.29267560244030388,0.88572544026795164,-0.22661421302251136,0.70499749999999994,0.64402227279055979,0.10304225098445843,-0.71509828243155837,-0.19464456003025998,0.76435025679962243
0.35925596650219638,0.36689028614830166,0.49349635052505997,0.573366139781045,-0.51384141855087373,0.85321228986097319,-0.74990122824474548,1.0,0.22951206536455726,-0.067355802858757863,-0.36147947859312934,-0.28368830780574827,-0.54781945060070969,0.083083154536398807,-0.21980686226122759,0.17910098160100221,-0.031561773672950488,0.042269664146320225,-0.44220053279424693,0.12223253191482839,-0.068514667608917071,-0.20226731403086778,0.30826973442363231,0.21957879666331132,0.26526787529966839,-0.15770511383321401,-0.41828321310229816,-0.13166401770430242,-0.22123298625163276,0.72540932617516041,-0.13716658481280072,-0.81463393614790647,0.034172726073346822,-0.46559421999999995,-0.4232250676962056,-0.024792805471105357,0.64899393293284879,-0.051049657665505899,-0.50891548702523848
0.96505798018734956,-0.03445669380088346,0.20672166451508298,-0.040407549299629392,-0.56120185505635556,0.56930090468668493,-0.42163104288446385,0.22951206536455726,1.0,-0.039904992893951635,-0.68924405332083205,-0.41254202786484184,-0.24964700892171701,-0.0856213755088613,-0.70362719719578992,0.20740424972733798,0.040742894995825937,0.78447441878638402,-0.36601170840980635,-0.44073307502345566,-0.46972876297420302,-0.06150781118614515,0.84771752408410916,-0.36365120676941065,-0.63245085887233432,0.51681488608320703,0.012142958548916439,0.15956745925370908,-0.57969757197096516,0.70691028496120079,-0.5899065831879966,-0.5923421406257996,0.96835284019129164,-0.93602867999999995,-0.75369530341740842,-0.72356375370745585,0.7210441341877506,0.93883791010342099,-0.90202708722061231
-0.050187811082997143,-0.34227450776042606,-0.37734685411058078,-0.38466852321775979,0.22597811557729885,-0.1853389168624166,0.56954187170996251,-0.067355802858757863,-0.039904992893951635,1.0,0.48314819778716239,-0.24562481256746496,0.47393916150160692,-0.50278247633417028,0.22400550912012618,0.40701530450951401,-0.59927067784863708,0.031949719890768488,0.32437871340253077,-0.030288423400570422,-0.045691185178441646,0.10010813228894049,-0.39341433094176009,0.43862228017882471,-0.23694396880434171,-0.28001792041469586,0.081456801611766161,0.32922139719124932,-0.20367266176723359,-0.19729299825815447,-0.16952088079765559,0.20025946196727459,0.035058644732622386,0.22259486000000006,0.2500145551112738,0.053641096367526064,-0.22161629624989143,-0.027159111097514232,0.29610346933952497
-0.74557007057984759,0.07144572322835599,-0.41523380659685061,-0.28063844804193178,0.87559524878189421,-0.6296199114382891,0.71062998736614669,-0.36147947859312934,-0.68924405332083205,0.48314819778716239,1.0,0.52102721249960748,0.27030909620446436,0.1864470244294848,0.78052712487327991,-0.16209491621619476,-0.30704864395970982,-0.55544233135407062,0.24152191839167095,0.16862260835195278,0.1549977798253972,0.16315544848518257,-0.90567895670490361,0.73518541635343448,0.0063403687156302901,-0.27383480138779404,0.43354799698420582,0.13448581572376483,0.59684469845557064,-0.62052940591400751,0.64341077350732401,0.59286800226487069,-0.64231702234882571,0.79210398000000004,0.65126176029338068,0.35660059890549423,-0.84043444961739877,-0.63328564395902909,0.83730146150301776
-0.45631247230927868,0.25967075630250486,0.097447986127240427,-0.060748153657968977,0.81159047823729269,-0.39457852048864078,0.25911538405192852,-0.28368830780574827,-0.41254202786484184,-0.24562481256746496,0.52102721249960748,1.0,-0.24111434635797904,0.84450121628243202,0.61179400424717845,-0.86618998190409779,-0.28432801377345351,-0.47163220011788354,0.056802350290499591,0.34383930758587133,-0.36913473636612626,0.20784038456077611,-0.40279110429469056,0.19080606027069713,-0.11964921050151936,0.48844036474607944,0.28317217593306748,-0.57533459687918675,0.79565189400031022,-0.43915995153876247,0.80056300692659477,0.45573617053167292,-0.4408937199108362,0.43734845999999994,0.50811788823277015,0.02680521435505771,-0.57784365116011549,-0.3100293263050119,0.42054091159810869
-0.22474270119316581,-0.79663406636658063,-0.42221402937166219,-0.40788335877752535,0.089481628475828565,-0.49876896768772305,0.63262076582724569,-0.54781945060070969,-0.24964700892171701,0.47393916150160692,0.27030909620446436,-0.24111434635797904,1.0,-0.64866083250970619,-0.052689063813015427,0.20458109931055485,-0.19803506296073142,0.22331372635885266,0.51661137201149843,0.14055296967616371,0.08498559839709241,0.015730223075983478,-0.25694614449125536,-0.15610605050091653,0.13650462557646931,-0.21869291121258869,-0.19621333199871088,0.25424095602501084,-0.30252663927504447,-0.58465671338724534,-0.28875456697904228,0.57404173607932796,-0.079891862817208795,0.40306175999999994,0.4618330030283348,0.47032745134176102,-0.42456779455398613,-0.029907196431763428,0.43744793873356969
-0.10730296914565463,0.6186747746828376,0.39001645483590253,0.22907786823358717,0.48162802293929641,0.069871098451091018,-0.23917875017727172,0.083083154536398807,-0.0856213755088613,-0.50278247633417028,0.1864470244294848,0.84450121628243202,-0.64866083250970619,1.0,0.31911710427055184,-0.74743447064111879,-0.029947939207144558,-0.2698916785036215,-0.40548496434513237,0.11463219593746454,-0.41817924951450575,0.076961538038200605,-0.032071472797219502,0.21005720405552541,-0.17418635911433994,0.54520433056041684,0.29141663813939378,-0.49246587685830234,0.71057658045662409,0.083320044734305543,0.6511829528763361,-0.061301001949982781,-0.21268439198289962,-0.0055995399999999584,0.038373552141313938,-0.16900817171729665,-0.18298739790943166,-0.12708945498435398,-0.031928815055857672
-0.807910552962394,0.21404727808049767,-0.44583964195325487,-0.091655377705376018,0.82174052834612943,-0.59630975750825799,0.57938965014664756,-0.21980686226122759,-0.70362719719578992,0.22400550912012618,0.78052712487327991,0.61179400424717845,-0.052689063813015427,0.31911710427055184,1.0,-0.39406248680020889,-0.18958249515254016,-0.84313995958273613,0.34211936687970185,0.23042985165002189,0.20536076119896271,0.23022070143958528,-0.89045744048605957,0.51616120255137088,0.00044281778358989856,-0.21407086146760279,0.38902367361128271,-0.1848883585294874,0.57145520677375716,-0.64974805623025822,0.76700838993201903,0.5752802068825571,-0.66444631860531111,0.7891650400000001,0.57646272783655306,0.19142296488224711,-0.61351710038721463,-0.68043023341446829,0.79266991638763906
0.21861740764454587,-0.060533555977464175,-0.171800042564804,-0.04139738285520346,-0.52009187766573217,0.19620219163285876,-0.077005474436233678,0.17910098160100221,0.20740424972733798,0.40701530450951401,-0.16209491621619476,-0.86618998190409779,0.20458109931055485,-0.74743447064111879,-0.39406248680020889,1.0,0.24962963821325038,0.27541307546466615,-0.097512312078049085,-0.40130580755098355,0.55709037950053786,-0.1270335489578,0.1116082479450483,0.16860190014816326,0.12675674598618022,-0.6628847817186504,0.040060024000206598,0.76394789769203586,-0.44185913935711418,0.34861152652515093,-0.62023359590188532,-0.33976353170311258,0.2331298264631991,-0.21391174000000002,-0.41826395445056103,0.020645360293274052,0.27777358296300758,0.083896567271609379,-0.17021457457775493
-0.021589458754012792,0.36553625779779003,-0.15767017850006174,0.24920717423097713,-0.34187677231503766,0.090663189613861703,-0.34469450282312991,-0.031561773672950488,0.040742894995825937,-0.59927067784863708,-0.30704864395970982,-0.28432801377345351,-0.19803506296073142,-0.029947939207144558,-0.18958249515254016,0.24962963821325038,1.0,0.035995076660274933,-0.40744844823683568,-0.52677890386322224,0.54927784108975797,-0.32827137887777336,0.16972082062169017,-0.076851961559109019,0.11163769824266068,-0.32867042110285793,0.21361667494027883,0.42857174246864205,-0.13270717448575828,0.23116738766511916,-0.0901485825959642,-0.26306850990820352,0.037371702915831313,-0.15755512000000005,-0.48132021902761474,0.026658589694319508,0.17142649916542166,-0.056656724056387719,-0.16670481544514412
0.82867387531604664,-0.27924202849578478,0.30792154869461658,-0.14003163035321725,-0.56472378264495471,0.45896271989684678,-0.3000439103264867,0.042269664146320225,0.78447441878638402,0.031949719890768488,-0.55544233135407062,-0.47163220011788354,0.22331372635885266,-0.2698916785036215,-0.84313995958273613,0.27541307546466615,0.035995076660274933,1.0,-0.35964602573365839,-0.36862881128346375,-0.4775156434191456,-0.082596117179191297,0.78497651333735852,-0.38550013158436086,-0.37514340853024697,0.39135569458496378,-0.15217308588026965,0.29774984012351263,-0.58990383718967265,0.52775824590246811,-0.74166768940215155,-0.43211535061062128,0.79552163644618201,-0.76158004000000001,-0.51986180575706431,-0.27054792467852817,0.49397544814907229,0.81801009181161799,-0.72540781433192458
-0.41490003628520389,-0.73651651456509537,-0.4875761372811091,-0.55945837795815323,0.28218188029396468,-0.66310136588532809,0.68879325366258504,-0.44220053279424693,-0.36601170840980635,0.32437871340253077,0.24152191839167095,0.056802350290499591,0.51661137201149843,-0.40548496434513237,0.34211936687970185,-0.097512312078049085,-0.40744844823683568,-0.35964602573365839,1.0,0.50703415025497134,0.20941660119241717,0.19933393427736806,-0.42519271320017393,-0.2980384729281515,0.14182063490623506,-0.078304596081722605,-0.20773699610891186,-0.25732415310617873,-0.081165094808116317,-0.74048816567912501,0.15368829673608844,0.75851061945420384,-0.1995132570245631,0.56638831999999995,0.68746366489256971,0.039824228638426315,-0.35712524185940148,-0.14274095408875709,0.56292160690969006
-0.33728133393535181,-0.33574362705487898,0.18205289139082068,0.12358920921705163,0.20429516177986701,-0.14437202384697037,0.095572916564149651,0.12223253191482839,-0.44073307502345566,-0.030288423400570422,0.16862260835195278,0.34383930758587133,0.14055296967616371,0.11463219593746454,0.23042985165002189,-0.40130580755098355,-0.52677890386322224,-0.36862881128346375,0.50703415025497134,1.0,-0.10560161140450747,0.20797256111939483,-0.25255247655565777,-0.10835642061651826,0.54930903555688371,0.066079405836599714,-0.51809819470824148,-0.61830382050535559,0.25314288995703382,-0.37819076485519859,0.36564932519327054,0.32131485541860944,-0.48473487236788992,0.4015936,0.6355567872934581,0.2805305102112659,-0.20720467477460738,-0.36572467836857547,0.33568782807773528
-0.51934831761230393,0.079734808339867125,-0.45052627686404706,0.027235907792918443,-0.080222982157992645,-0.31247802110178374,0.13471373934336534,-0.068514667608917071,-0.46972876297420302,-0.045691185178441646,0.1549977798253972,-0.36913473636612626,0.08498559839709241,-0.41817924951450575,0.20536076119896271,0.55709037950053786,0.54927784108975797,-0.4775156434191456,0.20941660119241717,-0.10560161140450747,1.0,-0.093942039796839835,-0.42658321680347289,0.19937337302250424,0.49237384179541838,-0.84448957466259866,0.1571727209301062,0.47043521544501915,0.040450484689081946,-0.20443310632297979,0.063889202786542226,0.14690720219593917,-0.41525117505008452,0.42496302000000008,0.025455768073297851,0.28133492739512211,-0.16675892649728463,-0.53373174943654156,0.41991540004573702
-0.15422098461331352,-0.025471391031179048,0.05673494726478389,-0.13624266894867543,0.31287871351322666,-0.32985852281827449,0.30736360386386102,-0.20226731403086778,-0.06150781118614515,0.10010813228894049,0.16315544848518257,0.20784038456077611,0.015730223075983478,0.076961538038200605,0.23022070143958528,-0.1270335489578,-0.32827137887777336,-0.082596117179191297,0.19933393427736806,0.20797256111939483,-0.093942039796839835,1.0,-0.15973841525462232,-0.060371825993672155,-0.13458095150331267,0.14617212764652096,0.32633936628665727,0.039326322470549346,0.27838984163277647,-0.26871068594135478,0.14023041484686335,0.3115213466478392,0.0039541063282566759,0.16547730000000005,0.18701260707249015,-0.13904597229916554,0.033416300856930571,0.051175268976433652,0.15818394959624751
0.91109987106608636,-0.031601794351051267,0.53642639153144267,0.18100996205279571,-0.76764137738138349,0.68889973014646888,-0.69906958224841431,0.30826973442363231,0.84771752408410916,-0.39341433094176009,-0.90567895670490361,-0.40279110429469056,-0.25694614449125536,-0.032071472797219502,-0.89045744048605957,0.1116082479450483,0.16972082062169017,0.78497651333735852,-0.42519271320017393,-0.25255247655565777,-0.42658321680347289,-0.15973841525462232,1.0,-0.61414549863630263,-0.21807132028118301,0.49696070487298072,-0.31284207056409358,-0.070678177436520773,-0.50833211250662591,0.73145786583659755,-0.65303729750991002,-0.65182032839809922,0.7804468590742738,-0.92656300000000003,-0.69219009694491629,-0.44071309613182086,0.76382958289007452,0.80381716920255608,-0.94376166479801382
-0.37761612015831453,0.50142651692877205,-0.18297379301526773,0.10854451959459174,0.47144848619891905,-0.01765671018770535,0.16740501977627159,0.21957879666331132,-0.36365120676941065,0.43862228017882471,0.73518541635343448,0.19080606027069713,-0.15610605050091653,0.21005720405552541,0.51616120255137088,0.16860190014816326,-0.076851961559109019,-0.38550013158436086,-0.2980384729281515,-0.10835642061651826,0.19937337302250424,-0.060371825993672155,-0.61414549863630263,1.0,-0.011374754441228326,-0.44469001109558909,0.40901975236049165,0.37298609922211989,0.40381847648556918,0.033587983947456837,0.45162490381801418,-0.092394022851457161,-0.44835925910271768,0.32773439999999998,0.10902572208807793,0.21252166974235961,-0.37714224961161241,-0.54513358347677121,0.37474676348911318
-0.46073098767207726,-0.044575298817328801,0.25888332922183888,0.40655978775335383,-0.21226353113577853,0.046284710020715061,-0.23635151725701636,0.26526787529966839,-0.63245085887233432,-0.23694396880434171,0.0063403687156302901,-0.11964921050151936,0.13650462557646931,-0.17418635911433994,0.00044281778358989856,0.12675674598618022,0.11163769824266068,-0.37514340853024697,0.14182063490623506,0.54930903555688371,0.49237384179541838,-0.13458095150331267,-0.21807132028118301,-0.011374754441228326,1.0,-0.56904280720650846,-0.55992459560436914,-0.18343879638388969,0.16641463711537044,-0.14645752273251,0.059857211594874046,0.019589534681359346,-0.69362556576527157,0.39734526000000003,0.33986278041149087,0.72641264341531819,-0.11705859032939564,-0.67248625580158183,0.31764595972497978
0.48593451372648844,-0.093093212781394069,0.33551769439430462,-0.18449916042635639,0.13311341603657958,0.098361184878761707,-0.096530064933969567,-0.15770511383321401,0.51681488608320703,-0.28001792041469586,-0.27383480138779404,0.48844036474607944,-0.21869291121258869,0.54520433056041684,-0.21407086146760279,-0.6628847817186504,-0.32867042110285793,0.39135569458496378,-0.078304596081722605,0.066079405836599714,-0.84448957466259866,0.14617212764652096,0.49696070487298072,-0.44469001109558909,-0.56904280720650846,1.0,0.02386296980520022,-0.52979567163670049,0.074416121922403503,0.10998853556503703,0.056645606568979448,0.013202476832639781,0.50376635021044447,-0.4250813,-0.074529237096665341,-0.52951759128667342,0.1293145728974443,0.64761963421098923,-0.42513528260370248
-0.1960749895110758,0.43436085470605734,-0.36059759947361736,-0.24927252042256459,0.54069565464845626,-0.42819795458590437,0.38107759228953786,-0.41828321310229816,0.012142958548916439,0.081456801611766161,0.43354799698420582,0.28317217593306748,-0.19621333199871088,0.29141663813939378,0.38902367361128271,0.040060024000206598,0.21361667494027883,-0.15217308588026965,-0.20773699610891186,-0.51809819470824148,0.1571727209301062,0.32633936628665727,-0.31284207056409358,0.40901975236049165,-0.55992459560436914,0.02386296980520022,1.0,0.47722876287500621,0.43305645870338438,-0.13136927951175864,0.30928367789622785,0.21561019792688879,0.072087322794196176,0.13915132000000008,-0.19634382205745468,-0.31664818569897468,-0.2945211238280151,0.018995972946605266,0.20650679584361276
0.073643092145390401,0.081046631411072878,-0.38064807262107514,-0.16711335076934325,-0.1534350413423857,-0.055849949592883308,0.15974332454162604,-0.13166401770430242,0.15956745925370908,0.32922139719124932,0.13448581572376483,-0.57533459687918675,0.25424095602501084,-0.49246587685830234,-0.1848883585294874,0.76394789769203586,0.42857174246864205,0.29774984012351263,-0.25732415310617873,-0.61830382050535559,0.47043521544501915,0.039326322470549346,-0.070678177436520773,0.37298609922211989,-0.18343879638388969,-0.52979567163670049,0.47722876287500621,1.0,-0.27010061903640092,0.18144872317599772,-0.33364120355869831,-0.15462792771491948,0.22396410347851112,-0.098491079999999953,-0.3796104188577118,0.00027550614874799484,0.050685744169752897,0.08716918877326274,-0.024256744416343946
-0.60333998729671434,0.5012236606325533,0.18369427742469846,0.064273043067753471,0.73117832693870166,-0.39734165116446102,0.17803278261949571,-0.22123298625163276,-0.57969757197096516,-0.20367266176723359,0.59684469845557064,0.79565189400031022,-0.30252663927504447,0.71057658045662409,0.57145520677375716,-0.44185913935711418,-0.13270717448575828,-0.58990383718967265,-0.081165094808116317,0.25314288995703382,0.040450484689081946,0.27838984163277647,-0.50833211250662591,0.40381847648556918,0.16641463711537044,0.074416121922403503,0.43305645870338438,-0.27010061903640092,1.0,-0.34154358835352716,0.70044643389789019,0.35472365671363254,-0.63251820386093549,0.52915234,0.40488173582935816,0.19554621067728836,-0.62310890961626009,-0.55256076738425663,0.51319742158015524
0.78076476964049579,0.4472745194594927,0.54490154778804978,0.39197735189643773,-0.68731438087421681,0.92247145238603501,-0.84772038732351229,0.72540932617516041,0.70691028496120079,-0.19729299825815447,-0.62052940591400751,-0.43915995153876247,-0.58465671338724534,0.083320044734305543,-0.64974805623025822,0.34861152652515093,0.23116738766511916,0.52775824590246811,-0.74048816567912501,-0.37819076485519859,-0.20443310632297979,-0.26871068594135478,0.73145786583659755,0.033587983947456837,-0.14645752273251,0.10998853556503703,-0.13136927951175864,0.18144872317599772,-0.34154358835352716,1.0,-0.44304230452529242,-0.97537832315877171,0.53958469577306101,-0.88264038,-0.81542733966085768,-0.38004650725197736,0.77558126334278699,0.45618160797406671,-0.88433739715853121
-0.65548912907654777,0.31444260380793865,-0.17627930212939902,-0.019221606997123358,0.77147268797043433,-0.41967243413941319,0.29267560244030388,-0.13716658481280072,-0.5899065831879966,-0.16952088079765559,0.64341077350732401,0.80056300692659477,-0.28875456697904228,0.6511829528763361,0.76700838993201903,-0.62023359590188532,-0.0901485825959642,-0.74166768940215155,0.15368829673608844,0.36564932519327054,0.063889202786542226,0.14023041484686335,-0.65303729750991002,0.45162490381801418,0.059857211594874046,0.056645606568979448,0.30928367789622785,-0.33364120355869831,0.70044643389789019,-0.44304230452529242,1.0,0.41199768349824628,-0.62471962860280861,0.5935238599999999,0.52998408529012819,0.066851561858868605,-0.55783041365731945,-0.578319391503612,0.57784425808204121
-0.68877693915682647,-0.48421712260362976,-0.53339916669420406,-0.53895692820354513,0.70663265590993829,-0.96046592287558474,0.88572544026795164,-0.81463393614790647,-0.5923421406257996,0.20025946196727459,0.59286800226487069,0.45573617053167292,0.57404173607932796,-0.061301001949982781,0.5752802068825571,-0.33976353170311258,-0.26306850990820352,-0.43211535061062128,0.75851061945420384,0.32131485541860944,0.14690720219593917,0.3115213466478392,-0.65182032839809922,-0.092394022851457161,0.019589534681359346,0.013202476832639781,0.21561019792688879,-0.15462792771491948,0.35472365671363254,-0.97537832315877171,0.41199768349824628,1.0,-0.40796442463208571,0.80683851999999989,0.78195851045535802,0.23357346991633099,-0.77556725327281018,-0.30988868370668299,0.82130867019773024
0.89989150760201708,-0.1950751487257403,0.053677277744921738,-0.22564239081447166,-0.50225130267131912,0.38061214971222418,-0.22661421302251136,0.034172726073346822,0.96835284019129164,0.035058644732622386,-0.64231702234882571,-0.4408937199108362,-0.079891862817208795,-0.21268439198289962,-0.66444631860531111,0.2331298264631991,0.037371702915831313,0.79552163644618201,-0.1995132570245631,-0.48473487236788992,-0.41525117505008452,0.0039541063282566759,0.7804468590742738,-0.44835925910271768,-0.69362556576527157,0.50376635021044447,0.072087322794196176,0.22396410347851112,-0.63251820386093549,0.53958469577306101,-0.62471962860280861,-0.40796442463208571,1.0,-0.84011817999999994,-0.66809381230683529,-0.72638058234258784,0.63789279502953045,0.97581460402022135,-0.79485647305530926
-0.96628102000000005,-0.14571555999999997,-0.45074773999999995,-0.19493333999999995,0.71266750000000001,-0.79401553999999996,0.70499749999999994,-0.46559421999999995,-0.93602867999999995,0.22259486000000006,0.79210398000000004,0.43734845999999994,0.40306175999999994,-0.0055995399999999584,0.7891650400000001,-0.21391174000000002,-0.15755512000000005,-0.76158004000000001,0.56638831999999995,0.4015936,0.42496302000000008,0.16547730000000005,-0.92656300000000003,0.32773439999999998,0.39734526000000003,-0.4250813,0.13915132000000008,-0.098491079999999953,0.52915234,-0.88264038,0.5935238599999999,0.80683851999999989,-0.84011817999999994,1.0,0.8262496800000001,0.57085084000000008,-0.82902986000000001,-0.80530387999999997,0.99316438000000007
-0.7197415246509089,-0.39548806174679524,-0.20007634028688837,-0.36655720014822502,0.63684253784372014,-0.650553523438401,0.64402227279055979,-0.4232250676962056,-0.75369530341740842,0.2500145551112738,0.65126176029338068,0.50811788823277015,0.4618330030283348,0.038373552141313938,0.57646272783655306,-0.41826395445056103,-0.48132021902761474,-0.51986180575706431,0.68746366489256971,0.6355567872934581,0.025455768073297851,0.18701260707249015,-0.69219009694491629,0.10902572208807793,0.33986278041149087,-0.074529237096665341,-0.19634382205745468,-0.3796104188577118,0.40488173582935816,-0.81542733966085768,0.52998408529012819,0.78195851045535802,-0.66809381230683529,0.8262496800000001,1.0,0.44042344201216738,-0.72856338642478291,-0.556903591978815,0.81077709365431128
-0.57910196511623213,-0.09205034548380335,0.058097871131794994,0.30296700253620357,0.098404654050040855,-0.1637099721912838,0.10304225098445843,-0.024792805471105357,-0.72356375370745585,0.053641096367526064,0.35660059890549423,0.02680521435505771,0.47032745134176102,-0.16900817171729665,0.19142296488224711,0.020645360293274052,0.026658589694319508,-0.27054792467852817,0.039824228638426315,0.2805305102112659,0.28133492739512211,-0.13904597229916554,-0.44071309613182086,0.21252166974235961,0.72641264341531819,-0.52951759128667342,-0.31664818569897468,0.00027550614874799484,0.19554621067728836,-0.38004650725197736,0.066851561858868605,0.23357346991633099,-0.72638058234258784,0.57085084000000008,0.44042344201216738,1.0,-0.42909967858251907,-0.69810274548407758,0.53367419165327268
0.7563684189177442,0.11531357735991057,0.40912359910528051,0.32577791315785259,-0.81511731145704358,0.77945565153315755,-0.71509828243155837,0.64899393293284879,0.7210441341877506,-0.22161629624989143,-0.84043444961739877,-0.57784365116011549,-0.42456779455398613,-0.18298739790943166,-0.61351710038721463,0.27777358296300758,0.17142649916542166,0.49397544814907229,-0.35712524185940148,-0.20720467477460738,-0.16675892649728463,0.033416300856930571,0.76382958289007452,-0.37714224961161241,-0.11705859032939564,0.1293145728974443,-0.2945211238280151,0.050685744169752897,-0.62310890961626009,0.77558126334278699,-0.55783041365731945,-0.77556725327281018,0.63789279502953045,-0.82902986000000001,-0.72856338642478291,-0.42909967858251907,1.0,0.56308748781824725,-0.85983841491533475
0.88514585817043634,-0.27385927107334274,0.13312325786488588,-0.26629587737665711,-0.43426523903370917,0.32115105060722782,-0.19464456003025998,-0.051049657665505899,0.93883791010342099,-0.027159111097514232,-0.63328564395902909,-0.3100293263050119,-0.029907196431763428,-0.12708945498435398,-0.68043023341446829,0.083896567271609379,-0.056656724056387719,0.81801009181161799,-0.14274095408875709,-0.36572467836857547,-0.53373174943654156,0.051175268976433652,0.80381716920255608,-0.54513358347677121,-0.67248625580158183,0.64761963421098923,0.018995972946605266,0.08716918877326274,-0.55256076738425663,0.45618160797406671,-0.578319391503612,-0.30988868370668299,0.97581460402022135,-0.80530387999999997,-0.556903591978815,-0.69810274548407758,0.56308748781824725,1.0,-0.76782701866303926
-0.94729337750778353,-0.15900484706433596,-0.50956751614804807,-0.2624037916022266,0.74492107056236867,-0.8232401758885457,0.76435025679962243,-0.50891548702523848,-0.90202708722061231,0.29610346933952497,0.83730146150301776,0.42054091159810869,0.43744793873356969,-0.031928815055857672,0.79266991638763906,-0.17021457457775493,-0.16670481544514412,-0.72540781433192458,0.56292160690969006,0.33568782807773528,0.41991540004573702,0.15818394959624751,-0.94376166479801382,0.37474676348911318,0.31764595972497978,-0.42513528260370248,0.20650679584361276,-0.024256744416343946,0.51319742158015524,-0.88433739715853121,0.57784425808204121,0.82130867019773024,-0.79485647305530926,0.99316438000000007,0.81077709365431128,0.53367419165327268,-0.85983841491533475,-0.76782701866303926,1.0
