1.000000000000000000e+00,-1.498249400000000175e-01,1.851161801826825826e-01,-3.995246964859119343e-01,1.399234038176097317e-01,9.949566899257586416e-02,-1.080235824754252894e-01,1.324657119945953920e-01,3.097728711601218654e-01,-3.703770054191063421e-03,1.052840994858659507e-01,-9.708089422016698278e-02,2.788965197077383773e-01,1.170893655665970062e-01,1.071143097879581618e-01,3.515355522737550475e-01,1.673157645026515095e-01,3.398037698584683297e-01,-1.312712970700365966e-01,-2.216803033685735835e-01,5.630708901968022317e-01,1.874041180160557207e-01,4.421221171795098881e-01,1.402348618776626810e-01,1.636754192401486119e-01,-1.972373151586584439e-01,3.602516574572947050e-01,-1.444636940533865488e-01,4.686133792562333644e-01,-2.485707913607438091e-01,-1.979365969456174934e-01,-2.065601085087286348e-01,4.030360995256672130e-01,-1.884562992121361080e-01,2.771972372506217308e-01,-9.848350386878437779e-03,-3.543058330548148338e-01,-2.395919004470178221e-02,-6.207974341635031507e-02
-1.498249400000000175e-01,1.000000000000000000e+00,-9.562436800000000403e-01,6.850066999999999684e-01,-9.926537199999999617e-01,-7.140344400000000480e-01,1.918774400000000657e-01,-5.360226200000000052e-01,-2.317069400000000279e-01,-3.242933399999999855e-01,-5.165163999999999866e-01,2.928060200000000002e-01,-4.966719400000000340e-01,-5.667424800000000484e-01,-9.635366400000000553e-01,-4.633136599999999605e-01,-4.992732399999999515e-01,-5.555836800000000242e-01,8.945708199999999888e-01,9.181304200000000026e-01,-7.110969799999999896e-01,7.033961999999993608e-02,-6.182887200000000139e-01,8.107443999999999207e-01,-1.877764200000000550e-01,6.752353600000000622e-01,-1.766009999999995639e-02,9.675458000000003445e-02,-3.964128000000000096e-02,9.133917799999999865e-01,-5.223160600000000819e-01,-1.861411400000000382e-01,-7.218986199999999354e-01,8.458956399999999487e-01,-1.581232200000000088e-01,-7.643455599999999794e-01,4.982885999999999704e-01,8.306981399999999738e-01,-7.816086799999999446e-01
1.851161801826825826e-01,-9.562436800000000403e-01,1.000000000000000000e+00,-6.627548981945259321e-01,9.454350426155306852e-01,6.999821857302415129e-01,-2.539761776305523577e-01,6.241417613568535083e-01,1.490485321219163772e-01,2.250964703726796856e-01,5.116066591765433547e-01,-2.163196501174692032e-01,3.924538910171148087e-01,5.092496938205696155e-01,9.053799007076069882e-01,5.366089266525613244e-01,4.372453843741238022e-01,4.093534900837810797e-01,-7.834384615906577753e-01,-8.674115756784315234e-01,6.403166995399565131e-01,-5.050259799226803487e-02,5.120144415785522485e-01,-8.631663214772496984e-01,3.583460062972561033e-01,-5.764352297556730731e-01,1.154129401142745814e-01,-2.124639506730914562e-01,-1.793307049436713291e-02,-9.191786821534251306e-01,5.275735195806032785e-01,6.100319797296661212e-02,6.597341711509074891e-01,-8.611134265607418570e-01,2.102792715615186270e-01,6.976982932891907518e-01,-4.990657384783958039e-01,-8.748204428205840211e-01,6.429531826027071739e-01
-3.995246964859119343e-01,6.850066999999999684e-01,-6.627548981945259321e-01,1.000000000000000000e+00,-7.020469443555873434e-01,-4.999553718903155808e-01,2.047268208278689716e-01,-4.372681688057654115e-01,-4.519176646319320589e-01,-1.898855857035899597e-01,-5.723814925252640462e-01,4.782352739387336071e-01,-3.705688766960553715e-01,-2.758753734218224452e-01,-6.881583856925139742e-01,-3.454705103675570488e-01,-7.693743345767186659e-01,-5.942889480237214528e-01,5.082848073718898574e-01,6.507785987092968849e-01,-7.506610637506503370e-01,-4.433150641258618574e-01,-8.240421508706283760e-01,5.098178921059323132e-01,-3.798279735272560020e-01,3.007206601835880622e-01,-2.902022942756254942e-01,2.177557281036753833e-01,-2.816596988309250094e-01,6.240090914413718437e-01,-3.580134886174849429e-01,3.548389530088937316e-01,-5.158979137700224760e-01,5.600173234464110861e-01,-4.391213487238365132e-01,-3.480673617694410860e-01,4.643912829187604729e-01,5.695385263852271729e-01,-4.947675910484466422e-01
1.399234038176097317e-01,-9.926537199999999617e-01,9.454350426155306852e-01,-7.020469443555873434e-01,1.000000000000000000e+00,7.419288272164404896e-01,-1.541831510422406459e-01,5.578793584568537689e-01,3.055488656040165618e-01,3.702539793228821208e-01,5.910569120404104426e-01,-3.422714352438920304e-01,4.157112459130177240e-01,5.829596150928375575e-01,9.792962728069389833e-01,4.947454198387486457e-01,5.419911057731138238e-01,6.027603470578174472e-01,-8.612143184592772061e-01,-9.170982214834645374e-01,7.012199658008276826e-01,-1.084032388358374503e-02,6.243382970536017762e-01,-8.369288736430134934e-01,2.239397066459661023e-01,-6.116574159345137263e-01,8.168103966712013386e-02,-1.217868468519150427e-01,4.021603113170015703e-02,-8.988707937929290015e-01,5.895985137318481284e-01,1.605780375148518069e-01,7.285490282019948527e-01,-8.530599233001328052e-01,2.380960667665287245e-01,7.018803777208564298e-01,-4.943442642377414709e-01,-8.583006658304358494e-01,7.498074890265623571e-01
9.949566899257586416e-02,-7.140344400000000480e-01,6.999821857302415129e-01,-4.999553718903155808e-01,7.419288272164404896e-01,1.000000000000000000e+00,7.728268002399421577e-02,8.772124189538927919e-01,6.538087199258493243e-01,6.701173020474558983e-01,6.210983147346742506e-01,-7.312471956973292109e-01,3.370263052938296533e-02,9.207449022403851879e-01,8.219728990975355698e-01,1.688914810699370661e-01,4.770753530152657129e-01,7.019186166761418599e-01,-6.054206663343332240e-01,-7.783347813406261695e-01,6.417925246513253024e-01,-8.669697997777620069e-02,4.235333813442399564e-01,-6.230687786352657742e-01,3.151292574863111540e-01,-2.713159203123507446e-01,4.175481983418511400e-01,7.639971378766705068e-02,3.189561838882701839e-01,-5.066287574850287800e-01,7.706398879258760104e-01,2.503187320471427224e-01,8.643023335843290633e-01,-7.510736037225553829e-01,5.122736817114345031e-01,2.462423115728785139e-01,-4.823410254264690611e-01,-7.955009977937332888e-01,6.029725366590489299e-01
-1.080235824754252894e-01,1.918774400000000657e-01,-2.539761776305523577e-01,2.047268208278689716e-01,-1.541831510422406459e-01,7.728268002399421577e-02,1.000000000000000000e+00,2.570748310876076054e-02,3.765472096835028037e-01,5.713110791692592727e-01,8.005539626064268888e-02,-2.465947600574023846e-01,-1.498749736154510737e-01,3.016152273651267479e-01,-2.298466577264074440e-02,-4.039096288639510979e-01,-8.697057517725242937e-02,2.796277815305646119e-01,1.083850506762033816e-01,1.821051214209708918e-02,-2.005805060111595095e-01,-2.359826447222058698e-01,-2.373141337509908633e-01,2.106752717412920251e-01,-4.854044620262417120e-01,2.130081117446802064e-01,1.310123090616941433e-01,7.213239965559288258e-01,2.678830871326993712e-01,2.312033464346403000e-01,3.794200445180664905e-01,2.584781176708295103e-01,1.982706941568651848e-01,3.045004615655309554e-01,2.005467759916428339e-01,-3.494638556350935787e-01,4.748806130840492190e-01,8.227133330127120447e-02,7.685429924860656681e-02
1.324657119945953920e-01,-5.360226200000000052e-01,6.241417613568535083e-01,-4.372681688057654115e-01,5.578793584568537689e-01,8.772124189538927919e-01,2.570748310876076054e-02,1.000000000000000000e+00,5.167546650308108003e-01,5.225072416616803883e-01,4.782159142352424563e-01,-6.923679233296596847e-01,-1.040093353148283384e-01,7.459932263211411785e-01,6.323488384573771048e-01,5.648136110304230462e-02,4.488732802695167834e-01,4.883594703261110448e-01,-3.951407308347716918e-01,-5.771117816084850860e-01,5.039732349063480443e-01,2.963157664995447541e-02,3.287007608588041196e-01,-5.320335385869471301e-01,4.626614801278773892e-01,-1.252980354376257988e-01,4.467386509606988687e-01,-7.951180404553379044e-02,2.884360048418617706e-01,-4.044131759963921491e-01,6.739264718117321529e-01,2.434424351262472544e-02,7.102177681010394261e-01,-5.439428730974306125e-01,5.055133372069035014e-01,1.076984990428981881e-01,-2.919734883062237163e-01,-6.697496467571453227e-01,4.091406830870644162e-01
3.097728711601218654e-01,-2.317069400000000279e-01,1.490485321219163772e-01,-4.519176646319320589e-01,3.055488656040165618e-01,6.538087199258493243e-01,3.765472096835028037e-01,5.167546650308108003e-01,1.000000000000000000e+00,6.229702675854107419e-01,7.032224175375383357e-01,-8.690646500715736300e-01,-1.967589436517980794e-01,6.680765124923019327e-01,4.421399491992134001e-01,4.422491275063009097e-02,5.643923018413660175e-01,8.651704703640876737e-01,-1.237044296570666280e-01,-4.225806865533645040e-01,5.516210818147406769e-01,2.826416290034282075e-01,4.640707182371190953e-01,-1.339633841909173007e-01,1.717190255171014701e-01,2.076250799120180901e-01,6.907230179417547244e-01,2.261804553291389408e-01,6.492796945119172491e-01,-1.747304253343805874e-02,6.162914216904115117e-01,-8.646759175446017132e-02,6.217213622570665343e-01,-2.960139979725958104e-01,8.007708573649792161e-01,-3.420317464921635020e-01,-3.604035678047770586e-01,-3.717765181684176135e-01,2.307794489936351723e-01
-3.703770054191063421e-03,-3.242933399999999855e-01,2.250964703726796856e-01,-1.898855857035899597e-01,3.702539793228821208e-01,6.701173020474558983e-01,5.713110791692592727e-01,5.225072416616803883e-01,6.229702675854107419e-01,1.000000000000000000e+00,2.959004462310629857e-01,-6.640617541328076578e-01,4.271813076028797146e-03,7.885495086853306912e-01,4.964724157927692394e-01,-2.249020828189865762e-01,1.710392669476817062e-01,6.969656165143045534e-01,-4.209656237434054593e-01,-4.968939808153737814e-01,3.367205435353051723e-01,-2.998331643374036459e-01,1.522992493322357088e-01,-1.418836590162199374e-01,-2.875210196937670881e-01,-1.449788066627794580e-01,1.722055040752228927e-01,4.187725619399249033e-01,3.215338640817072546e-01,-1.669134014382681330e-01,6.208968161287038434e-01,5.283756339861673812e-01,7.062481342871560486e-01,-2.954350438569635084e-01,2.959862393198802177e-01,2.146855824354774317e-02,7.056913628803568317e-02,-3.297851338719533509e-01,4.180682235417789716e-01
1.052840994858659507e-01,-5.165163999999999866e-01,5.116066591765433547e-01,-5.723814925252640462e-01,5.910569120404104426e-01,6.210983147346742506e-01,8.005539626064268888e-02,4.782159142352424563e-01,7.032224175375383357e-01,2.959004462310629857e-01,1.000000000000000000e+00,-5.492687342542396101e-01,-2.667953139443033361e-01,4.757739383037628556e-01,6.611501245097946011e-01,5.463455498510139119e-01,5.451917579271963188e-01,6.368318332333818832e-01,-1.643858240923765646e-01,-6.192054472990576874e-01,4.696046262730636522e-01,3.354680644153825719e-01,3.581288174079691466e-01,-6.827139507190902457e-01,4.628028479259067018e-01,2.281392806288682351e-01,7.245442221750912903e-01,-4.795362796918281600e-02,2.524110861812695616e-01,-3.833423262893090322e-01,8.210629064339798333e-01,-3.606119273908419687e-01,4.313699704765752152e-01,-6.419246004665015715e-01,8.641484810765051039e-01,-1.127563277307609829e-01,-6.205171646935501162e-01,-7.868598764390573042e-01,1.860987486454946382e-01
-9.708089422016698278e-02,2.928060200000000002e-01,-2.163196501174692032e-01,4.782352739387336071e-01,-3.422714352438920304e-01,-7.312471956973292109e-01,-2.465947600574023846e-01,-6.923679233296596847e-01,-8.690646500715736300e-01,-6.640617541328076578e-01,-5.492687342542396101e-01,1.000000000000000000e+00,9.259193589879841091e-02,-7.135589441343063166e-01,-4.910553494566635702e-01,2.431294141728899960e-01,-6.037415453884983352e-01,-8.123922735548236851e-01,2.507066744168079397e-01,4.603684683980153736e-01,-5.860950191998127723e-01,-1.922494278182684813e-01,-5.022092705393357281e-01,1.478000365065756383e-01,-1.237638244798741211e-01,-8.775725647562980514e-02,-4.858284038223050771e-01,-2.389100540438015008e-01,-6.283867389329720332e-01,4.669561983888671081e-02,-6.081212711776158297e-01,3.448748212006866321e-02,-6.385956781736602528e-01,2.568322553700600475e-01,-6.268987557967884428e-01,1.759293802807912477e-01,2.696022381672209534e-01,3.586643849936546613e-01,-4.170794685302905425e-01
2.788965197077383773e-01,-4.966719400000000340e-01,3.924538910171148087e-01,-3.705688766960553715e-01,4.157112459130177240e-01,3.370263052938296533e-02,-1.498749736154510737e-01,-1.040093353148283384e-01,-1.967589436517980794e-01,4.271813076028797146e-03,-2.667953139443033361e-01,9.259193589879841091e-02,1.000000000000000000e+00,1.005048360759772108e-01,3.593604698802132513e-01,-5.767715528496029920e-02,8.216020302768622940e-02,2.258817374571739089e-01,-7.112705424755818573e-01,-4.441131638307043716e-01,5.565163444653489222e-01,-3.268893278564313776e-01,4.888490650513375169e-01,1.510631637317408349e-02,-4.302482906743071434e-01,-8.028271583377978304e-01,-4.631005935797984918e-01,2.353683384979149695e-01,2.500174639824845890e-01,-4.931996036739466627e-01,-2.981365033524813746e-01,2.694050364029407230e-01,3.711357525307619754e-01,-2.058611529283393415e-01,-4.468448184255513489e-01,7.573299229154630829e-01,-9.065547180599893562e-02,-3.170031338309007435e-02,6.572769618881516562e-01
1.170893655665970062e-01,-5.667424800000000484e-01,5.092496938205696155e-01,-2.758753734218224452e-01,5.829596150928375575e-01,9.207449022403851879e-01,3.016152273651267479e-01,7.459932263211411785e-01,6.680765124923019327e-01,7.885495086853306912e-01,4.757739383037628556e-01,-7.135589441343063166e-01,1.005048360759772108e-01,1.000000000000000000e+00,7.003636824038826925e-01,-1.545266795503236201e-02,2.335231618462027814e-01,7.360876711578819842e-01,-5.713927454016795027e-01,-7.308022626153877210e-01,6.014821974303380392e-01,-3.606725780616271693e-01,2.586879322979933615e-01,-3.754149078047777088e-01,-1.172707418530493165e-02,-2.638502008602209292e-01,3.677976257653892689e-01,3.913872426657699632e-01,4.738260278563473094e-01,-3.407440236611431472e-01,6.973736258369179764e-01,4.469543727238866615e-01,8.973521224720982792e-01,-6.176605634485111684e-01,4.268867408656727980e-01,1.627716720284740626e-01,-3.832552268109620242e-01,-6.235292321455009334e-01,5.811784694042309019e-01
1.071143097879581618e-01,-9.635366400000000553e-01,9.053799007076069882e-01,-6.881583856925139742e-01,9.792962728069389833e-01,8.219728990975355698e-01,-2.298466577264074440e-02,6.323488384573771048e-01,4.421399491992134001e-01,4.964724157927692394e-01,6.611501245097946011e-01,-4.910553494566635702e-01,3.593604698802132513e-01,7.003636824038826925e-01,1.000000000000000000e+00,3.990877656019303776e-01,5.497110364959466589e-01,7.089815406794680586e-01,-8.331530482602720333e-01,-9.511727878706148775e-01,7.314720706744950451e-01,-5.291311575126870365e-02,6.007164900335315583e-01,-8.036430959757291381e-01,1.715909067966931711e-01,-5.240621686003962276e-01,1.795990962102227140e-01,1.595967202179034150e-02,1.685767076373888007e-01,-8.276529973368000892e-01,7.023407482285570769e-01,1.697064117542159689e-01,7.976199123352799569e-01,-8.365136020523632476e-01,3.472803773521331294e-01,5.981235548260519508e-01,-4.899882163751646535e-01,-8.773814599566467365e-01,7.687697864117107871e-01
3.515355522737550475e-01,-4.633136599999999605e-01,5.366089266525613244e-01,-3.454705103675570488e-01,4.947454198387486457e-01,1.688914810699370661e-01,-4.039096288639510979e-01,5.648136110304230462e-02,4.422491275063009097e-02,-2.249020828189865762e-01,5.463455498510139119e-01,2.431294141728899960e-01,-5.767715528496029920e-02,-1.545266795503236201e-02,3.990877656019303776e-01,1.000000000000000000e+00,1.242331909635034232e-01,9.397264113041556288e-02,-1.570184140857038835e-01,-3.906682805360506827e-01,2.608159842214307633e-01,2.244825291282830648e-01,1.685424133162327642e-01,-6.262525627866066813e-01,5.341043897954488306e-01,-6.800137398883425444e-02,3.746155101697554168e-01,-5.584094870759915841e-01,-2.246897664688560226e-01,-5.326448613965719669e-01,2.242501930506502761e-01,-2.658208419123986310e-01,1.283111806577502123e-01,-6.556199635049229091e-01,3.584386753814488014e-01,1.946497356498664288e-01,-5.569507006064702281e-01,-5.837906800948720054e-01,-1.320723278794866673e-01
1.673157645026515095e-01,-4.992732399999999515e-01,4.372453843741238022e-01,-7.693743345767186659e-01,5.419911057731138238e-01,4.770753530152657129e-01,-8.697057517725242937e-02,4.488732802695167834e-01,5.643923018413660175e-01,1.710392669476817062e-01,5.451917579271963188e-01,-6.037415453884983352e-01,8.216020302768622940e-02,2.335231618462027814e-01,5.497110364959466589e-01,1.242331909635034232e-01,1.000000000000000000e+00,5.730855445284812610e-01,-3.650175380045657114e-01,-3.699186031739012392e-01,5.036599929086483796e-01,7.252101626051477012e-01,8.670252060689599416e-01,-4.246947421594361449e-01,4.517338138486433619e-01,-1.741961620622826945e-01,1.970186915766531099e-01,-2.607769050784678466e-01,1.660578721834835014e-01,-3.899068889770721524e-01,3.603016933625813878e-01,-2.972335231089155982e-01,3.605291933085786882e-01,-2.624798258499334014e-01,4.029264245004624545e-01,1.832368767741871518e-01,-2.915682481129732717e-01,-3.823712064652858289e-01,5.104683888970692474e-01
3.398037698584683297e-01,-5.555836800000000242e-01,4.093534900837810797e-01,-5.942889480237214528e-01,6.027603470578174472e-01,7.019186166761418599e-01,2.796277815305646119e-01,4.883594703261110448e-01,8.651704703640876737e-01,6.969656165143045534e-01,6.368318332333818832e-01,-8.123922735548236851e-01,2.258817374571739089e-01,7.360876711578819842e-01,7.089815406794680586e-01,9.397264113041556288e-02,5.730855445284812610e-01,1.000000000000000000e+00,-5.345920029239504823e-01,-7.143589386586848278e-01,7.914685041621115635e-01,7.672871694480458415e-02,6.566522377951315992e-01,-2.538737647776232453e-01,-7.766551172455270213e-02,-2.073978080662045309e-01,4.072134737865398812e-01,2.782260316569208358e-01,6.454906999499609999e-01,-3.467102313303496164e-01,5.784426661891229893e-01,1.117348709202903023e-01,8.073361183263143559e-01,-4.702482133235645900e-01,5.676738552000155646e-01,9.901720103740996315e-02,-3.830781654525030056e-01,-4.735409195861229881e-01,5.573405928484340688e-01
-1.312712970700365966e-01,8.945708199999999888e-01,-7.834384615906577753e-01,5.082848073718898574e-01,-8.612143184592772061e-01,-6.054206663343332240e-01,1.083850506762033816e-01,-3.951407308347716918e-01,-1.237044296570666280e-01,-4.209656237434054593e-01,-1.643858240923765646e-01,2.507066744168079397e-01,-7.112705424755818573e-01,-5.713927454016795027e-01,-8.331530482602720333e-01,-1.570184140857038835e-01,-3.650175380045657114e-01,-5.345920029239504823e-01,1.000000000000000000e+00,8.095735396387946370e-01,-6.728803923388524399e-01,2.775807635544374485e-01,-6.066829783809419840e-01,5.159293609307500361e-01,1.555926563390931383e-01,8.862197742861668281e-01,3.030647214486577590e-01,-8.092699048607324142e-02,-7.581051488441963027e-02,7.945609494001233397e-01,-2.726679899403752771e-01,-5.062695104608995189e-01,-7.386461477966539402e-01,6.415186059873840829e-01,1.756968243941603447e-01,-8.770726489524640623e-01,2.779855493713520032e-01,5.402542962338215959e-01,-8.963014056890715731e-01
-2.216803033685735835e-01,9.181304200000000026e-01,-8.674115756784315234e-01,6.507785987092968849e-01,-9.170982214834645374e-01,-7.783347813406261695e-01,1.821051214209708918e-02,-5.771117816084850860e-01,-4.225806865533645040e-01,-4.968939808153737814e-01,-6.192054472990576874e-01,4.603684683980153736e-01,-4.441131638307043716e-01,-7.308022626153877210e-01,-9.511727878706148775e-01,-3.906682805360506827e-01,-3.699186031739012392e-01,-7.143589386586848278e-01,8.095735396387946370e-01,1.000000000000000000e+00,-8.031838191855696918e-01,2.322803063668381907e-01,-5.136365988818372141e-01,6.961478591902968693e-01,-4.753374368797998878e-02,5.045997942845418249e-01,-2.335083042363134964e-01,-1.511324181279081191e-01,-2.995401316481063891e-01,7.803538606222067964e-01,-6.416417115159911422e-01,-1.710051232844500557e-01,-8.237491722247192172e-01,8.604907324961087456e-01,-3.544296605515649956e-01,-5.636699600258153753e-01,5.703798814952847351e-01,8.395483627634264812e-01,-7.037911322087102572e-01
5.630708901968022317e-01,-7.110969799999999896e-01,6.403166995399565131e-01,-7.506610637506503370e-01,7.012199658008276826e-01,6.417925246513253024e-01,-2.005805060111595095e-01,5.039732349063480443e-01,5.516210818147406769e-01,3.367205435353051723e-01,4.696046262730636522e-01,-5.860950191998127723e-01,5.565163444653489222e-01,6.014821974303380392e-01,7.314720706744950451e-01,2.608159842214307633e-01,5.036599929086483796e-01,7.914685041621115635e-01,-6.728803923388524399e-01,-8.031838191855696918e-01,1.000000000000000000e+00,1.768168472563728250e-02,7.659296764942529201e-01,-3.145358261813093748e-01,1.032287138768605145e-01,-4.575965997385256778e-01,3.251174845433648097e-01,5.389193044684315731e-02,6.436070606302791708e-01,-5.751324205067511741e-01,2.898474270120588447e-01,-4.284679246877038522e-02,7.997324535109358035e-01,-6.463296403397772449e-01,3.882303755285613223e-01,3.942427624556150145e-01,-6.328582077839687292e-01,-5.288531621786425330e-01,5.985022533595243388e-01
1.874041180160557207e-01,7.033961999999993608e-02,-5.050259799226803487e-02,-4.433150641258618574e-01,-1.084032388358374503e-02,-8.669697997777620069e-02,-2.359826447222058698e-01,2.963157664995447541e-02,2.826416290034282075e-01,-2.998331643374036459e-01,3.354680644153825719e-01,-1.922494278182684813e-01,-3.268893278564313776e-01,-3.606725780616271693e-01,-5.291311575126870365e-02,2.244825291282830648e-01,7.252101626051477012e-01,7.672871694480458415e-02,2.775807635544374485e-01,2.322803063668381907e-01,1.768168472563728250e-02,1.000000000000000000e+00,5.033216269985750779e-01,-1.069857503782933594e-01,6.230111473701133162e-01,2.933932419669764147e-01,2.631046112176125273e-01,-5.792378434994137626e-01,-8.608467556515932151e-02,2.943903645553849063e-02,-1.987321121020433484e-02,-6.597302492137272489e-01,-2.451253555385032312e-01,1.497563213422394846e-01,3.672223235457610091e-01,-2.654279588269068957e-01,-1.094857359812447944e-01,3.221332354428570188e-02,-1.778313444191924886e-01
4.421221171795098881e-01,-6.182887200000000139e-01,5.120144415785522485e-01,-8.240421508706283760e-01,6.243382970536017762e-01,4.235333813442399564e-01,-2.373141337509908633e-01,3.287007608588041196e-01,4.640707182371190953e-01,1.522992493322357088e-01,3.581288174079691466e-01,-5.022092705393357281e-01,4.888490650513375169e-01,2.586879322979933615e-01,6.007164900335315583e-01,1.685424133162327642e-01,8.670252060689599416e-01,6.566522377951315992e-01,-6.066829783809419840e-01,-5.136365988818372141e-01,7.659296764942529201e-01,5.033216269985750779e-01,1.000000000000000000e+00,-2.842706202241948588e-01,2.204781975159278984e-01,-4.956169592794611445e-01,3.849576438851509685e-02,-2.081207412997603257e-01,3.240071754330536846e-01,-5.261207553658324709e-01,1.058262262883947202e-01,-1.398731357845838796e-01,5.155114869638217634e-01,-3.490425964057292108e-01,1.979509510455012000e-01,4.382721421475470058e-01,-3.849219661603380804e-01,-2.997255371254351486e-01,6.315247370867991261e-01
1.402348618776626810e-01,8.107443999999999207e-01,-8.631663214772496984e-01,5.098178921059323132e-01,-8.369288736430134934e-01,-6.230687786352657742e-01,2.106752717412920251e-01,-5.320335385869471301e-01,-1.339633841909173007e-01,-1.418836590162199374e-01,-6.827139507190902457e-01,1.478000365065756383e-01,1.510631637317408349e-02,-3.754149078047777088e-01,-8.036430959757291381e-01,-6.262525627866066813e-01,-4.246947421594361449e-01,-2.538737647776232453e-01,5.159293609307500361e-01,6.961478591902968693e-01,-3.145358261813093748e-01,-1.069857503782933594e-01,-2.842706202241948588e-01,1.000000000000000000e+00,-5.127592180296544067e-01,2.575538801356532792e-01,-2.026399731063959486e-01,3.096253386216005765e-01,2.930076320152940061e-01,7.638302322002638034e-01,-6.990083254858315831e-01,5.610746643240990122e-02,-3.878994359081705534e-01,8.068774943746925832e-01,-3.340328865138785797e-01,-4.766911216518848748e-01,4.676775462113669235e-01,9.238929909072732816e-01,-4.289306151479242435e-01
1.636754192401486119e-01,-1.877764200000000550e-01,3.583460062972561033e-01,-3.798279735272560020e-01,2.239397066459661023e-01,3.151292574863111540e-01,-4.854044620262417120e-01,4.626614801278773892e-01,1.717190255171014701e-01,-2.875210196937670881e-01,4.628028479259067018e-01,-1.237638244798741211e-01,-4.302482906743071434e-01,-1.172707418530493165e-02,1.715909067966931711e-01,5.341043897954488306e-01,4.517338138486433619e-01,-7.766551172455270213e-02,1.555926563390931383e-01,-4.753374368797998878e-02,1.032287138768605145e-01,6.230111473701133162e-01,2.204781975159278984e-01,-5.127592180296544067e-01,1.000000000000000000e+00,2.404608517577391802e-01,5.249801773682960526e-01,-7.142069678915202724e-01,-1.742042579665766533e-01,-2.110078277657498336e-01,2.421334194498762360e-01,-5.391357473827335101e-01,7.273410118175735592e-04,-3.718628629951810094e-01,4.940669657743230747e-01,-1.390729206015653141e-01,-4.525201478540226696e-01,-4.551103056420203186e-01,-1.918938353183864132e-01
-1.972373151586584439e-01,6.752353600000000622e-01,-5.764352297556730731e-01,3.007206601835880622e-01,-6.116574159345137263e-01,-2.713159203123507446e-01,2.130081117446802064e-01,-1.252980354376257988e-01,2.076250799120180901e-01,-1.449788066627794580e-01,2.281392806288682351e-01,-8.775725647562980514e-02,-8.028271583377978304e-01,-2.638502008602209292e-01,-5.240621686003962276e-01,-6.800137398883425444e-02,-1.741961620622826945e-01,-2.073978080662045309e-01,8.862197742861668281e-01,5.045997942845418249e-01,-4.575965997385256778e-01,2.933932419669764147e-01,-4.956169592794611445e-01,2.575538801356532792e-01,2.404608517577391802e-01,1.000000000000000000e+00,5.794301208873681164e-01,7.557112797599935261e-03,9.136159318070871671e-02,6.871395231123915703e-01,1.405985967245121648e-01,-5.592563708018639668e-01,-4.998771408763931778e-01,3.730245840253783585e-01,5.227608399228871328e-01,-9.225472545613191411e-01,8.333643532644541274e-02,2.092905741648934670e-01,-7.519988699444148939e-01
3.602516574572947050e-01,-1.766009999999995639e-02,1.154129401142745814e-01,-2.902022942756254942e-01,8.168103966712013386e-02,4.175481983418511400e-01,1.310123090616941433e-01,4.467386509606988687e-01,6.907230179417547244e-01,1.722055040752228927e-01,7.245442221750912903e-01,-4.858284038223050771e-01,-4.631005935797984918e-01,3.677976257653892689e-01,1.795990962102227140e-01,3.746155101697554168e-01,1.970186915766531099e-01,4.072134737865398812e-01,3.030647214486577590e-01,-2.335083042363134964e-01,3.251174845433648097e-01,2.631046112176125273e-01,3.849576438851509685e-02,-2.026399731063959486e-01,5.249801773682960526e-01,5.794301208873681164e-01,1.000000000000000000e+00,-1.543004998278092038e-02,5.199364871261555887e-01,5.897665333276894128e-02,5.371308705899600078e-01,-5.177129599711627339e-01,2.969516272248015065e-01,-3.341893102535308802e-01,9.522603548674346552e-01,-5.934180591317138598e-01,-4.956735849916701908e-01,-4.434344542999677508e-01,-2.877732985317362213e-01
-1.444636940533865488e-01,9.675458000000003445e-02,-2.124639506730914562e-01,2.177557281036753833e-01,-1.217868468519150427e-01,7.639971378766705068e-02,7.213239965559288258e-01,-7.951180404553379044e-02,2.261804553291389408e-01,4.187725619399249033e-01,-4.795362796918281600e-02,-2.389100540438015008e-01,2.353683384979149695e-01,3.913872426657699632e-01,1.595967202179034150e-02,-5.584094870759915841e-01,-2.607769050784678466e-01,2.782260316569208358e-01,-8.092699048607324142e-02,-1.511324181279081191e-01,5.389193044684315731e-02,-5.792378434994137626e-01,-2.081207412997603257e-01,3.096253386216005765e-01,-7.142069678915202724e-01,7.557112797599935261e-03,-1.543004998278092038e-02,1.000000000000000000e+00,4.994151782071110102e-01,2.026258134150615287e-01,1.945556945800028248e-01,3.332966803354700525e-01,2.443977360366100249e-01,1.725618033270264196e-01,2.498551056222653166e-03,-1.104613941326200999e-01,1.278031050513855349e-01,1.017293719426211884e-01,3.015101175480332518e-01
4.686133792562333644e-01,-3.964128000000000096e-02,-1.793307049436713291e-02,-2.816596988309250094e-01,4.021603113170015703e-02,3.189561838882701839e-01,2.678830871326993712e-01,2.884360048418617706e-01,6.492796945119172491e-01,3.215338640817072546e-01,2.524110861812695616e-01,-6.283867389329720332e-01,2.500174639824845890e-01,4.738260278563473094e-01,1.685767076373888007e-01,-2.246897664688560226e-01,1.660578721834835014e-01,6.454906999499609999e-01,-7.581051488441963027e-02,-2.995401316481063891e-01,6.436070606302791708e-01,-8.608467556515932151e-02,3.240071754330536846e-01,2.930076320152940061e-01,-1.742042579665766533e-01,9.136159318070871671e-02,5.199364871261555887e-01,4.994151782071110102e-01,1.000000000000000000e+00,9.984007833133486109e-02,1.565508984941353099e-01,-1.616230784409817267e-01,5.288836126886609090e-01,-5.848092698581327381e-02,4.934000277119143796e-01,-2.642739859402362113e-01,-2.753634474518599773e-01,-4.563668846700628251e-02,1.983617959087002891e-01
-2.485707913607438091e-01,9.133917799999999865e-01,-9.191786821534251306e-01,6.240090914413718437e-01,-8.988707937929290015e-01,-5.066287574850287800e-01,2.312033464346403000e-01,-4.044131759963921491e-01,-1.747304253343805874e-02,-1.669134014382681330e-01,-3.833423262893090322e-01,4.669561983888671081e-02,-4.931996036739466627e-01,-3.407440236611431472e-01,-8.276529973368000892e-01,-5.326448613965719669e-01,-3.899068889770721524e-01,-3.467102313303496164e-01,7.945609494001233397e-01,7.803538606222067964e-01,-5.751324205067511741e-01,2.943903645553849063e-02,-5.261207553658324709e-01,7.638302322002638034e-01,-2.110078277657498336e-01,6.871395231123915703e-01,5.897665333276894128e-02,2.026258134150615287e-01,9.984007833133486109e-02,1.000000000000000000e+00,-3.654640711057990377e-01,-9.300579961502487836e-02,-5.724882075649967428e-01,7.380690791344670654e-01,-4.725826164346863534e-02,-7.739632111958459904e-01,4.062973581206250628e-01,7.331347207252002507e-01,-6.245928306285953857e-01
-1.979365969456174934e-01,-5.223160600000000819e-01,5.275735195806032785e-01,-3.580134886174849429e-01,5.895985137318481284e-01,7.706398879258760104e-01,3.794200445180664905e-01,6.739264718117321529e-01,6.162914216904115117e-01,6.208968161287038434e-01,8.210629064339798333e-01,-6.081212711776158297e-01,-2.981365033524813746e-01,6.973736258369179764e-01,7.023407482285570769e-01,2.242501930506502761e-01,3.603016933625813878e-01,5.784426661891229893e-01,-2.726679899403752771e-01,-6.416417115159911422e-01,2.898474270120588447e-01,-1.987321121020433484e-02,1.058262262883947202e-01,-6.990083254858315831e-01,2.421334194498762360e-01,1.405985967245121648e-01,5.371308705899600078e-01,1.945556945800028248e-01,1.565508984941353099e-01,-3.654640711057990377e-01,1.000000000000000000e+00,5.337798854386182831e-03,5.540338925471635090e-01,-5.823448003051581168e-01,6.922065438305015084e-01,-3.920763306021524119e-02,-2.829170517314913424e-01,-8.127413303690480539e-01,3.388566156879042057e-01
-2.065601085087286348e-01,-1.861411400000000382e-01,6.100319797296661212e-02,3.548389530088937316e-01,1.605780375148518069e-01,2.503187320471427224e-01,2.584781176708295103e-01,2.434424351262472544e-02,-8.646759175446017132e-02,5.283756339861673812e-01,-3.606119273908419687e-01,3.448748212006866321e-02,2.694050364029407230e-01,4.469543727238866615e-01,1.697064117542159689e-01,-2.658208419123986310e-01,-2.972335231089155982e-01,1.117348709202903023e-01,-5.062695104608995189e-01,-1.710051232844500557e-01,-4.284679246877038522e-02,-6.597302492137272489e-01,-1.398731357845838796e-01,5.610746643240990122e-02,-5.391357473827335101e-01,-5.592563708018639668e-01,-5.177129599711627339e-01,3.332966803354700525e-01,-1.616230784409817267e-01,-9.300579961502487836e-02,5.337798854386182831e-03,1.000000000000000000e+00,3.623405114101085900e-01,-1.123423124232033193e-01,-5.105001190465321415e-01,4.189767642573645201e-01,2.403403539192645322e-01,4.083543052670007834e-02,4.140375976667912128e-01
4.030360995256672130e-01,-7.218986199999999354e-01,6.597341711509074891e-01,-5.158979137700224760e-01,7.285490282019948527e-01,8.643023335843290633e-01,1.982706941568651848e-01,7.102177681010394261e-01,6.217213622570665343e-01,7.062481342871560486e-01,4.313699704765752152e-01,-6.385956781736602528e-01,3.711357525307619754e-01,8.973521224720982792e-01,7.976199123352799569e-01,1.283111806577502123e-01,3.605291933085786882e-01,8.073361183263143559e-01,-7.386461477966539402e-01,-8.237491722247192172e-01,7.997324535109358035e-01,-2.451253555385032312e-01,5.155114869638217634e-01,-3.878994359081705534e-01,7.273410118175735592e-04,-4.998771408763931778e-01,2.969516272248015065e-01,2.443977360366100249e-01,5.288836126886609090e-01,-5.724882075649967428e-01,5.540338925471635090e-01,3.623405114101085900e-01,1.000000000000000000e+00,-6.558778269362488533e-01,3.658715702628844157e-01,3.613690897880343922e-01,-3.690051345659325910e-01,-6.262707173637677149e-01,6.723838258181943361e-01
-1.884562992121361080e-01,8.458956399999999487e-01,-8.611134265607418570e-01,5.600173234464110861e-01,-8.530599233001328052e-01,-7.510736037225553829e-01,3.045004615655309554e-01,-5.439428730974306125e-01,-2.960139979725958104e-01,-2.954350438569635084e-01,-6.419246004665015715e-01,2.568322553700600475e-01,-2.058611529283393415e-01,-6.176605634485111684e-01,-8.365136020523632476e-01,-6.556199635049229091e-01,-2.624798258499334014e-01,-4.702482133235645900e-01,6.415186059873840829e-01,8.604907324961087456e-01,-6.463296403397772449e-01,1.497563213422394846e-01,-3.490425964057292108e-01,8.068774943746925832e-01,-3.718628629951810094e-01,3.730245840253783585e-01,-3.341893102535308802e-01,1.725618033270264196e-01,-5.848092698581327381e-02,7.380690791344670654e-01,-5.823448003051581168e-01,-1.123423124232033193e-01,-6.558778269362488533e-01,1.000000000000000000e+00,-3.808827052586729045e-01,-4.827242686323118814e-01,7.335202976300349009e-01,9.010590776408763380e-01,-4.460139759688496186e-01
2.771972372506217308e-01,-1.581232200000000088e-01,2.102792715615186270e-01,-4.391213487238365132e-01,2.380960667665287245e-01,5.122736817114345031e-01,2.005467759916428339e-01,5.055133372069035014e-01,8.007708573649792161e-01,2.959862393198802177e-01,8.641484810765051039e-01,-6.268987557967884428e-01,-4.468448184255513489e-01,4.268867408656727980e-01,3.472803773521331294e-01,3.584386753814488014e-01,4.029264245004624545e-01,5.676738552000155646e-01,1.756968243941603447e-01,-3.544296605515649956e-01,3.882303755285613223e-01,3.672223235457610091e-01,1.979509510455012000e-01,-3.340328865138785797e-01,4.940669657743230747e-01,5.227608399228871328e-01,9.522603548674346552e-01,2.498551056222653166e-03,4.934000277119143796e-01,-4.725826164346863534e-02,6.922065438305015084e-01,-5.105001190465321415e-01,3.658715702628844157e-01,-3.808827052586729045e-01,1.000000000000000000e+00,-5.080575344058249065e-01,-4.804000632643737334e-01,-5.397840279709729128e-01,-1.217408955723300323e-01
-9.848350386878437779e-03,-7.643455599999999794e-01,6.976982932891907518e-01,-3.480673617694410860e-01,7.018803777208564298e-01,2.462423115728785139e-01,-3.494638556350935787e-01,1.076984990428981881e-01,-3.420317464921635020e-01,2.146855824354774317e-02,-1.127563277307609829e-01,1.759293802807912477e-01,7.573299229154630829e-01,1.627716720284740626e-01,5.981235548260519508e-01,1.946497356498664288e-01,1.832368767741871518e-01,9.901720103740996315e-02,-8.770726489524640623e-01,-5.636699600258153753e-01,3.942427624556150145e-01,-2.654279588269068957e-01,4.382721421475470058e-01,-4.766911216518848748e-01,-1.390729206015653141e-01,-9.225472545613191411e-01,-5.934180591317138598e-01,-1.104613941326200999e-01,-2.642739859402362113e-01,-7.739632111958459904e-01,-3.920763306021524119e-02,4.189767642573645201e-01,3.613690897880343922e-01,-4.827242686323118814e-01,-5.080575344058249065e-01,1.000000000000000000e+00,-1.531809339910945589e-01,-3.594778181349165824e-01,7.417776596286085322e-01
-3.543058330548148338e-01,4.982885999999999704e-01,-4.990657384783958039e-01,4.643912829187604729e-01,-4.943442642377414709e-01,-4.823410254264690611e-01,4.748806130840492190e-01,-2.919734883062237163e-01,-3.604035678047770586e-01,7.056913628803568317e-02,-6.205171646935501162e-01,2.696022381672209534e-01,-9.065547180599893562e-02,-3.832552268109620242e-01,-4.899882163751646535e-01,-5.569507006064702281e-01,-2.915682481129732717e-01,-3.830781654525030056e-01,2.779855493713520032e-01,5.703798814952847351e-01,-6.328582077839687292e-01,-1.094857359812447944e-01,-3.849219661603380804e-01,4.676775462113669235e-01,-4.525201478540226696e-01,8.333643532644541274e-02,-4.956735849916701908e-01,1.278031050513855349e-01,-2.753634474518599773e-01,4.062973581206250628e-01,-2.829170517314913424e-01,2.403403539192645322e-01,-3.690051345659325910e-01,7.335202976300349009e-01,-4.804000632643737334e-01,-1.531809339910945589e-01,1.000000000000000000e+00,5.919792476610017395e-01,-1.926392482233112435e-01
-2.395919004470178221e-02,8.306981399999999738e-01,-8.748204428205840211e-01,5.695385263852271729e-01,-8.583006658304358494e-01,-7.955009977937332888e-01,8.227133330127120447e-02,-6.697496467571453227e-01,-3.717765181684176135e-01,-3.297851338719533509e-01,-7.868598764390573042e-01,3.586643849936546613e-01,-3.170031338309007435e-02,-6.235292321455009334e-01,-8.773814599566467365e-01,-5.837906800948720054e-01,-3.823712064652858289e-01,-4.735409195861229881e-01,5.402542962338215959e-01,8.395483627634264812e-01,-5.288531621786425330e-01,3.221332354428570188e-02,-2.997255371254351486e-01,9.238929909072732816e-01,-4.551103056420203186e-01,2.092905741648934670e-01,-4.434344542999677508e-01,1.017293719426211884e-01,-4.563668846700628251e-02,7.331347207252002507e-01,-8.127413303690480539e-01,4.083543052670007834e-02,-6.262707173637677149e-01,9.010590776408763380e-01,-5.397840279709729128e-01,-3.594778181349165824e-01,5.919792476610017395e-01,1.000000000000000000e+00,-4.622209035842421709e-01
-6.207974341635031507e-02,-7.816086799999999446e-01,6.429531826027071739e-01,-4.947675910484466422e-01,7.498074890265623571e-01,6.029725366590489299e-01,7.685429924860656681e-02,4.091406830870644162e-01,2.307794489936351723e-01,4.180682235417789716e-01,1.860987486454946382e-01,-4.170794685302905425e-01,6.572769618881516562e-01,5.811784694042309019e-01,7.687697864117107871e-01,-1.320723278794866673e-01,5.104683888970692474e-01,5.573405928484340688e-01,-8.963014056890715731e-01,-7.037911322087102572e-01,5.985022533595243388e-01,-1.778313444191924886e-01,6.315247370867991261e-01,-4.289306151479242435e-01,-1.918938353183864132e-01,-7.519988699444148939e-01,-2.877732985317362213e-01,3.015101175480332518e-01,1.983617959087002891e-01,-6.245928306285953857e-01,3.388566156879042057e-01,4.140375976667912128e-01,6.723838258181943361e-01,-4.460139759688496186e-01,-1.217408955723300323e-01,7.417776596286085322e-01,-1.926392482233112435e-01,-4.622209035842421709e-01,1.000000000000000000e+00
