1.000000000000000000e+00,2.951943007986272960e-01,-7.090109471567734856e-01,1.040334095875505155e-01,3.264005694288673598e-01,-3.105546452384232436e-01,-5.445065105052859789e-01,-6.608393461961467041e-01,-4.713149345001263479e-01,3.877837484427733572e-01,-5.476899829962338373e-01,-5.765343141041294472e-02,-1.619038597639214649e-01,6.579340494013927731e-01,1.257614938166884133e-01,4.480556794879955729e-01,4.260855662713728953e-01,3.129140562476209197e-01,2.866388409559983974e-01,-6.215335057833696331e-01,5.296654893045359414e-01,-6.431648915778365172e-01,-3.517218430252696537e-01,-1.297055428038249303e-01,-2.566297288452198400e-01,5.099548599999998988e-01,-3.233576261517171480e-01,8.274607806190587000e-01,5.429672522495569975e-01,3.487433101609531683e-01,3.254644205978736715e-01,-3.453833216527785188e-01,-8.674582779141133682e-03,6.520023208320862018e-01,-4.918625865078766757e-01,7.814521250397332697e-01,8.625315642424079554e-01,5.281768795649501858e-01,-1.104812019373444532e-01
2.951943007986272960e-01,1.000000000000000000e+00,-2.255541285566633469e-01,7.834366035445621268e-01,6.605144516808454380e-01,-4.036337444088753945e-01,-7.576010381150209971e-01,-8.638803475780326702e-01,-8.177951958124113352e-01,5.354742060774445589e-01,-8.879860718937256925e-01,-8.407287043059008536e-02,-7.925129087782697423e-01,3.236044015969080090e-01,5.396801204691156206e-01,6.757721965511405138e-01,-1.703242617286212790e-01,3.663462810376166834e-01,-1.249873126171206494e-01,-3.626113690363798048e-01,8.467722155879426893e-01,-8.465233828167844088e-01,4.129637173437283870e-01,2.815040247096015427e-02,-2.081450299467775544e-02,8.312342600000000026e-01,-5.592683197964686270e-01,6.040854855445865201e-01,4.516441466518723580e-01,6.676790864328641106e-01,2.687106860153088972e-01,-3.305824289756138096e-02,2.680550730032355555e-01,7.259375169501387504e-01,2.451362780967946894e-02,3.864927749123176492e-01,1.457522729008874363e-01,-1.522711060147907691e-01,3.772534657140033110e-01
-7.090109471567734856e-01,-2.255541285566633469e-01,1.000000000000000000e+00,1.389434270234593365e-02,-2.228097688752707917e-01,-1.251557442177613777e-01,6.525881334192357164e-01,5.771463224199233633e-01,3.523098278399919847e-01,7.127579899063174462e-02,4.249072053337023536e-01,1.026944241741653829e-01,2.474761797386547391e-01,-6.458210742416637951e-01,1.523414885600626878e-02,-5.631335864843149686e-02,-2.093571881711170021e-02,-1.090813621626320062e-01,-4.162399824906630741e-01,6.705064339327737599e-01,-4.249748902171074372e-01,5.095155263309192328e-01,5.080340989768608040e-01,2.332778550723731414e-01,3.914970839792761281e-01,-3.676011799999999718e-01,5.080301653621326352e-01,-4.546166293984758577e-01,-4.196754367267326313e-01,-6.166201960680882665e-01,-4.067813468328734805e-01,3.541792561263430450e-01,7.904935634996730631e-02,-5.037351804890308760e-01,2.779709260682939331e-01,-7.430678146598980183e-01,-7.327896019011187478e-01,-3.278625726275016250e-01,1.944832557357769609e-01
1.040334095875505155e-01,7.834366035445621268e-01,1.389434270234593365e-02,1.000000000000000000e+00,3.491866913101480674e-01,-4.347094958522751407e-01,-5.484655651033841783e-01,-6.649681704752719025e-01,-4.794432120268870001e-01,2.964314690117706430e-01,-6.198534628611029884e-01,-2.473769245083945467e-01,-5.599537943182629762e-01,1.614524405799665496e-01,4.296899559143496083e-01,5.167240211340980993e-01,-4.522089558352050398e-01,1.510575112694974298e-01,-2.666883609781111608e-01,-4.152986961611467298e-01,6.618507436779579312e-01,-6.025863297052875822e-01,2.200479855919690586e-01,1.544975213630983002e-01,-8.961100500646426714e-03,5.988496400000000719e-01,-1.487071279175736782e-01,2.835367305684318717e-01,5.836090380342840583e-02,5.213881114165500597e-01,2.449616212463952281e-02,-1.232245147592527790e-01,4.004104459374945302e-01,6.423479625158857731e-01,6.810784475428660611e-02,3.033337519146372951e-01,-1.356671777109395016e-01,8.581845599567418381e-02,3.802587663370926574e-02
3.264005694288673598e-01,6.605144516808454380e-01,-2.228097688752707917e-01,3.491866913101480674e-01,1.000000000000000000e+00,-5.825852454941971015e-01,-3.523327465565645467e-01,-6.695905545115862223e-01,-9.007659862093467806e-01,7.885021738245718836e-01,-8.485188666550254055e-01,6.039445837502901426e-01,-7.021146032019969230e-01,-4.770687807950220634e-03,7.843797793326682255e-01,7.782834520675588896e-01,2.766762070053382372e-01,-6.043529450020322658e-02,-3.667842957213863775e-01,1.301388599735746887e-01,8.060161210268459442e-01,-8.012773186622028643e-01,5.399445350335946303e-01,3.181584774451402531e-01,2.972407293696574526e-01,8.743929599999999969e-01,-3.911315877714020006e-01,6.299369907889048603e-01,3.159237880979388624e-01,3.728332163854878867e-01,2.425005978663460071e-01,1.913342067987197290e-02,3.501608628905987231e-01,3.998653292667432302e-01,1.895154897139770256e-01,1.878128409856756054e-01,1.671297748188780852e-01,7.684642973410252265e-02,7.084237053321642552e-01
-3.105546452384232436e-01,-4.036337444088753945e-01,-1.251557442177613777e-01,-4.347094958522751407e-01,-5.825852454941971015e-01,1.000000000000000000e+00,1.374726765312271337e-01,4.588131595088886239e-01,6.348542468757182311e-01,-6.096088193998098204e-01,5.355539455559999995e-01,-1.598539649675283503e-01,1.806326256883802606e-01,-1.865830116713192710e-01,-3.309160606916862202e-01,-5.345530136323936032e-01,-4.411646179739811546e-01,-6.685614872380946094e-02,4.700119202417690767e-01,4.054077403414322461e-02,-4.392805691566162851e-01,4.966576890499933006e-01,-3.261071229458992748e-01,2.834385036045846892e-03,9.225675485540851817e-02,-4.948515399999999786e-01,1.296376199119367856e-01,-5.969448181314471746e-01,-3.602755528774679306e-01,-1.123280856134638572e-01,-4.408694075004846585e-02,-2.374815506790378394e-01,1.569924795035185228e-02,-1.834896982547836730e-01,2.962482863745066752e-01,-1.687233864127728744e-01,-2.320146934563855345e-01,-1.451337777721279643e-01,-5.193547218239530361e-01
-5.445065105052859789e-01,-7.576010381150209971e-01,6.525881334192357164e-01,-5.484655651033841783e-01,-3.523327465565645467e-01,1.374726765312271337e-01,1.000000000000000000e+00,8.866692633915349564e-01,6.496269188519839810e-01,-2.419096129693271979e-01,7.598005849483716601e-01,3.375126795502091381e-01,5.453513105647570525e-01,-6.399468076943130024e-01,-2.266728725471517381e-01,-4.105530522181852771e-01,1.798729474652532578e-01,-4.354527349983405293e-01,-3.509096767906709768e-01,7.261149606965477954e-01,-7.323364195756908446e-01,7.909317237702462311e-01,2.127235900571870439e-02,2.119397012283948667e-01,3.371399014885242407e-01,-6.686724200000000451e-01,5.994021524442892934e-01,-5.939158295213144978e-01,-4.904741882911700657e-01,-8.574111154461880879e-01,-1.131024062889851439e-01,2.315455568294284561e-01,-6.523820553069586969e-02,-7.681250941005269839e-01,3.394315768572045422e-01,-6.054440696420624324e-01,-4.847030377814400270e-01,-2.481802492114431116e-02,-4.643478277932333587e-02
-6.608393461961467041e-01,-8.638803475780326702e-01,5.771463224199233633e-01,-6.649681704752719025e-01,-6.695905545115862223e-01,4.588131595088886239e-01,8.866692633915349564e-01,1.000000000000000000e+00,8.569923221034936311e-01,-5.452628683502885876e-01,9.479740206283734372e-01,6.290253500065677572e-02,6.808096344524018351e-01,-5.385123613772634377e-01,-4.953559747039033012e-01,-6.935643668294857456e-01,1.588099611112146065e-02,-3.281811524204784059e-01,-1.919792315071489758e-02,5.964374124216303974e-01,-9.236067279910927796e-01,9.679322498199461888e-01,-1.174330371884000912e-01,1.176816143571550281e-02,1.571840375874495044e-01,-8.926849599999999718e-01,5.672498965159519235e-01,-7.840070718549181361e-01,-5.074215222558853267e-01,-7.743750649441603073e-01,-2.467567946957528735e-01,2.380794866798228437e-01,-2.336043273646523366e-01,-8.341360130936408268e-01,2.239396576784764836e-01,-6.499636801512902462e-01,-4.887163590297240456e-01,-1.937566781154203832e-01,-2.285437766657055780e-01
-4.713149345001263479e-01,-8.177951958124113352e-01,3.523098278399919847e-01,-4.794432120268870001e-01,-9.007659862093467806e-01,6.348542468757182311e-01,6.496269188519839810e-01,8.569923221034936311e-01,1.000000000000000000e+00,-7.165633553934421807e-01,9.532666900286042022e-01,-2.494755296603818617e-01,6.905973088838421869e-01,-3.479864958577484346e-01,-5.936033950168929652e-01,-7.305513530609463180e-01,-2.781665605073069814e-01,-1.900807913163160279e-01,1.496416124162148753e-01,1.886155470734284245e-01,-8.536087445208014879e-01,9.110218666237843710e-01,-4.570770562232190359e-01,-7.340660989316836506e-03,3.826401428322524084e-02,-8.980631799999999609e-01,6.177678295009311205e-01,-8.065345810948348904e-01,-5.798212642074561662e-01,-5.900285129983048327e-01,-2.319554627816849124e-01,-8.528019265838525376e-02,-1.168625837915585192e-01,-5.398922906704747282e-01,1.519376774390530094e-01,-3.643849732595830226e-01,-3.966298888783829635e-01,3.191077791313545048e-02,-6.766198538011803931e-01
3.877837484427733572e-01,5.354742060774445589e-01,7.127579899063174462e-02,2.964314690117706430e-01,7.885021738245718836e-01,-6.096088193998098204e-01,-2.419096129693271979e-01,-5.452628683502885876e-01,-7.165633553934421807e-01,1.000000000000000000e+00,-7.074248735329440319e-01,5.326220119615131532e-01,-4.705582101732413425e-01,-1.206150430331601187e-01,7.757522627905224510e-01,9.172576278730991683e-01,4.100158180834013177e-01,1.150990782887255232e-01,-2.677704084041709898e-01,1.936261522557513881e-01,7.001940293889075129e-01,-6.889534640746953764e-01,5.855535430057985380e-01,4.256492440038849301e-01,4.713428627538308602e-01,7.728972000000000619e-01,-7.503064478105744839e-02,6.527273130882482732e-01,1.875591128022511545e-01,1.269936512074304469e-01,-5.606515026894148823e-02,-1.019621202283007289e-01,4.486961098633083789e-01,4.300578294567592441e-01,6.009750220585940994e-02,7.609073677216912635e-02,1.072031502532923702e-01,1.724755598440164128e-01,5.506003389188347530e-01
-5.476899829962338373e-01,-8.879860718937256925e-01,4.249072053337023536e-01,-6.198534628611029884e-01,-8.485188666550254055e-01,5.355539455559999995e-01,7.598005849483716601e-01,9.479740206283734372e-01,9.532666900286042022e-01,-7.074248735329440319e-01,1.000000000000000000e+00,-1.902085546130410088e-01,7.767237541172805626e-01,-3.391237641361752875e-01,-6.764471879067563975e-01,-8.098443067941774043e-01,-1.050592345633784980e-01,-2.654297690590228243e-01,1.050219209654123659e-01,3.200025961813874886e-01,-9.637099366432571035e-01,9.878642082358275456e-01,-3.816356094433243640e-01,-1.401922450461816905e-01,-4.226630269138688389e-02,-9.729953999999999548e-01,5.275250042090345870e-01,-7.873647547390192347e-01,-4.648798030895653910e-01,-6.494148003635390465e-01,-2.013543407012220732e-01,1.200246105845658301e-01,-3.106931573977069205e-01,-7.334679921993505491e-01,8.034916395162482183e-02,-4.484375501557936738e-01,-3.604608240346888204e-01,-1.246444034519127997e-01,-4.794801027689049588e-01
-5.765343141041294472e-02,-8.407287043059008536e-02,1.026944241741653829e-01,-2.473769245083945467e-01,6.039445837502901426e-01,-1.598539649675283503e-01,3.375126795502091381e-01,6.290253500065677572e-02,-2.494755296603818617e-01,5.326220119615131532e-01,-1.902085546130410088e-01,1.000000000000000000e+00,-2.368338293787999871e-01,-6.491677307551199094e-01,7.074058824087680053e-01,4.523807325787290723e-01,3.224597602300993682e-01,-3.712734748360313475e-01,-3.927664385858089524e-01,7.185380795029693290e-01,2.598804503112054354e-01,-1.702910723421259265e-01,5.112054451260183985e-01,7.228150031612810000e-01,7.512718162856864001e-01,3.534481000000000428e-01,2.776462090566712559e-01,8.975052889023178715e-03,-3.425137396108366428e-01,-3.221223787021653129e-01,-1.368245531982496543e-01,-3.316174262611429335e-02,5.158029851230861995e-01,-1.671816729061562090e-01,5.319955614179121550e-01,-3.917159367761832156e-01,-2.558265066122582532e-01,2.719589866917945242e-01,4.916783694394612492e-01
-1.619038597639214649e-01,-7.925129087782697423e-01,2.474761797386547391e-01,-5.599537943182629762e-01,-7.021146032019969230e-01,1.806326256883802606e-01,5.453513105647570525e-01,6.808096344524018351e-01,6.905973088838421869e-01,-4.705582101732413425e-01,7.767237541172805626e-01,-2.368338293787999871e-01,1.000000000000000000e+00,-2.105657813549929522e-02,-6.933508237197083535e-01,-5.921919070332777313e-01,2.170858124309821835e-01,-2.958852852766430397e-01,1.944418142812535388e-01,9.931968810128866121e-02,-7.985155649196483685e-01,7.417008686362074332e-01,-4.291905529377365580e-01,-3.411701925439189487e-01,-2.863101205944671990e-01,-7.966809000000000252e-01,3.502500025461998123e-01,-3.937239747961940872e-01,-1.583382135627302845e-01,-5.429205225020590220e-01,-2.491701250660273703e-01,3.064983985761562946e-01,-4.841685753143811777e-01,-6.393672471990347050e-01,-3.290987818056981262e-01,-1.718749150686264826e-01,3.335544224940538427e-02,-3.470606742547666101e-02,-3.547097674840257175e-01
6.579340494013927731e-01,3.236044015969080090e-01,-6.458210742416637951e-01,1.614524405799665496e-01,-4.770687807950220634e-03,-1.865830116713192710e-01,-6.399468076943130024e-01,-5.385123613772634377e-01,-3.479864958577484346e-01,-1.206150430331601187e-01,-3.391237641361752875e-01,-6.491677307551199094e-01,-2.105657813549929522e-02,1.000000000000000000e+00,-4.417643316912786000e-01,-9.027858066238692025e-02,2.036028392452285674e-01,3.558096167389544484e-01,4.477520840465402108e-01,-8.490681697451919474e-01,1.927048010609283546e-01,-3.746530802697806695e-01,-4.886315098291418857e-01,-7.799803435224418324e-01,-8.627396289219677605e-01,1.475789800000000263e-01,-6.930029811644788929e-01,6.366072049713299430e-01,8.276979196962401808e-01,5.764755788883745291e-01,4.356201152967197898e-01,4.006722268202772552e-02,-5.969524062763401639e-01,4.027772062280053911e-01,-7.699485835045049020e-01,7.826054648542964953e-01,8.655490594308135055e-01,-4.029991311008272042e-02,-9.838870513384670446e-02
1.257614938166884133e-01,5.396801204691156206e-01,1.523414885600626878e-02,4.296899559143496083e-01,7.843797793326682255e-01,-3.309160606916862202e-01,-2.266728725471517381e-01,-4.953559747039033012e-01,-5.936033950168929652e-01,7.757522627905224510e-01,-6.764471879067563975e-01,7.074058824087680053e-01,-6.933508237197083535e-01,-4.417643316912786000e-01,1.000000000000000000e+00,8.671297375887687675e-01,-4.095146818017381118e-02,-2.189937960106097536e-02,-4.049901530654084758e-01,2.998839933608135055e-01,7.850263946423413630e-01,-6.640112703031316732e-01,6.364393079020109756e-01,7.990171835970472092e-01,7.456428204916695224e-01,8.192502200000000290e-01,1.060695716207170625e-01,2.801743148753521595e-01,-2.401331882465090328e-01,1.486920186441689773e-01,-1.357547305498891799e-01,-2.716327113463542497e-01,8.247857518941255073e-01,4.531266054171366742e-01,5.172855401468526848e-01,-1.027666430226207572e-01,-2.654652956540390907e-01,3.006810988755278524e-01,4.154461792517533114e-01
4.480556794879955729e-01,6.757721965511405138e-01,-5.631335864843149686e-02,5.167240211340980993e-01,7.782834520675588896e-01,-5.345530136323936032e-01,-4.105530522181852771e-01,-6.935643668294857456e-01,-7.305513530609463180e-01,9.172576278730991683e-01,-8.098443067941774043e-01,4.523807325787290723e-01,-5.921919070332777313e-01,-9.027858066238692025e-02,8.671297375887687675e-01,1.000000000000000000e+00,1.656659724543902978e-01,1.929082830558715989e-01,-2.866961502405287465e-01,2.247531988269001191e-02,8.578715368986126188e-01,-8.124276725513582820e-01,5.326453035778588863e-01,5.273523757895790531e-01,4.962558232518819445e-01,8.896277800000000902e-01,-8.443591331862708438e-02,6.304548980106536860e-01,1.096649756646101009e-01,2.349561345883585672e-01,-1.731022943016500767e-02,-1.963675351265673774e-01,6.269795313008945659e-01,6.422398483137669034e-01,1.723459070029041140e-01,1.902355073296883581e-01,7.041608025087445211e-02,2.692275649115669633e-01,3.908617898379742606e-01
4.260855662713728953e-01,-1.703242617286212790e-01,-2.093571881711170021e-02,-4.522089558352050398e-01,2.766762070053382372e-01,-4.411646179739811546e-01,1.798729474652532578e-01,1.588099611112146065e-02,-2.781665605073069814e-01,4.100158180834013177e-01,-1.050592345633784980e-01,3.224597602300993682e-01,2.170858124309821835e-01,2.036028392452285674e-01,-4.095146818017381118e-02,1.656659724543902978e-01,1.000000000000000000e+00,8.220356323216818084e-02,1.258619482071367535e-01,2.301990060191856369e-01,-4.237226317116459667e-02,-9.648555994962039473e-02,1.556492322594748845e-01,-1.903324165467785711e-01,-1.158695800507157370e-01,6.663493999999992035e-02,-9.260343702887982587e-02,5.566905170118653379e-01,4.842053812104404331e-01,-3.429826257796181888e-01,2.820953227857641785e-02,3.538823971363280751e-01,-4.133388021029708037e-01,-2.265041245713743379e-01,-4.896371636296065200e-01,-1.638091367811109894e-02,5.485164392645491827e-01,9.107796220901491491e-02,5.008888328263707557e-01
3.129140562476209197e-01,3.663462810376166834e-01,-1.090813621626320062e-01,1.510575112694974298e-01,-6.043529450020322658e-02,-6.685614872380946094e-02,-4.354527349983405293e-01,-3.281811524204784059e-01,-1.900807913163160279e-01,1.150990782887255232e-01,-2.654297690590228243e-01,-3.712734748360313475e-01,-2.958852852766430397e-01,3.558096167389544484e-01,-2.189937960106097536e-02,1.929082830558715989e-01,8.220356323216818084e-02,1.000000000000000000e+00,1.193731934902341474e-01,-3.279044499931939027e-01,2.263130625064307122e-01,-2.799559056145121683e-01,1.311083735306348697e-01,-1.484911586409164153e-01,-1.521439383493092545e-01,2.045455400000000257e-01,-2.125408938166044592e-01,3.552783460945208027e-01,3.474245782000615068e-01,7.953285748220498275e-02,1.061629323203495123e-01,-8.527805985763142749e-02,-7.258221650147812787e-02,4.007456535713098678e-01,-2.736729711211133842e-01,1.081008924094587903e-01,2.746423377660495713e-01,-7.782217103350184961e-02,-3.199046628785462421e-02
2.866388409559983974e-01,-1.249873126171206494e-01,-4.162399824906630741e-01,-2.666883609781111608e-01,-3.667842957213863775e-01,4.700119202417690767e-01,-3.509096767906709768e-01,-1.919792315071489758e-02,1.496416124162148753e-01,-2.677704084041709898e-01,1.050219209654123659e-01,-3.927664385858089524e-01,1.944418142812535388e-01,4.477520840465402108e-01,-4.049901530654084758e-01,-2.866961502405287465e-01,1.258619482071367535e-01,1.193731934902341474e-01,1.000000000000000000e+00,-3.882588567353058573e-01,-1.367050665539265575e-01,4.589524462509515790e-02,-3.867578499745157883e-01,-4.015760734211902827e-01,-3.679778329412418114e-01,-1.776547200000000437e-01,-1.214910682971505618e-01,1.236499611763274553e-01,2.662525981421824950e-01,2.447633490254416677e-01,-1.641962388063777367e-01,-1.153061873785537622e-01,-3.451731108250332691e-01,1.507659974431227734e-01,-4.825797980883787530e-01,2.521410724630778200e-01,4.405127639594854094e-01,-4.116429872921361505e-02,-2.801789706147008729e-01
-6.215335057833696331e-01,-3.626113690363798048e-01,6.705064339327737599e-01,-4.152986961611467298e-01,1.301388599735746887e-01,4.054077403414322461e-02,7.261149606965477954e-01,5.964374124216303974e-01,1.886155470734284245e-01,1.936261522557513881e-01,3.200025961813874886e-01,7.185380795029693290e-01,9.931968810128866121e-02,-8.490681697451919474e-01,2.998839933608135055e-01,2.247531988269001191e-02,2.301990060191856369e-01,-3.279044499931939027e-01,-3.882588567353058573e-01,1.000000000000000000e+00,-3.035237950379751082e-01,3.994201510984904391e-01,6.316900391008609672e-01,4.965005209305466960e-01,6.720174701917389637e-01,-1.947620599999999591e-01,4.398825974485627843e-01,-4.268809270782741860e-01,-4.709895811729646331e-01,-6.780161880785141593e-01,-3.266817822015283257e-01,3.303466847478738200e-01,2.058612493109013009e-01,-6.396604628356462596e-01,5.335475793792782140e-01,-8.523192738488361009e-01,-6.338646140595894929e-01,-2.095999846449774495e-01,4.762289982450332859e-01
5.296654893045359414e-01,8.467722155879426893e-01,-4.249748902171074372e-01,6.618507436779579312e-01,8.060161210268459442e-01,-4.392805691566162851e-01,-7.323364195756908446e-01,-9.236067279910927796e-01,-8.536087445208014879e-01,7.001940293889075129e-01,-9.637099366432571035e-01,2.598804503112054354e-01,-7.985155649196483685e-01,1.927048010609283546e-01,7.850263946423413630e-01,8.578715368986126188e-01,-4.237226317116459667e-02,2.263130625064307122e-01,-1.367050665539265575e-01,-3.035237950379751082e-01,1.000000000000000000e+00,-9.752761524996410580e-01,3.425238527814150613e-01,3.487705298108726426e-01,2.157476664331223482e-01,9.885101400000000371e-01,-3.463603850278975105e-01,6.698180755015498145e-01,2.468156579109049287e-01,6.121507528814760235e-01,1.302315665228640507e-01,-2.953476257971354157e-01,5.345554110580034157e-01,8.037990030774516681e-01,8.245304675064346611e-02,4.250956576175822788e-01,2.330265726687022476e-01,2.805220307581420269e-01,3.208484213932171203e-01
-6.431648915778365172e-01,-8.465233828167844088e-01,5.095155263309192328e-01,-6.025863297052875822e-01,-8.012773186622028643e-01,4.966576890499933006e-01,7.909317237702462311e-01,9.679322498199461888e-01,9.110218666237843710e-01,-6.889534640746953764e-01,9.878642082358275456e-01,-1.702910723421259265e-01,7.417008686362074332e-01,-3.746530802697806695e-01,-6.640112703031316732e-01,-8.124276725513582820e-01,-9.648555994962039473e-02,-2.799559056145121683e-01,4.589524462509515790e-02,3.994201510984904391e-01,-9.752761524996410580e-01,1.000000000000000000e+00,-2.764379051107228036e-01,-1.647521819108449248e-01,-3.861762390609421725e-02,-9.712041799999999725e-01,4.807471489633318162e-01,-8.009227863202255104e-01,-4.352459238318405199e-01,-6.577344354700895845e-01,-1.907921351075718419e-01,2.259427715318185204e-01,-3.486827387084003305e-01,-7.945771690639046314e-01,1.116007414847877688e-01,-5.225068533987138331e-01,-4.216317993586567447e-01,-2.438482574742225351e-01,-3.641878995457829560e-01
-3.517218430252696537e-01,4.129637173437283870e-01,5.080340989768608040e-01,2.200479855919690586e-01,5.399445350335946303e-01,-3.261071229458992748e-01,2.127235900571870439e-02,-1.174330371884000912e-01,-4.570770562232190359e-01,5.855535430057985380e-01,-3.816356094433243640e-01,5.112054451260183985e-01,-4.291905529377365580e-01,-4.886315098291418857e-01,6.364393079020109756e-01,5.326453035778588863e-01,1.556492322594748845e-01,1.311083735306348697e-01,-3.867578499745157883e-01,6.316900391008609672e-01,3.425238527814150613e-01,-2.764379051107228036e-01,1.000000000000000000e+00,4.172441488157154210e-01,5.221752607031820981e-01,4.343680199999999658e-01,-1.071651581013483706e-02,9.320672634523241573e-02,-7.700917140693526453e-02,-1.578942643556523195e-01,-3.325610955757977161e-01,3.845519779155280315e-01,3.012386258835904052e-01,-9.418628735235375082e-02,3.091212018977251286e-01,-6.112210542362476184e-01,-4.465340712430445613e-01,-3.315187048902810685e-01,7.928476107502122616e-01
-1.297055428038249303e-01,2.815040247096015427e-02,2.332778550723731414e-01,1.544975213630983002e-01,3.181584774451402531e-01,2.834385036045846892e-03,2.119397012283948667e-01,1.176816143571550281e-02,-7.340660989316836506e-03,4.256492440038849301e-01,-1.401922450461816905e-01,7.228150031612810000e-01,-3.411701925439189487e-01,-7.799803435224418324e-01,7.990171835970472092e-01,5.273523757895790531e-01,-1.903324165467785711e-01,-1.484911586409164153e-01,-4.015760734211902827e-01,4.965005209305466960e-01,3.487705298108726426e-01,-1.647521819108449248e-01,4.172441488157154210e-01,1.000000000000000000e+00,9.319318949939621177e-01,3.602696599999999361e-01,6.202154029042808991e-01,-2.157631544520740574e-01,-7.219302748690537008e-01,-2.824864223446518219e-01,-3.407641230915479658e-01,-4.228487101755203370e-01,9.241450570360729699e-01,1.598287912292750135e-01,7.081555426227525984e-01,-3.831489682300899813e-01,-5.635259578037796757e-01,4.964005277916439529e-01,1.240423665523765484e-02
-2.566297288452198400e-01,-2.081450299467775544e-02,3.914970839792761281e-01,-8.961100500646426714e-03,2.972407293696574526e-01,9.225675485540851817e-02,3.371399014885242407e-01,1.571840375874495044e-01,3.826401428322524084e-02,4.713428627538308602e-01,-4.226630269138688389e-02,7.512718162856864001e-01,-2.863101205944671990e-01,-8.627396289219677605e-01,7.456428204916695224e-01,4.962558232518819445e-01,-1.158695800507157370e-01,-1.521439383493092545e-01,-3.679778329412418114e-01,6.720174701917389637e-01,2.157476664331223482e-01,-3.861762390609421725e-02,5.221752607031820981e-01,9.319318949939621177e-01,1.000000000000000000e+00,2.563438600000000900e-01,5.706689394094061063e-01,-2.530103905073496917e-01,-6.633937803649853082e-01,-3.715555611107637102e-01,-2.931531131783955413e-01,-3.029157299847777263e-01,8.380224634858800536e-01,4.537190065449351467e-02,7.722863945432539845e-01,-4.916305085151105314e-01,-6.298680131815973526e-01,2.365799488302544884e-01,1.103888930949392388e-01
5.099548599999998988e-01,8.312342600000000026e-01,-3.676011799999999718e-01,5.988496400000000719e-01,8.743929599999999969e-01,-4.948515399999999786e-01,-6.686724200000000451e-01,-8.926849599999999718e-01,-8.980631799999999609e-01,7.728972000000000619e-01,-9.729953999999999548e-01,3.534481000000000428e-01,-7.966809000000000252e-01,1.475789800000000263e-01,8.192502200000000290e-01,8.896277800000000902e-01,6.663493999999992035e-02,2.045455400000000257e-01,-1.776547200000000437e-01,-1.947620599999999591e-01,9.885101400000000371e-01,-9.712041799999999725e-01,4.343680199999999658e-01,3.602696599999999361e-01,2.563438600000000900e-01,1.000000000000000000e+00,-3.579373999999999612e-01,7.029375600000000723e-01,2.775025600000000647e-01,5.510140800000000727e-01,1.217312800000001083e-01,-2.257237399999999505e-01,5.067134600000000599e-01,7.351236400000000781e-01,8.344471999999991674e-02,3.563074200000000413e-01,2.310299799999999681e-01,2.429230399999999790e-01,4.415287999999999435e-01
-3.233576261517171480e-01,-5.592683197964686270e-01,5.080301653621326352e-01,-1.487071279175736782e-01,-3.911315877714020006e-01,1.296376199119367856e-01,5.994021524442892934e-01,5.672498965159519235e-01,6.177678295009311205e-01,-7.503064478105744839e-02,5.275250042090345870e-01,2.776462090566712559e-01,3.502500025461998123e-01,-6.930029811644788929e-01,1.060695716207170625e-01,-8.443591331862708438e-02,-9.260343702887982587e-02,-2.125408938166044592e-01,-1.214910682971505618e-01,4.398825974485627843e-01,-3.463603850278975105e-01,4.807471489633318162e-01,-1.071651581013483706e-02,6.202154029042808991e-01,5.706689394094061063e-01,-3.579373999999999612e-01,1.000000000000000000e+00,-5.597131212384268695e-01,-8.115831773249522207e-01,-6.403862471460828321e-01,-5.466780306461705985e-01,-2.647002024623623662e-01,4.575244341878388910e-01,-2.676507179913142354e-01,3.495650416830607399e-01,-5.103314809359187354e-01,-5.670482512177686951e-01,4.567400168541880245e-01,-3.811531153563634255e-01
8.274607806190587000e-01,6.040854855445865201e-01,-4.546166293984758577e-01,2.835367305684318717e-01,6.299369907889048603e-01,-5.969448181314471746e-01,-5.939158295213144978e-01,-7.840070718549181361e-01,-8.065345810948348904e-01,6.527273130882482732e-01,-7.873647547390192347e-01,8.975052889023178715e-03,-3.937239747961940872e-01,6.366072049713299430e-01,2.801743148753521595e-01,6.304548980106536860e-01,5.566905170118653379e-01,3.552783460945208027e-01,1.236499611763274553e-01,-4.268809270782741860e-01,6.698180755015498145e-01,-8.009227863202255104e-01,9.320672634523241573e-02,-2.157631544520740574e-01,-2.530103905073496917e-01,7.029375600000000723e-01,-5.597131212384268695e-01,1.000000000000000000e+00,7.722558667592004378e-01,4.300908751525881479e-01,3.285499290719847698e-01,-1.566516352233252724e-02,-1.105740080068411541e-01,6.018231778728443393e-01,-5.061543218247861464e-01,6.163503064463398129e-01,7.668235620173438072e-01,1.626540986229358665e-01,3.843008080267056870e-01
5.429672522495569975e-01,4.516441466518723580e-01,-4.196754367267326313e-01,5.836090380342840583e-02,3.159237880979388624e-01,-3.602755528774679306e-01,-4.904741882911700657e-01,-5.074215222558853267e-01,-5.798212642074561662e-01,1.875591128022511545e-01,-4.648798030895653910e-01,-3.425137396108366428e-01,-1.583382135627302845e-01,8.276979196962401808e-01,-2.401331882465090328e-01,1.096649756646101009e-01,4.842053812104404331e-01,3.474245782000615068e-01,2.662525981421824950e-01,-4.709895811729646331e-01,2.468156579109049287e-01,-4.352459238318405199e-01,-7.700917140693526453e-02,-7.219302748690537008e-01,-6.633937803649853082e-01,2.775025600000000647e-01,-8.115831773249522207e-01,7.722558667592004378e-01,1.000000000000000000e+00,4.353777223120842699e-01,5.454908111573686380e-01,3.201514840443787091e-01,-6.227416389554205622e-01,2.689020984717322427e-01,-6.165853067533209053e-01,5.768296180117475913e-01,7.880372216950737307e-01,-3.211262368795934075e-01,3.610182555458584241e-01
3.487433101609531683e-01,6.676790864328641106e-01,-6.166201960680882665e-01,5.213881114165500597e-01,3.728332163854878867e-01,-1.123280856134638572e-01,-8.574111154461880879e-01,-7.743750649441603073e-01,-5.900285129983048327e-01,1.269936512074304469e-01,-6.494148003635390465e-01,-3.221223787021653129e-01,-5.429205225020590220e-01,5.764755788883745291e-01,1.486920186441689773e-01,2.349561345883585672e-01,-3.429826257796181888e-01,7.953285748220498275e-02,2.447633490254416677e-01,-6.780161880785141593e-01,6.121507528814760235e-01,-6.577344354700895845e-01,-1.578942643556523195e-01,-2.824864223446518219e-01,-3.715555611107637102e-01,5.510140800000000727e-01,-6.403862471460828321e-01,4.300908751525881479e-01,4.353777223120842699e-01,1.000000000000000000e+00,2.412083361268308468e-01,-2.953062378854817149e-01,2.351147250828083957e-02,6.584966921636288273e-01,-2.080993684471089122e-01,6.508108203349367571e-01,3.648076242730299845e-01,-7.381102065101048659e-02,2.462462421585948080e-02
3.254644205978736715e-01,2.687106860153088972e-01,-4.067813468328734805e-01,2.449616212463952281e-02,2.425005978663460071e-01,-4.408694075004846585e-02,-1.131024062889851439e-01,-2.467567946957528735e-01,-2.319554627816849124e-01,-5.606515026894148823e-02,-2.013543407012220732e-01,-1.368245531982496543e-01,-2.491701250660273703e-01,4.356201152967197898e-01,-1.357547305498891799e-01,-1.731022943016500767e-02,2.820953227857641785e-02,1.061629323203495123e-01,-1.641962388063777367e-01,-3.266817822015283257e-01,1.302315665228640507e-01,-1.907921351075718419e-01,-3.325610955757977161e-01,-3.407641230915479658e-01,-2.931531131783955413e-01,1.217312800000001083e-01,-5.466780306461705985e-01,3.285499290719847698e-01,5.454908111573686380e-01,2.412083361268308468e-01,1.000000000000000000e+00,1.262758566421471641e-02,-2.080544027362853376e-01,2.694102435798532702e-01,1.099653332379264548e-01,6.111370593978151522e-01,4.117038937504740592e-01,-1.603930403370760205e-01,-5.037380512489908480e-02
-3.453833216527785188e-01,-3.305824289756138096e-02,3.541792561263430450e-01,-1.232245147592527790e-01,1.913342067987197290e-02,-2.374815506790378394e-01,2.315455568294284561e-01,2.380794866798228437e-01,-8.528019265838525376e-02,-1.019621202283007289e-01,1.200246105845658301e-01,-3.316174262611429335e-02,3.064983985761562946e-01,4.006722268202772552e-02,-2.716327113463542497e-01,-1.963675351265673774e-01,3.538823971363280751e-01,-8.527805985763142749e-02,-1.153061873785537622e-01,3.303466847478738200e-01,-2.953476257971354157e-01,2.259427715318185204e-01,3.845519779155280315e-01,-4.228487101755203370e-01,-3.029157299847777263e-01,-2.257237399999999505e-01,-2.647002024623623662e-01,-1.566516352233252724e-02,3.201514840443787091e-01,-2.953062378854817149e-01,1.262758566421471641e-02,1.000000000000000000e+00,-5.753942309073991623e-01,-5.673384153123285367e-01,-1.730020000478162678e-01,-3.443205368958765500e-01,-3.811637939745878695e-02,-6.643307791051815681e-01,5.779978412579230840e-01
-8.674582779141133682e-03,2.680550730032355555e-01,7.904935634996730631e-02,4.004104459374945302e-01,3.501608628905987231e-01,1.569924795035185228e-02,-6.523820553069586969e-02,-2.336043273646523366e-01,-1.168625837915585192e-01,4.486961098633083789e-01,-3.106931573977069205e-01,5.158029851230861995e-01,-4.841685753143811777e-01,-5.969524062763401639e-01,8.247857518941255073e-01,6.269795313008945659e-01,-4.133388021029708037e-01,-7.258221650147812787e-02,-3.451731108250332691e-01,2.058612493109013009e-01,5.345554110580034157e-01,-3.486827387084003305e-01,3.012386258835904052e-01,9.241450570360729699e-01,8.380224634858800536e-01,5.067134600000000599e-01,4.575244341878388910e-01,-1.105740080068411541e-01,-6.227416389554205622e-01,2.351147250828083957e-02,-2.080544027362853376e-01,-5.753942309073991623e-01,1.000000000000000000e+00,4.571737878402009070e-01,6.977140852207038835e-01,-1.072314944358636057e-01,-4.915798094318698519e-01,4.710126165253328279e-01,-1.316464832675494079e-01
6.520023208320862018e-01,7.259375169501387504e-01,-5.037351804890308760e-01,6.423479625158857731e-01,3.998653292667432302e-01,-1.834896982547836730e-01,-7.681250941005269839e-01,-8.341360130936408268e-01,-5.398922906704747282e-01,4.300578294567592441e-01,-7.334679921993505491e-01,-1.671816729061562090e-01,-6.393672471990347050e-01,4.027772062280053911e-01,4.531266054171366742e-01,6.422398483137669034e-01,-2.265041245713743379e-01,4.007456535713098678e-01,1.507659974431227734e-01,-6.396604628356462596e-01,8.037990030774516681e-01,-7.945771690639046314e-01,-9.418628735235375082e-02,1.598287912292750135e-01,4.537190065449351467e-02,7.351236400000000781e-01,-2.676507179913142354e-01,6.018231778728443393e-01,2.689020984717322427e-01,6.584966921636288273e-01,2.694102435798532702e-01,-5.673384153123285367e-01,4.571737878402009070e-01,1.000000000000000000e+00,-2.780421693322213464e-02,6.916690658542249404e-01,3.460836657639994041e-01,3.313663948309741869e-01,-1.943478696915924564e-01
-4.918625865078766757e-01,2.451362780967946894e-02,2.779709260682939331e-01,6.810784475428660611e-02,1.895154897139770256e-01,2.962482863745066752e-01,3.394315768572045422e-01,2.239396576784764836e-01,1.519376774390530094e-01,6.009750220585940994e-02,8.034916395162482183e-02,5.319955614179121550e-01,-3.290987818056981262e-01,-7.699485835045049020e-01,5.172855401468526848e-01,1.723459070029041140e-01,-4.896371636296065200e-01,-2.736729711211133842e-01,-4.825797980883787530e-01,5.335475793792782140e-01,8.245304675064346611e-02,1.116007414847877688e-01,3.091212018977251286e-01,7.081555426227525984e-01,7.722863945432539845e-01,8.344471999999991674e-02,3.495650416830607399e-01,-5.061543218247861464e-01,-6.165853067533209053e-01,-2.080993684471089122e-01,1.099653332379264548e-01,-1.730020000478162678e-01,6.977140852207038835e-01,-2.780421693322213464e-02,1.000000000000000000e+00,-3.602258761184515268e-01,-7.326307620560412737e-01,-4.302392516897352720e-02,-2.880162671676250730e-02
7.814521250397332697e-01,3.864927749123176492e-01,-7.430678146598980183e-01,3.033337519146372951e-01,1.878128409856756054e-01,-1.687233864127728744e-01,-6.054440696420624324e-01,-6.499636801512902462e-01,-3.643849732595830226e-01,7.609073677216912635e-02,-4.484375501557936738e-01,-3.917159367761832156e-01,-1.718749150686264826e-01,7.826054648542964953e-01,-1.027666430226207572e-01,1.902355073296883581e-01,-1.638091367811109894e-02,1.081008924094587903e-01,2.521410724630778200e-01,-8.523192738488361009e-01,4.250956576175822788e-01,-5.225068533987138331e-01,-6.112210542362476184e-01,-3.831489682300899813e-01,-4.916305085151105314e-01,3.563074200000000413e-01,-5.103314809359187354e-01,6.163503064463398129e-01,5.768296180117475913e-01,6.508108203349367571e-01,6.111370593978151522e-01,-3.443205368958765500e-01,-1.072314944358636057e-01,6.916690658542249404e-01,-3.602258761184515268e-01,1.000000000000000000e+00,7.397658986697299710e-01,2.563650483999870278e-01,-3.267205578589778003e-01
8.625315642424079554e-01,1.457522729008874363e-01,-7.327896019011187478e-01,-1.356671777109395016e-01,1.671297748188780852e-01,-2.320146934563855345e-01,-4.847030377814400270e-01,-4.887163590297240456e-01,-3.966298888783829635e-01,1.072031502532923702e-01,-3.604608240346888204e-01,-2.558265066122582532e-01,3.335544224940538427e-02,8.655490594308135055e-01,-2.654652956540390907e-01,7.041608025087445211e-02,5.485164392645491827e-01,2.746423377660495713e-01,4.405127639594854094e-01,-6.338646140595894929e-01,2.330265726687022476e-01,-4.216317993586567447e-01,-4.465340712430445613e-01,-5.635259578037796757e-01,-6.298680131815973526e-01,2.310299799999999681e-01,-5.670482512177686951e-01,7.668235620173438072e-01,7.880372216950737307e-01,3.648076242730299845e-01,4.117038937504740592e-01,-3.811637939745878695e-02,-4.915798094318698519e-01,3.460836657639994041e-01,-7.326307620560412737e-01,7.397658986697299710e-01,1.000000000000000000e+00,2.045120420449725862e-01,7.369610293945061397e-03
5.281768795649501858e-01,-1.522711060147907691e-01,-3.278625726275016250e-01,8.581845599567418381e-02,7.684642973410252265e-02,-1.451337777721279643e-01,-2.481802492114431116e-02,-1.937566781154203832e-01,3.191077791313545048e-02,1.724755598440164128e-01,-1.246444034519127997e-01,2.719589866917945242e-01,-3.470606742547666101e-02,-4.029991311008272042e-02,3.006810988755278524e-01,2.692275649115669633e-01,9.107796220901491491e-02,-7.782217103350184961e-02,-4.116429872921361505e-02,-2.095999846449774495e-01,2.805220307581420269e-01,-2.438482574742225351e-01,-3.315187048902810685e-01,4.964005277916439529e-01,2.365799488302544884e-01,2.429230399999999790e-01,4.567400168541880245e-01,1.626540986229358665e-01,-3.211262368795934075e-01,-7.381102065101048659e-02,-1.603930403370760205e-01,-6.643307791051815681e-01,4.710126165253328279e-01,3.313663948309741869e-01,-4.302392516897352720e-02,2.563650483999870278e-01,2.045120420449725862e-01,1.000000000000000000e+00,-3.860048580447743016e-01
-1.104812019373444532e-01,3.772534657140033110e-01,1.944832557357769609e-01,3.802587663370926574e-02,7.084237053321642552e-01,-5.193547218239530361e-01,-4.643478277932333587e-02,-2.285437766657055780e-01,-6.766198538011803931e-01,5.506003389188347530e-01,-4.794801027689049588e-01,4.916783694394612492e-01,-3.547097674840257175e-01,-9.838870513384670446e-02,4.154461792517533114e-01,3.908617898379742606e-01,5.008888328263707557e-01,-3.199046628785462421e-02,-2.801789706147008729e-01,4.762289982450332859e-01,3.208484213932171203e-01,-3.641878995457829560e-01,7.928476107502122616e-01,1.240423665523765484e-02,1.103888930949392388e-01,4.415287999999999435e-01,-3.811531153563634255e-01,3.843008080267056870e-01,3.610182555458584241e-01,2.462462421585948080e-02,-5.037380512489908480e-02,5.779978412579230840e-01,-1.316464832675494079e-01,-1.943478696915924564e-01,-2.880162671676250730e-02,-3.267205578589778003e-01,7.369610293945061397e-03,-3.860048580447743016e-01,1.000000000000000000e+00
