1.0,-0.31572986172178219,0.14255755152272626,-0.4039952655798591,-0.48512383314687946,-0.37749867096123063,0.15286421290253771,-0.14243269282293142,-0.60682401445645773,0.34361334116447417,-0.19543312471678131,-0.26246031817807053,0.065061309665331829,-0.089645927472720932,0.024173832961795448,-0.4907482381697581,-0.17396451776371205,0.44881574378604877,0.059558446888731797,0.054105014421975711,0.61851913623049715,-0.070758207960012032,-0.81418369362577425,-0.0213020846744153,0.61711193155285837,0.11662886000000006,0.72432769762864369,0.68187383857650707,-0.56263785536386146,0.097557001197300736,0.42303143781459573,-0.48527441929399845,0.43469971212613179,0.015597463826064445,-0.20028939215307037,-0.28546114463921379,-0.16742376241542359,-0.71773640451789233,-0.1807176111751165
-0.31572986172178219,1.0,-0.61679632396107587,0.23068216128306315,0.19261588169880545,0.40558700046554891,0.64432779271424767,0.051948022263307692,-0.27830397424156733,-0.72455393159383841,-0.38177348637781627,0.54883500794568085,-0.11132654382954502,0.33537976613597609,-0.78572534287808093,-0.24480967944845353,0.015447934115757267,-0.24447003517821639,-0.43104652259621895,0.68234274961778341,-0.096343215263421766,-0.24795077671574178,0.19702658003415718,-0.54192669046231279,0.28040151754778908,0.66882470000000005,-0.51280650657847238,-0.38254042045920023,0.62611043574837111,-0.30640831294139709,-0.37139920902328322,-0.410971888074115,0.35237494713007089,0.69088020338194556,0.10785017085428006,-0.064588298373602041,-0.59221521334453031,-0.026953893238703234,-0.61463382364970776
0.14255755152272626,-0.61679632396107587,1.0,0.360590229475721,0.1554413241503533,-0.58290808208681566,-0.86226230470943965,0.22411402056954083,0.29390614589304664,0.92284633553944961,0.50278357557783082,-0.89006734881005756,0.26610696334286593,-0.43052755995140418,0.74456949183530774,0.33270374196736885,-0.69424519268530627,0.094956215187623677,0.36812316075243195,-0.86266871783279786,-0.066661685609049989,0.20031290841008045,-0.30948400058677972,0.78483027588926513,-0.42417373115807167,-0.91103155999999996,0.26359423057189635,-0.21149888986607859,-0.80002700160315499,-0.37387771697688466,0.67579676425310664,0.6893816469047046,-0.40017079954039519,-0.93137028113823572,0.64844918374332938,0.074298431715833183,0.68642695237102891,-0.10551056576465792,0.88099276439034746
-0.4039952655798591,0.23068216128306315,0.360590229475721,1.0,0.71392545170416211,-0.42499976871417727,-0.41212574139870339,-0.29912230832432901,-0.10813688782735516,0.26284612811139518,-0.062384388183447222,-0.17890606483611479,-0.49257484540934399,-0.1764539206923717,0.29497879677237493,0.46077084499788074,-0.33245139362486609,0.25839579197697149,0.10966598441517636,-0.07835686774608544,0.046745514861121315,0.46160527570117782,-0.12612501518030383,-0.016923330392112881,-0.53335976497644622,-0.37232500000000002,-0.1231921175836497,-0.67771740097480027,0.072893033846815974,-0.85950428883676022,0.42414430195974451,0.61698321296128522,-0.5596652299437419,-0.25128105938620704,0.76984628317260517,0.52634401127943087,0.34444241773794876,-0.23781232839011934,0.460140095280406
-0.48512383314687946,0.19261588169880545,0.1554413241503533,0.71392545170416211,1.0,-0.32009576321295657,-0.22898135295413674,-0.15644025900156378,-0.043701877594491401,0.005252214842275363,0.17019903790725632,0.1016391690006843,-0.3771701305556675,-0.27041317320052799,0.12957671322312256,0.10968846037839237,-0.1111281770662801,0.23145545901052073,-0.20571940236708403,0.038762750477043292,-0.29747383245445058,0.39045555825217676,0.12732118069347542,0.00061769820705163264,-0.25724144725449938,-0.18211136000000006,-0.23655446377091188,-0.67994216180411104,0.2352827268202731,-0.53571055256590216,0.033795781569438597,0.42805748159901363,-0.44156027003517839,-0.078498579521160794,0.46301435065706564,0.31826069136669827,0.2070500920162015,0.009561235289869012,0.23939955858599099
-0.37749867096123063,0.40558700046554891,-0.58290808208681566,-0.42499976871417727,-0.32009576321295657,1.0,0.47662645050213565,0.40653711370377149,0.38835478466043577,-0.67402085447397997,0.17215401180715506,0.45588345212889747,0.37571690294663002,0.63471375390358609,-0.66035611280561535,-0.15892141899701812,0.23956343741494043,-0.52759044546985945,-0.45861825668076495,0.29513361126406135,-0.24803902733734731,-0.38335447623819269,0.58814883818045105,-0.11781696693836066,0.14540407072549333,0.4968470599999999,-0.47769704207790981,-0.2024734441559991,0.54206749393753217,0.32073027808626764,-0.55051813913047798,-0.36947742269446848,0.37088178365550245,0.46348177292651471,-0.2782015977685155,-0.089300775400744742,-0.59074543873069851,0.50028128389198745,-0.43590038596973213
0.15286421290253771,0.64432779271424767,-0.86226230470943965,-0.41212574139870339,-0.22898135295413674,0.47662645050213565,1.0,-0.14227406885209901,-0.43031144969296992,-0.83443243381030863,-0.57322082817432085,0.78480643749051449,-0.093312616241510729,0.27376902292853045,-0.85397773358526796,-0.52112721313864441,0.45931356099993798,-0.081979486371670962,-0.48818688235668778,0.89529916945697396,0.12528933734573389,-0.27435162896547149,0.042300961799733111,-0.70772024270555245,0.69121930553581157,0.97530044000000005,-0.18158618659152376,0.26435248052207294,0.63168070938816778,0.27061887332059897,-0.54719947795490009,-0.89691495930161269,0.62814772061163182,0.94910579013270813,-0.56001355428768174,-0.19026491076297203,-0.79910595984200095,-0.13690785356626095,-0.93264838434192365
-0.14243269282293142,0.051948022263307692,0.22411402056954083,-0.29912230832432901,-0.15644025900156378,0.40653711370377149,-0.14227406885209901,1.0,0.5506020504437461,-0.018790335640445511,0.61515831539650501,-0.39908770369742147,0.90245241378586605,0.046960987331789314,-0.25021397114078625,-0.21586945790757664,-0.50681169784715974,-0.69809507142091931,-0.14487210867555175,-0.43661344798646506,-0.57016763489195421,-0.42985663778256544,0.42322453955362938,0.64841519279056381,0.14542483694299091,-0.16581321999999998,-0.4710197566051742,-0.28682281765880935,-0.33822703145782862,0.17859366314429778,-0.23031509827982544,0.023125874725400029,0.21693366471424458,-0.27544197809272686,0.19897394211904873,-0.42379665186813137,0.017512264640448524,0.53708244036247299,0.14780468187187129
-0.60682401445645773,-0.27830397424156733,0.29390614589304664,-0.10813688782735516,-0.043701877594491401,0.38835478466043577,-0.43031144969296992,0.5506020504437461,1.0,0.10302252387198806,0.59497934680368292,-0.23592999362326142,0.5576007141342868,0.011422750935535707,0.22833929731386876,0.44527682604089769,-0.10131328835672698,-0.68110728680041421,0.063238105931343588,-0.59913236050668695,-0.72393189074860342,-0.18879724013911264,0.69494099313432423,0.61145634123933112,-0.54556246078269266,-0.46023340000000001,-0.51624864199907039,-0.35184376700247227,-0.019655532966472003,0.26128150399033018,-0.23329993620059739,0.47672773589802236,-0.24326191002863967,-0.47120090796196612,0.10962315318414995,-0.04016191193272959,0.33990860228411196,0.82435656509924549,0.46606559895921063
0.34361334116447417,-0.72455393159383841,0.92284633553944961,0.26284612811139518,0.005252214842275363,-0.67402085447397997,-0.83443243381030863,-0.018790335640445511,0.10302252387198806,1.0,0.3904859001640239,-0.84957177913074799,0.079172817563359504,-0.32994334097020256,0.84293173186913462,0.25971691896778842,-0.57381132288524439,0.34035425418139204,0.45831570355206364,-0.80324852614002185,0.18100591416945419,0.17521778304661945,-0.52383692743359289,0.62413146117370799,-0.40850866034131761,-0.87209426000000001,0.55760970124493792,0.037429736534344664,-0.83352831351232548,-0.31440319093477598,0.80509088428932363,0.61002522594294728,-0.32157759625877841,-0.8945647053860063,0.50917874691024789,0.030100257032534508,0.62583672639479371,-0.30214439269399218,0.7819033185954124
-0.19543312471678131,-0.38177348637781627,0.50278357557783082,-0.062384388183447222,0.17019903790725632,0.17215401180715506,-0.57322082817432085,0.61515831539650501,0.59497934680368292,0.3904859001640239,1.0,-0.44705618739092234,0.57980154297561426,0.13556586755141678,0.2452723357053124,-0.081564421248466412,-0.5117631722810374,-0.19020317548962307,-0.21458776671876684,-0.68526684426462126,-0.45626043779554543,-0.25077696763403901,0.20416210506900567,0.74846757648827367,-0.23160906701867415,-0.54222463999999992,0.006057270654521222,-0.44404517890420148,-0.38502731581087862,-0.054681545005383407,0.2047476591695965,0.4107525767030672,-0.022332726533079331,-0.6035578889682518,0.3929628204792614,-0.25880333763105751,0.14394750935357159,0.36288866846366047,0.46138420674357916
-0.26246031817807053,0.54883500794568085,-0.89006734881005756,-0.17890606483611479,0.1016391690006843,0.45588345212889747,0.78480643749051449,-0.39908770369742147,-0.23592999362326142,-0.84957177913074799,-0.44705618739092234,1.0,-0.4008813038005215,0.25714365538727108,-0.61820453353186411,-0.23187639488996328,0.69774321733191957,0.012603634810618903,-0.53363210000288508,0.85366544368070085,-0.0565154737522209,-0.13673082071748027,0.27983062201002795,-0.80444148257937698,0.27599779612205577,0.82755025999999998,-0.21824437466202251,0.053436352928506618,0.91559665313348537,0.22454955342829999,-0.57024294145353149,-0.57719916289585615,0.31445637245834179,0.8787482380650844,-0.54080722061668918,-0.0077149343149552855,-0.65659534532902741,0.06575950953007613,-0.78966890908792875
0.065061309665331829,-0.11132654382954502,0.26610696334286593,-0.49257484540934399,-0.3771701305556675,0.37571690294663002,-0.093312616241510729,0.90245241378586605,0.5576007141342868,0.079172817563359504,0.57980154297561426,-0.4008813038005215,1.0,0.041173658998062287,-0.19571667708360396,-0.22101856998836739,-0.46897416541747444,-0.64921114611900721,-0.13041151014410229,-0.46447314012665886,-0.47153159196285893,-0.49959660302084469,0.27367147059432773,0.69558118757963339,0.24623163040087653,-0.15388223999999995,-0.27715300761810024,-0.062637752496218002,-0.41225489139873484,0.30654736987493569,-0.17286433650654182,-0.1008901491137817,0.35831920560339475,-0.29162251474034667,0.062424550594127881,-0.50664620630866641,-0.040719234388444242,0.44660313588867373,0.11410287238139166
-0.089645927472720932,0.33537976613597609,-0.43052755995140418,-0.1764539206923717,-0.27041317320052799,0.63471375390358609,0.27376902292853045,0.046960987331789314,0.011422750935535707,-0.32994334097020256,0.13556586755141678,0.25714365538727108,0.041173658998062287,1.0,-0.40433603215772285,-0.092691309422192447,0.10293395247349585,-0.13812363618130324,-0.24773908790548327,0.25524924777028113,0.19471966467594443,-0.24553907193626853,0.099959396730143313,-0.1871499036750412,0.091312506359136431,0.34057628000000006,-0.031715875351346796,-0.10435278751023792,0.31691426116019816,0.0030152574341377816,-0.11651156555699957,-0.22434578123844759,0.30138814053244967,0.32654652270407936,-0.074874217397938647,0.0097050391130145512,-0.51325208979342407,0.012955819065553415,-0.33667909093620985
0.024173832961795448,-0.78572534287808093,0.74456949183530774,0.29497879677237493,0.12957671322312256,-0.66035611280561535,-0.85397773358526796,-0.25021397114078625,0.22833929731386876,0.84293173186913462,0.2452723357053124,-0.61820453353186411,-0.19571667708360396,-0.40433603215772285,1.0,0.54568117258580306,-0.13241994608286869,0.33217281454108555,0.65689057483012248,-0.74393985801391027,0.091807764925713922,0.39112879931060723,-0.20362423294717749,0.44909394265556707,-0.6725891917110367,-0.88127341999999997,0.42711971923215714,0.095343569610246315,-0.55779174260575637,-0.088515139514755509,0.52517633576514255,0.78629623448841557,-0.64279536507429902,-0.83388739235290787,0.25224074710471195,0.25913340683859676,0.8223241358596437,-0.019324552946095547,0.80799750541753124
-0.4907482381697581,-0.24480967944845353,0.33270374196736885,0.46077084499788074,0.10968846037839237,-0.15892141899701812,-0.52112721313864441,-0.21586945790757664,0.44527682604089769,0.25971691896778842,-0.081564421248466412,-0.23187639488996328,-0.22101856998836739,-0.092691309422192447,0.54568117258580306,1.0,0.16713642036485998,-0.21932809236041001,0.55484611625654867,-0.35816089388313554,-0.047650732856976269,0.54909920953313951,0.3230690938376376,0.20014861131267556,-0.74089952202812948,-0.51820379999999999,-0.25022727419913116,-0.18299787082195804,0.036836410014336143,-0.088498007955282565,0.02773187520598305,0.7158384057204592,-0.8073341566701111,-0.403462326364739,0.18166392797495318,0.6700442293445239,0.69590485433320615,0.32330414147263042,0.65577182061645556
-0.17396451776371205,0.015447934115757267,-0.69424519268530627,-0.33245139362486609,-0.1111281770662801,0.23956343741494043,0.45931356099993798,-0.50681169784715974,-0.10131328835672698,-0.57381132288524439,-0.5117631722810374,0.69774321733191957,-0.46897416541747444,0.10293395247349585,-0.13241994608286869,0.16713642036485998,1.0,0.056157785120162805,0.10372250921805959,0.53322873359333067,0.13741973503281177,0.29088174996636251,0.37137809545964218,-0.59104066147628409,0.065257891679423544,0.48563457999999993,-0.087587475528913314,0.45398537891737722,0.62432900270597536,0.62042824889912118,-0.63471680397901842,-0.26963445998146957,-0.16923102235213433,0.56539034922436693,-0.83599473918819089,0.31134058942242471,-0.095447458783288017,0.24587600426058373,-0.41272757856003633
0.44881574378604877,-0.24447003517821639,0.094956215187623677,0.25839579197697149,0.23145545901052073,-0.52759044546985945,-0.081979486371670962,-0.69809507142091931,-0.68110728680041421,0.34035425418139204,-0.19020317548962307,0.012603634810618903,-0.64921114611900721,-0.13812363618130324,0.33217281454108555,-0.21932809236041001,0.056157785120162805,1.0,0.071722379829692359,0.15489353349247897,0.69213181663225198,0.37140179234561027,-0.71051629934149607,-0.29166405898936171,0.052037157934179651,-0.055129340000000027,0.78390814091154204,0.18862381074112441,-0.12627976307143485,-0.34943302914004937,0.56163866667972884,0.01528918460784637,-0.083798187061844942,-0.0097101097493713651,0.075227410988672666,0.22889825046514142,-0.042048216877137487,-0.73741388671372787,0.006506638721279886
0.059558446888731797,-0.43104652259621895,0.36812316075243195,0.10966598441517636,-0.20571940236708403,-0.45861825668076495,-0.48818688235668778,-0.14487210867555175,0.063238105931343588,0.45831570355206364,-0.21458776671876684,-0.53363210000288508,-0.13041151014410229,-0.24773908790548327,0.65689057483012248,0.55484611625654867,0.10372250921805959,0.071722379829692359,1.0,-0.46104072589151901,0.27491948222927926,0.43969665612597619,-0.010661180132844117,0.24413272924756246,-0.39597826109240974,-0.53805429999999999,0.13147499350432509,0.36372630392603394,-0.45959679552027638,0.18013328627531422,0.089129603506048052,0.52823493734856974,-0.60059427541488597,-0.49590790754681419,-0.049339179284962287,0.32795505408815012,0.77044268520357473,0.10616105655075249,0.52029401905428474
0.054105014421975711,0.68234274961778341,-0.86266871783279786,-0.07835686774608544,0.038762750477043292,0.29513361126406135,0.89529916945697396,-0.43661344798646506,-0.59913236050668695,-0.80324852614002185,-0.68526684426462126,0.85366544368070085,-0.46447314012665886,0.25524924777028113,-0.74393985801391027,-0.35816089388313554,0.53322873359333067,0.15489353349247897,-0.46104072589151901,1.0,0.26802305398791532,-0.0021549415083453411,-0.041203652942953077,-0.87317011647858656,0.53658778689184794,0.93502595999999993,-0.12951788484565158,0.13651119042122714,0.74914545539603905,0.024545291946990972,-0.41003197907153904,-0.73326956272177324,0.3786855451735664,0.97348915933460445,-0.4296088994633302,0.077879265031487427,-0.70327137757460267,-0.29781095382768608,-0.84427225164240127
0.61851913623049715,-0.096343215263421766,-0.066661685609049989,0.046745514861121315,-0.29747383245445058,-0.24803902733734731,0.12528933734573389,-0.57016763489195421,-0.72393189074860342,0.18100591416945419,-0.45626043779554543,-0.0565154737522209,-0.47153159196285893,0.19471966467594443,0.091807764925713922,-0.047650732856976269,0.13741973503281177,0.69213181663225198,0.27491948222927926,0.26802305398791532,1.0,0.41773343857065826,-0.67743972965652421,-0.34693537437424138,0.24526534881396869,0.14039793999999994,0.67834018944995556,0.43437206528120736,-0.16738331897859268,-0.17315902929107879,0.40759335048658601,-0.19025102471959821,-0.02614137761173423,0.16175012198046024,-0.098613724667500902,0.38708842260643955,-0.1080227360369682,-0.73563085480317147,-0.088941484721835523
-0.070758207960012032,-0.24795077671574178,0.20031290841008045,0.46160527570117782,0.39045555825217676,-0.38335447623819269,-0.27435162896547149,-0.42985663778256544,-0.18879724013911264,0.17521778304661945,-0.25077696763403901,-0.13673082071748027,-0.49959660302084469,-0.24553907193626853,0.39112879931060723,0.54909920953313951,0.29088174996636251,0.37140179234561027,0.43969665612597619,-0.0021549415083453411,0.41773343857065826,1.0,-0.033106696119260259,0.017084923371056885,-0.19745808632364792,-0.24979532000000004,0.045667942002573188,-0.049400445960108549,-0.018730163559965547,-0.16000223947574801,0.047181541712365223,0.42818644929729766,-0.82067856834234287,-0.12383746486517544,0.04225726317277545,0.90856239454064336,0.54938694615770156,-0.13189495211814886,0.47209090604467424
-0.81418369362577425,0.19702658003415718,-0.30948400058677972,-0.12612501518030383,0.12732118069347542,0.58814883818045105,0.042300961799733111,0.42322453955362938,0.69494099313432423,-0.52383692743359289,0.20416210506900567,0.27983062201002795,0.27367147059432773,0.099959396730143313,-0.20362423294717749,0.3230690938376376,0.37137809545964218,-0.71051629934149607,-0.010661180132844117,-0.041203652942953077,-0.67743972965652421,-0.033106696119260259,1.0,0.11713721092017004,-0.27492457765152667,0.061375919999999917,-0.80463592443225518,-0.3165877632183115,0.46526990613757641,0.43391483307823686,-0.78153092790264922,0.19626156809520506,-0.2745272915305208,0.10290986359866865,-0.24022789158877711,0.10204027456703713,0.12501160427943753,0.9515283553388979,0.012262411612841251
-0.0213020846744153,-0.54192669046231279,0.78483027588926513,-0.016923330392112881,0.00061769820705163264,-0.11781696693836066,-0.70772024270555245,0.64841519279056381,0.61145634123933112,0.62413146117370799,0.74846757648827367,-0.80444148257937698,0.69558118757963339,-0.1871499036750412,0.44909394265556707,0.20014861131267556,-0.59104066147628409,-0.29166405898936171,0.24413272924756246,-0.87317011647858656,-0.34693537437424138,0.017084923371056885,0.11713721092017004,1.0,-0.23397404444501799,-0.74921371999999997,-0.061570940854025022,-0.23978153607467639,-0.69452630981541841,-0.00053450005214342958,0.23772898729585151,0.53032524080196708,-0.2506542827301525,-0.81292653641126211,0.41094182009855246,-0.074691296347519448,0.53770225594881238,0.33668932692932924,0.74277059511256371
0.61711193155285837,0.28040151754778908,-0.42417373115807167,-0.53335976497644622,-0.25724144725449938,0.14540407072549333,0.69121930553581157,0.14542483694299091,-0.54556246078269266,-0.40850866034131761,-0.23160906701867415,0.27599779612205577,0.24623163040087653,0.091312506359136431,-0.6725891917110367,-0.74089952202812948,0.065257891679423544,0.052037157934179651,-0.39597826109240974,0.53658778689184794,0.24526534881396869,-0.19745808632364792,-0.27492457765152667,-0.23397404444501799,1.0,0.68633190000000011,0.12192507190947753,0.4046353082888316,-0.0059031505780231617,0.26746679740295665,-0.27516550558849118,-0.85567151681424936,0.63868484484003207,0.58957059144324164,-0.41934356279785512,-0.3550614226632352,-0.58506596469069161,-0.33507615004216146,-0.66169597822514092
0.11662886000000006,0.66882470000000005,-0.91103155999999996,-0.37232500000000002,-0.18211136000000006,0.4968470599999999,0.97530044000000005,-0.16581321999999998,-0.46023340000000001,-0.87209426000000001,-0.54222463999999992,0.82755025999999998,-0.15388223999999995,0.34057628000000006,-0.88127341999999997,-0.51820379999999999,0.48563457999999993,-0.055129340000000027,-0.53805429999999999,0.93502595999999993,0.14039793999999994,-0.24979532000000004,0.061375919999999917,-0.74921371999999997,0.68633190000000011,1.0,-0.18499434000000003,0.22676363999999993,0.67621983999999991,0.24095744000000008,-0.53929561999999998,-0.88672488000000005,0.59706118000000008,0.98414190000000001,-0.55074686000000006,-0.16659046,-0.81923997999999998,-0.14357220000000004,-0.94547236000000001
0.72432769762864369,-0.51280650657847238,0.26359423057189635,-0.1231921175836497,-0.23655446377091188,-0.47769704207790981,-0.18158618659152376,-0.4710197566051742,-0.51624864199907039,0.55760970124493792,0.006057270654521222,-0.21824437466202251,-0.27715300761810024,-0.031715875351346796,0.42711971923215714,-0.25022727419913116,-0.087587475528913314,0.78390814091154204,0.13147499350432509,-0.12951788484565158,0.67834018944995556,0.045667942002573188,-0.80463592443225518,-0.061570940854025022,0.12192507190947753,-0.18499434000000003,1.0,0.49104795119245825,-0.45919222189286046,-0.088265836850972279,0.6638859191154689,-0.068033113884727325,0.14967029761940825,-0.21943534713569268,-0.038120108712570405,-0.10714327605927347,-0.028962242610941661,-0.69403461448173576,0.050384284526007586
0.68187383857650707,-0.38254042045920023,-0.21149888986607859,-0.67771740097480027,-0.67994216180411104,-0.2024734441559991,0.26435248052207294,-0.28682281765880935,-0.35184376700247227,0.037429736534344664,-0.44404517890420148,0.053436352928506618,-0.062637752496218002,-0.10435278751023792,0.095343569610246315,-0.18299787082195804,0.45398537891737722,0.18862381074112441,0.36372630392603394,0.13651119042122714,0.43437206528120736,-0.049400445960108549,-0.3165877632183115,-0.23978153607467639,0.4046353082888316,0.22676363999999993,0.49104795119245825,1.0,-0.24032190188120306,0.6705421033527984,-0.098020168399033492,-0.45741899185251966,0.23662455705283592,0.169258666083488,-0.75330634706311284,-0.23319764627980422,0.00048169852356516412,-0.22250157246435817,-0.30675851518667485
-0.56263785536386146,0.62611043574837111,-0.80002700160315499,0.072893033846815974,0.2352827268202731,0.54206749393753217,0.63168070938816778,-0.33822703145782862,-0.019655532966472003,-0.83352831351232548,-0.38502731581087862,0.91559665313348537,-0.41225489139873484,0.31691426116019816,-0.55779174260575637,0.036836410014336143,0.62432900270597536,-0.12627976307143485,-0.45959679552027638,0.74914545539603905,-0.16738331897859268,-0.018730163559965547,0.46526990613757641,-0.69452630981541841,-0.0059031505780231617,0.67621983999999991,-0.45919222189286046,-0.24032190188120306,1.0,0.052560480518612507,-0.56984109904626667,-0.31554316279667832,0.090836418297372476,0.76487391717326991,-0.3180609808930262,0.21503720568574364,-0.51761495050759854,0.22550309431859661,-0.58214033056688874
0.097557001197300736,-0.30640831294139709,-0.37387771697688466,-0.85950428883676022,-0.53571055256590216,0.32073027808626764,0.27061887332059897,0.17859366314429778,0.26128150399033018,-0.31440319093477598,-0.054681545005383407,0.22454955342829999,0.30654736987493569,0.0030152574341377816,-0.088515139514755509,-0.088498007955282565,0.62042824889912118,-0.34943302914004937,0.18013328627531422,0.024545291946990972,-0.17315902929107879,-0.16000223947574801,0.43391483307823686,-0.00053450005214342958,0.26746679740295665,0.24095744000000008,-0.088265836850972279,0.6705421033527984,0.052560480518612507,1.0,-0.65694498686122049,-0.33789166630360645,0.13352316776543352,0.18763495698823646,-0.88729624106539751,-0.25218129854309285,0.010987292685115266,0.52097771745139887,-0.27878841074830069
0.42303143781459573,-0.37139920902328322,0.67579676425310664,0.42414430195974451,0.033795781569438597,-0.55051813913047798,-0.54719947795490009,-0.23031509827982544,-0.23329993620059739,0.80509088428932363,0.2047476591695965,-0.57024294145353149,-0.17286433650654182,-0.11651156555699957,0.52517633576514255,0.02773187520598305,-0.63471680397901842,0.56163866667972884,0.089129603506048052,-0.41003197907153904,0.40759335048658601,0.047181541712365223,-0.78153092790264922,0.23772898729585151,-0.27516550558849118,-0.53929561999999998,0.6638859191154689,-0.098020168399033492,-0.56984109904626667,-0.65694498686122049,1.0,0.33499072447969125,-0.040541490557803539,-0.55348702611832334,0.64750274558201371,0.015989900817826894,0.17918650811168138,-0.67674999671265001,0.46462813878730108
-0.48527441929399845,-0.410971888074115,0.6893816469047046,0.61698321296128522,0.42805748159901363,-0.36947742269446848,-0.89691495930161269,0.023125874725400029,0.47672773589802236,0.61002522594294728,0.4107525767030672,-0.57719916289585615,-0.1008901491137817,-0.22434578123844759,0.78629623448841557,0.7158384057204592,-0.26963445998146957,0.01528918460784637,0.52823493734856974,-0.73326956272177324,-0.19025102471959821,0.42818644929729766,0.19626156809520506,0.53032524080196708,-0.85567151681424936,-0.88672488000000005,-0.068033113884727325,-0.45741899185251966,-0.31554316279667832,-0.33789166630360645,0.33499072447969125,1.0,-0.81354064091534561,-0.80065346703491103,0.56668547859374596,0.43613674781925638,0.81397652334097459,0.28804850989634212,0.89521540944378852
0.43469971212613179,0.35237494713007089,-0.40017079954039519,-0.5596652299437419,-0.44156027003517839,0.37088178365550245,0.62814772061163182,0.21693366471424458,-0.24326191002863967,-0.32157759625877841,-0.022332726533079331,0.31445637245834179,0.35831920560339475,0.30138814053244967,-0.64279536507429902,-0.8073341566701111,-0.16923102235213433,-0.083798187061844942,-0.60059427541488597,0.3786855451735664,-0.02614137761173423,-0.82067856834234287,-0.2745272915305208,-0.2506542827301525,0.63868484484003207,0.59706118000000008,0.14967029761940825,0.23662455705283592,0.090836418297372476,0.13352316776543352,-0.040541490557803539,-0.81354064091534561,1.0,0.46347259473947588,-0.21029093758682982,-0.77614643521146565,-0.83309123885504788,-0.25495535790038737,-0.74211186931665218
0.015597463826064445,0.69088020338194556,-0.93137028113823572,-0.25128105938620704,-0.078498579521160794,0.46348177292651471,0.94910579013270813,-0.27544197809272686,-0.47120090796196612,-0.8945647053860063,-0.6035578889682518,0.8787482380650844,-0.29162251474034667,0.32654652270407936,-0.83388739235290787,-0.403462326364739,0.56539034922436693,-0.0097101097493713651,-0.49590790754681419,0.97348915933460445,0.16175012198046024,-0.12383746486517544,0.10290986359866865,-0.81292653641126211,0.58957059144324164,0.98414190000000001,-0.21943534713569268,0.169258666083488,0.76487391717326991,0.18763495698823646,-0.55348702611832334,-0.80065346703491103,0.46347259473947588,1.0,-0.53261585153165114,-0.025329509363405889,-0.7582852736349448,-0.133997843150961,-0.90330886023591395
-0.20028939215307037,0.10785017085428006,0.64844918374332938,0.76984628317260517,0.46301435065706564,-0.2782015977685155,-0.56001355428768174,0.19897394211904873,0.10962315318414995,0.50917874691024789,0.3929628204792614,-0.54080722061668918,0.062424550594127881,-0.074874217397938647,0.25224074710471195,0.18166392797495318,-0.83599473918819089,0.075227410988672666,-0.049339179284962287,-0.4296088994633302,-0.098613724667500902,0.04225726317277545,-0.24022789158877711,0.41094182009855246,-0.41934356279785512,-0.55074686000000006,-0.038120108712570405,-0.75330634706311284,-0.3180609808930262,-0.88729624106539751,0.64750274558201371,0.56668547859374596,-0.21029093758682982,-0.53261585153165114,1.0,0.1176463644812431,0.22396899904970494,-0.2193755065546536,0.55443410657194336
-0.28546114463921379,-0.064588298373602041,0.074298431715833183,0.52634401127943087,0.31826069136669827,-0.089300775400744742,-0.19026491076297203,-0.42379665186813137,-0.04016191193272959,0.030100257032534508,-0.25880333763105751,-0.0077149343149552855,-0.50664620630866641,0.0097050391130145512,0.25913340683859676,0.6700442293445239,0.31134058942242471,0.22889825046514142,0.32795505408815012,0.077879265031487427,0.38708842260643955,0.90856239454064336,0.10204027456703713,-0.074691296347519448,-0.3550614226632352,-0.16659046,-0.10714327605927347,-0.23319764627980422,0.21503720568574364,-0.25218129854309285,0.015989900817826894,0.43613674781925638,-0.77614643521146565,-0.025329509363405889,0.1176463644812431,1.0,0.38878598116761237,-0.042590382673015001,0.4181713194175562
-0.16742376241542359,-0.59221521334453031,0.68642695237102891,0.34444241773794876,0.2070500920162015,-0.59074543873069851,-0.79910595984200095,0.017512264640448524,0.33990860228411196,0.62583672639479371,0.14394750935357159,-0.65659534532902741,-0.040719234388444242,-0.51325208979342407,0.8223241358596437,0.69590485433320615,-0.095447458783288017,-0.042048216877137487,0.77044268520357473,-0.70327137757460267,-0.1080227360369682,0.54938694615770156,0.12501160427943753,0.53770225594881238,-0.58506596469069161,-0.81923997999999998,-0.028962242610941661,0.00048169852356516412,-0.51761495050759854,0.010987292685115266,0.17918650811168138,0.81397652334097459,-0.83309123885504788,-0.7582852736349448,0.22396899904970494,0.38878598116761237,1.0,0.2564280879752534,0.85411553967629261
-0.71773640451789233,-0.026953893238703234,-0.10551056576465792,-0.23781232839011934,0.009561235289869012,0.50028128389198745,-0.13690785356626095,0.53708244036247299,0.82435656509924549,-0.30214439269399218,0.36288866846366047,0.06575950953007613,0.44660313588867373,0.012955819065553415,-0.019324552946095547,0.32330414147263042,0.24587600426058373,-0.73741388671372787,0.10616105655075249,-0.29781095382768608,-0.73563085480317147,-0.13189495211814886,0.9515283553388979,0.33668932692932924,-0.33507615004216146,-0.14357220000000004,-0.69403461448173576,-0.22250157246435817,0.22550309431859661,0.52097771745139887,-0.67674999671265001,0.28804850989634212,-0.25495535790038737,-0.133997843150961,-0.2193755065546536,-0.042590382673015001,0.2564280879752534,1.0,0.15815505707612515
-0.1807176111751165,-0.61463382364970776,0.88099276439034746,0.460140095280406,0.23939955858599099,-0.43590038596973213,-0.93264838434192365,0.14780468187187129,0.46606559895921063,0.7819033185954124,0.46138420674357916,-0.78966890908792875,0.11410287238139166,-0.33667909093620985,0.80799750541753124,0.65577182061645556,-0.41272757856003633,0.006506638721279886,0.52029401905428474,-0.84427225164240127,-0.088941484721835523,0.47209090604467424,0.012262411612841251,0.74277059511256371,-0.66169597822514092,-0.94547236000000001,0.050384284526007586,-0.30675851518667485,-0.58214033056688874,-0.27878841074830069,0.46462813878730108,0.89521540944378852,-0.74211186931665218,-0.90330886023591395,0.55443410657194336,0.4181713194175562,0.85411553967629261,0.15815505707612515,1.0
