1.000000000000000000e+00,-1.531612500853882786e-01,2.152573728813843290e-01,4.280301229753044057e-01,-1.107594643105727639e-01,2.782453764754426184e-01,-2.788342334100866182e-01,1.565585077212805487e-01,-3.582022909835863023e-01,4.739287843004878487e-01,2.968829442510912409e-01,-5.886986643155164289e-01,-4.203480593526559561e-01,3.286855085296677692e-02,2.617410454713333667e-01,1.287794104332994904e-01,1.404200306329236869e-01,-4.278645805689572645e-01,-2.595021856345185451e-01,4.851282071950921426e-01,-2.862520930401883379e-01,3.519924599999999515e-01,2.262646230062153596e-01,-1.462476409660045107e-01,-5.158426793543852140e-01,6.236526774182385990e-01,-6.163801449568494240e-02,-2.942228410465835831e-01,-3.359245653866637094e-01,-4.279386867126341865e-01,3.672154235160000058e-01,3.717968382327532240e-01,-3.967929625818806816e-01,-2.592213755012303111e-01,-3.091093421057071189e-01,-1.397930350630208207e-02,1.630510913765310654e-01,3.004716488976659772e-01,1.480887341221877873e-01
-1.531612500853882786e-01,1.000000000000000000e+00,-1.181169134561721734e-01,-2.007426953312136941e-01,2.384995904517418497e-01,3.052503047957907945e-02,-6.122328763076643199e-01,7.156214618409075801e-01,6.280836986590598858e-02,4.381261176372627242e-01,-5.362895813556325386e-01,3.076264227092970760e-01,-3.085618841191630213e-01,-2.356474466900845832e-01,-6.817414978730876873e-01,2.672422007983252246e-02,-1.431144258924778034e-01,4.218505313801884093e-01,1.478474716222722141e-01,-1.131091740003209445e-01,6.245592196218143766e-01,5.460028000000005655e-02,5.802413046127196106e-01,-3.281689339255963178e-01,4.488562201986914246e-01,-5.769397117453349821e-01,-3.364651756699182372e-01,-6.902879141875091218e-01,1.280904563154336706e-01,-4.039494830986173346e-03,-1.029959273274153597e-01,3.783143784083637384e-01,1.761059103440378304e-01,-8.414780103684108004e-02,-1.763373792362729064e-01,5.244375990326575199e-01,-7.675211768379099908e-01,2.437527335966837294e-01,-6.851417539292189440e-01
2.152573728813843290e-01,-1.181169134561721734e-01,1.000000000000000000e+00,8.929796958353102276e-01,4.938770703544863583e-01,7.910007485709526220e-02,-5.718181994059408080e-01,9.418077787151760139e-02,-8.754623015127771524e-01,1.038433759977267085e-01,-1.540715728391938710e-01,-7.084516800648035240e-01,-6.895988744706571527e-01,-5.589273187832709544e-01,6.826521383167847290e-01,9.689074507607775555e-01,8.685150295959315203e-03,-8.655362432482633928e-01,-8.871955012584924471e-01,6.953403763393612991e-01,-7.053195797744633566e-01,9.147130800000000672e-01,2.871451684822727835e-01,2.087744166960263659e-01,3.607025562477051972e-01,3.298186749047348210e-01,7.035734329960044997e-01,2.838182004489719357e-01,-9.608005152537516524e-01,2.426628524428952605e-01,-1.094215161507635647e-01,2.206691962243571004e-01,1.785468709990391256e-01,3.576145372604187522e-01,-4.065520925492699389e-01,-2.040081131331011599e-01,-3.962567337929495670e-01,8.581275566580196523e-01,-1.551902029506827853e-02
4.280301229753044057e-01,-2.007426953312136941e-01,8.929796958353102276e-01,1.000000000000000000e+00,2.104518099597516845e-01,3.983752111167979809e-02,-6.280864727318034024e-01,5.767592313771338630e-02,-7.262007881877872162e-01,3.383822227709121777e-01,-6.438164372753926723e-02,-9.104363156544058588e-01,-7.436101491037979683e-01,-2.829252540462281473e-01,5.677605314057652119e-01,8.696032660449227736e-01,3.510012024088227794e-02,-9.328375026035949924e-01,-8.835443180484373604e-01,8.644842395922147649e-01,-6.099810039400295203e-01,8.752930999999999351e-01,2.941770289981318620e-01,5.063423347140597747e-02,-5.686419629881153681e-02,6.055114173242535092e-01,4.610340336006064077e-01,1.079769010770843390e-01,-9.571216121739083427e-01,4.473657244783607601e-02,1.517447019613121784e-01,3.821186847170562895e-01,2.594202080955952394e-01,1.953693938183240775e-01,-6.102675717454166815e-01,-3.674556087739158095e-01,-1.110890896974243147e-01,7.870382633906802816e-01,2.286811482522239647e-01
-1.107594643105727639e-01,2.384995904517418497e-01,4.938770703544863583e-01,2.104518099597516845e-01,1.000000000000000000e+00,5.608874916040549330e-01,-3.107651451280741273e-01,5.054020968316089713e-01,-5.056001648586593289e-01,-2.402448280543183212e-01,4.594657142646442483e-02,-1.818894650944421765e-01,-4.752852054982599772e-01,-7.236150081205016127e-01,2.813079888929158057e-01,4.616511756537741151e-01,-5.227016773792059201e-01,-2.697050149058892177e-01,-4.207300663226127280e-01,2.000285037205175864e-01,-1.775335171600103956e-01,5.601779799999999643e-01,5.015053224799228548e-01,-2.394903174125873405e-02,7.109126882236032063e-01,-3.980862216593310521e-01,3.295916506557752812e-01,1.853582576141433735e-01,-3.923354820874029869e-01,5.508836442636632080e-01,-2.076650529543966339e-01,1.574818275708298188e-01,-4.909050200805110259e-02,7.437488779992080801e-01,-3.435027416987433690e-02,5.351037435872194603e-01,-6.995699610307526406e-01,6.357681623548538941e-01,-5.873463382497194907e-01
2.782453764754426184e-01,3.052503047957907945e-02,7.910007485709526220e-02,3.983752111167979809e-02,5.608874916040549330e-01,1.000000000000000000e+00,-1.192047173456811660e-02,5.657945954779579623e-01,-2.531364001498335736e-01,-2.584357973789198071e-01,4.135312188768048292e-01,-2.601623609311806695e-01,-4.280607125406406532e-01,-4.866077376221340511e-01,8.526687190748000189e-02,2.520214540321744079e-02,-4.329407875759541668e-01,-4.744048179184769121e-02,-1.207397460284783536e-01,2.117700982691800016e-01,-1.563006921784829417e-01,3.291269999999999474e-01,5.041504579006182984e-01,-4.681256619828304544e-01,5.427760196666651243e-02,-1.254099939551035492e-01,-1.175892371854666690e-01,-1.261436135794016533e-01,-1.473544523022057573e-01,3.792263424532350546e-01,3.924412362920937647e-01,4.666359822459492657e-01,-4.665453478935230880e-01,6.363847087371244937e-01,-5.252446573074284232e-03,3.765998680767295159e-01,-2.390473205825560665e-01,3.399619752796930738e-01,-5.343881704517320363e-01
-2.788342334100866182e-01,-6.122328763076643199e-01,-5.718181994059408080e-01,-6.280864727318034024e-01,-3.107651451280741273e-01,-1.192047173456811660e-02,1.000000000000000000e+00,-5.858712441995090892e-01,4.998359208848757729e-01,-6.952020947210552082e-01,4.326729288585220989e-01,5.076083675411409146e-01,8.094692225053504719e-01,3.180015094058922243e-01,1.056525954330116979e-01,-6.502484765929861243e-01,1.237967219534988200e-01,4.176758810919835585e-01,5.765089820187104808e-01,-5.983390093315732461e-01,-3.029498101680066016e-02,-7.005971200000000731e-01,-6.759845769872023791e-01,1.687573720614584105e-01,-2.358121294347957364e-01,-5.778669814118301412e-02,-2.079589638238659929e-02,4.729915170114604717e-01,6.101337215207902620e-01,6.667698015520145960e-02,-2.899322077925892832e-02,-5.595279919560846027e-01,-3.948137342982394604e-01,1.737044490078604869e-02,6.658497490438939348e-01,-1.641953960677869917e-01,6.300933918423186064e-01,-7.872952520914442420e-01,2.660070841662412477e-01
1.565585077212805487e-01,7.156214618409075801e-01,9.418077787151760139e-02,5.767592313771338630e-02,5.054020968316089713e-01,5.657945954779579623e-01,-5.858712441995090892e-01,1.000000000000000000e+00,-3.030181280075037731e-01,1.439541315398984445e-01,6.182764238811677693e-02,-1.622038082924244229e-01,-7.059541771153828860e-01,-5.964794715122540003e-01,-4.754141272233839421e-01,1.673576744424942475e-01,-5.230338425691971604e-01,1.213873894894779149e-01,-2.384798352744798011e-01,2.731749901048043938e-01,3.308490418803926580e-01,4.420600999999999559e-01,9.458855240177665991e-01,-6.983615475803108819e-01,3.177100858621082491e-01,-4.817517690929780660e-01,-4.094162946704291151e-01,-6.856087460549995516e-01,-1.560127759020294436e-01,3.585237405142879252e-01,4.284920553914031149e-01,7.560734051767497022e-01,2.961485225940974075e-02,3.570919251438745556e-01,-4.499056417521715145e-01,6.951534524916754831e-01,-7.152046266315071898e-01,5.766821934508810088e-01,-8.111394918828913614e-01
-3.582022909835863023e-01,6.280836986590598858e-02,-8.754623015127771524e-01,-7.262007881877872162e-01,-5.056001648586593289e-01,-2.531364001498335736e-01,4.998359208848757729e-01,-3.030181280075037731e-01,1.000000000000000000e+00,2.276716162197821303e-02,-8.745874061832019375e-02,6.380230543648408581e-01,7.176875345226203518e-01,7.244152266056442802e-01,-5.707115873361593428e-01,-8.180437789778761681e-01,7.900355892122978840e-02,6.878960474186004426e-01,8.524644022007827893e-01,-5.854916954535875906e-01,7.246648945426250599e-01,-8.897267600000000609e-01,-4.502008662141084860e-01,-4.278482629195853870e-02,-3.843897901767338032e-01,-1.552920749718080529e-01,-5.221864029193712398e-01,-1.043199542465435281e-01,8.191058308370484653e-01,-2.685206725097775138e-01,-7.642919022943472918e-02,-3.207453045818052795e-01,-2.652318162448579625e-03,-2.895252243600962005e-01,4.480343099608404267e-01,-8.861938423508947116e-02,4.706431988077574013e-01,-8.588636167248425712e-01,2.222979298464501929e-01
4.739287843004878487e-01,4.381261176372627242e-01,1.038433759977267085e-01,3.383822227709121777e-01,-2.402448280543183212e-01,-2.584357973789198071e-01,-6.952020947210552082e-01,1.439541315398984445e-01,2.276716162197821303e-02,1.000000000000000000e+00,-5.127801765017659941e-01,-2.750243411599241350e-01,-3.060511551312353751e-01,3.591665358813044273e-01,-1.892261367839991604e-01,1.447250943972356874e-01,2.120558169285635119e-01,-1.933316063965355436e-01,-6.390171284001661123e-02,2.966183369772519285e-01,2.343147155337957366e-01,1.503063799999999617e-01,1.570699431361403109e-01,8.192429974690590422e-02,-2.817665985568074127e-01,3.660944913438444748e-01,-1.819426697149125471e-01,-4.712968047377052438e-01,-1.786479951273016731e-01,-7.070174568596455655e-01,-1.079876851429385776e-01,2.029480347669207485e-01,2.174183733882963931e-01,-5.663344596102442008e-01,-4.026823663134536657e-01,-1.036822321621961029e-01,-1.056949438431228350e-01,2.151524312695335950e-01,2.066729051898930081e-01
2.968829442510912409e-01,-5.362895813556325386e-01,-1.540715728391938710e-01,-6.438164372753926723e-02,4.594657142646442483e-02,4.135312188768048292e-01,4.326729288585220989e-01,6.182764238811677693e-02,-8.745874061832019375e-02,-5.127801765017659941e-01,1.000000000000000000e+00,-2.734098990956885245e-01,-3.767206844540005317e-02,-1.093383168740235112e-01,1.226890091479203027e-01,-2.499767824547166617e-01,-3.566709487278568735e-01,-8.228689618424074592e-02,-1.213459080156968073e-01,1.364806154896216206e-01,-1.814596293432373664e-01,1.363098000000007026e-02,1.420228361445432241e-01,-3.604500739222226691e-01,-3.787487188341523980e-01,1.048689852368836078e-01,-2.656329737010857395e-01,4.647268936972161896e-02,7.972854632897814764e-02,3.237834290311660812e-01,6.239064868395203245e-01,1.849566953190494023e-01,-2.958293785821927147e-01,2.769728144690181137e-01,-4.580386112290653344e-02,2.398853867447435784e-01,4.188057829795360787e-01,-7.274181741112814570e-02,5.179024706403720368e-02
-5.886986643155164289e-01,3.076264227092970760e-01,-7.084516800648035240e-01,-9.104363156544058588e-01,-1.818894650944421765e-01,-2.601623609311806695e-01,5.076083675411409146e-01,-1.622038082924244229e-01,6.380230543648408581e-01,-2.750243411599241350e-01,-2.734098990956885245e-01,1.000000000000000000e+00,7.601650534678525695e-01,2.235027495550166443e-01,-4.739671384019636391e-01,-6.463167115321448719e-01,1.890972384770192305e-01,8.821913953276879772e-01,8.336207877996255622e-01,-9.016636936331818841e-01,5.318938178192902377e-01,-8.086839999999999584e-01,-3.942531790217210230e-01,1.527553963355522681e-01,2.922814150059921401e-01,-6.145967030634956751e-01,-1.731016492850957489e-01,-1.538982681256166780e-02,8.246024383149689330e-01,-5.898958297504202503e-02,-4.335205208859251869e-01,-4.914800358267517044e-01,-1.864658583321799901e-01,-2.464898685480113871e-01,6.852366161056753224e-01,2.155760737723641240e-01,-6.738049091029107984e-02,-7.158939955078432726e-01,-2.524027231378438429e-01
-4.203480593526559561e-01,-3.085618841191630213e-01,-6.895988744706571527e-01,-7.436101491037979683e-01,-4.752852054982599772e-01,-4.280607125406406532e-01,8.094692225053504719e-01,-7.059541771153828860e-01,7.176875345226203518e-01,-3.060511551312353751e-01,-3.767206844540005317e-02,7.601650534678525695e-01,1.000000000000000000e+00,6.073467762654891633e-01,-9.406280219168132450e-02,-7.206514493995274107e-01,3.198995939249112963e-01,5.824939217385803891e-01,7.795287250353014619e-01,-8.073370356499414147e-01,2.272703975290270295e-01,-9.144209599999999494e-01,-8.421738772248467120e-01,4.464732208205047237e-01,-1.514962401127560032e-01,-1.220953139174087987e-01,-5.246689897889381116e-02,3.804001379151120132e-01,7.833749245224458368e-01,-2.951744582659759364e-01,-4.274310049460926519e-01,-7.891339447253008510e-01,-1.704576239536638727e-01,-3.909631370102393810e-01,7.080010779948574529e-01,-1.926651506969162264e-01,5.352828069619419704e-01,-9.340549280812502353e-01,3.847751490577267508e-01
3.286855085296677692e-02,-2.356474466900845832e-01,-5.589273187832709544e-01,-2.829252540462281473e-01,-7.236150081205016127e-01,-4.866077376221340511e-01,3.180015094058922243e-01,-5.964794715122540003e-01,7.244152266056442802e-01,3.591665358813044273e-01,-1.093383168740235112e-01,2.235027495550166443e-01,6.073467762654891633e-01,1.000000000000000000e+00,-1.945808426271805336e-01,-5.434661326947283211e-01,3.768922955355376025e-01,2.245136247708243160e-01,4.933621720716149794e-01,-3.625573718119103339e-01,3.254308991441559051e-01,-6.675025399999999776e-01,-6.560234312616238794e-01,2.761564195189890603e-01,-6.875241421003339681e-01,3.927395532826786217e-01,-2.715341285592961507e-01,-1.921558379981062881e-02,4.855822894173348891e-01,-6.275251503335230741e-01,-1.606192506898445338e-01,-3.681998976157070946e-01,3.942805397507291587e-02,-6.490619515074340651e-01,2.223808583043350440e-01,-4.740353879364645473e-01,7.243947062619970900e-01,-7.121092966773219235e-01,6.923644519746092740e-01
2.617410454713333667e-01,-6.817414978730876873e-01,6.826521383167847290e-01,5.677605314057652119e-01,2.813079888929158057e-01,8.526687190748000189e-02,1.056525954330116979e-01,-4.754141272233839421e-01,-5.707115873361593428e-01,-1.892261367839991604e-01,1.226890091479203027e-01,-4.739671384019636391e-01,-9.406280219168132450e-02,-1.945808426271805336e-01,1.000000000000000000e+00,5.365290774316803235e-01,2.005560237294591597e-01,-7.524093305849233193e-01,-4.940456576446417558e-01,3.261562973385095376e-01,-8.844825213411258158e-01,4.494713599999999865e-01,-3.396654365053511926e-01,5.789232523432648048e-01,7.574909960334615111e-02,5.401057999763065887e-01,8.206298333669406198e-01,7.442145742118523311e-01,-6.030165011356093396e-01,1.399808142347339773e-02,-2.976546399286230660e-01,-3.210135248513783512e-01,-2.290440069284867264e-01,2.371770076503894598e-01,1.257920313891467412e-01,-4.079096137664409150e-01,1.533762866878525810e-01,3.152870054702578972e-01,3.725119613676098340e-01
1.287794104332994904e-01,2.672422007983252246e-02,9.689074507607775555e-01,8.696032660449227736e-01,4.616511756537741151e-01,2.520214540321744079e-02,-6.502484765929861243e-01,1.673576744424942475e-01,-8.180437789778761681e-01,1.447250943972356874e-01,-2.499767824547166617e-01,-6.463167115321448719e-01,-7.206514493995274107e-01,-5.434661326947283211e-01,5.365290774316803235e-01,1.000000000000000000e+00,8.328472240561535234e-02,-7.786631500339684653e-01,-8.664419958516206277e-01,6.621360093605308528e-01,-5.885350737156150869e-01,9.017274399999999357e-01,3.484908476815078981e-01,1.002103101394782453e-01,3.865823955490907404e-01,2.819133636443392210e-01,6.750504991973896862e-01,1.351396706627759625e-01,-9.541218293874762502e-01,3.011460021314754654e-01,-9.274061826885440785e-02,3.354052433599631344e-01,2.086892706334135539e-01,3.418756047482894855e-01,-4.125649057719502633e-01,-2.330065775615049739e-01,-4.723816925386815080e-01,8.541333901467851319e-01,-1.138056218808940062e-01
1.404200306329236869e-01,-1.431144258924778034e-01,8.685150295959315203e-03,3.510012024088227794e-02,-5.227016773792059201e-01,-4.329407875759541668e-01,1.237967219534988200e-01,-5.230338425691971604e-01,7.900355892122978840e-02,2.120558169285635119e-01,-3.566709487278568735e-01,1.890972384770192305e-01,3.198995939249112963e-01,3.768922955355376025e-01,2.005560237294591597e-01,8.328472240561535234e-02,1.000000000000000000e+00,4.566203089281743038e-02,2.022445896902991258e-01,-2.512976064372117180e-01,-2.391124933664592334e-01,-2.128333199999999925e-01,-5.457482162142748283e-01,3.010533523062757233e-01,-2.429027666736478797e-01,5.218764418024015583e-01,4.530686258839781710e-01,-2.974638012969877884e-02,-3.261042117378718658e-02,-4.287600406421048227e-01,-2.922856322896100201e-01,-1.574075844596593554e-01,-4.249385360255725774e-01,-5.558439803313535155e-01,3.864426175055518664e-01,-6.577194628884087679e-01,2.485643242386930130e-01,-3.150340220392255919e-01,2.538660833093975278e-01
-4.278645805689572645e-01,4.218505313801884093e-01,-8.655362432482633928e-01,-9.328375026035949924e-01,-2.697050149058892177e-01,-4.744048179184769121e-02,4.176758810919835585e-01,1.213873894894779149e-01,6.878960474186004426e-01,-1.933316063965355436e-01,-8.228689618424074592e-02,8.821913953276879772e-01,5.824939217385803891e-01,2.245136247708243160e-01,-7.524093305849233193e-01,-7.786631500339684653e-01,4.566203089281743038e-02,1.000000000000000000e+00,8.350072683534109919e-01,-8.064843391762865910e-01,6.952906832055721909e-01,-7.893559999999999466e-01,-1.180477243299279250e-01,-2.536517659086127141e-01,6.069449616794959923e-02,-6.256114659350077156e-01,-5.409028286178955147e-01,-3.698088976051180921e-01,8.892011890723018341e-01,-5.368098334505241181e-02,-3.496416023323659084e-02,-1.411525865096185106e-01,-1.950037814415761239e-01,-2.483023873293473127e-01,4.414470361495508310e-01,3.542438138075199028e-01,-2.633529665388048557e-02,-6.842086265435091130e-01,-3.659912201172367263e-01
-2.595021856345185451e-01,1.478474716222722141e-01,-8.871955012584924471e-01,-8.835443180484373604e-01,-4.207300663226127280e-01,-1.207397460284783536e-01,5.765089820187104808e-01,-2.384798352744798011e-01,8.524644022007827893e-01,-6.390171284001661123e-02,-1.213459080156968073e-01,8.336207877996255622e-01,7.795287250353014619e-01,4.933621720716149794e-01,-4.940456576446417558e-01,-8.664419958516206277e-01,2.022445896902991258e-01,8.350072683534109919e-01,1.000000000000000000e+00,-7.355297076428768399e-01,5.873518953531792208e-01,-9.215250600000000070e-01,-4.463481852444660114e-01,4.902560680260583531e-02,-1.752503279509996237e-01,-2.871475733405492448e-01,-4.146079119296308124e-01,-9.274342565186124987e-02,9.023544443764137668e-01,-3.344072303702261273e-01,-2.011822568025194991e-01,-4.219196027572672536e-01,-3.131344145511542054e-01,-3.596714930487943107e-01,6.670991254291919192e-01,9.238558878951484699e-02,2.784587291716678070e-01,-8.641071460818788852e-01,-1.086959447842181931e-02
4.851282071950921426e-01,-1.131091740003209445e-01,6.953403763393612991e-01,8.644842395922147649e-01,2.000285037205175864e-01,2.117700982691800016e-01,-5.983390093315732461e-01,2.731749901048043938e-01,-5.854916954535875906e-01,2.966183369772519285e-01,1.364806154896216206e-01,-9.016636936331818841e-01,-8.073370356499414147e-01,-3.625573718119103339e-01,3.261562973385095376e-01,6.621360093605308528e-01,-2.512976064372117180e-01,-8.064843391762865910e-01,-7.355297076428768399e-01,1.000000000000000000e+00,-3.831892823719420527e-01,8.085014999999999841e-01,5.270806459827748203e-01,-2.237045602426762647e-01,-1.473731967757942463e-01,4.708621753056861370e-01,1.077633781050657269e-01,-3.766974459660942659e-02,-8.079166225493102926e-01,1.523376456570918469e-01,4.371088684197037555e-01,5.241831832043343242e-01,2.961453544625646250e-01,3.004659843992542045e-01,-6.590169893832276138e-01,-1.264897539699210705e-01,-9.407031018302081105e-02,7.499860122618374758e-01,1.093865262425404578e-01
-2.862520930401883379e-01,6.245592196218143766e-01,-7.053195797744633566e-01,-6.099810039400295203e-01,-1.775335171600103956e-01,-1.563006921784829417e-01,-3.029498101680066016e-02,3.308490418803926580e-01,7.246648945426250599e-01,2.343147155337957366e-01,-1.814596293432373664e-01,5.318938178192902377e-01,2.272703975290270295e-01,3.254308991441559051e-01,-8.844825213411258158e-01,-5.885350737156150869e-01,-2.391124933664592334e-01,6.952906832055721909e-01,5.873518953531792208e-01,-3.831892823719420527e-01,1.000000000000000000e+00,-5.388931999999999611e-01,1.737652442778866435e-01,-3.910863535587023043e-01,-5.883398872876852148e-02,-5.037246751297268510e-01,-7.160995767563097525e-01,-5.578304134855632812e-01,6.436333637897309057e-01,-8.043576374453008382e-02,8.268288216441647964e-02,1.098393932969343179e-01,1.983967281401934346e-01,-1.700158079847374215e-01,3.805787727442221796e-02,3.978291076987504615e-01,-1.030341069485934402e-01,-3.977968780937183313e-01,-2.614677602066080020e-01
3.519924599999999515e-01,5.460028000000005655e-02,9.147130800000000672e-01,8.752930999999999351e-01,5.601779799999999643e-01,3.291269999999999474e-01,-7.005971200000000731e-01,4.420600999999999559e-01,-8.897267600000000609e-01,1.503063799999999617e-01,1.363098000000007026e-02,-8.086839999999999584e-01,-9.144209599999999494e-01,-6.675025399999999776e-01,4.494713599999999865e-01,9.017274399999999357e-01,-2.128333199999999925e-01,-7.893559999999999466e-01,-9.215250600000000070e-01,8.085014999999999841e-01,-5.388931999999999611e-01,1.000000000000000000e+00,6.200383599999998996e-01,-1.481642199999999576e-01,2.807639399999999341e-01,2.277927200000000596e-01,4.080954999999999444e-01,-2.207238000000000255e-02,-9.408935000000000493e-01,3.369872199999999207e-01,2.052065199999999479e-01,5.472612800000000721e-01,1.605371399999999671e-01,4.546274800000000837e-01,-6.027182399999999607e-01,2.745139999999990366e-02,-4.899216600000000366e-01,9.749707400000000579e-01,-2.296537800000000296e-01
2.262646230062153596e-01,5.802413046127196106e-01,2.871451684822727835e-01,2.941770289981318620e-01,5.015053224799228548e-01,5.041504579006182984e-01,-6.759845769872023791e-01,9.458855240177665991e-01,-4.502008662141084860e-01,1.570699431361403109e-01,1.420228361445432241e-01,-3.942531790217210230e-01,-8.421738772248467120e-01,-6.560234312616238794e-01,-3.396654365053511926e-01,3.484908476815078981e-01,-5.457482162142748283e-01,-1.180477243299279250e-01,-4.463481852444660114e-01,5.270806459827748203e-01,1.737652442778866435e-01,6.200383599999998996e-01,1.000000000000000000e+00,-6.921333108407583534e-01,2.624882273269519839e-01,-3.144115173445151679e-01,-3.348350386105622967e-01,-6.023324614927739740e-01,-3.635324808388071260e-01,4.171163062065387783e-01,5.189514720024346328e-01,8.105661423929858556e-01,1.641341451932008533e-01,3.999124456012502771e-01,-6.013844694975214455e-01,6.085874504631507698e-01,-6.512507766148126764e-01,7.182618163219494090e-01,-6.757564055082734278e-01
-1.462476409660045107e-01,-3.281689339255963178e-01,2.087744166960263659e-01,5.063423347140597747e-02,-2.394903174125873405e-02,-4.681256619828304544e-01,1.687573720614584105e-01,-6.983615475803108819e-01,-4.278482629195853870e-02,8.192429974690590422e-02,-3.604500739222226691e-01,1.527553963355522681e-01,4.464732208205047237e-01,2.761564195189890603e-01,5.789232523432648048e-01,1.002103101394782453e-01,3.010533523062757233e-01,-2.536517659086127141e-01,4.902560680260583531e-02,-2.237045602426762647e-01,-3.910863535587023043e-01,-1.481642199999999576e-01,-6.921333108407583534e-01,1.000000000000000000e+00,2.103936496103513409e-01,1.878717021149236277e-01,5.794174171502448623e-01,7.038176443462516030e-01,-1.591122246464555731e-02,-4.014614661341605606e-01,-8.355959963279732117e-01,-8.420455782959731517e-01,6.929379674830517255e-02,-3.193340780818282321e-01,3.893493899165130778e-01,-3.197956026424283449e-01,1.386646761720562726e-01,-1.692249118691757370e-01,5.202452409576986403e-01
-5.158426793543852140e-01,4.488562201986914246e-01,3.607025562477051972e-01,-5.686419629881153681e-02,7.109126882236032063e-01,5.427760196666651243e-02,-2.358121294347957364e-01,3.177100858621082491e-01,-3.843897901767338032e-01,-2.817665985568074127e-01,-3.787487188341523980e-01,2.922814150059921401e-01,-1.514962401127560032e-01,-6.875241421003339681e-01,7.574909960334615111e-02,3.865823955490907404e-01,-2.429027666736478797e-01,6.069449616794959923e-02,-1.752503279509996237e-01,-1.473731967757942463e-01,-5.883398872876852148e-02,2.807639399999999341e-01,2.624882273269519839e-01,2.103936496103513409e-01,1.000000000000000000e+00,-6.857759244639899388e-01,4.008108269764404930e-01,2.105758106821816744e-01,-1.568710843464545257e-01,4.645106159046580308e-01,-5.104123902894623921e-01,-1.482980394826925730e-01,1.563891400471174864e-01,4.100612758606736463e-01,1.273671184423199043e-01,4.441250397696009378e-01,-8.323288514819751072e-01,3.979931433907933358e-01,-6.100130962938874468e-01
6.236526774182385990e-01,-5.769397117453349821e-01,3.298186749047348210e-01,6.055114173242535092e-01,-3.980862216593310521e-01,-1.254099939551035492e-01,-5.778669814118301412e-02,-4.817517690929780660e-01,-1.552920749718080529e-01,3.660944913438444748e-01,1.048689852368836078e-01,-6.145967030634956751e-01,-1.220953139174087987e-01,3.927395532826786217e-01,5.401057999763065887e-01,2.819133636443392210e-01,5.218764418024015583e-01,-6.256114659350077156e-01,-2.871475733405492448e-01,4.708621753056861370e-01,-5.037246751297268510e-01,2.277927200000000596e-01,-3.144115173445151679e-01,1.878717021149236277e-01,-6.857759244639899388e-01,1.000000000000000000e+00,3.208816117388046396e-01,1.396149606568327373e-01,-4.625880455582382922e-01,-4.176888098093523016e-01,1.407156695558689774e-01,7.481005679605796932e-02,-1.974130191379750154e-01,-2.747226499766277641e-01,-1.170696882287245721e-01,-7.171455295850069911e-01,5.804227290047649923e-01,5.648026410106862794e-02,6.624729958826867104e-01
-6.163801449568494240e-02,-3.364651756699182372e-01,7.035734329960044997e-01,4.610340336006064077e-01,3.295916506557752812e-01,-1.175892371854666690e-01,-2.079589638238659929e-02,-4.094162946704291151e-01,-5.221864029193712398e-01,-1.819426697149125471e-01,-2.656329737010857395e-01,-1.731016492850957489e-01,-5.246689897889381116e-02,-2.715341285592961507e-01,8.206298333669406198e-01,6.750504991973896862e-01,4.530686258839781710e-01,-5.409028286178955147e-01,-4.146079119296308124e-01,1.077633781050657269e-01,-7.160995767563097525e-01,4.080954999999999444e-01,-3.348350386105622967e-01,5.794174171502448623e-01,4.008108269764404930e-01,3.208816117388046396e-01,1.000000000000000000e+00,6.041326555735742065e-01,-5.924091531263040444e-01,1.462901413189066913e-01,-5.466121665463042900e-01,-2.858196907924827612e-01,-2.127786536083911273e-01,2.165263723553785269e-01,2.858947786431514371e-01,-4.536872636545312143e-01,-1.675050847731083259e-01,3.102492495635169045e-01,9.279519321012900945e-02
-2.942228410465835831e-01,-6.902879141875091218e-01,2.838182004489719357e-01,1.079769010770843390e-01,1.853582576141433735e-01,-1.261436135794016533e-01,4.729915170114604717e-01,-6.856087460549995516e-01,-1.043199542465435281e-01,-4.712968047377052438e-01,4.647268936972161896e-02,-1.538982681256166780e-02,3.804001379151120132e-01,-1.921558379981062881e-02,7.442145742118523311e-01,1.351396706627759625e-01,-2.974638012969877884e-02,-3.698088976051180921e-01,-9.274342565186124987e-02,-3.766974459660942659e-02,-5.578304134855632812e-01,-2.207238000000000255e-02,-6.023324614927739740e-01,7.038176443462516030e-01,2.105758106821816744e-01,1.396149606568327373e-01,6.041326555735742065e-01,1.000000000000000000e+00,-1.295449558935175549e-01,1.148791846054961624e-01,-4.844191109789502958e-01,-7.338868398488609390e-01,6.998053550372686227e-02,2.811226136393478736e-01,3.591126061519371859e-01,-3.170852221737618937e-01,2.859984249144384982e-01,-1.113716554224215005e-01,4.697877134232205099e-01
-3.359245653866637094e-01,1.280904563154336706e-01,-9.608005152537516524e-01,-9.571216121739083427e-01,-3.923354820874029869e-01,-1.473544523022057573e-01,6.101337215207902620e-01,-1.560127759020294436e-01,8.191058308370484653e-01,-1.786479951273016731e-01,7.972854632897814764e-02,8.246024383149689330e-01,7.833749245224458368e-01,4.855822894173348891e-01,-6.030165011356093396e-01,-9.541218293874762502e-01,-3.261042117378718658e-02,8.892011890723018341e-01,9.023544443764137668e-01,-8.079166225493102926e-01,6.436333637897309057e-01,-9.408935000000000493e-01,-3.635324808388071260e-01,-1.591122246464555731e-02,-1.568710843464545257e-01,-4.625880455582382922e-01,-5.924091531263040444e-01,-1.295449558935175549e-01,1.000000000000000000e+00,-2.404724679075243843e-01,-9.871111415996788874e-02,-4.171152245635136313e-01,-1.403593118495524428e-01,-3.651240170238910787e-01,4.929480280941349601e-01,2.876937577239682131e-01,2.979216750142544834e-01,-8.619079263578426353e-01,-1.895019675198756672e-03
-4.279386867126341865e-01,-4.039494830986173346e-03,2.426628524428952605e-01,4.473657244783607601e-02,5.508836442636632080e-01,3.792263424532350546e-01,6.667698015520145960e-02,3.585237405142879252e-01,-2.685206725097775138e-01,-7.070174568596455655e-01,3.237834290311660812e-01,-5.898958297504202503e-02,-2.951744582659759364e-01,-6.275251503335230741e-01,1.399808142347339773e-02,3.011460021314754654e-01,-4.287600406421048227e-01,-5.368098334505241181e-02,-3.344072303702261273e-01,1.523376456570918469e-01,-8.043576374453008382e-02,3.369872199999999207e-01,4.171163062065387783e-01,-4.014614661341605606e-01,4.645106159046580308e-01,-4.176888098093523016e-01,1.462901413189066913e-01,1.148791846054961624e-01,-2.404724679075243843e-01,1.000000000000000000e+00,2.559872564705775733e-01,3.277039234292524195e-01,6.294889633479337776e-02,8.084333908524773404e-01,1.920395790698723945e-02,2.387441464370102517e-01,-3.417756668853566548e-01,3.216927793406292868e-01,-5.254762687230633000e-01
3.672154235160000058e-01,-1.029959273274153597e-01,-1.094215161507635647e-01,1.517447019613121784e-01,-2.076650529543966339e-01,3.924412362920937647e-01,-2.899322077925892832e-02,4.284920553914031149e-01,-7.642919022943472918e-02,-1.079876851429385776e-01,6.239064868395203245e-01,-4.335205208859251869e-01,-4.274310049460926519e-01,-1.606192506898445338e-01,-2.976546399286230660e-01,-9.274061826885440785e-02,-2.922856322896100201e-01,-3.496416023323659084e-02,-2.011822568025194991e-01,4.371088684197037555e-01,8.268288216441647964e-02,2.052065199999999479e-01,5.189514720024346328e-01,-8.355959963279732117e-01,-5.104123902894623921e-01,1.407156695558689774e-01,-5.466121665463042900e-01,-4.844191109789502958e-01,-9.871111415996788874e-02,2.559872564705775733e-01,1.000000000000000000e+00,7.185580880535932247e-01,-2.868033624090534500e-02,2.028908351294944068e-01,-5.060799912722034888e-01,9.696244752882109130e-02,2.291268114554457780e-01,1.503483622988998347e-01,-1.185146538297203456e-01
3.717968382327532240e-01,3.783143784083637384e-01,2.206691962243571004e-01,3.821186847170562895e-01,1.574818275708298188e-01,4.666359822459492657e-01,-5.595279919560846027e-01,7.560734051767497022e-01,-3.207453045818052795e-01,2.029480347669207485e-01,1.849566953190494023e-01,-4.914800358267517044e-01,-7.891339447253008510e-01,-3.681998976157070946e-01,-3.210135248513783512e-01,3.354052433599631344e-01,-1.574075844596593554e-01,-1.411525865096185106e-01,-4.219196027572672536e-01,5.241831832043343242e-01,1.098393932969343179e-01,5.472612800000000721e-01,8.105661423929858556e-01,-8.420455782959731517e-01,-1.482980394826925730e-01,7.481005679605796932e-02,-2.858196907924827612e-01,-7.338868398488609390e-01,-4.171152245635136313e-01,3.277039234292524195e-01,7.185580880535932247e-01,1.000000000000000000e+00,-4.764433951073602375e-02,2.799554735289943030e-01,-5.594286338736347286e-01,1.627839770628861649e-01,-3.207310529055568127e-01,5.514958459608138019e-01,-4.971158466190654379e-01
-3.967929625818806816e-01,1.761059103440378304e-01,1.785468709990391256e-01,2.594202080955952394e-01,-4.909050200805110259e-02,-4.665453478935230880e-01,-3.948137342982394604e-01,2.961485225940974075e-02,-2.652318162448579625e-03,2.174183733882963931e-01,-2.958293785821927147e-01,-1.864658583321799901e-01,-1.704576239536638727e-01,3.942805397507291587e-02,-2.290440069284867264e-01,2.086892706334135539e-01,-4.249385360255725774e-01,-1.950037814415761239e-01,-3.131344145511542054e-01,2.961453544625646250e-01,1.983967281401934346e-01,1.605371399999999671e-01,1.641341451932008533e-01,6.929379674830517255e-02,1.563891400471174864e-01,-1.974130191379750154e-01,-2.127786536083911273e-01,6.998053550372686227e-02,-1.403593118495524428e-01,6.294889633479337776e-02,-2.868033624090534500e-02,-4.764433951073602375e-02,1.000000000000000000e+00,-1.854366813468348932e-02,-5.963781630480041729e-01,7.798555937893088263e-03,-9.342524007455454971e-02,2.217373029163917098e-01,2.733222342738036992e-01
-2.592213755012303111e-01,-8.414780103684108004e-02,3.576145372604187522e-01,1.953693938183240775e-01,7.437488779992080801e-01,6.363847087371244937e-01,1.737044490078604869e-02,3.570919251438745556e-01,-2.895252243600962005e-01,-5.663344596102442008e-01,2.769728144690181137e-01,-2.464898685480113871e-01,-3.909631370102393810e-01,-6.490619515074340651e-01,2.371770076503894598e-01,3.418756047482894855e-01,-5.558439803313535155e-01,-2.483023873293473127e-01,-3.596714930487943107e-01,3.004659843992542045e-01,-1.700158079847374215e-01,4.546274800000000837e-01,3.999124456012502771e-01,-3.193340780818282321e-01,4.100612758606736463e-01,-2.747226499766277641e-01,2.165263723553785269e-01,2.811226136393478736e-01,-3.651240170238910787e-01,8.084333908524773404e-01,2.028908351294944068e-01,2.799554735289943030e-01,-1.854366813468348932e-02,1.000000000000000000e+00,-3.007603144470148010e-02,2.130888505381163256e-01,-3.264867762937740947e-01,4.410280387644734956e-01,-4.457540657793432337e-01
-3.091093421057071189e-01,-1.763373792362729064e-01,-4.065520925492699389e-01,-6.102675717454166815e-01,-3.435027416987433690e-02,-5.252446573074284232e-03,6.658497490438939348e-01,-4.499056417521715145e-01,4.480343099608404267e-01,-4.026823663134536657e-01,-4.580386112290653344e-02,6.852366161056753224e-01,7.080010779948574529e-01,2.223808583043350440e-01,1.257920313891467412e-01,-4.125649057719502633e-01,3.864426175055518664e-01,4.414470361495508310e-01,6.670991254291919192e-01,-6.590169893832276138e-01,3.805787727442221796e-02,-6.027182399999999607e-01,-6.013844694975214455e-01,3.893493899165130778e-01,1.273671184423199043e-01,-1.170696882287245721e-01,2.858947786431514371e-01,3.591126061519371859e-01,4.929480280941349601e-01,1.920395790698723945e-02,-5.060799912722034888e-01,-5.594286338736347286e-01,-5.963781630480041729e-01,-3.007603144470148010e-02,1.000000000000000000e+00,-1.155087802402265107e-01,1.657369971509558004e-01,-6.279015225975269621e-01,-5.753965778904721051e-02
-1.397930350630208207e-02,5.244375990326575199e-01,-2.040081131331011599e-01,-3.674556087739158095e-01,5.351037435872194603e-01,3.765998680767295159e-01,-1.641953960677869917e-01,6.951534524916754831e-01,-8.861938423508947116e-02,-1.036822321621961029e-01,2.398853867447435784e-01,2.155760737723641240e-01,-1.926651506969162264e-01,-4.740353879364645473e-01,-4.079096137664409150e-01,-2.330065775615049739e-01,-6.577194628884087679e-01,3.542438138075199028e-01,9.238558878951484699e-02,-1.264897539699210705e-01,3.978291076987504615e-01,2.745139999999990366e-02,6.085874504631507698e-01,-3.197956026424283449e-01,4.441250397696009378e-01,-7.171455295850069911e-01,-4.536872636545312143e-01,-3.170852221737618937e-01,2.876937577239682131e-01,2.387441464370102517e-01,9.696244752882109130e-02,1.627839770628861649e-01,7.798555937893088263e-03,2.130888505381163256e-01,-1.155087802402265107e-01,1.000000000000000000e+00,-5.516475803346259088e-01,1.958945545653479892e-01,-6.338425085068225551e-01
1.630510913765310654e-01,-7.675211768379099908e-01,-3.962567337929495670e-01,-1.110890896974243147e-01,-6.995699610307526406e-01,-2.390473205825560665e-01,6.300933918423186064e-01,-7.152046266315071898e-01,4.706431988077574013e-01,-1.056949438431228350e-01,4.188057829795360787e-01,-6.738049091029107984e-02,5.352828069619419704e-01,7.243947062619970900e-01,1.533762866878525810e-01,-4.723816925386815080e-01,2.485643242386930130e-01,-2.633529665388048557e-02,2.784587291716678070e-01,-9.407031018302081105e-02,-1.030341069485934402e-01,-4.899216600000000366e-01,-6.512507766148126764e-01,1.386646761720562726e-01,-8.323288514819751072e-01,5.804227290047649923e-01,-1.675050847731083259e-01,2.859984249144384982e-01,2.979216750142544834e-01,-3.417756668853566548e-01,2.291268114554457780e-01,-3.207310529055568127e-01,-9.342524007455454971e-02,-3.264867762937740947e-01,1.657369971509558004e-01,-5.516475803346259088e-01,1.000000000000000000e+00,-6.400539578962129994e-01,8.083215282290407977e-01
3.004716488976659772e-01,2.437527335966837294e-01,8.581275566580196523e-01,7.870382633906802816e-01,6.357681623548538941e-01,3.399619752796930738e-01,-7.872952520914442420e-01,5.766821934508810088e-01,-8.588636167248425712e-01,2.151524312695335950e-01,-7.274181741112814570e-02,-7.158939955078432726e-01,-9.340549280812502353e-01,-7.121092966773219235e-01,3.152870054702578972e-01,8.541333901467851319e-01,-3.150340220392255919e-01,-6.842086265435091130e-01,-8.641071460818788852e-01,7.499860122618374758e-01,-3.977968780937183313e-01,9.749707400000000579e-01,7.182618163219494090e-01,-1.692249118691757370e-01,3.979931433907933358e-01,5.648026410106862794e-02,3.102492495635169045e-01,-1.113716554224215005e-01,-8.619079263578426353e-01,3.216927793406292868e-01,1.503483622988998347e-01,5.514958459608138019e-01,2.217373029163917098e-01,4.410280387644734956e-01,-6.279015225975269621e-01,1.958945545653479892e-01,-6.400539578962129994e-01,1.000000000000000000e+00,-3.514166445452310827e-01
1.480887341221877873e-01,-6.851417539292189440e-01,-1.551902029506827853e-02,2.286811482522239647e-01,-5.873463382497194907e-01,-5.343881704517320363e-01,2.660070841662412477e-01,-8.111394918828913614e-01,2.222979298464501929e-01,2.066729051898930081e-01,5.179024706403720368e-02,-2.524027231378438429e-01,3.847751490577267508e-01,6.923644519746092740e-01,3.725119613676098340e-01,-1.138056218808940062e-01,2.538660833093975278e-01,-3.659912201172367263e-01,-1.086959447842181931e-02,1.093865262425404578e-01,-2.614677602066080020e-01,-2.296537800000000296e-01,-6.757564055082734278e-01,5.202452409576986403e-01,-6.100130962938874468e-01,6.624729958826867104e-01,9.279519321012900945e-02,4.697877134232205099e-01,-1.895019675198756672e-03,-5.254762687230633000e-01,-1.185146538297203456e-01,-4.971158466190654379e-01,2.733222342738036992e-01,-4.457540657793432337e-01,-5.753965778904721051e-02,-6.338425085068225551e-01,8.083215282290407977e-01,-3.514166445452310827e-01,1.000000000000000000e+00
