1.000000000000000000e+00,4.991875534643259726e-01,2.284074324176591508e-01,-2.700407546130166869e-01,-1.207059943669480800e-01,-2.118940175378799043e-02,1.567793233767418026e-01,2.291695115352038459e-01,2.948426217270132543e-01,-1.511962974113251479e-01,3.065254056018497097e-01,2.520668191048678342e-01,1.662946634969459658e-01,-1.421948690739280874e-01,-2.745560277109029279e-01,2.645306965833345569e-01,-1.416859294770214106e-01,7.360450793803268166e-01,-3.189365920559075751e-02,3.377176172277274735e-01,1.053412501426122805e-01,-2.652819179701627061e-01,-1.738987563804303971e-01,-3.089446313363432006e-01,5.741955291289333463e-01,3.389048667775862445e-01,-4.392148357166300032e-01,-3.900443563819711024e-01,2.144389939006441925e-01,-1.724912179504282939e-01,2.973487755094841312e-01,-9.918259605948523405e-02,6.457667125210844739e-02,-2.767623673541330653e-02,1.937468600000000762e-01,-2.965426477485492152e-01,-1.759543541409708256e-01,3.460003658548340688e-01,2.100232829463666573e-01
4.991875534643259726e-01,1.000000000000000000e+00,-1.992423109833635075e-01,-3.694829922138929135e-01,-1.524581294494055939e-01,-1.953601560857327613e-01,-1.710524804603733018e-01,4.126353738048839093e-01,5.326627165169762756e-01,-2.851361232301355964e-01,3.354249350482839676e-01,3.135318265993630726e-01,2.087066122950788361e-01,4.657226324835643250e-01,-5.049462497721963761e-01,-1.106992042024860026e-02,-3.804987649796976595e-02,4.918845437810667742e-01,-4.167160055438334787e-01,4.914576704820955988e-01,5.286104962608896285e-01,-6.028684316634594920e-01,-2.974067497363695467e-01,-5.173041686711428166e-01,5.999735202772803477e-01,1.899086248494971652e-01,-6.439384679131838762e-01,-7.781491960580184664e-01,2.886283923622953163e-01,-4.121519927696264962e-01,6.787530641356886996e-01,-3.051582859315953300e-01,-6.200834880040308889e-02,1.841355901991690303e-01,4.067579199999999950e-01,-5.313509092477604057e-01,-3.624674892792461578e-01,4.605530810128322106e-01,3.213465798352656277e-02
2.284074324176591508e-01,-1.992423109833635075e-01,1.000000000000000000e+00,-5.790832861713676172e-01,-4.643128149927104320e-01,8.758693945323840768e-02,4.849459425240750798e-01,2.101888138054313487e-02,5.428085550023559192e-02,-4.999726207673738099e-01,5.799050069602909030e-01,2.159087990832752324e-01,6.068396056203888556e-01,-4.316856208171613307e-01,1.002146248949765256e-01,5.149626287425425053e-01,-3.030459613314822123e-02,3.545662543428229618e-01,1.041789668592349033e-01,2.483564370492007956e-01,-2.906752290141620398e-01,-3.147411283214258670e-01,-2.032830378430844909e-01,-2.624517240593569056e-01,3.439201211368559385e-01,7.473644853943918198e-01,-3.178367773213127134e-01,-7.012234489888392007e-03,-4.274074670319685243e-01,2.443315843671806098e-01,2.344005037149754500e-02,-1.635434353275160846e-01,6.771975272837056359e-01,3.422076251943022007e-01,-2.084432000000002727e-02,-1.712634164262013536e-01,-1.535777202537164099e-01,5.366316861420040718e-01,4.742324899900700053e-01
-2.700407546130166869e-01,-3.694829922138929135e-01,-5.790832861713676172e-01,1.000000000000000000e+00,9.004475742038836605e-01,3.845541797666110484e-01,-1.577934215527344863e-01,-4.633938580245458017e-01,-5.325920590159282098e-01,7.539233868891497270e-01,-4.965773338622904154e-01,-2.207462267671561340e-01,-7.706849555174548616e-01,5.689966133381479246e-02,3.614137997449305972e-01,-1.857651027323621862e-01,-1.352377882958399058e-01,-4.729752654197328376e-01,9.120975522244212375e-02,-6.224969775099589153e-01,1.829731061224260449e-02,7.013941898105727768e-01,4.316510097729037154e-01,4.697747856009179546e-01,-4.598548816991127053e-01,-8.880025182346670265e-01,8.116891136711084087e-01,4.317110174594164240e-01,3.205083770799856402e-01,1.778129089677592256e-01,-6.051822095334533635e-01,5.874586359852725925e-01,-7.916121416289038093e-01,-7.453584188244909425e-01,-4.210998999999999715e-01,6.338122913723589491e-01,6.300011620475883811e-01,-7.487755113101975946e-01,-3.612814089904251014e-01
-1.207059943669480800e-01,-1.524581294494055939e-01,-4.643128149927104320e-01,9.004475742038836605e-01,1.000000000000000000e+00,2.669071003858669577e-01,-3.062130495138208897e-01,-5.719686524927750648e-01,-2.769810623133007188e-01,6.705452144868003783e-01,-4.364749829042788298e-01,-3.000884480368669616e-01,-6.802155011195819556e-01,-4.788512565736699478e-02,1.807396457715680638e-01,-2.722787161560200064e-01,-3.410457190060596500e-02,-2.284618280701116722e-01,7.329046527657644139e-02,-3.433750982401810314e-01,1.428254823917461712e-03,6.234629180131924242e-01,1.319150332842000117e-01,4.890968603458746289e-01,-3.878748200539555713e-01,-8.647525797683806026e-01,5.876382219337479285e-01,4.104472802487419414e-01,3.755149555180571364e-01,-6.332430915056658227e-02,-3.739925194702619637e-01,3.832279399824379817e-01,-7.137676078164569837e-01,-6.553729262886962559e-01,-1.753397799999999451e-01,4.019251296820160468e-01,4.389002278535993895e-01,-7.223814656269883505e-01,-2.784427850965935369e-01
-2.118940175378799043e-02,-1.953601560857327613e-01,8.758693945323840768e-02,3.845541797666110484e-01,2.669071003858669577e-01,1.000000000000000000e+00,5.564309004800046532e-01,-1.480263429181515322e-01,-8.464846517133428616e-01,2.834805674664285791e-01,3.801773857718739880e-01,7.208958917803576227e-01,-2.031616121459044189e-01,4.063001613314438654e-01,8.230884519427532631e-01,7.788518361758272057e-01,-2.877932353138267785e-01,-4.663146346860829738e-01,-4.078871514439528778e-01,-7.781941444234804495e-01,5.507481996754770570e-01,6.082909850056038292e-02,6.734296699769454220e-01,-4.873040486852598385e-01,3.431105385220730719e-01,-6.202083740976269133e-02,6.209826270410798710e-01,-2.115872084715020029e-01,-2.148066233118955670e-01,8.195011954372064533e-01,-5.962127407263414502e-01,9.333117038384032282e-01,-5.381777388901544112e-01,-6.506459489568865440e-01,-8.932515800000000450e-01,7.878131247468670439e-01,8.446199497380723065e-01,2.388074705859172253e-01,-7.802790168976213303e-02
1.567793233767418026e-01,-1.710524804603733018e-01,4.849459425240750798e-01,-1.577934215527344863e-01,-3.062130495138208897e-01,5.564309004800046532e-01,1.000000000000000000e+00,5.356640127585374778e-01,-5.814797834276502764e-01,-6.571214647371603768e-02,7.158640260203832373e-01,6.737171918328779263e-01,5.031029259673037712e-01,-6.701714448425930178e-03,4.495699862242581446e-01,7.147280594377845020e-01,-6.076268310090783276e-01,-7.474148038615281708e-02,2.275043432581613442e-02,-4.333781651305294580e-01,-7.717031921122757127e-03,-5.016880574174961138e-01,7.072081268668356513e-01,-5.624214977777491908e-01,5.939364080243757504e-01,4.594300267008437078e-01,1.730094895590123250e-01,-2.659414533498073441e-01,3.162214378222340250e-02,8.212880441572472101e-01,-5.827886057180967638e-01,5.196525841003984958e-01,-1.692621096492022761e-02,9.025786109594055584e-02,-6.886121199999999387e-01,3.750455627125512947e-01,5.578858765799046271e-01,5.524875414243494154e-01,2.171158640971005693e-01
2.291695115352038459e-01,4.126353738048839093e-01,2.101888138054313487e-02,-4.633938580245458017e-01,-5.719686524927750648e-01,-1.480263429181515322e-01,5.356640127585374778e-01,1.000000000000000000e+00,7.807542170190394371e-02,-1.718209699593236384e-01,5.130649660936046352e-01,3.880669628734600418e-01,6.524992117361385624e-01,2.044743236558971555e-01,-2.950712980225982385e-01,1.214509143399441909e-01,-5.015126704701180493e-01,1.489613949527986425e-01,7.097539712217827701e-02,8.670824834422087568e-02,8.795253293907722217e-03,-7.969835187938313359e-01,3.505665435935547136e-01,-5.035390819591180067e-01,5.892892099181363808e-01,4.596518800989991549e-01,-3.785536240698598731e-01,-5.205361044586442887e-01,3.436429735716552969e-01,1.812067289219053967e-01,2.442763188452334866e-02,-9.416806067170092887e-02,1.254928266135987014e-01,5.311881069350754547e-01,-4.477671999999999208e-02,-2.462403517209457993e-01,-4.113576171545474391e-02,5.353594902509946074e-01,1.288889090240250002e-02
2.948426217270132543e-01,5.326627165169762756e-01,5.428085550023559192e-02,-5.325920590159282098e-01,-2.769810623133007188e-01,-8.464846517133428616e-01,-5.814797834276502764e-01,7.807542170190394371e-02,1.000000000000000000e+00,-4.728997280589528063e-01,-1.965187567158855897e-01,-4.400282836319576174e-01,1.916897251755737275e-01,-1.890655675976887773e-01,-8.639239720071643092e-01,-5.225370047150236230e-01,2.553100119532395462e-01,7.116208037173477052e-01,3.421066938619530401e-02,9.606833735889779291e-01,-2.249258213372516413e-01,-2.236765309220833942e-01,-8.695029925440207474e-01,1.652794715262286551e-01,2.441521249504515455e-04,2.456825666644312234e-01,-8.743841984109600451e-01,-1.183345785702044628e-01,1.651658424378684709e-01,-9.133214663130105881e-01,8.905568095139422269e-01,-9.227270642871227002e-01,5.249206739464580274e-01,5.055466858592004842e-01,9.802928200000000647e-01,-9.582032247207400433e-01,-9.523573063166328456e-01,6.724333321353181958e-02,2.754869349689118563e-01
-1.511962974113251479e-01,-2.851361232301355964e-01,-4.999726207673738099e-01,7.539233868891497270e-01,6.705452144868003783e-01,2.834805674664285791e-01,-6.571214647371603768e-02,-1.718209699593236384e-01,-4.728997280589528063e-01,1.000000000000000000e+00,-3.325856834322568623e-01,-2.118765050548770401e-01,-3.896934735066047706e-01,-4.166855070775161984e-02,1.881833515813519930e-01,-2.182322982487307772e-01,-1.200596009346460435e-01,-5.108862709715629169e-01,3.406510984792787688e-01,-5.870001428879644267e-01,-4.061497331943329098e-02,5.144129981528645645e-01,4.116518781820085460e-01,4.085974653396273748e-01,-3.391349715660486042e-01,-6.566609845112831856e-01,6.716650117518437879e-01,4.664507844519134583e-01,2.469009329355285332e-01,1.948874637884385197e-01,-5.714760185707199458e-01,4.793201301289799487e-01,-6.063168654480345365e-01,-4.842032125925055386e-01,-3.726922000000000290e-01,5.514297976266518964e-01,5.281590052671411017e-01,-6.295329463790504398e-01,-5.413433783910187591e-01
3.065254056018497097e-01,3.354249350482839676e-01,5.799050069602909030e-01,-4.965773338622904154e-01,-4.364749829042788298e-01,3.801773857718739880e-01,7.158640260203832373e-01,5.130649660936046352e-01,-1.965187567158855897e-01,-3.325856834322568623e-01,1.000000000000000000e+00,7.022983326942215943e-01,7.164089320943956007e-01,1.541655137476834470e-01,1.661698617155112356e-01,6.944534870170305796e-01,-2.080350186080636710e-01,1.563177735695361059e-01,-1.256343964004235647e-01,-4.423462046009507542e-02,2.995498477020175909e-01,-7.310797236378712149e-01,2.517490833242790882e-01,-7.611535509814391087e-01,7.700264329622559245e-01,6.454161441440658953e-01,-2.115823184241388544e-01,-6.085516819864441596e-01,-2.301475657524388874e-01,5.294461887400695455e-01,-6.020897481800208118e-02,1.601910822011197444e-01,2.326314766757639207e-01,2.862149649787458783e-01,-3.554682399999999909e-01,7.004155553210250629e-02,2.149098535591527637e-01,8.002879919663744568e-01,1.118529361339125339e-01
2.520668191048678342e-01,3.135318265993630726e-01,2.159087990832752324e-01,-2.207462267671561340e-01,-3.000884480368669616e-01,7.208958917803576227e-01,6.737171918328779263e-01,3.880669628734600418e-01,-4.400282836319576174e-01,-2.118765050548770401e-01,7.022983326942215943e-01,1.000000000000000000e+00,2.307234518941396750e-01,5.999088396315481742e-01,4.957849330830220724e-01,8.693025815298327519e-01,-4.479905273234814911e-01,-7.808367693573516066e-02,-6.472147649531463376e-01,-3.557050992918883714e-01,6.960028549476724447e-01,-5.764969300677782460e-01,5.158255558995049617e-01,-9.484111907073653480e-01,8.001789956353058120e-01,4.232883276565916342e-01,4.824624957577143894e-03,-7.615989713590476384e-01,-1.155217997185169210e-01,6.378447161792109021e-01,-1.272643990080433163e-01,5.876402177158016604e-01,-2.488689233886264285e-01,-2.020948040356134734e-01,-5.959008599999999767e-01,2.885433774667889306e-01,4.573221060957113893e-01,7.939884281742055627e-01,1.541668096142841116e-01
1.662946634969459658e-01,2.087066122950788361e-01,6.068396056203888556e-01,-7.706849555174548616e-01,-6.802155011195819556e-01,-2.031616121459044189e-01,5.031029259673037712e-01,6.524992117361385624e-01,1.916897251755737275e-01,-3.896934735066047706e-01,7.164089320943956007e-01,2.307234518941396750e-01,1.000000000000000000e+00,-2.205669425589469879e-01,-2.208816000607867758e-01,1.907827318290801488e-01,-9.160548839485270489e-02,2.512363930385211885e-01,2.674482852633304208e-01,3.042452803589612564e-01,-2.227371246042617325e-01,-7.686214853657786783e-01,-5.346153331063200481e-02,-3.922540297373522389e-01,4.722665859846232883e-01,7.377610579034630245e-01,-4.994017865436783943e-01,-2.424272760850402220e-01,-1.291864310695016171e-01,1.577118267189011880e-01,1.223591802068423467e-01,-3.498627288526678369e-01,6.124193345417336953e-01,8.090696308504623513e-01,9.279538000000009390e-02,-3.353453996666172499e-01,-2.287959057402617624e-01,6.175287377430221936e-01,1.580261192249778901e-01
-1.421948690739280874e-01,4.657226324835643250e-01,-4.316856208171613307e-01,5.689966133381479246e-02,-4.788512565736699478e-02,4.063001613314438654e-01,-6.701714448425930178e-03,2.044743236558971555e-01,-1.890655675976887773e-01,-4.166855070775161984e-02,1.541655137476834470e-01,5.999088396315481742e-01,-2.205669425589469879e-01,1.000000000000000000e+00,1.841872334132638456e-01,3.176419682907143938e-01,-1.612862610211370784e-01,-3.647835445185560466e-01,-7.571338733109660435e-01,-2.644754243993071019e-01,8.527047181995851544e-01,-2.450475768176565428e-01,2.800738846294401618e-01,-6.102515597719087026e-01,4.094057926279732751e-01,-5.276282051918895766e-02,4.799221787205184414e-02,-6.788969484403534205e-01,-5.315059331191732822e-02,1.815663720246524782e-01,1.643130773710335668e-01,3.775520051957174661e-01,-4.451166544924216595e-01,-3.588620747728052951e-01,-2.723506199999999877e-01,1.527324346344140493e-01,2.260789405076840397e-01,3.577621253785143729e-01,-2.524615244156014904e-01
-2.745560277109029279e-01,-5.049462497721963761e-01,1.002146248949765256e-01,3.614137997449305972e-01,1.807396457715680638e-01,8.230884519427532631e-01,4.495699862242581446e-01,-2.950712980225982385e-01,-8.639239720071643092e-01,1.881833515813519930e-01,1.661698617155112356e-01,4.957849330830220724e-01,-2.208816000607867758e-01,1.841872334132638456e-01,1.000000000000000000e+00,5.910015517061252277e-01,-1.257589722772967933e-01,-5.980282769174489754e-01,-3.196579373148578096e-01,-8.168258228566673829e-01,3.175347142326129246e-01,1.901233359082426522e-01,6.423548380987518236e-01,-2.541523402009831512e-01,-3.642823993487111223e-02,-1.743594847129973091e-01,7.267552062540244551e-01,4.660477419710347402e-02,-3.066159755205261073e-01,7.905935718178556115e-01,-6.632722999880678039e-01,8.182231698195554515e-01,-4.378989309540105013e-01,-4.759823744086982833e-01,-8.493954599999999910e-01,8.329923172448463475e-01,8.113071990728968341e-01,5.413419750944459263e-02,-1.037217142237991940e-01
2.645306965833345569e-01,-1.106992042024860026e-02,5.149626287425425053e-01,-1.857651027323621862e-01,-2.722787161560200064e-01,7.788518361758272057e-01,7.147280594377845020e-01,1.214509143399441909e-01,-5.225370047150236230e-01,-2.182322982487307772e-01,6.944534870170305796e-01,8.693025815298327519e-01,1.907827318290801488e-01,3.176419682907143938e-01,5.910015517061252277e-01,1.000000000000000000e+00,-3.382846131773649123e-01,-3.454869352503151664e-02,-4.444079872951860466e-01,-3.684733907917936424e-01,4.880732988724270638e-01,-3.088204581894622991e-01,4.287435669581786124e-01,-7.712121232181292640e-01,6.660160811916667756e-01,5.129458962620242479e-01,1.193574773711699732e-01,-5.074327205579922673e-01,-3.928242887205229961e-01,7.285486598412623804e-01,-2.524994685859327515e-01,5.990574929681478089e-01,-3.155011405091778798e-02,-3.125168000858061235e-01,-6.524025399999999753e-01,3.947045027014980390e-01,4.675334294581129368e-01,7.094859468793554003e-01,2.286958744990459091e-01
-1.416859294770214106e-01,-3.804987649796976595e-02,-3.030459613314822123e-02,-1.352377882958399058e-01,-3.410457190060596500e-02,-2.877932353138267785e-01,-6.076268310090783276e-01,-5.015126704701180493e-01,2.553100119532395462e-01,-1.200596009346460435e-01,-2.080350186080636710e-01,-4.479905273234814911e-01,-9.160548839485270489e-02,-1.612862610211370784e-01,-1.257589722772967933e-01,-3.382846131773649123e-01,1.000000000000000000e+00,-8.125998276876161830e-02,1.731215709043996409e-01,2.117256714179399923e-01,4.789317420109720502e-02,3.754505637835759413e-01,-5.590159094422990638e-01,3.487404544280657825e-01,-4.581437260525795252e-01,-5.205198428009766287e-02,-2.304743584116491703e-02,2.535002448291316934e-01,-5.973729887078554901e-01,-3.332292900510557265e-01,3.532187429009428503e-01,-3.966218236793074836e-01,3.659965020258637569e-01,1.503949319409723651e-01,3.391851800000000861e-01,-4.423581058165546726e-02,-3.609211924363230350e-01,-2.526026656983114682e-01,-2.660428634360747502e-01
7.360450793803268166e-01,4.918845437810667742e-01,3.545662543428229618e-01,-4.729752654197328376e-01,-2.284618280701116722e-01,-4.663146346860829738e-01,-7.474148038615281708e-02,1.489613949527986425e-01,7.116208037173477052e-01,-5.108862709715629169e-01,1.563177735695361059e-01,-7.808367693573516066e-02,2.512363930385211885e-01,-3.647835445185560466e-01,-5.980282769174489754e-01,-3.454869352503151664e-02,-8.125998276876161830e-02,1.000000000000000000e+00,4.960958768550778608e-02,7.898539204886446674e-01,-2.116051591088344563e-01,-3.311663055230326669e-01,-5.623275693326225122e-01,-9.280341581008839935e-02,3.535725680327863607e-01,4.136162425400379261e-01,-7.682967673066573022e-01,-2.785755539696739835e-01,2.698224382679740851e-01,-5.401613479891628211e-01,5.880493947775203845e-01,-5.770118767583494179e-01,4.122470568801734347e-01,3.118847142477672585e-01,6.294538000000000633e-01,-7.285304867125653727e-01,-6.131371817227625476e-01,3.008940864301490326e-01,5.842582873542959687e-01
-3.189365920559075751e-02,-4.167160055438334787e-01,1.041789668592349033e-01,9.120975522244212375e-02,7.329046527657644139e-02,-4.078871514439528778e-01,2.275043432581613442e-02,7.097539712217827701e-02,3.421066938619530401e-02,3.406510984792787688e-01,-1.256343964004235647e-01,-6.472147649531463376e-01,2.674482852633304208e-01,-7.571338733109660435e-01,-3.196579373148578096e-01,-4.444079872951860466e-01,1.731215709043996409e-01,4.960958768550778608e-02,1.000000000000000000e+00,5.698179104483752644e-02,-7.794577821673964735e-01,2.704213686171352826e-01,-3.735877657293246168e-02,6.572439804293425114e-01,-4.206248914065210953e-01,-6.597911254350315169e-02,1.413949334898858545e-01,6.667176206327067867e-01,5.188960488389383896e-02,-5.550771919327951442e-02,-3.257005269915734802e-01,-2.893644175820409559e-01,3.414681614553151667e-01,3.559694555888212042e-01,1.275134799999999569e-01,2.000622559538772077e-02,-7.989687864698837017e-02,-4.806811520078748678e-01,-1.670932552672373672e-01
3.377176172277274735e-01,4.914576704820955988e-01,2.483564370492007956e-01,-6.224969775099589153e-01,-3.433750982401810314e-01,-7.781941444234804495e-01,-4.333781651305294580e-01,8.670824834422087568e-02,9.606833735889779291e-01,-5.870001428879644267e-01,-4.423462046009507542e-02,-3.557050992918883714e-01,3.042452803589612564e-01,-2.644754243993071019e-01,-8.168258228566673829e-01,-3.684733907917936424e-01,2.117256714179399923e-01,7.898539204886446674e-01,5.698179104483752644e-02,1.000000000000000000e+00,-2.643876039777802722e-01,-2.916677686968268679e-01,-8.584195152606426404e-01,8.550557963797916772e-02,1.107544026454588132e-01,3.937029581553582736e-01,-9.052835602373026092e-01,-1.437454283052032600e-01,8.253933808839102049e-02,-8.110870272780842383e-01,8.478438445806018020e-01,-8.974929660466669512e-01,6.306275104962556499e-01,5.376666747512306443e-01,9.213929400000000491e-01,-9.442754551765930593e-01,-9.308775284882833123e-01,1.911103372301457548e-01,3.732762098307435550e-01
1.053412501426122805e-01,5.286104962608896285e-01,-2.906752290141620398e-01,1.829731061224260449e-02,1.428254823917461712e-03,5.507481996754770570e-01,-7.717031921122757127e-03,8.795253293907722217e-03,-2.249258213372516413e-01,-4.061497331943329098e-02,2.995498477020175909e-01,6.960028549476724447e-01,-2.227371246042617325e-01,8.527047181995851544e-01,3.175347142326129246e-01,4.880732988724270638e-01,4.789317420109720502e-02,-2.116051591088344563e-01,-7.794577821673964735e-01,-2.643876039777802722e-01,1.000000000000000000e+00,-2.031558967140373040e-01,1.830330082155666171e-01,-6.933388961361772740e-01,4.506353270259763621e-01,5.909460168694924409e-03,5.884514876042711007e-02,-7.312021314500931624e-01,-2.297718575132975949e-01,2.239057958308898755e-01,2.054244442245070079e-01,4.353794669872508294e-01,-4.283452780043747188e-01,-4.402196002592839719e-01,-3.176331000000000016e-01,2.514951153014487462e-01,2.678370695719091699e-01,4.360752765187144719e-01,-1.881701914100839257e-01
-2.652819179701627061e-01,-6.028684316634594920e-01,-3.147411283214258670e-01,7.013941898105727768e-01,6.234629180131924242e-01,6.082909850056038292e-02,-5.016880574174961138e-01,-7.969835187938313359e-01,-2.236765309220833942e-01,5.144129981528645645e-01,-7.310797236378712149e-01,-5.764969300677782460e-01,-7.686214853657786783e-01,-2.450475768176565428e-01,1.901233359082426522e-01,-3.088204581894622991e-01,3.754505637835759413e-01,-3.311663055230326669e-01,2.704213686171352826e-01,-2.916677686968268679e-01,-2.031558967140373040e-01,1.000000000000000000e+00,-8.294880414724037365e-02,7.471068071056167215e-01,-7.540662758326267534e-01,-6.328153150166706542e-01,6.053063388525099509e-01,7.198883791112702379e-01,-1.864237616892621685e-01,-1.113621636179488728e-01,-2.875057916525914914e-01,1.879650789468275685e-01,-2.384091142351475734e-01,-6.090961902248532844e-01,-6.123630000000002127e-02,4.050537501628757586e-01,1.625984603849087717e-01,-8.187003986651845144e-01,-2.824029266346988476e-01
-1.738987563804303971e-01,-2.974067497363695467e-01,-2.032830378430844909e-01,4.316510097729037154e-01,1.319150332842000117e-01,6.734296699769454220e-01,7.072081268668356513e-01,3.505665435935547136e-01,-8.695029925440207474e-01,4.116518781820085460e-01,2.517490833242790882e-01,5.158255558995049617e-01,-5.346153331063200481e-02,2.800738846294401618e-01,6.423548380987518236e-01,4.287435669581786124e-01,-5.590159094422990638e-01,-5.623275693326225122e-01,-3.735877657293246168e-02,-8.584195152606426404e-01,1.830330082155666171e-01,-8.294880414724037365e-02,1.000000000000000000e+00,-2.924509703849096365e-01,1.941650371865543678e-01,-1.928748448183524866e-01,6.775090642755527970e-01,-1.013582576844150318e-01,2.033364444830715323e-01,8.430664664197204949e-01,-8.318266101332394413e-01,8.323060617901137936e-01,-5.841016323615886296e-01,-3.132988021337436702e-01,-8.924691000000000152e-01,7.614641357519098541e-01,8.822458185956794097e-01,4.903102720151497618e-02,-2.181286439311109215e-01
-3.089446313363432006e-01,-5.173041686711428166e-01,-2.624517240593569056e-01,4.697747856009179546e-01,4.890968603458746289e-01,-4.873040486852598385e-01,-5.624214977777491908e-01,-5.035390819591180067e-01,1.652794715262286551e-01,4.085974653396273748e-01,-7.611535509814391087e-01,-9.484111907073653480e-01,-3.922540297373522389e-01,-6.102515597719087026e-01,-2.541523402009831512e-01,-7.712121232181292640e-01,3.487404544280657825e-01,-9.280341581008839935e-02,6.572439804293425114e-01,8.550557963797916772e-02,-6.933388961361772740e-01,7.471068071056167215e-01,-2.924509703849096365e-01,1.000000000000000000e+00,-8.660103943044615837e-01,-5.811849202982277696e-01,2.798017947594242383e-01,8.882671263150150320e-01,1.400816904534155638e-01,-4.331020763613537827e-01,-1.502298446923464037e-01,-3.096648061533238683e-01,4.114670368791174121e-02,-2.559373305048580349e-02,3.439048000000000105e-01,-1.532865411185892895e-02,-1.823294662988688142e-01,-9.187564669463634814e-01,-2.018179050762654858e-01
5.741955291289333463e-01,5.999735202772803477e-01,3.439201211368559385e-01,-4.598548816991127053e-01,-3.878748200539555713e-01,3.431105385220730719e-01,5.939364080243757504e-01,5.892892099181363808e-01,2.441521249504515455e-04,-3.391349715660486042e-01,7.700264329622559245e-01,8.001789956353058120e-01,4.722665859846232883e-01,4.094057926279732751e-01,-3.642823993487111223e-02,6.660160811916667756e-01,-4.581437260525795252e-01,3.535725680327863607e-01,-4.206248914065210953e-01,1.107544026454588132e-01,4.506353270259763621e-01,-7.540662758326267534e-01,1.941650371865543678e-01,-8.660103943044615837e-01,1.000000000000000000e+00,6.152232051053855288e-01,-4.185219508066425620e-01,-7.939012462524290825e-01,8.964209755933813528e-02,2.847335304448986859e-01,1.665141542279393871e-01,1.789187521110226220e-01,2.434443782476264015e-02,7.594484709775428666e-02,-1.845596800000000037e-01,-1.642552596791885533e-01,7.220841785283733938e-02,8.453012715057074411e-01,2.332605753942543214e-01
3.389048667775862445e-01,1.899086248494971652e-01,7.473644853943918198e-01,-8.880025182346670265e-01,-8.647525797683806026e-01,-6.202083740976269133e-02,4.594300267008437078e-01,4.596518800989991549e-01,2.456825666644312234e-01,-6.566609845112831856e-01,6.454161441440658953e-01,4.232883276565916342e-01,7.377610579034630245e-01,-5.276282051918895766e-02,-1.743594847129973091e-01,5.129458962620242479e-01,-5.205198428009766287e-02,4.136162425400379261e-01,-6.597911254350315169e-02,3.937029581553582736e-01,5.909460168694924409e-03,-6.328153150166706542e-01,-1.928748448183524866e-01,-5.811849202982277696e-01,6.152232051053855288e-01,1.000000000000000000e+00,-6.253838021452510221e-01,-4.241502300714811158e-01,-4.098780629581475488e-01,1.419193243777193691e-01,3.354798194330524952e-01,-2.865305117783380484e-01,7.467207816890751859e-01,5.142144581319789687e-01,1.123298999999999825e-01,-3.944596984992441158e-01,-3.810062350099650552e-01,8.422420363454866665e-01,4.542253904095903128e-01
-4.392148357166300032e-01,-6.439384679131838762e-01,-3.178367773213127134e-01,8.116891136711084087e-01,5.876382219337479285e-01,6.209826270410798710e-01,1.730094895590123250e-01,-3.785536240698598731e-01,-8.743841984109600451e-01,6.716650117518437879e-01,-2.115823184241388544e-01,4.824624957577143894e-03,-4.994017865436783943e-01,4.799221787205184414e-02,7.267552062540244551e-01,1.193574773711699732e-01,-2.304743584116491703e-02,-7.682967673066573022e-01,1.413949334898858545e-01,-9.052835602373026092e-01,5.884514876042711007e-02,6.053063388525099509e-01,6.775090642755527970e-01,2.798017947594242383e-01,-4.185219508066425620e-01,-6.253838021452510221e-01,1.000000000000000000e+00,4.399393375703976594e-01,-8.920573089375087583e-02,6.210911900397861896e-01,-8.548554294606747206e-01,7.756584324470724434e-01,-6.098671444097045757e-01,-6.088837318475297522e-01,-7.722403399999999696e-01,9.386563141068925420e-01,8.495498262738382378e-01,-5.268597694694840960e-01,-4.463127637200742237e-01
-3.900443563819711024e-01,-7.781491960580184664e-01,-7.012234489888392007e-03,4.317110174594164240e-01,4.104472802487419414e-01,-2.115872084715020029e-01,-2.659414533498073441e-01,-5.205361044586442887e-01,-1.183345785702044628e-01,4.664507844519134583e-01,-6.085516819864441596e-01,-7.615989713590476384e-01,-2.424272760850402220e-01,-6.788969484403534205e-01,4.660477419710347402e-02,-5.074327205579922673e-01,2.535002448291316934e-01,-2.785755539696739835e-01,6.667176206327067867e-01,-1.437454283052032600e-01,-7.312021314500931624e-01,7.198883791112702379e-01,-1.013582576844150318e-01,8.882671263150150320e-01,-7.939012462524290825e-01,-4.241502300714811158e-01,4.399393375703976594e-01,1.000000000000000000e+00,-3.064449292813458889e-02,-1.040833505463107378e-01,-4.087759680791805961e-01,-7.357409773870746128e-02,7.606781001995764624e-02,-4.368567339770249025e-02,5.864405999999999786e-02,2.021775865659092841e-01,3.574688005841907684e-02,-7.926369761241964795e-01,-1.419214024256050810e-01
2.144389939006441925e-01,2.886283923622953163e-01,-4.274074670319685243e-01,3.205083770799856402e-01,3.755149555180571364e-01,-2.148066233118955670e-01,3.162214378222340250e-02,3.436429735716552969e-01,1.651658424378684709e-01,2.469009329355285332e-01,-2.301475657524388874e-01,-1.155217997185169210e-01,-1.291864310695016171e-01,-5.315059331191732822e-02,-3.066159755205261073e-01,-3.928242887205229961e-01,-5.973729887078554901e-01,2.698224382679740851e-01,5.188960488389383896e-02,8.253933808839102049e-02,-2.297718575132975949e-01,-1.864237616892621685e-01,2.033364444830715323e-01,1.400816904534155638e-01,8.964209755933813528e-02,-4.098780629581475488e-01,-8.920573089375087583e-02,-3.064449292813458889e-02,1.000000000000000000e+00,-2.650341837724847771e-01,-8.741544452221558514e-02,-1.231634922660177107e-02,-4.964541128001828119e-01,2.625194480777388872e-02,1.610815800000000575e-01,-2.289493706389834071e-01,5.868398472021005979e-02,-2.525160264451875580e-01,1.262846809557033878e-01
-1.724912179504282939e-01,-4.121519927696264962e-01,2.443315843671806098e-01,1.778129089677592256e-01,-6.332430915056658227e-02,8.195011954372064533e-01,8.212880441572472101e-01,1.812067289219053967e-01,-9.133214663130105881e-01,1.948874637884385197e-01,5.294461887400695455e-01,6.378447161792109021e-01,1.577118267189011880e-01,1.815663720246524782e-01,7.905935718178556115e-01,7.285486598412623804e-01,-3.332292900510557265e-01,-5.401613479891628211e-01,-5.550771919327951442e-02,-8.110870272780842383e-01,2.239057958308898755e-01,-1.113621636179488728e-01,8.430664664197204949e-01,-4.331020763613537827e-01,2.847335304448986859e-01,1.419193243777193691e-01,6.210911900397861896e-01,-1.040833505463107378e-01,-2.650341837724847771e-01,1.000000000000000000e+00,-7.839061582959218066e-01,8.085405850854846532e-01,-2.508443337718415656e-01,-2.514913892219939329e-01,-9.582007200000000058e-01,8.009064003792553121e-01,8.368541695280079518e-01,2.954636428675787574e-01,-1.049742325630417805e-01
2.973487755094841312e-01,6.787530641356886996e-01,2.344005037149754500e-02,-6.051822095334533635e-01,-3.739925194702619637e-01,-5.962127407263414502e-01,-5.827886057180967638e-01,2.442763188452334866e-02,8.905568095139422269e-01,-5.714760185707199458e-01,-6.020897481800208118e-02,-1.272643990080433163e-01,1.223591802068423467e-01,1.643130773710335668e-01,-6.632722999880678039e-01,-2.524994685859327515e-01,3.532187429009428503e-01,5.880493947775203845e-01,-3.257005269915734802e-01,8.478438445806018020e-01,2.054244442245070079e-01,-2.875057916525914914e-01,-8.318266101332394413e-01,-1.502298446923464037e-01,1.665141542279393871e-01,3.354798194330524952e-01,-8.548554294606747206e-01,-4.087759680791805961e-01,-8.741544452221558514e-02,-7.839061582959218066e-01,1.000000000000000000e+00,-7.500687483606637285e-01,4.438225273607318000e-01,3.370475113740072359e-01,8.340103800000000511e-01,-8.395547676682457716e-01,-8.694233199880181395e-01,3.042978766004920121e-01,2.200429361131835126e-01
-9.918259605948523405e-02,-3.051582859315953300e-01,-1.635434353275160846e-01,5.874586359852725925e-01,3.832279399824379817e-01,9.333117038384032282e-01,5.196525841003984958e-01,-9.416806067170092887e-02,-9.227270642871227002e-01,4.793201301289799487e-01,1.601910822011197444e-01,5.876402177158016604e-01,-3.498627288526678369e-01,3.775520051957174661e-01,8.182231698195554515e-01,5.990574929681478089e-01,-3.966218236793074836e-01,-5.770118767583494179e-01,-2.893644175820409559e-01,-8.974929660466669512e-01,4.353794669872508294e-01,1.879650789468275685e-01,8.323060617901137936e-01,-3.096648061533238683e-01,1.789187521110226220e-01,-2.865305117783380484e-01,7.756584324470724434e-01,-7.357409773870746128e-02,-1.231634922660177107e-02,8.085405850854846532e-01,-7.500687483606637285e-01,1.000000000000000000e+00,-7.130550981331349458e-01,-7.086268537740895157e-01,-9.327819400000000316e-01,8.748855822946083327e-01,9.361824479699194512e-01,8.444771693591313078e-03,-2.006244298264865389e-01
6.457667125210844739e-02,-6.200834880040308889e-02,6.771975272837056359e-01,-7.916121416289038093e-01,-7.137676078164569837e-01,-5.381777388901544112e-01,-1.692621096492022761e-02,1.254928266135987014e-01,5.249206739464580274e-01,-6.063168654480345365e-01,2.326314766757639207e-01,-2.488689233886264285e-01,6.124193345417336953e-01,-4.451166544924216595e-01,-4.378989309540105013e-01,-3.155011405091778798e-02,3.659965020258637569e-01,4.122470568801734347e-01,3.414681614553151667e-01,6.306275104962556499e-01,-4.283452780043747188e-01,-2.384091142351475734e-01,-5.841016323615886296e-01,4.114670368791174121e-02,2.434443782476264015e-02,7.467207816890751859e-01,-6.098671444097045757e-01,7.606781001995764624e-02,-4.964541128001828119e-01,-2.508443337718415656e-01,4.438225273607318000e-01,-7.130550981331349458e-01,1.000000000000000000e+00,6.857648787405405955e-01,4.975111999999999313e-01,-5.560900947180635878e-01,-6.967186975028765161e-01,3.421190872407733341e-01,3.251550787830439493e-01
-2.767623673541330653e-02,1.841355901991690303e-01,3.422076251943022007e-01,-7.453584188244909425e-01,-6.553729262886962559e-01,-6.506459489568865440e-01,9.025786109594055584e-02,5.311881069350754547e-01,5.055466858592004842e-01,-4.842032125925055386e-01,2.862149649787458783e-01,-2.020948040356134734e-01,8.090696308504623513e-01,-3.588620747728052951e-01,-4.759823744086982833e-01,-3.125168000858061235e-01,1.503949319409723651e-01,3.118847142477672585e-01,3.559694555888212042e-01,5.376666747512306443e-01,-4.402196002592839719e-01,-6.090961902248532844e-01,-3.132988021337436702e-01,-2.559373305048580349e-02,7.594484709775428666e-02,5.142144581319789687e-01,-6.088837318475297522e-01,-4.368567339770249025e-02,2.625194480777388872e-02,-2.514913892219939329e-01,3.370475113740072359e-01,-7.086268537740895157e-01,6.857648787405405955e-01,1.000000000000000000e+00,4.729638400000000242e-01,-5.825412099833826574e-01,-5.509106680210741347e-01,3.028377477905038750e-01,2.021791324277077695e-01
1.937468600000000762e-01,4.067579199999999950e-01,-2.084432000000002727e-02,-4.210998999999999715e-01,-1.753397799999999451e-01,-8.932515800000000450e-01,-6.886121199999999387e-01,-4.477671999999999208e-02,9.802928200000000647e-01,-3.726922000000000290e-01,-3.554682399999999909e-01,-5.959008599999999767e-01,9.279538000000009390e-02,-2.723506199999999877e-01,-8.493954599999999910e-01,-6.524025399999999753e-01,3.391851800000000861e-01,6.294538000000000633e-01,1.275134799999999569e-01,9.213929400000000491e-01,-3.176331000000000016e-01,-6.123630000000002127e-02,-8.924691000000000152e-01,3.439048000000000105e-01,-1.845596800000000037e-01,1.123298999999999825e-01,-7.722403399999999696e-01,5.864405999999999786e-02,1.610815800000000575e-01,-9.582007200000000058e-01,8.340103800000000511e-01,-9.327819400000000316e-01,4.975111999999999313e-01,4.729638400000000242e-01,1.000000000000000000e+00,-9.080075600000000469e-01,-9.447959200000000113e-01,-1.137327000000000199e-01,2.143275399999999831e-01
-2.965426477485492152e-01,-5.313509092477604057e-01,-1.712634164262013536e-01,6.338122913723589491e-01,4.019251296820160468e-01,7.878131247468670439e-01,3.750455627125512947e-01,-2.462403517209457993e-01,-9.582032247207400433e-01,5.514297976266518964e-01,7.004155553210250629e-02,2.885433774667889306e-01,-3.353453996666172499e-01,1.527324346344140493e-01,8.329923172448463475e-01,3.947045027014980390e-01,-4.423581058165546726e-02,-7.285304867125653727e-01,2.000622559538772077e-02,-9.442754551765930593e-01,2.514951153014487462e-01,4.050537501628757586e-01,7.614641357519098541e-01,-1.532865411185892895e-02,-1.642552596791885533e-01,-3.944596984992441158e-01,9.386563141068925420e-01,2.021775865659092841e-01,-2.289493706389834071e-01,8.009064003792553121e-01,-8.395547676682457716e-01,8.748855822946083327e-01,-5.560900947180635878e-01,-5.825412099833826574e-01,-9.080075600000000469e-01,1.000000000000000000e+00,9.170792646293133288e-01,-2.361404417253247512e-01,-3.968507863430304483e-01
-1.759543541409708256e-01,-3.624674892792461578e-01,-1.535777202537164099e-01,6.300011620475883811e-01,4.389002278535993895e-01,8.446199497380723065e-01,5.578858765799046271e-01,-4.113576171545474391e-02,-9.523573063166328456e-01,5.281590052671411017e-01,2.149098535591527637e-01,4.573221060957113893e-01,-2.287959057402617624e-01,2.260789405076840397e-01,8.113071990728968341e-01,4.675334294581129368e-01,-3.609211924363230350e-01,-6.131371817227625476e-01,-7.989687864698837017e-02,-9.308775284882833123e-01,2.678370695719091699e-01,1.625984603849087717e-01,8.822458185956794097e-01,-1.823294662988688142e-01,7.220841785283733938e-02,-3.810062350099650552e-01,8.495498262738382378e-01,3.574688005841907684e-02,5.868398472021005979e-02,8.368541695280079518e-01,-8.694233199880181395e-01,9.361824479699194512e-01,-6.967186975028765161e-01,-5.509106680210741347e-01,-9.447959200000000113e-01,9.170792646293133288e-01,1.000000000000000000e+00,-1.057082725561864639e-01,-3.056419833494129490e-01
3.460003658548340688e-01,4.605530810128322106e-01,5.366316861420040718e-01,-7.487755113101975946e-01,-7.223814656269883505e-01,2.388074705859172253e-01,5.524875414243494154e-01,5.353594902509946074e-01,6.724333321353181958e-02,-6.295329463790504398e-01,8.002879919663744568e-01,7.939884281742055627e-01,6.175287377430221936e-01,3.577621253785143729e-01,5.413419750944459263e-02,7.094859468793554003e-01,-2.526026656983114682e-01,3.008940864301490326e-01,-4.806811520078748678e-01,1.911103372301457548e-01,4.360752765187144719e-01,-8.187003986651845144e-01,4.903102720151497618e-02,-9.187564669463634814e-01,8.453012715057074411e-01,8.422420363454866665e-01,-5.268597694694840960e-01,-7.926369761241964795e-01,-2.525160264451875580e-01,2.954636428675787574e-01,3.042978766004920121e-01,8.444771693591313078e-03,3.421190872407733341e-01,3.028377477905038750e-01,-1.137327000000000199e-01,-2.361404417253247512e-01,-1.057082725561864639e-01,1.000000000000000000e+00,3.838470194260412693e-01
2.100232829463666573e-01,3.213465798352656277e-02,4.742324899900700053e-01,-3.612814089904251014e-01,-2.784427850965935369e-01,-7.802790168976213303e-02,2.171158640971005693e-01,1.288889090240250002e-02,2.754869349689118563e-01,-5.413433783910187591e-01,1.118529361339125339e-01,1.541668096142841116e-01,1.580261192249778901e-01,-2.524615244156014904e-01,-1.037217142237991940e-01,2.286958744990459091e-01,-2.660428634360747502e-01,5.842582873542959687e-01,-1.670932552672373672e-01,3.732762098307435550e-01,-1.881701914100839257e-01,-2.824029266346988476e-01,-2.181286439311109215e-01,-2.018179050762654858e-01,2.332605753942543214e-01,4.542253904095903128e-01,-4.463127637200742237e-01,-1.419214024256050810e-01,1.262846809557033878e-01,-1.049742325630417805e-01,2.200429361131835126e-01,-2.006244298264865389e-01,3.251550787830439493e-01,2.021791324277077695e-01,2.143275399999999831e-01,-3.968507863430304483e-01,-3.056419833494129490e-01,3.838470194260412693e-01,1.000000000000000000e+00
