1.0,-0.54815394288908337,-0.1189242195443336,0.34008480617363274,-0.019502003578111438,0.5784874164373619,0.3240816423296049,0.50566946024829296,-0.083785170706123721,-0.37491339543484442,0.44233670049882551,0.22275548328407879,0.31064818878666101,0.35964243131643492,0.67283494605108374,-0.19622257813356292,0.42987658636195547,-0.24433026457400389,0.2515772529994012,-0.13310246922521879,0.27517063279399417,-0.34612426492224219,0.038221154584550832,-0.34958304994753381,-0.20128643704219545,-0.59122072993506947,0.51588425663684656,-0.014483737540161148,-0.11133283369773843,0.11151892909658206,-0.33241224000000003,0.11779560384182824,-0.41042027326444902,-0.57439558658540113,-0.13584780214000336,0.099578310842122431,0.51611526563562671,0.23985787858341981,0.21463020778296679
-0.54815394288908337,1.0,0.21276023602017577,-0.51679966883922202,-0.043453014339207174,-0.7474635267068378,-0.53875508897332192,-0.59108587927852485,0.61445794000446208,0.80781347893305233,-0.71872160265148644,-0.19634768624384369,-0.099561581538044563,0.14544585272437499,-0.78401427300887472,0.0038987477412721887,-0.34999746992113495,0.6145381915152327,-0.34495071529090054,0.3141598384963506,-0.68993597085311043,0.7096102055739425,-0.25306532564810041,0.50413351017575936,-0.50384128538456663,0.79307496726946003,-0.44756888534437966,0.035995522504359313,0.35413892501253785,-0.54096334979419813,0.63109189999999993,-0.64320624154352823,0.68161626927635166,-0.092568677548976158,0.15041080652772346,-0.568777781089294,-0.76532302646209094,0.21202955017379863,-0.55225736611416854
-0.1189242195443336,0.21276023602017577,1.0,-0.62669775767523506,0.30592223727285683,-0.083180400173123309,0.52520529448260544,0.14387899404773952,-0.3820248945897774,0.31372092325624373,-0.51778807187877929,-0.5922367216883232,-0.70699461021318033,-0.58139141055128829,-0.10153706629897855,-0.097501637441656894,0.44198434966103195,-0.37254010398323201,0.10307777721472978,-0.65655309131015049,-0.0070690984977344919,0.087408726130253966,0.37866038428096715,-0.079507524795525669,-0.13656552944229838,0.59559401328794359,0.072511913763017591,-0.39341434524503743,-0.62893601776899111,0.50685104643745271,-0.31220183999999995,-0.32267674241696082,-0.31099733945867303,-0.15980999861933429,0.42421712833363029,0.51939068994028315,0.10525180582492204,0.57854182041389757,0.28714773411005479
0.34008480617363274,-0.51679966883922202,-0.62669775767523506,1.0,-0.2583440528312298,0.69811554571509338,-0.26699288294269785,0.49321529213470466,-0.17465195757179111,-0.73538554567446579,0.84759491846545809,-0.064338238403248149,0.18213205402453081,0.1874472027568975,0.29065305526859375,-0.48765017290954005,0.26060769161424446,-0.35752227533747821,0.66622466452159745,0.46733282487248279,0.46816187597534747,-0.74148883748427363,-0.27590133843767772,0.28312969256835407,0.389750767632142,-0.656795330369495,0.37259639534702382,-0.096249886831313816,-0.11925208078981524,-0.090216275469735707,-0.44273971999999995,0.59712573549778036,-0.37867739660542549,0.21118612536934556,0.25062594390264126,0.1035155802496924,0.52455769840858202,-0.26512778014665611,0.35725608153572219
-0.019502003578111438,-0.043453014339207174,0.30592223727285683,-0.2583440528312298,1.0,-0.27604792395282823,0.29676933762507929,0.17444869448565958,-0.35302481840521438,0.012175565539397359,0.11847737738198361,-0.13825209644912706,-0.3154404715214128,-0.075723470802655402,-0.05126810753839954,0.38711067655545439,0.19249007467037477,-0.2306365746361001,-0.070697566153856306,-0.54898707883833497,-0.14995682217100961,-0.019014373203787412,0.36215333274401679,-0.30698616140050267,-0.160607758679297,0.2841902673324086,-0.055411502808733887,-0.64114653584204817,-0.23407417019082813,0.4980997957580966,-0.12017443999999999,0.39835878032357558,-0.034559948724348533,-0.057153189509259628,-0.040790467475128628,0.2324410037737272,0.069569751613545033,-0.015982274033235433,-0.33088629827210236
0.5784874164373619,-0.7474635267068378,-0.083180400173123309,0.69811554571509338,-0.27604792395282823,1.0,0.39771629747133663,0.77850387490401807,-0.60288558430735417,-0.79354122701324081,0.63707233606894986,-0.20454273982023741,-0.10592112222082123,-0.19816756845329714,0.70772145805888276,-0.5658136565367794,0.652382764221204,-0.76349825978408858,0.75828595504084007,-0.10070607004292384,0.74611480669500829,-0.89797157520943716,0.12595165933308128,-0.081674316007770212,0.46033675089923659,-0.6992917653985965,0.63367025440731228,-0.089124517184109631,-0.5936423475699093,0.41591019654844469,-0.84010198000000003,0.51061634274331946,-0.87473277403780825,0.083041861802544872,0.37181399992976,0.61289838327288537,0.88789785262578191,0.01715464358710846,0.84875929422020446
0.3240816423296049,-0.53875508897332192,0.52520529448260544,-0.26699288294269785,0.29676933762507929,0.39771629747133663,1.0,0.50191001371311139,-0.73840296447584264,-0.37088584695377458,0.052244734460984224,0.0014442510742674886,-0.32512097483070856,-0.52067006042438724,0.72877109703907839,0.18634856235047415,0.49474380688485542,-0.63315278858892032,0.048332193380896407,-0.92102126018578678,0.51352050480903888,-0.36257469063427139,0.72033698424681558,-0.76032103183503474,0.18546899290026503,-0.25790585152920953,0.37772128661212262,-0.10057580810423067,-0.62278972700196988,0.84436323251904466,-0.59710434000000001,0.26331208629796871,-0.69401319203670786,-0.16707067727510505,-0.034295974014114883,0.78730749548220069,0.63209377928908106,0.15019131495234672,0.54515718048621531
0.50566946024829296,-0.59108587927852485,0.14387899404773952,0.49321529213470466,0.17444869448565958,0.77850387490401807,0.50191001371311139,1.0,-0.65797332762462257,-0.75705601997106109,0.6070891225222953,-0.40743012824046743,-0.43670123972089081,-0.39537233704331659,0.66035016325343854,-0.508085461045931,0.91150622083517485,-0.81730172299011095,0.7104258871501995,-0.41472084042167751,0.6168184823506434,-0.84981665839428544,0.44438031951334556,-0.093234106674885353,0.045150761069875457,-0.38746437803679878,0.86314787240258817,-0.511157787457306,-0.76820916648966231,0.484092792056941,-0.87882934000000001,0.54064237262382742,-0.84438697215613123,-0.082997380213826757,0.4660501110989384,0.66979230561651981,0.93707092997340147,-0.069616950720048504,0.65552050493134195
-0.083785170706123721,0.61445794000446208,-0.3820248945897774,-0.17465195757179111,-0.35302481840521438,-0.60288558430735417,-0.73840296447584264,-0.65797332762462257,1.0,0.59774107382316422,-0.38947589784541009,0.38912945900263357,0.55981590372003087,0.63335446109615579,-0.50287611162899981,0.13619008383393622,-0.61172428930951084,0.93001706813630614,-0.53908100561125738,0.65369812342333578,-0.58069944841947085,0.75557324878170817,-0.4734599494230266,0.33666850309941465,-0.58770068007368226,0.2472342656223874,-0.33510188329813667,0.42953733088599855,0.84478182623469367,-0.93696721139588612,0.8717287199999999,-0.68235672950460358,0.86534053456241478,-0.34728384613541535,-0.35530040526072043,-0.94697195557674363,-0.77513580330286047,0.0019060535182776554,-0.72706449941269757
-0.37491339543484442,0.80781347893305233,0.31372092325624373,-0.73538554567446579,0.012175565539397359,-0.79354122701324081,-0.37088584695377458,-0.75705601997106109,0.59774107382316422,1.0,-0.85733881845050364,0.0079532399383980545,0.035351732406191744,0.25677695346387724,-0.72618668071772674,0.21111548436296532,-0.49200410004532619,0.68132836646550343,-0.53149340005416112,0.18940753673584762,-0.81203321552151275,0.88364310032885884,-0.28490991714078573,0.25476361681623022,-0.44756302742464271,0.74466676419698785,-0.62480357377145856,0.12322309367758005,0.46451285736890269,-0.40607318934390513,0.73458412000000006,-0.76240002068646406,0.71526039917002393,-0.11518687959688591,-0.12774175500039822,-0.58685855176125934,-0.86606690056609725,0.303105354388707,-0.6091131273841619
0.44233670049882551,-0.71872160265148644,-0.51778807187877929,0.84759491846545809,0.11847737738198361,0.63707233606894986,0.052244734460984224,0.6070891225222953,-0.38947589784541009,-0.85733881845050364,1.0,0.028320041441581179,0.11521868344200686,0.061989333015314924,0.48323475788802145,-0.19211016762186223,0.33810915433083499,-0.49074699080525036,0.5344076669639346,0.07597857127568379,0.47185779093326646,-0.76982119531539295,-0.079705561443307663,-0.08703956334682153,0.34991323785942074,-0.67939722839034156,0.44187741111442458,-0.27939787389215553,-0.23208337209620927,0.20660592625485724,-0.53805609999999993,0.77658696258496429,-0.47208992759032264,0.089392496149096917,0.025671868772969248,0.3068963554609927,0.66260296616445868,-0.25382643229131657,0.29800649980018512
0.22275548328407879,-0.19634768624384369,-0.5922367216883232,-0.064338238403248149,-0.13825209644912706,-0.20454273982023741,0.0014442510742674886,-0.40743012824046743,0.38912945900263357,0.0079532399383980545,0.028320041441581179,1.0,0.7787852446030461,0.50800075403883671,0.31708710421766539,0.70194535829336524,-0.6493363908856602,0.55675911493689734,-0.71723079931092559,0.094161138210146822,-0.028892085258354405,0.36036334588787855,0.07103455339364606,-0.60669195293616995,-0.029905837615318287,-0.51681151182704588,-0.27835022512853735,0.66615520139739093,0.73766642395828319,-0.25144582750362232,0.54139987999999994,-0.046421880967460916,0.42018451023961589,-0.24142879637267489,-0.86100822289547208,-0.44216642073601853,-0.27371985071058602,-0.34458253678734307,-0.43296941929890037
0.31064818878666101,-0.099561581538044563,-0.70699461021318033,0.18213205402453081,-0.3154404715214128,-0.10592112222082123,-0.32512097483070856,-0.43670123972089081,0.55981590372003087,0.035351732406191744,0.11521868344200686,0.7787852446030461,1.0,0.82652016617029489,0.1122410949240315,0.289200276579682,-0.55764144534700011,0.55739634635340174,-0.41146648602489777,0.4879761882884065,-0.068712209130616625,0.28562193031175215,-0.41178035142020297,-0.19946112376076616,-0.065125584267449355,-0.50497872598378335,-0.24200685781850931,0.70718293567409563,0.76577379384765043,-0.47420632784410205,0.52469327999999993,-0.058978409502793316,0.42640534671024993,-0.2587195842739074,-0.67618876087060398,-0.62842550415750709,-0.32866056690819151,-0.10500226532915592,-0.40607123596934525
0.35964243131643492,0.14544585272437499,-0.58139141055128829,0.1874472027568975,-0.075723470802655402,-0.19816756845329714,-0.52067006042438724,-0.39537233704331659,0.63335446109615579,0.25677695346387724,0.061989333015314924,0.50800075403883671,0.82652016617029489,1.0,-0.15639890457459407,0.093151468570361384,-0.41673603507662016,0.56625082247712766,-0.22957100970499481,0.59165881095747375,-0.35987375316894393,0.32135670274824613,-0.53705466368969224,0.076860114387788461,-0.28396073567645946,-0.24319334028019113,-0.31197393376553867,0.37572363812809806,0.71522741822140579,-0.53753866908982617,0.54074672000000001,-0.10441114308631444,0.50185717629335425,-0.31538317591945703,-0.39543136780283872,-0.75384082005351138,-0.42677458964110832,0.067538307083848628,-0.58483899969079112
0.67283494605108374,-0.78401427300887472,-0.10153706629897855,0.29065305526859375,-0.05126810753839954,0.70772145805888276,0.72877109703907839,0.66035016325343854,-0.50287611162899981,-0.72618668071772674,0.48323475788802145,0.31708710421766539,0.1122410949240315,-0.15639890457459407,1.0,0.014527743809299594,0.45512562332553563,-0.51146673130498277,0.16394993322495546,-0.49950987760641513,0.69241942389039002,-0.58347188231704084,0.53491693824675079,-0.67786485940716334,0.16732757817988417,-0.78274259740342389,0.63177112787992151,0.13723081417286231,-0.34631985913045565,0.47738430010194066,-0.57098490000000002,0.4266758511633883,-0.68193476939369946,-0.24534249607616734,-0.18086854089325682,0.51960261754048198,0.78756213530691188,-0.15368218898616798,0.54893140762895976
-0.19622257813356292,0.0038987477412721887,-0.097501637441656894,-0.48765017290954005,0.38711067655545439,-0.5658136565367794,0.18634856235047415,-0.508085461045931,0.13619008383393622,0.21111548436296532,-0.19211016762186223,0.70194535829336524,0.289200276579682,0.093151468570361384,0.014527743809299594,1.0,-0.65071490022963008,0.43245918395139693,-0.84319181861074188,-0.3183924197151532,-0.17274838040877186,0.51575660389941114,0.31045209374709698,-0.68881605945513935,0.0084361828952573825,0.0023498705607565488,-0.51505742885018724,0.26292546202292211,0.486338579332316,0.096877357378689952,0.51444651999999991,-0.036101656928468361,0.46959467869622379,-0.11556582185424406,-0.74157954969778572,-0.16725930008875761,-0.39690891126966671,-0.21810861585497415,-0.55594694844193271
0.42987658636195547,-0.34999746992113495,0.44198434966103195,0.26060769161424446,0.19249007467037477,0.652382764221204,0.49474380688485542,0.91150622083517485,-0.61172428930951084,-0.49200410004532619,0.33810915433083499,-0.6493363908856602,-0.55764144534700011,-0.41673603507662016,0.45512562332553563,-0.65071490022963008,1.0,-0.81159088835004622,0.74976539869226133,-0.4498565049630559,0.45547608561512865,-0.70370529152030403,0.34555135727300096,0.057929131604309271,-0.097098421422326386,-0.090866680959094739,0.80678630724797806,-0.57291032498357541,-0.86747660700405693,0.48745563106408785,-0.85365037999999993,0.31625946694581897,-0.81924320092128333,-0.16016331197606193,0.62677744061292129,0.65877751466920043,0.80985526767977145,0.2288947050335057,0.65405461839256107
-0.24433026457400389,0.6145381915152327,-0.37254010398323201,-0.35752227533747821,-0.2306365746361001,-0.76349825978408858,-0.63315278858892032,-0.81730172299011095,0.93001706813630614,0.68132836646550343,-0.49074699080525036,0.55675911493689734,0.55739634635340174,0.56625082247712766,-0.51146673130498277,0.43245918395139693,-0.81159088835004622,1.0,-0.76736487960565214,0.51716213478754458,-0.65655614287980113,0.87756712304853313,-0.34858563432705708,0.13369464653575128,-0.47296193334175018,0.27380785470006885,-0.5467305247066292,0.4913517674740453,0.93174376495803635,-0.81004852106586811,0.9844734799999999,-0.63318386209581379,0.9577922721198302,-0.21717923191609989,-0.53886664148663421,-0.92371498778025507,-0.88818354871787986,-0.12642881556516905,-0.82753396060707973
0.2515772529994012,-0.34495071529090054,0.10307777721472978,0.66622466452159745,-0.070697566153856306,0.75828595504084007,0.048332193380896407,0.7104258871501995,-0.53908100561125738,-0.53149340005416112,0.5344076669639346,-0.71723079931092559,-0.41146648602489777,-0.22957100970499481,0.16394993322495546,-0.84319181861074188,0.74976539869226133,-0.76736487960565214,1.0,0.088085350403613608,0.41389223651846013,-0.83126718302134595,-0.15524718711740504,0.44559774495234816,0.33042092115907007,-0.19551602909302801,0.50799245678619953,-0.49038130945242314,-0.71330960845017322,0.30437090918935589,-0.80937444000000003,0.46316357698532568,-0.73072363898787218,0.24569720596634764,0.74678445115602443,0.51797894944690603,0.67800688930481701,0.18039859348955578,0.69192000802683584
-0.13310246922521879,0.3141598384963506,-0.65655309131015049,0.46733282487248279,-0.54898707883833497,-0.10070607004292384,-0.92102126018578678,-0.41472084042167751,0.65369812342333578,0.18940753673584762,0.07597857127568379,0.094161138210146822,0.4879761882884065,0.59165881095747375,-0.49950987760641513,-0.3183924197151532,-0.4498565049630559,0.51716213478754458,0.088085350403613608,1.0,-0.30787267265811741,0.17102498246245279,-0.78851291829428249,0.69923047741394018,0.019111047631490796,-0.050739057704093392,-0.2948164350382918,0.30504377321325732,0.5933379606007867,-0.79474606115430091,0.45451350000000001,-0.17533466269550801,0.49834318530146893,0.20614220306908654,0.024110563471662405,-0.70833868161355928,-0.45784348885393455,-0.13703093974103769,-0.29957640213829495
0.27517063279399417,-0.68993597085311043,-0.0070690984977344919,0.46816187597534747,-0.14995682217100961,0.74611480669500829,0.51352050480903888,0.6168184823506434,-0.58069944841947085,-0.81203321552151275,0.47185779093326646,-0.028892085258354405,-0.068712209130616625,-0.35987375316894393,0.69241942389039002,-0.17274838040877186,0.45547608561512865,-0.65655614287980113,0.41389223651846013,-0.30787267265811741,1.0,-0.72153148878493212,0.47704338926595469,-0.33009084632687768,0.46952808390142309,-0.63135555241706776,0.55713572487179097,0.063401095808190269,-0.51273351607724904,0.46164784669645459,-0.69545688000000006,0.4825447433495586,-0.72428432006163523,0.0019468237494135688,0.18754758719040959,0.66002623448578424,0.77616346247612411,-0.11187349589647995,0.717091591229717
-0.34612426492224219,0.7096102055739425,0.087408726130253966,-0.74148883748427363,-0.019014373203787412,-0.89797157520943716,-0.36257469063427139,-0.84981665839428544,0.75557324878170817,0.88364310032885884,-0.76982119531539295,0.36036334588787855,0.28562193031175215,0.32135670274824613,-0.58347188231704084,0.51575660389941114,-0.70370529152030403,0.87756712304853313,-0.83126718302134595,0.17102498246245279,-0.72153148878493212,1.0,-0.18665471230394914,0.015621487044719981,-0.51332105701046649,0.57428884766389954,-0.60854859952456164,0.3423170366328902,0.70525565273523538,-0.53565042380036965,0.91437250000000003,-0.76981268987170826,0.87760142867221214,-0.25906983078261231,-0.46652690626898952,-0.70766253227648857,-0.91632080958175843,0.11983580749847772,-0.77167409946137888
0.038221154584550832,-0.25306532564810041,0.37866038428096715,-0.27590133843767772,0.36215333274401679,0.12595165933308128,0.72033698424681558,0.44438031951334556,-0.4734599494230266,-0.28490991714078573,-0.079705561443307663,0.07103455339364606,-0.41178035142020297,-0.53705466368969224,0.53491693824675079,0.31045209374709698,0.34555135727300096,-0.34858563432705708,-0.15524718711740504,-0.78851291829428249,0.47704338926595469,-0.18665471230394914,1.0,-0.59697322407352937,-0.070891661998751465,-0.094679041989018969,0.3787127157034858,-0.15342463200736997,-0.40690596208418894,0.52280821842643221,-0.33398700000000003,0.17854369496868211,-0.36863898081065027,-0.15018858129279972,0.02476931334222332,0.52189312399697851,0.43009764290249586,-0.26171508983656927,0.22950713998774355
-0.34958304994753381,0.50413351017575936,-0.079507524795525669,0.28312969256835407,-0.30698616140050267,-0.081674316007770212,-0.76032103183503474,-0.093234106674885353,0.33666850309941465,0.25476361681623022,-0.08703956334682153,-0.60669195293616995,-0.19946112376076616,0.076860114387788461,-0.67786485940716334,-0.68881605945513935,0.057929131604309271,0.13369464653575128,0.44559774495234816,0.69923047741394018,-0.33009084632687768,0.015621487044719981,-0.59697322407352937,1.0,-0.11269728706337578,0.44446686395357143,-0.030490202372591091,-0.23414704434353845,0.018673374302800232,-0.53445932834538479,0.096338580000000062,-0.20124437914045054,0.21695368771716339,0.33020988638673315,0.5797989385705582,-0.34332932013201672,-0.27321898867487154,0.025914428350951882,-0.045987269262213103
-0.20128643704219545,-0.50384128538456663,-0.13656552944229838,0.389750767632142,-0.160607758679297,0.46033675089923659,0.18546899290026503,0.045150761069875457,-0.58770068007368226,-0.44756302742464271,0.34991323785942074,-0.029905837615318287,-0.065125584267449355,-0.28396073567645946,0.16732757817988417,0.0084361828952573825,-0.097098421422326386,-0.47296193334175018,0.33042092115907007,0.019111047631490796,0.46952808390142309,-0.51332105701046649,-0.070891661998751465,-0.11269728706337578,1.0,-0.40622197010630068,-0.22579100775643007,0.11327682937601535,-0.26419347069822902,0.49593348484477057,-0.41929603999999998,0.55103721651375959,-0.4314167432254542,0.67790491823610077,0.10150887329974828,0.51407410096037576,0.31521513401505741,-0.13922273518234052,0.54312757702716319
-0.59122072993506947,0.79307496726946003,0.59559401328794359,-0.656795330369495,0.2841902673324086,-0.6992917653985965,-0.25790585152920953,-0.38746437803679878,0.2472342656223874,0.74466676419698785,-0.67939722839034156,-0.51681151182704588,-0.50497872598378335,-0.24319334028019113,-0.78274259740342389,0.0023498705607565488,-0.090866680959094739,0.27380785470006885,-0.19551602909302801,-0.050739057704093392,-0.63135555241706776,0.57428884766389954,-0.094679041989018969,0.44446686395357143,-0.40622197010630068,1.0,-0.33269521142560793,-0.36850070696026177,-0.029642337069050728,-0.15603725626509474,0.34335501999999996,-0.5235436431485988,0.43275163972222463,0.055618284725962808,0.28609349609790935,-0.188699010825223,-0.57043392404143245,0.26974739174568102,-0.37893788409570839
0.51588425663684656,-0.44756888534437966,0.072511913763017591,0.37259639534702382,-0.055411502808733887,0.63367025440731228,0.37772128661212262,0.86314787240258817,-0.33510188329813667,-0.62480357377145856,0.44187741111442458,-0.27835022512853735,-0.24200685781850931,-0.31197393376553867,0.63177112787992151,-0.51505742885018724,0.80678630724797806,-0.5467305247066292,0.50799245678619953,-0.2948164350382918,0.55713572487179097,-0.60854859952456164,0.3787127157034858,-0.030490202372591091,-0.22579100775643007,-0.33269521142560793,1.0,-0.31614769101799578,-0.55170881325993304,0.17375133846575755,-0.64338841999999996,0.25147123318640274,-0.63927299932066428,-0.266032888098656,0.26239865803626122,0.41562601430405,0.76515231246968629,-0.11488179561023336,0.53431966578437906
-0.014483737540161148,0.035995522504359313,-0.39341434524503743,-0.096249886831313816,-0.64114653584204817,-0.089124517184109631,-0.10057580810423067,-0.511157787457306,0.42953733088599855,0.12322309367758005,-0.27939787389215553,0.66615520139739093,0.70718293567409563,0.37572363812809806,0.13723081417286231,0.26292546202292211,-0.57291032498357541,0.4913517674740453,-0.49038130945242314,0.30504377321325732,0.063401095808190269,0.3423170366328902,-0.15342463200736997,-0.23414704434353845,0.11327682937601535,-0.36850070696026177,-0.31614769101799578,1.0,0.57176677907708395,-0.35721141861490618,0.45566674000000007,-0.31354945756282177,0.30430832279170322,-0.069889724838956474,-0.47481563830755014,-0.38939468353557294,-0.32732977427435772,-0.058827213659991683,-0.076726475020273049
-0.11133283369773843,0.35413892501253785,-0.62893601776899111,-0.11925208078981524,-0.23407417019082813,-0.5936423475699093,-0.62278972700196988,-0.76820916648966231,0.84478182623469367,0.46451285736890269,-0.23208337209620927,0.73766642395828319,0.76577379384765043,0.71522741822140579,-0.34631985913045565,0.486338579332316,-0.86747660700405693,0.93174376495803635,-0.71330960845017322,0.5933379606007867,-0.51273351607724904,0.70525565273523538,-0.40690596208418894,0.018673374302800232,-0.26419347069822902,-0.029642337069050728,-0.55170881325993304,0.57176677907708395,1.0,-0.74240553007912924,0.91845850000000007,-0.37233430454260441,0.87672973500754681,-0.12638116836698332,-0.67165808601248578,-0.90480533595217683,-0.77137848760185446,-0.26409997560922988,-0.78621954491643786
0.11151892909658206,-0.54096334979419813,0.50685104643745271,-0.090216275469735707,0.4980997957580966,0.41591019654844469,0.84436323251904466,0.484092792056941,-0.93696721139588612,-0.40607318934390513,0.20660592625485724,-0.25144582750362232,-0.47420632784410205,-0.53753866908982617,0.47738430010194066,0.096877357378689952,0.48745563106408785,-0.81004852106586811,0.30437090918935589,-0.79474606115430091,0.46164784669645459,-0.53565042380036965,0.52280821842643221,-0.53445932834538479,0.49593348484477057,-0.15603725626509474,0.17375133846575755,-0.35721141861490618,-0.74240553007912924,1.0,-0.71970946000000002,0.56056961723832943,-0.74561970671446443,0.20523067479551793,0.17465361668496629,0.8884964621321183,0.62281763912099708,0.12831481919554366,0.56242775002772361
-0.33241224000000003,0.63109189999999993,-0.31220183999999995,-0.44273971999999995,-0.12017443999999999,-0.84010198000000003,-0.59710434000000001,-0.87882934000000001,0.8717287199999999,0.73458412000000006,-0.53805609999999993,0.54139987999999994,0.52469327999999993,0.54074672000000001,-0.57098490000000002,0.51444651999999991,-0.85365037999999993,0.9844734799999999,-0.80937444000000003,0.45451350000000001,-0.69545688000000006,0.91437250000000003,-0.33398700000000003,0.096338580000000062,-0.41929603999999998,0.34335501999999996,-0.64338841999999996,0.45566674000000007,0.91845850000000007,-0.71970946000000002,1.0,-0.59147488000000004,0.97665175999999998,-0.14621784000000004,-0.56211308000000004,-0.88978212000000001,-0.93720979999999998,-0.12338634000000004,-0.86561858000000003
0.11779560384182824,-0.64320624154352823,-0.32267674241696082,0.59712573549778036,0.39835878032357558,0.51061634274331946,0.26331208629796871,0.54064237262382742,-0.68235672950460358,-0.76240002068646406,0.77658696258496429,-0.046421880967460916,-0.058978409502793316,-0.10441114308631444,0.4266758511633883,-0.036101656928468361,0.31625946694581897,-0.63318386209581379,0.46316357698532568,-0.17533466269550801,0.4825447433495586,-0.76981268987170826,0.17854369496868211,-0.20124437914045054,0.55103721651375959,-0.5235436431485988,0.25147123318640274,-0.31354945756282177,-0.37233430454260441,0.56056961723832943,-0.59147488000000004,1.0,-0.54123509968146,0.43532304731198612,0.084223203214536108,0.48879680671607068,0.61609926151028427,-0.42148026178171261,0.32235506358832244
-0.41042027326444902,0.68161626927635166,-0.31099733945867303,-0.37867739660542549,-0.034559948724348533,-0.87473277403780825,-0.69401319203670786,-0.84438697215613123,0.86534053456241478,0.71526039917002393,-0.47208992759032264,0.42018451023961589,0.42640534671024993,0.50185717629335425,-0.68193476939369946,0.46959467869622379,-0.81924320092128333,0.9577922721198302,-0.73072363898787218,0.49834318530146893,-0.72428432006163523,0.87760142867221214,-0.36863898081065027,0.21695368771716339,-0.4314167432254542,0.43275163972222463,-0.63927299932066428,0.30430832279170322,0.87672973500754681,-0.74561970671446443,0.97665175999999998,-0.54123509968146,1.0,-0.10358504456002919,-0.46365945952971049,-0.88593404234088002,-0.94060020559469393,-0.13839484529853191,-0.90720804254357434
-0.57439558658540113,-0.092568677548976158,-0.15980999861933429,0.21118612536934556,-0.057153189509259628,0.083041861802544872,-0.16707067727510505,-0.082997380213826757,-0.34728384613541535,-0.11518687959688591,0.089392496149096917,-0.24142879637267489,-0.2587195842739074,-0.31538317591945703,-0.24534249607616734,-0.11556582185424406,-0.16016331197606193,-0.21717923191609989,0.24569720596634764,0.20614220306908654,0.0019468237494135688,-0.25906983078261231,-0.15018858129279972,0.33020988638673315,0.67790491823610077,0.055618284725962808,-0.266032888098656,-0.069889724838956474,-0.12638116836698332,0.20523067479551793,-0.14621784000000004,0.43532304731198612,-0.10358504456002919,1.0,0.21919156536384882,0.18410276651778296,-0.016982159081602839,-0.51118925167589757,0.23351392900115256
-0.13584780214000336,0.15041080652772346,0.42421712833363029,0.25062594390264126,-0.040790467475128628,0.37181399992976,-0.034295974014114883,0.4660501110989384,-0.35530040526072043,-0.12774175500039822,0.025671868772969248,-0.86100822289547208,-0.67618876087060398,-0.39543136780283872,-0.18086854089325682,-0.74157954969778572,0.62677744061292129,-0.53886664148663421,0.74678445115602443,0.024110563471662405,0.18754758719040959,-0.46652690626898952,0.02476931334222332,0.5797989385705582,0.10150887329974828,0.28609349609790935,0.26239865803626122,-0.47481563830755014,-0.67165808601248578,0.17465361668496629,-0.56211308000000004,0.084223203214536108,-0.46365945952971049,0.21919156536384882,1.0,0.40444706678193337,0.35696575721428841,0.26345900736103817,0.50658120770307491
0.099578310842122431,-0.568777781089294,0.51939068994028315,0.1035155802496924,0.2324410037737272,0.61289838327288537,0.78730749548220069,0.66979230561651981,-0.94697195557674363,-0.58685855176125934,0.3068963554609927,-0.44216642073601853,-0.62842550415750709,-0.75384082005351138,0.51960261754048198,-0.16725930008875761,0.65877751466920043,-0.92371498778025507,0.51797894944690603,-0.70833868161355928,0.66002623448578424,-0.70766253227648857,0.52189312399697851,-0.34332932013201672,0.51407410096037576,-0.188699010825223,0.41562601430405,-0.38939468353557294,-0.90480533595217683,0.8884964621321183,-0.88978212000000001,0.48879680671607068,-0.88593404234088002,0.18410276651778296,0.40444706678193337,1.0,0.79779118774513291,0.15268287885414922,0.80615352443690802
0.51611526563562671,-0.76532302646209094,0.10525180582492204,0.52455769840858202,0.069569751613545033,0.88789785262578191,0.63209377928908106,0.93707092997340147,-0.77513580330286047,-0.86606690056609725,0.66260296616445868,-0.27371985071058602,-0.32866056690819151,-0.42677458964110832,0.78756213530691188,-0.39690891126966671,0.80985526767977145,-0.88818354871787986,0.67800688930481701,-0.45784348885393455,0.77616346247612411,-0.91632080958175843,0.43009764290249586,-0.27321898867487154,0.31521513401505741,-0.57043392404143245,0.76515231246968629,-0.32732977427435772,-0.77137848760185446,0.62281763912099708,-0.93720979999999998,0.61609926151028427,-0.94060020559469393,-0.016982159081602839,0.35696575721428841,0.79779118774513291,1.0,-0.025221763851107339,0.79754821927074993
0.23985787858341981,0.21202955017379863,0.57854182041389757,-0.26512778014665611,-0.015982274033235433,0.01715464358710846,0.15019131495234672,-0.069616950720048504,0.0019060535182776554,0.303105354388707,-0.25382643229131657,-0.34458253678734307,-0.10500226532915592,0.067538307083848628,-0.15368218898616798,-0.21810861585497415,0.2288947050335057,-0.12642881556516905,0.18039859348955578,-0.13703093974103769,-0.11187349589647995,0.11983580749847772,-0.26171508983656927,0.025914428350951882,-0.13922273518234052,0.26974739174568102,-0.11488179561023336,-0.058827213659991683,-0.26409997560922988,0.12831481919554366,-0.12338634000000004,-0.42148026178171261,-0.13839484529853191,-0.51118925167589757,0.26345900736103817,0.15268287885414922,-0.025221763851107339,1.0,0.14284750857144943
0.21463020778296679,-0.55225736611416854,0.28714773411005479,0.35725608153572219,-0.33088629827210236,0.84875929422020446,0.54515718048621531,0.65552050493134195,-0.72706449941269757,-0.6091131273841619,0.29800649980018512,-0.43296941929890037,-0.40607123596934525,-0.58483899969079112,0.54893140762895976,-0.55594694844193271,0.65405461839256107,-0.82753396060707973,0.69192000802683584,-0.29957640213829495,0.717091591229717,-0.77167409946137888,0.22950713998774355,-0.045987269262213103,0.54312757702716319,-0.37893788409570839,0.53431966578437906,-0.076726475020273049,-0.78621954491643786,0.56242775002772361,-0.86561858000000003,0.32235506358832244,-0.90720804254357434,0.23351392900115256,0.50658120770307491,0.80615352443690802,0.79754821927074993,0.14284750857144943,1.0
