1.0,0.18246159483679475,0.29281649554677835,0.43712608212949483,0.69487372368329603,0.20178831999999991,-0.2659806127517873,-0.62508651162965778,-0.43320105671183423,0.87846463919147888,-0.076452631791358278,-0.11639472411196639,0.65615133050843044,-0.24173585093844105,0.12085511198810751,0.33979986805638268,-0.29598151529795003,-0.29039998338974166,0.22985023203236077,-0.1979197931657993,-0.58812768617593958,-0.33853664262875333,0.082418913771468996,0.68369611973094357,-0.12221286703447139,0.14792960409620318,0.20099958135415061,-0.26474588024317264,0.48682558986513091,-0.39179777881513933,-0.95015142925526974,-0.24812590989194749,-0.070985422082749314,0.23539535894088126,0.4841715205150196,0.63036478900026305,-0.27482963795948795,-0.18415061719100079,0.54190683128275008
0.18246159483679475,1.0,-0.19569933225783243,0.14665910987969885,0.10255520882934208,0.26889045999999994,0.1332287000110414,-0.0052122292649994925,-0.2837857055040221,0.26902615616589021,-0.22741354569462577,0.0030372098225583954,0.12904439802294304,0.20773806871772088,0.27439041316194435,-0.13340807714697475,0.22361875355960259,-0.14049213599301744,-0.047097306038966877,-0.012959342420055607,-0.33428145159977385,0.11480292989578945,0.20000130627119089,0.12094997116381423,-0.18343059777943602,0.11726571462683569,0.48094299553075442,0.059052102546198686,0.18665855086587413,-0.060613371600822349,-0.12521885264416799,-0.093501453517414262,-0.038399218857036829,0.28495425145932846,0.32205214685216482,0.061220171936846209,-0.48175830213381959,-0.62563950822329351,0.1024943614150524
0.29281649554677835,-0.19569933225783243,1.0,0.4890383792392558,0.45353313751830215,0.14517037999999993,0.09385748742887913,-0.089234388289076483,0.14880840429381303,0.29104753116545218,-0.31481237269657891,0.46185310304580207,-0.025225869990651739,-0.91907363579031132,-0.46531417291730759,-0.014669466053072192,-0.21823866529650754,0.11059150965434023,-0.15102776457197242,-0.2920374277528921,0.23049803560943338,0.11139084961472354,-0.0069880234135673014,-0.24326534545806039,0.31481435220207032,-0.45836305462274041,0.35093024702746167,-0.0051887143370703548,0.34790717198467824,0.13875858584279002,-0.39345958998478714,0.11863059353414745,-0.51093939085143347,0.25137757948001505,0.22803500282797928,-0.02778735772039187,0.67580160176132797,0.42577632722988445,-0.057994556389728932
0.43712608212949483,0.14665910987969885,0.4890383792392558,1.0,0.044070636404505946,0.63295017999999992,0.14227531503206819,0.16454045860092492,-0.59257876271582532,0.66967506803725085,-0.045954471283471937,0.26218635799816919,0.44447366080261341,-0.32695848959142854,0.38756965409900423,-0.26821465888052431,0.14092860025333301,-0.60890257984873453,0.45386365364554088,-0.24537156092854032,-0.54445743001869151,0.2572504673804113,0.41226157287860182,0.29645937153981344,0.55872947980056131,-0.087204232826848166,0.61304086279094561,0.43350782330189813,0.72419018782501909,-0.2947746194390608,-0.39897988468428319,-0.52868203205685971,-0.36821637554691394,0.050133708642207397,0.70250821089030446,0.55107197148513809,-0.1841843734341056,0.39871677675109429,0.52420601596180971
0.69487372368329603,0.10255520882934208,0.45353313751830215,0.044070636404505946,1.0,0.006209420000000021,-0.082619429134236949,-0.43763704026518069,0.10159367440751302,0.50442612243278095,-0.48307701023988231,0.15533623877603253,0.13202794723061495,-0.48482306524677271,-0.46292980453218169,0.29469593196282873,-0.22613564403899813,0.13995235012637477,-0.055767527514268077,-0.24787373784860406,0.054978041370368914,-0.15233600082152765,-0.41183379474036536,0.15447855875346908,-0.19925475590741065,-0.19216460043999009,0.086029187346624444,-0.35450150399613506,0.096731630924474885,-0.06642812500935151,-0.67936257017130286,0.2616609903976162,-0.2554304470770406,0.57079084252014201,0.16302133357461029,0.095760868058668999,0.20583413658304653,-0.089368569015401744,0.16574000068774472
0.20178831999999991,0.26889045999999994,0.14517037999999993,0.63295017999999992,0.006209420000000021,1.0,0.79012679999999991,0.20721242000000006,-0.25413094000000003,0.60379669999999996,0.18027842000000005,0.63868737999999992,-0.13596293999999998,-0.24280917999999996,0.346244,-0.82902058000000001,0.76132479999999991,-0.16237051999999996,0.61842219999999992,-0.16312912000000002,-0.47881962,0.69583047999999992,0.05778613999999993,0.35454246,0.047067820000000093,-0.41857146000000001,0.81443342000000007,0.87140400000000007,0.86485344000000008,-0.68299200000000004,-0.00055408000000001234,-0.13879034000000001,-0.72778597999999994,0.50181482000000011,0.91389053999999992,0.01820532000000008,-0.42482622000000003,0.012747819999999965,0.80091888
-0.2659806127517873,0.1332287000110414,0.09385748742887913,0.14227531503206819,-0.082619429134236949,0.79012679999999991,1.0,0.34243181627885355,0.2939190792419204,0.12528928780956156,0.13685875651947876,0.76154097575282553,-0.65313231203843436,-0.28629003555805072,0.016178467111032033,-0.94432160544935351,0.83802717360774304,0.30384773423408756,0.35202280546577652,-0.088403173567943985,0.032566266134073277,0.79274737903855519,-0.18265761841355471,-0.10159429805345435,-0.20091828439140735,-0.60018723924128881,0.68905171987428926,0.86063147481619529,0.53671826996888039,-0.49877121330439617,0.42611571588942992,0.27878220934892145,-0.76015823575525931,0.61782301816123819,0.58592912632905159,-0.53003067296852246,-0.10078623664436284,-0.061385880943487597,0.44812627724627002
-0.62508651162965778,-0.0052122292649994925,-0.089234388289076483,0.16454045860092492,-0.43763704026518069,0.20721242000000006,0.34243181627885355,1.0,0.21335161046560538,-0.37668784755885276,-0.38152169404179759,0.16058484025467235,-0.27221897214724711,0.20979239106342631,0.16785733470785036,-0.41830383101571605,0.35998000924654272,-0.30278836687944194,0.22851113513715757,-0.23108037277186533,0.12696033718315375,0.46146050911088987,0.13937633405253577,-0.59796314057660471,0.41354048707793645,-0.02456334893693414,0.21789025870819437,0.54807536689964087,-0.15060657806672004,0.14745348038043027,0.60875220910736327,0.13551911649370804,-0.048602443291254224,-0.020203835625221035,0.031185097317038394,-0.23409536957084795,0.013414371721453639,0.46634750158794064,-0.13556885384998954
-0.43320105671183423,-0.2837857055040221,0.14880840429381303,-0.59257876271582532,0.10159367440751302,-0.25413094000000003,0.2939190792419204,0.21335161046560538,1.0,-0.45313052263309922,-0.28428419811191541,0.12067502331025437,-0.57482050665999795,-0.20370731039127546,-0.47637229551523652,-0.056810494899900019,-0.085235954817475007,0.59979115363542568,-0.29390552240387197,-0.23865125610833318,0.57315005296701571,-0.010086264599936431,-0.18579536385154322,-0.67689384356005788,-0.48389654130846466,-0.15964907013981819,-0.040556313875684688,-0.021673631084141984,-0.34958035856851583,0.090415366447121628,0.32362565488198791,0.77548950068320033,-0.048387150948495765,0.3029289639936063,-0.27277977598473807,-0.70584187070829141,0.49693563781183575,-0.054243138217914599,-0.37926281349807567
0.87846463919147888,0.26902615616589021,0.29104753116545218,0.66967506803725085,0.50442612243278095,0.60379669999999996,0.12528928780956156,-0.37668784755885276,-0.45313052263309922,1.0,0.022210764290028145,0.09089674676489784,0.55203129787618854,-0.24353328439717703,0.37210641429758667,-0.073830078585579717,0.035751653758403307,-0.37695479052191361,0.47343933165593305,-0.28011479380137316,-0.73056034494663458,-0.050303638111433041,0.24391692805056847,0.67613015847819968,-0.11631119667992142,0.058986549027579785,0.57375944244650956,0.18141599229663521,0.78156865954256149,-0.68029146887599379,-0.78556115984835784,-0.34363867273313847,-0.29121134739025628,0.37555724157647391,0.82218767190897801,0.58672024286631785,-0.45468301140571921,-0.14901733512531667,0.80832247649449396
-0.076452631791358278,-0.22741354569462577,-0.31481237269657891,-0.045954471283471937,-0.48307701023988231,0.18027842000000005,0.13685875651947876,-0.38152169404179759,-0.28428419811191541,0.022210764290028145,1.0,0.028548666227110719,-0.062342833673337594,0.14026771967938875,0.27288647496603236,-0.25536769422793898,0.25425324893521517,0.21087280835839567,0.27916781397501411,0.50675835853494489,-0.25648191028393763,0.057523931869426261,0.090269259056305409,0.54017003272482023,-0.14460979049769232,-0.060812799944917895,-0.090104087342346789,0.22237400224514001,0.31227277204143522,-0.41804807696109519,0.18986045859340828,-0.42540904875139801,-0.053157197783667863,-0.19969621702284043,0.067375653202407404,0.10062396096387222,-0.28764824189899341,-0.11643198143223243,0.34329760657437719
-0.11639472411196639,0.0030372098225583954,0.46185310304580207,0.26218635799816919,0.15533623877603253,0.63868737999999992,0.76154097575282553,0.16058484025467235,0.12067502331025437,0.09089674676489784,0.028548666227110719,1.0,-0.69486942367490867,-0.69495331999496335,-0.44301349519449296,-0.77021764371156198,0.72540219159767449,0.39041194229610687,0.1296664007441905,0.00023662013768122048,0.26019346139933952,0.89040127466282049,-0.50730980938042591,-0.076748612360387103,0.22097593760547618,-0.9579413740206284,0.46094438848251607,0.63006421975771931,0.48664607747137334,-0.075458097333656826,0.27745198061563903,0.3293103209357312,-0.97782033153358205,0.53822105980155555,0.40556068611040824,-0.54014957568773836,0.30808754816137196,0.22149603860669453,0.226150411317592
0.65615133050843044,0.12904439802294304,-0.025225869990651739,0.44447366080261341,0.13202794723061495,-0.13596293999999998,-0.65313231203843436,-0.27221897214724711,-0.57482050665999795,0.55203129787618854,-0.062342833673337594,-0.69486942367490867,1.0,0.30104808378201964,0.56577720307056201,0.60791347123964989,-0.60549252013109078,-0.71622009506396289,0.18934771961136015,-0.17361126921556824,-0.67600409559704866,-0.68395486291486818,0.61238937509304403,0.46391036293556065,0.10166025591757799,0.74853788061975446,-0.027252838999416995,-0.38932477774296126,0.13030191613326159,-0.18586806652753862,-0.74434640638438465,-0.61706316206811795,0.56350188109729016,-0.34732028671982335,0.17427151483437536,0.92619533844978863,-0.42221403432597837,-0.022897368594265166,0.25292391203087267
-0.24173585093844105,0.20773806871772088,-0.91907363579031132,-0.32695848959142854,-0.48482306524677271,-0.24280917999999996,-0.28629003555805072,0.20979239106342631,-0.20370731039127546,-0.24353328439717703,0.14026771967938875,-0.69495331999496335,0.30104808378201964,1.0,0.62347782264158258,0.19840364006379707,-0.029300076303370459,-0.35724415648545987,0.12222776189428861,0.16047183107257515,-0.32068367608036341,-0.32189786845166313,0.29569477988883519,0.14324336550733027,-0.20212922145905149,0.72603397092069111,-0.31944930605422917,-0.092452260324060787,-0.40527552612859724,-0.082230280337785913,0.25728138099980491,-0.28170329755470119,0.73117804732417968,-0.40935444961202577,-0.23403200098902552,0.24423455315802767,-0.68094686787934133,-0.31844365878206776,-0.018129802324377262
0.12085511198810751,0.27439041316194435,-0.46531417291730759,0.38756965409900423,-0.46292980453218169,0.346244,0.016178467111032033,0.16785733470785036,-0.47637229551523652,0.37210641429758667,0.27288647496603236,-0.44301349519449296,0.56577720307056201,0.62347782264158258,1.0,-0.12278749127516304,0.087742993449692483,-0.69045493996476981,0.49275492133563153,-0.064063588355041903,-0.75807414846499432,-0.17155674191703685,0.71836049894832887,0.37624005116422554,-0.082208089240954088,0.63606841579095286,0.34184983324465679,0.31093040196845179,0.35396913360308929,-0.55199456983245143,-0.089963026962518011,-0.60261348969570416,0.36220122773605679,-0.2266313305488479,0.4496299825471099,0.58388035866154187,-0.81777890907747375,-0.20746524531727412,0.51983551109229631
0.33979986805638268,-0.13340807714697475,-0.014669466053072192,-0.26821465888052431,0.29469593196282873,-0.82902058000000001,-0.94432160544935351,-0.41830383101571605,-0.056810494899900019,-0.073830078585579717,-0.25536769422793898,-0.77021764371156198,0.60791347123964989,0.19840364006379707,-0.12278749127516304,1.0,-0.92265701726827243,-0.16967820754055135,-0.3867046211206876,-0.0083713940872138549,0.037273385348555649,-0.88869986800371004,0.13536609755589532,0.017941704569748102,-0.034231632772620819,0.61091571662534971,-0.63592951969263734,-0.93859810746212968,-0.56217277876593175,0.41601838893990434,-0.52638480263257592,-0.10299486273459695,0.75002003037884368,-0.41557725445624455,-0.57546264182466911,0.44808759877887666,0.17333401936574755,-0.041555611366090664,-0.44175874602653958
-0.29598151529795003,0.22361875355960259,-0.21823866529650754,0.14092860025333301,-0.22613564403899813,0.76132479999999991,0.83802717360774304,0.35998000924654272,-0.085235954817475007,0.035751653758403307,0.25425324893521517,0.72540219159767449,-0.60549252013109078,-0.029300076303370459,0.087742993449692483,-0.92265701726827243,1.0,0.14206096794430914,0.41919726678007579,0.14702735217614682,-0.064197696859452841,0.91231447217097317,-0.35004244922908928,0.12893617794076748,0.059751816252248867,-0.60609509009611018,0.44575168291828648,0.8425568315027252,0.43238557245789405,-0.34156448270480766,0.54668474494102737,0.10321164226442874,-0.690817540565549,0.42551033425614382,0.46623929492444782,-0.41441204572469631,-0.30993228525242927,-0.029293820451931518,0.4505812517306777
-0.29039998338974166,-0.14049213599301744,0.11059150965434023,-0.60890257984873453,0.13995235012637477,-0.16237051999999996,0.30384773423408756,-0.30278836687944194,0.59979115363542568,-0.37695479052191361,0.21087280835839567,0.39041194229610687,-0.71622009506396289,-0.35724415648545987,-0.69045493996476981,-0.16967820754055135,0.14206096794430914,1.0,-0.48774714088085863,0.21906660707011913,0.61347473836294186,0.17461362067315372,-0.50245088036283969,-0.1940721273278441,-0.44544682975709216,-0.53491789106847443,-0.17970238949891343,-0.071880731273881227,-0.20866326637175606,0.1225758521466588,0.30177203480724563,0.51142854608285848,-0.33114475309397423,0.22747480869264372,-0.28425499663258708,-0.77190639737846212,0.46695007975298369,-0.2503573048679425,-0.32549534716583761
0.22985023203236077,-0.047097306038966877,-0.15102776457197242,0.45386365364554088,-0.055767527514268077,0.61842219999999992,0.35202280546577652,0.22851113513715757,-0.29390552240387197,0.47343933165593305,0.27916781397501411,0.1296664007441905,0.18934771961136015,0.12222776189428861,0.49275492133563153,-0.3867046211206876,0.41919726678007579,-0.48774714088085863,1.0,-0.013579377750529179,-0.6356314132712293,0.27707328601103437,0.11449158540607146,0.39908291398265455,0.1116846107018131,0.045668965807916968,0.39748205132230441,0.57003123809139622,0.56838006419114162,-0.69444790845989413,-0.059209149890391277,-0.28451236582006001,-0.20682962960799128,0.34604721367107349,0.55472233171834384,0.44748291174435084,-0.51993739941002626,0.25790434831668652,0.80502451303212896
-0.1979197931657993,-0.012959342420055607,-0.2920374277528921,-0.24537156092854032,-0.24787373784860406,-0.16312912000000002,-0.088403173567943985,-0.23108037277186533,-0.23865125610833318,-0.28011479380137316,0.50675835853494489,0.00023662013768122048,-0.17361126921556824,0.16047183107257515,-0.064063588355041903,-0.0083713940872138549,0.14702735217614682,0.21906660707011913,-0.013579377750529179,1.0,0.12175773408065699,0.052807328335019124,-0.30074506250885613,0.16914726314203643,0.071540863465691509,-0.10301113844105496,-0.32374771891371534,-0.11349776957306781,-0.15653391236140643,0.12914246369525945,0.28119257349467619,-0.35417577330621092,0.05775393710272804,-0.053870589465738389,-0.34819904458107526,-0.028471594057971013,-0.016659979473438429,-0.042229868476025445,-0.11673528477615183
-0.58812768617593958,-0.33428145159977385,0.23049803560943338,-0.54445743001869151,0.054978041370368914,-0.47881962,0.032566266134073277,0.12696033718315375,0.57315005296701571,-0.73056034494663458,-0.25648191028393763,0.26019346139933952,-0.67600409559704866,-0.32068367608036341,-0.75807414846499432,0.037273385348555649,-0.064197696859452841,0.61347473836294186,-0.6356314132712293,0.12175773408065699,1.0,0.13593101200126029,-0.54132112918134079,-0.71666808097204493,0.074476189561201833,-0.43099780742221061,-0.39332956863684843,-0.24908394591406469,-0.61386833809560548,0.66810498741754454,0.48553795715911757,0.48847493622202803,-0.10855191526431056,-0.0255409604972783,-0.66773192726688557,-0.70040683155706696,0.81399302261146944,0.21431301321543039,-0.7479848718151566
-0.33853664262875333,0.11480292989578945,0.11139084961472354,0.2572504673804113,-0.15233600082152765,0.69583047999999992,0.79274737903855519,0.46146050911088987,-0.010086264599936431,-0.050303638111433041,0.057523931869426261,0.89040127466282049,-0.68395486291486818,-0.32189786845166313,-0.17155674191703685,-0.88869986800371004,0.91231447217097317,0.17461362067315372,0.27707328601103437,0.052807328335019124,0.13593101200126029,1.0,-0.41311135159884282,-0.087926518661306005,0.32475875657876796,-0.80106727397760158,0.43658536485132521,0.80461264292833823,0.39578037416154022,-0.078647575747413961,0.53923977794304156,0.21964414252030351,-0.82910225546799077,0.3986759116914092,0.38994788407320946,-0.50393748942921179,0.031542593249417036,0.22979608509440752,0.24954205002391899
0.082418913771468996,0.20000130627119089,-0.0069880234135673014,0.41226157287860182,-0.41183379474036536,0.05778613999999993,-0.18265761841355471,0.13937633405253577,-0.18579536385154322,0.24391692805056847,0.090269259056305409,-0.50730980938042591,0.61238937509304403,0.29569477988883519,0.71836049894832887,0.13536609755589532,-0.35004244922908928,-0.50245088036283969,0.11449158540607146,-0.30074506250885613,-0.54132112918134079,-0.41311135159884282,1.0,0.029258903184187769,-0.034585534931809013,0.65712310225725312,0.3551524273113924,0.054237648070466285,0.23671110706174689,-0.26772053405279966,-0.23076786371641356,-0.48219788927476526,0.43721529257533603,-0.33857668348669878,0.27664782522346998,0.49438238895399023,-0.35890441742546725,-0.098756941892681319,0.12129238574518474
0.68369611973094357,0.12094997116381423,-0.24326534545806039,0.29645937153981344,0.15447855875346908,0.35454246,-0.10159429805345435,-0.59796314057660471,-0.67689384356005788,0.67613015847819968,0.54017003272482023,-0.076748612360387103,0.46391036293556065,0.14324336550733027,0.37624005116422554,0.017941704569748102,0.12893617794076748,-0.1940721273278441,0.39908291398265455,0.16914726314203643,-0.71666808097204493,-0.087926518661306005,0.029258903184187769,1.0,-0.12018445943890867,0.09371666104624217,0.025666323162566045,0.044318658604462532,0.51465537029100739,-0.56079385329054687,-0.50567978851944395,-0.48146030204387741,-0.069317583807272737,-0.015714199983870053,0.45787774452917229,0.54331783672062184,-0.63607430760471551,-0.26437954291623744,0.70175958257588278
-0.12221286703447139,-0.18343059777943602,0.31481435220207032,0.55872947980056131,-0.19925475590741065,0.047067820000000093,-0.20091828439140735,0.41354048707793645,-0.48389654130846466,-0.11631119667992142,-0.14460979049769232,0.22097593760547618,0.10166025591757799,-0.20212922145905149,-0.082208089240954088,-0.034231632772620819,0.059751816252248867,-0.44544682975709216,0.1116846107018131,0.071540863465691509,0.074476189561201833,0.32475875657876796,-0.034585534931809013,-0.12018445943890867,1.0,-0.23385436807437673,-0.098092576186373473,0.13462227110137165,0.0043927061295601331,0.4716489835536391,0.1194767036437806,-0.33454000104097142,-0.15620946737197883,-0.33639026926506965,-0.092069682442109821,0.25084025744582356,0.27939152600936773,0.78367364140796725,-0.16000424481055289
0.14792960409620318,0.11726571462683569,-0.45836305462274041,-0.087204232826848166,-0.19216460043999009,-0.41857146000000001,-0.60018723924128881,-0.02456334893693414,-0.15964907013981819,0.058986549027579785,-0.060812799944917895,-0.9579413740206284,0.74853788061975446,0.72603397092069111,0.63606841579095286,0.61091571662534971,-0.60609509009611018,-0.53491789106847443,0.045668965807916968,-0.10301113844105496,-0.43099780742221061,-0.80106727397760158,0.65712310225725312,0.09371666104624217,-0.23385436807437673,1.0,-0.21243898474864265,-0.42748040100763895,-0.30452095606720792,-0.10927873566692291,-0.29074747426370628,-0.39262854755920851,0.91170329659827065,-0.43297228971224627,-0.17406951919403255,0.6081849709732523,-0.46697129298753925,-0.23628621885225234,-0.04448448535425753
0.20099958135415061,0.48094299553075442,0.35093024702746167,0.61304086279094561,0.086029187346624444,0.81443342000000007,0.68905171987428926,0.21789025870819437,-0.040556313875684688,0.57375944244650956,-0.090104087342346789,0.46094438848251607,-0.027252838999416995,-0.31944930605422917,0.34184983324465679,-0.63592951969263734,0.44575168291828648,-0.17970238949891343,0.39748205132230441,-0.32374771891371534,-0.39332956863684843,0.43658536485132521,0.3551524273113924,0.025666323162566045,-0.098092576186373473,-0.21243898474864265,1.0,0.64974890414862851,0.78639184300885234,-0.55358778190883651,-0.13126858184351653,-0.06774254453825429,-0.55318969757294922,0.5723401368209684,0.84411595458789856,0.017519121724597166,-0.26610361398971699,-0.15447094270817746,0.55677313045874355
-0.26474588024317264,0.059052102546198686,-0.0051887143370703548,0.43350782330189813,-0.35450150399613506,0.87140400000000007,0.86063147481619529,0.54807536689964087,-0.021673631084141984,0.18141599229663521,0.22237400224514001,0.63006421975771931,-0.38932477774296126,-0.092452260324060787,0.31093040196845179,-0.93859810746212968,0.8425568315027252,-0.071880731273881227,0.57003123809139622,-0.11349776957306781,-0.24908394591406469,0.80461264292833823,0.054237648070466285,0.044318658604462532,0.13462227110137165,-0.42748040100763895,0.64974890414862851,1.0,0.6100269391115628,-0.5224559728564182,0.43300577159118631,-0.011624973208979535,-0.63316439625933907,0.3172038384362294,0.67143394425054215,-0.22987425227008626,-0.29583171642610123,0.19829827712789089,0.5612618009711724
0.48682558986513091,0.18665855086587413,0.34790717198467824,0.72419018782501909,0.096731630924474885,0.86485344000000008,0.53671826996888039,-0.15060657806672004,-0.34958035856851583,0.78156865954256149,0.31227277204143522,0.48664607747137334,0.13030191613326159,-0.40527552612859724,0.35396913360308929,-0.56217277876593175,0.43238557245789405,-0.20866326637175606,0.56838006419114162,-0.15653391236140643,-0.61386833809560548,0.39578037416154022,0.23671110706174689,0.51465537029100739,0.0043927061295601331,-0.30452095606720792,0.78639184300885234,0.6100269391115628,1.0,-0.70059346581807957,-0.33802672826747171,-0.24913767428996156,-0.6299906198774804,0.40831630875319386,0.91286282067599378,0.25475944090817498,-0.34102579653294818,-0.048455584114544689,0.81535733801648025
-0.39179777881513933,-0.060613371600822349,0.13875858584279002,-0.2947746194390608,-0.06642812500935151,-0.68299200000000004,-0.49877121330439617,0.14745348038043027,0.090415366447121628,-0.68029146887599379,-0.41804807696109519,-0.075458097333656826,-0.18586806652753862,-0.082230280337785913,-0.55199456983245143,0.41601838893990434,-0.34156448270480766,0.1225758521466588,-0.69444790845989413,0.12914246369525945,0.66810498741754454,-0.078647575747413961,-0.26772053405279966,-0.56079385329054687,0.4716489835536391,-0.10927873566692291,-0.55358778190883651,-0.5224559728564182,-0.70059346581807957,1.0,0.25515986425467341,0.23281162630358218,0.22437869366665672,-0.41478586287507618,-0.75784938023893844,-0.2785425470227218,0.63023738424010822,0.23650218502489673,-0.90248783716187697
-0.95015142925526974,-0.12521885264416799,-0.39345958998478714,-0.39897988468428319,-0.67936257017130286,-0.00055408000000001234,0.42611571588942992,0.60875220910736327,0.32362565488198791,-0.78556115984835784,0.18986045859340828,0.27745198061563903,-0.74434640638438465,0.25728138099980491,-0.089963026962518011,-0.52638480263257592,0.54668474494102737,0.30177203480724563,-0.059209149890391277,0.28119257349467619,0.48553795715911757,0.53923977794304156,-0.23076786371641356,-0.50567978851944395,0.1194767036437806,-0.29074747426370628,-0.13126858184351653,0.43300577159118631,-0.33802672826747171,0.25515986425467341,1.0,0.24336858908032011,-0.099141194422447509,-0.11493752796509482,-0.34242428993343349,-0.65639369708815165,0.12361242071079648,0.13932135644580457,-0.34390231809051602
-0.24812590989194749,-0.093501453517414262,0.11863059353414745,-0.52868203205685971,0.2616609903976162,-0.13879034000000001,0.27878220934892145,0.13551911649370804,0.77548950068320033,-0.34363867273313847,-0.42540904875139801,0.3293103209357312,-0.61706316206811795,-0.28170329755470119,-0.60261348969570416,-0.10299486273459695,0.10321164226442874,0.51142854608285848,-0.28451236582006001,-0.35417577330621092,0.48847493622202803,0.21964414252030351,-0.48219788927476526,-0.48146030204387741,-0.33454000104097142,-0.39262854755920851,-0.06774254453825429,-0.011624973208979535,-0.24913767428996156,0.23281162630358218,0.24336858908032011,1.0,-0.26095638747865613,0.33703356375881038,-0.1689534388347872,-0.73667027650215611,0.42027831945182631,-0.14855008179332474,-0.31025372599144629
-0.070985422082749314,-0.038399218857036829,-0.51093939085143347,-0.36821637554691394,-0.2554304470770406,-0.72778597999999994,-0.76015823575525931,-0.048602443291254224,-0.048387150948495765,-0.29121134739025628,-0.053157197783667863,-0.97782033153358205,0.56350188109729016,0.73117804732417968,0.36220122773605679,0.75002003037884368,-0.690817540565549,-0.33114475309397423,-0.20682962960799128,0.05775393710272804,-0.10855191526431056,-0.82910225546799077,0.43721529257533603,-0.069317583807272737,-0.15620946737197883,0.91170329659827065,-0.55318969757294922,-0.63316439625933907,-0.6299906198774804,0.22437869366665672,-0.099141194422447509,-0.26095638747865613,1.0,-0.59318716150877904,-0.55446228517739182,0.41352653316083449,-0.21596866172997869,-0.16719390473220094,-0.38095078862853726
0.23539535894088126,0.28495425145932846,0.25137757948001505,0.050133708642207397,0.57079084252014201,0.50181482000000011,0.61782301816123819,-0.020203835625221035,0.3029289639936063,0.37555724157647391,-0.19969621702284043,0.53822105980155555,-0.34732028671982335,-0.40935444961202577,-0.2266313305488479,-0.41557725445624455,0.42551033425614382,0.22747480869264372,0.34604721367107349,-0.053870589465738389,-0.0255409604972783,0.3986759116914092,-0.33857668348669878,-0.015714199983870053,-0.33639026926506965,-0.43297228971224627,0.5723401368209684,0.3172038384362294,0.40831630875319386,-0.41478586287507618,-0.11493752796509482,0.33703356375881038,-0.59318716150877904,1.0,0.45164192363603628,-0.2512454046755071,-0.02486765033856109,-0.18809651127239641,0.42768887589225352
0.4841715205150196,0.32205214685216482,0.22803500282797928,0.70250821089030446,0.16302133357461029,0.91389053999999992,0.58592912632905159,0.031185097317038394,-0.27277977598473807,0.82218767190897801,0.067375653202407404,0.40556068611040824,0.17427151483437536,-0.23403200098902552,0.4496299825471099,-0.57546264182466911,0.46623929492444782,-0.28425499663258708,0.55472233171834384,-0.34819904458107526,-0.66773192726688557,0.38994788407320946,0.27664782522346998,0.45787774452917229,-0.092069682442109821,-0.17406951919403255,0.84411595458789856,0.67143394425054215,0.91286282067599378,-0.75784938023893844,-0.34242428993343349,-0.1689534388347872,-0.55446228517739182,0.45164192363603628,1.0,0.2251964885373445,-0.49453759461758956,-0.12112605758447401,0.84237048607004872
0.63036478900026305,0.061220171936846209,-0.02778735772039187,0.55107197148513809,0.095760868058668999,0.01820532000000008,-0.53003067296852246,-0.23409536957084795,-0.70584187070829141,0.58672024286631785,0.10062396096387222,-0.54014957568773836,0.92619533844978863,0.24423455315802767,0.58388035866154187,0.44808759877887666,-0.41441204572469631,-0.77190639737846212,0.44748291174435084,-0.028471594057971013,-0.70040683155706696,-0.50393748942921179,0.49438238895399023,0.54331783672062184,0.25084025744582356,0.6081849709732523,0.017519121724597166,-0.22987425227008626,0.25475944090817498,-0.2785425470227218,-0.65639369708815165,-0.73667027650215611,0.41352653316083449,-0.2512454046755071,0.2251964885373445,1.0,-0.4431422664334202,0.14783429760303235,0.41685368281689311
-0.27482963795948795,-0.48175830213381959,0.67580160176132797,-0.1841843734341056,0.20583413658304653,-0.42482622000000003,-0.10078623664436284,0.013414371721453639,0.49693563781183575,-0.45468301140571921,-0.28764824189899341,0.30808754816137196,-0.42221403432597837,-0.68094686787934133,-0.81777890907747375,0.17333401936574755,-0.30993228525242927,0.46695007975298369,-0.51993739941002626,-0.016659979473438429,0.81399302261146944,0.031542593249417036,-0.35890441742546725,-0.63607430760471551,0.27939152600936773,-0.46697129298753925,-0.26610361398971699,-0.29583171642610123,-0.34102579653294818,0.63023738424010822,0.12361242071079648,0.42027831945182631,-0.21596866172997869,-0.02486765033856109,-0.49453759461758956,-0.4431422664334202,1.0,0.46764714660999807,-0.64773523162514113
-0.18415061719100079,-0.62563950822329351,0.42577632722988445,0.39871677675109429,-0.089368569015401744,0.012747819999999965,-0.061385880943487597,0.46634750158794064,-0.054243138217914599,-0.14901733512531667,-0.11643198143223243,0.22149603860669453,-0.022897368594265166,-0.31844365878206776,-0.20746524531727412,-0.041555611366090664,-0.029293820451931518,-0.2503573048679425,0.25790434831668652,-0.042229868476025445,0.21431301321543039,0.22979608509440752,-0.098756941892681319,-0.26437954291623744,0.78367364140796725,-0.23628621885225234,-0.15447094270817746,0.19829827712789089,-0.048455584114544689,0.23650218502489673,0.13932135644580457,-0.14855008179332474,-0.16719390473220094,-0.18809651127239641,-0.12112605758447401,0.14783429760303235,0.46764714660999807,1.0,-0.075754565477378133
0.54190683128275008,0.1024943614150524,-0.057994556389728932,0.52420601596180971,0.16574000068774472,0.80091888,0.44812627724627002,-0.13556885384998954,-0.37926281349807567,0.80832247649449396,0.34329760657437719,0.226150411317592,0.25292391203087267,-0.018129802324377262,0.51983551109229631,-0.44175874602653958,0.4505812517306777,-0.32549534716583761,0.80502451303212896,-0.11673528477615183,-0.7479848718151566,0.24954205002391899,0.12129238574518474,0.70175958257588278,-0.16000424481055289,-0.04448448535425753,0.55677313045874355,0.5612618009711724,0.81535733801648025,-0.90248783716187697,-0.34390231809051602,-0.31025372599144629,-0.38095078862853726,0.42768887589225352,0.84237048607004872,0.41685368281689311,-0.64773523162514113,-0.075754565477378133,1.0
