1.0,0.60227991313818474,0.42077491999999994,-0.8284438947555649,-0.23391142840309881,-0.17181232383237205,-0.28103528337295514,0.38235482504361762,-0.60152738660219751,-0.53096161809964959,0.84923102536930084,-0.44815924143642077,0.16250011051328792,-0.517581933415735,-0.45148548336986122,-0.38748629055264505,0.41488378820891764,-0.91190802850798569,0.19748723582493044,0.19290749114089559,0.57657210491268518,0.41277297698105442,0.87744631816539675,-0.31157301518351682,-0.34388789769386863,0.40748961054257071,-0.74006368779273612,0.43414352779969334,0.2764044759119676,0.40691425754513849,0.20440866765718257,0.04495132391356884,-0.85822785046002692,-0.077374034725570598,0.24346432323794306,-0.19581074134614285,-0.13308590451226318,-0.52464377162625453,0.11615861731694639
0.60227991313818474,1.0,0.96303986000000008,-0.46633723898450485,-0.4274993128741118,-0.25518262676442172,-0.75592052776698304,0.88675988878354883,-0.87116475201956634,-0.65807681817932973,0.38299193384085439,-0.90533542121119415,-0.30911763138215254,0.024842399587265196,-0.69906485471605517,-0.64115658584507174,0.70880420654735332,-0.7366004716715493,-0.35862565704876276,0.34783320556356007,0.49988301575332178,0.88650835118390126,0.79984431026167468,-0.74476874578431873,-0.40250510512103149,0.55806110560320266,-0.4065157876899681,-0.14609334901598817,0.2073778066093023,-0.12542487574916603,-0.47899567779104768,-0.45846841561457152,-0.49776062633887064,0.27997937031450193,0.39812648722850541,-0.62647952669595763,-0.66645542398556679,-0.8451331871662956,0.76089556533811198
0.42077491999999994,0.96303986000000008,1.0,-0.25762267999999999,-0.51493052000000006,-0.13114212000000003,-0.79553866000000006,0.90281758000000001,-0.84989559999999997,-0.63446734000000005,0.20031722000000007,-0.88058323999999999,-0.38503310000000002,0.16576528000000001,-0.70781870000000002,-0.65681711999999992,0.6718404,-0.59556863999999998,-0.44137696000000004,0.38614772000000008,0.44565495999999993,0.92863266000000011,0.67519988000000009,-0.80895046000000004,-0.27079544,0.52921035999999999,-0.29592328000000001,-0.28616509999999995,0.15794759999999997,-0.33637207999999996,-0.59584503999999994,-0.51558104000000005,-0.35611919999999997,0.28107360000000003,0.37226168000000004,-0.68778395999999997,-0.76625410000000005,-0.83290631999999998,0.7920563599999999
-0.8284438947555649,-0.46633723898450485,-0.25762267999999999,1.0,-0.10625784973196267,0.45918641518982978,0.21754015332016721,-0.35298848042985809,0.33521100343974403,0.19277969543172627,-0.74628370239951569,0.45592702246493177,-0.014748749651459288,0.32694023161377106,0.36416003107232225,0.20511003780557552,-0.28969725056131274,0.74475257070532974,-0.22556085839275419,0.15726314299812627,-0.37463456390672006,-0.14369330273537367,-0.6676242992919208,0.16322361256707138,0.55625995279353813,-0.31678490966699951,0.38796119420615022,-0.17106549740942681,-0.035438807561166477,-0.50700358554425895,-0.26507575595358607,-0.086521355363493938,0.80903179596753583,-0.024343751861501325,-0.18825947908337015,0.11268175259152927,-0.064594853445396491,0.44154866615390276,-0.26758337597944243
-0.23391142840309881,-0.4274993128741118,-0.51493052000000006,-0.10625784973196267,1.0,-0.41369721887274441,0.22099690908455069,-0.37884682802110475,0.48223583103022849,0.33880155796849787,-0.23353841141269993,0.28238603420456376,0.20000287263759953,-0.036911985807112857,0.54667476363346545,0.73530646714797321,-0.1103207902646588,0.32748770630927265,0.015160352477513073,-0.45446040532182158,-0.30646092786927426,-0.55631474837682515,-0.34546865956382888,0.31721677037227691,0.15148272390103143,0.036756977637938948,0.22242217306996831,-0.12627513331949144,-0.0095183971215669905,0.61608441898107569,0.33674390307992452,0.39797828535536106,0.20728818227478438,0.37442997784153365,-0.14174234831551069,0.537167584661427,0.77227542233398194,0.47154977040375112,-0.146799139928012
-0.17181232383237205,-0.25518262676442172,-0.13114212000000003,0.45918641518982978,-0.41369721887274441,1.0,0.228851746311305,-0.24185472275428388,-0.0090759524447660556,-0.23757676717402071,-0.25765202884390681,0.16505391963626537,0.1668042861826648,-0.17000523586634886,0.15271703927234553,0.050593981883850461,-0.44576398217655239,0.21635805393543014,0.23606023837303564,0.46520656727398452,-0.26215799100381793,0.029175390889779322,-0.12876432878865218,0.15966759585414786,0.23778153239429797,-0.33958132282838638,-0.0067081369244841238,0.1714812694889053,0.050064758215506981,-0.2650082265947809,-0.1474129281316521,-0.28304880650019176,0.018956250976347296,-0.23601739413507175,-0.15510978991624341,0.35470640834342615,0.0016614831911023198,0.17332991147367383,-0.35626439559009265
-0.28103528337295514,-0.75592052776698304,-0.79553866000000006,0.21754015332016721,0.22099690908455069,0.228851746311305,1.0,-0.93445879708467461,0.43066567271741774,0.25515784463087599,-0.0021611336961763865,0.71423976085289076,0.72316788351348371,-0.54471005755460511,0.82953653294911534,0.60967902336551338,-0.66591571952441431,0.2626894003370871,0.76445980446126571,0.1235338283604043,-0.068078274566347255,-0.55596084055509076,-0.32440260568596746,0.55171627510328802,0.14700007679705102,-0.66338902140700085,0.37884064329155875,0.61963233836296316,0.050345002528963921,0.2888763144837237,0.17976249960092436,0.29854660204325145,0.25582338393370407,-0.41199289219802926,0.15972760352557117,0.4822861598985631,0.39959554331112013,0.78836192052252629,-0.79310928993677932
0.38235482504361762,0.88675988878354883,0.90281758000000001,-0.35298848042985809,-0.37884682802110475,-0.24185472275428388,-0.93445879708467461,1.0,-0.58680404607611525,-0.34135999451604143,0.16378926084262652,-0.87303846142842623,-0.69877215527358894,0.44362036775014208,-0.8593902476099653,-0.73455876262439301,0.67142858653153015,-0.42847200206090952,-0.61706327322960652,0.024181582714187622,0.16116172283329727,0.68488148136092697,0.4843152743589848,-0.60442478770706387,-0.40808253054752985,0.57836410531780813,-0.28038938808027003,-0.52551829892692736,0.00081477440980611828,-0.30505531073502562,-0.34280620307258924,-0.46790770773764556,-0.39820758350836527,0.3869546301044724,0.047134824899019705,-0.58450524924451797,-0.56069197166554852,-0.90985002802443682,0.8953331361489395
-0.60152738660219751,-0.87116475201956634,-0.84989559999999997,0.33521100343974403,0.48223583103022849,-0.0090759524447660556,0.43066567271741774,-0.58680404607611525,1.0,0.90686311342162096,-0.38570880786650263,0.76210997827947935,-0.13107483220086727,0.36984022033009978,0.37064286691843618,0.41731785604127697,-0.51342127512852631,0.81299625218566951,0.024596730688612456,-0.72207807111052502,-0.65613814944505178,-0.95936957829874281,-0.89674214992511658,0.75857783598680095,0.22290076616828342,-0.38495086792746297,0.39541691959393777,-0.19341108609259228,-0.36577058275246954,0.046198182798652204,0.62410055679726062,0.46853373697483575,0.45336447303162908,-0.1102786316097948,-0.63656569208911917,0.4888611417199813,0.67481176946560262,0.60856840641143917,-0.45592944558551696
-0.53096161809964959,-0.65807681817932973,-0.63446734000000005,0.19277969543172627,0.33880155796849787,-0.23757676717402071,0.25515784463087599,-0.34135999451604143,0.90686311342162096,1.0,-0.21865656049616691,0.60126936906892903,-0.34644611048486013,0.55563262530704183,0.10310713929391616,0.1642483846075288,-0.27734052546181537,0.68766091068544788,-0.054158616967760476,-0.83487996530004593,-0.49266136938545657,-0.82906036904202407,-0.81197055269659291,0.55799675740704802,0.078132846650721607,-0.30657399220258463,0.47253215326852505,-0.33487269875304804,-0.38241092904286383,-0.11647927338896938,0.56951942265857514,0.47671522277063627,0.34542623280231721,-0.062203387300398212,-0.49937197122926341,0.1217094177121298,0.42516373645338496,0.36248742503891618,-0.19537678499157207
0.84923102536930084,0.38299193384085439,0.20031722000000007,-0.74628370239951569,-0.23353841141269993,-0.25765202884390681,-0.0021611336961763865,0.16378926084262652,-0.38570880786650263,-0.21865656049616691,1.0,-0.1931370996870424,0.20861702335432833,-0.49245939631662827,-0.30475920940234585,-0.39441318427704225,0.44688687653437692,-0.78728244834303474,0.41818998273948638,0.099272530739238682,0.58420790936785982,0.2011310688693245,0.68027896125207588,-0.17278813280293948,-0.35317718220829419,0.12808216042171061,-0.45985228594022032,0.54054542252113902,0.45222538925030836,0.40523038557084351,0.31229202960810232,0.23303640015550334,-0.79326583380356153,-0.061815209383452474,0.4000803977663232,-0.29756336950110773,-0.1061869417426809,-0.38611595918426983,-0.022210767812753732
-0.44815924143642077,-0.90533542121119415,-0.88058323999999999,0.45592702246493177,0.28238603420456376,0.16505391963626537,0.71423976085289076,-0.87303846142842623,0.76210997827947935,0.60126936906892903,-0.1931370996870424,1.0,0.40803366677357511,-0.098991748361304532,0.57078224946582712,0.54459371675720014,-0.53388261545521609,0.57158199167412915,0.34107768732898924,-0.33875244643108687,-0.17933331105864203,-0.77923074136848702,-0.66282651867658871,0.57094905609009172,0.590167666261322,-0.44410071045697203,0.17778657503005321,0.3155924299270102,-0.13395376272530829,0.058835049594507333,0.57661865483194519,0.69169948521286273,0.46577518978257448,-0.42357941644405572,-0.30332031725607522,0.37011720374153678,0.50103817056243183,0.82455097406303268,-0.85162086766656064
0.16250011051328792,-0.30911763138215254,-0.38503310000000002,-0.014748749651459288,0.20000287263759953,0.1668042861826648,0.72316788351348371,-0.69877215527358894,-0.13107483220086727,-0.34644611048486013,0.20861702335432833,0.40803366677357511,1.0,-0.89409156937084311,0.70492590482417361,0.61920181343424097,-0.32930000642405466,-0.24860215883094483,0.7026649273429928,0.46153435135134568,0.44221252565152358,-0.055678026808006653,0.23937682680542402,0.034448439211973783,0.33491941451198692,-0.22856706943813138,-0.087891953814183799,0.80002544220949989,0.2889936365679292,0.44197706317699248,0.011489808884813102,0.32700349796166622,-0.0094001285071325935,-0.33625412449442199,0.46927421677048653,0.30436912759479778,0.21003832641261405,0.58235767786983583,-0.68225484331626085
-0.517581933415735,0.024842399587265196,0.16576528000000001,0.32694023161377106,-0.036911985807112857,-0.17000523586634886,-0.54471005755460511,0.44362036775014208,0.36984022033009978,0.55563262530704183,-0.49245939631662827,-0.098991748361304532,-0.89409156937084311,1.0,-0.46929848911895578,-0.33488310800587839,0.17088638449588978,0.55864245279436497,-0.73282790673406062,-0.57722529886503438,-0.47451264043250652,-0.12749149918608207,-0.55572181976582913,-0.015202169794646503,-0.0028301540879503984,0.14176668212363763,0.31980999450495262,-0.88095048346093996,-0.39742552495148098,-0.58887290804970038,-0.007991388084102935,-0.10410453922256291,0.35078675742624854,0.28775127267964828,-0.49238405780451111,-0.29325779006398855,-0.14056253272489505,-0.26706431316719625,0.52568314522566417
-0.45148548336986122,-0.69906485471605517,-0.70781870000000002,0.36416003107232225,0.54667476363346545,0.15271703927234553,0.82953653294911534,-0.8593902476099653,0.37064286691843618,0.10310713929391616,-0.30475920940234585,0.57078224946582712,0.70492590482417361,-0.46929848911895578,1.0,0.81566665071628963,-0.53372146626540728,0.38624274884122262,0.51222950056457428,0.20265029687787381,-0.21773780602942014,-0.45890399480091837,-0.37903301760877173,0.44771074160772112,0.2836532943942518,-0.4803321270818347,0.42963263994691459,0.40239542862717814,0.18167909928763165,0.42016224838455668,-0.017449560563411532,0.16771755472369901,0.44821756876039248,-0.025000098950974235,0.16558306363321615,0.63540541828008212,0.521697704085616,0.82337421367760977,-0.62960518266774068
-0.38748629055264505,-0.64115658584507174,-0.65681711999999992,0.20511003780557552,0.73530646714797321,0.050593981883850461,0.60967902336551338,-0.73455876262439301,0.41731785604127697,0.1642483846075288,-0.39441318427704225,0.54459371675720014,0.61920181343424097,-0.33488310800587839,0.81566665071628963,1.0,-0.54257695367551018,0.37981003203891961,0.33644562298627467,-0.10747944994413511,-0.13552924522225435,-0.49904813376756835,-0.36833800608435252,0.27075311590959089,0.45954808402884478,-0.17650519274908458,0.30471679775469657,0.2075461017945944,-0.14466200260495846,0.36899144063097716,0.14131508096738371,0.39764669349325088,0.3722189117754347,-0.090197071291653746,-0.010230067650183699,0.58159400784593995,0.58379891617373858,0.82275830912192571,-0.53228556960371654
0.41488378820891764,0.70880420654735332,0.6718404,-0.28969725056131274,-0.1103207902646588,-0.44576398217655239,-0.66591571952441431,0.67142858653153015,-0.51342127512852631,-0.27734052546181537,0.44688687653437692,-0.53388261545521609,-0.32930000642405466,0.17088638449588978,-0.53372146626540728,-0.54257695367551018,1.0,-0.46760809570834394,-0.37026555202125827,0.070049554021507476,0.39926654902608277,0.55523716515036592,0.47244574233645958,-0.57121739520004522,-0.12343087277163264,0.45369276094325034,-0.29991720289185009,-0.16794216577165788,0.56620560587733171,0.06705570209933176,-0.13085460336347435,-0.038638182523803966,-0.33240031491309752,0.57802373885548841,0.37800807767319028,-0.60622424614721304,-0.35122039120352422,-0.67159195439334618,0.58110509692437429
-0.91190802850798569,-0.7366004716715493,-0.59556863999999998,0.74475257070532974,0.32748770630927265,0.21635805393543014,0.2626894003370871,-0.42847200206090952,0.81299625218566951,0.68766091068544788,-0.78728244834303474,0.57158199167412915,-0.24860215883094483,0.55864245279436497,0.38624274884122262,0.37981003203891961,-0.46760809570834394,1.0,-0.24401658504350521,-0.41927694449635977,-0.75906087177628723,-0.65422480636202984,-0.97428875670838477,0.53731610202508895,0.32782883878191849,-0.3527033401503929,0.58883082126535946,-0.42596972061886634,-0.31619554793824167,-0.29324270300340544,0.13423224530800695,0.1018883133631422,0.73468269135149888,0.079149065521198506,-0.54307372847253621,0.40535990219889212,0.41692873579380713,0.52138617469926518,-0.22740678807880096
0.19748723582493044,-0.35862565704876276,-0.44137696000000004,-0.22556085839275419,0.015160352477513073,0.23606023837303564,0.76445980446126571,-0.61706327322960652,0.024596730688612456,-0.054158616967760476,0.41818998273948638,0.34107768732898924,0.7026649273429928,-0.73282790673406062,0.51222950056457428,0.33644562298627467,-0.37026555202125827,-0.24401658504350521,1.0,0.30460936568199404,0.23607315646891258,-0.21664540343144187,0.15828777887671025,0.29357702894002352,-0.064833593549527058,-0.59858712661047586,0.15108168196402427,0.70507118053557194,0.20669439159398922,0.43553963716035321,0.11880811531190573,0.16163675000621183,-0.20616643093218112,-0.44275344924819587,0.43006015105430662,0.26362143968049606,0.19544522849062312,0.40137731995201359,-0.61419969769241778
0.19290749114089559,0.34783320556356007,0.38614772000000008,0.15726314299812627,-0.45446040532182158,0.46520656727398452,0.1235338283604043,0.024181582714187622,-0.72207807111052502,-0.83487996530004593,0.099272530739238682,-0.33875244643108687,0.46153435135134568,-0.57722529886503438,0.20265029687787381,-0.10747944994413511,0.070049554021507476,-0.41927694449635977,0.30460936568199404,1.0,0.33318739748161463,0.67684782099464225,0.53023339432578109,-0.33228346630468741,-0.041575267248496306,-0.12617769998708589,-0.10661340386920556,0.4545781032097001,0.51010287750342997,0.0013916882402638178,-0.69156591189449235,-0.55722251628133945,-0.08926520160246422,-0.0073704061990157339,0.61138943097797815,-0.043031729878728164,-0.43906249461802699,-0.11961685710765695,-0.03335706025016244
0.57657210491268518,0.49988301575332178,0.44565495999999993,-0.37463456390672006,-0.30646092786927426,-0.26215799100381793,-0.068078274566347255,0.16116172283329727,-0.65613814944505178,-0.49266136938545657,0.58420790936785982,-0.17933331105864203,0.44221252565152358,-0.47451264043250652,-0.21773780602942014,-0.13552924522225435,0.39926654902608277,-0.75906087177628723,0.23607315646891258,0.33318739748161463,1.0,0.57351368049825191,0.71386469467151881,-0.70932429774875028,0.16152914209962099,0.2978503054457573,-0.36906989174859089,0.42711920931822184,0.22454636783585383,-0.026002181549593294,-0.16160888121660483,0.28498467068695954,-0.36534909822352957,-0.25788822795729083,0.68277226113594636,-0.65516487657964484,-0.5345811627150282,-0.21700905312682051,0.034732909530104085
0.41277297698105442,0.88650835118390126,0.92863266000000011,-0.14369330273537367,-0.55631474837682515,0.029175390889779322,-0.55596084055509076,0.68488148136092697,-0.95936957829874281,-0.82906036904202407,0.2011310688693245,-0.77923074136848702,-0.055678026808006653,-0.12749149918608207,-0.45890399480091837,-0.49904813376756835,0.55523716515036592,-0.65422480636202984,-0.21664540343144187,0.67684782099464225,0.57351368049825191,1.0,0.75389869905137208,-0.81969318916310208,-0.15145134221907561,0.40006256898708387,-0.29187036312006498,-0.014186140215588785,0.29407388260320838,-0.27172520559919366,-0.7262109753365481,-0.53506388389962367,-0.28881095232898196,0.16464796558055833,0.56926112778612969,-0.60469192560435436,-0.79272024500273153,-0.65479989902645741,0.57471400065998279
0.87744631816539675,0.79984431026167468,0.67519988000000009,-0.6676242992919208,-0.34546865956382888,-0.12876432878865218,-0.32440260568596746,0.4843152743589848,-0.89674214992511658,-0.81197055269659291,0.68027896125207588,-0.66282651867658871,0.23937682680542402,-0.55572181976582913,-0.37903301760877173,-0.36833800608435252,0.47244574233645958,-0.97428875670838477,0.15828777887671025,0.53023339432578109,0.71386469467151881,0.75389869905137208,1.0,-0.58587233519034776,-0.33399601548775798,0.39919311106160282,-0.58822427108484932,0.39245828355013862,0.33814626192415304,0.25008424236649979,-0.26944134374399997,-0.2352763044706199,-0.69926067029922934,-0.0089044452636750093,0.55149711535118717,-0.36046850960620891,-0.44112468600315807,-0.56679598399894526,0.29476306241845251
-0.31157301518351682,-0.74476874578431873,-0.80895046000000004,0.16322361256707138,0.31721677037227691,0.15966759585414786,0.55171627510328802,-0.60442478770706387,0.75857783598680095,0.55799675740704802,-0.17278813280293948,0.57094905609009172,0.034448439211973783,-0.015202169794646503,0.44771074160772112,0.27075311590959089,-0.57121739520004522,0.53731610202508895,0.29357702894002352,-0.33228346630468741,-0.70932429774875028,-0.81969318916310208,-0.58587233519034776,1.0,-0.16562410088883536,-0.61215395278329543,0.18084760313582288,0.17704232466820288,-0.18032148920066041,0.37878871981653722,0.51245437827996076,0.077897255573307581,0.29730443802838763,-0.21573236803463219,-0.54392248854517578,0.74296411401233642,0.69073799073809528,0.5234057998166779,-0.56751950772125004
-0.34388789769386863,-0.40250510512103149,-0.27079544,0.55625995279353813,0.15148272390103143,0.23778153239429797,0.14700007679705102,-0.40808253054752985,0.22290076616828342,0.078132846650721607,-0.35317718220829419,0.590167666261322,0.33491941451198692,-0.0028301540879503984,0.2836532943942518,0.45954808402884478,-0.12343087277163264,0.32782883878191849,-0.064833593549527058,-0.041575267248496306,0.16152914209962099,-0.15145134221907561,-0.33399601548775798,-0.16562410088883536,1.0,0.12492968161389857,-0.10193775320822693,0.043292024934511716,-0.010710411718064793,-0.21147163963731275,0.18789594706035775,0.56677461114193317,0.413796656277512,-0.17384867967293813,-0.11951565271392248,0.00582047995147289,0.083028132623151618,0.51418990632251926,-0.48482143081144841
0.40748961054257071,0.55806110560320266,0.52921035999999999,-0.31678490966699951,0.036756977637938948,-0.33958132282838638,-0.66338902140700085,0.57836410531780813,-0.38495086792746297,-0.30657399220258463,0.12808216042171061,-0.44410071045697203,-0.22856706943813138,0.14176668212363763,-0.4803321270818347,-0.17650519274908458,0.45369276094325034,-0.3527033401503929,-0.59858712661047586,-0.12617769998708589,0.2978503054457573,0.40006256898708387,0.39919311106160282,-0.61215395278329543,0.12492968161389857,1.0,-0.48682718824554538,-0.22101580151721648,-0.0088511599851182621,-0.10354703417534593,0.033479259942328074,0.099130978363015265,-0.38510099134189929,0.31761966870865693,-0.1136695375371069,-0.30050824534184772,-0.18881042757013772,-0.48253424425352542,0.45858504823747354
-0.74006368779273612,-0.4065157876899681,-0.29592328000000001,0.38796119420615022,0.22242217306996831,-0.0067081369244841238,0.37884064329155875,-0.28038938808027003,0.39541691959393777,0.47253215326852505,-0.45985228594022032,0.17778657503005321,-0.087891953814183799,0.31980999450495262,0.42963263994691459,0.30471679775469657,-0.29991720289185009,0.58883082126535946,0.15108168196402427,-0.10661340386920556,-0.36906989174859089,-0.29187036312006498,-0.58822427108484932,0.18084760313582288,-0.10193775320822693,-0.48682718824554538,1.0,-0.33706146401471143,-0.1059924357860841,-0.25512067865450144,-0.34619570394852694,-0.14250617578886682,0.45062414724283362,0.18805256160684403,0.18512721017907843,0.053601878363745775,0.073152890451184255,0.28433201727673107,0.10519610816462785
0.43414352779969334,-0.14609334901598817,-0.28616509999999995,-0.17106549740942681,-0.12627513331949144,0.1714812694889053,0.61963233836296316,-0.52551829892692736,-0.19341108609259228,-0.33487269875304804,0.54054542252113902,0.3155924299270102,0.80002544220949989,-0.88095048346093996,0.40239542862717814,0.2075461017945944,-0.16794216577165788,-0.42596972061886634,0.70507118053557194,0.4545781032097001,0.42711920931822184,-0.014186140215588785,0.39245828355013862,0.17704232466820288,0.043292024934511716,-0.22101580151721648,-0.33706146401471143,1.0,0.37035293795807739,0.46193533316169288,0.17533202649894,0.2093880007781827,-0.22864905589149481,-0.44388044272602495,0.35177434868601465,0.20108155496290775,0.077212952863148832,0.32926670875532693,-0.67765475033978262
0.2764044759119676,0.2073778066093023,0.15794759999999997,-0.035438807561166477,-0.0095183971215669905,0.050064758215506981,0.050345002528963921,0.00081477440980611828,-0.36577058275246954,-0.38241092904286383,0.45222538925030836,-0.13395376272530829,0.2889936365679292,-0.39742552495148098,0.18167909928763165,-0.14466200260495846,0.56620560587733171,-0.31619554793824167,0.20669439159398922,0.51010287750342997,0.22454636783585383,0.29407388260320838,0.33814626192415304,-0.18032148920066041,-0.010710411718064793,-0.0088511599851182621,-0.1059924357860841,0.37035293795807739,1.0,0.3835100941897886,-0.12685856681700058,-0.040604317835947173,-0.29971304308096314,0.55190033078608791,0.53792985090699708,-0.024905784720188784,0.037091838444429814,-0.16749732531754094,-0.010103279547244041
0.40691425754513849,-0.12542487574916603,-0.33637207999999996,-0.50700358554425895,0.61608441898107569,-0.2650082265947809,0.2888763144837237,-0.30505531073502562,0.046198182798652204,-0.11647927338896938,0.40523038557084351,0.058835049594507333,0.44197706317699248,-0.58887290804970038,0.42016224838455668,0.36899144063097716,0.06705570209933176,-0.29324270300340544,0.43553963716035321,0.0013916882402638178,-0.026002181549593294,-0.27172520559919366,0.25008424236649979,0.37878871981653722,-0.21147163963731275,-0.10354703417534593,-0.25512067865450144,0.46193533316169288,0.3835100941897886,1.0,0.37243101564426145,0.17559816448196927,-0.2759081432324092,0.18658043991544701,0.10959263493567878,0.54406284807355709,0.62631312544933493,0.23459032667476032,-0.30656825426146861
0.20440866765718257,-0.47899567779104768,-0.59584503999999994,-0.26507575595358607,0.33674390307992452,-0.1474129281316521,0.17976249960092436,-0.34280620307258924,0.62410055679726062,0.56951942265857514,0.31229202960810232,0.57661865483194519,0.011489808884813102,-0.007991388084102935,-0.017449560563411532,0.14131508096738371,-0.13085460336347435,0.13423224530800695,0.11880811531190573,-0.69156591189449235,-0.16160888121660483,-0.7262109753365481,-0.26944134374399997,0.51245437827996076,0.18789594706035775,0.033479259942328074,-0.34619570394852694,0.17533202649894,-0.12685856681700058,0.37243101564426145,1.0,0.73840205364021461,-0.20898098181974645,-0.20291507098643727,-0.56854556368237941,0.32058521868375778,0.63857655859145457,0.26999888245872611,-0.49776781215198518
0.04495132391356884,-0.45846841561457152,-0.51558104000000005,-0.086521355363493938,0.39797828535536106,-0.28304880650019176,0.29854660204325145,-0.46790770773764556,0.46853373697483575,0.47671522277063627,0.23303640015550334,0.69169948521286273,0.32700349796166622,-0.10410453922256291,0.16771755472369901,0.39764669349325088,-0.038638182523803966,0.1018883133631422,0.16163675000621183,-0.55722251628133945,0.28498467068695954,-0.53506388389962367,-0.2352763044706199,0.077897255573307581,0.56677461114193317,0.099130978363015265,-0.14250617578886682,0.2093880007781827,-0.040604317835947173,0.17559816448196927,0.73840205364021461,1.0,-0.017394413951842214,-0.20496893850254111,-0.12216021994433862,-0.015045327475615961,0.41112058326550704,0.44005260426370868,-0.49813693516915769
-0.85822785046002692,-0.49776062633887064,-0.35611919999999997,0.80903179596753583,0.20728818227478438,0.018956250976347296,0.25582338393370407,-0.39820758350836527,0.45336447303162908,0.34542623280231721,-0.79326583380356153,0.46577518978257448,-0.0094001285071325935,0.35078675742624854,0.44821756876039248,0.3722189117754347,-0.33240031491309752,0.73468269135149888,-0.20616643093218112,-0.08926520160246422,-0.36534909822352957,-0.28881095232898196,-0.69926067029922934,0.29730443802838763,0.413796656277512,-0.38510099134189929,0.45062414724283362,-0.22864905589149481,-0.29971304308096314,-0.2759081432324092,-0.20898098181974645,-0.017394413951842214,1.0,-0.12687263771731397,-0.18708520674973309,0.1290851957327897,0.032284671461344484,0.56700258798089209,-0.23716103757091203
-0.077374034725570598,0.27997937031450193,0.28107360000000003,-0.024343751861501325,0.37442997784153365,-0.23601739413507175,-0.41199289219802926,0.3869546301044724,-0.1102786316097948,-0.062203387300398212,-0.061815209383452474,-0.42357941644405572,-0.33625412449442199,0.28775127267964828,-0.025000098950974235,-0.090197071291653746,0.57802373885548841,0.079149065521198506,-0.44275344924819587,-0.0073704061990157339,-0.25788822795729083,0.16464796558055833,-0.0089044452636750093,-0.21573236803463219,-0.17384867967293813,0.31761966870865693,0.18805256160684403,-0.44388044272602495,0.55190033078608791,0.18658043991544701,-0.20291507098643727,-0.20496893850254111,-0.12687263771731397,1.0,0.12764933880332299,0.026273377327883152,0.17731594822899815,-0.34500486236116124,0.57831629234811943
0.24346432323794306,0.39812648722850541,0.37226168000000004,-0.18825947908337015,-0.14174234831551069,-0.15510978991624341,0.15972760352557117,0.047134824899019705,-0.63656569208911917,-0.49937197122926341,0.4000803977663232,-0.30332031725607522,0.46927421677048653,-0.49238405780451111,0.16558306363321615,-0.010230067650183699,0.37800807767319028,-0.54307372847253621,0.43006015105430662,0.61138943097797815,0.68277226113594636,0.56926112778612969,0.55149711535118717,-0.54392248854517578,-0.11951565271392248,-0.1136695375371069,0.18512721017907843,0.35177434868601465,0.53792985090699708,0.10959263493567878,-0.56854556368237941,-0.12216021994433862,-0.18708520674973309,0.12764933880332299,1.0,-0.43905459774707939,-0.43159080833002972,-0.16239464879566157,0.16350507806840126
-0.19581074134614285,-0.62647952669595763,-0.68778395999999997,0.11268175259152927,0.537167584661427,0.35470640834342615,0.4822861598985631,-0.58450524924451797,0.4888611417199813,0.1217094177121298,-0.29756336950110773,0.37011720374153678,0.30436912759479778,-0.29325779006398855,0.63540541828008212,0.58159400784593995,-0.60622424614721304,0.40535990219889212,0.26362143968049606,-0.043031729878728164,-0.65516487657964484,-0.60469192560435436,-0.36046850960620891,0.74296411401233642,0.00582047995147289,-0.30050824534184772,0.053601878363745775,0.20108155496290775,-0.024905784720188784,0.54406284807355709,0.32058521868375778,-0.015045327475615961,0.1290851957327897,0.026273377327883152,-0.43905459774707939,1.0,0.83026776470163943,0.53913289056653357,-0.51747174509936
-0.13308590451226318,-0.66645542398556679,-0.76625410000000005,-0.064594853445396491,0.77227542233398194,0.0016614831911023198,0.39959554331112013,-0.56069197166554852,0.67481176946560262,0.42516373645338496,-0.1061869417426809,0.50103817056243183,0.21003832641261405,-0.14056253272489505,0.521697704085616,0.58379891617373858,-0.35122039120352422,0.41692873579380713,0.19544522849062312,-0.43906249461802699,-0.5345811627150282,-0.79272024500273153,-0.44112468600315807,0.69073799073809528,0.083028132623151618,-0.18881042757013772,0.073152890451184255,0.077212952863148832,0.037091838444429814,0.62631312544933493,0.63857655859145457,0.41112058326550704,0.032284671461344484,0.17731594822899815,-0.43159080833002972,0.83026776470163943,1.0,0.49167277713918922,-0.45603123083946845
-0.52464377162625453,-0.8451331871662956,-0.83290631999999998,0.44154866615390276,0.47154977040375112,0.17332991147367383,0.78836192052252629,-0.90985002802443682,0.60856840641143917,0.36248742503891618,-0.38611595918426983,0.82455097406303268,0.58235767786983583,-0.26706431316719625,0.82337421367760977,0.82275830912192571,-0.67159195439334618,0.52138617469926518,0.40137731995201359,-0.11961685710765695,-0.21700905312682051,-0.65479989902645741,-0.56679598399894526,0.5234057998166779,0.51418990632251926,-0.48253424425352542,0.28433201727673107,0.32926670875532693,-0.16749732531754094,0.23459032667476032,0.26999888245872611,0.44005260426370868,0.56700258798089209,-0.34500486236116124,-0.16239464879566157,0.53913289056653357,0.49167277713918922,1.0,-0.78349256362956787
0.11615861731694639,0.76089556533811198,0.7920563599999999,-0.26758337597944243,-0.146799139928012,-0.35626439559009265,-0.79310928993677932,0.8953331361489395,-0.45592944558551696,-0.19537678499157207,-0.022210767812753732,-0.85162086766656064,-0.68225484331626085,0.52568314522566417,-0.62960518266774068,-0.53228556960371654,0.58110509692437429,-0.22740678807880096,-0.61419969769241778,-0.03335706025016244,0.034732909530104085,0.57471400065998279,0.29476306241845251,-0.56751950772125004,-0.48482143081144841,0.45858504823747354,0.10519610816462785,-0.67765475033978262,-0.010103279547244041,-0.30656825426146861,-0.49776781215198518,-0.49813693516915769,-0.23716103757091203,0.57831629234811943,0.16350507806840126,-0.51747174509936,-0.45603123083946845,-0.78349256362956787,1.0
