1.000000000000000000e+00,8.023361555246157906e-01,-2.274277409132157146e-01,-3.191440692238549093e-01,-6.284906172048925210e-01,-7.340135778787751919e-01,-8.910966126601597148e-01,-6.468662056346294875e-01,5.061899789537418481e-01,1.034719490111695173e-01,6.481273764479560384e-01,-8.505464306687360310e-01,2.039896627701328624e-01,-8.987381101371882952e-01,8.654902704026959936e-01,5.064193081512258221e-01,2.244261091018218135e-03,-6.561061283187505921e-01,-9.207195799999999819e-01,-6.795145750584308253e-01,8.792430587584927348e-01,2.374165258702177206e-01,-4.285472662267143518e-01,4.516186446932519694e-01,7.178263551682442234e-01,8.159386990778033644e-01,-6.743444069352467762e-01,-4.577325488047389590e-01,-8.829088852670554655e-01,-4.639616144236224926e-01,-9.285820065108181254e-01,1.714799575955925637e-01,-3.664195010164680855e-01,5.022372150072115793e-02,4.558765606040410256e-02,-8.165671939383279954e-01,5.491451786409369262e-01,-7.663658132085985342e-01,-1.630941466674303841e-01
8.023361555246157906e-01,1.000000000000000000e+00,9.106140060533458869e-02,-1.276457081369686275e-01,-5.381611372292636197e-01,-8.267873104762476499e-01,-7.977537869615729527e-01,-5.073912072368065296e-01,2.928935278397714614e-01,-1.425334202594926158e-01,5.031345060015259829e-01,-8.052895709354020992e-01,2.363102995713137755e-01,-8.519622459569140549e-01,8.230542415726502803e-01,4.534433827187558386e-01,-2.330874562900254465e-01,-7.325794350823846557e-01,-8.578207399999999705e-01,-7.566673394661451724e-01,8.501451778969342232e-01,4.270126996453171841e-01,-4.579360993927893420e-01,4.738430906080425831e-01,5.207383686077824425e-01,7.168695831852349709e-01,-8.473991895642859484e-01,-6.469275746955439610e-01,-7.532818976412541945e-01,-3.218008044062249939e-01,-7.772267440287826679e-01,5.084233545941452270e-01,-5.613244940750852230e-01,3.175256813827963542e-01,1.817667673013073637e-01,-8.359856957602278538e-01,6.201766352091580004e-01,-7.718292755105370384e-01,-4.084651131098536725e-01
-2.274277409132157146e-01,9.106140060533458869e-02,1.000000000000000000e+00,2.180064261548170512e-01,3.328793205211059147e-01,2.943521171336229564e-02,2.817444301817333963e-01,-2.718166900689867327e-01,2.790518845527725222e-01,7.644889630175177864e-03,-1.087132914581997872e-01,-1.209593051319841350e-01,-1.059738836061252937e-01,3.046583245395739770e-01,-2.451649626292922157e-01,-6.574214474649597850e-02,-3.143970549954479554e-01,1.791692879625735868e-01,1.244525800000000348e-01,-2.451812888764668408e-01,-2.600281306083734312e-01,1.926801056461146522e-01,1.931401688620546786e-01,-2.733046451115513364e-01,-2.426321091172535804e-01,-1.105499500076357194e-01,-7.389571699369515412e-02,-6.703836875899811532e-02,3.058303318349440969e-02,5.663625931533442515e-01,1.583832991671454138e-01,-2.211512092711141464e-01,3.207120853602343780e-01,-1.433762407633386027e-01,4.345444896971495941e-01,1.331033794161521483e-02,4.066631915130564101e-01,2.629901204263244141e-01,9.706445224042789532e-02
-3.191440692238549093e-01,-1.276457081369686275e-01,2.180064261548170512e-01,1.000000000000000000e+00,2.860027884922231589e-01,3.825583776602459740e-01,3.192568598257210510e-01,2.293001356655053335e-01,-3.684356827336466300e-01,-8.579185737197353445e-01,1.252653954546786574e-01,2.569873405614771511e-01,3.924425592466356250e-01,4.993601912787969110e-02,-2.875440189928915036e-01,-1.599787581933483083e-01,-1.669473165231820933e-01,-2.479110143615999018e-01,3.405421600000000382e-01,3.292246042330585487e-01,-3.776973134246389141e-01,7.814256817812654798e-01,-1.891966812484877636e-01,-3.142743600290446304e-01,-7.332036571688932414e-01,-6.792110179401663617e-01,-3.549766973590521846e-01,1.822685791152450219e-01,4.529136385995923830e-01,4.922323648564301823e-01,3.955796121899573525e-01,3.944068795466250110e-01,-1.140444288116293781e-01,6.470156702732259291e-01,-3.787963498453651989e-01,5.201750570616057168e-01,7.313819640035273961e-02,1.890700688904273230e-01,6.033808443571189173e-01
-6.284906172048925210e-01,-5.381611372292636197e-01,3.328793205211059147e-01,2.860027884922231589e-01,1.000000000000000000e+00,1.918863271449337549e-01,8.013332095025363921e-01,5.215644294704794293e-01,-2.634490454689448757e-01,-1.254655078719177919e-01,-1.133481413174078911e-01,3.955465811240603258e-01,-9.373004049221966838e-02,7.288988264649755022e-01,-8.681488015772872435e-01,-9.231121182720914975e-01,5.238666258380823004e-01,4.720124215992153593e-01,7.988752199999999970e-01,5.368701958639003902e-01,-7.430392624986504879e-01,-8.458712263833267908e-03,6.876667515632184369e-01,-7.519649663629504044e-01,-8.127835555130664691e-01,-4.982862285124433632e-01,3.375798885535246097e-01,4.939168567012595656e-01,7.765159867284520123e-01,8.704154998729434212e-01,5.130665089132820933e-01,-1.277904814901650310e-01,5.112422894829382614e-01,-3.190126105965228054e-01,5.160333072588155767e-01,6.298564758532904095e-01,-3.415940065811227111e-01,9.247284112603405548e-01,4.662004273847897284e-01
-7.340135778787751919e-01,-8.267873104762476499e-01,2.943521171336229564e-02,3.825583776602459740e-01,1.918863271449337549e-01,1.000000000000000000e+00,6.561265346358701178e-01,2.472575719204056499e-01,-1.956983208132816177e-01,-3.630177157760705597e-02,-5.420805606944952837e-01,8.016225847270415095e-01,-2.208114187197012523e-01,6.324380123107402607e-01,-6.067036910009391271e-01,-2.149733279471966602e-02,-2.858354182482341632e-01,5.268074211891614622e-01,6.707888600000000423e-01,6.110131022126142897e-01,-7.543826592054653224e-01,-1.826907036256526229e-01,1.362545559536463280e-01,-2.252907790523875076e-01,-4.357198834325985426e-01,-7.771801892395497902e-01,6.318546975646645025e-01,5.619115650142719742e-01,5.641567925718440346e-01,1.678444858243649529e-01,7.826943577146739939e-01,-4.122164358813767970e-01,4.262931246835602317e-01,1.254574163644436510e-02,-5.295563845064457098e-01,8.074163422706055471e-01,-3.886203686571300109e-01,4.746344512573281160e-01,4.173345759541584599e-01
-8.910966126601597148e-01,-7.977537869615729527e-01,2.817444301817333963e-01,3.192568598257210510e-01,8.013332095025363921e-01,6.561265346358701178e-01,1.000000000000000000e+00,5.030133722150038622e-01,-3.015593379169229649e-01,5.817591635506547121e-03,-5.478267579680801136e-01,8.103106136760157563e-01,-3.829423968503158915e-01,8.727830531832438954e-01,-9.822720492049499263e-01,-6.790472125786746194e-01,8.964242032051850106e-02,6.384354547016720671e-01,9.629935400000000367e-01,7.536860479650543398e-01,-9.710451823211857514e-01,-2.403822732018401354e-01,7.092244860527745498e-01,-5.865051131194826128e-01,-7.781965751005200937e-01,-6.775540264772693666e-01,6.288545386529907910e-01,7.331033385156290327e-01,8.643691593675999485e-01,6.355181816424286811e-01,8.528902389641260795e-01,-2.499755618888968023e-01,6.645924017330138156e-01,-2.727124647320410822e-01,1.714453743350724813e-01,8.564453782878596044e-01,-5.748837784127455164e-01,9.351480932001960955e-01,4.255160884718167114e-01
-6.468662056346294875e-01,-5.073912072368065296e-01,-2.718166900689867327e-01,2.293001356655053335e-01,5.215644294704794293e-01,2.472575719204056499e-01,5.030133722150038622e-01,1.000000000000000000e+00,-8.277217445421821695e-01,-3.748743008981486602e-01,-1.714271524214735498e-01,5.760395386252946670e-01,1.344285424829973208e-01,4.863154112381765093e-01,-5.436705252151307066e-01,-6.858532589085941655e-01,5.162112227003573528e-01,2.234526452591965862e-01,6.856032199999999577e-01,7.299674704440429762e-01,-4.529112650151674302e-01,-1.034503175765256328e-01,1.994166483419244906e-01,-2.827475545124424894e-01,-6.069790927022534754e-01,-5.848277462908572089e-01,3.821215704255998546e-01,2.418384495776933207e-01,8.443790296438921095e-01,2.159448301260673275e-01,6.038109511893350323e-01,3.461003897987665057e-01,-1.971588286516588184e-01,2.644495529921982446e-01,-9.400380592555787618e-02,5.546927044929491624e-01,-6.080050419072726697e-01,4.855627051812912987e-01,-1.870975082923178462e-02
5.061899789537418481e-01,2.928935278397714614e-01,2.790518845527725222e-01,-3.684356827336466300e-01,-2.634490454689448757e-01,-1.956983208132816177e-01,-3.015593379169229649e-01,-8.277217445421821695e-01,1.000000000000000000e+00,5.517117038308749777e-01,9.937865321812978936e-02,-4.699254079709102583e-01,-1.787999503274073365e-01,-2.513543059436486593e-01,3.007499781746292844e-01,3.936649726667990068e-01,-2.378564503480767311e-01,1.121995570220075261e-01,-4.588602800000000093e-01,-5.504556927470198868e-01,2.362066859971019284e-01,-1.357939828808108762e-01,-6.403735786500231938e-03,3.436677597575550913e-01,5.423300095911594010e-01,5.467349547030736501e-01,-1.057697540183827334e-01,8.365504739650314256e-03,-6.514692037152209902e-01,-3.353775032453121946e-02,-5.051310189972567644e-01,-5.495899087954830842e-01,3.952571568591303208e-01,-4.558521906660421563e-01,2.517226364116786352e-01,-3.705354947112295960e-01,5.230808180720687428e-01,-2.067062948995984917e-01,1.780477509950945947e-01
1.034719490111695173e-01,-1.425334202594926158e-01,7.644889630175177864e-03,-8.579185737197353445e-01,-1.254655078719177919e-01,-3.630177157760705597e-02,5.817591635506547121e-03,-3.748743008981486602e-01,5.517117038308749777e-01,1.000000000000000000e+00,-3.818721226890809395e-01,-2.481647567765921103e-03,-6.100888104026040981e-01,2.041189176821018858e-01,-1.475083685633568620e-02,1.267104375716842091e-01,-3.268998396251332483e-02,4.959456223438446498e-01,-9.107542000000001803e-02,-1.539524068559892656e-01,2.049874428363740453e-03,-8.663262566265889086e-01,4.429994074208835064e-01,1.676082757363338560e-01,5.846957296518296987e-01,5.210163716441125192e-01,5.563874628933253019e-01,1.590522798746357713e-01,-3.268837150261636459e-01,-2.980336753313230780e-01,-1.266456311165490844e-01,-6.841393826177724069e-01,5.590260168441492095e-01,-8.311282267439561444e-01,4.005740897517271470e-01,-2.510302209804345930e-01,-1.751845565892580225e-01,9.111110700382790695e-02,-2.815575362022048056e-01
6.481273764479560384e-01,5.031345060015259829e-01,-1.087132914581997872e-01,1.252653954546786574e-01,-1.133481413174078911e-01,-5.420805606944952837e-01,-5.478267579680801136e-01,-1.714271524214735498e-01,9.937865321812978936e-02,-3.818721226890809395e-01,1.000000000000000000e+00,-6.882598841255015421e-01,3.350200765313871010e-01,-5.708646028512919246e-01,4.673457327177109599e-01,2.369787777557075606e-02,3.944971736557599251e-01,-6.482593684018059799e-01,-4.909686800000000462e-01,-3.071188708397582512e-01,5.660632775393829030e-01,5.568277144066839934e-01,-3.476920857564229639e-01,-8.448689852237026288e-02,8.630468985719648434e-02,2.517505916397966836e-01,-6.156372361195145970e-01,-2.726004465832312373e-01,-3.519413901091830166e-01,7.942013149786097959e-02,-6.821427593466294903e-01,2.447902534344074954e-01,-4.059364742048895969e-01,2.004582638164251751e-01,-1.457130174024962033e-03,-3.275673955851287067e-01,5.518982913436163429e-01,-3.542724438040306678e-01,1.641371076759623737e-01
-8.505464306687360310e-01,-8.052895709354020992e-01,-1.209593051319841350e-01,2.569873405614771511e-01,3.955465811240603258e-01,8.016225847270415095e-01,8.103106136760157563e-01,5.760395386252946670e-01,-4.699254079709102583e-01,-2.481647567765921103e-03,-6.882598841255015421e-01,1.000000000000000000e+00,-3.874953205209184515e-01,6.932578357518718315e-01,-7.638255706032293091e-01,-3.739293242134626438e-01,-1.042246892237627953e-01,5.137177433071108412e-01,8.467303799999998937e-01,8.372253254467871830e-01,-8.236579647673467619e-01,-3.639760404340642852e-01,4.459598434000085487e-01,-2.541676976096098328e-01,-5.480092598948932414e-01,-6.669021506202362781e-01,6.889456362819634805e-01,6.735946348324155508e-01,7.866060326287782623e-01,1.542306882479985153e-01,8.841476831264682978e-01,-1.014952388110825776e-01,4.071034353082051416e-01,-1.784645661224627811e-02,-2.412126821889493122e-01,8.179181198796420249e-01,-7.693014771036995603e-01,6.368148345348013661e-01,2.138316130966713413e-01
2.039896627701328624e-01,2.363102995713137755e-01,-1.059738836061252937e-01,3.924425592466356250e-01,-9.373004049221966838e-02,-2.208114187197012523e-01,-3.829423968503158915e-01,1.344285424829973208e-01,-1.787999503274073365e-01,-6.100888104026040981e-01,3.350200765313871010e-01,-3.874953205209184515e-01,1.000000000000000000e+00,-2.996225545982695859e-01,3.156068398894594229e-01,7.653360770306012750e-02,2.544386211694006916e-01,-2.967569172438205283e-01,-2.442919599999999747e-01,-2.662794803411065447e-01,2.838218637366462516e-01,6.185384225250889489e-01,-6.280386397336947812e-01,1.320893619043405354e-01,-7.735271480877832506e-02,-1.582881493156511887e-01,-5.025584200785259137e-01,-5.316658228371482497e-01,-5.236225556725176977e-02,5.306824406415434209e-02,-2.010990382225851525e-01,3.734504818566565243e-01,-6.160376151377793263e-01,5.765104521898243295e-01,-2.545873720154271380e-01,-2.078222646873835733e-01,3.685101838949346731e-01,-3.259854967614589927e-01,1.357778141639375824e-01
-8.987381101371882952e-01,-8.519622459569140549e-01,3.046583245395739770e-01,4.993601912787969110e-02,7.288988264649755022e-01,6.324380123107402607e-01,8.727830531832438954e-01,4.863154112381765093e-01,-2.513543059436486593e-01,2.041189176821018858e-01,-5.708646028512919246e-01,6.932578357518718315e-01,-2.996225545982695859e-01,1.000000000000000000e+00,-8.971916963692786462e-01,-5.751722345336074405e-01,1.928121303164148370e-01,8.303804719873374429e-01,8.786278400000000488e-01,5.595153128060852410e-01,-8.657213672663617299e-01,-4.316592551498542041e-01,6.033883265424625497e-01,-5.754291695528517270e-01,-5.830586934591268644e-01,-6.488013368464070618e-01,8.117542107607944590e-01,4.718621128924239683e-01,7.629149314839726026e-01,5.468393227480760066e-01,7.741235824204307781e-01,-5.044299893958106296e-01,6.021262173082572167e-01,-4.360287742291674706e-01,2.154071132982852688e-01,7.199360748935058618e-01,-4.802012235190632472e-01,8.766375050007434444e-01,2.047632534748838051e-01
8.654902704026959936e-01,8.230542415726502803e-01,-2.451649626292922157e-01,-2.875440189928915036e-01,-8.681488015772872435e-01,-6.067036910009391271e-01,-9.822720492049499263e-01,-5.436705252151307066e-01,3.007499781746292844e-01,-1.475083685633568620e-02,4.673457327177109599e-01,-7.638255706032293091e-01,3.156068398894594229e-01,-8.971916963692786462e-01,1.000000000000000000e+00,7.620612228448677694e-01,-2.426964406097156246e-01,-6.595821997356409172e-01,-9.738564400000000454e-01,-7.597718202544561095e-01,9.654003231223138304e-01,2.483086121812689562e-01,-7.241180609761523890e-01,6.393914039043876452e-01,7.871018221171333096e-01,6.699595855898368146e-01,-6.454650248164821580e-01,-7.219096742128434663e-01,-8.834413312692768194e-01,-6.863697231124059606e-01,-8.129736382233464509e-01,2.860612559320371284e-01,-6.678986142198481968e-01,3.221298616806400616e-01,-2.329096041178121412e-01,-8.505221024868663271e-01,5.746171894420135651e-01,-9.776253535479023649e-01,-4.726459102471971541e-01
5.064193081512258221e-01,4.534433827187558386e-01,-6.574214474649597850e-02,-1.599787581933483083e-01,-9.231121182720914975e-01,-2.149733279471966602e-02,-6.790472125786746194e-01,-6.858532589085941655e-01,3.936649726667990068e-01,1.267104375716842091e-01,2.369787777557075606e-02,-3.739293242134626438e-01,7.653360770306012750e-02,-5.751722345336074405e-01,7.620612228448677694e-01,1.000000000000000000e+00,-6.983598228551827214e-01,-3.281022593540427468e-01,-7.350129800000000380e-01,-6.345687615196901055e-01,6.009980415186040315e-01,9.679915302226228813e-02,-6.792992993583614192e-01,6.066831796676662725e-01,7.099886640053248987e-01,3.449512708098217417e-01,-3.081900695491915365e-01,-4.996083679289898827e-01,-7.723564090214120048e-01,-6.749511657430563583e-01,-4.292860160358521471e-01,-8.130785073586924150e-02,-3.375908780848790314e-01,2.375027675790314652e-01,-5.053886625380854536e-01,-5.269738387775011468e-01,4.861720799832501827e-01,-8.244880562376579736e-01,-3.419571478883555726e-01
2.244261091018218135e-03,-2.330874562900254465e-01,-3.143970549954479554e-01,-1.669473165231820933e-01,5.238666258380823004e-01,-2.858354182482341632e-01,8.964242032051850106e-02,5.162112227003573528e-01,-2.378564503480767311e-01,-3.268998396251332483e-02,3.944971736557599251e-01,-1.042246892237627953e-01,2.544386211694006916e-01,1.928121303164148370e-01,-2.426964406097156246e-01,-6.983598228551827214e-01,1.000000000000000000e+00,1.383358639716464333e-01,2.387922000000000100e-01,2.836552907066450246e-01,-5.800790688677294471e-02,-1.011732039217165813e-01,2.516869589442075617e-01,-3.985027095785226847e-01,-2.267184204378020762e-01,-3.666101503991778254e-02,1.639676813773401631e-01,8.426386375247599259e-02,3.312858417353557461e-01,2.896273047174529047e-01,-9.744807119865546430e-02,-2.039782258362750345e-02,-2.166966840962832042e-02,-2.467790529487309537e-01,3.190577138475826358e-01,1.109943305335497205e-01,-2.308720172553027639e-01,3.725355651765570042e-01,1.797248301630759715e-01
-6.561061283187505921e-01,-7.325794350823846557e-01,1.791692879625735868e-01,-2.479110143615999018e-01,4.720124215992153593e-01,5.268074211891614622e-01,6.384354547016720671e-01,2.234526452591965862e-01,1.121995570220075261e-01,4.959456223438446498e-01,-6.482593684018059799e-01,5.137177433071108412e-01,-2.967569172438205283e-01,8.303804719873374429e-01,-6.595821997356409172e-01,-3.281022593540427468e-01,1.383358639716464333e-01,1.000000000000000000e+00,6.181452199999999397e-01,3.165080319202592807e-01,-6.657374779021243416e-01,-6.150672215405269538e-01,4.563903783210158105e-01,-2.455810513998754607e-01,-2.023765706578520562e-01,-3.687205859455521262e-01,8.335483414933551050e-01,3.602037558714445420e-01,4.475949083584735977e-01,3.192366606869430079e-01,5.661484898673391220e-01,-7.033742353539669256e-01,6.147705510550658392e-01,-5.625525792290950733e-01,1.849566450721460698e-01,5.125552256218824931e-01,-3.525194938526565180e-01,6.627049670283269300e-01,1.172528661401873729e-01
-9.207195799999999819e-01,-8.578207399999999705e-01,1.244525800000000348e-01,3.405421600000000382e-01,7.988752199999999970e-01,6.707888600000000423e-01,9.629935400000000367e-01,6.856032199999999577e-01,-4.588602800000000093e-01,-9.107542000000001803e-02,-4.909686800000000462e-01,8.467303799999998937e-01,-2.442919599999999747e-01,8.786278400000000488e-01,-9.738564400000000454e-01,-7.350129800000000380e-01,2.387922000000000100e-01,6.181452199999999397e-01,1.000000000000000000e+00,8.458493400000000051e-01,-9.531106599999999984e-01,-2.353760400000000086e-01,6.150813200000000425e-01,-5.660261200000000770e-01,-8.055329399999999751e-01,-7.592092400000000074e-01,6.638015200000000338e-01,6.948373199999999805e-01,9.544734399999998953e-01,5.848583000000000531e-01,8.850142199999999626e-01,-1.734077600000000219e-01,5.175447799999999265e-01,-1.600957600000000314e-01,6.761207999999996332e-02,8.952181800000000855e-01,-6.455270799999999198e-01,9.177986000000000200e-01,4.118682799999999755e-01
-6.795145750584308253e-01,-7.566673394661451724e-01,-2.451812888764668408e-01,3.292246042330585487e-01,5.368701958639003902e-01,6.110131022126142897e-01,7.536860479650543398e-01,7.299674704440429762e-01,-5.504556927470198868e-01,-1.539524068559892656e-01,-3.071188708397582512e-01,8.372253254467871830e-01,-2.662794803411065447e-01,5.595153128060852410e-01,-7.597718202544561095e-01,-6.345687615196901055e-01,2.836552907066450246e-01,3.165080319202592807e-01,8.458493400000000051e-01,1.000000000000000000e+00,-7.596199537757630793e-01,-2.375182963451534235e-01,4.935172558123373521e-01,-3.601444221642511323e-01,-6.373422878422815296e-01,-6.059945974526859125e-01,5.588486937155643375e-01,7.862491238390559856e-01,8.538939913957157568e-01,2.485979227088220833e-01,7.684029789300084179e-01,4.692657012707668329e-02,3.284997131114431590e-01,3.934695140603017977e-02,-1.926940130476835211e-01,8.183550546059685793e-01,-7.717680729987103083e-01,6.842845987659089690e-01,4.132841527131506654e-01
8.792430587584927348e-01,8.501451778969342232e-01,-2.600281306083734312e-01,-3.776973134246389141e-01,-7.430392624986504879e-01,-7.543826592054653224e-01,-9.710451823211857514e-01,-4.529112650151674302e-01,2.362066859971019284e-01,2.049874428363740453e-03,5.660632775393829030e-01,-8.236579647673467619e-01,2.838218637366462516e-01,-8.657213672663617299e-01,9.654003231223138304e-01,6.009980415186040315e-01,-5.800790688677294471e-02,-6.657374779021243416e-01,-9.531106599999999984e-01,-7.596199537757630793e-01,1.000000000000000000e+00,2.177568324878685069e-01,-6.221219868842527978e-01,5.237390393572832759e-01,7.446508460168111965e-01,7.218278181583899222e-01,-6.430758404045519017e-01,-7.469337271826723690e-01,-8.421478631762467915e-01,-6.101990003065118628e-01,-8.784581627901054679e-01,3.202474762673672704e-01,-6.794213075329254004e-01,2.256989240558865961e-01,-6.439493659692943628e-02,-8.825551697440711107e-01,5.459533014665545192e-01,-9.047715604557173830e-01,-5.395902063351332156e-01
2.374165258702177206e-01,4.270126996453171841e-01,1.926801056461146522e-01,7.814256817812654798e-01,-8.458712263833267908e-03,-1.826907036256526229e-01,-2.403822732018401354e-01,-1.034503175765256328e-01,-1.357939828808108762e-01,-8.663262566265889086e-01,5.568277144066839934e-01,-3.639760404340642852e-01,6.185384225250889489e-01,-4.316592551498542041e-01,2.483086121812689562e-01,9.679915302226228813e-02,-1.011732039217165813e-01,-6.150672215405269538e-01,-2.353760400000000086e-01,-2.375182963451534235e-01,2.177568324878685069e-01,1.000000000000000000e+00,-4.986088512397314210e-01,-1.334352210274444839e-01,-3.609148748762268100e-01,-2.274713824563502351e-01,-8.140175988315190292e-01,-3.076727966483216448e-01,-6.496908732268469322e-02,3.276214368658290077e-01,-2.180487255996913509e-01,5.315561828456850657e-01,-4.503217788906245245e-01,6.697233327444910289e-01,-2.296918460146840923e-01,-3.564461143648151725e-02,5.249862397313255213e-01,-2.673406202674514787e-01,3.520127514965452065e-01
-4.285472662267143518e-01,-4.579360993927893420e-01,1.931401688620546786e-01,-1.891966812484877636e-01,6.876667515632184369e-01,1.362545559536463280e-01,7.092244860527745498e-01,1.994166483419244906e-01,-6.403735786500231938e-03,4.429994074208835064e-01,-3.476920857564229639e-01,4.459598434000085487e-01,-6.280386397336947812e-01,6.033883265424625497e-01,-7.241180609761523890e-01,-6.792992993583614192e-01,2.516869589442075617e-01,4.563903783210158105e-01,6.150813200000000425e-01,4.935172558123373521e-01,-6.221219868842527978e-01,-4.986088512397314210e-01,1.000000000000000000e+00,-5.208853646360984690e-01,-3.564866827075158229e-01,-2.438428576218284669e-02,5.138120766199010259e-01,6.694248517416210298e-01,4.587059318381625506e-01,4.119332748868890226e-01,3.667530890174849345e-01,-2.907104632770824426e-01,7.832872060181397256e-01,-6.825384820520213891e-01,6.445900862591109615e-01,3.658680244376449897e-01,-5.596147270700785326e-01,7.850994028409081782e-01,1.932401221054396712e-01
4.516186446932519694e-01,4.738430906080425831e-01,-2.733046451115513364e-01,-3.142743600290446304e-01,-7.519649663629504044e-01,-2.252907790523875076e-01,-5.865051131194826128e-01,-2.827475545124424894e-01,3.436677597575550913e-01,1.676082757363338560e-01,-8.448689852237026288e-02,-2.541676976096098328e-01,1.320893619043405354e-01,-5.754291695528517270e-01,6.393914039043876452e-01,6.066831796676662725e-01,-3.985027095785226847e-01,-2.455810513998754607e-01,-5.660261200000000770e-01,-3.601444221642511323e-01,5.237390393572832759e-01,-1.334352210274444839e-01,-5.208853646360984690e-01,1.000000000000000000e+00,6.891330773971122703e-01,4.930738599547971890e-01,-2.174730710837597947e-01,-2.610957777803475377e-01,-5.358501380597930908e-01,-6.814232225163954215e-01,-3.270949390948526547e-01,2.211446658575108026e-01,-4.280601310567372364e-01,3.376568000228774014e-01,-3.036485569002752016e-01,-5.004398041726643154e-01,2.485951864255074306e-01,-7.002460009061025614e-01,-3.763704427859874690e-01
7.178263551682442234e-01,5.207383686077824425e-01,-2.426321091172535804e-01,-7.332036571688932414e-01,-8.127835555130664691e-01,-4.357198834325985426e-01,-7.781965751005200937e-01,-6.069790927022534754e-01,5.423300095911594010e-01,5.846957296518296987e-01,8.630468985719648434e-02,-5.480092598948932414e-01,-7.735271480877832506e-02,-5.830586934591268644e-01,7.871018221171333096e-01,7.099886640053248987e-01,-2.267184204378020762e-01,-2.023765706578520562e-01,-8.055329399999999751e-01,-6.373422878422815296e-01,7.446508460168111965e-01,-3.609148748762268100e-01,-3.564866827075158229e-01,6.891330773971122703e-01,1.000000000000000000e+00,8.109292341363852907e-01,-1.293892737423417150e-01,-4.595760445352813917e-01,-8.692027383467948454e-01,-7.920386201235484203e-01,-6.616614573002057575e-01,-1.759270868515618313e-01,-2.290949324017493016e-01,-1.787476598803424410e-01,-3.510156579437423430e-02,-7.996664866773295355e-01,3.043829252972027333e-01,-7.438230393525040451e-01,-5.416659024827608082e-01
8.159386990778033644e-01,7.168695831852349709e-01,-1.105499500076357194e-01,-6.792110179401663617e-01,-4.982862285124433632e-01,-7.771801892395497902e-01,-6.775540264772693666e-01,-5.848277462908572089e-01,5.467349547030736501e-01,5.210163716441125192e-01,2.517505916397966836e-01,-6.669021506202362781e-01,-1.582881493156511887e-01,-6.488013368464070618e-01,6.699595855898368146e-01,3.449512708098217417e-01,-3.666101503991778254e-02,-3.687205859455521262e-01,-7.592092400000000074e-01,-6.059945974526859125e-01,7.218278181583899222e-01,-2.274713824563502351e-01,-2.438428576218284669e-02,4.930738599547971890e-01,8.109292341363852907e-01,1.000000000000000000e+00,-3.628146439999628825e-01,-3.324509198087091666e-01,-8.052860941419129892e-01,-5.108384001816028697e-01,-7.695754814186446247e-01,6.078244470199406502e-02,-1.057147039966211954e-01,-2.825883597070762421e-01,4.166307795449808449e-01,-8.641947424980170878e-01,2.703810560904971738e-01,-5.623989247639470390e-01,-4.347086899751083089e-01
-6.743444069352467762e-01,-8.473991895642859484e-01,-7.389571699369515412e-02,-3.549766973590521846e-01,3.375798885535246097e-01,6.318546975646645025e-01,6.288545386529907910e-01,3.821215704255998546e-01,-1.057697540183827334e-01,5.563874628933253019e-01,-6.156372361195145970e-01,6.889456362819634805e-01,-5.025584200785259137e-01,8.117542107607944590e-01,-6.454650248164821580e-01,-3.081900695491915365e-01,1.639676813773401631e-01,8.335483414933551050e-01,6.638015200000000338e-01,5.588486937155643375e-01,-6.430758404045519017e-01,-8.140175988315190292e-01,5.138120766199010259e-01,-2.174730710837597947e-01,-1.293892737423417150e-01,-3.628146439999628825e-01,1.000000000000000000e+00,5.116762346060836908e-01,5.086983464765748586e-01,4.895309196079208891e-02,6.190548208257530272e-01,-6.409986174936612713e-01,5.614657886788542163e-01,-5.477983716796249736e-01,9.705494735923140409e-03,5.490984677400225777e-01,-6.032934664561609983e-01,6.207461158938906154e-01,-2.193388395275563257e-03
-4.577325488047389590e-01,-6.469275746955439610e-01,-6.703836875899811532e-02,1.822685791152450219e-01,4.939168567012595656e-01,5.619115650142719742e-01,7.331033385156290327e-01,2.418384495776933207e-01,8.365504739650314256e-03,1.590522798746357713e-01,-2.726004465832312373e-01,6.735946348324155508e-01,-5.316658228371482497e-01,4.718621128924239683e-01,-7.219096742128434663e-01,-4.996083679289898827e-01,8.426386375247599259e-02,3.602037558714445420e-01,6.948373199999999805e-01,7.862491238390559856e-01,-7.469337271826723690e-01,-3.076727966483216448e-01,6.694248517416210298e-01,-2.610957777803475377e-01,-4.595760445352813917e-01,-3.324509198087091666e-01,5.116762346060836908e-01,1.000000000000000000e+00,5.641823468710792655e-01,3.415938979703143086e-01,5.469343779549471485e-01,-2.536813584075239825e-01,7.174905116099133950e-01,-3.032358095276723176e-01,1.465981838865768050e-02,7.217255882029796066e-01,-5.304779882537203894e-01,6.983761361322756711e-01,6.176104149169205915e-01
-8.829088852670554655e-01,-7.532818976412541945e-01,3.058303318349440969e-02,4.529136385995923830e-01,7.765159867284520123e-01,5.641567925718440346e-01,8.643691593675999485e-01,8.443790296438921095e-01,-6.514692037152209902e-01,-3.268837150261636459e-01,-3.519413901091830166e-01,7.866060326287782623e-01,-5.236225556725176977e-02,7.629149314839726026e-01,-8.834413312692768194e-01,-7.723564090214120048e-01,3.312858417353557461e-01,4.475949083584735977e-01,9.544734399999998953e-01,8.538939913957157568e-01,-8.421478631762467915e-01,-6.496908732268469322e-02,4.587059318381625506e-01,-5.358501380597930908e-01,-8.692027383467948454e-01,-8.052860941419129892e-01,5.086983464765748586e-01,5.641823468710792655e-01,1.000000000000000000e+00,5.610521023263853602e-01,8.454901305309685533e-01,7.429138907703934647e-02,2.546041503855983046e-01,7.443993956167832549e-02,-1.566877397183756571e-02,8.599122897695925527e-01,-6.187365299797887852e-01,8.165322117949741498e-01,3.520270916641967673e-01
-4.639616144236224926e-01,-3.218008044062249939e-01,5.663625931533442515e-01,4.922323648564301823e-01,8.704154998729434212e-01,1.678444858243649529e-01,6.355181816424286811e-01,2.159448301260673275e-01,-3.353775032453121946e-02,-2.980336753313230780e-01,7.942013149786097959e-02,1.542306882479985153e-01,5.306824406415434209e-02,5.468393227480760066e-01,-6.863697231124059606e-01,-6.749511657430563583e-01,2.896273047174529047e-01,3.192366606869430079e-01,5.848583000000000531e-01,2.485979227088220833e-01,-6.101990003065118628e-01,3.276214368658290077e-01,4.119332748868890226e-01,-6.814232225163954215e-01,-7.920386201235484203e-01,-5.108384001816028697e-01,4.895309196079208891e-02,3.415938979703143086e-01,5.610521023263853602e-01,1.000000000000000000e+00,3.522738780737062481e-01,-1.486825913798517362e-01,4.428487045892701146e-01,-1.690706181066390645e-01,4.225159683181317072e-01,5.475559680322991118e-01,8.868137477701419635e-02,7.423544916837961916e-01,6.034026898636769554e-01
-9.285820065108181254e-01,-7.772267440287826679e-01,1.583832991671454138e-01,3.955796121899573525e-01,5.130665089132820933e-01,7.826943577146739939e-01,8.528902389641260795e-01,6.038109511893350323e-01,-5.051310189972567644e-01,-1.266456311165490844e-01,-6.821427593466294903e-01,8.841476831264682978e-01,-2.010990382225851525e-01,7.741235824204307781e-01,-8.129736382233464509e-01,-4.292860160358521471e-01,-9.744807119865546430e-02,5.661484898673391220e-01,8.850142199999999626e-01,7.684029789300084179e-01,-8.784581627901054679e-01,-2.180487255996913509e-01,3.667530890174849345e-01,-3.270949390948526547e-01,-6.616614573002057575e-01,-7.695754814186446247e-01,6.190548208257530272e-01,5.469343779549471485e-01,8.454901305309685533e-01,3.522738780737062481e-01,1.000000000000000000e+00,-8.919806492373896778e-02,3.609198037552946436e-01,7.052313869582092776e-02,-1.773385922812514004e-01,8.132179375476630279e-01,-5.907051321298002478e-01,6.845902128185046287e-01,2.559067785363804415e-01
1.714799575955925637e-01,5.084233545941452270e-01,-2.211512092711141464e-01,3.944068795466250110e-01,-1.277904814901650310e-01,-4.122164358813767970e-01,-2.499755618888968023e-01,3.461003897987665057e-01,-5.495899087954830842e-01,-6.841393826177724069e-01,2.447902534344074954e-01,-1.014952388110825776e-01,3.734504818566565243e-01,-5.044299893958106296e-01,2.860612559320371284e-01,-8.130785073586924150e-02,-2.039782258362750345e-02,-7.033742353539669256e-01,-1.734077600000000219e-01,4.692657012707668329e-02,3.202474762673672704e-01,5.315561828456850657e-01,-2.907104632770824426e-01,2.211446658575108026e-01,-1.759270868515618313e-01,6.078244470199406502e-02,-6.409986174936612713e-01,-2.536813584075239825e-01,7.429138907703934647e-02,-1.486825913798517362e-01,-8.919806492373896778e-02,1.000000000000000000e+00,-6.954283540221719573e-01,7.609302456358162381e-01,-1.153378076345177305e-01,-2.008081820288793451e-01,-3.727769016647483613e-02,-3.511226467278167895e-01,-2.180034861766629306e-01
-3.664195010164680855e-01,-5.613244940750852230e-01,3.207120853602343780e-01,-1.140444288116293781e-01,5.112422894829382614e-01,4.262931246835602317e-01,6.645924017330138156e-01,-1.971588286516588184e-01,3.952571568591303208e-01,5.590260168441492095e-01,-4.059364742048895969e-01,4.071034353082051416e-01,-6.160376151377793263e-01,6.021262173082572167e-01,-6.678986142198481968e-01,-3.375908780848790314e-01,-2.166966840962832042e-02,6.147705510550658392e-01,5.175447799999999265e-01,3.284997131114431590e-01,-6.794213075329254004e-01,-4.503217788906245245e-01,7.832872060181397256e-01,-4.280601310567372364e-01,-2.290949324017493016e-01,-1.057147039966211954e-01,5.614657886788542163e-01,7.174905116099133950e-01,2.546041503855983046e-01,4.428487045892701146e-01,3.609198037552946436e-01,-6.954283540221719573e-01,1.000000000000000000e+00,-7.631607149887478236e-01,4.027748059546901738e-01,4.448742060623556149e-01,-3.021303321358685956e-01,7.156972089496391742e-01,4.850197149299725896e-01
5.022372150072115793e-02,3.175256813827963542e-01,-1.433762407633386027e-01,6.470156702732259291e-01,-3.190126105965228054e-01,1.254574163644436510e-02,-2.727124647320410822e-01,2.644495529921982446e-01,-4.558521906660421563e-01,-8.311282267439561444e-01,2.004582638164251751e-01,-1.784645661224627811e-02,5.765104521898243295e-01,-4.360287742291674706e-01,3.221298616806400616e-01,2.375027675790314652e-01,-2.467790529487309537e-01,-5.625525792290950733e-01,-1.600957600000000314e-01,3.934695140603017977e-02,2.256989240558865961e-01,6.697233327444910289e-01,-6.825384820520213891e-01,3.376568000228774014e-01,-1.787476598803424410e-01,-2.825883597070762421e-01,-5.477983716796249736e-01,-3.032358095276723176e-01,7.443993956167832549e-02,-1.690706181066390645e-01,7.052313869582092776e-02,7.609302456358162381e-01,-7.631607149887478236e-01,1.000000000000000000e+00,-6.076490515215077215e-01,5.089022097953271699e-03,1.731812054811845969e-01,-4.542845103165972231e-01,-1.760370535651155713e-02
4.558765606040410256e-02,1.817667673013073637e-01,4.345444896971495941e-01,-3.787963498453651989e-01,5.160333072588155767e-01,-5.295563845064457098e-01,1.714453743350724813e-01,-9.400380592555787618e-02,2.517226364116786352e-01,4.005740897517271470e-01,-1.457130174024962033e-03,-2.412126821889493122e-01,-2.545873720154271380e-01,2.154071132982852688e-01,-2.329096041178121412e-01,-5.053886625380854536e-01,3.190577138475826358e-01,1.849566450721460698e-01,6.761207999999996332e-02,-1.926940130476835211e-01,-6.439493659692943628e-02,-2.296918460146840923e-01,6.445900862591109615e-01,-3.036485569002752016e-01,-3.510156579437423430e-02,4.166307795449808449e-01,9.705494735923140409e-03,1.465981838865768050e-02,-1.566877397183756571e-02,4.225159683181317072e-01,-1.773385922812514004e-01,-1.153378076345177305e-01,4.027748059546901738e-01,-6.076490515215077215e-01,1.000000000000000000e+00,-2.513077197644122962e-01,2.891471705360679212e-03,3.775677432887346030e-01,-1.094968579701203204e-01
-8.165671939383279954e-01,-8.359856957602278538e-01,1.331033794161521483e-02,5.201750570616057168e-01,6.298564758532904095e-01,8.074163422706055471e-01,8.564453782878596044e-01,5.546927044929491624e-01,-3.705354947112295960e-01,-2.510302209804345930e-01,-3.275673955851287067e-01,8.179181198796420249e-01,-2.078222646873835733e-01,7.199360748935058618e-01,-8.505221024868663271e-01,-5.269738387775011468e-01,1.109943305335497205e-01,5.125552256218824931e-01,8.952181800000000855e-01,8.183550546059685793e-01,-8.825551697440711107e-01,-3.564461143648151725e-02,3.658680244376449897e-01,-5.004398041726643154e-01,-7.996664866773295355e-01,-8.641947424980170878e-01,5.490984677400225777e-01,7.217255882029796066e-01,8.599122897695925527e-01,5.475559680322991118e-01,8.132179375476630279e-01,-2.008081820288793451e-01,4.448742060623556149e-01,5.089022097953271699e-03,-2.513077197644122962e-01,1.000000000000000000e+00,-4.841043025968624902e-01,7.739485025608553448e-01,5.850358261859391895e-01
5.491451786409369262e-01,6.201766352091580004e-01,4.066631915130564101e-01,7.313819640035273961e-02,-3.415940065811227111e-01,-3.886203686571300109e-01,-5.748837784127455164e-01,-6.080050419072726697e-01,5.230808180720687428e-01,-1.751845565892580225e-01,5.518982913436163429e-01,-7.693014771036995603e-01,3.685101838949346731e-01,-4.802012235190632472e-01,5.746171894420135651e-01,4.861720799832501827e-01,-2.308720172553027639e-01,-3.525194938526565180e-01,-6.455270799999999198e-01,-7.717680729987103083e-01,5.459533014665545192e-01,5.249862397313255213e-01,-5.596147270700785326e-01,2.485951864255074306e-01,3.043829252972027333e-01,2.703810560904971738e-01,-6.032934664561609983e-01,-5.304779882537203894e-01,-6.187365299797887852e-01,8.868137477701419635e-02,-5.907051321298002478e-01,-3.727769016647483613e-02,-3.021303321358685956e-01,1.731812054811845969e-01,2.891471705360679212e-03,-4.841043025968624902e-01,1.000000000000000000e+00,-5.159364569688619229e-01,-9.220125088946868122e-03
-7.663658132085985342e-01,-7.718292755105370384e-01,2.629901204263244141e-01,1.890700688904273230e-01,9.247284112603405548e-01,4.746344512573281160e-01,9.351480932001960955e-01,4.855627051812912987e-01,-2.067062948995984917e-01,9.111110700382790695e-02,-3.542724438040306678e-01,6.368148345348013661e-01,-3.259854967614589927e-01,8.766375050007434444e-01,-9.776253535479023649e-01,-8.244880562376579736e-01,3.725355651765570042e-01,6.627049670283269300e-01,9.177986000000000200e-01,6.842845987659089690e-01,-9.047715604557173830e-01,-2.673406202674514787e-01,7.850994028409081782e-01,-7.002460009061025614e-01,-7.438230393525040451e-01,-5.623989247639470390e-01,6.207461158938906154e-01,6.983761361322756711e-01,8.165322117949741498e-01,7.423544916837961916e-01,6.845902128185046287e-01,-3.511226467278167895e-01,7.156972089496391742e-01,-4.542845103165972231e-01,3.775677432887346030e-01,7.739485025608553448e-01,-5.159364569688619229e-01,1.000000000000000000e+00,4.858164869691448673e-01
-1.630941466674303841e-01,-4.084651131098536725e-01,9.706445224042789532e-02,6.033808443571189173e-01,4.662004273847897284e-01,4.173345759541584599e-01,4.255160884718167114e-01,-1.870975082923178462e-02,1.780477509950945947e-01,-2.815575362022048056e-01,1.641371076759623737e-01,2.138316130966713413e-01,1.357778141639375824e-01,2.047632534748838051e-01,-4.726459102471971541e-01,-3.419571478883555726e-01,1.797248301630759715e-01,1.172528661401873729e-01,4.118682799999999755e-01,4.132841527131506654e-01,-5.395902063351332156e-01,3.520127514965452065e-01,1.932401221054396712e-01,-3.763704427859874690e-01,-5.416659024827608082e-01,-4.347086899751083089e-01,-2.193388395275563257e-03,6.176104149169205915e-01,3.520270916641967673e-01,6.034026898636769554e-01,2.559067785363804415e-01,-2.180034861766629306e-01,4.850197149299725896e-01,-1.760370535651155713e-02,-1.094968579701203204e-01,5.850358261859391895e-01,-9.220125088946868122e-03,4.858164869691448673e-01,1.000000000000000000e+00
