1.0,-0.23875095143255928,0.51819257301525712,-0.33842842972958387,-0.04385895299201284,-0.17858051234831121,-0.38398323790567285,-0.63459090562088416,-0.44693945781741562,-0.40346286365902206,-0.103225997660682,0.46606198755367467,-0.15668769969897686,0.011181554352887648,0.020193444250636482,-0.45534081994095238,0.73364183937104488,-0.75004564555175701,0.46177971501238785,-0.70429712,-0.20599865989872765,-0.70532415289828254,0.66372296759912697,-0.59494120354662816,0.044864716091415104,-0.34563522058172591,-0.072067006364513811,-0.51041822121491942,-0.14666103132555636,-0.51524066317418449,-0.031910805177322532,-0.6769726983873513,-0.24757351862320331,0.1228760911407656,0.6381848970819769,-0.19829257067590692,-0.17033376973080916,0.68750501459862856,-0.13265427205475677
-0.23875095143255928,1.0,-0.60021583990576244,0.19517400462894888,0.49775267683503499,-0.58018111570839703,0.50510845549895123,0.74550541839712559,0.32640157349704702,0.25002128916483973,0.33803801491251473,-0.65201754501647369,-0.23230277746001415,0.43824501990200609,0.48222991909038271,0.28947834146486306,-0.50234458780261404,0.51753896712674874,0.18111966661705189,0.55461015999999996,0.022943261556462643,0.49241580649878564,-0.61571959061070658,0.609625566585694,-0.34783855821143828,0.73105745420010193,-0.48192231079262077,0.43915824597743641,0.41771435564224685,0.7509975616106922,0.55954011501635181,0.63109183691524473,-0.39952585586157952,0.24388752829904828,-0.32005594339448051,-0.55748890403612272,0.12278529529101058,-0.34562571658322089,-0.056269582085319458
0.51819257301525712,-0.60021583990576244,1.0,-0.73428340858907537,-0.010445332151535619,-1.323186458982165e-05,-0.33601776540567324,-0.84275952787602593,-0.44091300151848023,-0.62399974019392868,-0.74417170728556725,0.35222593590540563,0.50454034677484538,0.077143105583736424,-0.11467961744565311,-0.28389596620933399,0.46542449329207902,-0.52536851162743625,0.059609941701497013,-0.78059195999999997,0.22859372860833735,-0.4624132517071578,0.67297632768010007,-0.83278411709808409,0.43778876405849709,-0.18508242077306553,0.45034030999478519,-0.37361746046923305,-0.73548874812591758,-0.48907838468403908,-0.48460113517872583,-0.70574321143112984,-0.2096507139610867,-0.23000470747131013,0.69629692975147817,0.066593005997339971,0.38724764865784944,0.57977727784327648,0.50848499636647226
-0.33842842972958387,0.19517400462894888,-0.73428340858907537,1.0,-0.34428385928534999,0.45935963070668728,0.037475880948573986,0.6958939898903862,0.20051743991616774,0.67697687086833291,0.4461970715002494,-0.14010341328770048,-0.216271982179326,-0.50946233324463719,-0.45726621529651018,0.24749172200969316,-0.44718663408284515,0.35571840806882665,-0.46191438135108348,0.6732557400000001,-0.030973060114872608,0.22433524868122282,-0.51932223424997326,0.69623647148948364,0.13359740172668172,-0.21481844306227468,0.12342424210647518,0.26154279251839191,0.64204168562096409,0.129372929489591,0.25713075464639268,0.37853066010886927,0.57481688479406123,-0.16131578373351238,-0.72183162153434699,0.17537887092669138,-0.4153286643352917,-0.62103951773948829,-0.36623650678288566
-0.04385895299201284,0.49775267683503499,-0.010445332151535619,-0.34428385928534999,1.0,-0.83454939824522478,0.10624448899633127,0.11075491580916443,0.5867299884731767,-0.41260630259794817,-0.062790078359151194,-0.6062180023171081,-0.052173630920615527,0.21083999109208248,0.26773314828564915,0.32162864205791747,-0.16834405715381295,0.25337118278126358,-0.015868380292570216,-0.11981085999999996,-0.09992764888043329,0.52837537659636569,0.034520330833054239,0.022120837041525034,-0.1393612097144612,0.61677543942657564,-0.37806497728247845,-0.10808682922615254,-0.39098437560485133,0.15390607492579525,0.13291274243189721,0.41328693292611729,-0.82232958420659164,0.30933930757851336,0.38499959987133281,-0.52525937853140992,0.47833596471703665,0.27315702137196368,0.15153247216916405
-0.17858051234831121,-0.58018111570839703,-1.323186458982165e-05,0.45935963070668728,-0.83454939824522478,1.0,-0.03634041078240071,-0.056371347576674675,-0.32249121039783529,0.55209385807363642,-0.067473574660195684,0.46205745284760769,0.23570671457610509,-0.45476587206808122,-0.62150278090874755,-0.28975668670348631,-0.056889878092449365,0.073600567217180932,-0.43610131476027736,0.2673452999999999,0.19605530876022251,-0.23386267067964026,-0.14305332080745486,0.1303984821000414,0.44002721741058226,-0.59314048630751248,0.662757768907278,0.17067388427263172,0.18630844231987315,-0.21521008091481933,-0.14591011365133477,-0.28426789759590049,0.96451954861078759,-0.30478114591522038,-0.53898938734233959,0.43916583854908742,-0.338747870513535,-0.46426854632434128,0.0099565923027795655
-0.38398323790567285,0.50510845549895123,-0.33601776540567324,0.037475880948573986,0.10624448899633127,-0.03634041078240071,1.0,0.47771776283362988,0.35386206676537069,0.46326293943446029,0.11302018907346031,-0.56174444659684519,0.32164513405002887,0.69616645829632806,0.46685158566790025,-0.12525036303161891,-0.35718196413552644,0.75344053780260145,0.015869647936563192,0.68038876000000004,0.54102774006237087,0.49242425108210541,-0.78547645091657325,0.63972089773580365,-0.14230649926103897,0.73139862514184772,-0.027506490560563032,0.77991514918970939,0.0081101320294305126,0.85129821829131092,0.47764076333997674,0.23833245294022631,0.064443148649443227,0.51401815667201745,-0.58625959225756152,-0.53254509453518994,0.21869056985999991,-0.68687337381815228,0.45929427449113203
-0.63459090562088416,0.74550541839712559,-0.84275952787602593,0.6958939898903862,0.11075491580916443,-0.056371347576674675,0.47771776283362988,1.0,0.42544389789624265,0.55022305453780751,0.42326352781653009,-0.66388338898153232,-0.085474572706082275,0.073749864302667639,0.10235769030349474,0.50941439194428284,-0.74609409407269878,0.72881808049229346,-0.29202756102432487,0.88994466000000005,0.18815446402811625,0.65794026654488758,-0.86053925383153795,0.89097061134871836,-0.14249335899317325,0.49111463031576358,-0.1654716909502299,0.59443592147863866,0.54643941429886589,0.72244688850506222,0.41265178323898694,0.75489223346360745,0.10572322761682976,-0.030221311262565664,-0.7458764768006978,-0.16220303212794807,0.015340046274889758,-0.76028625123430316,-0.068705838791180918
-0.44693945781741562,0.32640157349704702,-0.44091300151848023,0.20051743991616774,0.5867299884731767,-0.32249121039783529,0.35386206676537069,0.42544389789624265,1.0,-0.009316033422936635,0.37440065015837737,-0.71278129843218974,0.023474466295800477,0.028180316879658402,0.11932467339518762,0.43136932622574187,-0.30464981728821366,0.54925999183799168,-0.37948437010534758,0.34400600000000003,0.12699327862236787,0.72267328977782563,-0.34512473688695056,0.49165111985195109,-0.16450894601362773,0.46540293578322428,-0.25539727333316742,0.33756381418309028,-0.20572682929846384,0.25979889207046364,0.097253122114376298,0.53336064868192612,-0.29586158168058652,0.43332919189131019,-0.15800112348273132,-0.25268552417374279,0.22498770914275262,-0.23856200061644567,0.090732259058831422
-0.40346286365902206,0.25002128916483973,-0.62399974019392868,0.67697687086833291,-0.41260630259794817,0.55209385807363642,0.46326293943446029,0.55022305453780751,-0.009316033422936635,1.0,0.29815282244621216,0.032767050663579093,-0.18933254763466056,-0.14846737453559986,-0.25713933881264878,-0.33747606336830394,-0.47253873132336538,0.53965043403915502,-0.18510514026568939,0.78879852000000006,0.010110162090235622,0.11612826308110438,-0.67941182472137296,0.74225869252808752,0.12519151669684861,-0.062478410352748065,0.20053116498071427,0.47605251013598243,0.63090323603013265,0.37362944851611929,0.5250582504331589,0.19271532750287781,0.73655049771971981,0.15146168056961223,-0.89398301632250199,-0.14597939238158458,-0.5260394894257252,-0.76637254402542088,-0.21916097145226357
-0.103225997660682,0.33803801491251473,-0.74417170728556725,0.4461970715002494,-0.062790078359151194,-0.067473574660195684,0.11302018907346031,0.42326352781653009,0.37440065015837737,0.29815282244621216,1.0,-0.076344081373295708,-0.65400300377016585,-0.081901323951194024,0.24097131025947433,0.090215257398701898,0.027836060211327215,0.065682868251473028,0.16908596786387758,0.35467187999999994,-0.29744754794456124,0.12698080875074996,-0.27516737392374785,0.53007293765665298,-0.5760496111476795,-0.068289586602502131,-0.57296730394804241,0.2323098506036359,0.5781442735412603,0.14158091735613035,0.18148034341506486,0.29627128606629416,0.072835872365949905,0.2824881726194679,-0.31747039544579708,-0.098134889657554264,-0.55658657367375575,-0.15507732311649813,-0.64279755630057944
0.46606198755367467,-0.65201754501647369,0.35222593590540563,-0.14010341328770048,-0.6062180023171081,0.46205745284760769,-0.56174444659684519,-0.66388338898153232,-0.71278129843218974,0.032767050663579093,-0.076344081373295708,1.0,-0.35189003546626385,-0.37232995451356976,-0.28227394926207977,-0.62361619745537522,0.60892394334360722,-0.69879791758622578,0.36517464840775926,-0.50629172,-0.51984947411444338,-0.84113574816313819,0.60429308404077953,-0.57115631990312188,0.027912590990487006,-0.85251603146809951,0.09928676337987509,-0.51119250486169499,0.2018387769074704,-0.66754311027715663,-0.20268419367479132,-0.57306513868746145,0.43946348895907694,-0.12387020850150988,0.24643401319606634,0.42793653970751244,-0.60276384919651216,0.44300135794751122,-0.47009672738578412
-0.15668769969897686,-0.23230277746001415,0.50454034677484538,-0.216271982179326,-0.052173630920615527,0.23570671457610509,0.32164513405002887,-0.085474572706082275,0.023474466295800477,-0.18933254763466056,-0.65400300377016585,-0.35189003546626385,1.0,0.27989797451047677,-0.11514582152556183,0.19257603837929094,-0.19663045827277142,0.31717746422573789,-0.49225366335541221,0.055310259999999944,0.863004184332821,0.27348109136553972,-0.18100724189953635,-0.095333721797225351,0.52022325376019118,0.3451246345007199,0.67300688566836664,0.36226803477853264,-0.6367601058100798,0.22103747081163935,-0.29765708857075451,-0.16922245884019882,0.062670401052279834,-0.25952115791449609,-0.057390880918557222,0.029316596857567653,0.7648452415881084,-0.31003567162887802,0.94856652599212943
0.011181554352887648,0.43824501990200609,0.077143105583736424,-0.50946233324463719,0.21083999109208248,-0.45476587206808122,0.69616645829632806,0.073749864302667639,0.028180316879658402,-0.14846737453559986,-0.081901323951194024,-0.37232995451356976,0.27989797451047677,1.0,0.87007538986575295,-0.070229560324861162,0.080058531305592776,0.22269487449094189,0.53728265805300257,0.11609991999999991,0.38346234967879583,0.16323769015673054,-0.31673685053180073,0.041148682477293294,-0.44030853151138666,0.74865772999145952,-0.34062877756588333,0.43370689369341753,-0.15214673059723563,0.70923324141445354,0.23373797449187939,0.046689360736309152,-0.4213186764517442,0.42957517936808998,0.024327499646557397,-0.38061311409613269,0.41306044789248636,-0.10544422128707516,0.46052275706904622
0.020193444250636482,0.48222991909038271,-0.11467961744565311,-0.45726621529651018,0.26773314828564915,-0.62150278090874755,0.46685158566790025,0.10235769030349474,0.11932467339518762,-0.25713933881264878,0.24097131025947433,-0.28227394926207977,-0.11514582152556183,0.87007538986575295,1.0,0.045831621875031425,0.2149920934353052,0.02595437543520638,0.71259326448683602,0.016481399999999979,0.042491473665687715,0.08264093844855927,-0.16822916164381618,0.020611991393432567,-0.71894622822752174,0.60626797879372618,-0.69544238761254251,0.27744789101015793,0.03315174174207404,0.57194322838685019,0.20536164550700672,0.17743682609950948,-0.55315770165823741,0.46984998263160366,0.15111226105851353,-0.26482251481307706,0.16961017810172543,0.10327601397853457,0.066678248607058843
-0.45534081994095238,0.28947834146486306,-0.28389596620933399,0.24749172200969316,0.32162864205791747,-0.28975668670348631,-0.12525036303161891,0.50941439194428284,0.43136932622574187,-0.33747606336830394,0.090215257398701898,-0.62361619745537522,0.19257603837929094,-0.070229560324861162,0.045831621875031425,1.0,-0.40598448136891563,0.27287792097664065,-0.41092694947723202,0.21377508000000001,0.19295801740503307,0.62895461421723242,-0.22977194641064416,0.19051964987777423,-0.14184612158784471,0.34700203106994459,-0.15636930396932941,0.11527902127177431,-0.026798100473333752,0.24031476094801998,-0.28627516725152069,0.66245420885358852,-0.33914029387844952,-0.43036664305183953,-0.029892597009990779,0.30673851546079722,0.5358854008471855,-0.16016101502015886,0.12330755746062561
0.73364183937104488,-0.50234458780261404,0.46542449329207902,-0.44718663408284515,-0.16834405715381295,-0.056889878092449365,-0.35718196413552644,-0.74609409407269878,-0.30464981728821366,-0.47253873132336538,0.027836060211327215,0.60892394334360722,-0.19663045827277142,0.080058531305592776,0.2149920934353052,-0.40598448136891563,1.0,-0.72367996403480317,0.55354220674577803,-0.71170135999999995,-0.32026854234502244,-0.62572533426427479,0.66177126108852158,-0.67647704156072053,-0.30201627459653924,-0.42621071688413076,-0.26579280329444804,-0.42618533035851619,-0.18107677649403031,-0.52114182859053992,-0.34149683365207739,-0.5331622663901171,-0.13943854227939523,0.23532527154153543,0.60707888799824528,0.19809979516892856,-0.21087130103551419,0.68927741383321506,-0.21840232589300568
-0.75004564555175701,0.51753896712674874,-0.52536851162743625,0.35571840806882665,0.25337118278126358,0.073600567217180932,0.75344053780260145,0.72881808049229346,0.54925999183799168,0.53965043403915502,0.065682868251473028,-0.69879791758622578,0.31717746422573789,0.22269487449094189,0.02595437543520638,0.27287792097664065,-0.72367996403480317,1.0,-0.48410899040198618,0.85638206000000006,0.42741620189630186,0.83788899306129772,-0.87741679125709193,0.78783031644979018,0.057665671550905004,0.64715445726098519,0.129094359999472,0.71138088716029724,0.071259032820330637,0.74310598356901891,0.33059408515356103,0.64860228615978188,0.17065438107265735,0.16818657849083529,-0.74149679809428437,-0.30687903311417836,0.32857480189345012,-0.84220817599641162,0.3687991117435
0.46177971501238785,0.18111966661705189,0.059609941701497013,-0.46191438135108348,-0.015868380292570216,-0.43610131476027736,0.015869647936563192,-0.29202756102432487,-0.37948437010534758,-0.18510514026568939,0.16908596786387758,0.36517464840775926,-0.49225366335541221,0.53728265805300257,0.71259326448683602,-0.41092694947723202,0.55354220674577803,-0.48410899040198618,1.0,-0.34399641999999997,-0.45677429156405458,-0.50466052846263287,0.27613529335596249,-0.34610297804567702,-0.665915452763572,0.029662008331182561,-0.6824154860084013,-0.23067324851887513,0.26689910105037234,0.08043164262428304,0.24811805507597923,-0.19109529722715202,-0.34362778254226745,0.43313685644184252,0.36402264361120829,-0.099808316274284686,-0.30642251777622181,0.47217609234742075,-0.36517825867101128
-0.70429712,0.55461015999999996,-0.78059195999999997,0.6732557400000001,-0.11981085999999996,0.2673452999999999,0.68038876000000004,0.88994466000000005,0.34400600000000003,0.78879852000000006,0.35467187999999994,-0.50629172,0.055310259999999944,0.11609991999999991,0.016481399999999979,0.21377508000000001,-0.71170135999999995,0.85638206000000006,-0.34399641999999997,1.0,0.30834597999999991,0.60949716000000009,-0.96327368000000002,0.93709145999999999,-0.050783119999999959,0.41130102000000002,0.048609619999999909,0.7473832199999999,0.50530227999999999,0.75327655999999998,0.43428098000000004,0.60205170000000008,0.42810101999999994,0.076491120000000024,-0.95066428000000003,-0.16252151999999997,-0.05845566000000002,-0.95129017999999999,0.050060039999999972
-0.20599865989872765,0.022943261556462643,0.22859372860833735,-0.030973060114872608,-0.09992764888043329,0.19605530876022251,0.54102774006237087,0.18815446402811625,0.12699327862236787,0.010110162090235622,-0.29744754794456124,-0.51984947411444338,0.863004184332821,0.38346234967879583,0.042491473665687715,0.19295801740503307,-0.32026854234502244,0.42741620189630186,-0.45677429156405458,0.30834597999999991,1.0,0.33767104222059557,-0.44791374239712656,0.25369868803117063,0.43852356347040017,0.47467882955365298,0.58564790301408709,0.63408612782526597,-0.44180228079250189,0.44737360628135592,-0.16760875897046609,-0.1560507069365891,0.083517099141927287,-0.21169041016032711,-0.27784123266908178,-0.21170389825866937,0.59288416657733123,-0.50665878357781191,0.87601388168527927
-0.70532415289828254,0.49241580649878564,-0.4624132517071578,0.22433524868122282,0.52837537659636569,-0.23386267067964026,0.49242425108210541,0.65794026654488758,0.72267328977782563,0.11612826308110438,0.12698080875074996,-0.84113574816313819,0.27348109136553972,0.16323769015673054,0.08264093844855927,0.62895461421723242,-0.62572533426427479,0.83788899306129772,-0.50466052846263287,0.60949716000000009,0.33767104222059557,1.0,-0.66098096855621491,0.60191911424593791,-0.11443845238822094,0.68751637639678753,-0.075293403705053025,0.47756539269181564,-0.1088853849745207,0.59052826535163261,0.040514533296344281,0.75928944670402232,-0.19493357114432819,0.042730306449648543,-0.40841727693637692,-0.18246026509454019,0.5341317685983541,-0.54612605238995471,0.32546243005432718
0.66372296759912697,-0.61571959061070658,0.67297632768010007,-0.51932223424997326,0.034520330833054239,-0.14305332080745486,-0.78547645091657325,-0.86053925383153795,-0.34512473688695056,-0.67941182472137296,-0.27516737392374785,0.60429308404077953,-0.18100724189953635,-0.31673685053180073,-0.16822916164381618,-0.22977194641064416,0.66177126108852158,-0.87741679125709193,0.27613529335596249,-0.96327368000000002,-0.44791374239712656,-0.66098096855621491,1.0,-0.89154125865184664,0.082515116953365025,-0.58362942141776974,-0.039092160377158285,-0.83979743868895873,-0.39149695425880304,-0.86736668384296978,-0.35038927547755094,-0.57099557569104153,-0.28757314177108539,-0.085441634064238173,0.87868361730252886,0.23843294007262911,-0.10195745525389827,0.92541465493024866,-0.2218045237787355
-0.59494120354662816,0.609625566585694,-0.83278411709808409,0.69623647148948364,0.022120837041525034,0.1303984821000414,0.63972089773580365,0.89097061134871836,0.49165111985195109,0.74225869252808752,0.53007293765665298,-0.57115631990312188,-0.095333721797225351,0.041148682477293294,0.020611991393432567,0.19051964987777423,-0.67647704156072053,0.78783031644979018,-0.34610297804567702,0.93709145999999999,0.25369868803117063,0.60191911424593791,-0.89154125865184664,1.0,-0.040512467169941647,0.40063127688854977,-0.033934188651706797,0.68656823045666704,0.46335693042330151,0.65698166541932923,0.4809701233727236,0.53888935377582636,0.29814491194474824,0.17390379636801481,-0.85564094513677436,-0.3560168317108463,-0.16789987676504373,-0.83869329977703511,-0.052776252901416215
0.044864716091415104,-0.34783855821143828,0.43778876405849709,0.13359740172668172,-0.1393612097144612,0.44002721741058226,-0.14230649926103897,-0.14249335899317325,-0.16450894601362773,0.12519151669684861,-0.5760496111476795,0.027912590990487006,0.52022325376019118,-0.44030853151138666,-0.71894622822752174,-0.14184612158784471,-0.30201627459653924,0.057665671550905004,-0.665915452763572,-0.050783119999999959,0.43852356347040017,-0.11443845238822094,0.082515116953365025,-0.040512467169941647,1.0,-0.21199315881179606,0.91219320277499372,-0.0098416914269079201,-0.38932058780117273,-0.30815627291349396,-0.11477058851122027,-0.41213732154493271,0.32393799047777361,-0.42522873401255867,-0.055986938945457955,-0.11404063008797273,0.146220212544972,-0.14833189623504642,0.46227315692700999
-0.34563522058172591,0.73105745420010193,-0.18508242077306553,-0.21481844306227468,0.61677543942657564,-0.59314048630751248,0.73139862514184772,0.49111463031576358,0.46540293578322428,-0.062478410352748065,-0.068289586602502131,-0.85251603146809951,0.3451246345007199,0.74865772999145952,0.60626797879372618,0.34700203106994459,-0.42621071688413076,0.64715445726098519,0.029662008331182561,0.41130102000000002,0.47467882955365298,0.68751637639678753,-0.58362942141776974,0.40063127688854977,-0.21199315881179606,1.0,-0.23447655875960835,0.54812848753087851,-0.20289016667410634,0.83101806071841133,0.28297409038518806,0.47945904536756723,-0.54084398677626,0.28834301910921034,-0.15358913941125762,-0.54083301032472353,0.64067552756347657,-0.34512003743346242,0.54669829175421858
-0.072067006364513811,-0.48192231079262077,0.45034030999478519,0.12342424210647518,-0.37806497728247845,0.662757768907278,-0.027506490560563032,-0.1654716909502299,-0.25539727333316742,0.20053116498071427,-0.57296730394804241,0.09928676337987509,0.67300688566836664,-0.34062877756588333,-0.69544238761254251,-0.15636930396932941,-0.26579280329444804,0.129094359999472,-0.6824154860084013,0.048609619999999909,0.58564790301408709,-0.075293403705053025,-0.039092160377158285,-0.033934188651706797,0.91219320277499372,-0.23447655875960835,1.0,0.14343338164787933,-0.36663745508574841,-0.20803708732580065,-0.27378223367091903,-0.43739685311392767,0.52941592359008571,-0.50042925569103158,-0.21026383358019393,0.074905627195421071,0.1962536828303065,-0.30900849437085709,0.56574173115471182
-0.51041822121491942,0.43915824597743641,-0.37361746046923305,0.26154279251839191,-0.10808682922615254,0.17067388427263172,0.77991514918970939,0.59443592147863866,0.33756381418309028,0.47605251013598243,0.2323098506036359,-0.51119250486169499,0.36226803477853264,0.43370689369341753,0.27744789101015793,0.11527902127177431,-0.42618533035851619,0.71138088716029724,-0.23067324851887513,0.7473832199999999,0.63408612782526597,0.47756539269181564,-0.83979743868895873,0.68656823045666704,-0.0098416914269079201,0.54812848753087851,0.14343338164787933,1.0,0.17071317277425496,0.76442712514588984,0.097727662918130009,0.30855685084564938,0.24127358681414002,0.10168991245128525,-0.69597888089683302,-0.23341729988348059,0.16917942576866052,-0.77695883604103289,0.40665946968610178
-0.14666103132555636,0.41771435564224685,-0.73548874812591758,0.64204168562096409,-0.39098437560485133,0.18630844231987315,0.0081101320294305126,0.54643941429886589,-0.20572682929846384,0.63090323603013265,0.5781442735412603,0.2018387769074704,-0.6367601058100798,-0.15214673059723563,0.03315174174207404,-0.026798100473333752,-0.18107677649403031,0.071259032820330637,0.26689910105037234,0.50530227999999999,-0.44180228079250189,-0.1088853849745207,-0.39149695425880304,0.46335693042330151,-0.38932058780117273,-0.20289016667410634,-0.36663745508574841,0.17071317277425496,1.0,0.25323305777676175,0.3778962386232641,0.37474609876082082,0.39730886008582333,-0.024908176510658613,-0.55197811851071965,0.16899723596080379,-0.64708429699291137,-0.34195493712207897,-0.70117998888591559
-0.51524066317418449,0.7509975616106922,-0.48907838468403908,0.129372929489591,0.15390607492579525,-0.21521008091481933,0.85129821829131092,0.72244688850506222,0.25979889207046364,0.37362944851611929,0.14158091735613035,-0.66754311027715663,0.22103747081163935,0.70923324141445354,0.57194322838685019,0.24031476094801998,-0.52114182859053992,0.74310598356901891,0.08043164262428304,0.75327655999999998,0.44737360628135592,0.59052826535163261,-0.86736668384296978,0.65698166541932923,-0.30815627291349396,0.83101806071841133,-0.20803708732580065,0.76442712514588984,0.25323305777676175,1.0,0.41339518696135424,0.54166018384928649,-0.084382862835780503,0.22031889376289784,-0.59128275480310644,-0.34248302382144979,0.31777132283341264,-0.69333959663565226,0.34324053905849533
-0.031910805177322532,0.55954011501635181,-0.48460113517872583,0.25713075464639268,0.13291274243189721,-0.14591011365133477,0.47764076333997674,0.41265178323898694,0.097253122114376298,0.5250582504331589,0.18148034341506486,-0.20268419367479132,-0.29765708857075451,0.23373797449187939,0.20536164550700672,-0.28627516725152069,-0.34149683365207739,0.33059408515356103,0.24811805507597923,0.43428098000000004,-0.16760875897046609,0.040514533296344281,-0.35038927547755094,0.4809701233727236,-0.11477058851122027,0.28297409038518806,-0.27378223367091903,0.097727662918130009,0.3778962386232641,0.41339518696135424,1.0,0.20555425491063689,0.033270034497247414,0.59055841482760285,-0.36764537946255682,-0.56186586338442679,-0.27537194939260079,-0.3186920799348959,-0.19703640532218869
-0.6769726983873513,0.63109183691524473,-0.70574321143112984,0.37853066010886927,0.41328693292611729,-0.28426789759590049,0.23833245294022631,0.75489223346360745,0.53336064868192612,0.19271532750287781,0.29627128606629416,-0.57306513868746145,-0.16922245884019882,0.046689360736309152,0.17743682609950948,0.66245420885358852,-0.5331622663901171,0.64860228615978188,-0.19109529722715202,0.60205170000000008,-0.1560507069365891,0.75928944670402232,-0.57099557569104153,0.53888935377582636,-0.41213732154493271,0.47945904536756723,-0.43739685311392767,0.30855685084564938,0.37474609876082082,0.54166018384928649,0.20555425491063689,1.0,-0.15713464743125971,0.041146625487072319,-0.41589762300847616,0.076138609287730072,0.22189479195288986,-0.43080188763142563,-0.16725940294670288
-0.24757351862320331,-0.39952585586157952,-0.2096507139610867,0.57481688479406123,-0.82232958420659164,0.96451954861078759,0.064443148649443227,0.10572322761682976,-0.29586158168058652,0.73655049771971981,0.072835872365949905,0.43946348895907694,0.062670401052279834,-0.4213186764517442,-0.55315770165823741,-0.33914029387844952,-0.13943854227939523,0.17065438107265735,-0.34362778254226745,0.42810101999999994,0.083517099141927287,-0.19493357114432819,-0.28757314177108539,0.29814491194474824,0.32393799047777361,-0.54084398677626,0.52941592359008571,0.24127358681414002,0.39730886008582333,-0.084382862835780503,0.033270034497247414,-0.15713464743125971,1.0,-0.19733141173621027,-0.68462249056274704,0.36227044828546551,-0.48199526028980683,-0.56538599581193361,-0.13573036881789513
0.1228760911407656,0.24388752829904828,-0.23000470747131013,-0.16131578373351238,0.30933930757851336,-0.30478114591522038,0.51401815667201745,-0.030221311262565664,0.43332919189131019,0.15146168056961223,0.2824881726194679,-0.12387020850150988,-0.25952115791449609,0.42957517936808998,0.46984998263160366,-0.43036664305183953,0.23532527154153543,0.16818657849083529,0.43313685644184252,0.076491120000000024,-0.21169041016032711,0.042730306449648543,-0.085441634064238173,0.17390379636801481,-0.42522873401255867,0.28834301910921034,-0.50042925569103158,0.10168991245128525,-0.024908176510658613,0.22031889376289784,0.59055841482760285,0.041146625487072319,-0.19733141173621027,1.0,-0.0060534242992403616,-0.4763153208076753,-0.20149884271119495,0.031774517786909123,-0.1202281569737994
0.6381848970819769,-0.32005594339448051,0.69629692975147817,-0.72183162153434699,0.38499959987133281,-0.53898938734233959,-0.58625959225756152,-0.7458764768006978,-0.15800112348273132,-0.89398301632250199,-0.31747039544579708,0.24643401319606634,-0.057390880918557222,0.024327499646557397,0.15111226105851353,-0.029892597009990779,0.60707888799824528,-0.74149679809428437,0.36402264361120829,-0.95066428000000003,-0.27784123266908178,-0.40841727693637692,0.87868361730252886,-0.85564094513677436,-0.055986938945457955,-0.15358913941125762,-0.21026383358019393,-0.69597888089683302,-0.55197811851071965,-0.59128275480310644,-0.36764537946255682,-0.41589762300847616,-0.68462249056274704,-0.0060534242992403616,1.0,0.023875392269246759,0.22333550280808162,0.95658189849223096,0.0071001694139320795
-0.19829257067590692,-0.55748890403612272,0.066593005997339971,0.17537887092669138,-0.52525937853140992,0.43916583854908742,-0.53254509453518994,-0.16220303212794807,-0.25268552417374279,-0.14597939238158458,-0.098134889657554264,0.42793653970751244,0.029316596857567653,-0.38061311409613269,-0.26482251481307706,0.30673851546079722,0.19809979516892856,-0.30687903311417836,-0.099808316274284686,-0.16252151999999997,-0.21170389825866937,-0.18246026509454019,0.23843294007262911,-0.3560168317108463,-0.11404063008797273,-0.54083301032472353,0.074905627195421071,-0.23341729988348059,0.16899723596080379,-0.34248302382144979,-0.56186586338442679,0.076138609287730072,0.36227044828546551,-0.4763153208076753,0.023875392269246759,1.0,-0.077557263897816808,0.080386766162966888,-0.21985262219040447
-0.17033376973080916,0.12278529529101058,0.38724764865784944,-0.4153286643352917,0.47833596471703665,-0.338747870513535,0.21869056985999991,0.015340046274889758,0.22498770914275262,-0.5260394894257252,-0.55658657367375575,-0.60276384919651216,0.7648452415881084,0.41306044789248636,0.16961017810172543,0.5358854008471855,-0.21087130103551419,0.32857480189345012,-0.30642251777622181,-0.05845566000000002,0.59288416657733123,0.5341317685983541,-0.10195745525389827,-0.16789987676504373,0.146220212544972,0.64067552756347657,0.1962536828303065,0.16917942576866052,-0.64708429699291137,0.31777132283341264,-0.27537194939260079,0.22189479195288986,-0.48199526028980683,-0.20149884271119495,0.22333550280808162,-0.077557263897816808,1.0,-0.049299623900205536,0.80508200138356178
0.68750501459862856,-0.34562571658322089,0.57977727784327648,-0.62103951773948829,0.27315702137196368,-0.46426854632434128,-0.68687337381815228,-0.76028625123430316,-0.23856200061644567,-0.76637254402542088,-0.15507732311649813,0.44300135794751122,-0.31003567162887802,-0.10544422128707516,0.10327601397853457,-0.16016101502015886,0.68927741383321506,-0.84220817599641162,0.47217609234742075,-0.95129017999999999,-0.50665878357781191,-0.54612605238995471,0.92541465493024866,-0.83869329977703511,-0.14833189623504642,-0.34512003743346242,-0.30900849437085709,-0.77695883604103289,-0.34195493712207897,-0.69333959663565226,-0.3186920799348959,-0.43080188763142563,-0.56538599581193361,0.031774517786909123,0.95658189849223096,0.080386766162966888,-0.049299623900205536,1.0,-0.26120671379438637
-0.13265427205475677,-0.056269582085319458,0.50848499636647226,-0.36623650678288566,0.15153247216916405,0.0099565923027795655,0.45929427449113203,-0.068705838791180918,0.090732259058831422,-0.21916097145226357,-0.64279755630057944,-0.47009672738578412,0.94856652599212943,0.46052275706904622,0.066678248607058843,0.12330755746062561,-0.21840232589300568,0.3687991117435,-0.36517825867101128,0.050060039999999972,0.87601388168527927,0.32546243005432718,-0.2218045237787355,-0.052776252901416215,0.46227315692700999,0.54669829175421858,0.56574173115471182,0.40665946968610178,-0.70117998888591559,0.34324053905849533,-0.19703640532218869,-0.16725940294670288,-0.13573036881789513,-0.1202281569737994,0.0071001694139320795,-0.21985262219040447,0.80508200138356178,-0.26120671379438637,1.0
