1.000000000000000000e+00,1.799551665644254228e-01,-1.195807385555023583e-01,-7.986703035844788801e-02,4.498114697948064622e-01,-2.375418059433733187e-01,8.057497366648630477e-02,-5.953669302560343768e-01,-8.795089624408408691e-02,-3.202848849067657100e-01,-5.593996399999999758e-01,-2.228510418155777162e-01,-3.451027741106114655e-01,3.250939391779882337e-01,2.537384962938260546e-01,2.460271200381846379e-01,-1.669048742722889223e-01,-5.688548389056714560e-01,2.659566347739616976e-01,-2.655688246247333018e-01,2.910311066545006042e-01,-5.369176817423100267e-01,1.740586728338624212e-01,-8.137990779689082688e-01,-6.474967326032031734e-01,3.141901735494683212e-01,2.649673934917217144e-01,3.951049264889976986e-01,7.725086118763446752e-01,-4.646362256678478880e-02,6.561197665568713200e-01,-1.282498657415591936e-01,-3.315868966650746819e-01,5.194491469658661931e-01,-3.598441198857622036e-01,-1.163052753212274887e-01,2.221641155219389319e-01,3.814701258742411172e-01,-6.526520058742089070e-01
1.799551665644254228e-01,1.000000000000000000e+00,-1.532995397407768967e-01,-2.228595491295749190e-03,4.599804337292219825e-01,5.428274387083311669e-01,7.989136179045275288e-01,-1.965805887881357517e-01,-5.064963788582297344e-01,5.256694272430244563e-01,-4.595328400000000535e-01,4.124770763005319307e-01,-8.532189701321492292e-02,-4.116591564378856982e-01,2.664995206112858450e-01,1.626455424708924680e-01,6.066626883776962131e-01,-5.615956057659138301e-01,1.799031664117511642e-01,-1.014781733564208144e-01,-3.038270971619912442e-01,3.549458138418054576e-01,7.103927775116357715e-03,1.257079202452540123e-01,-6.677681208313716865e-02,-5.885449732453916505e-02,1.619497086563422283e-01,8.170236002927869223e-02,5.635031231289408526e-02,-1.852960920119263721e-01,2.142909508873546143e-01,2.282187407575863025e-01,1.584906604564143007e-01,5.122001329134491243e-01,-3.875469439545407013e-01,-1.107046243349753128e-01,3.637411239268828478e-01,-4.648818500842128443e-01,2.726228647107360459e-01
-1.195807385555023583e-01,-1.532995397407768967e-01,1.000000000000000000e+00,-5.344743788855997879e-01,-5.403884719837432904e-01,-1.431225704703527613e-01,-1.088392576255443195e-01,-6.350979253760917764e-01,3.878064887304418784e-01,2.098994555585832478e-01,-2.997011800000000115e-01,2.546166550283922025e-01,-6.403626351964435415e-01,-2.122058242299524819e-02,-1.111523446661960846e-01,-4.298748955438931874e-01,1.869129936876664233e-01,3.515359133713626405e-01,-3.879858036029240065e-01,-5.407459909819242183e-01,-3.534677450121020970e-01,2.902213974401547936e-01,2.656472998511729133e-01,-3.359944458908941667e-01,1.950510538271264249e-01,7.134578362803975504e-02,4.540355780356534754e-01,5.091996966994305485e-01,2.680862135140927305e-01,1.449564829140462252e-01,-5.715966462172973328e-01,5.457238167940208218e-01,5.896521157504375048e-03,2.643953771361100546e-01,6.151567134161347594e-01,3.432945132399747301e-01,-3.031236047423795377e-01,4.298039188462112747e-01,-1.515999423968472648e-02
-7.986703035844788801e-02,-2.228595491295749190e-03,-5.344743788855997879e-01,1.000000000000000000e+00,6.200770453909003610e-01,-2.889872851268193155e-01,2.674707645101981335e-01,5.095199379257305816e-01,-5.002378252402617242e-01,2.694158489610335439e-01,3.781238000000000099e-01,-4.350952083551484217e-01,7.513748036575168543e-01,-3.679542488893909891e-01,4.197646341343249099e-01,-4.867672015225224524e-01,-2.997594498095648013e-02,1.197484228429479269e-01,5.124949495215442852e-01,9.483560970301797566e-01,6.966045528843080037e-01,-1.559036250080988451e-01,-1.952448295229765041e-01,3.416423362485720983e-01,5.525414288238930105e-01,4.456435589692756341e-03,-3.312975964341263180e-01,-8.687085893269780312e-02,-4.584693409589452040e-01,4.782380795152306741e-01,5.238940138394424517e-01,-3.944263806537495753e-01,-6.797065583736215666e-02,-1.658184171372044380e-01,-4.789444879300387425e-01,-7.416500022107437307e-01,7.586850783582114177e-01,-2.746019655098537182e-01,3.428332467128971661e-01
4.498114697948064622e-01,4.599804337292219825e-01,-5.403884719837432904e-01,6.200770453909003610e-01,1.000000000000000000e+00,7.767345182305199214e-02,6.895812009565710499e-01,2.491253101955802698e-02,-6.694867350987329102e-01,3.990671361552231566e-01,-2.040016399999999841e-01,-7.828121731322586208e-02,3.584193765188801728e-01,-3.611444538040220475e-01,5.295832591310758453e-01,-9.178476192237430831e-02,3.515378344316449355e-01,-4.662746452800606289e-01,5.402181383241611012e-01,4.640431605316668873e-01,3.375135359049855621e-01,-5.833799048150938027e-02,1.625134843583405375e-01,-3.586755295361209947e-03,9.586485999002646030e-02,-1.160632736629603479e-01,-3.022993154386039993e-01,3.950702275939946273e-02,-5.608932597568232203e-02,1.741025686755874602e-01,7.143433189067804889e-01,-1.775154322976175980e-01,-2.565075838816633369e-01,3.640614972292005036e-01,-7.540585788941207568e-01,-5.516214011980162812e-01,7.827647212996272641e-01,-2.998096047458214120e-01,1.703412217303836851e-01
-2.375418059433733187e-01,5.428274387083311669e-01,-1.431225704703527613e-01,-2.889872851268193155e-01,7.767345182305199214e-02,1.000000000000000000e+00,5.248982853088800526e-01,1.975389169647719101e-01,-4.390128518379549094e-01,4.692326740934668061e-01,-3.794157599999999908e-01,8.241354065088469794e-01,-2.457790798720194125e-01,-5.461980645108478472e-01,2.289737352153585481e-01,5.269626916400318439e-01,6.747873899681673393e-01,-3.357521869700767075e-02,-5.174117274118587018e-01,-3.588626807631773996e-01,-6.791299611076612175e-01,7.730491086697619529e-01,2.881891572044978367e-01,4.396623234999300078e-01,-8.925530559159787491e-02,-8.755835801337295832e-02,-3.261754920663579305e-01,-1.902790512035212878e-01,-2.775624137544185355e-01,-2.172011164510884162e-01,-5.619818612369631428e-02,6.095657311652326049e-01,4.967381777224772615e-02,2.577211563133962602e-01,1.648841177581123474e-01,-7.619779942564938562e-03,3.176469050888708345e-02,-7.448770180335245739e-01,5.663620277792263957e-01
8.057497366648630477e-02,7.989136179045275288e-01,-1.088392576255443195e-01,2.674707645101981335e-01,6.895812009565710499e-01,5.248982853088800526e-01,1.000000000000000000e+00,-1.244790555657161041e-01,-7.929010147627559846e-01,8.296268437612503988e-01,-4.841014399999999940e-01,5.105886286208243252e-01,4.347314319715356312e-04,-7.576318150935519302e-01,6.192150987436497722e-01,-1.430654600883862204e-01,8.688967791924196993e-01,-3.061807300119627206e-01,1.226056554571923751e-01,1.210664453083815373e-01,-1.336844163019339227e-01,5.594893112891732301e-01,3.583952581317304542e-01,2.252232533203358256e-01,2.673712805819306038e-01,-1.384765735755680849e-01,-1.658632191331994021e-01,1.886490411160654523e-01,-1.670769273386052689e-01,1.832838026114795571e-01,3.231397617713429593e-01,3.804921652298839385e-01,-2.613570331159886795e-02,5.895340805151498831e-01,-4.206928239142764814e-01,-4.071517766234980518e-01,6.893867429748004039e-01,-5.449160407637739789e-01,5.781889743188911579e-01
-5.953669302560343768e-01,-1.965805887881357517e-01,-6.350979253760917764e-01,5.095199379257305816e-01,2.491253101955802698e-02,1.975389169647719101e-01,-1.244790555657161041e-01,1.000000000000000000e+00,-2.139630261632635144e-01,1.183184107177844696e-02,6.733107000000000397e-01,-6.047481807774705842e-02,7.278980383022167766e-01,-2.173257851912860084e-01,-2.002615985979143767e-02,1.128547391544896250e-01,-1.897853068651335628e-01,3.886466075392036035e-01,-5.277978591537507355e-03,6.135532239782209851e-01,1.724277167807769795e-01,1.458058208242195841e-01,-4.464241419660176513e-01,8.167532168572630979e-01,3.747497191125008231e-01,-1.530716127705868124e-01,-6.130603571068886648e-01,-6.984672501074425943e-01,-8.016517562847296219e-01,1.338835379751376065e-01,2.286558371498098596e-02,-2.434084286319874169e-01,1.599766635989838259e-02,-6.947440916273389666e-01,-1.928513746241491272e-02,-3.375243123648723476e-01,1.080258963064852362e-01,-5.809962908817521976e-01,4.918097779803998204e-01
-8.795089624408408691e-02,-5.064963788582297344e-01,3.878064887304418784e-01,-5.002378252402617242e-01,-6.694867350987329102e-01,-4.390128518379549094e-01,-7.929010147627559846e-01,-2.139630261632635144e-01,1.000000000000000000e+00,-5.901153311151621228e-01,3.797363000000000266e-01,-3.941225916668354978e-01,-1.329645077914905216e-01,8.034649245168717924e-01,-8.869260750096047419e-01,2.416997762265858662e-02,-6.125978004109121633e-01,1.775677522458909974e-02,2.187643448748113548e-02,-3.371252642169259017e-01,-2.477335212888995275e-01,-4.357453749052327407e-01,-3.002482625158279239e-01,-3.113883477929887400e-01,-2.111116805618562520e-01,-1.504204713262022042e-01,3.343220151660610817e-01,-9.037562284476763352e-02,2.602974409803849309e-01,-4.770423816017048679e-01,-6.296374313206126727e-01,-3.102406559475499592e-01,1.543032170233360478e-01,-3.801211555801038422e-01,3.708205957647177087e-01,7.829471966880249267e-01,-8.464773153624368662e-01,5.684736609146826547e-01,-5.960920880927580434e-01
-3.202848849067657100e-01,5.256694272430244563e-01,2.098994555585832478e-01,2.694158489610335439e-01,3.990671361552231566e-01,4.692326740934668061e-01,8.296268437612503988e-01,1.183184107177844696e-02,-5.901153311151621228e-01,1.000000000000000000e+00,-2.334302999999999795e-01,5.687920786484388369e-01,4.751613978214869194e-02,-8.613529403677837593e-01,4.914657156045021402e-01,-4.438432435320381897e-01,8.534153733597059643e-01,1.619155175243659761e-01,-6.222205728829151294e-02,1.699223387605103275e-01,-2.599453299459890676e-01,7.921136047073803477e-01,2.733033015734315230e-01,4.400353372855904666e-01,6.758735049362785130e-01,-2.521251360341633663e-01,-2.130774338105335119e-01,1.291763883168362548e-01,-4.738968090629336882e-01,3.597430936961917847e-01,-5.996711777883442090e-02,5.538375540108876338e-01,-8.754020894072800374e-02,3.448230613469152050e-01,-2.453280013777663082e-02,-3.609974117572593566e-01,5.602999340393317595e-01,-5.417375482558330901e-01,8.345681906598455546e-01
-5.593996399999999758e-01,-4.595328400000000535e-01,-2.997011800000000115e-01,3.781238000000000099e-01,-2.040016399999999841e-01,-3.794157599999999908e-01,-4.841014399999999940e-01,6.733107000000000397e-01,3.797363000000000266e-01,-2.334302999999999795e-01,1.000000000000000000e+00,-4.416687000000000252e-01,8.166600799999998994e-01,3.233551999999999538e-01,-5.254118400000000744e-01,-1.947986999999999913e-01,-5.434032799999999330e-01,2.409931599999999285e-01,4.019991999999998900e-01,6.152982600000000968e-01,2.317352999999999774e-01,-2.649983599999999884e-01,-6.599348600000000120e-01,5.515658199999999844e-01,4.132203400000000748e-01,-4.739677199999999813e-01,-2.083068599999999826e-01,-7.013299600000000300e-01,-6.375784399999999685e-01,7.511580000000073198e-03,-3.864921599999999735e-01,-6.457125999999999699e-01,-1.286860000000000781e-02,-9.219110999999999834e-01,-8.255657999999999053e-02,1.469515999999999600e-01,-2.763776000000000010e-01,4.054368000000008188e-02,7.245524000000003184e-02
-2.228510418155777162e-01,4.124770763005319307e-01,2.546166550283922025e-01,-4.350952083551484217e-01,-7.828121731322586208e-02,8.241354065088469794e-01,5.105886286208243252e-01,-6.047481807774705842e-02,-3.941225916668354978e-01,5.687920786484388369e-01,-4.416687000000000252e-01,1.000000000000000000e+00,-4.074228131306799061e-01,-5.551322855574566395e-01,3.407500001465900707e-01,2.845388919628803470e-01,7.138276610473840433e-01,1.393909174467699852e-01,-5.757009202576257589e-01,-4.936688322286713060e-01,-6.230880809111387642e-01,8.623535470498272515e-01,3.522896974433959993e-01,3.255096567742326585e-01,3.573531370497878834e-02,-2.062213284842403238e-01,-1.680643960355102662e-01,-8.055601371174811454e-02,-2.497104903499916262e-01,9.745527603702734687e-02,-2.490266354176858821e-01,7.849657582712018522e-01,-2.410925255725092919e-01,2.485955305481891420e-01,3.232008369008779192e-01,3.855117216854302142e-02,-9.479899707840577783e-03,-4.666441620625443321e-01,5.828421594500216019e-01
-3.451027741106114655e-01,-8.532189701321492292e-02,-6.403626351964435415e-01,7.513748036575168543e-01,3.584193765188801728e-01,-2.457790798720194125e-01,4.347314319715356312e-04,7.278980383022167766e-01,-1.329645077914905216e-01,4.751613978214869194e-02,8.166600799999998994e-01,-4.074228131306799061e-01,1.000000000000000000e+00,8.998955025878398921e-04,-1.181106109565871060e-01,-2.261754964719599748e-01,-2.651514320715638862e-01,-1.181409664785763002e-02,6.488530140776613830e-01,8.893204105660964531e-01,4.415925074575274278e-01,-2.167804629915281167e-01,-5.647312215847106742e-01,6.183450205789070564e-01,4.736191360461365907e-01,-4.531797890455322997e-01,-3.792786081818846911e-01,-6.504020045155280982e-01,-6.888902239321607057e-01,1.493006379210892187e-01,7.422492081093373661e-02,-6.774443050935229360e-01,-7.376120538762019618e-02,-6.642203355529524567e-01,-5.148224540472459143e-01,-2.566172474192038311e-01,2.468466848189275753e-01,-2.384664939575862619e-01,2.555917594392896897e-01
3.250939391779882337e-01,-4.116591564378856982e-01,-2.122058242299524819e-02,-3.679542488893909891e-01,-3.611444538040220475e-01,-5.461980645108478472e-01,-7.576318150935519302e-01,-2.173257851912860084e-01,8.034649245168717924e-01,-8.613529403677837593e-01,3.233551999999999538e-01,-5.551322855574566395e-01,8.998955025878398921e-04,1.000000000000000000e+00,-7.379319280748285470e-01,2.905555855965189505e-01,-7.920831164891461995e-01,-3.590038875806060847e-01,3.248180002723659587e-01,-2.239687635616461614e-01,5.835032520064151879e-02,-7.979229615828996591e-01,-3.638191260185640874e-01,-4.790163174954336633e-01,-5.770350983529259903e-01,-1.106321822513261083e-01,3.300252850436513619e-01,-1.902890661263516026e-01,4.561112793664652276e-01,-4.571468866841625900e-01,-2.104369632411255686e-01,-6.393096880885476008e-01,-1.911490782287362730e-02,-3.619299903954941167e-01,-7.054353198768056887e-02,6.522110151934359390e-01,-7.004714321502326646e-01,6.765964726863171741e-01,-8.861307876917133841e-01
2.537384962938260546e-01,2.664995206112858450e-01,-1.111523446661960846e-01,4.197646341343249099e-01,5.295832591310758453e-01,2.289737352153585481e-01,6.192150987436497722e-01,-2.002615985979143767e-02,-8.869260750096047419e-01,4.914657156045021402e-01,-5.254118400000000744e-01,3.407500001465900707e-01,-1.181106109565871060e-01,-7.379319280748285470e-01,1.000000000000000000e+00,-1.628404169166952076e-01,4.996309875537078282e-01,1.851279280414365180e-01,-1.818739851280885833e-01,1.942145716029130553e-01,3.781525368559583988e-01,3.461781359776412437e-01,4.408733382417429070e-01,6.746230855436618871e-03,1.714216289582716768e-01,3.466331030535844127e-01,-1.805601901155495514e-01,3.691052650411800196e-01,-4.520250084636535243e-02,6.592891965270997190e-01,6.649813095669321328e-01,4.502660845866252592e-01,-3.070482456277810468e-01,4.861219207756777294e-01,-1.203110894781203449e-01,-8.345053821718422249e-01,8.399289633366679997e-01,-3.006269535457826159e-01,4.444626865426895002e-01
2.460271200381846379e-01,1.626455424708924680e-01,-4.298748955438931874e-01,-4.867672015225224524e-01,-9.178476192237430831e-02,5.269626916400318439e-01,-1.430654600883862204e-01,1.128547391544896250e-01,2.416997762265858662e-02,-4.438432435320381897e-01,-1.947986999999999913e-01,2.845388919628803470e-01,-2.261754964719599748e-01,2.905555855965189505e-01,-1.628404169166952076e-01,1.000000000000000000e+00,-1.169075799875372301e-01,-3.566476411088904674e-01,-2.834223420130540516e-01,-4.790068567383603537e-01,-3.585733984768289528e-01,-4.075301759473954483e-02,-2.652172914877889542e-03,-2.650659118761982541e-02,-7.818426000608039717e-01,5.178987567558895888e-02,-6.187708659252724036e-02,-3.566375418969019440e-01,2.090824570548620587e-01,-5.469609897510151475e-01,1.166096105298508601e-01,8.323537675322211990e-03,-3.710817480610281022e-02,-3.250958688678774744e-02,-8.326823820224724202e-04,2.880669994311702564e-01,-3.983448325596234407e-01,-1.621597938648979831e-01,-2.678932554218483864e-01
-1.669048742722889223e-01,6.066626883776962131e-01,1.869129936876664233e-01,-2.997594498095648013e-02,3.515378344316449355e-01,6.747873899681673393e-01,8.688967791924196993e-01,-1.897853068651335628e-01,-6.125978004109121633e-01,8.534153733597059643e-01,-5.434032799999999330e-01,7.138276610473840433e-01,-2.651514320715638862e-01,-7.920831164891461995e-01,4.996309875537078282e-01,-1.169075799875372301e-01,1.000000000000000000e+00,-7.777244693124898967e-02,-2.483693967492568988e-01,-1.438734325272157943e-01,-4.428415775410093902e-01,7.948614248698184781e-01,6.247617980434605478e-01,2.471856924543093526e-01,2.793067677221898748e-01,-1.533722779970572159e-01,-1.625149853666541244e-01,2.838910710398182546e-01,-1.800076123048580112e-01,8.670546508148453679e-02,-2.108976187628730514e-03,6.389590038653143456e-01,9.860553996986401448e-02,6.192284266068682763e-01,-6.827148616030784267e-02,-1.659723334276250739e-01,4.139920838609650322e-01,-5.107286394688089759e-01,6.587350467938781762e-01
-5.688548389056714560e-01,-5.615956057659138301e-01,3.515359133713626405e-01,1.197484228429479269e-01,-4.662746452800606289e-01,-3.357521869700767075e-02,-3.061807300119627206e-01,3.886466075392036035e-01,1.775677522458909974e-02,1.619155175243659761e-01,2.409931599999999285e-01,1.393909174467699852e-01,-1.181409664785763002e-02,-3.590038875806060847e-01,1.851279280414365180e-01,-3.566476411088904674e-01,-7.777244693124898967e-02,1.000000000000000000e+00,-5.869254620012110957e-01,1.208563810086593221e-01,8.994245988990655361e-02,3.966688130429384396e-01,-2.964851539644508885e-02,3.414701803547869341e-01,5.626956137092160581e-01,2.269066187908597709e-01,-2.109710052129370461e-01,-3.172057617011321638e-03,-4.580574247509694996e-01,5.341954548228289301e-01,-2.616007166514966453e-01,4.347932241222586813e-01,-1.285641158678837159e-01,-3.478564815684751510e-01,7.444251602487809150e-01,-3.290003187563983467e-01,2.371076121347104326e-02,-1.119862321889144169e-01,4.821091462838495989e-01
2.659566347739616976e-01,1.799031664117511642e-01,-3.879858036029240065e-01,5.124949495215442852e-01,5.402181383241611012e-01,-5.174117274118587018e-01,1.226056554571923751e-01,-5.277978591537507355e-03,2.187643448748113548e-02,-6.222205728829151294e-02,4.019991999999998900e-01,-5.757009202576257589e-01,6.488530140776613830e-01,3.248180002723659587e-01,-1.818739851280885833e-01,-2.834223420130540516e-01,-2.483693967492568988e-01,-5.869254620012110957e-01,1.000000000000000000e+00,5.880732332583777922e-01,4.222566308929968093e-01,-5.788655794978290192e-01,-4.018957306659966533e-01,-4.582206553894517531e-02,9.675122111098236055e-02,-4.040155117712781463e-01,7.871616940704674603e-02,-2.208396956830332714e-01,-3.031314444896245769e-02,5.115300112158842685e-03,2.053712640800393618e-01,-7.973625740405059226e-01,-9.644151244155352298e-02,-1.768622102711768507e-01,-8.173662944828966603e-01,-1.718672918353902337e-03,2.272754999039948709e-01,2.405800854866443073e-01,-2.819574280920353893e-01
-2.655688246247333018e-01,-1.014781733564208144e-01,-5.407459909819242183e-01,9.483560970301797566e-01,4.640431605316668873e-01,-3.588626807631773996e-01,1.210664453083815373e-01,6.135532239782209851e-01,-3.371252642169259017e-01,1.699223387605103275e-01,6.152982600000000968e-01,-4.936688322286713060e-01,8.893204105660964531e-01,-2.239687635616461614e-01,1.942145716029130553e-01,-4.790068567383603537e-01,-1.438734325272157943e-01,1.208563810086593221e-01,5.880732332583777922e-01,1.000000000000000000e+00,6.556917214872428623e-01,-2.047451042108469343e-01,-3.331950562506628133e-01,4.770998827764373895e-01,5.891197417510776191e-01,-1.633875645061911019e-01,-3.108649419945915815e-01,-2.797648584701746821e-01,-5.721311116229782501e-01,3.900463013710207538e-01,3.035002467042482444e-01,-5.555866410229688412e-01,1.002856104973504081e-02,-3.992751492194430707e-01,-5.002374960235785872e-01,-5.528478401134234721e-01,5.546849499850223797e-01,-1.971227168536801577e-01,3.163523758689931187e-01
2.910311066545006042e-01,-3.038270971619912442e-01,-3.534677450121020970e-01,6.966045528843080037e-01,3.375135359049855621e-01,-6.791299611076612175e-01,-1.336844163019339227e-01,1.724277167807769795e-01,-2.477335212888995275e-01,-2.599453299459890676e-01,2.317352999999999774e-01,-6.230880809111387642e-01,4.415925074575274278e-01,5.835032520064151879e-02,3.781525368559583988e-01,-3.585733984768289528e-01,-4.428415775410093902e-01,8.994245988990655361e-02,4.222566308929968093e-01,6.556917214872428623e-01,1.000000000000000000e+00,-5.678981485960723496e-01,-1.998273414381227242e-01,-1.522931247228354323e-01,1.392566285475906884e-01,2.936260741957717468e-01,-7.719906375013521442e-03,1.056757584045318749e-01,4.102297339824963196e-02,4.677835291583473665e-01,6.053630478519752556e-01,-4.836926007450101928e-01,-1.325986351079083969e-01,-1.623053629331781822e-01,-3.769782284596134847e-01,-6.151325341461409968e-01,5.245914058227703070e-01,2.489869000655648423e-01,-1.903433060667302223e-01
-5.369176817423100267e-01,3.549458138418054576e-01,2.902213974401547936e-01,-1.559036250080988451e-01,-5.833799048150938027e-02,7.730491086697619529e-01,5.594893112891732301e-01,1.458058208242195841e-01,-4.357453749052327407e-01,7.921136047073803477e-01,-2.649983599999999884e-01,8.623535470498272515e-01,-2.167804629915281167e-01,-7.979229615828996591e-01,3.461781359776412437e-01,-4.075301759473954483e-02,7.948614248698184781e-01,3.966688130429384396e-01,-5.788655794978290192e-01,-2.047451042108469343e-01,-5.678981485960723496e-01,1.000000000000000000e+00,3.162804407088250502e-01,5.571431925485115233e-01,4.482322959082239988e-01,-1.516616653679471183e-01,-2.576376526994162419e-01,-2.926641916265151910e-02,-4.977845002407690900e-01,1.772575365197963659e-01,-3.123721179637365952e-01,8.098558471909218515e-01,-1.403137436357761864e-02,1.911537813591447366e-01,3.943552077148958501e-01,-1.388338818245184181e-01,1.590427035515714627e-01,-6.252941061858856564e-01,8.600580350241409100e-01
1.740586728338624212e-01,7.103927775116357715e-03,2.656472998511729133e-01,-1.952448295229765041e-01,1.625134843583405375e-01,2.881891572044978367e-01,3.583952581317304542e-01,-4.464241419660176513e-01,-3.002482625158279239e-01,2.733033015734315230e-01,-6.599348600000000120e-01,3.522896974433959993e-01,-5.647312215847106742e-01,-3.638191260185640874e-01,4.408733382417429070e-01,-2.652172914877889542e-03,6.247617980434605478e-01,-2.964851539644508885e-02,-4.018957306659966533e-01,-3.331950562506628133e-01,-1.998273414381227242e-01,3.162804407088250502e-01,1.000000000000000000e+00,-3.223130935183074475e-01,-1.517746063032139603e-01,1.528343600281029946e-01,-6.625526758296616803e-02,6.012610703505861798e-01,3.108190651288708639e-01,1.320022635796787996e-02,1.629914580436962190e-01,4.767981554474188255e-01,9.488906106332870016e-02,7.121785569084497780e-01,5.568377689300080952e-02,-3.603238428384993725e-02,1.916573824615108723e-01,2.067503508644116458e-02,9.435771522259883692e-02
-8.137990779689082688e-01,1.257079202452540123e-01,-3.359944458908941667e-01,3.416423362485720983e-01,-3.586755295361209947e-03,4.396623234999300078e-01,2.252232533203358256e-01,8.167532168572630979e-01,-3.113883477929887400e-01,4.400353372855904666e-01,5.515658199999999844e-01,3.255096567742326585e-01,6.183450205789070564e-01,-4.790163174954336633e-01,6.746230855436618871e-03,-2.650659118761982541e-02,2.471856924543093526e-01,3.414701803547869341e-01,-4.582206553894517531e-02,4.770998827764373895e-01,-1.522931247228354323e-01,5.571431925485115233e-01,-3.223130935183074475e-01,1.000000000000000000e+00,5.927672544900987051e-01,-4.181323500874059018e-01,-4.566918313326361889e-01,-6.690419956284527903e-01,-9.384041337613184819e-01,1.236405575253289174e-01,-2.982930406295750680e-01,2.764719235322743093e-02,6.995733505880616376e-02,-5.463744634530246502e-01,-2.637281106699220314e-04,-1.781354101444276583e-01,9.454972807796141465e-02,-6.634958571655533710e-01,7.945387757048077981e-01
-6.474967326032031734e-01,-6.677681208313716865e-02,1.950510538271264249e-01,5.525414288238930105e-01,9.586485999002646030e-02,-8.925530559159787491e-02,2.673712805819306038e-01,3.747497191125008231e-01,-2.111116805618562520e-01,6.758735049362785130e-01,4.132203400000000748e-01,3.573531370497878834e-02,4.736191360461365907e-01,-5.770350983529259903e-01,1.714216289582716768e-01,-7.818426000608039717e-01,2.793067677221898748e-01,5.626956137092160581e-01,9.675122111098236055e-02,5.891197417510776191e-01,1.392566285475906884e-01,4.482322959082239988e-01,-1.517746063032139603e-01,5.927672544900987051e-01,1.000000000000000000e+00,-2.513676253799436155e-01,-2.666875713135372639e-01,-9.167752125545601538e-02,-7.254722445962672461e-01,5.070919805871276775e-01,-2.574167009278004459e-01,1.431343637277481540e-01,-8.850679091960800271e-03,-2.547193505886710119e-01,1.072900140321833146e-01,-3.766396474408103545e-01,3.964189349649367422e-01,-3.050119485461291746e-01,7.364744516195719237e-01
3.141901735494683212e-01,-5.885449732453916505e-02,7.134578362803975504e-02,4.456435589692756341e-03,-1.160632736629603479e-01,-8.755835801337295832e-02,-1.384765735755680849e-01,-1.530716127705868124e-01,-1.504204713262022042e-01,-2.521251360341633663e-01,-4.739677199999999813e-01,-2.062213284842403238e-01,-4.531797890455322997e-01,-1.106321822513261083e-01,3.466331030535844127e-01,5.178987567558895888e-02,-1.533722779970572159e-01,2.269066187908597709e-01,-4.040155117712781463e-01,-1.633875645061911019e-01,2.936260741957717468e-01,-1.516616653679471183e-01,1.528343600281029946e-01,-4.181323500874059018e-01,-2.513676253799436155e-01,1.000000000000000000e+00,2.063000616603515303e-01,5.509141883362087544e-01,4.971764036708800072e-01,1.267164913197684484e-01,4.955040141602634063e-01,2.686045578834486136e-01,2.998312365466023754e-01,3.990883647886300789e-01,2.663846584111583815e-01,-4.279055371651749318e-01,2.484792866555759483e-01,3.359417600311202790e-02,-2.070656094206201336e-01
2.649673934917217144e-01,1.619497086563422283e-01,4.540355780356534754e-01,-3.312975964341263180e-01,-3.022993154386039993e-01,-3.261754920663579305e-01,-1.658632191331994021e-01,-6.130603571068886648e-01,3.343220151660610817e-01,-2.130774338105335119e-01,-2.083068599999999826e-01,-1.680643960355102662e-01,-3.792786081818846911e-01,3.300252850436513619e-01,-1.805601901155495514e-01,-6.187708659252724036e-02,-1.625149853666541244e-01,-2.109710052129370461e-01,7.871616940704674603e-02,-3.108649419945915815e-01,-7.719906375013521442e-03,-2.576376526994162419e-01,-6.625526758296616803e-02,-4.566918313326361889e-01,-2.666875713135372639e-01,2.063000616603515303e-01,1.000000000000000000e+00,3.744890587552618944e-01,5.439831180643491804e-01,-2.149288026659426643e-01,-1.843423941105304942e-01,-4.319332857151219479e-02,1.820748992978691860e-01,2.208898851361150717e-01,7.997594533134735895e-02,3.179237039825643651e-01,-2.512292242349947191e-01,6.331761626930682008e-01,-4.364364546311918502e-01
3.951049264889976986e-01,8.170236002927869223e-02,5.091996966994305485e-01,-8.687085893269780312e-02,3.950702275939946273e-02,-1.902790512035212878e-01,1.886490411160654523e-01,-6.984672501074425943e-01,-9.037562284476763352e-02,1.291763883168362548e-01,-7.013299600000000300e-01,-8.055601371174811454e-02,-6.504020045155280982e-01,-1.902890661263516026e-01,3.691052650411800196e-01,-3.566375418969019440e-01,2.838910710398182546e-01,-3.172057617011321638e-03,-2.208396956830332714e-01,-2.797648584701746821e-01,1.056757584045318749e-01,-2.926641916265151910e-02,6.012610703505861798e-01,-6.690419956284527903e-01,-9.167752125545601538e-02,5.509141883362087544e-01,3.744890587552618944e-01,1.000000000000000000e+00,6.572592113944885073e-01,1.221500294830868000e-01,2.766485365426750720e-01,3.753618170935049680e-01,2.553836654979820819e-01,8.077331689865038244e-01,1.626769946519509014e-01,-1.680428012204409349e-01,2.948722530616347814e-01,2.819428548464755768e-01,-1.991258674665803419e-01
7.725086118763446752e-01,5.635031231289408526e-02,2.680862135140927305e-01,-4.584693409589452040e-01,-5.608932597568232203e-02,-2.775624137544185355e-01,-1.670769273386052689e-01,-8.016517562847296219e-01,2.602974409803849309e-01,-4.738968090629336882e-01,-6.375784399999999685e-01,-2.497104903499916262e-01,-6.888902239321607057e-01,4.561112793664652276e-01,-4.520250084636535243e-02,2.090824570548620587e-01,-1.800076123048580112e-01,-4.580574247509694996e-01,-3.031314444896245769e-02,-5.721311116229782501e-01,4.102297339824963196e-02,-4.977845002407690900e-01,3.108190651288708639e-01,-9.384041337613184819e-01,-7.254722445962672461e-01,4.971764036708800072e-01,5.439831180643491804e-01,6.572592113944885073e-01,1.000000000000000000e+00,-3.076766921077243033e-01,2.902966282063852987e-01,2.840951818192202771e-03,1.526647737091203771e-01,6.091810137184517915e-01,-3.418352748598513929e-02,2.419955183788944364e-01,-1.574681217543456579e-01,5.704810120354092406e-01,-7.910977711701523418e-01
-4.646362256678478880e-02,-1.852960920119263721e-01,1.449564829140462252e-01,4.782380795152306741e-01,1.741025686755874602e-01,-2.172011164510884162e-01,1.832838026114795571e-01,1.338835379751376065e-01,-4.770423816017048679e-01,3.597430936961917847e-01,7.511580000000073198e-03,9.745527603702734687e-02,1.493006379210892187e-01,-4.571468866841625900e-01,6.592891965270997190e-01,-5.469609897510151475e-01,8.670546508148453679e-02,5.341954548228289301e-01,5.115300112158842685e-03,3.900463013710207538e-01,4.677835291583473665e-01,1.772575365197963659e-01,1.320022635796787996e-02,1.236405575253289174e-01,5.070919805871276775e-01,1.267164913197684484e-01,-2.149288026659426643e-01,1.221500294830868000e-01,-3.076766921077243033e-01,1.000000000000000000e+00,2.502681969494569558e-01,2.175119258608275707e-01,-5.296193888841072006e-01,-5.565707119552535526e-02,7.377151188810661397e-02,-6.785075924009777992e-01,5.752427816031882024e-01,-7.631247056036349896e-04,3.902676261162001392e-01
6.561197665568713200e-01,2.142909508873546143e-01,-5.715966462172973328e-01,5.238940138394424517e-01,7.143433189067804889e-01,-5.619818612369631428e-02,3.231397617713429593e-01,2.286558371498098596e-02,-6.296374313206126727e-01,-5.996711777883442090e-02,-3.864921599999999735e-01,-2.490266354176858821e-01,7.422492081093373661e-02,-2.104369632411255686e-01,6.649813095669321328e-01,1.166096105298508601e-01,-2.108976187628730514e-03,-2.616007166514966453e-01,2.053712640800393618e-01,3.035002467042482444e-01,6.053630478519752556e-01,-3.123721179637365952e-01,1.629914580436962190e-01,-2.982930406295750680e-01,-2.574167009278004459e-01,4.955040141602634063e-01,-1.843423941105304942e-01,2.766485365426750720e-01,2.902966282063852987e-01,2.502681969494569558e-01,1.000000000000000000e+00,-1.208116247136393206e-01,-1.475277216217486531e-01,4.107343582763423040e-01,-4.765483556401126641e-01,-7.338130323143317035e-01,7.389303482663398537e-01,-1.683561259694726364e-01,-1.279819132281354577e-01
-1.282498657415591936e-01,2.282187407575863025e-01,5.457238167940208218e-01,-3.944263806537495753e-01,-1.775154322976175980e-01,6.095657311652326049e-01,3.804921652298839385e-01,-2.434084286319874169e-01,-3.102406559475499592e-01,5.538375540108876338e-01,-6.457125999999999699e-01,7.849657582712018522e-01,-6.774443050935229360e-01,-6.393096880885476008e-01,4.502660845866252592e-01,8.323537675322211990e-03,6.389590038653143456e-01,4.347932241222586813e-01,-7.973625740405059226e-01,-5.555866410229688412e-01,-4.836926007450101928e-01,8.098558471909218515e-01,4.767981554474188255e-01,2.764719235322743093e-02,1.431343637277481540e-01,2.686045578834486136e-01,-4.319332857151219479e-02,3.753618170935049680e-01,2.840951818192202771e-03,2.175119258608275707e-01,-1.208116247136393206e-01,1.000000000000000000e+00,-9.214833918724106565e-02,4.861603618692722506e-01,6.292462950914383679e-01,-1.693599142241494493e-01,1.287576721305506433e-01,-3.437203783060583939e-01,5.094543976033978350e-01
-3.315868966650746819e-01,1.584906604564143007e-01,5.896521157504375048e-03,-6.797065583736215666e-02,-2.565075838816633369e-01,4.967381777224772615e-02,-2.613570331159886795e-02,1.599766635989838259e-02,1.543032170233360478e-01,-8.754020894072800374e-02,-1.286860000000000781e-02,-2.410925255725092919e-01,-7.376120538762019618e-02,-1.911490782287362730e-02,-3.070482456277810468e-01,-3.710817480610281022e-02,9.860553996986401448e-02,-1.285641158678837159e-01,-9.644151244155352298e-02,1.002856104973504081e-02,-1.325986351079083969e-01,-1.403137436357761864e-02,9.488906106332870016e-02,6.995733505880616376e-02,-8.850679091960800271e-03,2.998312365466023754e-01,1.820748992978691860e-01,2.553836654979820819e-01,1.526647737091203771e-01,-5.296193888841072006e-01,-1.475277216217486531e-01,-9.214833918724106565e-02,1.000000000000000000e+00,1.838995223572563731e-01,-1.649078239227662682e-02,2.154721130308460686e-01,-1.503544061672611454e-01,-1.418832966649645755e-01,-3.732862199855790930e-02
5.194491469658661931e-01,5.122001329134491243e-01,2.643953771361100546e-01,-1.658184171372044380e-01,3.640614972292005036e-01,2.577211563133962602e-01,5.895340805151498831e-01,-6.947440916273389666e-01,-3.801211555801038422e-01,3.448230613469152050e-01,-9.219110999999999834e-01,2.485955305481891420e-01,-6.642203355529524567e-01,-3.619299903954941167e-01,4.861219207756777294e-01,-3.250958688678774744e-02,6.192284266068682763e-01,-3.478564815684751510e-01,-1.768622102711768507e-01,-3.992751492194430707e-01,-1.623053629331781822e-01,1.911537813591447366e-01,7.121785569084497780e-01,-5.463744634530246502e-01,-2.547193505886710119e-01,3.990883647886300789e-01,2.208898851361150717e-01,8.077331689865038244e-01,6.091810137184517915e-01,-5.565707119552535526e-02,4.107343582763423040e-01,4.861603618692722506e-01,1.838995223572563731e-01,1.000000000000000000e+00,-1.010133123151445989e-01,-1.611383953164290950e-01,4.032301280752780825e-01,-3.920796958605862054e-02,-5.268182779990066011e-02
-3.598441198857622036e-01,-3.875469439545407013e-01,6.151567134161347594e-01,-4.789444879300387425e-01,-7.540585788941207568e-01,1.648841177581123474e-01,-4.206928239142764814e-01,-1.928513746241491272e-02,3.708205957647177087e-01,-2.453280013777663082e-02,-8.255657999999999053e-02,3.232008369008779192e-01,-5.148224540472459143e-01,-7.054353198768056887e-02,-1.203110894781203449e-01,-8.326823820224724202e-04,-6.827148616030784267e-02,7.444251602487809150e-01,-8.173662944828966603e-01,-5.002374960235785872e-01,-3.769782284596134847e-01,3.943552077148958501e-01,5.568377689300080952e-02,-2.637281106699220314e-04,1.072900140321833146e-01,2.663846584111583815e-01,7.997594533134735895e-02,1.626769946519509014e-01,-3.418352748598513929e-02,7.377151188810661397e-02,-4.765483556401126641e-01,6.292462950914383679e-01,-1.649078239227662682e-02,-1.010133123151445989e-01,1.000000000000000000e+00,1.538385109021085662e-01,-4.120969455673799131e-01,1.036963209128670578e-02,1.570870809279243385e-01
-1.163052753212274887e-01,-1.107046243349753128e-01,3.432945132399747301e-01,-7.416500022107437307e-01,-5.516214011980162812e-01,-7.619779942564938562e-03,-4.071517766234980518e-01,-3.375243123648723476e-01,7.829471966880249267e-01,-3.609974117572593566e-01,1.469515999999999600e-01,3.855117216854302142e-02,-2.566172474192038311e-01,6.522110151934359390e-01,-8.345053821718422249e-01,2.880669994311702564e-01,-1.659723334276250739e-01,-3.290003187563983467e-01,-1.718672918353902337e-03,-5.528478401134234721e-01,-6.151325341461409968e-01,-1.388338818245184181e-01,-3.603238428384993725e-02,-1.781354101444276583e-01,-3.766396474408103545e-01,-4.279055371651749318e-01,3.179237039825643651e-01,-1.680428012204409349e-01,2.419955183788944364e-01,-6.785075924009777992e-01,-7.338130323143317035e-01,-1.693599142241494493e-01,2.154721130308460686e-01,-1.611383953164290950e-01,1.538385109021085662e-01,1.000000000000000000e+00,-9.017470302189634079e-01,3.924507223803443967e-01,-4.491341649589868368e-01
2.221641155219389319e-01,3.637411239268828478e-01,-3.031236047423795377e-01,7.586850783582114177e-01,7.827647212996272641e-01,3.176469050888708345e-02,6.893867429748004039e-01,1.080258963064852362e-01,-8.464773153624368662e-01,5.602999340393317595e-01,-2.763776000000000010e-01,-9.479899707840577783e-03,2.468466848189275753e-01,-7.004714321502326646e-01,8.399289633366679997e-01,-3.983448325596234407e-01,4.139920838609650322e-01,2.371076121347104326e-02,2.272754999039948709e-01,5.546849499850223797e-01,5.245914058227703070e-01,1.590427035515714627e-01,1.916573824615108723e-01,9.454972807796141465e-02,3.964189349649367422e-01,2.484792866555759483e-01,-2.512292242349947191e-01,2.948722530616347814e-01,-1.574681217543456579e-01,5.752427816031882024e-01,7.389303482663398537e-01,1.287576721305506433e-01,-1.503544061672611454e-01,4.032301280752780825e-01,-4.120969455673799131e-01,-9.017470302189634079e-01,1.000000000000000000e+00,-3.823753385869551602e-01,4.426276911970500327e-01
3.814701258742411172e-01,-4.648818500842128443e-01,4.298039188462112747e-01,-2.746019655098537182e-01,-2.998096047458214120e-01,-7.448770180335245739e-01,-5.449160407637739789e-01,-5.809962908817521976e-01,5.684736609146826547e-01,-5.417375482558330901e-01,4.054368000000008188e-02,-4.666441620625443321e-01,-2.384664939575862619e-01,6.765964726863171741e-01,-3.006269535457826159e-01,-1.621597938648979831e-01,-5.107286394688089759e-01,-1.119862321889144169e-01,2.405800854866443073e-01,-1.971227168536801577e-01,2.489869000655648423e-01,-6.252941061858856564e-01,2.067503508644116458e-02,-6.634958571655533710e-01,-3.050119485461291746e-01,3.359417600311202790e-02,6.331761626930682008e-01,2.819428548464755768e-01,5.704810120354092406e-01,-7.631247056036349896e-04,-1.683561259694726364e-01,-3.437203783060583939e-01,-1.418832966649645755e-01,-3.920796958605862054e-02,1.036963209128670578e-02,3.924507223803443967e-01,-3.823753385869551602e-01,1.000000000000000000e+00,-7.302083838791798565e-01
-6.526520058742089070e-01,2.726228647107360459e-01,-1.515999423968472648e-02,3.428332467128971661e-01,1.703412217303836851e-01,5.663620277792263957e-01,5.781889743188911579e-01,4.918097779803998204e-01,-5.960920880927580434e-01,8.345681906598455546e-01,7.245524000000003184e-02,5.828421594500216019e-01,2.555917594392896897e-01,-8.861307876917133841e-01,4.444626865426895002e-01,-2.678932554218483864e-01,6.587350467938781762e-01,4.821091462838495989e-01,-2.819574280920353893e-01,3.163523758689931187e-01,-1.903433060667302223e-01,8.600580350241409100e-01,9.435771522259883692e-02,7.945387757048077981e-01,7.364744516195719237e-01,-2.070656094206201336e-01,-4.364364546311918502e-01,-1.991258674665803419e-01,-7.910977711701523418e-01,3.902676261162001392e-01,-1.279819132281354577e-01,5.094543976033978350e-01,-3.732862199855790930e-02,-5.268182779990066011e-02,1.570870809279243385e-01,-4.491341649589868368e-01,4.426276911970500327e-01,-7.302083838791798565e-01,1.000000000000000000e+00
