1.0,-0.67960179999999992,0.34059402437885739,-0.53701310303310801,0.10313848081274175,0.30759354372306635,0.52549335108157325,0.26628454347667807,-0.58139448323714482,0.064358961461492212,0.11927550244127072,0.27338024368608804,0.67234546505599013,0.65067745163191038,0.0023403724482701995,-0.23131877181410426,0.29039923513006732,0.73917455136636823,-0.44258274287311289,0.69416989862422851,-0.18772243853489207,-0.53265216302714846,-0.49767743426354816,-0.2118418337041659,-0.53099260831563322,0.69848448776490191,0.43909428389558408,-0.21667985881956434,0.64116267553027395,0.24109387843987401,0.57523662690492006,-0.013136612940074793,-0.85521108045780203,-0.61654751957998832,0.76595546703788164,-0.02941308307109216,-0.62050703996229606,0.46150839171002334,-0.93999828120132645
-0.67960179999999992,1.0,-0.33562586000000005,0.85994852000000011,0.64836241999999999,-0.72503738000000006,-0.26255793999999999,0.14405355999999991,0.70931963999999992,0.078856260000000011,0.64448432000000011,0.28076835999999994,-0.98114206000000004,-0.45683014,0.62392271999999993,0.2217719199999999,-0.27489315999999997,-0.76766328000000006,0.72610010000000003,-0.99561697999999998,0.10468831999999995,0.86091632000000007,0.69976916,-0.43982301999999995,0.86573498000000004,-0.61461233999999998,0.24639574000000009,-0.095463060000000044,-0.68209004000000006,-0.72386211999999994,-0.013791219999999993,0.44993361999999992,0.54414815999999999,0.58551943999999989,-0.79425361999999999,0.40498725999999996,0.86287431999999997,-0.71870571999999999,0.75501174000000004
0.34059402437885739,-0.33562586000000005,1.0,-0.46942820868575919,-0.075140816632155175,0.58393973418300804,-0.029875247775033833,0.53418591989217523,-0.72451695704500807,-0.3907062791121772,-0.16962966430656301,0.43531449529766253,0.24224899138443537,0.42464410842917605,-0.17284400163518013,-0.2879759155230131,0.15915440064273098,0.38347896741653797,-0.63988463073838819,0.38799346307124705,-0.77334378213315091,0.086492787806261115,-0.67449377392101773,-0.34961108777731509,-0.62739232325062821,0.43791148699368565,0.43000910922466179,-0.62016905304017733,0.53576473111678591,0.42736062757726928,0.20364751355043118,-0.20891040896070995,-0.60257324574034654,-0.095437867484129218,0.70899014459316112,0.061572188174782674,-0.40630851620461284,0.26384617780302888,-0.45970784920879787
-0.53701310303310801,0.85994852000000011,-0.46942820868575919,1.0,0.58379002972421767,-0.84929134201952849,-0.30982060342813089,0.10521606565018798,0.68640562715015085,0.079770169194383567,0.61532495320387848,0.2307195602272186,-0.83808894438548664,-0.43607240690422455,0.67831009309604029,0.1521508872571955,-0.22484902388811345,-0.72265871328294318,0.66674374413010917,-0.87230778300078149,0.28288092849723118,0.62367060633219396,0.64447773618845361,-0.34719576246412531,0.85834246938805203,-0.39900101676788463,0.17732256629597765,-0.065153878697709708,-0.53822816574307586,-0.75981861263500028,0.114242272743785,0.52272880458399518,0.48066258779413235,0.45461585708889468,-0.6928962640917683,0.31621077923081187,0.70165001275492256,-0.53294598950087568,0.66568910436767859
0.10313848081274175,0.64836241999999999,-0.075140816632155175,0.58379002972421767,1.0,-0.60336585381288599,0.090855276686025846,0.54951899950005179,0.30113862345654424,0.070604149520944529,0.97427959017329013,0.72436663770871579,-0.65349872641491125,0.16499111258145077,0.87225766216027334,0.12658393561068504,0.023559818312490478,-0.23299770857623564,0.45053510997712826,-0.63006573243880881,-0.051608951937109723,0.65773192198724573,0.36067834417235617,-0.83289631722393009,0.58042328889694628,-0.09270911991029665,0.79490662285715541,-0.38505176131618518,-0.18127298857680704,-0.74466349681128363,0.6322413022987502,0.65675252715414389,-0.20560404067018065,0.17206152896862464,-0.25484292489553551,0.5924696248201089,0.45511777984794899,-0.50832919902321427,0.023530438951294714
0.30759354372306635,-0.72503738000000006,0.58393973418300804,-0.84929134201952849,-0.60336585381288599,1.0,-0.0031938196064346808,-0.02872729534390106,-0.6398155628563329,-0.46117124964867118,-0.68984041125857121,-0.19299740131917956,0.66630994572659175,0.39066565136685966,-0.55936555409568933,-0.24116321346995154,0.33924130806735397,0.68575130822964003,-0.7080753110078245,0.72518277582066204,-0.2286162918279698,-0.44940141273990208,-0.66961250434036979,0.37588520399156578,-0.86978801350725687,0.40693226507500557,-0.19351244540393248,0.0334764106137675,0.56740700363769059,0.6575438465586243,-0.10430590524852482,-0.51901755477401423,-0.40576633966636499,-0.44137028348370266,0.69270155587935389,-0.17394433742528431,-0.70607667623805703,0.58176456893602146,-0.49649396322061812
0.52549335108157325,-0.26255793999999999,-0.029875247775033833,-0.30982060342813089,0.090855276686025846,-0.0031938196064346808,1.0,-0.35438444828747573,0.12021818946941985,0.56174311961189893,0.238474277899412,-0.22135520301753045,0.39861271423559463,-0.093989669277097718,-0.15850806820449462,-0.19474024997330514,-0.44884926563585931,0.39179327882907278,0.29211571464809882,0.27933966718181014,-0.026365049591337075,-0.34842230369031751,0.22664773176733644,0.0093219122941119864,-0.16348506571845037,-0.061915438774373763,0.14012222827230145,0.30208362866962757,-0.25503914377503484,0.26076171679168164,-0.095070321304425318,-0.42138169139432757,-0.12102782311380636,-0.36693531153617875,0.10900789508615086,-0.25583895554140901,0.047729215661362796,0.092887283615977506,-0.33472508547636931
0.26628454347667807,0.14405355999999991,0.53418591989217523,0.10521606565018798,0.54951899950005179,-0.02872729534390106,-0.35438444828747573,1.0,-0.52867963799050233,-0.23629265826402024,0.4042552090188134,0.97135176692506031,-0.28900892045788118,0.58829587435378194,0.43554863714712411,0.25456594400125787,0.54658914884061216,0.06436738048443158,-0.44604381124155235,-0.093854175436103776,-0.62169122514519171,0.52989096044319073,-0.51320649290381593,-0.85149049877439142,0.011628239894187542,0.35692929949786811,0.73394552955986425,-0.91686636452266057,0.55843302485584168,-0.20241991102445156,0.72129667092027006,0.67228714071459872,-0.66535557030429782,-0.0028548586554684174,0.35334379429346285,0.35746384923829655,-0.19088861637028803,-0.24922606338231268,-0.31242476960970278
-0.58139448323714482,0.70931963999999992,-0.72451695704500807,0.68640562715015085,0.30113862345654424,-0.6398155628563329,0.12021818946941985,-0.52867963799050233,1.0,0.20954993624290036,0.40833083412817939,-0.36660682101852005,-0.59135258155813797,-0.65641857123495861,0.39703501361834204,-0.037154894630853988,-0.55511009721115601,-0.62185981668119172,0.95265307720085435,-0.75069557180440971,0.63692663373063896,0.29975358450846312,0.96151402269149566,0.15661827672626069,0.75540687112814764,-0.60865494824029742,-0.16420341843947181,0.57602233315953189,-0.90165041780979716,-0.60346633179111397,-0.29100203480573222,0.038307545373767585,0.7891788929576784,0.33860504321318818,-0.83273292767502349,0.1057023413544806,0.82050347733774975,-0.33964164922999235,0.73593591749114251
0.064358961461492212,0.078856260000000011,-0.3907062791121772,0.079770169194383567,0.070604149520944529,-0.46117124964867118,0.56174311961189893,-0.23629265826402024,0.20954993624290036,1.0,0.22117139975832989,-0.12507828115426833,0.029214643008440365,-0.46098381106501651,-0.27225432873380018,0.44428537928351497,-0.33387169921367443,-0.089660778763863691,0.35336916549961633,-0.039324680646164969,-0.14954685998411082,-0.060195158482952621,0.32563966904603181,-0.09448360647478117,0.33768917593656733,-0.47117693119655352,-0.14983750506747032,0.061627224301027211,-0.38325719074554165,0.20746652008001279,-0.33282288241474045,-0.05078098751784732,0.25478714473670599,-0.011537860685411128,-0.39932439284807381,-0.35348376221315503,0.2862709595966797,-0.50830111234541897,0.099583085717932007
0.11927550244127072,0.64448432000000011,-0.16962966430656301,0.61532495320387848,0.97427959017329013,-0.68984041125857121,0.238474277899412,0.4042552090188134,0.40833083412817939,0.22117139975832989,1.0,0.60658209171054644,-0.61322409040893922,0.021298919789803139,0.83677054417156427,0.066171556690718114,-0.10635717594574823,-0.27010455596323191,0.57365964328404706,-0.62733037575633888,0.0063960713672525094,0.57359615986668633,0.48153074935330503,-0.77094084669886864,0.64123728520136025,-0.13712879279904888,0.74944867604156973,-0.28429954083632669,-0.30220066014150548,-0.73308183818358463,0.54901605453764213,0.57435276108987066,-0.11176324965810518,0.13707683898154899,-0.31701692800183695,0.49210866456292701,0.54116617081180618,-0.49360351789476437,0.060238106205171268
0.27338024368608804,0.28076835999999994,0.43531449529766253,0.2307195602272186,0.72436663770871579,-0.19299740131917956,-0.22135520301753045,0.97135176692506031,-0.36660682101852005,-0.12507828115426833,0.60658209171054644,1.0,-0.39622206622943074,0.51223769433866762,0.57103443399141951,0.24753658614065185,0.43395744775951078,0.0050413042890437767,-0.24372424669534623,-0.23003315560421375,-0.56273057946777116,0.60455939383943902,-0.32637995524840846,-0.94382996040091349,0.16047055852596018,0.26136915894936025,0.82912255836320037,-0.87565268085322523,0.40589553593720296,-0.33678703533075621,0.75176469971142523,0.70985266992351292,-0.61274348516368349,0.034401591063244009,0.22929180989097697,0.4349833604008338,-0.031813741256308661,-0.35663370513007275,-0.26905864683582276
0.67234546505599013,-0.98114206000000004,0.24224899138443537,-0.83808894438548664,-0.65349872641491125,0.66630994572659175,0.39861271423559463,-0.28900892045788118,-0.59135258155813797,0.029214643008440365,-0.61322409040893922,-0.39622206622943074,1.0,0.33220825815147764,-0.64641950426582107,-0.26872635725570232,0.15799831740099343,0.75544750798255922,-0.58956544795989807,0.97386053983665044,-0.027963860128799988,-0.91428380161652623,-0.56471110389661749,0.50492092246303788,-0.82265030712978338,0.52908127783261072,-0.29773069622143433,0.22013244276779045,0.54880499690119344,0.72430257607986648,-0.078475931780486161,-0.54370648083171913,-0.4489623570977459,-0.59474780974949037,0.71146818366669851,-0.44134943559559536,-0.78216441685773408,0.7079528590649441,-0.7152488568010914
0.65067745163191038,-0.45683014,0.42464410842917605,-0.43607240690422455,0.16499111258145077,0.39066565136685966,-0.093989669277097718,0.58829587435378194,-0.65641857123495861,-0.46098381106501651,0.021298919789803139,0.51223769433866762,0.33220825815147764,1.0,0.18835306300143104,0.0131934693481356,0.52015096429328422,0.53581252808796964,-0.64836434286734823,0.45506318585306677,-0.17304457210239019,-0.1461125025335554,-0.67735807675024906,-0.28703530785375669,-0.50731181313159257,0.69776770768027341,0.44079961970651499,-0.37242897973466565,0.78851763262381647,0.032657591205487072,0.73258655732727296,0.33220089497295746,-0.86768370859484201,-0.26884587413005429,0.71876373920068615,0.23221029778487864,-0.66765732208433348,0.36014132675211513,-0.73824198709427724
0.0023403724482701995,0.62392271999999993,-0.17284400163518013,0.67831009309604029,0.87225766216027334,-0.55936555409568933,-0.15850806820449462,0.43554863714712411,0.39703501361834204,-0.27225432873380018,0.83677054417156427,0.57103443399141951,-0.64641950426582107,0.18835306300143104,1.0,-0.12968513847116217,0.12164961029704657,-0.34922794074563485,0.43514865704933836,-0.64272059350922683,0.25748202249297208,0.53977151094925568,0.36793232751394522,-0.60389822845806784,0.58722873166269995,0.1171809501844763,0.70602420596809867,-0.21613196634106305,-0.13479596121961104,-0.93160316020149758,0.71285990187966708,0.70295229110367075,-0.12757525849041051,0.11354296108806679,-0.2024883536499473,0.57204191806504057,0.42440659737974928,-0.19346013375509105,0.11920547187256754
-0.23131877181410426,0.2217719199999999,-0.2879759155230131,0.1521508872571955,0.12658393561068504,-0.24116321346995154,-0.19474024997330514,0.25456594400125787,-0.037154894630853988,0.44428537928351497,0.066171556690718114,0.24753658614065185,-0.26872635725570232,0.0131934693481356,-0.12968513847116217,1.0,0.15396913132859527,-0.051216203861459399,-0.049841936692474234,-0.19582546579384502,-0.17531097347033636,0.33869971467226645,-0.050457912141256611,-0.21578889699507062,0.25927909438241742,-0.48860253715537338,-0.2060286434509746,-0.19303234953752427,-0.0048070580443012913,0.096898995621073361,-0.096755145401976383,0.40078447132802281,0.10191000248375807,0.20600007408392407,-0.38375294664009196,-0.016926810297980245,-0.015720822229413064,-0.72521516598814473,0.1911096938129784
0.29039923513006732,-0.27489315999999997,0.15915440064273098,-0.22484902388811345,0.023559818312490478,0.33924130806735397,-0.44884926563585931,0.54658914884061216,-0.55511009721115601,-0.33387169921367443,-0.10635717594574823,0.43395744775951078,0.15799831740099343,0.52015096429328422,0.12164961029704657,0.15396913132859527,1.0,0.31045578020879305,-0.60252863526042499,0.27753839351867482,-0.13043114811973758,-0.039062982315727773,-0.62347663696584588,-0.19448778886640583,-0.2004806219194917,0.48725093537272873,0.22001684420976447,-0.4077400742389401,0.72087238452927627,-0.051782508895630699,0.54250491251849853,0.50068658889031248,-0.55099861691638219,-0.51391124113539932,0.41990562072577065,0.061181228678054145,-0.51806678251380056,0.17064950611093846,-0.3832174596458639
0.73917455136636823,-0.76766328000000006,0.38347896741653797,-0.72265871328294318,-0.23299770857623564,0.68575130822964003,0.39179327882907278,0.06436738048443158,-0.62185981668119172,-0.089660778763863691,-0.27010455596323191,0.0050413042890437767,0.75544750798255922,0.53581252808796964,-0.34922794074563485,-0.051216203861459399,0.31045578020879305,1.0,-0.55493459875648199,0.77373268265135997,-0.14389524021915109,-0.56431302574861253,-0.57643425377049373,0.12018503349704954,-0.80220214972259252,0.39087530296008227,0.027504662957805459,0.017821490650181734,0.62296163208774313,0.56509113164563185,0.17748631899185152,-0.35938856881568637,-0.66561537592215092,-0.58315031633192149,0.69080343518721854,-0.004315681276016242,-0.81563905617569266,0.4007067218151994,-0.81987100263441315
-0.44258274287311289,0.72610010000000003,-0.63988463073838819,0.66674374413010917,0.45053510997712826,-0.7080753110078245,0.29211571464809882,-0.44604381124155235,0.95265307720085435,0.35336916549961633,0.57365964328404706,-0.24372424669534623,-0.58956544795989807,-0.64836434286734823,0.43514865704933836,-0.049841936692474234,-0.60252863526042499,-0.55493459875648199,1.0,-0.74968533826826822,0.49804699449976753,0.33651210637320655,0.98375817542722166,-0.018888446433966474,0.75769456632386489,-0.63884790364248212,0.0016799440646899427,0.46906380074697096,-0.91076571160258113,-0.59390556705184872,-0.23890036900197306,0.025507111330798148,0.68408943677970313,0.35287238377930291,-0.81403823595565494,0.20273888109107588,0.85772908428466976,-0.43949741325826869,0.61495765974758354
0.69416989862422851,-0.99561697999999998,0.38799346307124705,-0.87230778300078149,-0.63006573243880881,0.72518277582066204,0.27933966718181014,-0.093854175436103776,-0.75069557180440971,-0.039324680646164969,-0.62733037575633888,-0.23003315560421375,0.97386053983665044,0.45506318585306677,-0.64272059350922683,-0.19582546579384502,0.27753839351867482,0.77373268265135997,-0.74968533826826822,1.0,-0.19244348348043697,-0.82581427279264807,-0.72859399847403039,0.38041507838460209,-0.8712055867142795,0.6044433391111772,-0.21093063560422393,0.025680239092239859,0.6944257819496682,0.75860507999042937,0.013068640090590064,-0.44657692862094173,-0.57142521350389686,-0.58109643563797742,0.80801819379194351,-0.41204394461660376,-0.8597940039374069,0.67643989514539704,-0.76947194141480324
-0.18772243853489207,0.10468831999999995,-0.77334378213315091,0.28288092849723118,-0.051608951937109723,-0.2286162918279698,-0.026365049591337075,-0.62169122514519171,0.63692663373063896,-0.14954685998411082,0.0063960713672525094,-0.56273057946777116,-0.027963860128799988,-0.17304457210239019,0.25748202249297208,-0.17531097347033636,-0.13043114811973758,-0.14389524021915109,0.49804699449976753,-0.19244348348043697,1.0,-0.32232516894864804,0.54927615489539772,0.57105388562780024,0.27583637996766858,-0.094981166726659613,-0.38617248239129659,0.80483280011445768,-0.33538248176911006,-0.46056868069455126,-0.060204575297251581,-0.01115824478535473,0.42527202947945603,-0.010428624629618459,-0.37488906076046175,0.11610548716049936,0.15881702769893763,0.23283307743561171,0.23919884084107915
-0.53265216302714846,0.86091632000000007,0.086492787806261115,0.62367060633219396,0.65773192198724573,-0.44940141273990208,-0.34842230369031751,0.52989096044319073,0.29975358450846312,-0.060195158482952621,0.57359615986668633,0.60455939383943902,-0.91428380161652623,-0.1461125025335554,0.53977151094925568,0.33869971467226645,-0.039062982315727773,-0.56431302574861253,0.33651210637320655,-0.82581427279264807,-0.32232516894864804,1.0,0.28264947231100074,-0.6871512944140018,0.59984669661592827,-0.44868768485175997,0.45167843759517073,-0.47161118222691384,-0.35757131676782372,-0.5096906857540966,0.14946401771166723,0.5301231377006822,0.20134172140022066,0.48932625060974971,-0.4816633098244596,0.38832517885170353,0.61399391675845139,-0.72270018405117042,0.54775518241346166
-0.49767743426354816,0.69976916,-0.67449377392101773,0.64447773618845361,0.36067834417235617,-0.66961250434036979,0.22664773176733644,-0.51320649290381593,0.96151402269149566,0.32563966904603181,0.48153074935330503,-0.32637995524840846,-0.56471110389661749,-0.67735807675024906,0.36793232751394522,-0.050457912141256611,-0.62347663696584588,-0.57643425377049373,0.98375817542722166,-0.72859399847403039,0.54927615489539772,0.28264947231100074,1.0,0.07932473323994918,0.74736548441084782,-0.64446780299129758,-0.11293850836384395,0.51306358684993636,-0.90776192943730671,-0.56186655895797744,-0.31638638422392384,-0.037302065664510844,0.74374675411426894,0.41920802240448773,-0.83634384498261571,0.21717915616560685,0.8387181601822089,-0.42027797369761094,0.63340809808459952
-0.2118418337041659,-0.43982301999999995,-0.34961108777731509,-0.34719576246412531,-0.83289631722393009,0.37588520399156578,0.0093219122941119864,-0.85149049877439142,0.15661827672626069,-0.09448360647478117,-0.77094084669886864,-0.94382996040091349,0.50492092246303788,-0.28703530785375669,-0.60389822845806784,-0.21578889699507062,-0.19448778886640583,0.12018503349704954,-0.018888446433966474,0.38041507838460209,0.57105388562780024,-0.6871512944140018,0.07932473323994918,1.0,-0.32980429192834376,-0.071910276589582489,-0.86751711771164808,0.80788971450967106,-0.13426715522588242,0.38853414709420919,-0.63259320259828755,-0.63652019056950404,0.45075155042787984,-0.10526099453610926,-0.046004504686012374,-0.40424445365812189,-0.22100350623206666,0.49774207807627002,0.13824889855451244
-0.53099260831563322,0.86573498000000004,-0.62739232325062821,0.85834246938805203,0.58042328889694628,-0.86978801350725687,-0.16348506571845037,0.011628239894187542,0.75540687112814764,0.33768917593656733,0.64123728520136025,0.16047055852596018,-0.82265030712978338,-0.50731181313159257,0.58722873166269995,0.25927909438241742,-0.2004806219194917,-0.80220214972259252,0.75769456632386489,-0.8712055867142795,0.27583637996766858,0.59984669661592827,0.74736548441084782,-0.32980429192834376,1.0,-0.48896803016902529,0.15025546657683617,-0.0016312445077684399,-0.64732464603109474,-0.75668574713962278,0.036743994305164562,0.55301061789593742,0.55874017617315175,0.39896429027926961,-0.81137550639312628,0.18868618706866455,0.83744725046662882,-0.63578532418045475,0.68222099249656087
0.69848448776490191,-0.61461233999999998,0.43791148699368565,-0.39900101676788463,-0.09270911991029665,0.40693226507500557,-0.061915438774373763,0.35692929949786811,-0.60865494824029742,-0.47117693119655352,-0.13712879279904888,0.26136915894936025,0.52908127783261072,0.69776770768027341,0.1171809501844763,-0.48860253715537338,0.48725093537272873,0.39087530296008227,-0.63884790364248212,0.6044433391111772,-0.094981166726659613,-0.44868768485175997,-0.64446780299129758,-0.071910276589582489,-0.48896803016902529,1.0,0.37512243913969806,-0.31830432737713271,0.77701012456934981,0.052790782464436942,0.66132872828647704,0.1458170129579783,-0.76045310220644102,-0.52074487616948384,0.86627963716688905,-0.094075398931620174,-0.61279787807396136,0.76803993666762582,-0.70153235281444082
0.43909428389558408,0.24639574000000009,0.43000910922466179,0.17732256629597765,0.79490662285715541,-0.19351244540393248,0.14012222827230145,0.73394552955986425,-0.16420341843947181,-0.14983750506747032,0.74944867604156973,0.82912255836320037,-0.29773069622143433,0.44079961970651499,0.70602420596809867,-0.2060286434509746,0.22001684420976447,0.027504662957805459,0.0016799440646899427,-0.21093063560422393,-0.38617248239129659,0.45167843759517073,-0.11293850836384395,-0.86751711771164808,0.15025546657683617,0.37512243913969806,1.0,-0.62646163938968757,0.21561071803919374,-0.46505184154338458,0.79864565602818505,0.52283305343417397,-0.60124482015472902,-0.13641762700493787,0.29800482510211934,0.39409215344788945,0.12915093937141872,-0.078065470044582919,-0.33212406014157858
-0.21667985881956434,-0.095463060000000044,-0.62016905304017733,-0.065153878697709708,-0.38505176131618518,0.0334764106137675,0.30208362866962757,-0.91686636452266057,0.57602233315953189,0.061627224301027211,-0.28429954083632669,-0.87565268085322523,0.22013244276779045,-0.37242897973466565,-0.21613196634106305,-0.19303234953752427,-0.4077400742389401,0.017821490650181734,0.46906380074697096,0.025680239092239859,0.80483280011445768,-0.47161118222691384,0.51306358684993636,0.80788971450967106,-0.0016312445077684399,-0.31830432737713271,-0.62646163938968757,1.0,-0.49842788033478702,0.0063433188955909171,-0.50276313898302449,-0.48535288195126619,0.56190255417779489,-0.061069212652589674,-0.34829620704157693,-0.18480762466072051,0.13197418083988227,0.265533133708312,0.26152585580296756
0.64116267553027395,-0.68209004000000006,0.53576473111678591,-0.53822816574307586,-0.18127298857680704,0.56740700363769059,-0.25503914377503484,0.55843302485584168,-0.90165041780979716,-0.38325719074554165,-0.30220066014150548,0.40589553593720296,0.54880499690119344,0.78851763262381647,-0.13479596121961104,-0.0048070580443012913,0.72087238452927627,0.62296163208774313,-0.91076571160258113,0.6944257819496682,-0.33538248176911006,-0.35757131676782372,-0.90776192943730671,-0.13426715522588242,-0.64732464603109474,0.77701012456934981,0.21561071803919374,-0.49842788033478702,1.0,0.32822142494875156,0.54196659878807296,0.17257862087270529,-0.84783987897249813,-0.42706449786913375,0.83829572805079222,0.038451807889809432,-0.87483559663139143,0.44850036426796314,-0.78219144339560187
0.24109387843987401,-0.72386211999999994,0.42736062757726928,-0.75981861263500028,-0.74466349681128363,0.6575438465586243,0.26076171679168164,-0.20241991102445156,-0.60346633179111397,0.20746652008001279,-0.73308183818358463,-0.33678703533075621,0.72430257607986648,0.032657591205487072,-0.93160316020149758,0.096898995621073361,-0.051782508895630699,0.56509113164563185,-0.59390556705184872,0.75860507999042937,-0.46056868069455126,-0.5096906857540966,-0.56186655895797744,0.38853414709420919,-0.75668574713962278,0.052790782464436942,-0.46505184154338458,0.0063433188955909171,0.32822142494875156,1.0,-0.50114452385688957,-0.66896826779894092,-0.16814088740025507,-0.24010843558208952,0.44800085593125749,-0.51681324850236665,-0.58752781889309624,0.24287281043172765,-0.35032590538423519
0.57523662690492006,-0.013791219999999993,0.20364751355043118,0.114242272743785,0.6322413022987502,-0.10430590524852482,-0.095070321304425318,0.72129667092027006,-0.29100203480573222,-0.33282288241474045,0.54901605453764213,0.75176469971142523,-0.078475931780486161,0.73258655732727296,0.71285990187966708,-0.096755145401976383,0.54250491251849853,0.17748631899185152,-0.23890036900197306,0.013068640090590064,-0.060204575297251581,0.14946401771166723,-0.31638638422392384,-0.63259320259828755,0.036743994305164562,0.66132872828647704,0.79864565602818505,-0.50276313898302449,0.54196659878807296,-0.50114452385688957,1.0,0.70896802416429539,-0.74750686371976938,-0.32125679510049121,0.45324831792053849,0.34980508878776706,-0.233179894626933,0.16822825326566171,-0.50464768173446461
-0.013136612940074793,0.44993361999999992,-0.20891040896070995,0.52272880458399518,0.65675252715414389,-0.51901755477401423,-0.42138169139432757,0.67228714071459872,0.038307545373767585,-0.05078098751784732,0.57435276108987066,0.70985266992351292,-0.54370648083171913,0.33220089497295746,0.70295229110367075,0.40078447132802281,0.50068658889031248,-0.35938856881568637,0.025507111330798148,-0.44657692862094173,-0.01115824478535473,0.5301231377006822,-0.037302065664510844,-0.63652019056950404,0.55301061789593742,0.1458170129579783,0.52283305343417397,-0.48535288195126619,0.17257862087270529,-0.66896826779894092,0.70896802416429539,1.0,-0.23500564311098279,0.019876036526386601,-0.14545959898842886,0.23405428033231765,0.16539646723291301,-0.35442024550957252,0.096809002259207785
-0.85521108045780203,0.54414815999999999,-0.60257324574034654,0.48066258779413235,-0.20560404067018065,-0.40576633966636499,-0.12102782311380636,-0.66535557030429782,0.7891788929576784,0.25478714473670599,-0.11176324965810518,-0.61274348516368349,-0.4489623570977459,-0.86768370859484201,-0.12757525849041051,0.10191000248375807,-0.55099861691638219,-0.66561537592215092,0.68408943677970313,-0.57142521350389686,0.42527202947945603,0.20134172140022066,0.74374675411426894,0.45075155042787984,0.55874017617315175,-0.76045310220644102,-0.60124482015472902,0.56190255417779489,-0.84783987897249813,-0.16814088740025507,-0.74750686371976938,-0.23500564311098279,1.0,0.47228619550965423,-0.84792710878734812,-0.15554842965390467,0.68979018188595742,-0.35350635930293273,0.89221821264858514
-0.61654751957998832,0.58551943999999989,-0.095437867484129218,0.45461585708889468,0.17206152896862464,-0.44137028348370266,-0.36693531153617875,-0.0028548586554684174,0.33860504321318818,-0.011537860685411128,0.13707683898154899,0.034401591063244009,-0.59474780974949037,-0.26884587413005429,0.11354296108806679,0.20600007408392407,-0.51391124113539932,-0.58315031633192149,0.35287238377930291,-0.58109643563797742,-0.010428624629618459,0.48932625060974971,0.41920802240448773,-0.10526099453610926,0.39896429027926961,-0.52074487616948384,-0.13641762700493787,-0.061069212652589674,-0.42706449786913375,-0.24010843558208952,-0.32125679510049121,0.019876036526386601,0.47228619550965423,1.0,-0.56594851664998269,0.46552401773194857,0.48170017744372789,-0.53218711174111644,0.49194206704826304
0.76595546703788164,-0.79425361999999999,0.70899014459316112,-0.6928962640917683,-0.25484292489553551,0.69270155587935389,0.10900789508615086,0.35334379429346285,-0.83273292767502349,-0.39932439284807381,-0.31701692800183695,0.22929180989097697,0.71146818366669851,0.71876373920068615,-0.2024883536499473,-0.38375294664009196,0.41990562072577065,0.69080343518721854,-0.81403823595565494,0.80801819379194351,-0.37488906076046175,-0.4816633098244596,-0.83634384498261571,-0.046004504686012374,-0.81137550639312628,0.86627963716688905,0.29800482510211934,-0.34829620704157693,0.83829572805079222,0.44800085593125749,0.45324831792053849,-0.14545959898842886,-0.84792710878734812,-0.56594851664998269,1.0,-0.16082895272579595,-0.79491811789580979,0.71617750270481517,-0.82547786301006876
-0.02941308307109216,0.40498725999999996,0.061572188174782674,0.31621077923081187,0.5924696248201089,-0.17394433742528431,-0.25583895554140901,0.35746384923829655,0.1057023413544806,-0.35348376221315503,0.49210866456292701,0.4349833604008338,-0.44134943559559536,0.23221029778487864,0.57204191806504057,-0.016926810297980245,0.061181228678054145,-0.004315681276016242,0.20273888109107588,-0.41204394461660376,0.11610548716049936,0.38832517885170353,0.21717915616560685,-0.40424445365812189,0.18868618706866455,-0.094075398931620174,0.39409215344788945,-0.18480762466072051,0.038451807889809432,-0.51681324850236665,0.34980508878776706,0.23405428033231765,-0.15554842965390467,0.46552401773194857,-0.16082895272579595,1.0,0.12990319860894634,-0.31574924241933217,-0.11502399965817552
-0.62050703996229606,0.86287431999999997,-0.40630851620461284,0.70165001275492256,0.45511777984794899,-0.70607667623805703,0.047729215661362796,-0.19088861637028803,0.82050347733774975,0.2862709595966797,0.54116617081180618,-0.031813741256308661,-0.78216441685773408,-0.66765732208433348,0.42440659737974928,-0.015720822229413064,-0.51806678251380056,-0.81563905617569266,0.85772908428466976,-0.8597940039374069,0.15881702769893763,0.61399391675845139,0.8387181601822089,-0.22100350623206666,0.83744725046662882,-0.61279787807396136,0.12915093937141872,0.13197418083988227,-0.87483559663139143,-0.58752781889309624,-0.233179894626933,0.16539646723291301,0.68979018188595742,0.48170017744372789,-0.79491811789580979,0.12990319860894634,1.0,-0.53809363647587838,0.76516311079573351
0.46150839171002334,-0.71870571999999999,0.26384617780302888,-0.53294598950087568,-0.50832919902321427,0.58176456893602146,0.092887283615977506,-0.24922606338231268,-0.33964164922999235,-0.50830111234541897,-0.49360351789476437,-0.35663370513007275,0.7079528590649441,0.36014132675211513,-0.19346013375509105,-0.72521516598814473,0.17064950611093846,0.4007067218151994,-0.43949741325826869,0.67643989514539704,0.23283307743561171,-0.72270018405117042,-0.42027797369761094,0.49774207807627002,-0.63578532418045475,0.76803993666762582,-0.078065470044582919,0.265533133708312,0.44850036426796314,0.24287281043172765,0.16822825326566171,-0.35442024550957252,-0.35350635930293273,-0.53218711174111644,0.71617750270481517,-0.31574924241933217,-0.53809363647587838,1.0,-0.46803445221030382
-0.93999828120132645,0.75501174000000004,-0.45970784920879787,0.66568910436767859,0.023530438951294714,-0.49649396322061812,-0.33472508547636931,-0.31242476960970278,0.73593591749114251,0.099583085717932007,0.060238106205171268,-0.26905864683582276,-0.7152488568010914,-0.73824198709427724,0.11920547187256754,0.1911096938129784,-0.3832174596458639,-0.81987100263441315,0.61495765974758354,-0.76947194141480324,0.23919884084107915,0.54775518241346166,0.63340809808459952,0.13824889855451244,0.68222099249656087,-0.70153235281444082,-0.33212406014157858,0.26152585580296756,-0.78219144339560187,-0.35032590538423519,-0.50464768173446461,0.096809002259207785,0.89221821264858514,0.49194206704826304,-0.82547786301006876,-0.11502399965817552,0.76516311079573351,-0.46803445221030382,1.0
