1.000000000000000000e+00,1.873366234401291630e-01,-3.127606016638893038e-01,1.632482274601157746e-01,3.822561603579861106e-02,3.113084227287870598e-01,-3.700770226610058389e-01,1.341735882151888770e-01,1.531680041189168728e-01,-3.750034367800432200e-01,1.448504200000000353e-01,-2.431115225041637073e-01,-5.838814006008663515e-02,1.627657941320884705e-01,-3.756697039162332774e-01,5.029631494091325594e-01,2.181878396117062080e-01,1.130198058601677435e-01,-1.035291959344530749e-01,5.343820605782503286e-01,-3.164344427763600420e-02,8.038203307816444987e-01,2.001790466504779764e-01,-2.520552866336243647e-01,-8.965620848603705895e-02,-1.633712153182330651e-01,1.696850067766730308e-01,1.487176245307470501e-01,-2.093829879327470389e-01,1.037990761367000164e-01,1.861455361020369070e-01,-5.087146930889281660e-02,1.056981304397034832e-01,1.128807437058680120e-02,-3.720276444616665290e-01,-1.475061908886327877e-01,4.182021138399921040e-02,7.381906249407300946e-02,-8.461321585823662964e-03
1.873366234401291630e-01,1.000000000000000000e+00,5.087704787538726015e-01,-2.906005166509081916e-02,-2.767216286155654847e-01,-2.798678238985480293e-01,4.240850549626734023e-01,-2.742580153994518821e-01,-6.487518294866089219e-01,5.036333902928397110e-01,-1.292536199999999580e-01,-3.305886272900814271e-01,-3.712739534984675904e-01,-8.410783753588317868e-01,6.204143998481553846e-01,-4.619234110807713956e-01,-3.463133435385195580e-01,-4.284149587306617657e-01,1.112459651118244131e-01,-2.558982851110815082e-02,7.029245028901537351e-04,2.552833756642034491e-01,-1.871756484112914176e-01,6.893285847407056854e-01,-3.855047429582106888e-01,-6.704053310410753586e-01,-2.639628176405565685e-01,-5.605834874821680192e-01,4.366013013687017885e-01,-1.582692731167903988e-01,-2.821540352011267516e-01,7.671623991107107132e-01,-2.763494747943318758e-02,-4.691185215051486557e-01,-5.778983633248190310e-01,-2.615051565272462630e-01,3.177111473274727427e-01,3.524092579109723844e-01,3.332964605072927800e-01
-3.127606016638893038e-01,5.087704787538726015e-01,1.000000000000000000e+00,1.412639702364246741e-01,-2.551951248455155419e-01,-2.654438070862787935e-01,4.971011676478051533e-01,-5.345260755741785413e-02,-6.983697728132102212e-01,7.103766888875682195e-01,-4.380147599999999475e-01,-2.623073590157435353e-01,-1.277426295351281604e-01,-6.115436961290464657e-01,4.365932490458871440e-01,-4.226789704941477654e-01,-6.128713763569134665e-01,-4.586313774942668009e-01,4.077619265441483898e-01,-1.058711443109627975e-01,1.682267858735441990e-01,-3.865585814361567341e-01,-4.877820836270662652e-01,6.576747297360496791e-01,-5.455177426552992176e-02,-4.788948536318167748e-01,-2.015244957299091033e-01,-1.591859646600494449e-01,7.471789335293974599e-01,-3.604751590163265962e-01,-5.627093110264247411e-01,5.575076237453452377e-01,1.071121124143586262e-01,-2.422995683877926520e-01,-4.019668648364553287e-01,-7.672504542658338533e-02,4.012821042665471460e-01,6.193990445865970029e-01,1.426345028235725954e-01
1.632482274601157746e-01,-2.906005166509081916e-02,1.412639702364246741e-01,1.000000000000000000e+00,-1.554565654428959609e-01,-4.536894045207736648e-01,5.554863347151279829e-01,6.593567007644834943e-01,-5.230142232091448129e-01,1.862241830394923692e-01,-8.882385400000000208e-01,-7.638606858227264818e-01,-1.726765425805769361e-01,1.615640204605147678e-01,1.885523995957374618e-02,1.013393959280335932e-01,-7.077534440979444952e-01,-6.674857261377543649e-01,9.210881141006544981e-01,4.575278981470127238e-01,4.354209632220763515e-01,2.871341099985441070e-01,-8.471131506721294446e-01,4.178755868471385471e-01,2.256903387455404808e-01,1.410798960929713075e-01,8.966700355245360576e-01,4.926991675612467092e-01,3.198655433722043251e-02,-9.104041518336196404e-02,-6.730537428944897149e-01,9.225206685378586902e-02,7.492797295498293542e-01,8.045060657228629841e-01,-2.086004517347467557e-01,6.800507130141932866e-01,1.960339333921834737e-01,3.813609358817979245e-01,-7.020928908199466356e-01
3.822561603579861106e-02,-2.767216286155654847e-01,-2.551951248455155419e-01,-1.554565654428959609e-01,1.000000000000000000e+00,4.467334806618457332e-02,-2.289959589005863272e-01,1.175875563751103969e-01,4.997255956371041696e-01,-8.090992038843851375e-02,3.990927399999999459e-01,1.942797320051738996e-01,-4.432189110974766311e-01,3.674461643536409694e-01,-2.758594759422394738e-01,-6.511865409812689354e-02,5.300743123515121447e-01,1.445053017056215361e-01,-3.365477731537450667e-01,-8.771615335719684658e-02,-6.211826167244401953e-01,-6.364549672928403179e-02,4.262201549230675846e-01,-3.658665241884397346e-01,6.067589618967180742e-01,-1.159921060225731215e-02,-1.706591008915170349e-01,1.124329534453947510e-01,8.369238490708764966e-02,-2.602304327100091741e-01,6.153855657351851027e-01,-3.490146718655779412e-01,2.209222896719953422e-01,1.537775459594583616e-01,2.665110049867803199e-01,-2.805326594073734858e-01,-7.524311388518393207e-01,-2.303747845609561695e-01,3.565236823686222523e-01
3.113084227287870598e-01,-2.798678238985480293e-01,-2.654438070862787935e-01,-4.536894045207736648e-01,4.467334806618457332e-02,1.000000000000000000e+00,-8.627791268272192449e-01,-3.332949352649671737e-01,5.206406742124609632e-01,-6.206231306958532867e-01,4.911301200000000033e-01,5.446013647854868189e-01,6.780111510365357530e-01,3.077510190259575840e-01,-4.343206782273066335e-01,7.081972594283414413e-01,4.524790133287553417e-01,8.049419565852636849e-01,-5.290550195763280561e-01,3.270332524637374338e-01,-9.924988476292820327e-02,1.549808755299649232e-01,5.178058550007653693e-01,-6.577497745617242320e-01,-7.159960248750009415e-02,-6.953367152627164607e-03,-3.384351265419620614e-01,2.006566393681367133e-01,-2.143940064014597524e-01,2.884291608861632161e-01,2.946352207587107919e-01,-5.934950685761549716e-01,-4.529324372989701475e-01,-4.250577492218328701e-01,-1.426361391165562875e-01,-3.251802000360269340e-01,2.794962290777031066e-01,-2.728393271218315097e-01,3.645189983534651013e-02
-3.700770226610058389e-01,4.240850549626734023e-01,4.971011676478051533e-01,5.554863347151279829e-01,-2.289959589005863272e-01,-8.627791268272192449e-01,1.000000000000000000e+00,1.038261943536842313e-01,-8.265289513659214160e-01,7.234754818255685338e-01,-7.179344199999999621e-01,-6.796687511598399345e-01,-4.846972301084745416e-01,-5.397609786377993712e-01,5.861467023277127097e-01,-7.332189362899560470e-01,-7.793835707711429528e-01,-8.030270057882304968e-01,7.039517026611626926e-01,-1.963076412852547414e-01,2.731456470209983056e-01,-1.017648979134911230e-01,-7.696679505519085085e-01,8.800093678068192649e-01,6.588147018178384939e-02,-1.863282782078216349e-01,4.205864927152571653e-01,-2.666341656997070486e-01,2.831737918741299986e-01,-3.460514886975415427e-01,-6.387187279647131843e-01,5.981621764268392205e-01,4.606196233481893998e-01,3.054179727434379599e-01,-2.079803532446967695e-01,3.617157932165815937e-01,1.024694641402990741e-01,2.607288653335446682e-01,-2.857714256771894945e-01
1.341735882151888770e-01,-2.742580153994518821e-01,-5.345260755741785413e-02,6.593567007644834943e-01,1.175875563751103969e-01,-3.332949352649671737e-01,1.038261943536842313e-01,1.000000000000000000e+00,-6.266805410603488134e-03,-1.268339273216370355e-01,-4.368440399999999890e-01,-2.314616103578189810e-01,-2.682728324065621339e-01,4.958629652774960705e-01,-1.959101801319500513e-01,3.362900430386381867e-01,-1.325719332087009483e-01,-5.430975181858187506e-01,5.412442187933032001e-01,3.600972597863636993e-01,2.668880969472240544e-02,7.652204886394106675e-02,-3.627732941009176315e-01,9.562183397501812857e-03,1.286154106617586335e-01,2.825873945080646932e-01,4.997864645822581164e-01,6.782691282515905806e-01,1.643791745284801376e-01,1.044101793320966892e-01,-1.427028395505393066e-01,4.968628015485995753e-02,6.747885435543232724e-01,7.793794418414726755e-01,2.378708548813668888e-01,5.277852107016001160e-01,-2.025493827691618176e-01,4.905646651887051735e-01,-1.919123850562169942e-01
1.531680041189168728e-01,-6.487518294866089219e-01,-6.983697728132102212e-01,-5.230142232091448129e-01,4.997255956371041696e-01,5.206406742124609632e-01,-8.265289513659214160e-01,-6.266805410603488134e-03,1.000000000000000000e+00,-5.955051512339054609e-01,7.642739199999999400e-01,5.948650963553517856e-01,2.145574587214639783e-01,7.290242267253472797e-01,-6.674445800584571931e-01,4.531905827746582349e-01,9.011829398014283843e-01,7.480303216020608437e-01,-7.247540631314607351e-01,-1.318733739435821450e-01,-3.621289874464390102e-01,-7.499275336556472660e-02,8.199411353863582663e-01,-9.558787484598627593e-01,2.386896231226439125e-01,4.526769799365880087e-01,-3.001292028815897850e-01,2.273808854061818707e-01,-4.648469350354482166e-01,1.842500078816402820e-01,8.484771790598436558e-01,-6.967825851862228248e-01,-3.745137942864349978e-01,-5.234024840887552266e-02,5.798951160015538564e-01,-3.307658647602889634e-01,-5.774887146262438486e-01,-4.801958263638032021e-01,3.091028032592447738e-01
-3.750034367800432200e-01,5.036333902928397110e-01,7.103766888875682195e-01,1.862241830394923692e-01,-8.090992038843851375e-02,-6.206231306958532867e-01,7.234754818255685338e-01,-1.268339273216370355e-01,-5.955051512339054609e-01,1.000000000000000000e+00,-4.325241800000000358e-01,-5.322756428823811614e-01,-3.186257023101417563e-01,-4.993731469692848091e-01,3.868250637965290339e-01,-7.371362620590788950e-01,-5.758701949971680722e-01,-4.767059922923580495e-01,4.127429261755833356e-01,-4.170255748238294036e-01,2.870900888713691090e-01,-4.301312849324627763e-01,-4.762649719276957905e-01,6.170620511551279108e-01,1.393742499133303614e-01,-1.465118316540617305e-01,-2.829899626623902376e-02,-2.397837361442034798e-01,4.074935821909803635e-01,-3.975972569949277058e-01,-4.350856014287627915e-01,4.552877676042708099e-01,-1.048745101482559568e-02,-6.506852235152374431e-02,-6.844810115432418962e-02,-6.944413660064500948e-02,3.344687610402594102e-02,3.244618018392087522e-01,9.713775203837805849e-02
1.448504200000000353e-01,-1.292536199999999580e-01,-4.380147599999999475e-01,-8.882385400000000208e-01,3.990927399999999459e-01,4.911301200000000033e-01,-7.179344199999999621e-01,-4.368440399999999890e-01,7.642739199999999400e-01,-4.325241800000000358e-01,1.000000000000000000e+00,6.970431999999999739e-01,2.785660000000023118e-03,1.216428800000000088e-01,-2.988344600000000240e-01,8.353575999999995894e-02,9.358065600000000650e-01,7.103589200000000048e-01,-9.908383400000000396e-01,-3.224172199999999489e-01,-6.074087999999999710e-01,-1.188816000000003648e-02,9.936605199999999360e-01,-6.432951399999999875e-01,-2.727612000000001480e-02,-7.673498000000000818e-02,-7.449835000000000207e-01,-3.638508599999999982e-01,-1.982690799999999864e-01,4.468110000000002913e-02,9.193700600000001000e-01,-2.504850400000000477e-01,-5.474146600000000529e-01,-6.010363000000000788e-01,2.511855800000000194e-01,-7.113051599999999919e-01,-4.740497399999999972e-01,-4.773053400000000224e-01,7.014171399999999945e-01
-2.431115225041637073e-01,-3.305886272900814271e-01,-2.623073590157435353e-01,-7.638606858227264818e-01,1.942797320051738996e-01,5.446013647854868189e-01,-6.796687511598399345e-01,-2.314616103578189810e-01,5.948650963553517856e-01,-5.322756428823811614e-01,6.970431999999999739e-01,1.000000000000000000e+00,3.363128463743400021e-01,1.624828015320296526e-01,-5.342145807172811629e-03,2.884280806257680241e-01,6.777011091683260435e-01,5.372842341722826598e-01,-6.995379830805985577e-01,-1.346638411769195964e-01,-3.885445319680247978e-01,-3.537023583810327554e-01,6.883524631492115020e-01,-5.128437321468114485e-01,-2.944122826145354477e-01,3.119315403023907932e-02,-6.756640010432770627e-01,-7.619681137659825923e-03,7.368041701346653150e-02,3.482571334445087041e-01,5.513905945148344090e-01,-2.273852936843315242e-01,-4.508100240599266506e-01,-4.136163067162548779e-01,3.318055118370846213e-01,-2.138669060295802227e-01,-9.311718820749144421e-02,-1.556683500724274638e-01,4.736617587924904504e-01
-5.838814006008663515e-02,-3.712739534984675904e-01,-1.277426295351281604e-01,-1.726765425805769361e-01,-4.432189110974766311e-01,6.780111510365357530e-01,-4.846972301084745416e-01,-2.682728324065621339e-01,2.145574587214639783e-01,-3.186257023101417563e-01,2.785660000000023118e-03,3.363128463743400021e-01,1.000000000000000000e+00,2.979437434694508502e-01,-2.225834096977182819e-01,6.062780658295658931e-01,-3.727194712696245416e-02,5.968478764602297426e-01,-7.803444644296936294e-02,2.388102621946814885e-01,5.212558437940215672e-01,-1.626790318744807395e-01,2.606455706304944969e-02,-4.265054435196340976e-01,-2.976045695577448913e-01,4.433519888760099059e-01,1.814952152628390714e-02,3.878647918956303897e-01,-3.634757817347432640e-01,5.300515705452338855e-01,-2.254321419842593155e-01,-5.564190831931223880e-01,-5.858251815845177957e-01,-1.378349840138763382e-01,1.196088706547245861e-01,2.083955700987039084e-01,6.110310202810376179e-01,-1.518646826897247504e-01,-4.112417625733592597e-01
1.627657941320884705e-01,-8.410783753588317868e-01,-6.115436961290464657e-01,1.615640204605147678e-01,3.674461643536409694e-01,3.077510190259575840e-01,-5.397609786377993712e-01,4.958629652774960705e-01,7.290242267253472797e-01,-4.993731469692848091e-01,1.216428800000000088e-01,1.624828015320296526e-01,2.979437434694508502e-01,1.000000000000000000e+00,-7.397494507880074677e-01,6.562690905538647312e-01,4.118031382055337142e-01,3.821307465824699268e-01,-6.384491760389357506e-02,2.097471257415441936e-01,4.151103360463159753e-02,-2.599942307355784799e-02,2.186873028335603042e-01,-7.942837429084377288e-01,3.906479565081920624e-01,7.362730774349773855e-01,3.359573225003340546e-01,7.540045596729187949e-01,-4.875047613906930977e-01,2.435825905731519025e-01,3.449124940512786064e-01,-7.948005014530505896e-01,5.272047599714380084e-02,5.653318302638680182e-01,5.795179321406265238e-01,2.343077492974927623e-01,-3.847694360274718228e-01,-2.094285043157961823e-01,-2.587165514131225530e-01
-3.756697039162332774e-01,6.204143998481553846e-01,4.365932490458871440e-01,1.885523995957374618e-02,-2.758594759422394738e-01,-4.343206782273066335e-01,5.861467023277127097e-01,-1.959101801319500513e-01,-6.674445800584571931e-01,3.868250637965290339e-01,-2.988344600000000240e-01,-5.342145807172811629e-03,-2.225834096977182819e-01,-7.397494507880074677e-01,1.000000000000000000e+00,-5.326246708968371824e-01,-4.597482583736463568e-01,-5.326259300899141014e-01,2.668933359684974582e-01,-1.736921440686330087e-01,1.620920795198108333e-01,-1.757920887263321186e-01,-3.755119965504461477e-01,7.575687834574673651e-01,-4.029626977006108834e-01,-4.409213912296898186e-01,-1.123880321547805483e-01,-4.053031532479597909e-01,4.699906888500275381e-01,-7.238923736080576932e-02,-4.325518033180383304e-01,6.908857754035184762e-01,9.502421883925141199e-02,-1.699934480023603811e-01,-3.066593291039543812e-01,2.454990485077283013e-01,3.458472391524274880e-01,3.694432456272100929e-01,1.062666842761666314e-01
5.029631494091325594e-01,-4.619234110807713956e-01,-4.226789704941477654e-01,1.013393959280335932e-01,-6.511865409812689354e-02,7.081972594283414413e-01,-7.332189362899560470e-01,3.362900430386381867e-01,4.531905827746582349e-01,-7.371362620590788950e-01,8.353575999999995894e-02,2.884280806257680241e-01,6.062780658295658931e-01,6.562690905538647312e-01,-5.326246708968371824e-01,1.000000000000000000e+00,2.639762978883052336e-01,4.008218789896876855e-01,-6.042252421026475528e-02,6.771160713557760058e-01,1.285552059917490220e-01,3.263414360786888180e-01,1.675285741832405195e-01,-6.249806941121809345e-01,-1.595995904579736724e-01,3.375440864056205026e-01,1.878573670652465277e-01,7.030536818671564436e-01,-2.869065053327346515e-01,5.362116787804667162e-01,7.529947910784857978e-02,-5.558923184789179572e-01,-5.175036626093443282e-02,2.110510229735444998e-01,5.365148423675583644e-02,2.385919614869474459e-01,2.732749384602239928e-01,5.695196429234827828e-02,-2.884559337499260079e-01
2.181878396117062080e-01,-3.463133435385195580e-01,-6.128713763569134665e-01,-7.077534440979444952e-01,5.300743123515121447e-01,4.524790133287553417e-01,-7.793835707711429528e-01,-1.325719332087009483e-01,9.011829398014283843e-01,-5.758701949971680722e-01,9.358065600000000650e-01,6.777011091683260435e-01,-3.727194712696245416e-02,4.118031382055337142e-01,-4.597482583736463568e-01,2.639762978883052336e-01,1.000000000000000000e+00,6.443858761248916212e-01,-8.909501259499335024e-01,-1.810446156664755890e-01,-6.296930815286615468e-01,4.196979522821050329e-02,9.627946487750599358e-01,-7.798397471690127203e-01,6.467617934446207029e-02,1.190600190011122661e-01,-5.511383854659819281e-01,-9.303247680845767864e-02,-2.759048817102489615e-01,1.338914459870748086e-01,9.720436093464921434e-01,-3.830911201016843903e-01,-3.615547196944495778e-01,-3.000975456121024454e-01,4.144030651681691602e-01,-5.268508812140220154e-01,-6.174811388790065747e-01,-4.390246561051137641e-01,5.981494210461034688e-01
1.130198058601677435e-01,-4.284149587306617657e-01,-4.586313774942668009e-01,-6.674857261377543649e-01,1.445053017056215361e-01,8.049419565852636849e-01,-8.030270057882304968e-01,-5.430975181858187506e-01,7.480303216020608437e-01,-4.767059922923580495e-01,7.103589200000000048e-01,5.372842341722826598e-01,5.968478764602297426e-01,3.821307465824699268e-01,-5.326259300899141014e-01,4.008218789896876855e-01,6.443858761248916212e-01,1.000000000000000000e+00,-7.592934216133488956e-01,-1.445267422462773177e-01,-9.757451299295105684e-02,-5.324973779874438151e-02,7.256509865959359651e-01,-8.150078410034201637e-01,1.174084096052262910e-01,2.582587146285961754e-01,-3.944768608898026052e-01,-3.088012473684767847e-02,-5.234977750459700596e-01,1.425691962190827056e-01,5.605850414804853799e-01,-7.285624243515280707e-01,-7.104737839163740576e-01,-4.592442010616139547e-01,2.127808005884655462e-01,-4.846859050489280007e-01,-8.307187660176794386e-02,-6.305159722907205389e-01,1.366394078659211031e-01
-1.035291959344530749e-01,1.112459651118244131e-01,4.077619265441483898e-01,9.210881141006544981e-01,-3.365477731537450667e-01,-5.290550195763280561e-01,7.039517026611626926e-01,5.412442187933032001e-01,-7.247540631314607351e-01,4.127429261755833356e-01,-9.908383400000000396e-01,-6.995379830805985577e-01,-7.803444644296936294e-02,-6.384491760389357506e-02,2.668933359684974582e-01,-6.042252421026475528e-02,-8.909501259499335024e-01,-7.592934216133488956e-01,1.000000000000000000e+00,3.406736699800074208e-01,5.597267725794757842e-01,2.940051734084240392e-02,-9.759756381941276926e-01,6.183582953169137753e-01,5.050358431805662685e-02,8.662587906679497518e-02,7.563038471633455329e-01,4.158213886080380783e-01,2.230702869025044666e-01,-4.818615053256907615e-02,-8.689368518242225337e-01,2.681868205909270220e-01,6.164358503495090957e-01,6.626219203198090435e-01,-2.168953261807692601e-01,7.209480391914427910e-01,3.929788315404497689e-01,5.272663846225196238e-01,-6.593954426247741196e-01
5.343820605782503286e-01,-2.558982851110815082e-02,-1.058711443109627975e-01,4.575278981470127238e-01,-8.771615335719684658e-02,3.270332524637374338e-01,-1.963076412852547414e-01,3.600972597863636993e-01,-1.318733739435821450e-01,-4.170255748238294036e-01,-3.224172199999999489e-01,-1.346638411769195964e-01,2.388102621946814885e-01,2.097471257415441936e-01,-1.736921440686330087e-01,6.771160713557760058e-01,-1.810446156664755890e-01,-1.445267422462773177e-01,3.406736699800074208e-01,1.000000000000000000e+00,8.975101009365465954e-03,6.272884182207543180e-01,-2.676244071077130138e-01,-2.691211572966737200e-02,-2.777889626505243292e-01,8.163822975482744326e-03,4.137480529783933991e-01,4.909232526155863363e-01,-7.079046502080403591e-02,4.983046724067210498e-01,-3.132238521921079655e-01,-1.349816220506024622e-01,3.389113624398852331e-01,3.308905537298408861e-01,-3.088846043539357766e-01,4.472671189469936692e-01,4.505710831076479295e-01,2.605603896591782154e-01,-4.734393034138760781e-01
-3.164344427763600420e-02,7.029245028901537351e-04,1.682267858735441990e-01,4.354209632220763515e-01,-6.211826167244401953e-01,-9.924988476292820327e-02,2.731456470209983056e-01,2.668880969472240544e-02,-3.621289874464390102e-01,2.870900888713691090e-01,-6.074087999999999710e-01,-3.885445319680247978e-01,5.212558437940215672e-01,4.151103360463159753e-02,1.620920795198108333e-01,1.285552059917490220e-01,-6.296930815286615468e-01,-9.757451299295105684e-02,5.597267725794757842e-01,8.975101009365465954e-03,1.000000000000000000e+00,-1.730380831845601541e-01,-5.930744549885608174e-01,1.729068716779483539e-01,-1.325059479514033300e-01,3.651716854773919274e-01,4.936501406384773971e-01,3.626556330056518451e-01,-1.555710562163434563e-01,1.095257223906501293e-01,-6.797031458631324075e-01,-5.687974099197820599e-02,-1.568926798033537795e-01,2.568917250707375421e-01,-4.447321615153398966e-02,4.978731820759572657e-01,5.685018117594682341e-01,2.565688872318021008e-01,-5.761460525640655916e-01
8.038203307816444987e-01,2.552833756642034491e-01,-3.865585814361567341e-01,2.871341099985441070e-01,-6.364549672928403179e-02,1.549808755299649232e-01,-1.017648979134911230e-01,7.652204886394106675e-02,-7.499275336556472660e-02,-4.301312849324627763e-01,-1.188816000000003648e-02,-3.537023583810327554e-01,-1.626790318744807395e-01,-2.599942307355784799e-02,-1.757920887263321186e-01,3.263414360786888180e-01,4.196979522821050329e-02,-5.324973779874438151e-02,2.940051734084240392e-02,6.272884182207543180e-01,-1.730380831845601541e-01,1.000000000000000000e+00,1.352531380309930122e-02,1.555166870297320335e-02,-1.402687387724725343e-01,-2.379739924697438225e-01,3.565480413467819187e-01,-9.026994295679684199e-02,-3.517552806459035564e-01,1.470814081052841671e-01,2.603147833603626504e-02,4.097049544043260272e-02,2.989761751429298453e-01,8.702051592062633179e-02,-4.868569005072226896e-01,1.741124917569289096e-02,1.180603798673436344e-01,-1.543873051342188052e-01,-2.543670527446875163e-01
2.001790466504779764e-01,-1.871756484112914176e-01,-4.877820836270662652e-01,-8.471131506721294446e-01,4.262201549230675846e-01,5.178058550007653693e-01,-7.696679505519085085e-01,-3.627732941009176315e-01,8.199411353863582663e-01,-4.762649719276957905e-01,9.936605199999999360e-01,6.883524631492115020e-01,2.606455706304944969e-02,2.186873028335603042e-01,-3.755119965504461477e-01,1.675285741832405195e-01,9.627946487750599358e-01,7.256509865959359651e-01,-9.759756381941276926e-01,-2.676244071077130138e-01,-5.930744549885608174e-01,1.352531380309930122e-02,1.000000000000000000e+00,-7.111775319289763697e-01,-7.222285354968649256e-03,-8.774760244819271998e-03,-6.983662681475830691e-01,-2.700044327824255852e-01,-2.350073541741463379e-01,8.423403739263937706e-02,9.376015292161924419e-01,-3.127004414619601880e-01,-5.305334744815081160e-01,-5.339226450927456735e-01,2.948645863781896304e-01,-6.778061931586862876e-01,-4.959753462276178526e-01,-4.661368399329868240e-01,6.735026018634739930e-01
-2.520552866336243647e-01,6.893285847407056854e-01,6.576747297360496791e-01,4.178755868471385471e-01,-3.658665241884397346e-01,-6.577497745617242320e-01,8.800093678068192649e-01,9.562183397501812857e-03,-9.558787484598627593e-01,6.170620511551279108e-01,-6.432951399999999875e-01,-5.128437321468114485e-01,-4.265054435196340976e-01,-7.942837429084377288e-01,7.575687834574673651e-01,-6.249806941121809345e-01,-7.798397471690127203e-01,-8.150078410034201637e-01,6.183582953169137753e-01,-2.691211572966737200e-02,1.729068716779483539e-01,1.555166870297320335e-02,-7.111775319289763697e-01,1.000000000000000000e+00,-2.163493694561649527e-01,-5.180845670766853761e-01,1.826799843458257189e-01,-3.724181011791153351e-01,5.386515740803312635e-01,-2.530667513852137285e-01,-6.916742528847714677e-01,8.049652948834704613e-01,4.162360457497413235e-01,2.136873592986609713e-02,-4.903340218078763302e-01,2.496891750620403860e-01,3.758671759695066950e-01,4.341473362674266867e-01,-1.224428483919231536e-01
-8.965620848603705895e-02,-3.855047429582106888e-01,-5.455177426552992176e-02,2.256903387455404808e-01,6.067589618967180742e-01,-7.159960248750009415e-02,6.588147018178384939e-02,1.286154106617586335e-01,2.386896231226439125e-01,1.393742499133303614e-01,-2.727612000000001480e-02,-2.944122826145354477e-01,-2.976045695577448913e-01,3.906479565081920624e-01,-4.029626977006108834e-01,-1.595995904579736724e-01,6.467617934446207029e-02,1.174084096052262910e-01,5.050358431805662685e-02,-2.777889626505243292e-01,-1.325059479514033300e-01,-1.402687387724725343e-01,-7.222285354968649256e-03,-2.163493694561649527e-01,1.000000000000000000e+00,5.382336058323002742e-02,2.275207683328255570e-01,1.219158962564057813e-01,-7.407938144681616710e-02,-7.186335169589130878e-01,2.061825802133501750e-01,-4.398109507525915229e-01,3.534626231060316592e-01,2.905966540421866529e-01,3.571274610457447762e-02,-2.430341434569102121e-01,-5.670348376453541173e-01,-2.537683841511944038e-01,-6.728586292295166138e-02
-1.633712153182330651e-01,-6.704053310410753586e-01,-4.788948536318167748e-01,1.410798960929713075e-01,-1.159921060225731215e-02,-6.953367152627164607e-03,-1.863282782078216349e-01,2.825873945080646932e-01,4.526769799365880087e-01,-1.465118316540617305e-01,-7.673498000000000818e-02,3.119315403023907932e-02,4.433519888760099059e-01,7.362730774349773855e-01,-4.409213912296898186e-01,3.375440864056205026e-01,1.190600190011122661e-01,2.582587146285961754e-01,8.662587906679497518e-02,8.163822975482744326e-03,3.651716854773919274e-01,-2.379739924697438225e-01,-8.774760244819271998e-03,-5.180845670766853761e-01,5.382336058323002742e-02,1.000000000000000000e+00,4.028818698949064858e-01,5.666357877247552022e-01,-6.366718004250019325e-01,4.885917196602914125e-01,5.502675130246340723e-02,-6.265559952615166184e-01,-2.593151141921800074e-01,5.460234646173689477e-01,8.164172774449083292e-01,4.680856833834297070e-01,-1.702457824772672657e-01,-2.793275218206144883e-01,-4.156969871307744646e-01
1.696850067766730308e-01,-2.639628176405565685e-01,-2.015244957299091033e-01,8.966700355245360576e-01,-1.706591008915170349e-01,-3.384351265419620614e-01,4.205864927152571653e-01,4.997864645822581164e-01,-3.001292028815897850e-01,-2.829899626623902376e-02,-7.449835000000000207e-01,-6.756640010432770627e-01,1.814952152628390714e-02,3.359573225003340546e-01,-1.123880321547805483e-01,1.878573670652465277e-01,-5.511383854659819281e-01,-3.944768608898026052e-01,7.563038471633455329e-01,4.137480529783933991e-01,4.936501406384773971e-01,3.565480413467819187e-01,-6.983662681475830691e-01,1.826799843458257189e-01,2.275207683328255570e-01,4.028818698949064858e-01,1.000000000000000000e+00,4.714869906554086110e-01,-3.704173710266250863e-01,5.491732177718172681e-02,-5.377070193370596662e-01,-1.848815311648479842e-01,5.666411675837852435e-01,8.467872285108617447e-01,-2.911498011511251538e-02,7.401474241739718352e-01,1.397987875526772727e-01,1.991865418243542185e-02,-8.697957325921230609e-01
1.487176245307470501e-01,-5.605834874821680192e-01,-1.591859646600494449e-01,4.926991675612467092e-01,1.124329534453947510e-01,2.006566393681367133e-01,-2.666341656997070486e-01,6.782691282515905806e-01,2.273808854061818707e-01,-2.397837361442034798e-01,-3.638508599999999982e-01,-7.619681137659825923e-03,3.878647918956303897e-01,7.540045596729187949e-01,-4.053031532479597909e-01,7.030536818671564436e-01,-9.303247680845767864e-02,-3.088012473684767847e-02,4.158213886080380783e-01,4.909232526155863363e-01,3.626556330056518451e-01,-9.026994295679684199e-02,-2.700044327824255852e-01,-3.724181011791153351e-01,1.219158962564057813e-01,5.666357877247552022e-01,4.714869906554086110e-01,1.000000000000000000e+00,-4.611777724870994022e-02,3.779371518861122659e-01,-2.060543925544527921e-01,-4.819541297066110008e-01,2.358853055392798881e-01,6.707283959453772537e-01,3.170453089380647071e-01,5.711410394388104494e-01,9.864691804092876048e-02,3.136957191720660676e-01,-4.353275388217747732e-01
-2.093829879327470389e-01,4.366013013687017885e-01,7.471789335293974599e-01,3.198655433722043251e-02,8.369238490708764966e-02,-2.143940064014597524e-01,2.831737918741299986e-01,1.643791745284801376e-01,-4.648469350354482166e-01,4.074935821909803635e-01,-1.982690799999999864e-01,7.368041701346653150e-02,-3.634757817347432640e-01,-4.875047613906930977e-01,4.699906888500275381e-01,-2.869065053327346515e-01,-2.759048817102489615e-01,-5.234977750459700596e-01,2.230702869025044666e-01,-7.079046502080403591e-02,-1.555710562163434563e-01,-3.517552806459035564e-01,-2.350073541741463379e-01,5.386515740803312635e-01,-7.407938144681616710e-02,-6.366718004250019325e-01,-3.704173710266250863e-01,-4.611777724870994022e-02,1.000000000000000000e+00,-3.034856185612279100e-01,-2.427516090118713166e-01,6.180033533357166542e-01,3.172168299889636112e-01,-1.911494753341855257e-01,-3.374110249144136042e-01,-1.119253219907797026e-01,1.419139795312685248e-01,6.998216055501953470e-01,4.381275866185513901e-01
1.037990761367000164e-01,-1.582692731167903988e-01,-3.604751590163265962e-01,-9.104041518336196404e-02,-2.602304327100091741e-01,2.884291608861632161e-01,-3.460514886975415427e-01,1.044101793320966892e-01,1.842500078816402820e-01,-3.975972569949277058e-01,4.468110000000002913e-02,3.482571334445087041e-01,5.300515705452338855e-01,2.435825905731519025e-01,-7.238923736080576932e-02,5.362116787804667162e-01,1.338914459870748086e-01,1.425691962190827056e-01,-4.818615053256907615e-02,4.983046724067210498e-01,1.095257223906501293e-01,1.470814081052841671e-01,8.423403739263937706e-02,-2.530667513852137285e-01,-7.186335169589130878e-01,4.885917196602914125e-01,5.491732177718172681e-02,3.779371518861122659e-01,-3.034856185612279100e-01,1.000000000000000000e+00,-5.113957418111105685e-02,-1.933098305846003562e-01,-3.359054664070760809e-01,1.205657001261929706e-01,3.820885228765743546e-01,4.554837929287976483e-01,3.506392194170989685e-01,-6.208115077852743163e-02,-2.347840416168935906e-01
1.861455361020369070e-01,-2.821540352011267516e-01,-5.627093110264247411e-01,-6.730537428944897149e-01,6.153855657351851027e-01,2.946352207587107919e-01,-6.387187279647131843e-01,-1.427028395505393066e-01,8.484771790598436558e-01,-4.350856014287627915e-01,9.193700600000001000e-01,5.513905945148344090e-01,-2.254321419842593155e-01,3.449124940512786064e-01,-4.325518033180383304e-01,7.529947910784857978e-02,9.720436093464921434e-01,5.605850414804853799e-01,-8.689368518242225337e-01,-3.132238521921079655e-01,-6.797031458631324075e-01,2.603147833603626504e-02,9.376015292161924419e-01,-6.916742528847714677e-01,2.061825802133501750e-01,5.502675130246340723e-02,-5.377070193370596662e-01,-2.060543925544527921e-01,-2.427516090118713166e-01,-5.113957418111105685e-02,1.000000000000000000e+00,-3.094112298166080688e-01,-2.830142607385539022e-01,-2.862548087313647738e-01,3.959060818928798464e-01,-6.063358165609454842e-01,-7.567911514047428456e-01,-4.629732672951950567e-01,6.543691580742382330e-01
-5.087146930889281660e-02,7.671623991107107132e-01,5.575076237453452377e-01,9.225206685378586902e-02,-3.490146718655779412e-01,-5.934950685761549716e-01,5.981621764268392205e-01,4.968628015485995753e-02,-6.967825851862228248e-01,4.552877676042708099e-01,-2.504850400000000477e-01,-2.273852936843315242e-01,-5.564190831931223880e-01,-7.948005014530505896e-01,6.908857754035184762e-01,-5.558923184789179572e-01,-3.830911201016843903e-01,-7.285624243515280707e-01,2.681868205909270220e-01,-1.349816220506024622e-01,-5.687974099197820599e-02,4.097049544043260272e-02,-3.127004414619601880e-01,8.049652948834704613e-01,-4.398109507525915229e-01,-6.265559952615166184e-01,-1.848815311648479842e-01,-4.819541297066110008e-01,6.180033533357166542e-01,-1.933098305846003562e-01,-3.094112298166080688e-01,1.000000000000000000e+00,2.683623297105890981e-01,-2.196316365462655795e-01,-4.123336769999322304e-01,-1.676280615215322220e-02,1.788064919118453056e-01,5.671904704484800330e-01,3.336530341393895149e-01
1.056981304397034832e-01,-2.763494747943318758e-02,1.071121124143586262e-01,7.492797295498293542e-01,2.209222896719953422e-01,-4.529324372989701475e-01,4.606196233481893998e-01,6.747885435543232724e-01,-3.745137942864349978e-01,-1.048745101482559568e-02,-5.474146600000000529e-01,-4.508100240599266506e-01,-5.858251815845177957e-01,5.272047599714380084e-02,9.502421883925141199e-02,-5.175036626093443282e-02,-3.615547196944495778e-01,-7.104737839163740576e-01,6.164358503495090957e-01,3.389113624398852331e-01,-1.568926798033537795e-01,2.989761751429298453e-01,-5.305334744815081160e-01,4.162360457497413235e-01,3.534626231060316592e-01,-2.593151141921800074e-01,5.666411675837852435e-01,2.358853055392798881e-01,3.172168299889636112e-01,-3.359054664070760809e-01,-2.830142607385539022e-01,2.683623297105890981e-01,1.000000000000000000e+00,6.442447348407134289e-01,-3.077571819170114020e-01,3.945666543168027118e-01,-1.592696492498517635e-01,3.501158343066307910e-01,-2.890869972122616094e-01
1.128807437058680120e-02,-4.691185215051486557e-01,-2.422995683877926520e-01,8.045060657228629841e-01,1.537775459594583616e-01,-4.250577492218328701e-01,3.054179727434379599e-01,7.793794418414726755e-01,-5.234024840887552266e-02,-6.506852235152374431e-02,-6.010363000000000788e-01,-4.136163067162548779e-01,-1.378349840138763382e-01,5.653318302638680182e-01,-1.699934480023603811e-01,2.110510229735444998e-01,-3.000975456121024454e-01,-4.592442010616139547e-01,6.626219203198090435e-01,3.308905537298408861e-01,2.568917250707375421e-01,8.702051592062633179e-02,-5.339226450927456735e-01,2.136873592986609713e-02,2.905966540421866529e-01,5.460234646173689477e-01,8.467872285108617447e-01,6.707283959453772537e-01,-1.911494753341855257e-01,1.205657001261929706e-01,-2.862548087313647738e-01,-2.196316365462655795e-01,6.442447348407134289e-01,1.000000000000000000e+00,3.327343316403877926e-01,7.766603821040768407e-01,-1.874285242218816372e-01,1.464685344023430869e-01,-6.115602613223732886e-01
-3.720276444616665290e-01,-5.778983633248190310e-01,-4.019668648364553287e-01,-2.086004517347467557e-01,2.665110049867803199e-01,-1.426361391165562875e-01,-2.079803532446967695e-01,2.378708548813668888e-01,5.798951160015538564e-01,-6.844810115432418962e-02,2.511855800000000194e-01,3.318055118370846213e-01,1.196088706547245861e-01,5.795179321406265238e-01,-3.066593291039543812e-01,5.365148423675583644e-02,4.144030651681691602e-01,2.127808005884655462e-01,-2.168953261807692601e-01,-3.088846043539357766e-01,-4.447321615153398966e-02,-4.868569005072226896e-01,2.948645863781896304e-01,-4.903340218078763302e-01,3.571274610457447762e-02,8.164172774449083292e-01,-2.911498011511251538e-02,3.170453089380647071e-01,-3.374110249144136042e-01,3.820885228765743546e-01,3.959060818928798464e-01,-4.123336769999322304e-01,-3.077571819170114020e-01,3.327343316403877926e-01,1.000000000000000000e+00,1.959725616992140929e-01,-5.023580511818264149e-01,-2.678837640892373639e-01,9.413732298372760876e-02
-1.475061908886327877e-01,-2.615051565272462630e-01,-7.672504542658338533e-02,6.800507130141932866e-01,-2.805326594073734858e-01,-3.251802000360269340e-01,3.617157932165815937e-01,5.277852107016001160e-01,-3.307658647602889634e-01,-6.944413660064500948e-02,-7.113051599999999919e-01,-2.138669060295802227e-01,2.083955700987039084e-01,2.343077492974927623e-01,2.454990485077283013e-01,2.385919614869474459e-01,-5.268508812140220154e-01,-4.846859050489280007e-01,7.209480391914427910e-01,4.472671189469936692e-01,4.978731820759572657e-01,1.741124917569289096e-02,-6.778061931586862876e-01,2.496891750620403860e-01,-2.430341434569102121e-01,4.680856833834297070e-01,7.401474241739718352e-01,5.711410394388104494e-01,-1.119253219907797026e-01,4.554837929287976483e-01,-6.063358165609454842e-01,-1.676280615215322220e-02,3.945666543168027118e-01,7.766603821040768407e-01,1.959725616992140929e-01,1.000000000000000000e+00,3.410916329785995682e-01,2.863462255324727979e-01,-7.227852515801511668e-01
4.182021138399921040e-02,3.177111473274727427e-01,4.012821042665471460e-01,1.960339333921834737e-01,-7.524311388518393207e-01,2.794962290777031066e-01,1.024694641402990741e-01,-2.025493827691618176e-01,-5.774887146262438486e-01,3.344687610402594102e-02,-4.740497399999999972e-01,-9.311718820749144421e-02,6.110310202810376179e-01,-3.847694360274718228e-01,3.458472391524274880e-01,2.732749384602239928e-01,-6.174811388790065747e-01,-8.307187660176794386e-02,3.929788315404497689e-01,4.505710831076479295e-01,5.685018117594682341e-01,1.180603798673436344e-01,-4.959753462276178526e-01,3.758671759695066950e-01,-5.670348376453541173e-01,-1.702457824772672657e-01,1.397987875526772727e-01,9.864691804092876048e-02,1.419139795312685248e-01,3.506392194170989685e-01,-7.567911514047428456e-01,1.788064919118453056e-01,-1.592696492498517635e-01,-1.874285242218816372e-01,-5.023580511818264149e-01,3.410916329785995682e-01,1.000000000000000000e+00,3.222586829344492587e-01,-4.528823664453942577e-01
7.381906249407300946e-02,3.524092579109723844e-01,6.193990445865970029e-01,3.813609358817979245e-01,-2.303747845609561695e-01,-2.728393271218315097e-01,2.607288653335446682e-01,4.905646651887051735e-01,-4.801958263638032021e-01,3.244618018392087522e-01,-4.773053400000000224e-01,-1.556683500724274638e-01,-1.518646826897247504e-01,-2.094285043157961823e-01,3.694432456272100929e-01,5.695196429234827828e-02,-4.390246561051137641e-01,-6.305159722907205389e-01,5.272663846225196238e-01,2.605603896591782154e-01,2.565688872318021008e-01,-1.543873051342188052e-01,-4.661368399329868240e-01,4.341473362674266867e-01,-2.537683841511944038e-01,-2.793275218206144883e-01,1.991865418243542185e-02,3.136957191720660676e-01,6.998216055501953470e-01,-6.208115077852743163e-02,-4.629732672951950567e-01,5.671904704484800330e-01,3.501158343066307910e-01,1.464685344023430869e-01,-2.678837640892373639e-01,2.863462255324727979e-01,3.222586829344492587e-01,1.000000000000000000e+00,1.186266225317044454e-01
-8.461321585823662964e-03,3.332964605072927800e-01,1.426345028235725954e-01,-7.020928908199466356e-01,3.565236823686222523e-01,3.645189983534651013e-02,-2.857714256771894945e-01,-1.919123850562169942e-01,3.091028032592447738e-01,9.713775203837805849e-02,7.014171399999999945e-01,4.736617587924904504e-01,-4.112417625733592597e-01,-2.587165514131225530e-01,1.062666842761666314e-01,-2.884559337499260079e-01,5.981494210461034688e-01,1.366394078659211031e-01,-6.593954426247741196e-01,-4.734393034138760781e-01,-5.761460525640655916e-01,-2.543670527446875163e-01,6.735026018634739930e-01,-1.224428483919231536e-01,-6.728586292295166138e-02,-4.156969871307744646e-01,-8.697957325921230609e-01,-4.353275388217747732e-01,4.381275866185513901e-01,-2.347840416168935906e-01,6.543691580742382330e-01,3.336530341393895149e-01,-2.890869972122616094e-01,-6.115602613223732886e-01,9.413732298372760876e-02,-7.227852515801511668e-01,-4.528823664453942577e-01,1.186266225317044454e-01,1.000000000000000000e+00
