1.0,-0.21886826798860776,-0.0012804782085188704,-0.36988272334337918,-0.031231580418281533,-0.25503472882050771,0.026421451986911614,0.37996038760396772,-0.039907354121950622,-0.098012910991152613,-0.52489839377190495,-0.18487735203730521,0.093123163213013907,-0.51578333533698684,-0.69129486649304184,-0.18272740865773535,-0.13791924086586718,-0.29256551894490979,0.3040339005642092,-0.045526599999999973,-0.41258396663420482,-0.085153391181472735,0.31041121684103873,-0.033453802987319925,-0.29957061324343726,-0.35210482722930708,-0.0068298565252341032,0.24138717775160529,0.44579063708605504,-0.077810434630198211,-0.050129695448553807,0.0065348029080027946,0.53814566043623902,-0.13386735626622895,0.0031862714226656517,0.037967814773244617,-0.2506302607012289,0.053069695426973339,0.081673949843837662
-0.21886826798860776,1.0,0.14575854934900825,0.15724039179365082,-0.4502222552782823,-0.035983718308841395,0.20779092901507842,-0.46982816118502191,0.021626479101961939,0.48162254580866787,0.53494609444135066,0.090394812992259502,0.1819516751329778,-0.22508329189713647,0.51074830629791002,0.34897812311357501,0.12375541703765514,0.22696777817637828,-0.080298104283894819,-0.069254660000000023,0.2507576813300163,-0.025591491254348932,-0.14258657566100974,-0.045163978014065354,0.32589740295989489,-0.41524781955910639,-0.05900306585721507,0.25328125429463694,-0.3058942719951373,-0.0066964650328232454,-0.22830854923043206,0.39017321265825444,-0.57159605514014256,-0.19684577315196733,-0.32252021281524867,-0.079166474028919617,0.64907905304240354,-0.3798122913271913,-0.70521509689183204
-0.0012804782085188704,0.14575854934900825,1.0,0.50183327757819463,-0.28496017785546335,0.3289882136498789,0.57516308862320298,0.51746664531446263,0.1260479345434086,-0.039597700372805383,0.45410395456683483,0.63449158277177142,0.60115151761993912,0.13541251377154978,0.2270605286937768,0.4581740764413591,-0.082729722970705633,0.9257478574836695,-0.91762323156255865,0.30384181999999993,-0.57577416703352591,0.56197780914729456,-0.66184161356248516,-0.28572503341703381,-0.63435723272950562,-0.50850739321753513,0.24211241865069066,0.14768157809498392,0.58624425415407133,0.6412991105204644,-0.77230637173470007,0.91399750558744541,0.11504453937974729,0.80695509207279215,-0.68316885357568768,-0.21390846039245021,-0.082561200250468092,-0.79645053085720885,-0.22093078749378828
-0.36988272334337918,0.15724039179365082,0.50183327757819463,1.0,-0.45725122667404594,0.88655486612676371,0.76338798637172911,0.03705862115241676,-0.54447374691404515,0.33496787861566973,0.41033986165741498,0.75290120999788446,0.016360530097714467,-0.080745428811880127,0.23041433918688686,0.83232720742456368,0.54140827788873769,0.55833571652878744,-0.51367499186631327,-0.34692982000000006,0.30380566110420509,0.017872140377207642,-0.94468212510097638,-0.69103190232699074,0.17047160269355732,-0.021740968326848999,-0.42734570854571535,0.078765429549602764,0.39707299685989295,-0.0031087194711891144,-0.59971175874117899,0.39506514852266356,-0.43813466530970196,0.29339946509569581,-0.16519983359822987,-0.80639432598663618,0.089836960407022395,-0.63431597678917773,0.0080494206532887632
-0.031231580418281533,-0.4502222552782823,-0.28496017785546335,-0.45725122667404594,1.0,-0.077025231216772724,-0.13794262030056506,-0.071654997760965719,-0.058664664694508512,0.17761551458895175,-0.54729533212629145,0.067002237847319429,-0.43521399049602177,0.46408249619303477,-0.27493388991352791,-0.20173894648429688,0.20888690410036839,-0.41256062934961818,0.31683832773762716,-0.24397868,-0.18788315072935888,-0.40060516180096639,0.27374175643101956,-0.07625060551300844,0.073681213282881311,-0.17293250642613664,-0.20886337546835812,0.25813299726539879,0.15019775819706638,-0.37410789814213552,0.058978975816926932,-0.35040190099717694,0.64428362697378816,-0.12270292792576494,-0.14692165756612102,0.12973598411483386,-0.56958451935214405,0.50715455276476384,-0.052094007946751376
-0.25503472882050771,-0.035983718308841395,0.3289882136498789,0.88655486612676371,-0.077025231216772724,1.0,0.85703383781241571,-0.057012241953717797,-0.79063210079362511,0.55549732743838265,0.099759215565936143,0.86420742173681886,-0.2413081574250639,-0.077969205446207765,-0.058974002333221906,0.86802506521622713,0.80053989449313201,0.29208125187585071,-0.2598486455835245,-0.65519865999999993,0.31417789293979215,-0.30617311366536276,-0.90260184169947344,-0.90253713944841873,0.31541393540887225,-0.14039842532690203,-0.71931909175658992,0.32521514251334793,0.58635042146575855,-0.342611983558606,-0.65442236468616066,0.18904602098253867,-0.17288846744548975,0.089478963724748992,-0.20928299286194771,-0.93906763861201337,-0.16142937460585818,-0.42629277543651717,-0.03934832205239451
0.026421451986911614,0.20779092901507842,0.57516308862320298,0.76338798637172911,-0.13794262030056506,0.85703383781241571,1.0,0.024441800293620176,-0.68736702781600656,0.6750366276533406,0.17715282676884792,0.92619424924238336,-0.012537950595947063,-0.13202352632108313,-0.085507212583351005,0.90366362355706131,0.7271708644057574,0.42600583777401557,-0.35408191264173938,-0.58391568000000005,0.044278552170720742,-0.25641259124015708,-0.87718361250401755,-0.92631694449743429,0.1229483828923249,-0.57327163789491209,-0.63710027010353198,0.54750843179893394,0.76579860079982542,-0.22293387632548312,-0.88849030593883116,0.48438409238787067,-0.035919763129467736,0.14184510869880598,-0.54302298018273087,-0.88002448437878789,-0.13181881519318314,-0.66724883655715039,-0.36356798209094154
0.37996038760396772,-0.46982816118502191,0.51746664531446263,0.03705862115241676,-0.071654997760965719,-0.057012241953717797,0.024441800293620176,1.0,0.41293061971878059,-0.5208892967724571,-0.090852670018390605,0.079471262562025718,0.18748523633878938,-0.011401819062912381,-0.0089203666591672406,-0.036786137116216686,-0.39004555591670098,0.42189160903795303,-0.46326253119646066,0.41152381999999998,-0.53173968034486485,0.40640602194932257,-0.078928927967712073,0.076042210701040724,-0.64745269234821146,-0.12365217467707162,0.38955559687062025,-0.38387408522083616,0.3967213089012816,0.52373131818476382,-0.069806419022537827,0.49473794033668339,0.58117385805678168,0.77314457934510561,-0.071180397596011191,0.10071646007556476,-0.63866036051711483,-0.10892362561824186,0.37902161631197945
-0.039907354121950622,0.021626479101961939,0.1260479345434086,-0.54447374691404515,-0.058664664694508512,-0.79063210079362511,-0.68736702781600656,0.41293061971878059,1.0,-0.71464763441805323,0.23393739416409901,-0.58599400932501444,0.41876210633506999,0.22582987426705309,0.41107657943327153,-0.64889724533380799,-0.89786551879630161,0.25971130411607335,-0.28696218426573855,0.89464349999999992,-0.43323801218382718,0.64733478935098332,0.53586195292340899,0.85854332754425755,-0.56497544721878334,0.12445712693604069,0.91786438909213264,-0.56828878134561389,-0.49584373353662703,0.73334835546992105,0.45528975607030814,0.26277049261539437,0.15475770299920122,0.46615015574557783,0.00081948569647717975,0.87653033889370369,0.017706977392962904,0.18873168229024528,0.055681689585777926
-0.098012910991152613,0.48162254580866787,-0.039597700372805383,0.33496787861566973,0.17761551458895175,0.55549732743838265,0.6750366276533406,-0.5208892967724571,-0.71464763441805323,1.0,-0.031563002187261137,0.59085082531679123,-0.42789771887963413,-0.10168060539192407,0.0025045341299992363,0.71414315317483112,0.87746660772280083,-0.15579459309163388,0.2577983085018028,-0.85036376000000002,0.42047546969220051,-0.74235947881313225,-0.41294156982004893,-0.76608220482010703,0.6749663085579547,-0.57426314381166665,-0.84681905076136621,0.66057269223893644,0.28936323548582177,-0.71581367634118254,-0.4993198275905133,0.030911691755969417,-0.13795657447753742,-0.45295959051288986,-0.34207996757218867,-0.6954171265930762,0.018442129403576368,-0.19397699500610316,-0.6309480038632107
-0.52489839377190495,0.53494609444135066,0.45410395456683483,0.41033986165741498,-0.54729533212629145,0.099759215565936143,0.17715282676884792,-0.090852670018390605,0.23393739416409901,-0.031563002187261137,1.0,0.16972182971854313,0.51353617529658824,0.15164345678204413,0.6101123180068162,0.18089405193073563,-0.18765972913579446,0.66446067855386937,-0.60019027694868343,0.34494902000000005,0.10735981457570032,0.4214432788292774,-0.38764293582685233,0.098652884162581278,-0.12907718595461268,0.017953260830192927,0.29694241400035271,-0.24163398327215865,-0.22264231822836411,0.49235661110194501,-0.20960761495640309,0.47999908096589555,-0.58514456417214467,0.33263949460167858,-0.38611114024728288,0.020706970209758577,0.48114607473683985,-0.62721451642612158,-0.26589400771028926
-0.18487735203730521,0.090394812992259502,0.63449158277177142,0.75290120999788446,0.067002237847319429,0.86420742173681886,0.92619424924238336,0.079471262562025718,-0.58599400932501444,0.59085082531679123,0.16972182971854313,1.0,-0.051043046444302777,0.10259515169264233,0.050917554376491578,0.88047919653059981,0.68291211396507778,0.51826689388593961,-0.4891384402768893,-0.48604787999999999,-0.075360231694340321,-0.15856488745449934,-0.89814529954168643,-0.87342417473426748,0.042507893453562158,-0.52859234015896972,-0.54515445909391635,0.52797005033781519,0.73899207829845437,-0.12908381606556923,-0.89497333604473028,0.52342525829161668,0.079454620325407663,0.32201669446420284,-0.57511485156828757,-0.79544323554225604,-0.25737400946232553,-0.6052994693287973,-0.28962104558037688
0.093123163213013907,0.1819516751329778,0.60115151761993912,0.016360530097714467,-0.43521399049602177,-0.2413081574250639,-0.012537950595947063,0.18748523633878938,0.41876210633506999,-0.42789771887963413,0.51353617529658824,-0.051043046444302777,1.0,0.0017980859165451974,0.0046634843753197291,-0.2101087888601833,-0.59681945446564177,0.61576339875131525,-0.63972955491024885,0.6894445600000001,-0.55437706540541487,0.81818390360070392,-0.11582431888277711,0.32915366283949332,-0.75242059185686916,-0.10769635968658046,0.65864043413543827,-0.088370590860700579,0.1040307855564386,0.79668720670413684,-0.29418480741421288,0.48641774431858859,-0.15750263830607661,0.47584732066044738,-0.46994938237369166,0.35724420981838806,0.45740130447762944,-0.57139378579109812,-0.14049594390436249
-0.51578333533698684,-0.22508329189713647,0.13541251377154978,-0.080745428811880127,0.46408249619303477,-0.077969205446207765,-0.13202352632108313,-0.011401819062912381,0.22582987426705309,-0.10168060539192407,0.15164345678204413,0.10259515169264233,0.0017980859165451974,1.0,0.37259941584791778,-0.18044548216887757,-0.069419176637591118,0.17752327854338332,-0.30278824509277569,0.23975008000000009,-0.20332785156121516,0.10388619771728541,-0.0086497476869391143,0.14171374487144828,-0.20092956303396725,0.087128219093313586,0.21529294640365321,-0.090901854436546373,-0.058568193660682,0.24036179714836323,-0.0093303764404454315,-0.03711433140977452,0.082986749770716822,0.3008694326959036,-0.13337173596826418,0.23925100354563084,-0.18626107034567552,-0.074562274993904401,0.07821630058802366
-0.69129486649304184,0.51074830629791002,0.2270605286937768,0.23041433918688686,-0.27493388991352791,-0.058974002333221906,-0.085507212583351005,-0.0089203666591672406,0.41107657943327153,0.0025045341299992363,0.6101123180068162,0.050917554376491578,0.0046634843753197291,0.37259941584791778,1.0,0.18939028598200669,-0.13551484753760915,0.46638692164642459,-0.41315602307650923,0.29439594000000002,0.18799381084542649,0.21560787736498974,-0.14000918681806374,0.21747250815900698,0.11930412515175959,0.029654873440625378,0.2738385339643496,-0.31271540766744033,-0.49888221114887699,0.33775146756486457,0.083172746959779054,0.41301660739649371,-0.42167777227073366,0.35206269318908778,0.00022747710878937011,0.13869758902711546,0.17756076007855234,-0.18107456248529935,-0.17492209558268815
-0.18272740865773535,0.34897812311357501,0.4581740764413591,0.83232720742456368,-0.20173894648429688,0.86802506521622713,0.90366362355706131,-0.036786137116216686,-0.64889724533380799,0.71414315317483112,0.18089405193073563,0.88047919653059981,-0.2101087888601833,-0.18044548216887757,0.18939028598200669,1.0,0.77348610692609199,0.3942827185415243,-0.30063695691231135,-0.62492892,0.25534774888681872,-0.30955066165608591,-0.86342777646699453,-0.882449864699693,0.35327104539813109,-0.47364529660709004,-0.6732879539388148,0.43614141341311974,0.52039584278147266,-0.2948284878149553,-0.74065704366504814,0.47675241972765847,-0.18243305573433727,0.12563649001767835,-0.34538690550394224,-0.89782399888003506,-0.084781473117587214,-0.52776811003863655,-0.33784834972384115
-0.13791924086586718,0.12375541703765514,-0.082729722970705633,0.54140827788873769,0.20888690410036839,0.80053989449313201,0.7271708644057574,-0.39004555591670098,-0.89786551879630161,0.87746660772280083,-0.18765972913579446,0.68291211396507778,-0.59681945446564177,-0.069419176637591118,-0.13551484753760915,0.77348610692609199,1.0,-0.18982740016198787,0.24437744932825961,-0.94960188000000001,0.49759763340423241,-0.7661778904407508,-0.5649640500693609,-0.90219866813016492,0.68992094991746145,-0.29775021648144007,-0.9674240004288901,0.55215268439622045,0.42115598239940377,-0.7764561830511354,-0.47085013782268997,-0.12199208555149603,-0.10825558579113882,-0.384455907815338,-0.11021868826323497,-0.88626133618356329,-0.15845699327796151,-0.12493809054824725,-0.25240075506666515
-0.29256551894490979,0.22696777817637828,0.9257478574836695,0.55833571652878744,-0.41256062934961818,0.29208125187585071,0.42600583777401557,0.42189160903795303,0.25971130411607335,-0.15579459309163388,0.66446067855386937,0.51826689388593961,0.61576339875131525,0.17752327854338332,0.46638692164642459,0.3942827185415243,-0.18982740016198787,1.0,-0.97759206307822744,0.43657886000000001,-0.39951167629305456,0.6777781151031067,-0.6501421012938754,-0.11379053271041725,-0.55904518779506995,-0.25757384390202182,0.36818737879265301,-0.075332062058917876,0.29496291523507617,0.73817816737189823,-0.59613325658630856,0.87867779644238353,-0.13020728946752802,0.82347608210585543,-0.55797066004175233,-0.10855645222203278,0.073330482058077004,-0.72958870746892324,-0.18502005860624357
0.3040339005642092,-0.080298104283894819,-0.91762323156255865,-0.51367499186631327,0.31683832773762716,-0.2598486455835245,-0.35408191264173938,-0.46326253119646066,-0.28696218426573855,0.2577983085018028,-0.60019027694868343,-0.4891384402768893,-0.63972955491024885,-0.30278824509277569,-0.41315602307650923,-0.30063695691231135,0.24437744932825961,-0.97759206307822744,1.0,-0.49964050000000004,0.47826004209070533,-0.73195625005475107,0.61556717110778236,0.064334218312979696,0.64584436198881279,0.18218645837124231,-0.42790742301965079,0.11542423188358254,-0.31878710394280069,-0.78768714820754948,0.56487292990482363,-0.80852243531429069,0.065343754645993818,-0.88111235454560866,0.52902782868652287,0.046952036234365238,-0.027932471165632466,0.70453252106531461,0.060856663432876629
-0.045526599999999973,-0.069254660000000023,0.30384181999999993,-0.34692982000000006,-0.24397868,-0.65519865999999993,-0.58391568000000005,0.41152381999999998,0.89464349999999992,-0.85036376000000002,0.34494902000000005,-0.48604787999999999,0.6894445600000001,0.23975008000000009,0.29439594000000002,-0.62492892,-0.94960188000000001,0.43657886000000001,-0.49964050000000004,1.0,-0.56083565999999996,0.88998778000000001,0.34343893999999997,0.81590304000000002,-0.77026883999999995,0.25267832000000001,0.99548119999999995,-0.51617325999999997,-0.34493837999999999,0.91710891999999999,0.28269163999999991,0.30252093999999996,0.023942059999999987,0.57178076,-0.020874159999999975,0.80466171999999991,0.19162901999999993,-0.065401460000000022,0.21221156000000008
-0.41258396663420482,0.2507576813300163,-0.57577416703352591,0.30380566110420509,-0.18788315072935888,0.31417789293979215,0.044278552170720742,-0.53173968034486485,-0.43323801218382718,0.42047546969220051,0.10735981457570032,-0.075360231694340321,-0.55437706540541487,-0.20332785156121516,0.18799381084542649,0.25534774888681872,0.49759763340423241,-0.39951167629305456,0.47826004209070533,-0.56083565999999996,1.0,-0.58992176693823573,-0.096177507747152224,-0.22104134119190211,0.88543027792056184,0.3904530751201325,-0.56113230332778463,-0.24516390602872698,-0.43302036423022161,-0.6240706562850995,0.34172950410684838,-0.48428693208726797,-0.61824510096278362,-0.57167754009743388,0.42187575012313305,-0.39367968855470958,0.24614628158908977,0.23548085306532857,-0.041273877431919535
-0.085153391181472735,-0.025591491254348932,0.56197780914729456,0.017872140377207642,-0.40060516180096639,-0.30617311366536276,-0.25641259124015708,0.40640602194932257,0.64733478935098332,-0.74235947881313225,0.4214432788292774,-0.15856488745449934,0.81818390360070392,0.10388619771728541,0.21560787736498974,-0.30955066165608591,-0.7661778904407508,0.6777781151031067,-0.73195625005475107,0.88998778000000001,-0.58992176693823573,1.0,-0.044614973833930982,0.52904534276421111,-0.8144164871306816,0.18199432508294139,0.8561017465861317,-0.34550405013383872,-0.083727874793569995,0.95423380677626624,-0.065386903298810861,0.49256235412601829,-0.080970702630590682,0.68808396583530529,-0.17668065291306595,0.5007173115872664,0.29085072828744396,-0.33898936777328598,0.17127235528966156
0.31041121684103873,-0.14258657566100974,-0.66184161356248516,-0.94468212510097638,0.27374175643101956,-0.90260184169947344,-0.87718361250401755,-0.078928927967712073,0.53586195292340899,-0.41294156982004893,-0.38764293582685233,-0.89814529954168643,-0.11582431888277711,-0.0086497476869391143,-0.14000918681806374,-0.86342777646699453,-0.5649640500693609,-0.6501421012938754,0.61556717110778236,0.34343893999999997,-0.096177507747152224,-0.044614973833930982,1.0,0.77212678944015178,-0.027213418642681848,0.25609898116443908,0.42340817569343753,-0.24583362729799138,-0.5882027544691707,-0.03908865426249622,0.80035550177086856,-0.52436687671309512,0.2491415862707341,-0.38578376263846803,0.44555499390497444,0.79894408811392559,0.006289712570108099,0.71285077818504639,0.16332029178816332
-0.033453802987319925,-0.045163978014065354,-0.28572503341703381,-0.69103190232699074,-0.07625060551300844,-0.90253713944841873,-0.92631694449743429,0.076042210701040724,0.85854332754425755,-0.76608220482010703,0.098652884162581278,-0.87342417473426748,0.32915366283949332,0.14171374487144828,0.21747250815900698,-0.882449864699693,-0.90219866813016492,-0.11379053271041725,0.064334218312979696,0.81590304000000002,-0.22104134119190211,0.52904534276421111,0.77212678944015178,1.0,-0.36364102235912199,0.46125975148184128,0.8553134869167518,-0.56507699827709623,-0.72919426306988333,0.52460463648564193,0.73368698540959809,-0.18962980985418729,-0.044574618017306333,0.068565835210971676,0.33589517463530405,0.95885034276510561,0.26445435360462488,0.40425207157793897,0.2376552011825705
-0.29957061324343726,0.32589740295989489,-0.63435723272950562,0.17047160269355732,0.073681213282881311,0.31541393540887225,0.1229483828923249,-0.64745269234821146,-0.56497544721878334,0.6749663085579547,-0.12907718595461268,0.042507893453562158,-0.75242059185686916,-0.20092956303396725,0.11930412515175959,0.35327104539813109,0.68992094991746145,-0.55904518779506995,0.64584436198881279,-0.77026883999999995,0.88543027792056184,-0.8144164871306816,-0.027213418642681848,-0.36364102235912199,1.0,0.10781132857568235,-0.74689277895421391,0.13536315059750548,-0.32159496536430926,-0.85074306483489981,0.21294641717411264,-0.48683501585838523,-0.40726206720427277,-0.72000478407549606,0.34234852980910602,-0.45729436481922681,0.13455464138795217,0.32194051897544707,-0.18532586187861183
-0.35210482722930708,-0.41524781955910639,-0.50850739321753513,-0.021740968326848999,-0.17293250642613664,-0.14039842532690203,-0.57327163789491209,-0.12365217467707162,0.12445712693604069,-0.57426314381166665,0.017953260830192927,-0.52859234015896972,-0.10769635968658046,0.087128219093313586,0.029654873440625378,-0.47364529660709004,-0.29775021648144007,-0.25757384390202182,0.18218645837124231,0.25267832000000001,0.3904530751201325,0.18199432508294139,0.25609898116443908,0.46125975148184128,0.10781132857568235,1.0,0.24085564061979922,-0.633766408621808,-0.5571368907671953,0.073102911609176383,0.68597840517239272,-0.61042827726924531,-0.38717066783516407,-0.1455342016798952,0.74515390579826146,0.26635904445428166,0.2044810757695642,0.39967196927370296,0.68600938886287632
-0.0068298565252341032,-0.05900306585721507,0.24211241865069066,-0.42734570854571535,-0.20886337546835812,-0.71931909175658992,-0.63710027010353198,0.38955559687062025,0.91786438909213264,-0.84681905076136621,0.29694241400035271,-0.54515445909391635,0.65864043413543827,0.21529294640365321,0.2738385339643496,-0.6732879539388148,-0.9674240004288901,0.36818737879265301,-0.42790742301965079,0.99548119999999995,-0.56113230332778463,0.8561017465861317,0.42340817569343753,0.8553134869167518,-0.74689277895421391,0.24085564061979922,1.0,-0.50342787288022695,-0.38359167279194573,0.88182632750371404,0.33349575592437725,0.26366204011523348,0.053594509241784272,0.51793291359593419,0.0020665659788943773,0.85102838758057364,0.1882461048974538,0.00023863162817999064,0.19778341336974642
0.24138717775160529,0.25328125429463694,0.14768157809498392,0.078765429549602764,0.25813299726539879,0.32521514251334793,0.54750843179893394,-0.38387408522083616,-0.56828878134561389,0.66057269223893644,-0.24163398327215865,0.52797005033781519,-0.088370590860700579,-0.090901854436546373,-0.31271540766744033,0.43614141341311974,0.55215268439622045,-0.075332062058917876,0.11542423188358254,-0.51617325999999997,-0.24516390602872698,-0.34550405013383872,-0.24583362729799138,-0.56507699827709623,0.13536315059750548,-0.633766408621808,-0.50342787288022695,1.0,0.51589843381126677,-0.39630196840379639,-0.65602721998960334,0.12470756184571398,0.18060078919901473,-0.32001741138228373,-0.39354638909584272,-0.41550989597600002,0.035290648575505124,-0.24629887518215593,-0.44145712688692185
0.44579063708605504,-0.3058942719951373,0.58624425415407133,0.39707299685989295,0.15019775819706638,0.58635042146575855,0.76579860079982542,0.3967213089012816,-0.49584373353662703,0.28936323548582177,-0.22264231822836411,0.73899207829845437,0.1040307855564386,-0.058568193660682,-0.49888221114887699,0.52039584278147266,0.42115598239940377,0.29496291523507617,-0.31878710394280069,-0.34493837999999999,-0.43302036423022161,-0.083727874793569995,-0.5882027544691707,-0.72919426306988333,-0.32159496536430926,-0.5571368907671953,-0.38359167279194573,0.51589843381126677,1.0,-0.054597282238874077,-0.79454858377621551,0.38189604471963745,0.49298755003941008,0.30722578045132432,-0.50461880911195689,-0.59650508726983276,-0.46533199967868694,-0.48599976265240719,-0.054880606552274225
-0.077810434630198211,-0.0066964650328232454,0.6412991105204644,-0.0031087194711891144,-0.37410789814213552,-0.342611983558606,-0.22293387632548312,0.52373131818476382,0.73334835546992105,-0.71581367634118254,0.49235661110194501,-0.12908381606556923,0.79668720670413684,0.24036179714836323,0.33775146756486457,-0.2948284878149553,-0.7764561830511354,0.73817816737189823,-0.78768714820754948,0.91710891999999999,-0.6240706562850995,0.95423380677626624,-0.03908865426249622,0.52460463648564193,-0.85074306483489981,0.073102911609176383,0.88182632750371404,-0.39630196840379639,-0.054597282238874077,1.0,-0.075464824074872858,0.58767395104564435,-0.015585490715532745,0.78295100813279817,-0.24142191849468456,0.51738413089796198,0.16365439137338425,-0.39787244899692092,0.13597715743744779
-0.050129695448553807,-0.22830854923043206,-0.77230637173470007,-0.59971175874117899,0.058978975816926932,-0.65442236468616066,-0.88849030593883116,-0.069806419022537827,0.45528975607030814,-0.4993198275905133,-0.20960761495640309,-0.89497333604473028,-0.29418480741421288,-0.0093303764404454315,0.083172746959779054,-0.74065704366504814,-0.47085013782268997,-0.59613325658630856,0.56487292990482363,0.28269163999999991,0.34172950410684838,-0.065386903298810861,0.80035550177086856,0.73368698540959809,0.21294641717411264,0.68597840517239272,0.33349575592437725,-0.65602721998960334,-0.79454858377621551,-0.075464824074872858,1.0,-0.65026316383195348,-0.083288621154464421,-0.33183798289048733,0.74407941657640475,0.61862225950507066,0.034183776520835887,0.7629899410649007,0.42820407264253335
0.0065348029080027946,0.39017321265825444,0.91399750558744541,0.39506514852266356,-0.35040190099717694,0.18904602098253867,0.48438409238787067,0.49473794033668339,0.26277049261539437,0.030911691755969417,0.47999908096589555,0.52342525829161668,0.48641774431858859,-0.03711433140977452,0.41301660739649371,0.47675241972765847,-0.12199208555149603,0.87867779644238353,-0.80852243531429069,0.30252093999999996,-0.48428693208726797,0.49256235412601829,-0.52436687671309512,-0.18962980985418729,-0.48683501585838523,-0.61042827726924531,0.26366204011523348,0.12470756184571398,0.38189604471963745,0.58767395104564435,-0.65026316383195348,1.0,0.089962690589756034,0.73439465021160344,-0.64152279984881255,-0.13367557846615469,-0.052947974436477516,-0.66687826132379924,-0.37515377595568838
0.53814566043623902,-0.57159605514014256,0.11504453937974729,-0.43813466530970196,0.64428362697378816,-0.17288846744548975,-0.035919763129467736,0.58117385805678168,0.15475770299920122,-0.13795657447753742,-0.58514456417214467,0.079454620325407663,-0.15750263830607661,0.082986749770716822,-0.42167777227073366,-0.18243305573433727,-0.10825558579113882,-0.13020728946752802,0.065343754645993818,0.023942059999999987,-0.61824510096278362,-0.080970702630590682,0.2491415862707341,-0.044574618017306333,-0.40726206720427277,-0.38717066783516407,0.053594509241784272,0.18060078919901473,0.49298755003941008,-0.015585490715532745,-0.083288621154464421,0.089962690589756034,1.0,0.25756527923145456,-0.20811537891086729,0.15743640882346449,-0.81941136134203107,0.27581312127718194,0.097700381307552361
-0.13386735626622895,-0.19684577315196733,0.80695509207279215,0.29339946509569581,-0.12270292792576494,0.089478963724748992,0.14184510869880598,0.77314457934510561,0.46615015574557783,-0.45295959051288986,0.33263949460167858,0.32201669446420284,0.47584732066044738,0.3008694326959036,0.35206269318908778,0.12563649001767835,-0.384455907815338,0.82347608210585543,-0.88111235454560866,0.57178076,-0.57167754009743388,0.68808396583530529,-0.38578376263846803,0.068565835210971676,-0.72000478407549606,-0.1455342016798952,0.51793291359593419,-0.32001741138228373,0.30722578045132432,0.78295100813279817,-0.33183798289048733,0.73439465021160344,0.25756527923145456,1.0,-0.3685706013855824,0.10216485165235156,-0.31629954661692578,-0.42290333683851988,0.17318550152786485
0.0031862714226656517,-0.32252021281524867,-0.68316885357568768,-0.16519983359822987,-0.14692165756612102,-0.20928299286194771,-0.54302298018273087,-0.071180397596011191,0.00081948569647717975,-0.34207996757218867,-0.38611114024728288,-0.57511485156828757,-0.46994938237369166,-0.13337173596826418,0.00022747710878937011,-0.34538690550394224,-0.11021868826323497,-0.55797066004175233,0.52902782868652287,-0.020874159999999975,0.42187575012313305,-0.17668065291306595,0.44555499390497444,0.33589517463530405,0.34234852980910602,0.74515390579826146,0.0020665659788943773,-0.39354638909584272,-0.50461880911195689,-0.24142191849468456,0.74407941657640475,-0.64152279984881255,-0.20811537891086729,-0.3685706013855824,1.0,0.14697530919982774,0.0096511757660284747,0.60284392852402979,0.66597866921382198
0.037967814773244617,-0.079166474028919617,-0.21390846039245021,-0.80639432598663618,0.12973598411483386,-0.93906763861201337,-0.88002448437878789,0.10071646007556476,0.87653033889370369,-0.6954171265930762,0.020706970209758577,-0.79544323554225604,0.35724420981838806,0.23925100354563084,0.13869758902711546,-0.89782399888003506,-0.88626133618356329,-0.10855645222203278,0.046952036234365238,0.80466171999999991,-0.39367968855470958,0.5007173115872664,0.79894408811392559,0.95885034276510561,-0.45729436481922681,0.26635904445428166,0.85102838758057364,-0.41550989597600002,-0.59650508726983276,0.51738413089796198,0.61862225950507066,-0.13367557846615469,0.15743640882346449,0.10216485165235156,0.14697530919982774,1.0,0.14541345991308974,0.40175182158716427,0.10445798010952237
-0.2506302607012289,0.64907905304240354,-0.082561200250468092,0.089836960407022395,-0.56958451935214405,-0.16142937460585818,-0.13181881519318314,-0.63866036051711483,0.017706977392962904,0.018442129403576368,0.48114607473683985,-0.25737400946232553,0.45740130447762944,-0.18626107034567552,0.17756076007855234,-0.084781473117587214,-0.15845699327796151,0.073330482058077004,-0.027932471165632466,0.19162901999999993,0.24614628158908977,0.29085072828744396,0.006289712570108099,0.26445435360462488,0.13455464138795217,0.2044810757695642,0.1882461048974538,0.035290648575505124,-0.46533199967868694,0.16365439137338425,0.034183776520835887,-0.052947974436477516,-0.81941136134203107,-0.31629954661692578,0.0096511757660284747,0.14541345991308974,1.0,-0.2933781892926437,-0.24474359347466951
0.053069695426973339,-0.3798122913271913,-0.79645053085720885,-0.63431597678917773,0.50715455276476384,-0.42629277543651717,-0.66724883655715039,-0.10892362561824186,0.18873168229024528,-0.19397699500610316,-0.62721451642612158,-0.6052994693287973,-0.57139378579109812,-0.074562274993904401,-0.18107456248529935,-0.52776811003863655,-0.12493809054824725,-0.72958870746892324,0.70453252106531461,-0.065401460000000022,0.23548085306532857,-0.33898936777328598,0.71285077818504639,0.40425207157793897,0.32194051897544707,0.39967196927370296,0.00023863162817999064,-0.24629887518215593,-0.48599976265240719,-0.39787244899692092,0.7629899410649007,-0.66687826132379924,0.27581312127718194,-0.42290333683851988,0.60284392852402979,0.40175182158716427,-0.2933781892926437,1.0,0.24387210384122487
0.081673949843837662,-0.70521509689183204,-0.22093078749378828,0.0080494206532887632,-0.052094007946751376,-0.03934832205239451,-0.36356798209094154,0.37902161631197945,0.055681689585777926,-0.6309480038632107,-0.26589400771028926,-0.28962104558037688,-0.14049594390436249,0.07821630058802366,-0.17492209558268815,-0.33784834972384115,-0.25240075506666515,-0.18502005860624357,0.060856663432876629,0.21221156000000008,-0.041273877431919535,0.17127235528966156,0.16332029178816332,0.2376552011825705,-0.18532586187861183,0.68600938886287632,0.19778341336974642,-0.44145712688692185,-0.054880606552274225,0.13597715743744779,0.42820407264253335,-0.37515377595568838,0.097700381307552361,0.17318550152786485,0.66597866921382198,0.10445798010952237,-0.24474359347466951,0.24387210384122487,1.0
