1.0,0.76253110950074177,-0.77732218938609932,-0.60415828204464328,-0.40448038105947615,0.61830870337228161,-0.42098837292256086,-0.43100984430567973,0.027184739057243765,0.37031202307432964,0.44565810029403674,-0.52770620557641768,0.27631718262502197,-0.15808064961711993,0.78857250525900413,0.52016329758887359,0.30030219669681119,0.34737317456227501,0.72958932955914502,0.50599633407451705,-0.44185229020788463,-0.14658623907755985,0.60286578209791009,0.67765319999999996,-0.33948293695927168,-0.6286838953278141,-0.70119813289540955,-0.18131520827219283,0.73192287325534466,-0.27815684200519386,-0.048838962297429962,0.44170893922397447,-0.60040026204971852,-0.75091734907597385,-0.33808722282522041,0.081168111416889635,0.69632935714969779,0.68453303122726217,-0.26571217804431885
0.76253110950074177,1.0,-0.95264180211742411,-0.45793239885173376,-0.026380670578894691,0.56057857016511192,-0.44931170208198251,0.083223210893538652,0.53927106711076545,-0.12403968489325726,0.84381161153487549,-0.70669978571262704,0.33337554330046687,-2.4162039902197215e-05,0.8648651759825855,0.81053177467783699,0.54462470447222122,0.020292890139409245,0.97350258162214476,0.87050884098283487,-0.11670675217858931,-0.67624209877061692,0.70218556758565809,0.94267923999999992,-0.09179816486438605,-0.92688914887398122,-0.56885221338185443,0.3102039654365365,0.95148458051707208,-0.5864312754694726,0.42194376693709684,0.43369974311949955,-0.68383342755541976,-0.68050581556461864,-0.19811537268847082,0.25501981039191163,0.41680289921903146,0.37141849923139214,0.015017721274473764
-0.77732218938609932,-0.95264180211742411,1.0,0.49977113319332078,0.23773523404681404,-0.66111104057314307,0.51086591443821694,0.058994520328880175,-0.43861857891870315,0.035717093803080913,-0.75114018974165409,0.57037008239920983,-0.37609050622331458,-0.13661171378005374,-0.90453001603097549,-0.76359318115163233,-0.55481705043307628,-0.017416285722520873,-0.92417463923386556,-0.74112337690268604,0.13997470500102391,0.53458436801573339,-0.60974849933980502,-0.88146703999999998,0.09741622765263383,0.86148084828493376,0.50002424524122613,-0.19649357517761307,-0.89852910776881179,0.51252098200540763,-0.36772454944977756,-0.463093779649983,0.71135774025260368,0.74395135162507298,0.27436884371794551,-0.13772987275446852,-0.55054647384955457,-0.41862673184080257,0.10402779395789111
-0.60415828204464328,-0.45793239885173376,0.49977113319332078,1.0,0.53209914869121955,-0.35485075121814136,0.85053122509228007,0.228369969277499,0.37172454631280311,-0.019401177783526125,-0.22873298897225036,0.40316677007429025,-0.11301870349511084,0.16851500797159158,-0.30710458878381958,0.11542837586230503,0.069344454991271329,-0.44984329892585601,-0.2888016095696373,-0.16411660981972559,0.062071948626806574,0.086822179966894453,-0.32667610769089089,-0.18220172000000001,-0.0052767782262831391,0.23886764170550973,0.0087572022401559094,-0.23249145672508212,-0.24430699855078206,-0.10471938310316695,0.11294025308911622,0.30737165400458383,0.086284997363423613,0.67629881457160002,0.50601721002137079,0.44263177395856351,-0.68340339648900073,-0.12947709336314089,-0.031928069515175128
-0.40448038105947615,-0.026380670578894691,0.23773523404681404,0.53209914869121955,1.0,-0.47204292792005986,0.53056693139002353,0.78967422187863534,0.61551228006704606,-0.35323539439307033,0.304591591809103,-0.098531217686743597,-0.20166673113934427,0.080289677279993699,-0.25635432740595548,0.19239441932403625,0.35207027441878674,-0.35206831549708167,0.024179568903809571,0.33379840996958138,0.27013625932812196,-0.57337889196334035,-0.016785506008537929,0.097566899999999901,0.2016944677819239,-0.15048164849861073,0.10756379585714515,0.52745407788695819,0.026256430888490282,-0.51636783246284923,0.20750099339285163,-0.046323451542579677,0.12710845312006508,0.49375492408674532,0.41972633383166585,0.36365794537026847,-0.732840642765901,-0.43211809075772367,0.35079435151871274
0.61830870337228161,0.56057857016511192,-0.66111104057314307,-0.35485075121814136,-0.47204292792005986,1.0,-0.52811309860083833,-0.55361117164417017,0.00041693457109363429,0.41879611107310299,0.17496348022611383,-0.3485265689100891,0.47931541993995008,0.058642475043533593,0.62918764000552962,0.46212031281775212,0.22085753320567,-0.093069290338616356,0.56207876228465348,0.25531109377769434,-0.38205243589461263,0.055516288858010743,0.49131243358727023,0.51227355999999991,-0.018605103969291943,-0.40449032790448758,-0.49019054452321786,-0.29109741086347751,0.54666186378659709,-0.0092334498932232084,0.35800359180388203,0.44193786436783133,-0.53719479262627412,-0.66944507058916947,-0.041167442762389518,-0.24820505615261312,0.78473173218801029,0.40373988890583101,-0.091244497370771477
-0.42098837292256086,-0.44931170208198251,0.51086591443821694,0.85053122509228007,0.53056693139002353,-0.52811309860083833,1.0,0.25272598474520708,0.34744874863088782,0.086305973951469356,-0.11866394043318966,0.52998346999152657,-0.38809057956293164,0.22764240112545714,-0.27555676068163781,0.062100454043206466,0.17991537159197535,-0.26950778687397875,-0.31370592085413118,-0.16855499376449271,0.021569136655171729,0.05881645859893625,-0.35458635601672817,-0.21070635999999998,-0.33395233449343964,0.21803078465898681,0.011960458416084287,-0.21532836173826406,-0.26495159224308856,-0.28044373384405774,-0.3287222472720413,0.22025493641693494,0.031846450454847658,0.68294464701090107,0.21611179774648301,0.60304761871816737,-0.77465561344611578,0.083074253092642047,-0.19234691458980574
-0.43100984430567973,0.083223210893538652,0.058994520328880175,0.228369969277499,0.78967422187863534,-0.55361117164417017,0.25272598474520708,1.0,0.62870506024355266,-0.68600017395710045,0.49155260816735685,-0.021314735198117878,-0.31224087024852604,0.21586232131635202,-0.23606562452295068,0.1066847408687161,0.40603883573224792,-0.35178330816845305,0.061524497048008532,0.40035588715769432,0.52538390777470645,-0.77839802586622986,-0.073764565072630586,0.10449361999999995,0.23433218517584506,-0.25523884025323995,0.44685679701437625,0.87051496358136493,0.03350514606260404,-0.60084828993891093,0.18589230383662203,-0.29496325892619957,0.18702113547355559,0.438502375447058,0.12019208445308441,0.30601443738785794,-0.71186034677860799,-0.58493299773428842,0.31765800049569554
0.027184739057243765,0.53927106711076545,-0.43861857891870315,0.37172454631280311,0.61551228006704606,0.00041693457109363429,0.34744874863088782,0.62870506024355266,1.0,-0.38336032442285056,0.80072523602784063,-0.19246487557847053,-0.029380875702146977,0.36715956886429912,0.45310953675446475,0.80057583724572834,0.71821149304263476,-0.47184432107771124,0.61088471278827883,0.72044407412943146,0.19757981730336679,-0.81582654393136145,0.28465239070593107,0.67306029999999994,-0.11964224610661962,-0.6839344334651023,-0.21551011791202687,0.45212338142880426,0.60503012736817818,-0.83831743367485501,0.39619135526544208,0.40759604447459608,-0.5255435468696884,0.052179710369520647,0.07810656295554802,0.67875871068854576,-0.45668144491144164,0.064413422803404619,0.083356292394342932
0.37031202307432964,-0.12403968489325726,0.035717093803080913,-0.019401177783526125,-0.35323539439307033,0.41879611107310299,0.086305973951469356,-0.68600017395710045,-0.38336032442285056,1.0,-0.31182126295794532,0.1278152579744323,0.12268297624732122,0.2101846252970824,0.069052475438513797,-0.08138355731597971,0.082692935794867681,-0.11815062592124376,-0.13994417804206166,-0.42471256232626908,-0.78994479177265808,0.61259968458011604,0.02849597541470672,-0.17163812000000001,-0.49784209571896076,0.292738404358938,-0.31518811005287944,-0.65949415079990259,-0.13508649578883872,0.19745029083216775,-0.46441288068017034,0.10117122040866645,-0.3206576686564459,-0.29643584812311363,-0.21739958086862735,-0.27347475660887655,0.45379157947230742,0.567963488017174,-0.099436493456165564
0.44565810029403674,0.84381161153487549,-0.75114018974165409,-0.22873298897225036,0.304591591809103,0.17496348022611383,-0.11866394043318966,0.49155260816735685,0.80072523602784063,-0.31182126295794532,1.0,-0.46197808828134701,0.042296615170046757,0.29471186273242889,0.6640700809202017,0.75734538408544927,0.71077885952446795,-0.21422645561632522,0.80172900765589628,0.82716784179978453,0.046588513193780955,-0.87784004300754703,0.46038717080670022,0.79801162000000003,-0.25791199159635864,-0.83784905828158707,-0.26851662403716198,0.58210658947349481,0.76771241449242389,-0.81248882773848796,0.23878611218124413,0.20150846134395273,-0.66464864833767334,-0.39750949577322808,-0.34396579133256167,0.4906639234316329,-0.068784805921476608,0.25153715188301218,0.11068583302961561
-0.52770620557641768,-0.70669978571262704,0.57037008239920983,0.40316677007429025,-0.098531217686743597,-0.3485265689100891,0.52998346999152657,-0.021314735198117878,-0.19246487557847053,0.1278152579744323,-0.46197808828134701,1.0,-0.60999907506480966,0.38180716713652757,-0.480966860258425,-0.44411409977033933,-0.15278642561719166,-0.222696604649925,-0.66660408872512977,-0.63730593661342316,0.25406230436663718,0.4450118848665694,-0.57567049275022297,-0.62874289999999999,-0.26994262561877358,0.58248856986718733,0.5740772370250079,-0.269993894996857,-0.65018420623669426,0.14607589475451141,-0.53255759251682422,-0.20276741020225397,0.26963477540967179,0.59509630303780825,-0.12503244159888602,0.073024841211184355,-0.42586020289318438,-0.061641246992558463,-0.46188324815760279
0.27631718262502197,0.33337554330046687,-0.37609050622331458,-0.11301870349511084,-0.20166673113934427,0.47931541993995008,-0.38809057956293164,-0.31224087024852604,-0.029380875702146977,0.12268297624732122,0.042296615170046757,-0.60999907506480966,1.0,-0.035409311098434988,0.36816254130373793,0.26606161812865414,0.1025486252045557,0.15655702425608292,0.33972622621812643,0.16798206311986932,-0.49623562013766104,0.035195861782898796,0.034205180328038078,0.30474804,0.3421171177122278,-0.20451223982767749,-0.4464925497187095,-0.13680198864312426,0.32621216822466503,0.19059569123297396,0.46483113715032398,0.30685337245005201,-0.24787224227212115,-0.55640000738687845,0.15027469310444153,-0.24744550938209225,0.52044636668924682,0.093681927481668981,0.38747062051707953
-0.15808064961711993,-2.4162039902197215e-05,-0.13661171378005374,0.16851500797159158,0.080289677279993699,0.058642475043533593,0.22764240112545714,0.21586232131635202,0.36715956886429912,0.2101846252970824,0.29471186273242889,0.38180716713652757,-0.035409311098434988,1.0,0.10277353614816503,0.13532063408706516,0.64480712293760489,-0.56577756464075613,-0.051376725307012344,-0.16188679515705348,-0.16435713733127075,-0.11702354960368078,-0.31862655679944862,-0.058882499999999949,-0.34583198485896216,0.050055891119542367,0.3307100939703112,0.16431214922689319,-0.10128543339350991,-0.36335655749264512,-0.24795690110039137,-0.13916208160094731,-0.44786975663844547,-0.10279192095876713,-0.44824339004315417,0.0089308496190144901,-0.17278697807637394,0.13071005950137871,0.11303152750910211
0.78857250525900413,0.8648651759825855,-0.90453001603097549,-0.30710458878381958,-0.25635432740595548,0.62918764000552962,-0.27555676068163781,-0.23606562452295068,0.45310953675446475,0.069052475438513797,0.6640700809202017,-0.480966860258425,0.36816254130373793,0.10277353614816503,1.0,0.84828393562627535,0.4597427248601601,0.15619950968226756,0.89470550464244236,0.66948380148363995,-0.19775021516665811,-0.36611090847741035,0.59483323707197999,0.87717248000000003,-0.2608513540330975,-0.78480170308022201,-0.72506760656918656,-0.1096493752879457,0.89733507302965476,-0.4241111353760334,0.29136569308697985,0.68609707092713468,-0.83080943353435932,-0.73085420406224422,-0.236711461791178,0.34045281316942244,0.47089988693897811,0.66779160970361817,-0.22558500615193844
0.52016329758887359,0.81053177467783699,-0.76359318115163233,0.11542837586230503,0.19239441932403625,0.46212031281775212,0.062100454043206466,0.1066847408687161,0.80057583724572834,-0.08138355731597971,0.75734538408544927,-0.44411409977033933,0.26606161812865414,0.13532063408706516,0.84828393562627535,1.0,0.62093958731341559,-0.19913171680655767,0.90221856927121757,0.81760279726962959,-0.095120834983862618,-0.60163900940687109,0.58147610709728725,0.93621343999999995,-0.19204042250262665,-0.85961280364074588,-0.68472918092285395,0.056071859808979087,0.91349744437678415,-0.67717047677280651,0.48117655911309332,0.76462817957486562,-0.77707300914353938,-0.371815039192819,0.052059611195653825,0.59413991447352255,0.080046436830454662,0.46148400283570123,-0.12577272414833068
0.30030219669681119,0.54462470447222122,-0.55481705043307628,0.069344454991271329,0.35207027441878674,0.22085753320567,0.17991537159197535,0.40603883573224792,0.71821149304263476,0.082692935794867681,0.71077885952446795,-0.15278642561719166,0.1025486252045557,0.64480712293760489,0.4597427248601601,0.62093958731341559,1.0,-0.4569159536618318,0.53987958827104621,0.51995980487837812,-0.20376525862741465,-0.62146427990291742,0.20806661255014242,0.55196679999999998,-0.22088224135950776,-0.59371544847426927,-0.14571505661568762,0.3902313037035185,0.50873290360364298,-0.8705634220625883,0.026704112775046879,0.2651357118631969,-0.55581782173551153,-0.18161970705486358,-0.15500886161152838,0.26845773255544658,-0.08710551396218992,0.16114548436894793,0.13420397781447382
0.34737317456227501,0.020292890139409245,-0.017416285722520873,-0.44984329892585601,-0.35206831549708167,-0.093069290338616356,-0.26950778687397875,-0.35178330816845305,-0.47184432107771124,-0.11815062592124376,-0.21422645561632522,-0.222696604649925,0.15655702425608292,-0.56577756464075613,0.15619950968226756,-0.19913171680655767,-0.4569159536618318,1.0,0.015973548153585967,0.0079999296263650183,0.087110123107656229,0.23166237398762535,0.027208885508048314,-0.011238579999999998,0.17502234552627233,0.019822825763494825,-0.28121760015734043,-0.23948101986913575,0.051662293881432633,0.37695153879392651,-0.16536792191268501,0.10991436424970558,0.23032112647810835,-0.25919036418021257,-0.012387991863227282,-0.082665389754590368,0.31087441980402986,0.15460286778271487,-0.22159740090253754
0.72958932955914502,0.97350258162214476,-0.92417463923386556,-0.2888016095696373,0.024179568903809571,0.56207876228465348,-0.31370592085413118,0.061524497048008532,0.61088471278827883,-0.13994417804206166,0.80172900765589628,-0.66660408872512977,0.33972622621812643,-0.051376725307012344,0.89470550464244236,0.90221856927121757,0.53987958827104621,0.015973548153585967,1.0,0.90776364408084775,-0.081114515296798723,-0.65879481090186898,0.71446159240462059,0.99262990000000006,-0.06228180514950718,-0.95727946441325795,-0.66513863680723062,0.20451921638299833,0.99568764968907697,-0.61016543173278026,0.49782033476038851,0.61544704276515483,-0.68444816286701993,-0.58149839208386223,-0.044097618413520251,0.37226096666203728,0.35072143420404822,0.39161908696148606,-0.076817100342210537
0.50599633407451705,0.87050884098283487,-0.74112337690268604,-0.16411660981972559,0.33379840996958138,0.25531109377769434,-0.16855499376449271,0.40035588715769432,0.72044407412943146,-0.42471256232626908,0.82716784179978453,-0.63730593661342316,0.16798206311986932,-0.16188679515705348,0.66948380148363995,0.81760279726962959,0.51995980487837812,0.0079999296263650183,0.90776364408084775,1.0,0.14931850215909614,-0.85385637007181525,0.63389970594501022,0.92605501999999995,0.090738216719109116,-0.95066315912296251,-0.49203944669260535,0.46219104032558012,0.90794339266695989,-0.71888279521994691,0.5373422065662411,0.49129197255034901,-0.43172320696380606,-0.28033275194104423,0.11619370144091477,0.48537195711877706,0.033486558467387503,0.10361632650900403,-0.008899283789191411
-0.44185229020788463,-0.11670675217858931,0.13997470500102391,0.062071948626806574,0.27013625932812196,-0.38205243589461263,0.021569136655171729,0.52538390777470645,0.19757981730336679,-0.78994479177265808,0.046588513193780955,0.25406230436663718,-0.49623562013766104,-0.16435713733127075,-0.19775021516665811,-0.095120834983862618,-0.20376525862741465,0.087110123107656229,-0.081114515296798723,0.14931850215909614,1.0,-0.34649759329908925,0.010884274475960276,-0.043685520000000033,0.45252376569038838,-0.076908329498145231,0.46006057060497207,0.43911762081158856,-0.07277689082622113,-0.099959335366173227,0.26955423514336463,-0.11276386222220405,0.4333402544096554,0.45539374096813562,0.2921060959696386,0.13819883934649982,-0.43240009822670783,-0.56429856648162258,-0.19025369546968524
-0.14658623907755985,-0.67624209877061692,0.53458436801573339,0.086822179966894453,-0.57337889196334035,0.055516288858010743,0.05881645859893625,-0.77839802586622986,-0.81582654393136145,0.61259968458011604,-0.87784004300754703,0.4450118848665694,0.035195861782898796,-0.11702354960368078,-0.36611090847741035,-0.60163900940687109,-0.62146427990291742,0.23166237398762535,-0.65879481090186898,-0.85385637007181525,-0.34649759329908925,1.0,-0.38037632722559167,-0.67857393999999993,-0.12349268825706283,0.78400101207179684,0.045840401780688295,-0.81554998737845197,-0.63005275573487629,0.81607375182153208,-0.4128649553409881,-0.0959754764217019,0.2663639405599309,0.052946207574692594,-0.0075492232016705074,-0.43107719979805492,0.29517787743498469,0.20189340775626619,-0.21701019416349909
0.60286578209791009,0.70218556758565809,-0.60974849933980502,-0.32667610769089089,-0.016785506008537929,0.49131243358727023,-0.35458635601672817,-0.073764565072630586,0.28465239070593107,0.02849597541470672,0.46038717080670022,-0.57567049275022297,0.034205180328038078,-0.31862655679944862,0.59483323707197999,0.58147610709728725,0.20806661255014242,0.027208885508048314,0.71446159240462059,0.63389970594501022,0.010884274475960276,-0.38037632722559167,1.0,0.70090881999999999,-0.014124853685921668,-0.63123466333584888,-0.60607871698762472,0.05886141505425279,0.72033244383878114,-0.3092765046230278,0.43599596766578824,0.40823104416880013,-0.39807265053870977,-0.43335302185576452,0.16966378917224156,0.092753310267196534,0.39134165412078004,0.25442714430791791,0.064098503940411528
0.67765319999999996,0.94267923999999992,-0.88146703999999998,-0.18220172000000001,0.097566899999999901,0.51227355999999991,-0.21070635999999998,0.10449361999999995,0.67306029999999994,-0.17163812000000001,0.79801162000000003,-0.62874289999999999,0.30474804,-0.058882499999999949,0.87717248000000003,0.93621343999999995,0.55196679999999998,-0.011238579999999998,0.99262990000000006,0.92605501999999995,-0.043685520000000033,-0.67857393999999993,0.70090881999999999,1.0,-0.061122539999999947,-0.96310644000000001,-0.67907866000000006,0.19168044000000006,0.99585173999999999,-0.64907194000000001,0.51547751999999991,0.67136814,-0.67124835999999999,-0.49390747999999995,0.023674020000000073,0.45453150000000009,0.25976438000000002,0.37858082000000004,-0.10338566000000005
-0.33948293695927168,-0.09179816486438605,0.09741622765263383,-0.0052767782262831391,0.2016944677819239,-0.018605103969291943,-0.33395233449343964,0.23433218517584506,-0.11964224610661962,-0.49784209571896076,-0.25791199159635864,-0.26994262561877358,0.3421171177122278,-0.34583198485896216,-0.2608513540330975,-0.19204042250262665,-0.22088224135950776,0.17502234552627233,-0.06228180514950718,0.090738216719109116,0.45252376569038838,-0.12349268825706283,-0.014124853685921668,-0.061122539999999947,1.0,0.01056448327435981,0.21990438917770994,0.31360280627990217,-0.06591137123318859,0.23221783643403293,0.63748820914975113,-0.040906073776005067,0.59685127342997124,0.1711555259355792,0.70629545793272452,-0.44885926531320797,0.073532080706193881,-0.79533350816879778,0.30238301430293474
-0.6286838953278141,-0.92688914887398122,0.86148084828493376,0.23886764170550973,-0.15048164849861073,-0.40449032790448758,0.21803078465898681,-0.25523884025323995,-0.6839344334651023,0.292738404358938,-0.83784905828158707,0.58248856986718733,-0.20451223982767749,0.050055891119542367,-0.78480170308022201,-0.85961280364074588,-0.59371544847426927,0.019822825763494825,-0.95727946441325795,-0.95066315912296251,-0.076908329498145231,0.78400101207179684,-0.63123466333584888,-0.96310644000000001,0.01056448327435981,1.0,0.51219482077125988,-0.36632665841301454,-0.9531782996910908,0.74033445097583006,-0.45561089039262076,-0.55061812404275368,0.54979294845489013,0.38997672541959627,0.010355104365692999,-0.46578898431318611,-0.18035206247773233,-0.24046510623814848,0.12470534604357933
-0.70119813289540955,-0.56885221338185443,0.50002424524122613,0.0087572022401559094,0.10756379585714515,-0.49019054452321786,0.011960458416084287,0.44685679701437625,-0.21551011791202687,-0.31518811005287944,-0.26851662403716198,0.5740772370250079,-0.4464925497187095,0.3307100939703112,-0.72506760656918656,-0.68472918092285395,-0.14571505661568762,-0.28121760015734043,-0.66513863680723062,-0.49203944669260535,0.46006057060497207,0.045840401780688295,-0.60607871698762472,-0.67907866000000006,0.21990438917770994,0.51219482077125988,1.0,0.46074835360363986,-0.70902705209363814,0.14262021928200613,-0.26162231395918484,-0.78215556915119411,0.58202430493494406,0.49642092490733014,-0.15291014747783715,-0.34577789148193599,-0.39297078251464046,-0.67103905149306065,0.10293957972375453
-0.18131520827219283,0.3102039654365365,-0.19649357517761307,-0.23249145672508212,0.52745407788695819,-0.29109741086347751,-0.21532836173826406,0.87051496358136493,0.45212338142880426,-0.65949415079990259,0.58210658947349481,-0.269993894996857,-0.13680198864312426,0.16431214922689319,-0.1096493752879457,0.056071859808979087,0.3902313037035185,-0.23948101986913575,0.20451921638299833,0.46219104032558012,0.43911762081158856,-0.81554998737845197,0.05886141505425279,0.19168044000000006,0.31360280627990217,-0.36632665841301454,0.46074835360363986,1.0,0.14706922917791188,-0.51900286353347846,0.23107537724137026,-0.45653789129129274,0.14794505207214226,0.09382074043198789,-0.075048474594226214,0.010685379872904176,-0.33311058226978574,-0.58581392610491256,0.43298010966738093
0.73192287325534466,0.95148458051707208,-0.89852910776881179,-0.24430699855078206,0.026256430888490282,0.54666186378659709,-0.26495159224308856,0.03350514606260404,0.60503012736817818,-0.13508649578883872,0.76771241449242389,-0.65018420623669426,0.32621216822466503,-0.10128543339350991,0.89733507302965476,0.91349744437678415,0.50873290360364298,0.051662293881432633,0.99568764968907697,0.90794339266695989,-0.07277689082622113,-0.63005275573487629,0.72033244383878114,0.99585173999999999,-0.06591137123318859,-0.9531782996910908,-0.70902705209363814,0.14706922917791188,1.0,-0.59872335569698565,0.49549872839616643,0.67397524658000318,-0.66964003631534985,-0.54536276836105568,0.0021150578939741803,0.41389839886744229,0.33335704350317036,0.41398997000812809,-0.1258251047523605
-0.27815684200519386,-0.5864312754694726,0.51252098200540763,-0.10471938310316695,-0.51636783246284923,-0.0092334498932232084,-0.28044373384405774,-0.60084828993891093,-0.83831743367485501,0.19745029083216775,-0.81248882773848796,0.14607589475451141,0.19059569123297396,-0.36335655749264512,-0.4241111353760334,-0.67717047677280651,-0.8705634220625883,0.37695153879392651,-0.61016543173278026,-0.71888279521994691,-0.099959335366173227,0.81607375182153208,-0.3092765046230278,-0.64907194000000001,0.23221783643403293,0.74033445097583006,0.14262021928200613,-0.51900286353347846,-0.59872335569698565,1.0,-0.060310937666354654,-0.2970637115398988,0.43933211438468511,-0.038291773914156321,0.083455790816925737,-0.555850461572031,0.31173287850369558,-0.10066442321906574,0.070102291329688815
-0.048838962297429962,0.42194376693709684,-0.36772454944977756,0.11294025308911622,0.20750099339285163,0.35800359180388203,-0.3287222472720413,0.18589230383662203,0.39619135526544208,-0.46441288068017034,0.23878611218124413,-0.53255759251682422,0.46483113715032398,-0.24795690110039137,0.29136569308697985,0.48117655911309332,0.026704112775046879,-0.16536792191268501,0.49782033476038851,0.5373422065662411,0.26955423514336463,-0.4128649553409881,0.43599596766578824,0.51547751999999991,0.63748820914975113,-0.45561089039262076,-0.26162231395918484,0.23107537724137026,0.49549872839616643,-0.060310937666354654,1.0,0.38598271139269313,-0.07769956335589219,-0.13720258721224618,0.58359830583348615,0.0050202694362182368,0.13339742284892914,-0.32979421935183323,0.26487316827485285
0.44170893922397447,0.43369974311949955,-0.463093779649983,0.30737165400458383,-0.046323451542579677,0.44193786436783133,0.22025493641693494,-0.29496325892619957,0.40759604447459608,0.10117122040866645,0.20150846134395273,-0.20276741020225397,0.30685337245005201,-0.13916208160094731,0.68609707092713468,0.76462817957486562,0.2651357118631969,0.10991436424970558,0.61544704276515483,0.49129197255034901,-0.11276386222220405,-0.0959754764217019,0.40823104416880013,0.67136814,-0.040906073776005067,-0.55061812404275368,-0.78215556915119411,-0.45653789129129274,0.67397524658000318,-0.2970637115398988,0.38598271139269313,1.0,-0.47420880279055594,-0.16366193264575121,0.37121259454677941,0.48253675083545017,0.18020425529689418,0.47670259521010311,-0.4249420487880578
-0.60040026204971852,-0.68383342755541976,0.71135774025260368,0.086284997363423613,0.12710845312006508,-0.53719479262627412,0.031846450454847658,0.18702113547355559,-0.5255435468696884,-0.3206576686564459,-0.66464864833767334,0.26963477540967179,-0.24787224227212115,-0.44786975663844547,-0.83080943353435932,-0.77707300914353938,-0.55581782173551153,0.23032112647810835,-0.68444816286701993,-0.43172320696380606,0.4333402544096554,0.2663639405599309,-0.39807265053870977,-0.67124835999999999,0.59685127342997124,0.54979294845489013,0.58202430493494406,0.14794505207214226,-0.66964003631534985,0.43933211438468511,-0.07769956335589219,-0.47420880279055594,1.0,0.6595252083810037,0.46424137274267885,-0.39648691011359632,-0.26921552183048747,-0.78264401795200889,0.10064172522279138
-0.75091734907597385,-0.68050581556461864,0.74395135162507298,0.67629881457160002,0.49375492408674532,-0.66944507058916947,0.68294464701090107,0.438502375447058,0.052179710369520647,-0.29643584812311363,-0.39750949577322808,0.59509630303780825,-0.55640000738687845,-0.10279192095876713,-0.73085420406224422,-0.371815039192819,-0.18161970705486358,-0.25919036418021257,-0.58149839208386223,-0.28033275194104423,0.45539374096813562,0.052946207574692594,-0.43335302185576452,-0.49390747999999995,0.1711555259355792,0.38997672541959627,0.49642092490733014,0.09382074043198789,-0.54536276836105568,-0.038291773914156321,-0.13720258721224618,-0.16366193264575121,0.6595252083810037,1.0,0.46651366462521826,0.23691905356971735,-0.78628422671129261,-0.548325114110089,-0.12530043965430615
-0.33808722282522041,-0.19811537268847082,0.27436884371794551,0.50601721002137079,0.41972633383166585,-0.041167442762389518,0.21611179774648301,0.12019208445308441,0.07810656295554802,-0.21739958086862735,-0.34396579133256167,-0.12503244159888602,0.15027469310444153,-0.44824339004315417,-0.236711461791178,0.052059611195653825,-0.15500886161152838,-0.012387991863227282,-0.044097618413520251,0.11619370144091477,0.2921060959696386,-0.0075492232016705074,0.16966378917224156,0.023674020000000073,0.70629545793272452,0.010355104365692999,-0.15291014747783715,-0.075048474594226214,0.0021150578939741803,0.083455790816925737,0.58359830583348615,0.37121259454677941,0.46424137274267885,0.46651366462521826,1.0,-0.054837737061535517,-0.17400117901705042,-0.52253830579576954,0.136028856621773
0.081168111416889635,0.25501981039191163,-0.13772987275446852,0.44263177395856351,0.36365794537026847,-0.24820505615261312,0.60304761871816737,0.30601443738785794,0.67875871068854576,-0.27347475660887655,0.4906639234316329,0.073024841211184355,-0.24744550938209225,0.0089308496190144901,0.34045281316942244,0.59413991447352255,0.26845773255544658,-0.082665389754590368,0.37226096666203728,0.48537195711877706,0.13819883934649982,-0.43107719979805492,0.092753310267196534,0.45453150000000009,-0.44885926531320797,-0.46578898431318611,-0.34577789148193599,0.010685379872904176,0.41389839886744229,-0.555850461572031,0.0050202694362182368,0.48253675083545017,-0.39648691011359632,0.23691905356971735,-0.054837737061535517,1.0,-0.54630139472103201,0.38237868274565889,-0.36112038411275665
0.69632935714969779,0.41680289921903146,-0.55054647384955457,-0.68340339648900073,-0.732840642765901,0.78473173218801029,-0.77465561344611578,-0.71186034677860799,-0.45668144491144164,0.45379157947230742,-0.068784805921476608,-0.42586020289318438,0.52044636668924682,-0.17278697807637394,0.47089988693897811,0.080046436830454662,-0.08710551396218992,0.31087441980402986,0.35072143420404822,0.033486558467387503,-0.43240009822670783,0.29517787743498469,0.39134165412078004,0.25976438000000002,0.073532080706193881,-0.18035206247773233,-0.39297078251464046,-0.33311058226978574,0.33335704350317036,0.31173287850369558,0.13339742284892914,0.18020425529689418,-0.26921552183048747,-0.78628422671129261,-0.17400117901705042,-0.54630139472103201,1.0,0.34881587503165906,-0.077004098336411031
0.68453303122726217,0.37141849923139214,-0.41862673184080257,-0.12947709336314089,-0.43211809075772367,0.40373988890583101,0.083074253092642047,-0.58493299773428842,0.064413422803404619,0.567963488017174,0.25153715188301218,-0.061641246992558463,0.093681927481668981,0.13071005950137871,0.66779160970361817,0.46148400283570123,0.16114548436894793,0.15460286778271487,0.39161908696148606,0.10361632650900403,-0.56429856648162258,0.20189340775626619,0.25442714430791791,0.37858082000000004,-0.79533350816879778,-0.24046510623814848,-0.67103905149306065,-0.58581392610491256,0.41398997000812809,-0.10066442321906574,-0.32979421935183323,0.47670259521010311,-0.78264401795200889,-0.548325114110089,-0.52253830579576954,0.38237868274565889,0.34881587503165906,1.0,-0.39944989001457082
-0.26571217804431885,0.015017721274473764,0.10402779395789111,-0.031928069515175128,0.35079435151871274,-0.091244497370771477,-0.19234691458980574,0.31765800049569554,0.083356292394342932,-0.099436493456165564,0.11068583302961561,-0.46188324815760279,0.38747062051707953,0.11303152750910211,-0.22558500615193844,-0.12577272414833068,0.13420397781447382,-0.22159740090253754,-0.076817100342210537,-0.008899283789191411,-0.19025369546968524,-0.21701019416349909,0.064098503940411528,-0.10338566000000005,0.30238301430293474,0.12470534604357933,0.10293957972375453,0.43298010966738093,-0.1258251047523605,0.070102291329688815,0.26487316827485285,-0.4249420487880578,0.10064172522279138,-0.12530043965430615,0.136028856621773,-0.36112038411275665,-0.077004098336411031,-0.39944989001457082,1.0
