1.000000000000000000e+00,-1.919928931416074180e-01,-1.666165336600036184e-01,4.763878306234942128e-02,3.045603627159154669e-01,3.844816618694401056e-01,-1.657463354720301041e-01,2.982531866906617535e-01,1.905870990597176573e-01,7.183226372626372314e-02,4.551489268084642492e-01,1.225234244686504853e-01,-1.125868527240147382e-01,-3.070940941815115122e-01,-8.747969856032006275e-02,4.706343864286332002e-01,2.807150896338227453e-01,1.120429709229447540e-01,2.538694859906420742e-01,-4.455888572294763317e-01,1.249473312584922641e-01,5.920685122738245099e-01,-5.725679333666316290e-02,6.597096498768967310e-02,9.141859266842698728e-02,3.077673124201164012e-01,-2.948127510127510065e-01,5.246570382701192248e-01,2.663995087995640332e-01,-2.050769132405180495e-01,-6.398620538396952717e-02,-4.219393826162619043e-01,-1.844072959421533819e-01,3.886331132145748324e-01,6.063809053065026822e-01,-1.540633595722037397e-01,1.760516031948062832e-01,1.781544200000000355e-01,8.092320005715697429e-02
-1.919928931416074180e-01,1.000000000000000000e+00,3.105516264560037598e-01,1.625787744767311083e-01,-6.685311406215532770e-02,4.864375476678899357e-01,2.096558948542298073e-01,-1.213851835970782417e-01,3.104330814978501496e-01,-2.526375932263316137e-01,-1.491792754625663187e-01,1.580466000416128614e-01,5.124330133901402462e-01,-5.243715197394831495e-01,3.717066118936729335e-01,-5.318992397217631174e-01,-3.056575841844791919e-01,-4.808072904702276329e-01,1.362214875409133163e-01,7.076059275991913866e-01,4.739871927719332967e-01,1.109126712747461330e-01,-7.283163782203759540e-02,4.567264703321075731e-02,-1.597125691893369268e-02,1.742909022630966531e-01,4.009832806432210850e-01,-2.662466449799935631e-02,-4.674266651345675427e-01,1.690326899453304665e-01,6.586025461859371100e-02,1.961447613778470600e-01,-2.568617458915241625e-01,2.877717322392335797e-01,-3.413142115274718225e-01,2.781554913531765205e-01,-5.947150359701203204e-02,1.561776399999998954e-01,8.212354471022176305e-02
-1.666165336600036184e-01,3.105516264560037598e-01,1.000000000000000000e+00,1.423961766722519617e-01,-8.539474838694918191e-01,2.821358626104205139e-02,4.836638580728725989e-01,-8.312139895632034703e-01,4.278521537636887917e-01,4.320578533141364863e-01,-6.786021689753579667e-01,-5.904332237182320364e-01,5.773374120196609338e-01,1.039966739979024911e-02,2.019506564140350069e-01,-6.199456241382743649e-01,4.545853917521862075e-01,2.945502566129516442e-01,-3.871849258313743714e-01,3.403695010265364029e-01,4.891805238391871979e-01,-4.477739707770825861e-01,6.275313899235974713e-01,-4.912590195771622814e-01,-1.235932449687494467e-01,-6.593123961319838910e-01,-4.015336106033687291e-01,2.281034808092861563e-02,-4.710812608335724905e-01,2.418135382198814409e-01,-7.858169613938428277e-01,2.170524071762182372e-01,-6.507215667218855248e-01,-3.941151663457151955e-01,-7.231651676024591913e-02,1.736149729898690541e-01,-1.655737738000146730e-01,-5.193384999999999252e-01,5.531749928873808120e-02
4.763878306234942128e-02,1.625787744767311083e-01,1.423961766722519617e-01,1.000000000000000000e+00,1.653692979447778377e-01,1.395712000548172960e-01,3.367032701799513861e-01,-3.995454635444762870e-01,-4.289168018450675857e-02,-5.687606164900109729e-01,5.091062402385480024e-01,5.855594901765512894e-01,3.284534355696757529e-02,-6.669434382982183385e-01,1.201327999314064365e-01,7.566889346185934340e-02,4.550649819307429622e-01,2.647127175515863115e-02,6.276448217686397824e-01,1.163888842572364662e-01,3.602550085800633461e-02,1.381679176318821589e-01,-5.962607671677656596e-01,7.274297255566352094e-01,8.779789159970036172e-01,-6.988028870704282580e-02,2.594986574981052452e-01,6.034460597889333977e-01,3.395664780359595181e-01,-1.801721555538140507e-01,-1.583235411889857489e-02,-8.013191931618994790e-01,-3.938436112091799335e-01,5.804117300673174995e-01,5.031777592134818455e-01,8.086009924866457421e-01,-6.477851291502172426e-01,6.617842000000000446e-01,9.734832956282164496e-01
3.045603627159154669e-01,-6.685311406215532770e-02,-8.539474838694918191e-01,1.653692979447778377e-01,1.000000000000000000e+00,4.087643655105192009e-01,-5.586180056336178534e-01,8.186328598531791290e-01,-2.651484161347167912e-01,-6.887322267706483814e-01,8.181999514557612985e-01,8.350006379725012362e-01,-3.965373953473584345e-01,-3.258661779958660354e-01,-8.316453506126170181e-02,4.545606935988691921e-01,-4.778901042388671860e-01,-5.572979925176378968e-01,6.876358640670835465e-01,-8.983271643986474875e-02,-6.329402995633583162e-02,6.779691758050804262e-01,-7.996764606884960713e-01,6.960310871146748735e-01,2.836246169361809621e-01,8.181381069918918225e-01,5.709964298447401942e-01,2.715691520372541801e-01,3.123196174994605778e-01,-2.967566026984441371e-02,7.086729461775087557e-01,-4.281377915692757274e-01,4.548789917251493398e-01,7.412006526687389130e-01,2.136365161130027723e-01,1.195045883323130331e-01,-1.077732644009382276e-02,8.064291599999999782e-01,1.903972458136659052e-01
3.844816618694401056e-01,4.864375476678899357e-01,2.821358626104205139e-02,1.395712000548172960e-01,4.087643655105192009e-01,1.000000000000000000e+00,-4.892330367884366593e-01,3.563568547381092966e-01,2.984650180230186689e-01,-3.164620789513598598e-01,1.967294201183197866e-01,3.328327256892249508e-01,2.765512146500387902e-01,-3.682539398806617403e-01,-1.073069065633936447e-01,-2.634881772408979028e-01,-2.948710012598798058e-01,-6.306699133516323608e-01,3.694534051021237109e-01,2.762638379218259610e-01,7.983921533432477569e-01,4.689576823932985472e-01,-1.687047084347287895e-01,1.658442280878469066e-01,-1.043487597551650131e-01,4.792644794540383280e-01,3.440618915705810354e-01,4.081909403401752234e-01,-2.520313880028262066e-01,2.805818507852115840e-01,3.623730934622130390e-02,-1.455769816014561013e-01,1.034549171118875899e-02,5.216017407743813727e-01,2.183769608272153606e-01,6.861407492167860556e-02,-3.380456298042078256e-02,3.722950000000000426e-01,4.816154722766746721e-02
-1.657463354720301041e-01,2.096558948542298073e-01,4.836638580728725989e-01,3.367032701799513861e-01,-5.586180056336178534e-01,-4.892330367884366593e-01,1.000000000000000000e+00,-6.781190126771150517e-01,-1.087263090708645297e-01,2.767232131094252701e-01,-7.991489127221906852e-02,-2.559519790364612746e-01,2.656499695878254963e-01,-4.154528249328103273e-01,4.989892364190002261e-01,1.163033842987401811e-01,5.780367367918128885e-01,6.058843063191866607e-01,-2.095491213216194581e-01,8.945486162960883392e-02,-2.766889674253983911e-01,-6.952371564427523021e-02,1.601552645003393449e-01,-1.297401352377918204e-01,4.086646798291422300e-01,-4.060009550415877300e-01,-4.593801633617731750e-01,1.088584065989822575e-01,3.448954530151254055e-02,-3.549258135399386838e-01,-3.511642771972055543e-01,-1.833764222474979222e-01,-7.867211837551665310e-01,-1.450983587474437286e-02,2.845365191587413689e-02,2.883069736197199640e-01,6.967750858199450725e-02,-2.041827200000000397e-01,3.269513236468523099e-01
2.982531866906617535e-01,-1.213851835970782417e-01,-8.312139895632034703e-01,-3.995454635444762870e-01,8.186328598531791290e-01,3.563568547381092966e-01,-6.781190126771150517e-01,1.000000000000000000e+00,-2.504452079472314074e-01,-2.377451478477828894e-01,4.870821196111503326e-01,3.993133511821074788e-01,-4.387763939968963300e-01,5.030978958063588719e-02,-1.207525836692615179e-01,4.114800522307502373e-01,-6.565505908346230823e-01,-4.719106970680724267e-01,2.210501842651962090e-01,-1.918287831718759051e-01,-5.283172413124565849e-03,5.865645864953530353e-01,-3.438116295333745187e-01,1.719055784709587198e-01,-2.689436616120687296e-01,8.483675409581605820e-01,3.341045433340472659e-01,4.122212460891041402e-02,1.203357324448281473e-01,9.021762575649998339e-02,6.728472986794787891e-01,1.519249847609277504e-02,5.769132044255113057e-01,3.891129116370461438e-01,-6.406612962729856670e-03,-4.113198462319409554e-01,4.330828897354145335e-01,3.367671999999999333e-01,-3.963372923568011519e-01
1.905870990597176573e-01,3.104330814978501496e-01,4.278521537636887917e-01,-4.289168018450675857e-02,-2.651484161347167912e-01,2.984650180230186689e-01,-1.087263090708645297e-01,-2.504452079472314074e-01,1.000000000000000000e+00,-4.910810726088429834e-02,-3.672524924318144590e-01,-7.744091388974080892e-02,5.568246631112632183e-01,-4.860889463303504077e-02,8.429285323043175793e-02,-5.289728964084157159e-01,-3.336374807736118553e-02,-2.497447479550742588e-01,1.785788079529775363e-01,4.210696010434800129e-01,4.061761161450361812e-01,-1.476948473561925101e-01,1.853325868656948705e-01,-1.191216425698072290e-01,-2.039242596046754730e-01,-1.197737213207970136e-01,1.345063391219256110e-01,-2.109798081710684281e-01,-4.735960393490134535e-01,3.710743083436235379e-01,-2.366802244396599142e-01,2.915874963808017251e-01,-1.391920969892866955e-01,-1.298363704140259312e-01,-2.206839866210733581e-01,1.820688373246443226e-01,-1.397721011298921900e-01,-8.960703999999997116e-02,-2.787035039883711818e-02
7.183226372626372314e-02,-2.526375932263316137e-01,4.320578533141364863e-01,-5.687606164900109729e-01,-6.887322267706483814e-01,-3.164620789513598598e-01,2.767232131094252701e-01,-2.377451478477828894e-01,-4.910810726088429834e-02,1.000000000000000000e+00,-5.600812646320839638e-01,-9.447215387614334992e-01,-1.016333672595101656e-02,5.036696016162632850e-01,-1.083169762159220395e-01,6.480179601495686392e-02,3.896604139962735469e-01,7.024560043416681054e-01,-9.038163298511483479e-01,-4.285716256993600259e-01,-1.098247846218575186e-02,-3.120430930404352043e-01,9.231024287275211293e-01,-9.246933545941538046e-01,-6.001884417160316953e-01,-3.993277028868898459e-01,-8.230659287625849974e-01,-5.070941148924126840e-02,-4.169885195003297795e-02,-1.192245006787198414e-01,-4.597891556908698663e-01,3.774636257975925724e-01,-2.498189822036568086e-01,-6.723642563399598870e-01,5.351450408480427912e-02,-7.254616074787603175e-01,5.630411724445836263e-01,-9.285438400000000092e-01,-6.061809336618027011e-01
4.551489268084642492e-01,-1.491792754625663187e-01,-6.786021689753579667e-01,5.091062402385480024e-01,8.181999514557612985e-01,1.967294201183197866e-01,-7.991489127221906852e-02,4.870821196111503326e-01,-3.672524924318144590e-01,-5.600812646320839638e-01,1.000000000000000000e+00,7.909385829828952108e-01,-3.957557940978778666e-01,-6.065545543849160115e-01,8.235333269809907986e-03,7.435494001506504080e-01,5.408729496655406699e-02,-9.739609423985473580e-02,6.932261100229211159e-01,-3.142725853484372167e-01,-2.658701239674388095e-01,7.362429060642567968e-01,-8.080088714419166873e-01,7.574639661957676129e-01,6.525117517963423541e-01,6.230414070483407674e-01,2.481684008838736522e-01,5.998982581537581904e-01,6.143699310238455169e-01,-3.815726271518443680e-01,5.429965899815089037e-01,-8.219357690406403627e-01,2.945151848041283049e-02,8.482817147439157823e-01,5.766257650534508672e-01,2.820998679984753621e-01,-5.007818794761387249e-02,8.139374600000000015e-01,5.424942653350409705e-01
1.225234244686504853e-01,1.580466000416128614e-01,-5.904332237182320364e-01,5.855594901765512894e-01,8.350006379725012362e-01,3.328327256892249508e-01,-2.559519790364612746e-01,3.993133511821074788e-01,-7.744091388974080892e-02,-9.447215387614334992e-01,7.909385829828952108e-01,1.000000000000000000e+00,-1.592614619314227931e-01,-5.974154145391368242e-01,9.517163923623908617e-02,2.286535111194906433e-01,-3.050551401788897943e-01,-5.760279046284414450e-01,9.221156946661434040e-01,2.087698364450180366e-01,-7.130768555710724488e-02,5.190376251416357611e-01,-9.801282230300993881e-01,9.530783929500822316e-01,6.511110709953535913e-01,5.816602357544714552e-01,7.293715437595746920e-01,2.690162162518239253e-01,2.500218632614067960e-01,-2.543641877348656183e-02,5.869750649321671121e-01,-5.671048689016232602e-01,2.123280251633958282e-01,8.246638389982522410e-01,1.617753823118162071e-01,6.104867730264960102e-01,-3.983929403882148224e-01,9.894431400000001098e-01,6.170717107313162808e-01
-1.125868527240147382e-01,5.124330133901402462e-01,5.773374120196609338e-01,3.284534355696757529e-02,-3.965373953473584345e-01,2.765512146500387902e-01,2.656499695878254963e-01,-4.387763939968963300e-01,5.568246631112632183e-01,-1.016333672595101656e-02,-3.957557940978778666e-01,-1.592614619314227931e-01,1.000000000000000000e+00,-3.136737395634832670e-01,1.401866942103272839e-01,-5.354920586676643612e-01,1.675178739433381969e-02,-2.333890104632799500e-01,7.355760384536391694e-02,5.821949757003284098e-01,3.999869687097963311e-01,-1.275416160004675878e-03,1.893303494812454968e-01,-1.583182830038173394e-01,-2.301794706802497495e-02,-2.888669747962813172e-01,-1.032117033970287034e-01,-2.841793805166036302e-01,-5.892492899861540012e-01,6.470551013749138713e-02,-5.079683770114440389e-01,2.482047741041825684e-01,-4.428705563114833099e-01,-2.308838909240871345e-02,-3.005780618113282343e-01,3.298466195504459741e-01,-4.464183089180004393e-02,-1.178467399999999499e-01,5.333478903474231370e-02
-3.070940941815115122e-01,-5.243715197394831495e-01,1.039966739979024911e-02,-6.669434382982183385e-01,-3.258661779958660354e-01,-3.682539398806617403e-01,-4.154528249328103273e-01,5.030978958063588719e-02,-4.860889463303504077e-02,5.036696016162632850e-01,-6.065545543849160115e-01,-5.974154145391368242e-01,-3.136737395634832670e-01,1.000000000000000000e+00,-4.405761834003255051e-01,-2.056881947080062278e-01,-1.407421731968661605e-01,1.825121443802570076e-01,-6.463244644764318814e-01,-2.935778212473171833e-01,-1.227382863334557789e-01,-6.647883368026946682e-01,5.753924816122563124e-01,-5.653083955820217277e-01,-6.835675949410829899e-01,-3.462743053216053579e-01,-1.643646743368381014e-01,-4.904686942693211038e-01,-6.370533721713501907e-02,2.350038532746500930e-01,-1.184831724585178186e-01,6.085987856594414769e-01,5.631183424733108289e-01,-8.475371047665465341e-01,-2.824844250729744988e-01,-6.250142908469320524e-01,1.237706767482819187e-01,-6.609427199999999836e-01,-6.514891429442191129e-01
-8.747969856032006275e-02,3.717066118936729335e-01,2.019506564140350069e-01,1.201327999314064365e-01,-8.316453506126170181e-02,-1.073069065633936447e-01,4.989892364190002261e-01,-1.207525836692615179e-01,8.429285323043175793e-02,-1.083169762159220395e-01,8.235333269809907986e-03,9.517163923623908617e-02,1.401866942103272839e-01,-4.405761834003255051e-01,1.000000000000000000e+00,-9.982045591129248829e-02,-1.829283875785428781e-01,-7.921032652090408133e-02,1.267234342601891439e-01,5.877269979433116243e-01,1.505694493507679921e-01,3.210043196788970876e-01,-7.750951400333919161e-02,4.503441609620375402e-03,1.612676528421975453e-01,2.012356049222839560e-01,-1.792828259714789735e-02,-3.816688273427237821e-02,-5.267936101328379861e-01,4.305318208038904082e-01,-1.264828545443423373e-02,1.015240296534433845e-01,-5.954963702542809267e-01,2.980160768008389693e-01,-4.087794049642440863e-01,3.856120628407009310e-01,1.646364085600622029e-01,1.066467399999999621e-01,4.054094796803575651e-02
4.706343864286332002e-01,-5.318992397217631174e-01,-6.199456241382743649e-01,7.566889346185934340e-02,4.545606935988691921e-01,-2.634881772408979028e-01,1.163033842987401811e-01,4.114800522307502373e-01,-5.289728964084157159e-01,6.480179601495686392e-02,7.435494001506504080e-01,2.286535111194906433e-01,-5.354920586676643612e-01,-2.056881947080062278e-01,-9.982045591129248829e-02,1.000000000000000000e+00,3.052354679972381080e-01,4.526171401449482490e-01,1.311393225649037653e-01,-7.403087943334838439e-01,-5.917667295447336384e-01,5.370624047372374310e-01,-3.135732942349728214e-01,2.353303883865592028e-01,3.373128287842422357e-01,3.673401677689978051e-01,-3.142231866239171834e-01,4.399658289335301453e-01,7.493915135502676739e-01,-6.118488682281624236e-01,3.698902698001307887e-01,-6.025209742114333578e-01,-9.571915408165463518e-03,3.736782351536862556e-01,5.848274999328100243e-01,-2.204366981411240989e-01,3.569400637993260239e-01,2.411668600000000939e-01,1.426182312876682901e-01
2.807150896338227453e-01,-3.056575841844791919e-01,4.545853917521862075e-01,4.550649819307429622e-01,-4.778901042388671860e-01,-2.948710012598798058e-01,5.780367367918128885e-01,-6.565505908346230823e-01,-3.336374807736118553e-02,3.896604139962735469e-01,5.408729496655406699e-02,-3.050551401788897943e-01,1.675178739433381969e-02,-1.407421731968661605e-01,-1.829283875785428781e-01,3.052354679972381080e-01,1.000000000000000000e+00,8.245715143319427565e-01,-1.721561374116920562e-01,-5.147833055846324779e-01,-2.139790528790662394e-01,-1.818565236907725979e-01,2.351843809819253450e-01,-8.263659693401115280e-02,4.079671043543703912e-01,-5.726745993609263508e-01,-6.222814688704479957e-01,5.023606598833660897e-01,5.067104930187110723e-01,-5.412131683603551568e-01,-5.075130613002485358e-01,-5.397536628047030494e-01,-5.504995221484634271e-01,-1.223131499888503032e-01,6.911165078372569770e-01,9.837114282852425784e-02,-1.742245775185221890e-01,-2.117261400000000071e-01,4.773549665125117469e-01
1.120429709229447540e-01,-4.808072904702276329e-01,2.945502566129516442e-01,2.647127175515863115e-02,-5.572979925176378968e-01,-6.306699133516323608e-01,6.058843063191866607e-01,-4.719106970680724267e-01,-2.497447479550742588e-01,7.024560043416681054e-01,-9.739609423985473580e-02,-5.760279046284414450e-01,-2.333890104632799500e-01,1.825121443802570076e-01,-7.921032652090408133e-02,4.526171401449482490e-01,8.245715143319427565e-01,1.000000000000000000e+00,-5.379655784569176147e-01,-6.476549356922034484e-01,-4.488348051308002629e-01,-2.669131293923329151e-01,4.713974373764064363e-01,-4.055925020968215722e-01,8.127375653420192136e-02,-5.053477097184194688e-01,-7.876101805540861589e-01,2.576198763116492318e-01,4.762001817822649197e-01,-4.914726285572924569e-01,-3.460430991400619272e-01,-2.271398611385245514e-01,-4.134625482148441278e-01,-3.943824032853054939e-01,4.382001305972114680e-01,-2.841524941360361600e-01,2.046131347469755668e-01,-5.316333399999999543e-01,4.177005109635045788e-02
2.538694859906420742e-01,1.362214875409133163e-01,-3.871849258313743714e-01,6.276448217686397824e-01,6.876358640670835465e-01,3.694534051021237109e-01,-2.095491213216194581e-01,2.210501842651962090e-01,1.785788079529775363e-01,-9.038163298511483479e-01,6.932261100229211159e-01,9.221156946661434040e-01,7.355760384536391694e-02,-6.463244644764318814e-01,1.267234342601891439e-01,1.311393225649037653e-01,-1.721561374116920562e-01,-5.379655784569176147e-01,1.000000000000000000e+00,2.626302573957826070e-01,3.248524018175950878e-02,5.114512503560193490e-01,-8.880780119260057726e-01,9.059253540868162924e-01,6.558158202091635136e-01,4.336690062125886924e-01,5.774775756901109336e-01,2.521044737510262368e-01,1.283199211511660276e-01,3.534954042272912128e-02,3.983707120549231373e-01,-5.623788326427539008e-01,3.637411410163332581e-02,7.777745318772979477e-01,1.878113005673767988e-01,7.408585050371992997e-01,-4.998868559576424841e-01,9.365872200000000536e-01,6.777859816626033984e-01
-4.455888572294763317e-01,7.076059275991913866e-01,3.403695010265364029e-01,1.163888842572364662e-01,-8.983271643986474875e-02,2.762638379218259610e-01,8.945486162960883392e-02,-1.918287831718759051e-01,4.210696010434800129e-01,-4.285716256993600259e-01,-3.142725853484372167e-01,2.087698364450180366e-01,5.821949757003284098e-01,-2.935778212473171833e-01,5.877269979433116243e-01,-7.403087943334838439e-01,-5.147833055846324779e-01,-6.476549356922034484e-01,2.626302573957826070e-01,1.000000000000000000e+00,4.871203043801587418e-01,-1.856642987038925607e-02,-1.396305208060137082e-01,1.181995018026763961e-01,7.068859697263912660e-03,6.160421245745148489e-02,4.858237695464914241e-01,-3.750291238966682594e-01,-8.154564974830100788e-01,6.130694843880521994e-01,-8.705450100951801773e-02,3.876470037731965523e-01,-2.068303328742002734e-01,1.576687364376649636e-01,-6.925013364544473360e-01,5.393687586332216455e-01,-2.050854145061925815e-01,1.936749200000000837e-01,5.134891267721258812e-02
1.249473312584922641e-01,4.739871927719332967e-01,4.891805238391871979e-01,3.602550085800633461e-02,-6.329402995633583162e-02,7.983921533432477569e-01,-2.766889674253983911e-01,-5.283172413124565849e-03,4.061761161450361812e-01,-1.098247846218575186e-02,-2.658701239674388095e-01,-7.130768555710724488e-02,3.999869687097963311e-01,-1.227382863334557789e-01,1.505694493507679921e-01,-5.917667295447336384e-01,-2.139790528790662394e-01,-4.488348051308002629e-01,3.248524018175950878e-02,4.871203043801587418e-01,1.000000000000000000e+00,1.508738899846342463e-01,2.398937476168090943e-01,-2.054291580911913051e-01,-3.138451835442850890e-01,1.570198978781306987e-01,1.138692985898950571e-01,2.591617239064253897e-01,-6.178613988516931110e-01,6.442236355229342681e-01,-3.094787118977301854e-01,1.551561233946896490e-01,-2.518184557273760449e-01,1.625817640265686814e-01,-3.301695517404763108e-02,7.752027012561080177e-02,-2.879758225992919835e-02,-1.883701999999998211e-02,-1.213923684425733951e-01
5.920685122738245099e-01,1.109126712747461330e-01,-4.477739707770825861e-01,1.381679176318821589e-01,6.779691758050804262e-01,4.689576823932985472e-01,-6.952371564427523021e-02,5.865645864953530353e-01,-1.476948473561925101e-01,-3.120430930404352043e-01,7.362429060642567968e-01,5.190376251416357611e-01,-1.275416160004675878e-03,-6.647883368026946682e-01,3.210043196788970876e-01,5.370624047372374310e-01,-1.818565236907725979e-01,-2.669131293923329151e-01,5.114512503560193490e-01,-1.856642987038925607e-02,1.508738899846342463e-01,1.000000000000000000e+00,-4.735717923646622918e-01,3.486664782616749059e-01,2.698647853439140043e-01,7.576658898637430584e-01,1.195630160504746950e-02,4.569468432012506742e-01,6.057471706594814292e-02,-9.158952242147586076e-02,3.005512427816335319e-01,-4.582739444741061319e-01,-2.416589704718269394e-01,8.420408437563170478e-01,2.983061535661171160e-01,1.074682033033413225e-01,3.551218299951960367e-01,5.589959399999999690e-01,1.264419224028481836e-01
-5.725679333666316290e-02,-7.283163782203759540e-02,6.275313899235974713e-01,-5.962607671677656596e-01,-7.996764606884960713e-01,-1.687047084347287895e-01,1.601552645003393449e-01,-3.438116295333745187e-01,1.853325868656948705e-01,9.231024287275211293e-01,-8.080088714419166873e-01,-9.801282230300993881e-01,1.893303494812454968e-01,5.753924816122563124e-01,-7.750951400333919161e-02,-3.135732942349728214e-01,2.351843809819253450e-01,4.713974373764064363e-01,-8.880780119260057726e-01,-1.396305208060137082e-01,2.398937476168090943e-01,-4.735717923646622918e-01,1.000000000000000000e+00,-9.717202053959540509e-01,-7.248491235851227676e-01,-4.981880541395124484e-01,-6.701146756090174961e-01,-2.156220249271345868e-01,-3.399435862670685538e-01,1.512534749223561903e-01,-5.790526676577276710e-01,5.945950585831615287e-01,-2.134729386260363626e-01,-7.769245042088187558e-01,-1.617480326800328216e-01,-6.206071786488113196e-01,4.073886154172952634e-01,-9.687245799999999463e-01,-6.544397621264274045e-01
6.597096498768967310e-02,4.567264703321075731e-02,-4.912590195771622814e-01,7.274297255566352094e-01,6.960310871146748735e-01,1.658442280878469066e-01,-1.297401352377918204e-01,1.719055784709587198e-01,-1.191216425698072290e-01,-9.246933545941538046e-01,7.574639661957676129e-01,9.530783929500822316e-01,-1.583182830038173394e-01,-5.653083955820217277e-01,4.503441609620375402e-03,2.353303883865592028e-01,-8.263659693401115280e-02,-4.055925020968215722e-01,9.059253540868162924e-01,1.181995018026763961e-01,-2.054291580911913051e-01,3.486664782616749059e-01,-9.717202053959540509e-01,1.000000000000000000e+00,7.993491499486536922e-01,3.340133623045589140e-01,6.467358526399732410e-01,2.773814812450542955e-01,3.805654941174704264e-01,-1.601946030232319351e-01,4.631573053210917834e-01,-6.642449062974987717e-01,1.644159158883015115e-01,7.212952340351411751e-01,2.561985316570100091e-01,7.149197846268915413e-01,-5.779353971326691708e-01,9.583969999999999434e-01,7.852375513644600513e-01
9.141859266842698728e-02,-1.597125691893369268e-02,-1.235932449687494467e-01,8.779789159970036172e-01,2.836246169361809621e-01,-1.043487597551650131e-01,4.086646798291422300e-01,-2.689436616120687296e-01,-2.039242596046754730e-01,-6.001884417160316953e-01,6.525117517963423541e-01,6.511110709953535913e-01,-2.301794706802497495e-02,-6.835675949410829899e-01,1.612676528421975453e-01,3.373128287842422357e-01,4.079671043543703912e-01,8.127375653420192136e-02,6.558158202091635136e-01,7.068859697263912660e-03,-3.138451835442850890e-01,2.698647853439140043e-01,-7.248491235851227676e-01,7.993491499486536922e-01,1.000000000000000000e+00,-4.062237789935815857e-02,1.980686574219563678e-01,4.181058691438048203e-01,4.420747065666358888e-01,-4.010958876784460059e-01,3.883164216966319970e-02,-8.048016859480630059e-01,-3.221661214353312985e-01,6.133037997442297717e-01,4.228170428644467682e-01,7.571230253583253189e-01,-4.819137015527610313e-01,7.095778399999999042e-01,9.290896032094103640e-01
3.077673124201164012e-01,1.742909022630966531e-01,-6.593123961319838910e-01,-6.988028870704282580e-02,8.181381069918918225e-01,4.792644794540383280e-01,-4.060009550415877300e-01,8.483675409581605820e-01,-1.197737213207970136e-01,-3.993277028868898459e-01,6.230414070483407674e-01,5.816602357544714552e-01,-2.888669747962813172e-01,-3.462743053216053579e-01,2.012356049222839560e-01,3.673401677689978051e-01,-5.726745993609263508e-01,-5.053477097184194688e-01,4.336690062125886924e-01,6.160421245745148489e-02,1.570198978781306987e-01,7.576658898637430584e-01,-4.981880541395124484e-01,3.340133623045589140e-01,-4.062237789935815857e-02,1.000000000000000000e+00,4.169369334853230691e-01,2.746868945866909884e-01,3.218807442553035802e-02,1.774227425632995958e-01,6.904950321152961701e-01,-1.861578253437749519e-01,2.201942573184436092e-01,6.872241520486142008e-01,4.032511834146420421e-02,-8.632776998810628988e-02,3.455948136441741037e-01,5.419871000000000549e-01,-1.197906102488536934e-01
-2.948127510127510065e-01,4.009832806432210850e-01,-4.015336106033687291e-01,2.594986574981052452e-01,5.709964298447401942e-01,3.440618915705810354e-01,-4.593801633617731750e-01,3.341045433340472659e-01,1.345063391219256110e-01,-8.230659287625849974e-01,2.481684008838736522e-01,7.293715437595746920e-01,-1.032117033970287034e-01,-1.643646743368381014e-01,-1.792828259714789735e-02,-3.142231866239171834e-01,-6.222814688704479957e-01,-7.876101805540861589e-01,5.774775756901109336e-01,4.858237695464914241e-01,1.138692985898950571e-01,1.195630160504746950e-02,-6.701146756090174961e-01,6.467358526399732410e-01,1.980686574219563678e-01,4.169369334853230691e-01,1.000000000000000000e+00,-1.359570620451109879e-01,-7.555198891478370760e-02,2.927843247672831106e-01,5.624869734633087814e-01,-2.086346145526311695e-03,5.367227177373624647e-01,3.735221628565499885e-01,-2.919078014117247322e-01,3.812294249559606829e-01,-4.173641142112938240e-01,6.581966599999999890e-01,2.518745221057955286e-01
5.246570382701192248e-01,-2.662466449799935631e-02,2.281034808092861563e-02,6.034460597889333977e-01,2.715691520372541801e-01,4.081909403401752234e-01,1.088584065989822575e-01,4.122212460891041402e-02,-2.109798081710684281e-01,-5.070941148924126840e-02,5.998982581537581904e-01,2.690162162518239253e-01,-2.841793805166036302e-01,-4.904686942693211038e-01,-3.816688273427237821e-02,4.399658289335301453e-01,5.023606598833660897e-01,2.576198763116492318e-01,2.521044737510262368e-01,-3.750291238966682594e-01,2.591617239064253897e-01,4.569468432012506742e-01,-2.156220249271345868e-01,2.773814812450542955e-01,4.181058691438048203e-01,2.746868945866909884e-01,-1.359570620451109879e-01,1.000000000000000000e+00,4.885406084925846826e-01,-2.044956654542534613e-01,3.045424790120201952e-02,-8.178197234968044294e-01,-3.902972757768656820e-01,5.845454958992860606e-01,8.674684165681969539e-01,1.247121117505224919e-01,-5.823697090464066695e-02,3.603368799999999705e-01,5.011597128614186936e-01
2.663995087995640332e-01,-4.674266651345675427e-01,-4.710812608335724905e-01,3.395664780359595181e-01,3.123196174994605778e-01,-2.520313880028262066e-01,3.448954530151254055e-02,1.203357324448281473e-01,-4.735960393490134535e-01,-4.169885195003297795e-02,6.143699310238455169e-01,2.500218632614067960e-01,-5.892492899861540012e-01,-6.370533721713501907e-02,-5.267936101328379861e-01,7.493915135502676739e-01,5.067104930187110723e-01,4.762001817822649197e-01,1.283199211511660276e-01,-8.154564974830100788e-01,-6.178613988516931110e-01,6.057471706594814292e-02,-3.399435862670685538e-01,3.805654941174704264e-01,4.420747065666358888e-01,3.218807442553035802e-02,-7.555198891478370760e-02,4.885406084925846826e-01,1.000000000000000000e+00,-7.538567101015599681e-01,3.424160311714860017e-01,-6.902071975983491425e-01,2.227325507029722651e-01,1.738097578732013260e-01,7.399871396564328130e-01,-1.148838850899696895e-01,-1.253731211643939747e-01,2.590722199999999642e-01,4.158490542028016046e-01
-2.050769132405180495e-01,1.690326899453304665e-01,2.418135382198814409e-01,-1.801721555538140507e-01,-2.967566026984441371e-02,2.805818507852115840e-01,-3.549258135399386838e-01,9.021762575649998339e-02,3.710743083436235379e-01,-1.192245006787198414e-01,-3.815726271518443680e-01,-2.543641877348656183e-02,6.470551013749138713e-02,2.350038532746500930e-01,4.305318208038904082e-01,-6.118488682281624236e-01,-5.412131683603551568e-01,-4.914726285572924569e-01,3.534954042272912128e-02,6.130694843880521994e-01,6.442236355229342681e-01,-9.158952242147586076e-02,1.512534749223561903e-01,-1.601946030232319351e-01,-4.010958876784460059e-01,1.774227425632995958e-01,2.927843247672831106e-01,-2.044956654542534613e-01,-7.538567101015599681e-01,1.000000000000000000e+00,-3.646884744234862169e-02,4.677461553089756752e-01,2.615919362591367925e-02,-8.606318949672578378e-02,-5.133253843961581575e-01,1.294079409439631290e-01,-7.335806084119049497e-02,-5.018387999999995852e-02,-3.082554243607228961e-01
-6.398620538396952717e-02,6.586025461859371100e-02,-7.858169613938428277e-01,-1.583235411889857489e-02,7.086729461775087557e-01,3.623730934622130390e-02,-3.511642771972055543e-01,6.728472986794787891e-01,-2.366802244396599142e-01,-4.597891556908698663e-01,5.429965899815089037e-01,5.869750649321671121e-01,-5.079683770114440389e-01,-1.184831724585178186e-01,-1.264828545443423373e-02,3.698902698001307887e-01,-5.075130613002485358e-01,-3.460430991400619272e-01,3.983707120549231373e-01,-8.705450100951801773e-02,-3.094787118977301854e-01,3.005512427816335319e-01,-5.790526676577276710e-01,4.631573053210917834e-01,3.883164216966319970e-02,6.904950321152961701e-01,5.624869734633087814e-01,3.045424790120201952e-02,3.424160311714860017e-01,-3.646884744234862169e-02,1.000000000000000000e+00,-1.265666693124977982e-01,5.314193541517190367e-01,3.822358427170410300e-01,-5.844589109833829565e-02,-3.181893005337278063e-02,4.244548937997297960e-02,4.998839200000000371e-01,-2.843837701497764492e-03
-4.219393826162619043e-01,1.961447613778470600e-01,2.170524071762182372e-01,-8.013191931618994790e-01,-4.281377915692757274e-01,-1.455769816014561013e-01,-1.833764222474979222e-01,1.519249847609277504e-02,2.915874963808017251e-01,3.774636257975925724e-01,-8.219357690406403627e-01,-5.671048689016232602e-01,2.482047741041825684e-01,6.085987856594414769e-01,1.015240296534433845e-01,-6.025209742114333578e-01,-5.397536628047030494e-01,-2.271398611385245514e-01,-5.623788326427539008e-01,3.876470037731965523e-01,1.551561233946896490e-01,-4.582739444741061319e-01,5.945950585831615287e-01,-6.642449062974987717e-01,-8.048016859480630059e-01,-1.861578253437749519e-01,-2.086346145526311695e-03,-8.178197234968044294e-01,-6.902071975983491425e-01,4.677461553089756752e-01,-1.265666693124977982e-01,1.000000000000000000e+00,2.784046677138490855e-01,-6.869979509768534554e-01,-8.414295714985199348e-01,-4.301675021812460531e-01,2.920445620362784322e-01,-6.468799400000000421e-01,-8.067277628180417048e-01
-1.844072959421533819e-01,-2.568617458915241625e-01,-6.507215667218855248e-01,-3.938436112091799335e-01,4.548789917251493398e-01,1.034549171118875899e-02,-7.867211837551665310e-01,5.769132044255113057e-01,-1.391920969892866955e-01,-2.498189822036568086e-01,2.945151848041283049e-02,2.123280251633958282e-01,-4.428705563114833099e-01,5.631183424733108289e-01,-5.954963702542809267e-01,-9.571915408165463518e-03,-5.504995221484634271e-01,-4.134625482148441278e-01,3.637411410163332581e-02,-2.068303328742002734e-01,-2.518184557273760449e-01,-2.416589704718269394e-01,-2.134729386260363626e-01,1.644159158883015115e-01,-3.221661214353312985e-01,2.201942573184436092e-01,5.367227177373624647e-01,-3.902972757768656820e-01,2.227325507029722651e-01,2.615919362591367925e-02,5.314193541517190367e-01,2.784046677138490855e-01,1.000000000000000000e+00,-2.181183390054453330e-01,-1.989476284731285238e-01,-3.617019852717953676e-01,-9.581965190722309400e-02,1.102017200000000585e-01,-3.195512445838857851e-01
3.886331132145748324e-01,2.877717322392335797e-01,-3.941151663457151955e-01,5.804117300673174995e-01,7.412006526687389130e-01,5.216017407743813727e-01,-1.450983587474437286e-02,3.891129116370461438e-01,-1.298363704140259312e-01,-6.723642563399598870e-01,8.482817147439157823e-01,8.246638389982522410e-01,-2.308838909240871345e-02,-8.475371047665465341e-01,2.980160768008389693e-01,3.736782351536862556e-01,-1.223131499888503032e-01,-3.943824032853054939e-01,7.777745318772979477e-01,1.576687364376649636e-01,1.625817640265686814e-01,8.420408437563170478e-01,-7.769245042088187558e-01,7.212952340351411751e-01,6.133037997442297717e-01,6.872241520486142008e-01,3.735221628565499885e-01,5.845454958992860606e-01,1.738097578732013260e-01,-8.606318949672578378e-02,3.822358427170410300e-01,-6.869979509768534554e-01,-2.181183390054453330e-01,1.000000000000000000e+00,3.653138192471412915e-01,4.894447518062716718e-01,-6.398050445283359755e-02,8.670540200000000919e-01,5.496615863492493315e-01
6.063809053065026822e-01,-3.413142115274718225e-01,-7.231651676024591913e-02,5.031777592134818455e-01,2.136365161130027723e-01,2.183769608272153606e-01,2.845365191587413689e-02,-6.406612962729856670e-03,-2.206839866210733581e-01,5.351450408480427912e-02,5.766257650534508672e-01,1.617753823118162071e-01,-3.005780618113282343e-01,-2.824844250729744988e-01,-4.087794049642440863e-01,5.848274999328100243e-01,6.911165078372569770e-01,4.382001305972114680e-01,1.878113005673767988e-01,-6.925013364544473360e-01,-3.301695517404763108e-02,2.983061535661171160e-01,-1.617480326800328216e-01,2.561985316570100091e-01,4.228170428644467682e-01,4.032511834146420421e-02,-2.919078014117247322e-01,8.674684165681969539e-01,7.399871396564328130e-01,-5.133253843961581575e-01,-5.844589109833829565e-02,-8.414295714985199348e-01,-1.989476284731285238e-01,3.653138192471412915e-01,1.000000000000000000e+00,-9.291495723974403306e-03,-1.106358373769308207e-01,2.496211800000001091e-01,4.959687479198864324e-01
-1.540633595722037397e-01,2.781554913531765205e-01,1.736149729898690541e-01,8.086009924866457421e-01,1.195045883323130331e-01,6.861407492167860556e-02,2.883069736197199640e-01,-4.113198462319409554e-01,1.820688373246443226e-01,-7.254616074787603175e-01,2.820998679984753621e-01,6.104867730264960102e-01,3.298466195504459741e-01,-6.250142908469320524e-01,3.856120628407009310e-01,-2.204366981411240989e-01,9.837114282852425784e-02,-2.841524941360361600e-01,7.408585050371992997e-01,5.393687586332216455e-01,7.752027012561080177e-02,1.074682033033413225e-01,-6.206071786488113196e-01,7.149197846268915413e-01,7.571230253583253189e-01,-8.632776998810628988e-02,3.812294249559606829e-01,1.247121117505224919e-01,-1.148838850899696895e-01,1.294079409439631290e-01,-3.181893005337278063e-02,-4.301675021812460531e-01,-3.617019852717953676e-01,4.894447518062716718e-01,-9.291495723974403306e-03,1.000000000000000000e+00,-7.035633539959276206e-01,6.576956400000000258e-01,8.192225319842434406e-01
1.760516031948062832e-01,-5.947150359701203204e-02,-1.655737738000146730e-01,-6.477851291502172426e-01,-1.077732644009382276e-02,-3.380456298042078256e-02,6.967750858199450725e-02,4.330828897354145335e-01,-1.397721011298921900e-01,5.630411724445836263e-01,-5.007818794761387249e-02,-3.983929403882148224e-01,-4.464183089180004393e-02,1.237706767482819187e-01,1.646364085600622029e-01,3.569400637993260239e-01,-1.742245775185221890e-01,2.046131347469755668e-01,-4.998868559576424841e-01,-2.050854145061925815e-01,-2.879758225992919835e-02,3.551218299951960367e-01,4.073886154172952634e-01,-5.779353971326691708e-01,-4.819137015527610313e-01,3.455948136441741037e-01,-4.173641142112938240e-01,-5.823697090464066695e-02,-1.253731211643939747e-01,-7.335806084119049497e-02,4.244548937997297960e-02,2.920445620362784322e-01,-9.581965190722309400e-02,-6.398050445283359755e-02,-1.106358373769308207e-01,-7.035633539959276206e-01,1.000000000000000000e+00,-4.244025200000000053e-01,-6.861394117635060130e-01
1.781544200000000355e-01,1.561776399999998954e-01,-5.193384999999999252e-01,6.617842000000000446e-01,8.064291599999999782e-01,3.722950000000000426e-01,-2.041827200000000397e-01,3.367671999999999333e-01,-8.960703999999997116e-02,-9.285438400000000092e-01,8.139374600000000015e-01,9.894431400000001098e-01,-1.178467399999999499e-01,-6.609427199999999836e-01,1.066467399999999621e-01,2.411668600000000939e-01,-2.117261400000000071e-01,-5.316333399999999543e-01,9.365872200000000536e-01,1.936749200000000837e-01,-1.883701999999998211e-02,5.589959399999999690e-01,-9.687245799999999463e-01,9.583969999999999434e-01,7.095778399999999042e-01,5.419871000000000549e-01,6.581966599999999890e-01,3.603368799999999705e-01,2.590722199999999642e-01,-5.018387999999995852e-02,4.998839200000000371e-01,-6.468799400000000421e-01,1.102017200000000585e-01,8.670540200000000919e-01,2.496211800000001091e-01,6.576956400000000258e-01,-4.244025200000000053e-01,1.000000000000000000e+00,6.859388200000000602e-01
8.092320005715697429e-02,8.212354471022176305e-02,5.531749928873808120e-02,9.734832956282164496e-01,1.903972458136659052e-01,4.816154722766746721e-02,3.269513236468523099e-01,-3.963372923568011519e-01,-2.787035039883711818e-02,-6.061809336618027011e-01,5.424942653350409705e-01,6.170717107313162808e-01,5.333478903474231370e-02,-6.514891429442191129e-01,4.054094796803575651e-02,1.426182312876682901e-01,4.773549665125117469e-01,4.177005109635045788e-02,6.777859816626033984e-01,5.134891267721258812e-02,-1.213923684425733951e-01,1.264419224028481836e-01,-6.544397621264274045e-01,7.852375513644600513e-01,9.290896032094103640e-01,-1.197906102488536934e-01,2.518745221057955286e-01,5.011597128614186936e-01,4.158490542028016046e-01,-3.082554243607228961e-01,-2.843837701497764492e-03,-8.067277628180417048e-01,-3.195512445838857851e-01,5.496615863492493315e-01,4.959687479198864324e-01,8.192225319842434406e-01,-6.861394117635060130e-01,6.859388200000000602e-01,1.000000000000000000e+00
