1.000000000000000000e+00,-3.020859184231501349e-01,-2.677688850284046795e-01,-4.534612949716409491e-01,1.214201685628653049e-01,3.609207321077252395e-01,1.687247697710104466e-01,-4.331751252216205911e-02,1.735213563932721248e-01,3.531055616199493818e-01,-7.870940053200649322e-02,6.468007022116503690e-02,-7.833471681280876342e-02,-1.804932405777714133e-01,2.277925222016147500e-01,-2.546029680968342479e-01,-8.531574975708770825e-02,-4.070215351278912985e-01,2.758465213660800663e-01,-1.830543412863163411e-01,1.218728600000000828e-01,-3.184205295434790195e-02,3.728497931738655301e-03,-5.925744605864898817e-01,2.660282243910147559e-01,-8.260473102036144932e-02,2.865724976286224135e-02,-3.992146719646533226e-01,1.338427900746609334e-01,9.770166443298955450e-02,1.079450193416735815e-01,-7.983621599272594516e-02,2.983553165805636898e-01,1.311254640538921379e-01,5.821795088356271908e-01,3.307524062976097828e-02,-6.798523960204098104e-01,3.746240239697822272e-01,4.783320901113566337e-01
-3.020859184231501349e-01,1.000000000000000000e+00,-2.465185994548800275e-01,1.131070171013196096e-01,-2.177353645321777609e-01,2.213478888357570118e-01,4.551960588103246552e-01,6.207800480578595792e-01,2.776510427712232110e-01,-1.090859546579760414e-03,-2.210257725285201258e-01,1.525616789695468101e-01,-3.261859794365260523e-01,-3.784512341294915538e-01,-4.801573587057179071e-01,-5.635403822811682062e-01,-1.799395240140692354e-01,3.593920279342805446e-01,1.717007276250417103e-01,-3.015220367599288909e-01,1.879508000000000845e-01,-2.337104984419529352e-01,-5.429409969324670154e-02,1.122378013252980783e-01,1.253952905627445935e-01,-3.770441785895903286e-02,-8.170949784049755249e-02,4.159154450541509007e-01,-3.235375013044684001e-01,-4.807300811391435058e-01,-2.970792933726599250e-01,-7.797855050590124515e-01,-4.745301657166336451e-01,-9.712651590740441904e-03,4.417423759808644657e-02,3.307331149147348937e-01,-4.158895229012360417e-02,-5.811430800958443665e-01,9.985989355606189610e-02
-2.677688850284046795e-01,-2.465185994548800275e-01,1.000000000000000000e+00,2.680702380976300869e-01,-6.015727076345349644e-01,-5.904603853241563449e-01,-4.778039023703805621e-01,-5.769707378517159313e-01,2.575060272540674045e-01,-5.650464945190434296e-01,2.766059609753385509e-02,1.745477247686217925e-01,5.127662294238430341e-03,6.589388137919078847e-01,9.861478093802772404e-02,7.438779526391708918e-02,5.227206249756413126e-01,-1.392439244663958298e-01,-4.100307420115131135e-02,-4.368743495109971703e-02,-6.526606799999999931e-01,-5.605586404208061646e-01,7.113210760185321169e-01,3.415310271838379874e-01,-2.434244211804316785e-02,-5.032019240970029283e-01,3.781914643265029685e-01,-1.823041145967052856e-01,3.514798484510248122e-01,6.041133184055436089e-01,-4.784052656826618399e-01,1.462097869230354341e-01,-5.007304692530593071e-01,-1.245473715651884694e-01,-1.916918736057380002e-01,4.258596557347392175e-01,1.706641197831842149e-01,4.101624532859095978e-02,-5.660923759776073094e-01
-4.534612949716409491e-01,1.131070171013196096e-01,2.680702380976300869e-01,1.000000000000000000e+00,-2.502232224782274805e-02,-4.545674208452555876e-01,-3.961330426300274654e-01,3.049380750675382071e-02,5.580440248324253227e-01,-9.721891378536481887e-02,-4.755339277133584508e-01,-1.246022279377809044e-01,2.653766337969259894e-03,1.414729990739231891e-01,4.784247255073355298e-02,-6.049872762706483970e-02,-1.924982240309363601e-01,7.307044574594784292e-01,-4.499512948168061799e-01,5.865367146090397221e-02,-5.677000000000043123e-03,1.777574983083516913e-01,-4.228332109372382602e-02,5.117124214619606093e-01,-1.982084433060459783e-01,-4.737697940501776617e-01,-2.331496248582847208e-01,-5.147149782222740777e-01,-4.785083296725712865e-01,-1.367232720449764183e-01,-3.839647472153197016e-01,-2.005508497049301453e-01,-4.172128085915458584e-01,4.457330595330445400e-01,-4.938599936144641989e-01,-1.854947217683038940e-01,2.667842905606337411e-01,-2.452812263833191800e-03,-5.486028016432077381e-01
1.214201685628653049e-01,-2.177353645321777609e-01,-6.015727076345349644e-01,-2.502232224782274805e-02,1.000000000000000000e+00,4.192648044693353393e-01,2.889533612518470074e-01,1.350171889678816184e-01,-1.828124276819152461e-01,7.450892587860464822e-01,-7.737510242732059673e-03,-4.060610582042096794e-01,5.138583172422214185e-01,-4.981148540144247350e-01,-2.937382700174617778e-02,4.192622485527341958e-01,-7.280259848962040703e-01,3.961306963300736950e-02,-3.973485764803162956e-01,4.049520276082950732e-01,8.144062400000000590e-01,9.504844597778275839e-01,-9.139013189724796149e-01,-2.906458029796575859e-01,6.027639928274625136e-02,6.561163091591027952e-01,-6.399756366426243570e-01,-1.355541603341986479e-01,-5.397096168019082096e-01,-6.269802792834284766e-01,7.520687329959564460e-01,2.355948871440566306e-01,8.457746212645951278e-01,5.512733320341820509e-01,-6.609753548705205040e-02,-9.503945127227120260e-01,1.606175683653701114e-01,1.926408902199761020e-02,2.719343923448953038e-01
3.609207321077252395e-01,2.213478888357570118e-01,-5.904603853241563449e-01,-4.545674208452555876e-01,4.192648044693353393e-01,1.000000000000000000e+00,8.952855052784188805e-01,6.607071818919105777e-01,-8.238657304087587674e-02,8.217038851169810032e-01,-4.003487528090245995e-01,-5.410147163608464149e-01,-3.053919184945234622e-01,-8.528842732601521481e-01,-6.606382914213277946e-01,-4.444020805042122046e-01,-7.004131858373465747e-01,-9.311427307977265810e-02,5.743030987595162395e-01,5.062174357108206041e-02,7.589128800000000119e-01,2.325141779063704950e-01,-4.293424638382091207e-01,-8.590032228013583238e-01,7.805961744513539857e-01,4.547934946995394467e-01,-6.606333630305469828e-01,1.283943596589986191e-01,-5.106213418989051789e-01,-6.610304551792979266e-01,1.583972384319944637e-01,-4.344446188181991242e-01,2.783098048157828797e-01,3.334749367225299799e-01,7.597546573414940552e-01,-1.673312515549787716e-01,-2.648103548431476328e-01,1.322252469011564735e-01,5.281979967999387293e-01
1.687247697710104466e-01,4.551960588103246552e-01,-4.778039023703805621e-01,-3.961330426300274654e-01,2.889533612518470074e-01,8.952855052784188805e-01,1.000000000000000000e+00,7.507333665860593808e-01,-3.963130803403085850e-02,6.910434380329688597e-01,-4.210142907965233050e-01,-5.409269687337526777e-01,-4.113022836191319587e-01,-9.002077925101066302e-01,-8.003226414042207137e-01,-5.041500938824134970e-01,-6.500373424863040706e-01,-3.216039685572033568e-04,6.145952839001223023e-01,1.954740623132744659e-01,7.264931599999999712e-01,8.604740691798862251e-02,-3.050212545354250016e-01,-6.765752065685103345e-01,7.220821486918077570e-01,5.390173289750871399e-01,-5.831190207497797262e-01,1.812345954161012629e-01,-5.273677663151079553e-01,-7.611716744158143477e-01,1.178505978471545840e-01,-5.293906798714225204e-01,1.029588483001427912e-01,1.886988903558288189e-01,5.965598530681012202e-01,-1.590932422878065314e-02,-2.120093669869507064e-03,-6.081821221057454735e-03,2.764634699219707947e-01
-4.331751252216205911e-02,6.207800480578595792e-01,-5.769707378517159313e-01,3.049380750675382071e-02,1.350171889678816184e-01,6.607071818919105777e-01,7.507333665860593808e-01,1.000000000000000000e+00,4.774312008696215276e-02,4.887265747151509632e-01,-5.670686753236801048e-01,-4.894082414127353675e-01,-6.260754249530189330e-01,-8.485258612086807872e-01,-7.248839763492023192e-01,-6.201920009706620718e-01,-5.923236570953892555e-01,5.042576934740458094e-01,5.189687118859327430e-01,1.592366365801693023e-02,6.002033200000000956e-01,9.412817036522631853e-02,-2.870376694890511282e-01,-3.333728584777375104e-01,4.849233203041778406e-01,2.382157016686740347e-01,-5.311655355767262998e-01,1.016953089954634737e-01,-6.219078345275749209e-01,-7.631898434890936889e-01,-1.331223075959745983e-01,-6.481675056279413427e-01,-2.019406799933110008e-01,1.142256239005223772e-01,3.378581328723959665e-01,4.583760501239923790e-02,3.195618631090518802e-02,8.992938611927592252e-02,1.543768323103955620e-01
1.735213563932721248e-01,2.776510427712232110e-01,2.575060272540674045e-01,5.580440248324253227e-01,-1.828124276819152461e-01,-8.238657304087587674e-02,-3.963130803403085850e-02,4.774312008696215276e-02,1.000000000000000000e+00,8.303260461229279576e-02,-5.024694686635738927e-01,1.196004370932401834e-01,-1.379262449745564945e-01,2.052736091569094465e-02,-7.277831169873920716e-03,-4.829727885193982329e-01,-1.925775382565508009e-01,2.662346963022910185e-01,-1.278774734752720632e-01,-1.781324009406521081e-01,2.476246000000004166e-02,-1.591784019662040028e-01,9.861077475010662785e-02,3.305902339142498259e-02,2.251657560801314517e-01,-5.733021786443228685e-01,-1.274651328906204750e-01,-5.649469328432608073e-01,-3.573470499117307186e-01,-1.004916510398439766e-01,-5.443042827972848219e-01,-6.169630092421960477e-01,-4.469121244459274833e-01,5.700949497918373909e-01,1.058497272386679788e-01,1.495029848176434584e-01,-2.946854758633252747e-01,-1.288872156817608694e-01,-1.753751775327759277e-01
3.531055616199493818e-01,-1.090859546579760414e-03,-5.650464945190434296e-01,-9.721891378536481887e-02,7.450892587860464822e-01,8.217038851169810032e-01,6.910434380329688597e-01,4.887265747151509632e-01,8.303260461229279576e-02,1.000000000000000000e+00,-5.112832722445157518e-01,-6.869791102127708049e-01,-2.197238921205778555e-03,-8.186038241968001117e-01,-4.863113294021237376e-01,-2.345083099940896143e-01,-9.369945987333595516e-01,1.196071760801424716e-01,1.868717847250397912e-01,2.192727247689850723e-01,9.344160599999999928e-01,6.045892979575788750e-01,-6.473649696223721106e-01,-7.691048386018289884e-01,6.562666497387787956e-01,4.349860294401278193e-01,-8.961922577393457434e-01,-2.699531921278752744e-01,-7.703478059611500450e-01,-7.602021669494885003e-01,2.827347841465658318e-01,-2.850909820311930409e-01,4.707726872357916315e-01,7.147118570764876555e-01,5.283604000305435200e-01,-5.849689268451697677e-01,-1.711886400044906054e-01,1.482907792953419290e-01,3.942613531452308639e-01
-7.870940053200649322e-02,-2.210257725285201258e-01,2.766059609753385509e-02,-4.755339277133584508e-01,-7.737510242732059673e-03,-4.003487528090245995e-01,-4.210142907965233050e-01,-5.670686753236801048e-01,-5.024694686635738927e-01,-5.112832722445157518e-01,1.000000000000000000e+00,6.594608347266315285e-01,5.821885875047158043e-01,5.699229780799356382e-01,5.877920817365318573e-01,7.159438889816953644e-01,6.255895051235447202e-01,-5.352124720141308023e-01,-4.180731493499407758e-01,-9.172770552631183405e-02,-4.459060999999999719e-01,1.263885948254391683e-02,-1.597029706123866133e-02,3.728674799433194242e-01,-6.307763201339808834e-01,2.740498418347178111e-01,6.662575672532297100e-01,5.756358091231968954e-01,7.539924242798548004e-01,5.098667586974172661e-01,4.827219370919665908e-01,6.440086730699500217e-01,4.268904664656369419e-01,-5.457081903283849122e-01,-3.880812609048686634e-01,-4.029548154839655144e-02,7.441423140849698359e-02,-3.636525967143238169e-01,2.272104329610057372e-01
6.468007022116503690e-02,1.525616789695468101e-01,1.745477247686217925e-01,-1.246022279377809044e-01,-4.060610582042096794e-01,-5.410147163608464149e-01,-5.409269687337526777e-01,-4.894082414127353675e-01,1.196004370932401834e-01,-6.869791102127708049e-01,6.594608347266315285e-01,1.000000000000000000e+00,2.957220278237798206e-01,6.640542183926266828e-01,6.837820026914456228e-01,2.049183345247175270e-01,7.163083695915869464e-01,-4.029540081881503588e-01,-4.037604588357001645e-01,-5.382154554063570684e-01,-6.512552400000000130e-01,-3.249426981264929570e-01,2.199915819351708768e-01,5.213592390845628310e-01,-6.240452416447215267e-01,-3.571372804267926027e-01,8.239114313241271415e-01,3.431244684342802942e-01,6.841207059852372208e-01,5.837938670098004046e-01,-5.204772653339476834e-02,6.800137624655748503e-02,-1.120980395722727951e-01,-4.049183415666130492e-01,-3.176407568839187401e-01,3.340906798228009400e-01,-2.902503642032174258e-01,-4.141192020997953582e-01,1.865508619913750776e-01
-7.833471681280876342e-02,-3.261859794365260523e-01,5.127662294238430341e-03,2.653766337969259894e-03,5.138583172422214185e-01,-3.053919184945234622e-01,-4.113022836191319587e-01,-6.260754249530189330e-01,-1.379262449745564945e-01,-2.197238921205778555e-03,5.821885875047158043e-01,2.957220278237798206e-01,1.000000000000000000e+00,3.842929505718983840e-01,4.844528412568940290e-01,7.720715347014797114e-01,2.952823592592561386e-02,-2.171294368329955982e-01,-8.001064636574459765e-01,1.027099891897430284e-01,4.305266000000007587e-02,5.201671256593902726e-01,-4.475109126541446658e-01,2.378569276804035626e-01,-4.461315929946143566e-01,2.624994809761155290e-01,5.885194629807103534e-02,9.510053025512800462e-02,1.336051525697163900e-01,1.260332179456554458e-01,6.176515846871654114e-01,5.639751581661309743e-01,6.475288594925422414e-01,2.428223897372880358e-01,-4.232407313688329453e-01,-6.279099469988116411e-01,4.015581512034409328e-02,-4.269380454273967729e-01,1.115797132551290538e-01
-1.804932405777714133e-01,-3.784512341294915538e-01,6.589388137919078847e-01,1.414729990739231891e-01,-4.981148540144247350e-01,-8.528842732601521481e-01,-9.002077925101066302e-01,-8.485258612086807872e-01,2.052736091569094465e-02,-8.186038241968001117e-01,5.699229780799356382e-01,6.640542183926266828e-01,3.842929505718983840e-01,1.000000000000000000e+00,7.072135095127007887e-01,4.591431438513244312e-01,8.343132601225062839e-01,-2.554965716521824248e-01,-4.514300868690715451e-01,-2.240627147959117216e-01,-8.793682600000000127e-01,-3.684177170727503947e-01,5.090901101996497813e-01,6.040721086836264853e-01,-6.013697684268997090e-01,-5.077554650030781103e-01,7.482016672840063887e-01,4.179662828414514031e-02,7.359299862890102961e-01,9.002618814551651694e-01,-1.854459519766269993e-01,4.971294631862877011e-01,-1.878488647140456602e-01,-3.412879579406817854e-01,-4.508782463379206740e-01,2.702188760626527686e-01,-3.842184953143705506e-02,-1.580511677652540470e-01,-2.530722456217678884e-01
2.277925222016147500e-01,-4.801573587057179071e-01,9.861478093802772404e-02,4.784247255073355298e-02,-2.937382700174617778e-02,-6.606382914213277946e-01,-8.003226414042207137e-01,-7.248839763492023192e-01,-7.277831169873920716e-03,-4.863113294021237376e-01,5.877920817365318573e-01,6.837820026914456228e-01,4.844528412568940290e-01,7.072135095127007887e-01,1.000000000000000000e+00,5.534746039077667046e-01,5.614715766816031906e-01,-3.397322478786456990e-01,-6.241415011274703550e-01,-1.589195347477528331e-01,-5.265474999999999461e-01,9.904231565515302094e-02,3.152956859118748179e-02,4.720168646889887354e-01,-7.668355858341465714e-01,-2.652578140829990883e-01,6.289075957567622499e-01,-1.574026263632868350e-01,5.972540823824704637e-01,6.393099348809834215e-01,2.185543400465234376e-01,5.411620141390670602e-01,2.682007824321915868e-01,-2.054760119267633467e-01,-4.563336138111482310e-01,-1.230759642884910465e-01,-1.586425194027186181e-01,2.969919795068372281e-02,3.537774256021223446e-02
-2.546029680968342479e-01,-5.635403822811682062e-01,7.438779526391708918e-02,-6.049872762706483970e-02,4.192622485527341958e-01,-4.444020805042122046e-01,-5.041500938824134970e-01,-6.201920009706620718e-01,-4.829727885193982329e-01,-2.345083099940896143e-01,7.159438889816953644e-01,2.049183345247175270e-01,7.720715347014797114e-01,4.591431438513244312e-01,5.534746039077667046e-01,1.000000000000000000e+00,2.543601337111417449e-01,-2.769591497539949931e-01,-6.975499440447027188e-01,3.751471516547739693e-01,-1.343330200000000252e-01,4.874260891420891806e-01,-3.241220308085734914e-01,4.355080385268630394e-01,-6.207496320639430687e-01,4.087409594912417843e-01,2.513972722634418289e-01,1.561561867799051428e-01,3.540534624774813732e-01,2.614956794607057322e-01,7.067860867914603773e-01,8.905495370421241397e-01,6.572743276368724352e-01,-1.646383904309175750e-01,-6.493083155801133710e-01,-5.656955151541688265e-01,4.599597038250929915e-01,-6.338115643354823303e-02,-1.436628560137915567e-01
-8.531574975708770825e-02,-1.799395240140692354e-01,5.227206249756413126e-01,-1.924982240309363601e-01,-7.280259848962040703e-01,-7.004131858373465747e-01,-6.500373424863040706e-01,-5.923236570953892555e-01,-1.925775382565508009e-01,-9.369945987333595516e-01,6.255895051235447202e-01,7.163083695915869464e-01,2.952823592592561386e-02,8.343132601225062839e-01,5.614715766816031906e-01,2.543601337111417449e-01,1.000000000000000000e+00,-3.797721096295531007e-01,-5.999447839549626460e-02,-2.651749270179026285e-01,-9.621580800000000266e-01,-6.487585296666743551e-01,6.898873530945933696e-01,5.429472812867964793e-01,-5.682911656099606246e-01,-3.782377241493794506e-01,9.584906366085216289e-01,2.880205419264227351e-01,9.375876664368976154e-01,8.908613219569675445e-01,-1.978446007005556784e-01,3.897192823580576948e-01,-3.121347976984789052e-01,-7.729455176682440420e-01,-3.100236307604808395e-01,6.166423942557142102e-01,-2.145844012848106136e-02,-5.427955911533696720e-02,-1.952102231706872859e-01
-4.070215351278912985e-01,3.593920279342805446e-01,-1.392439244663958298e-01,7.307044574594784292e-01,3.961306963300736950e-02,-9.311427307977265810e-02,-3.216039685572033568e-04,5.042576934740458094e-01,2.662346963022910185e-01,1.196071760801424716e-01,-5.352124720141308023e-01,-4.029540081881503588e-01,-2.171294368329955982e-01,-2.554965716521824248e-01,-3.397322478786456990e-01,-2.769591497539949931e-01,-3.797721096295531007e-01,1.000000000000000000e+00,-8.313129692757895151e-02,9.667589338109085217e-02,2.418687399999999155e-01,1.575262401081667651e-01,-9.885439255721913121e-02,2.447942722703892182e-01,8.058615618329198482e-03,-2.020600260195828946e-01,-4.235222532063225298e-01,-2.854871067938896112e-01,-6.021019428395564255e-01,-4.159009968457827999e-01,-3.023552666876969663e-01,-3.140077482198262993e-01,-3.842233886100489548e-01,3.022193530415537288e-01,-2.538518186298632795e-01,-1.181415325625518736e-01,2.056806629692933819e-01,-7.739413713616209722e-02,-3.214497743999235602e-01
2.758465213660800663e-01,1.717007276250417103e-01,-4.100307420115131135e-02,-4.499512948168061799e-01,-3.973485764803162956e-01,5.743030987595162395e-01,6.145952839001223023e-01,5.189687118859327430e-01,-1.278774734752720632e-01,1.868717847250397912e-01,-4.180731493499407758e-01,-4.037604588357001645e-01,-8.001064636574459765e-01,-4.514300868690715451e-01,-6.241415011274703550e-01,-6.975499440447027188e-01,-5.999447839549626460e-02,-8.313129692757895151e-02,1.000000000000000000e+00,-8.339761270616098676e-02,5.268009999999989645e-02,-5.451325709339136516e-01,4.297601994819887361e-01,-6.161801380981261067e-01,6.839457991604238618e-01,1.615339400318062044e-02,-1.292200975594549606e-01,9.976877679963129519e-02,-9.252764819336012359e-03,-8.622317068842597076e-02,-3.840698915045959172e-01,-4.048121635552489050e-01,-3.717614632065810443e-01,-2.621674495387648629e-01,7.557091413481493714e-01,5.991742538739510682e-01,-2.251538874169556614e-01,3.705095204944671705e-01,1.315585492001730972e-01
-1.830543412863163411e-01,-3.015220367599288909e-01,-4.368743495109971703e-02,5.865367146090397221e-02,4.049520276082950732e-01,5.062174357108206041e-02,1.954740623132744659e-01,1.592366365801693023e-02,-1.781324009406521081e-01,2.192727247689850723e-01,-9.172770552631183405e-02,-5.382154554063570684e-01,1.027099891897430284e-01,-2.240627147959117216e-01,-1.589195347477528331e-01,3.751471516547739693e-01,-2.651749270179026285e-01,9.667589338109085217e-02,-8.339761270616098676e-02,1.000000000000000000e+00,3.303862399999999422e-01,3.354379148582503078e-01,-2.343450945515764272e-01,4.330210480037727933e-02,-1.246870948334627372e-03,5.575387937684309625e-01,-2.661273615644101365e-01,-2.737453800214714184e-01,-2.131654345813268070e-01,-3.209995688286254589e-01,4.810254357538233938e-01,4.154563723226937233e-01,3.532469268988997491e-01,4.834334747118310127e-02,-2.787010681016772740e-01,-3.822905479449000277e-01,6.835928453384285675e-01,2.124432722353978287e-01,-5.772783321156572667e-01
1.218728600000000828e-01,1.879508000000000845e-01,-6.526606799999999931e-01,-5.677000000000043123e-03,8.144062400000000590e-01,7.589128800000000119e-01,7.264931599999999712e-01,6.002033200000000956e-01,2.476246000000004166e-02,9.344160599999999928e-01,-4.459060999999999719e-01,-6.512552400000000130e-01,4.305266000000007587e-02,-8.793682600000000127e-01,-5.265474999999999461e-01,-1.343330200000000252e-01,-9.621580800000000266e-01,2.418687399999999155e-01,5.268009999999989645e-02,3.303862399999999422e-01,1.000000000000000000e+00,7.036821600000000565e-01,-7.860580200000000239e-01,-5.442699600000000526e-01,4.910574800000000462e-01,5.848048200000000030e-01,-8.790711799999999521e-01,-1.315262400000000165e-01,-8.353824400000000594e-01,-9.241468800000000039e-01,4.116496199999999384e-01,-2.875800200000000473e-01,4.807256200000000756e-01,6.333138799999999957e-01,2.785801800000000661e-01,-6.590720400000000812e-01,7.599778000000001477e-02,1.801867999999995362e-02,2.709863200000000028e-01
-3.184205295434790195e-02,-2.337104984419529352e-01,-5.605586404208061646e-01,1.777574983083516913e-01,9.504844597778275839e-01,2.325141779063704950e-01,8.604740691798862251e-02,9.412817036522631853e-02,-1.591784019662040028e-01,6.045892979575788750e-01,1.263885948254391683e-02,-3.249426981264929570e-01,5.201671256593902726e-01,-3.684177170727503947e-01,9.904231565515302094e-02,4.874260891420891806e-01,-6.487585296666743551e-01,1.575262401081667651e-01,-5.451325709339136516e-01,3.354379148582503078e-01,7.036821600000000565e-01,1.000000000000000000e+00,-9.111810118991956475e-01,-8.299039581556755252e-02,-1.227117036361399655e-01,5.347170058365571244e-01,-5.749958968668625880e-01,-1.534648462794422075e-01,-5.266568021720859916e-01,-5.497508443146439383e-01,6.656135899775528220e-01,2.755926930243964845e-01,7.609357376842599274e-01,5.248909445773317639e-01,-2.540537538174179599e-01,-9.745046008528995829e-01,2.404226743415449064e-01,3.754869768706508432e-02,2.054307622550149981e-01
3.728497931738655301e-03,-5.429409969324670154e-02,7.113210760185321169e-01,-4.228332109372382602e-02,-9.139013189724796149e-01,-4.293424638382091207e-01,-3.050212545354250016e-01,-2.870376694890511282e-01,9.861077475010662785e-02,-6.473649696223721106e-01,-1.597029706123866133e-02,2.199915819351708768e-01,-4.475109126541446658e-01,5.090901101996497813e-01,3.152956859118748179e-02,-3.241220308085734914e-01,6.898873530945933696e-01,-9.885439255721913121e-02,4.297601994819887361e-01,-2.343450945515764272e-01,-7.860580200000000239e-01,-9.111810118991956475e-01,1.000000000000000000e+00,1.593441896269201241e-01,9.208435493576277997e-03,-5.983708795837880956e-01,5.648362885958523316e-01,-5.981812736943952630e-02,5.514182801316407367e-01,6.887110458688903147e-01,-6.728512903985141014e-01,-4.111545195499599625e-02,-7.150780722979159787e-01,-5.015965320143347395e-01,1.082561313552774934e-01,8.593682519905770922e-01,-1.103568176155548392e-01,1.177188972429932395e-01,-3.364230595313720262e-01
-5.925744605864898817e-01,1.122378013252980783e-01,3.415310271838379874e-01,5.117124214619606093e-01,-2.906458029796575859e-01,-8.590032228013583238e-01,-6.765752065685103345e-01,-3.333728584777375104e-01,3.305902339142498259e-02,-7.691048386018289884e-01,3.728674799433194242e-01,5.213592390845628310e-01,2.378569276804035626e-01,6.040721086836264853e-01,4.720168646889887354e-01,4.355080385268630394e-01,5.429472812867964793e-01,2.447942722703892182e-01,-6.161801380981261067e-01,4.330210480037727933e-02,-5.442699600000000526e-01,-8.299039581556755252e-02,1.593441896269201241e-01,1.000000000000000000e+00,-8.288469191472412900e-01,-2.408937336840278332e-01,5.725062520775562325e-01,9.959506258635575371e-02,3.226252218048761278e-01,3.184094472187267710e-01,-1.595752218062405914e-02,2.795921800688424552e-01,-2.683604000891424701e-01,-3.812765556617184748e-01,-9.200643912925586809e-01,7.933567306754218951e-02,5.005482289263984974e-01,-2.391753022268126860e-01,-5.670541641290182122e-01
2.660282243910147559e-01,1.253952905627445935e-01,-2.434244211804316785e-02,-1.982084433060459783e-01,6.027639928274625136e-02,7.805961744513539857e-01,7.220821486918077570e-01,4.849233203041778406e-01,2.251657560801314517e-01,6.562666497387787956e-01,-6.307763201339808834e-01,-6.240452416447215267e-01,-4.461315929946143566e-01,-6.013697684268997090e-01,-7.668355858341465714e-01,-6.207496320639430687e-01,-5.682911656099606246e-01,8.058615618329198482e-03,6.839457991604238618e-01,-1.246870948334627372e-03,4.910574800000000462e-01,-1.227117036361399655e-01,9.208435493576277997e-03,-8.288469191472412900e-01,1.000000000000000000e+00,5.375278985585372343e-02,-6.423871314882165784e-01,-1.374184171945132815e-01,-5.022485859857170887e-01,-4.104294000657511265e-01,-2.976145708297590620e-01,-5.284798784021461637e-01,-1.280487263196336267e-01,4.523518996122897762e-01,8.328365208305469336e-01,1.033970661379867151e-01,-2.960141716311111004e-01,1.974784087277615674e-01,2.146727508311151444e-01
-8.260473102036144932e-02,-3.770441785895903286e-02,-5.032019240970029283e-01,-4.737697940501776617e-01,6.561163091591027952e-01,4.547934946995394467e-01,5.390173289750871399e-01,2.382157016686740347e-01,-5.733021786443228685e-01,4.349860294401278193e-01,2.740498418347178111e-01,-3.571372804267926027e-01,2.624994809761155290e-01,-5.077554650030781103e-01,-2.652578140829990883e-01,4.087409594912417843e-01,-3.782377241493794506e-01,-2.020600260195828946e-01,1.615339400318062044e-02,5.575387937684309625e-01,5.848048200000000030e-01,5.347170058365571244e-01,-5.983708795837880956e-01,-2.408937336840278332e-01,5.375278985585372343e-02,1.000000000000000000e+00,-3.082531696082310146e-01,3.620398526838574105e-01,-1.610464730073528639e-01,-5.234787777650735663e-01,7.966138897241150651e-01,3.230695561532862525e-01,7.052710033028439796e-01,-8.086371474275085014e-02,-2.850294930668573201e-02,-5.011466077944009001e-01,4.508641485305215912e-01,-5.783117762927365846e-02,1.477802930759185285e-01
2.865724976286224135e-02,-8.170949784049755249e-02,3.781914643265029685e-01,-2.331496248582847208e-01,-6.399756366426243570e-01,-6.606333630305469828e-01,-5.831190207497797262e-01,-5.311655355767262998e-01,-1.274651328906204750e-01,-8.961922577393457434e-01,6.662575672532297100e-01,8.239114313241271415e-01,5.885194629807103534e-02,7.482016672840063887e-01,6.289075957567622499e-01,2.513972722634418289e-01,9.584906366085216289e-01,-4.235222532063225298e-01,-1.292200975594549606e-01,-2.661273615644101365e-01,-8.790711799999999521e-01,-5.749958968668625880e-01,5.648362885958523316e-01,5.725062520775562325e-01,-6.423871314882165784e-01,-3.082531696082310146e-01,1.000000000000000000e+00,2.812819912967243763e-01,9.219048860850007632e-01,7.865477777309066720e-01,-7.963245375731678455e-02,3.244247929386426810e-01,-2.259207885750914024e-01,-7.744720945515969346e-01,-3.540520435970507251e-01,5.678430747494417341e-01,-4.083594546841739364e-02,-9.121280996169432720e-02,-1.352502091173707066e-01
-3.992146719646533226e-01,4.159154450541509007e-01,-1.823041145967052856e-01,-5.147149782222740777e-01,-1.355541603341986479e-01,1.283943596589986191e-01,1.812345954161012629e-01,1.016953089954634737e-01,-5.649469328432608073e-01,-2.699531921278752744e-01,5.756358091231968954e-01,3.431244684342802942e-01,9.510053025512800462e-02,4.179662828414514031e-02,-1.574026263632868350e-01,1.561561867799051428e-01,2.880205419264227351e-01,-2.854871067938896112e-01,9.976877679963129519e-02,-2.737453800214714184e-01,-1.315262400000000165e-01,-1.534648462794422075e-01,-5.981812736943952630e-02,9.959506258635575371e-02,-1.374184171945132815e-01,3.620398526838574105e-01,2.812819912967243763e-01,1.000000000000000000e+00,3.429039632127868775e-01,3.334414864411916479e-02,1.884658392096325297e-01,3.552256793639280152e-02,5.446140835486085185e-02,-5.142442812955454468e-01,-2.115046503627834862e-02,2.046060331304682955e-01,7.667177199138353050e-02,-5.091007852945976797e-01,3.639670506953400220e-01
1.338427900746609334e-01,-3.235375013044684001e-01,3.514798484510248122e-01,-4.785083296725712865e-01,-5.397096168019082096e-01,-5.106213418989051789e-01,-5.273677663151079553e-01,-6.219078345275749209e-01,-3.573470499117307186e-01,-7.703478059611500450e-01,7.539924242798548004e-01,6.841207059852372208e-01,1.336051525697163900e-01,7.359299862890102961e-01,5.972540823824704637e-01,3.540534624774813732e-01,9.375876664368976154e-01,-6.021019428395564255e-01,-9.252764819336012359e-03,-2.131654345813268070e-01,-8.353824400000000594e-01,-5.266568021720859916e-01,5.514182801316407367e-01,3.226252218048761278e-01,-5.022485859857170887e-01,-1.610464730073528639e-01,9.219048860850007632e-01,3.429039632127868775e-01,1.000000000000000000e+00,8.636872509757465011e-01,4.225697757956514700e-02,5.181128885846859600e-01,-2.288721988724201628e-02,-7.798655029327885568e-01,-1.579297521280640382e-01,4.916399337760669619e-01,-1.165002530022435923e-01,2.589236588396270911e-03,1.610954792348850972e-02
9.770166443298955450e-02,-4.807300811391435058e-01,6.041133184055436089e-01,-1.367232720449764183e-01,-6.269802792834284766e-01,-6.610304551792979266e-01,-7.611716744158143477e-01,-7.631898434890936889e-01,-1.004916510398439766e-01,-7.602021669494885003e-01,5.098667586974172661e-01,5.837938670098004046e-01,1.260332179456554458e-01,9.002618814551651694e-01,6.393099348809834215e-01,2.614956794607057322e-01,8.908613219569675445e-01,-4.159009968457827999e-01,-8.622317068842597076e-02,-3.209995688286254589e-01,-9.241468800000000039e-01,-5.497508443146439383e-01,6.887110458688903147e-01,3.184094472187267710e-01,-4.104294000657511265e-01,-5.234787777650735663e-01,7.865477777309066720e-01,3.334414864411916479e-02,8.636872509757465011e-01,1.000000000000000000e+00,-2.735286712918729157e-01,4.636935139308420162e-01,-2.174142233469266439e-01,-4.937880925176784119e-01,-1.253605345865886900e-01,4.740395826951378511e-01,-2.358125824894914402e-01,8.635070901663643994e-02,-8.512945151078887829e-02
1.079450193416735815e-01,-2.970792933726599250e-01,-4.784052656826618399e-01,-3.839647472153197016e-01,7.520687329959564460e-01,1.583972384319944637e-01,1.178505978471545840e-01,-1.331223075959745983e-01,-5.443042827972848219e-01,2.827347841465658318e-01,4.827219370919665908e-01,-5.204772653339476834e-02,6.176515846871654114e-01,-1.854459519766269993e-01,2.185543400465234376e-01,7.067860867914603773e-01,-1.978446007005556784e-01,-3.023552666876969663e-01,-3.840698915045959172e-01,4.810254357538233938e-01,4.116496199999999384e-01,6.656135899775528220e-01,-6.728512903985141014e-01,-1.595752218062405914e-02,-2.976145708297590620e-01,7.966138897241150651e-01,-7.963245375731678455e-02,1.884658392096325297e-01,4.225697757956514700e-02,-2.735286712918729157e-01,1.000000000000000000e+00,5.921124722947994634e-01,9.051103961320037250e-01,-4.877159492916168654e-02,-2.789859913609895603e-01,-6.867728014766486533e-01,2.981760127332356292e-01,-7.453032545337528667e-03,1.399844751789784125e-01
-7.983621599272594516e-02,-7.797855050590124515e-01,1.462097869230354341e-01,-2.005508497049301453e-01,2.355948871440566306e-01,-4.344446188181991242e-01,-5.293906798714225204e-01,-6.481675056279413427e-01,-6.169630092421960477e-01,-2.850909820311930409e-01,6.440086730699500217e-01,6.800137624655748503e-02,5.639751581661309743e-01,4.971294631862877011e-01,5.411620141390670602e-01,8.905495370421241397e-01,3.897192823580576948e-01,-3.140077482198262993e-01,-4.048121635552489050e-01,4.154563723226937233e-01,-2.875800200000000473e-01,2.755926930243964845e-01,-4.111545195499599625e-02,2.795921800688424552e-01,-5.284798784021461637e-01,3.230695561532862525e-01,3.244247929386426810e-01,3.552256793639280152e-02,5.181128885846859600e-01,4.636935139308420162e-01,5.921124722947994634e-01,1.000000000000000000e+00,5.724590983172263003e-01,-3.397914145774683647e-01,-4.592181868834613323e-01,-3.627218861181537024e-01,3.634003669171005368e-01,2.055973400424658815e-01,-1.861523893565148746e-01
2.983553165805636898e-01,-4.745301657166336451e-01,-5.007304692530593071e-01,-4.172128085915458584e-01,8.457746212645951278e-01,2.783098048157828797e-01,1.029588483001427912e-01,-2.019406799933110008e-01,-4.469121244459274833e-01,4.707726872357916315e-01,4.268904664656369419e-01,-1.120980395722727951e-01,6.475288594925422414e-01,-1.878488647140456602e-01,2.682007824321915868e-01,6.572743276368724352e-01,-3.121347976984789052e-01,-3.842233886100489548e-01,-3.717614632065810443e-01,3.532469268988997491e-01,4.807256200000000756e-01,7.609357376842599274e-01,-7.150780722979159787e-01,-2.683604000891424701e-01,-1.280487263196336267e-01,7.052710033028439796e-01,-2.259207885750914024e-01,5.446140835486085185e-02,-2.288721988724201628e-02,-2.174142233469266439e-01,9.051103961320037250e-01,5.724590983172263003e-01,1.000000000000000000e+00,1.829926931404230461e-01,-5.123900894242876258e-02,-7.867639061297670988e-01,6.304659792313113686e-02,4.971269633901519852e-02,3.821669223346202404e-01
1.311254640538921379e-01,-9.712651590740441904e-03,-1.245473715651884694e-01,4.457330595330445400e-01,5.512733320341820509e-01,3.334749367225299799e-01,1.886988903558288189e-01,1.142256239005223772e-01,5.700949497918373909e-01,7.147118570764876555e-01,-5.457081903283849122e-01,-4.049183415666130492e-01,2.428223897372880358e-01,-3.412879579406817854e-01,-2.054760119267633467e-01,-1.646383904309175750e-01,-7.729455176682440420e-01,3.022193530415537288e-01,-2.621674495387648629e-01,4.834334747118310127e-02,6.333138799999999957e-01,5.248909445773317639e-01,-5.015965320143347395e-01,-3.812765556617184748e-01,4.523518996122897762e-01,-8.086371474275085014e-02,-7.744720945515969346e-01,-5.142442812955454468e-01,-7.798655029327885568e-01,-4.937880925176784119e-01,-4.877159492916168654e-02,-3.397914145774683647e-01,1.829926931404230461e-01,1.000000000000000000e+00,2.326538313413395176e-01,-5.733227506454088296e-01,-2.329614695807538105e-01,-9.146455638920492071e-02,1.381287008738614208e-01
5.821795088356271908e-01,4.417423759808644657e-02,-1.916918736057380002e-01,-4.938599936144641989e-01,-6.609753548705205040e-02,7.597546573414940552e-01,5.965598530681012202e-01,3.378581328723959665e-01,1.058497272386679788e-01,5.283604000305435200e-01,-3.880812609048686634e-01,-3.176407568839187401e-01,-4.232407313688329453e-01,-4.508782463379206740e-01,-4.563336138111482310e-01,-6.493083155801133710e-01,-3.100236307604808395e-01,-2.538518186298632795e-01,7.557091413481493714e-01,-2.787010681016772740e-01,2.785801800000000661e-01,-2.540537538174179599e-01,1.082561313552774934e-01,-9.200643912925586809e-01,8.328365208305469336e-01,-2.850294930668573201e-02,-3.540520435970507251e-01,-2.115046503627834862e-02,-1.579297521280640382e-01,-1.253605345865886900e-01,-2.789859913609895603e-01,-4.592181868834613323e-01,-5.123900894242876258e-02,2.326538313413395176e-01,1.000000000000000000e+00,2.714785081064648442e-01,-6.638526474716099912e-01,1.911274255394991295e-01,5.462201299220075246e-01
3.307524062976097828e-02,3.307331149147348937e-01,4.258596557347392175e-01,-1.854947217683038940e-01,-9.503945127227120260e-01,-1.673312515549787716e-01,-1.590932422878065314e-02,4.583760501239923790e-02,1.495029848176434584e-01,-5.849689268451697677e-01,-4.029548154839655144e-02,3.340906798228009400e-01,-6.279099469988116411e-01,2.702188760626527686e-01,-1.230759642884910465e-01,-5.656955151541688265e-01,6.166423942557142102e-01,-1.181415325625518736e-01,5.991742538739510682e-01,-3.822905479449000277e-01,-6.590720400000000812e-01,-9.745046008528995829e-01,8.593682519905770922e-01,7.933567306754218951e-02,1.033970661379867151e-01,-5.011466077944009001e-01,5.678430747494417341e-01,2.046060331304682955e-01,4.916399337760669619e-01,4.740395826951378511e-01,-6.867728014766486533e-01,-3.627218861181537024e-01,-7.867639061297670988e-01,-5.733227506454088296e-01,2.714785081064648442e-01,1.000000000000000000e+00,-2.391615803839005072e-01,-1.758148397110734229e-02,-1.342951539589050114e-01
-6.798523960204098104e-01,-4.158895229012360417e-02,1.706641197831842149e-01,2.667842905606337411e-01,1.606175683653701114e-01,-2.648103548431476328e-01,-2.120093669869507064e-03,3.195618631090518802e-02,-2.946854758633252747e-01,-1.711886400044906054e-01,7.441423140849698359e-02,-2.902503642032174258e-01,4.015581512034409328e-02,-3.842184953143705506e-02,-1.586425194027186181e-01,4.599597038250929915e-01,-2.145844012848106136e-02,2.056806629692933819e-01,-2.251538874169556614e-01,6.835928453384285675e-01,7.599778000000001477e-02,2.404226743415449064e-01,-1.103568176155548392e-01,5.005482289263984974e-01,-2.960141716311111004e-01,4.508641485305215912e-01,-4.083594546841739364e-02,7.667177199138353050e-02,-1.165002530022435923e-01,-2.358125824894914402e-01,2.981760127332356292e-01,3.634003669171005368e-01,6.304659792313113686e-02,-2.329614695807538105e-01,-6.638526474716099912e-01,-2.391615803839005072e-01,1.000000000000000000e+00,6.872692155033580108e-02,-6.710191225909575286e-01
3.746240239697822272e-01,-5.811430800958443665e-01,4.101624532859095978e-02,-2.452812263833191800e-03,1.926408902199761020e-02,1.322252469011564735e-01,-6.081821221057454735e-03,8.992938611927592252e-02,-1.288872156817608694e-01,1.482907792953419290e-01,-3.636525967143238169e-01,-4.141192020997953582e-01,-4.269380454273967729e-01,-1.580511677652540470e-01,2.969919795068372281e-02,-6.338115643354823303e-02,-5.427955911533696720e-02,-7.739413713616209722e-02,3.705095204944671705e-01,2.124432722353978287e-01,1.801867999999995362e-02,3.754869768706508432e-02,1.177188972429932395e-01,-2.391753022268126860e-01,1.974784087277615674e-01,-5.783117762927365846e-02,-9.121280996169432720e-02,-5.091007852945976797e-01,2.589236588396270911e-03,8.635070901663643994e-02,-7.453032545337528667e-03,2.055973400424658815e-01,4.971269633901519852e-02,-9.146455638920492071e-02,1.911274255394991295e-01,-1.758148397110734229e-02,6.872692155033580108e-02,1.000000000000000000e+00,-2.039605158515178374e-01
4.783320901113566337e-01,9.985989355606189610e-02,-5.660923759776073094e-01,-5.486028016432077381e-01,2.719343923448953038e-01,5.281979967999387293e-01,2.764634699219707947e-01,1.543768323103955620e-01,-1.753751775327759277e-01,3.942613531452308639e-01,2.272104329610057372e-01,1.865508619913750776e-01,1.115797132551290538e-01,-2.530722456217678884e-01,3.537774256021223446e-02,-1.436628560137915567e-01,-1.952102231706872859e-01,-3.214497743999235602e-01,1.315585492001730972e-01,-5.772783321156572667e-01,2.709863200000000028e-01,2.054307622550149981e-01,-3.364230595313720262e-01,-5.670541641290182122e-01,2.146727508311151444e-01,1.477802930759185285e-01,-1.352502091173707066e-01,3.639670506953400220e-01,1.610954792348850972e-02,-8.512945151078887829e-02,1.399844751789784125e-01,-1.861523893565148746e-01,3.821669223346202404e-01,1.381287008738614208e-01,5.462201299220075246e-01,-1.342951539589050114e-01,-6.710191225909575286e-01,-2.039605158515178374e-01,1.000000000000000000e+00
