1.000000000000000000e+00,4.798721324775174768e-01,8.789244935261277814e-01,-4.175244212129239907e-01,1.586313294765386850e-01,8.266432059009878319e-01,2.723334895510547415e-01,-8.382943103895234005e-01,2.066543888592455806e-03,-2.999532854609543442e-01,-7.431536754292780156e-01,2.649408938423972737e-01,3.759707241874036820e-01,-9.237244637441179851e-01,2.095814160890950573e-01,-2.022586212518689697e-01,-1.435490309694684441e-01,4.317357079183443136e-01,6.687758810844200985e-01,3.836884579977223320e-01,3.235929693204613322e-01,-7.647280402505478580e-01,2.166453590361601400e-01,-6.807889547459711199e-02,2.498020706188036899e-01,-7.104298399999999791e-01,4.084987420980680239e-01,9.330259898627809578e-01,-5.348602880957752381e-01,3.716203852201822033e-01,9.022559000539903673e-02,-6.389805906855309248e-01,-5.926906943253273941e-01,3.670067146742889141e-01,7.725974522625598251e-01,3.185281021193629991e-01,5.226202004070459317e-01,-5.677822984275318063e-01,2.634262996947528968e-01
4.798721324775174768e-01,1.000000000000000000e+00,5.184024166450922344e-01,-2.362547821008601778e-01,1.669207888120645966e-01,3.560823999583132560e-01,1.365877764578012354e-01,-2.187235205827508522e-01,3.938783497594434690e-01,-1.893617199581409949e-01,-5.635868877617609130e-01,-2.991729012183103054e-01,-2.710955731482386222e-01,-5.588941763417033526e-01,7.119827508385346837e-01,4.863631480446383160e-01,4.258396630647609538e-02,1.337687515367677604e-02,3.138378528352941399e-01,-3.644672167044055167e-01,-5.015507934042484628e-01,1.226258251691203227e-01,8.330415126027654882e-01,4.212552507776959332e-01,2.111911741343025506e-02,-3.626956999999999542e-01,-3.269337061748352480e-01,1.724787263473148147e-01,6.525420566101786113e-02,2.299352079944075034e-01,4.641301233029563322e-01,-1.906929910799015637e-02,-3.014053273642494646e-01,6.911235285939751893e-01,6.105745125153119179e-01,2.835733715805547894e-01,2.032711032312618238e-01,-5.500109013133425151e-02,-3.475515890415059039e-01
8.789244935261277814e-01,5.184024166450922344e-01,1.000000000000000000e+00,-3.940474078301980376e-01,3.030264738070996555e-02,6.626958399548321665e-01,2.057768029018235134e-01,-7.230603638457153703e-01,1.684982257125498817e-02,-2.509576625605540734e-01,-7.103889745490794549e-01,1.592918798423270388e-01,2.052186755770860349e-01,-8.016808333697882372e-01,3.542412389605021916e-01,-8.300596571524762601e-02,-1.054867492253527689e-01,3.068839141765931644e-01,5.881353218651290682e-01,2.694726081331709211e-01,2.338205820464565321e-01,-5.995873991561281313e-01,2.688353345198296052e-01,-2.482979482713541797e-02,2.105067572720459579e-01,-5.989044199999999929e-01,2.544439611238947796e-01,7.768609340157176524e-01,-3.791112170453734831e-01,3.031968040262079112e-01,1.890130466672395038e-01,-4.982974770389960173e-01,-4.888190406981474112e-01,2.805677093367920927e-01,7.042858280801367332e-01,2.205826170844985279e-01,5.160343897385266665e-01,-4.528327659270713901e-01,1.264848637952990518e-01
-4.175244212129239907e-01,-2.362547821008601778e-01,-3.940474078301980376e-01,1.000000000000000000e+00,4.998171314464364690e-01,-4.690517243924413604e-01,7.360914079785162434e-01,1.664907242328391712e-01,7.794692598595315269e-01,-6.511117543395585905e-01,4.811491812077677288e-01,-8.028586062957062675e-01,5.884830550456580239e-02,1.274540077311716035e-01,-5.844611396232525236e-01,-3.492249634138300807e-01,8.829802645748976442e-01,-8.941908907630411463e-01,-8.844768927314753393e-01,-6.029553736869040087e-02,-4.442403916182361412e-01,2.537248657713527811e-01,4.628898324921430774e-02,2.898932645799468522e-01,-9.510298268039868441e-01,-3.121234200000000403e-01,2.376608624432162420e-01,-5.170264754977653698e-01,-4.223479687629762558e-01,-9.570716525205292813e-01,3.673285454166272390e-01,-1.543749743848824851e-01,-4.332091074547523846e-01,1.453151983455519269e-01,1.787893688208025134e-01,3.533639839837298680e-01,1.941057691050816214e-01,-3.940346114774542774e-01,4.841217990387841619e-01
1.586313294765386850e-01,1.669207888120645966e-01,3.030264738070996555e-02,4.998171314464364690e-01,1.000000000000000000e+00,-1.635032318308383137e-01,6.472787622928184437e-01,-3.434837032513342603e-01,6.681584278285132017e-01,-7.883946153460501538e-01,-2.366905119713134664e-01,-4.215822779676714482e-01,3.960476766155264228e-01,-3.765204718946538742e-01,-2.821554439943724790e-01,-2.455451762106563574e-01,3.704421423489713261e-01,-2.723143236234823461e-01,-2.950682657990297830e-01,1.436745343407205833e-01,-4.331797356450698411e-01,-1.911415540970778093e-01,3.015962192378700002e-01,1.757305432737112927e-01,-5.714614359629517359e-01,-5.656246600000000013e-01,2.908346308959635085e-01,2.822247934455658983e-02,-4.501194428181033991e-01,-4.661451978457858414e-01,3.490793250485910160e-01,-3.577194640021052474e-01,-6.911616089085620418e-01,4.593816892997651946e-01,5.106298831470947874e-01,3.515186058980299677e-01,5.593077145215398227e-01,-7.125833237586836066e-01,3.048831168433280836e-01
8.266432059009878319e-01,3.560823999583132560e-01,6.626958399548321665e-01,-4.690517243924413604e-01,-1.635032318308383137e-01,1.000000000000000000e+00,8.622555300134832068e-02,-6.259792188329674767e-01,-1.839191237699518422e-01,7.957390266113947841e-02,-4.285598002427070674e-01,3.088123374770901375e-01,2.524026567896364148e-01,-6.937888144023230952e-01,1.480451424885087519e-01,-2.063736261246084114e-01,-1.928283609212139149e-01,4.146363830642972870e-01,6.679744322204398399e-01,1.377652960693325213e-01,4.370463962896416477e-01,-6.408027922498396034e-01,3.277383656217736085e-02,-8.264086553813719191e-03,3.688240171527382150e-01,-4.745980600000000438e-01,3.008736173976995221e-01,8.019345654288243530e-01,-4.156183245169256524e-01,3.570023415952423007e-01,-1.867239729856128017e-01,-5.478078077450817540e-01,-3.286469250226395911e-01,1.417751326360061903e-01,5.539980689562715721e-01,2.650209223967979200e-01,1.165435602649654706e-01,-2.688183730782885417e-01,2.413444403574391273e-01
2.723334895510547415e-01,1.365877764578012354e-01,2.057768029018235134e-01,7.360914079785162434e-01,6.472787622928184437e-01,8.622555300134832068e-02,1.000000000000000000e+00,-4.403283296222226806e-01,8.537457752453309068e-01,-8.882488196917943668e-01,4.415394867158561887e-02,-6.176308795629095183e-01,4.220186745962022923e-01,-5.550923077722197396e-01,-4.888194880209690840e-01,-5.490049986974401275e-01,8.281874107490254655e-01,-5.883202086403247488e-01,-5.079077233431138483e-01,1.030319511520992326e-01,-2.980750704185736732e-01,-2.893995770821300439e-01,1.875786549109031420e-01,1.091610132521902421e-01,-7.693633004317962376e-01,-8.684411800000000348e-01,6.237983441842867016e-01,1.178540106978523960e-01,-7.371747225112030844e-01,-7.167639009238060410e-01,3.737199463114871945e-01,-5.392516014763513166e-01,-9.099671549784896785e-01,4.905758753391650795e-01,7.267219001874221096e-01,6.829748934574557673e-01,4.766945426504022310e-01,-8.291686966602032083e-01,7.562721171743135296e-01
-8.382943103895234005e-01,-2.187235205827508522e-01,-7.230603638457153703e-01,1.664907242328391712e-01,-3.434837032513342603e-01,-6.259792188329674767e-01,-4.403283296222226806e-01,1.000000000000000000e+00,-1.236517941985550428e-01,4.573195693605757173e-01,5.674725037723308274e-01,-2.151857105451530916e-01,-7.092183009601731314e-01,7.955973968711022026e-01,1.128074655433558976e-01,3.433918773187801809e-01,5.534113673619524276e-02,-3.385558149684869678e-01,-3.697111016344978296e-01,-4.308706558034942069e-01,-1.979221557516525898e-01,8.509479408995004324e-01,-7.095496581892024590e-02,2.379587089238591469e-01,-6.771590197263464839e-02,7.542722399999999272e-01,-6.289084362423599250e-01,-8.177535762427946553e-01,5.662004869206247459e-01,-1.131522013414581335e-01,1.076512391945804170e-01,8.142900008769659026e-01,7.177970067463635973e-01,-3.147299442241818790e-01,-7.099609042390319091e-01,-5.297302557014228475e-01,-5.493167200870180400e-01,7.480271892570375947e-01,-4.771853762441913283e-01
2.066543888592455806e-03,3.938783497594434690e-01,1.684982257125498817e-02,7.794692598595315269e-01,6.681584278285132017e-01,-1.839191237699518422e-01,8.537457752453309068e-01,-1.236517941985550428e-01,1.000000000000000000e+00,-8.154534164382358785e-01,4.978268243983745983e-02,-8.690363524075557233e-01,6.493172520718283602e-02,-3.334386529891749107e-01,-1.803949197494723045e-01,-1.227583592793343725e-01,8.357277973908323609e-01,-7.573863997699344930e-01,-6.234138887270089802e-01,-2.301487596915008926e-01,-7.191968472086684994e-01,1.741254449481776656e-01,5.215615452988955347e-01,4.113162948062681901e-01,-8.568619400316982437e-01,-6.304627800000000004e-01,1.685664453619335479e-01,-2.684997773119400799e-01,-4.081508462837941664e-01,-7.406360742488512505e-01,5.707441979538785404e-01,-2.375642478328078011e-01,-7.128810848242248532e-01,6.367866246832473154e-01,6.160473954354135362e-01,5.991142472803299146e-01,3.738210093565376146e-01,-5.411089550462915287e-01,3.457749098961824807e-01
-2.999532854609543442e-01,-1.893617199581409949e-01,-2.509576625605540734e-01,-6.511117543395585905e-01,-7.883946153460501538e-01,7.957390266113947841e-02,-8.882488196917943668e-01,4.573195693605757173e-01,-8.154534164382358785e-01,1.000000000000000000e+00,2.601903859483372661e-01,5.693863822003384367e-01,-3.314737632514405674e-01,5.460802954728153358e-01,3.190393699437656938e-01,3.592809358694211697e-01,-6.848502796633649803e-01,5.094491485912184814e-01,3.776603920609795662e-01,-2.644633193620941625e-01,3.527383209193807323e-01,2.398841970053477712e-01,-3.214543398075063174e-01,-2.248883884043560988e-01,7.549719731533022227e-01,8.026781800000000189e-01,-4.492128537392240939e-01,-1.367637975404684680e-01,7.048181764689116502e-01,5.831895203471559874e-01,-5.438582282615435082e-01,5.220403898433877421e-01,8.650183111441316353e-01,-5.323688098213413822e-01,-7.308444571236301091e-01,-4.819348256430069366e-01,-7.596802291843014476e-01,8.530191550945737111e-01,-5.167147160837533004e-01
-7.431536754292780156e-01,-5.635868877617609130e-01,-7.103889745490794549e-01,4.811491812077677288e-01,-2.366905119713134664e-01,-4.285598002427070674e-01,4.415394867158561887e-02,5.674725037723308274e-01,4.978268243983745983e-02,2.601903859483372661e-01,1.000000000000000000e+00,-1.982548843093732416e-01,-7.569371296019688014e-03,6.051276445320866726e-01,-5.713722743025488882e-01,-2.792048958042861462e-01,3.325300326370343451e-01,-4.011477702767878850e-01,-7.280309771348429937e-01,-3.438019809449477382e-01,-5.194380449937802124e-02,3.636259214412457252e-01,-4.948738450612976125e-01,-2.564707650033385411e-01,-2.291088437931851074e-01,3.487443800000000760e-01,1.285617403872241216e-01,-6.287267500062110326e-01,2.375148311989129513e-01,-4.853367376252333276e-01,-3.252537240312092237e-01,3.987087428996664018e-01,2.932372979762768450e-01,-3.961097225702197577e-01,-5.735935812262852318e-01,5.175293574363848403e-02,-6.844915767156803943e-01,3.163730134769738855e-01,3.031129545759330135e-01
2.649408938423972737e-01,-2.991729012183103054e-01,1.592918798423270388e-01,-8.028586062957062675e-01,-4.215822779676714482e-01,3.088123374770901375e-01,-6.176308795629095183e-01,-2.151857105451530916e-01,-8.690363524075557233e-01,5.693863822003384367e-01,-1.982548843093732416e-01,1.000000000000000000e+00,3.315343685863645917e-01,1.661103103498532546e-02,4.395867443185410423e-02,-1.146487203123097570e-01,-8.203462178706962815e-01,8.911293913024109781e-01,6.439472830179888696e-01,2.504698399091247474e-01,6.664639604644203574e-01,-4.656237878298576938e-01,-5.562831169520540131e-01,-6.651133367337722646e-01,8.960353678561403523e-01,3.026260800000000195e-01,1.820421728678002227e-01,5.347241245854167380e-01,2.861010880906209031e-01,7.827025721872424846e-01,-6.823883258430804011e-01,8.950978919741968409e-02,3.851355505787042999e-01,-3.488032900353025823e-01,-3.809927849331072314e-01,-3.486795472121231310e-01,-2.183505790608062103e-01,1.958056924993639702e-01,-8.405554238788176535e-02
3.759707241874036820e-01,-2.710955731482386222e-01,2.052186755770860349e-01,5.884830550456580239e-02,3.960476766155264228e-01,2.524026567896364148e-01,4.220186745962022923e-01,-7.092183009601731314e-01,6.493172520718283602e-02,-3.314737632514405674e-01,-7.569371296019688014e-03,3.315343685863645917e-01,1.000000000000000000e+00,-4.108130960501520934e-01,-6.239965130535445326e-01,-6.523567020008321782e-01,-5.265051550624599841e-02,2.938284825588644011e-01,-4.408726464990727484e-02,2.721756164538765010e-01,1.732254879579144535e-01,-7.813152198592079323e-01,-4.226719129044459455e-01,-6.289717192005591651e-01,5.092502632884700342e-02,-5.184776600000000624e-01,8.522115878878687711e-01,5.009584440224379431e-01,-3.610653785502909163e-01,-1.186469058605717775e-01,-5.180761135066226375e-01,-5.452405273906509864e-01,-5.741213356871420759e-01,1.460925164823847211e-01,2.555177204524635703e-01,5.312228075699038099e-01,1.846734992098809092e-01,-6.783374499630251409e-01,7.092545644530217075e-01
-9.237244637441179851e-01,-5.588941763417033526e-01,-8.016808333697882372e-01,1.274540077311716035e-01,-3.765204718946538742e-01,-6.937888144023230952e-01,-5.550923077722197396e-01,7.955973968711022026e-01,-3.334386529891749107e-01,5.460802954728153358e-01,6.051276445320866726e-01,1.661103103498532546e-02,-4.108130960501520934e-01,1.000000000000000000e+00,-6.802112606208125800e-02,2.964012189499673489e-01,-1.445383795532125815e-01,-1.677438092620516519e-01,-3.810763617538112658e-01,-2.700055417443908423e-01,-8.620110655159510249e-02,6.763682717032739600e-01,-3.006207187106532674e-01,4.845613143312230489e-03,2.906677004005882997e-02,8.835483399999999321e-01,-4.973297755601410186e-01,-7.881180863308903106e-01,6.243589144107488664e-01,-1.025910771322164489e-01,-2.474106583776949364e-01,6.142599148317812174e-01,7.963930972166155531e-01,-5.352486758212204876e-01,-8.973135370292056878e-01,-5.157442658778965683e-01,-5.674174180566055048e-01,7.116511427843682513e-01,-4.174151765352249743e-01
2.095814160890950573e-01,7.119827508385346837e-01,3.542412389605021916e-01,-5.844611396232525236e-01,-2.821554439943724790e-01,1.480451424885087519e-01,-4.888194880209690840e-01,1.128074655433558976e-01,-1.803949197494723045e-01,3.190393699437656938e-01,-5.713722743025488882e-01,4.395867443185410423e-02,-6.239965130535445326e-01,-6.802112606208125800e-02,1.000000000000000000e+00,7.877567040828882261e-01,-3.755794801954969175e-01,2.774205014270061387e-01,5.601799243052114630e-01,-1.917667469792419810e-01,-2.025690215337348499e-01,3.382325516738379223e-01,6.885243249065637894e-01,3.537024884535619473e-01,3.860284688920810336e-01,2.431061199999999811e-01,-7.187196536962007221e-01,3.934759339268870115e-02,4.528163705470619194e-01,6.076026913600688362e-01,3.649359853086288630e-01,2.816991290058964426e-01,3.199005402720618285e-01,2.070763448377306304e-01,8.050305471421852210e-02,-2.610352087175423219e-01,-2.222007357021180823e-02,4.686291691033841467e-01,-8.036380255876188761e-01
-2.022586212518689697e-01,4.863631480446383160e-01,-8.300596571524762601e-02,-3.492249634138300807e-01,-2.455451762106563574e-01,-2.063736261246084114e-01,-5.490049986974401275e-01,3.433918773187801809e-01,-1.227583592793343725e-01,3.592809358694211697e-01,-2.792048958042861462e-01,-1.146487203123097570e-01,-6.523567020008321782e-01,2.964012189499673489e-01,7.877567040828882261e-01,1.000000000000000000e+00,-3.685031437277176414e-01,1.208262647743122697e-01,2.491232752587465571e-01,-2.893466173931771857e-01,-3.886774560508618470e-01,5.756557142972714702e-01,6.252197957058228672e-01,4.415135015488772519e-01,2.097535078850918944e-01,4.995825400000000194e-01,-8.669348219477488460e-01,-3.560683364795594885e-01,5.899366465681596949e-01,3.696590343154318448e-01,2.428412476840237366e-01,3.500735261428359890e-01,4.943993319543200093e-01,1.243033306433750512e-01,-2.041245001357386291e-01,-2.755151858332982040e-01,-1.334744879062655376e-01,6.184134472247899694e-01,-8.946513883090665420e-01
-1.435490309694684441e-01,4.258396630647609538e-02,-1.054867492253527689e-01,8.829802645748976442e-01,3.704421423489713261e-01,-1.928283609212139149e-01,8.281874107490254655e-01,5.534113673619524276e-02,8.357277973908323609e-01,-6.848502796633649803e-01,3.325300326370343451e-01,-8.203462178706962815e-01,-5.265051550624599841e-02,-1.445383795532125815e-01,-3.755794801954969175e-01,-3.685031437277176414e-01,1.000000000000000000e+00,-8.902215919074170092e-01,-7.311778212649558961e-01,-1.080397823099043531e-01,-3.886849688786160328e-01,2.029445477308298162e-01,2.135382763643851600e-01,3.178465485457973028e-01,-8.892463314781494654e-01,-5.202898599999999929e-01,2.836661810921237148e-01,-3.108006750291081866e-01,-5.100413099201649425e-01,-8.181022156050774541e-01,5.254137845878579238e-01,-1.670245817970173463e-01,-5.493548801726253483e-01,3.069913432383222229e-01,4.285936594273767053e-01,4.248834521378538343e-01,2.174350037519943712e-01,-4.346469803409441224e-01,5.351471207678378805e-01
4.317357079183443136e-01,1.337687515367677604e-02,3.068839141765931644e-01,-8.941908907630411463e-01,-2.723143236234823461e-01,4.146363830642972870e-01,-5.883202086403247488e-01,-3.385558149684869678e-01,-7.573863997699344930e-01,5.094491485912184814e-01,-4.011477702767878850e-01,8.911293913024109781e-01,2.938284825588644011e-01,-1.677438092620516519e-01,2.774205014270061387e-01,1.208262647743122697e-01,-8.902215919074170092e-01,1.000000000000000000e+00,7.861213578349165454e-01,2.603498113490673171e-01,5.366685055515492131e-01,-5.011478282828227826e-01,-2.080686049570025509e-01,-5.481174282078079552e-01,9.063015303679003987e-01,1.908056199999998981e-01,6.923227698426159815e-02,6.020421043235172354e-01,2.879340818459575901e-01,8.632851158222633048e-01,-5.065046333754614771e-01,-5.385781646377117704e-03,2.660092993419110874e-01,-1.912800490906878537e-01,-1.881513654919838296e-01,-2.563778311236824536e-01,-1.382115346806732370e-01,1.510707155668938872e-01,-2.210221780085770138e-01
6.687758810844200985e-01,3.138378528352941399e-01,5.881353218651290682e-01,-8.844768927314753393e-01,-2.950682657990297830e-01,6.679744322204398399e-01,-5.079077233431138483e-01,-3.697111016344978296e-01,-6.234138887270089802e-01,3.776603920609795662e-01,-7.280309771348429937e-01,6.439472830179888696e-01,-4.408726464990727484e-02,-3.810763617538112658e-01,5.601799243052114630e-01,2.491232752587465571e-01,-7.311778212649558961e-01,7.861213578349165454e-01,1.000000000000000000e+00,3.000317339592064037e-01,5.191102294879447188e-01,-4.365602406261269164e-01,9.483959523340007580e-02,-2.270386874363964497e-02,7.393197461458218545e-01,3.358748000000000289e-02,-1.662384546653623285e-01,7.140796874790278359e-01,1.588352225477296376e-02,8.255091528338304174e-01,-1.277417042554897519e-01,-1.951966788030302380e-01,1.567714611456696994e-01,-4.511354189581434637e-02,1.571970986816206284e-01,-2.983364892155726533e-01,1.674056025185143015e-01,1.067610948035852686e-01,-3.709481036477533800e-01
3.836884579977223320e-01,-3.644672167044055167e-01,2.694726081331709211e-01,-6.029553736869040087e-02,1.436745343407205833e-01,1.377652960693325213e-01,1.030319511520992326e-01,-4.308706558034942069e-01,-2.301487596915008926e-01,-2.644633193620941625e-01,-3.438019809449477382e-01,2.504698399091247474e-01,2.721756164538765010e-01,-2.700055417443908423e-01,-1.917667469792419810e-01,-2.893466173931771857e-01,-1.080397823099043531e-01,2.603498113490673171e-01,3.000317339592064037e-01,1.000000000000000000e+00,6.123124994299624646e-01,-5.994841430471050669e-01,-1.752640261575738601e-01,-1.783400730598201367e-01,1.484244517719179174e-03,-2.468937799999999516e-01,3.723749553020396785e-01,5.342551086921571990e-01,-5.628144535491735878e-01,1.275551109935384453e-01,1.478924379639725561e-01,-5.635364906247143368e-01,-2.334023891305077036e-01,-3.151606322969852103e-01,1.736287795311541871e-01,-4.233229885320931307e-02,4.966309536952084325e-01,-3.806452110008093914e-01,2.746407525434934604e-01
3.235929693204613322e-01,-5.015507934042484628e-01,2.338205820464565321e-01,-4.442403916182361412e-01,-4.331797356450698411e-01,4.370463962896416477e-01,-2.980750704185736732e-01,-1.979221557516525898e-01,-7.191968472086684994e-01,3.527383209193807323e-01,-5.194380449937802124e-02,6.664639604644203574e-01,1.732254879579144535e-01,-8.620110655159510249e-02,-2.025690215337348499e-01,-3.886774560508618470e-01,-3.886849688786160328e-01,5.366685055515492131e-01,5.191102294879447188e-01,6.123124994299624646e-01,1.000000000000000000e+00,-5.831988408613254515e-01,-6.071755664178000167e-01,-4.220700196128787107e-01,4.975932979381920140e-01,7.510538000000011039e-02,3.479426298412847673e-01,5.874968012173048537e-01,-2.723934591799777039e-01,4.100412386917387519e-01,-3.384807495140464972e-01,-2.078308740817720879e-01,1.974041839690461597e-01,-6.096109257511450608e-01,-1.763202599560121098e-01,-3.817394402547445997e-01,-2.410242928014918323e-02,-6.419580352885746050e-03,2.497089770371511142e-01
-7.647280402505478580e-01,1.226258251691203227e-01,-5.995873991561281313e-01,2.537248657713527811e-01,-1.911415540970778093e-01,-6.408027922498396034e-01,-2.893995770821300439e-01,8.509479408995004324e-01,1.741254449481776656e-01,2.398841970053477712e-01,3.636259214412457252e-01,-4.656237878298576938e-01,-7.813152198592079323e-01,6.763682717032739600e-01,3.382325516738379223e-01,5.756557142972714702e-01,2.029445477308298162e-01,-5.011478282828227826e-01,-4.365602406261269164e-01,-5.994841430471050669e-01,-5.831988408613254515e-01,1.000000000000000000e+00,3.172750599871136390e-01,4.727703374084952226e-01,-2.388668057107391496e-01,6.001400800000000757e-01,-7.667923626399552051e-01,-8.858964428055569051e-01,5.940267755588820586e-01,-1.743962545945149656e-01,3.032315631484727159e-01,7.296979416768856197e-01,5.542672697439831042e-01,-1.604765245015953370e-02,-4.573826101292430280e-01,-3.321870904383762424e-01,-3.801723184700094293e-01,6.668058652038605372e-01,-6.021182052981054467e-01
2.166453590361601400e-01,8.330415126027654882e-01,2.688353345198296052e-01,4.628898324921430774e-02,3.015962192378700002e-01,3.277383656217736085e-02,1.875786549109031420e-01,-7.095496581892024590e-02,5.215615452988955347e-01,-3.214543398075063174e-01,-4.948738450612976125e-01,-5.562831169520540131e-01,-4.226719129044459455e-01,-3.006207187106532674e-01,6.885243249065637894e-01,6.252197957058228672e-01,2.135382763643851600e-01,-2.080686049570025509e-01,9.483959523340007580e-02,-1.752640261575738601e-01,-6.071755664178000167e-01,3.172750599871136390e-01,1.000000000000000000e+00,5.926947132219987369e-01,-2.793901984879585410e-01,-2.542584799999999534e-01,-4.651903884562083036e-01,-1.076045361262172040e-01,1.636566039916657195e-02,8.417282760992012350e-03,7.043414197048553094e-01,-6.344545628283369820e-02,-2.615336792893103168e-01,6.014483974513131770e-01,5.165789656038403121e-01,1.973239177843396641e-01,2.914465301730087554e-01,-3.779132393218070235e-02,-4.250764162355190612e-01
-6.807889547459711199e-02,4.212552507776959332e-01,-2.482979482713541797e-02,2.898932645799468522e-01,1.757305432737112927e-01,-8.264086553813719191e-03,1.091610132521902421e-01,2.379587089238591469e-01,4.113162948062681901e-01,-2.248883884043560988e-01,-2.564707650033385411e-01,-6.651133367337722646e-01,-6.289717192005591651e-01,4.845613143312230489e-03,3.537024884535619473e-01,4.415135015488772519e-01,3.178465485457973028e-01,-5.481174282078079552e-01,-2.270386874363964497e-02,-1.783400730598201367e-01,-4.220700196128787107e-01,4.727703374084952226e-01,5.926947132219987369e-01,1.000000000000000000e+00,-4.949856086070032468e-01,-1.568259999999999099e-02,-6.143674635868103806e-01,-3.098809454863427071e-01,-2.044403601293438844e-01,-3.136238367657512849e-01,6.136770969812395116e-01,-1.080408549311323990e-01,-3.902763694209621798e-02,2.334819458321856223e-01,3.168849765831350251e-01,-7.445136527675809412e-02,3.438189590270070983e-01,8.186797517616564712e-02,-4.110662447940464648e-01
2.498020706188036899e-01,2.111911741343025506e-02,2.105067572720459579e-01,-9.510298268039868441e-01,-5.714614359629517359e-01,3.688240171527382150e-01,-7.693633004317962376e-01,-6.771590197263464839e-02,-8.568619400316982437e-01,7.549719731533022227e-01,-2.291088437931851074e-01,8.960353678561403523e-01,5.092502632884700342e-02,2.906677004005882997e-02,3.860284688920810336e-01,2.097535078850918944e-01,-8.892463314781494654e-01,9.063015303679003987e-01,7.393197461458218545e-01,1.484244517719179174e-03,4.975932979381920140e-01,-2.388668057107391496e-01,-2.793901984879585410e-01,-4.949856086070032468e-01,1.000000000000000000e+00,4.174862999999999769e-01,-1.224912553254847714e-01,4.218416531339949649e-01,5.190917470454808891e-01,9.092136464105927685e-01,-5.767242916426302823e-01,2.674312113413044867e-01,5.258728050035085255e-01,-2.679361010974712909e-01,-3.804010746048674396e-01,-3.610207225629009087e-01,-3.903533289501968651e-01,4.564947006299033272e-01,-3.676036520964221510e-01
-7.104298399999999791e-01,-3.626956999999999542e-01,-5.989044199999999929e-01,-3.121234200000000403e-01,-5.656246600000000013e-01,-4.745980600000000438e-01,-8.684411800000000348e-01,7.542722399999999272e-01,-6.304627800000000004e-01,8.026781800000000189e-01,3.487443800000000760e-01,3.026260800000000195e-01,-5.184776600000000624e-01,8.835483399999999321e-01,2.431061199999999811e-01,4.995825400000000194e-01,-5.202898599999999929e-01,1.908056199999998981e-01,3.358748000000000289e-02,-2.468937799999999516e-01,7.510538000000011039e-02,6.001400800000000757e-01,-2.542584799999999534e-01,-1.568259999999999099e-02,4.174862999999999769e-01,1.000000000000000000e+00,-6.717142799999999969e-01,-5.612664199999999326e-01,7.830407200000000234e-01,3.180693999999999466e-01,-3.067427400000000137e-01,6.970317399999998997e-01,9.715356600000000231e-01,-5.711355399999999971e-01,-9.220087000000000144e-01,-6.707057400000000502e-01,-6.030576000000000825e-01,8.977071000000000911e-01,-6.842641000000000417e-01
4.084987420980680239e-01,-3.269337061748352480e-01,2.544439611238947796e-01,2.376608624432162420e-01,2.908346308959635085e-01,3.008736173976995221e-01,6.237983441842867016e-01,-6.289084362423599250e-01,1.685664453619335479e-01,-4.492128537392240939e-01,1.285617403872241216e-01,1.820421728678002227e-01,8.522115878878687711e-01,-4.973297755601410186e-01,-7.187196536962007221e-01,-8.669348219477488460e-01,2.836661810921237148e-01,6.923227698426159815e-02,-1.662384546653623285e-01,3.723749553020396785e-01,3.479426298412847673e-01,-7.667923626399552051e-01,-4.651903884562083036e-01,-6.143674635868103806e-01,-1.224912553254847714e-01,-6.717142799999999969e-01,1.000000000000000000e+00,5.290082891204308524e-01,-5.926790582653810313e-01,-2.444910461891596221e-01,-2.907767327724113393e-01,-5.208364027034912969e-01,-6.577355114451193252e-01,7.752848104047421751e-02,3.560195237800389823e-01,4.999638788644859000e-01,2.018236056382221033e-01,-7.479781836287311414e-01,9.443453228122524745e-01
9.330259898627809578e-01,1.724787263473148147e-01,7.768609340157176524e-01,-5.170264754977653698e-01,2.822247934455658983e-02,8.019345654288243530e-01,1.178540106978523960e-01,-8.177535762427946553e-01,-2.684997773119400799e-01,-1.367637975404684680e-01,-6.287267500062110326e-01,5.347241245854167380e-01,5.009584440224379431e-01,-7.881180863308903106e-01,3.934759339268870115e-02,-3.560683364795594885e-01,-3.108006750291081866e-01,6.020421043235172354e-01,7.140796874790278359e-01,5.342551086921571990e-01,5.874968012173048537e-01,-8.858964428055569051e-01,-1.076045361262172040e-01,-3.098809454863427071e-01,4.218416531339949649e-01,-5.612664199999999326e-01,5.290082891204308524e-01,1.000000000000000000e+00,-4.965422054629125559e-01,4.759755175981183473e-01,-1.508154815550354355e-01,-6.085763679436551055e-01,-4.389235744256538285e-01,1.043972757036277510e-01,5.430115270240871705e-01,1.882072258404976217e-01,4.142387802693384136e-01,-5.050564770876438958e-01,3.393506191800215732e-01
-5.348602880957752381e-01,6.525420566101786113e-02,-3.791112170453734831e-01,-4.223479687629762558e-01,-4.501194428181033991e-01,-4.156183245169256524e-01,-7.371747225112030844e-01,5.662004869206247459e-01,-4.081508462837941664e-01,7.048181764689116502e-01,2.375148311989129513e-01,2.861010880906209031e-01,-3.610653785502909163e-01,6.243589144107488664e-01,4.528163705470619194e-01,5.899366465681596949e-01,-5.100413099201649425e-01,2.879340818459575901e-01,1.588352225477296376e-02,-5.628144535491735878e-01,-2.723934591799777039e-01,5.940267755588820586e-01,1.636566039916657195e-02,-2.044403601293438844e-01,5.190917470454808891e-01,7.830407200000000234e-01,-5.926790582653810313e-01,-4.965422054629125559e-01,1.000000000000000000e+00,4.392502364522514191e-01,-3.110937819641259594e-01,8.057062796152807405e-01,7.632882545144639153e-01,-1.585519339367440494e-01,-7.143261050357827546e-01,-3.614748169998465155e-01,-6.722047223958912410e-01,8.085179419745988083e-01,-6.841996825051349651e-01
3.716203852201822033e-01,2.299352079944075034e-01,3.031968040262079112e-01,-9.570716525205292813e-01,-4.661451978457858414e-01,3.570023415952423007e-01,-7.167639009238060410e-01,-1.131522013414581335e-01,-7.406360742488512505e-01,5.831895203471559874e-01,-4.853367376252333276e-01,7.827025721872424846e-01,-1.186469058605717775e-01,-1.025910771322164489e-01,6.076026913600688362e-01,3.696590343154318448e-01,-8.181022156050774541e-01,8.632851158222633048e-01,8.255091528338304174e-01,1.275551109935384453e-01,4.100412386917387519e-01,-1.743962545945149656e-01,8.417282760992012350e-03,-3.136238367657512849e-01,9.092136464105927685e-01,3.180693999999999466e-01,-2.444910461891596221e-01,4.759755175981183473e-01,4.392502364522514191e-01,1.000000000000000000e+00,-2.584418585882535258e-01,2.329432555406225902e-01,4.468483254445081987e-01,-1.212476538293883882e-01,-2.036666189174657360e-01,-3.786836890787824705e-01,-1.789405410213695535e-01,4.096948965526470143e-01,-4.962830416598698613e-01
9.022559000539903673e-02,4.641301233029563322e-01,1.890130466672395038e-01,3.673285454166272390e-01,3.490793250485910160e-01,-1.867239729856128017e-01,3.737199463114871945e-01,1.076512391945804170e-01,5.707441979538785404e-01,-5.438582282615435082e-01,-3.252537240312092237e-01,-6.823883258430804011e-01,-5.180761135066226375e-01,-2.474106583776949364e-01,3.649359853086288630e-01,2.428412476840237366e-01,5.254137845878579238e-01,-5.065046333754614771e-01,-1.277417042554897519e-01,1.478924379639725561e-01,-3.384807495140464972e-01,3.032315631484727159e-01,7.043414197048553094e-01,6.136770969812395116e-01,-5.767242916426302823e-01,-3.067427400000000137e-01,-2.907767327724113393e-01,-1.508154815550354355e-01,-3.110937819641259594e-01,-2.584418585882535258e-01,1.000000000000000000e+00,-3.066526644329548024e-02,-3.061115068834671660e-01,3.136721816454161038e-01,4.706836263940976095e-01,-1.279444958467262569e-02,5.129712886984421072e-01,-1.851989048866386212e-01,-1.644067735677060549e-01
-6.389805906855309248e-01,-1.906929910799015637e-02,-4.982974770389960173e-01,-1.543749743848824851e-01,-3.577194640021052474e-01,-5.478078077450817540e-01,-5.392516014763513166e-01,8.142900008769659026e-01,-2.375642478328078011e-01,5.220403898433877421e-01,3.987087428996664018e-01,8.950978919741968409e-02,-5.452405273906509864e-01,6.142599148317812174e-01,2.816991290058964426e-01,3.500735261428359890e-01,-1.670245817970173463e-01,-5.385781646377117704e-03,-1.951966788030302380e-01,-5.635364906247143368e-01,-2.078308740817720879e-01,7.296979416768856197e-01,-6.344545628283369820e-02,-1.080408549311323990e-01,2.674312113413044867e-01,6.970317399999998997e-01,-5.208364027034912969e-01,-6.085763679436551055e-01,8.057062796152807405e-01,2.329432555406225902e-01,-3.066526644329548024e-02,1.000000000000000000e+00,7.087787286990069324e-01,-1.725565848776602074e-01,-6.891037156469542735e-01,-5.370953463386188842e-01,-6.036839780546329193e-01,7.209480256011771004e-01,-5.118666010253549725e-01
-5.926906943253273941e-01,-3.014053273642494646e-01,-4.888190406981474112e-01,-4.332091074547523846e-01,-6.911616089085620418e-01,-3.286469250226395911e-01,-9.099671549784896785e-01,7.177970067463635973e-01,-7.128810848242248532e-01,8.650183111441316353e-01,2.932372979762768450e-01,3.851355505787042999e-01,-5.741213356871420759e-01,7.963930972166155531e-01,3.199005402720618285e-01,4.943993319543200093e-01,-5.493548801726253483e-01,2.660092993419110874e-01,1.567714611456696994e-01,-2.334023891305077036e-01,1.974041839690461597e-01,5.542672697439831042e-01,-2.615336792893103168e-01,-3.902763694209621798e-02,5.258728050035085255e-01,9.715356600000000231e-01,-6.577355114451193252e-01,-4.389235744256538285e-01,7.632882545144639153e-01,4.468483254445081987e-01,-3.061115068834671660e-01,7.087787286990069324e-01,1.000000000000000000e+00,-5.966398406290067680e-01,-8.792610654403345549e-01,-7.180464282277384536e-01,-6.263233682108185763e-01,9.291893763929962580e-01,-6.798828606077718106e-01
3.670067146742889141e-01,6.911235285939751893e-01,2.805677093367920927e-01,1.453151983455519269e-01,4.593816892997651946e-01,1.417751326360061903e-01,4.905758753391650795e-01,-3.147299442241818790e-01,6.367866246832473154e-01,-5.323688098213413822e-01,-3.961097225702197577e-01,-3.488032900353025823e-01,1.460925164823847211e-01,-5.352486758212204876e-01,2.070763448377306304e-01,1.243033306433750512e-01,3.069913432383222229e-01,-1.912800490906878537e-01,-4.511354189581434637e-02,-3.151606322969852103e-01,-6.096109257511450608e-01,-1.604765245015953370e-02,6.014483974513131770e-01,2.334819458321856223e-01,-2.679361010974712909e-01,-5.711355399999999971e-01,7.752848104047421751e-02,1.043972757036277510e-01,-1.585519339367440494e-01,-1.212476538293883882e-01,3.136721816454161038e-01,-1.725565848776602074e-01,-5.966398406290067680e-01,1.000000000000000000e+00,6.396701611784741948e-01,5.363287562475964609e-01,3.581483391738672362e-01,-4.208091972866991881e-01,6.169500697416892276e-02
7.725974522625598251e-01,6.105745125153119179e-01,7.042858280801367332e-01,1.787893688208025134e-01,5.106298831470947874e-01,5.539980689562715721e-01,7.267219001874221096e-01,-7.099609042390319091e-01,6.160473954354135362e-01,-7.308444571236301091e-01,-5.735935812262852318e-01,-3.809927849331072314e-01,2.555177204524635703e-01,-8.973135370292056878e-01,8.050305471421852210e-02,-2.041245001357386291e-01,4.285936594273767053e-01,-1.881513654919838296e-01,1.571970986816206284e-01,1.736287795311541871e-01,-1.763202599560121098e-01,-4.573826101292430280e-01,5.165789656038403121e-01,3.168849765831350251e-01,-3.804010746048674396e-01,-9.220087000000000144e-01,3.560195237800389823e-01,5.430115270240871705e-01,-7.143261050357827546e-01,-2.036666189174657360e-01,4.706836263940976095e-01,-6.891037156469542735e-01,-8.792610654403345549e-01,6.396701611784741948e-01,1.000000000000000000e+00,5.754687016541547573e-01,6.763278289348678696e-01,-7.572118098477778059e-01,3.796305130376326220e-01
3.185281021193629991e-01,2.835733715805547894e-01,2.205826170844985279e-01,3.533639839837298680e-01,3.515186058980299677e-01,2.650209223967979200e-01,6.829748934574557673e-01,-5.297302557014228475e-01,5.991142472803299146e-01,-4.819348256430069366e-01,5.175293574363848403e-02,-3.486795472121231310e-01,5.312228075699038099e-01,-5.157442658778965683e-01,-2.610352087175423219e-01,-2.755151858332982040e-01,4.248834521378538343e-01,-2.563778311236824536e-01,-2.983364892155726533e-01,-4.233229885320931307e-02,-3.817394402547445997e-01,-3.321870904383762424e-01,1.973239177843396641e-01,-7.445136527675809412e-02,-3.610207225629009087e-01,-6.707057400000000502e-01,4.999638788644859000e-01,1.882072258404976217e-01,-3.614748169998465155e-01,-3.786836890787824705e-01,-1.279444958467262569e-02,-5.370953463386188842e-01,-7.180464282277384536e-01,5.363287562475964609e-01,5.754687016541547573e-01,1.000000000000000000e+00,9.645178597375410334e-02,-4.921631437018666455e-01,5.360834121466442337e-01
5.226202004070459317e-01,2.032711032312618238e-01,5.160343897385266665e-01,1.941057691050816214e-01,5.593077145215398227e-01,1.165435602649654706e-01,4.766945426504022310e-01,-5.493167200870180400e-01,3.738210093565376146e-01,-7.596802291843014476e-01,-6.844915767156803943e-01,-2.183505790608062103e-01,1.846734992098809092e-01,-5.674174180566055048e-01,-2.222007357021180823e-02,-1.334744879062655376e-01,2.174350037519943712e-01,-1.382115346806732370e-01,1.674056025185143015e-01,4.966309536952084325e-01,-2.410242928014918323e-02,-3.801723184700094293e-01,2.914465301730087554e-01,3.438189590270070983e-01,-3.903533289501968651e-01,-6.030576000000000825e-01,2.018236056382221033e-01,4.142387802693384136e-01,-6.722047223958912410e-01,-1.789405410213695535e-01,5.129712886984421072e-01,-6.036839780546329193e-01,-6.263233682108185763e-01,3.581483391738672362e-01,6.763278289348678696e-01,9.645178597375410334e-02,1.000000000000000000e+00,-7.176381642793462357e-01,1.686981158283344384e-01
-5.677822984275318063e-01,-5.500109013133425151e-02,-4.528327659270713901e-01,-3.940346114774542774e-01,-7.125833237586836066e-01,-2.688183730782885417e-01,-8.291686966602032083e-01,7.480271892570375947e-01,-5.411089550462915287e-01,8.530191550945737111e-01,3.163730134769738855e-01,1.958056924993639702e-01,-6.783374499630251409e-01,7.116511427843682513e-01,4.686291691033841467e-01,6.184134472247899694e-01,-4.346469803409441224e-01,1.510707155668938872e-01,1.067610948035852686e-01,-3.806452110008093914e-01,-6.419580352885746050e-03,6.668058652038605372e-01,-3.779132393218070235e-02,8.186797517616564712e-02,4.564947006299033272e-01,8.977071000000000911e-01,-7.479781836287311414e-01,-5.050564770876438958e-01,8.085179419745988083e-01,4.096948965526470143e-01,-1.851989048866386212e-01,7.209480256011771004e-01,9.291893763929962580e-01,-4.208091972866991881e-01,-7.572118098477778059e-01,-4.921631437018666455e-01,-7.176381642793462357e-01,1.000000000000000000e+00,-7.293627335262878875e-01
2.634262996947528968e-01,-3.475515890415059039e-01,1.264848637952990518e-01,4.841217990387841619e-01,3.048831168433280836e-01,2.413444403574391273e-01,7.562721171743135296e-01,-4.771853762441913283e-01,3.457749098961824807e-01,-5.167147160837533004e-01,3.031129545759330135e-01,-8.405554238788176535e-02,7.092545644530217075e-01,-4.174151765352249743e-01,-8.036380255876188761e-01,-8.946513883090665420e-01,5.351471207678378805e-01,-2.210221780085770138e-01,-3.709481036477533800e-01,2.746407525434934604e-01,2.497089770371511142e-01,-6.021182052981054467e-01,-4.250764162355190612e-01,-4.110662447940464648e-01,-3.676036520964221510e-01,-6.842641000000000417e-01,9.443453228122524745e-01,3.393506191800215732e-01,-6.841996825051349651e-01,-4.962830416598698613e-01,-1.644067735677060549e-01,-5.118666010253549725e-01,-6.798828606077718106e-01,6.169500697416892276e-02,3.796305130376326220e-01,5.360834121466442337e-01,1.686981158283344384e-01,-7.293627335262878875e-01,1.000000000000000000e+00
