1.000000000000000000e+00,-1.195895999999999626e-01,1.492347146818014392e-01,-4.147766698530092055e-02,-3.546385380386394282e-01,3.091906433391372611e-01,8.560668295526871474e-02,3.274632749508675778e-01,-2.226256003295190578e-01,1.339482646991174974e-01,4.057320182483551974e-01,-3.358746124518154907e-01,4.283884182342833635e-01,-2.919704332808458203e-01,-6.332487243944584510e-02,4.411823882551377252e-01,2.079674857309543878e-01,-1.220646697989579421e-01,-2.171668893570870562e-01,6.518582086792988617e-02,-1.136701463034803933e-01,-3.428130369492407015e-01,2.489558578297365321e-01,4.008304933254150382e-02,-1.210403540674229589e-01,7.562044747496367292e-02,-3.258123088098618947e-02,-1.794185744081762401e-02,-1.208819178839272562e-01,3.654782120884954300e-02,-1.457702830481541756e-01,-1.105542730231996035e-01,-3.099445378405442098e-01,7.707158496684618498e-02,5.669097529782098077e-03,2.085407375423908860e-01,-3.209221356077683884e-01,-2.030511102174805960e-01,-1.629929281953656495e-01
-1.195895999999999626e-01,1.000000000000000000e+00,-5.303216200000000491e-01,-1.432056200000000334e-01,3.031663600000000791e-01,-7.495503399999999816e-01,-9.429777799999999877e-01,2.961780400000000313e-01,-5.971077200000000085e-01,-5.264757199999999804e-01,-1.509924999999999740e-01,8.039769999999999417e-01,-8.839960799999999619e-01,3.946545999999999665e-01,8.226371400000001000e-01,1.453759999999999497e-01,-7.128170600000000023e-01,2.009672799999999704e-01,9.480864200000000963e-01,-6.101811400000000107e-01,-6.558158000000002819e-02,2.917718400000000045e-01,-8.108042199999999644e-01,-5.616706399999999988e-01,-4.034801999999999556e-01,-8.223762199999999911e-01,2.928184599999998916e-01,8.076652200000000725e-01,-7.773593400000000653e-01,-3.769232200000000033e-01,9.736306599999999811e-01,-4.827685999999999922e-01,-3.813660399999999617e-01,4.464379999999998905e-01,9.609096800000000993e-01,2.443717599999999379e-01,8.074794599999999267e-01,7.815112399999999404e-01,9.018313000000000024e-01
1.492347146818014392e-01,-5.303216200000000491e-01,1.000000000000000000e+00,1.302630077251031304e-01,-5.798391298479301792e-01,2.430759942724964873e-01,6.180479453293323822e-01,-2.825968475738289132e-01,1.119977579965310555e-01,5.785705759827334260e-01,5.693193276604462394e-01,-2.540075124704017639e-01,5.512174157456904977e-01,5.931159527101204088e-02,-6.162982288568467915e-02,3.520587457765133044e-01,4.429353821317705830e-01,2.656783060428429266e-01,-6.389624459826875880e-01,1.346200336257247498e-01,-1.305462447176001517e-01,2.051040302275245752e-01,7.382280622200454445e-01,-1.551218126403635378e-01,6.557700473627741111e-01,4.379613599210964159e-01,-3.685644361028768135e-01,-8.172354792156915071e-01,1.755491432269828955e-01,-7.202636772543581645e-02,-4.731818970905630195e-01,4.434363665844501950e-02,2.400192554228246233e-01,-8.660530608203382830e-01,-6.149271786682075636e-01,-5.054246551170477053e-01,-2.649349940798372827e-01,-6.027834371444402706e-01,-7.167752650729311004e-01
-4.147766698530092055e-02,-1.432056200000000334e-01,1.302630077251031304e-01,1.000000000000000000e+00,-5.432957973385268424e-01,2.123973280343144365e-01,1.916091317518770799e-03,-5.212336192097217769e-01,2.433845744188635474e-01,-4.471696943893804232e-01,1.787689104801323259e-01,-1.126935763657510581e-01,1.962360558177820014e-01,-4.744886230509892111e-01,2.738992462265332772e-03,-1.090210900695095103e-01,-4.077058318134643145e-01,-5.803157191492418487e-01,-2.656990903341976407e-01,-3.592265385153634027e-01,7.971605210527841212e-01,2.024059761260219859e-01,1.712695303062055086e-01,2.918068121546025795e-01,2.446484528856238405e-01,-1.107911483916877854e-01,-5.882821124509273192e-01,1.405841538351770836e-02,1.946493196076450327e-01,3.618026344500944735e-01,-2.071297991653093251e-01,7.584572486557797921e-01,-1.489212744435408353e-01,-2.115308928247745524e-01,-1.543028753046122026e-01,5.881552250073861510e-01,-4.589282269794701663e-01,-2.066830736292656345e-01,1.343906025435278040e-01
-3.546385380386394282e-01,3.031663600000000791e-01,-5.798391298479301792e-01,-5.432957973385268424e-01,1.000000000000000000e+00,-2.181508357752504623e-01,-2.915519425618753324e-01,4.874569023290743486e-01,-1.631204345734833250e-01,4.717641299667669347e-02,-6.444759560792595598e-01,-1.348354842808910034e-02,-5.566245203423211274e-01,1.438985093881773314e-01,-7.720735673992072667e-02,-6.467468531979154722e-01,1.256296515154976812e-01,3.872754740094012105e-01,5.283005364318972275e-01,3.777683992793720580e-01,-4.327770045089717743e-01,2.750831392249170060e-02,-6.694158170665559515e-01,-1.697524716371295039e-01,-6.451791219865409266e-01,-1.407127277891959682e-01,7.574966439181055611e-01,4.306780075849639400e-01,4.088393426896100996e-02,9.323547829172801338e-02,3.638041897687625537e-01,-3.608828941994948192e-01,3.804358973209850947e-01,7.137058055818167324e-01,2.935348287211168583e-01,-3.548526541922232547e-02,4.016805316075602872e-01,5.943684924493027877e-01,3.283933020737094255e-01
3.091906433391372611e-01,-7.495503399999999816e-01,2.430759942724964873e-01,2.123973280343144365e-01,-2.181508357752504623e-01,1.000000000000000000e+00,6.349084135786406957e-01,-1.954161002419930460e-01,3.236721054250982221e-01,9.367186419920636720e-02,1.348122989735246469e-01,-7.945353700080856063e-01,8.054491518264145222e-01,-6.235535770678899414e-01,-6.959978446957365561e-01,-1.017417233065432136e-01,4.347496379766183083e-01,-4.189312401360319460e-01,-7.622748826786924781e-01,3.170381613243697938e-01,3.290161591090176585e-01,-3.832704731207884352e-01,6.344000206253570529e-01,7.105956571030620506e-01,2.803311689292583009e-01,4.716561655992350666e-01,-3.919238602737440957e-01,-4.779056131136144026e-01,4.752246838595500789e-01,1.780472979341166107e-01,-7.674162596959549498e-01,5.908873138252024315e-01,1.615209505105292057e-02,-1.370803566931209638e-01,-6.792421046802160634e-01,1.003732895733651376e-01,-7.159161871152059931e-01,-6.955126912402090911e-01,-6.003659851847775730e-01
8.560668295526871474e-02,-9.429777799999999877e-01,6.180479453293323822e-01,1.916091317518770799e-03,-2.915519425618753324e-01,6.349084135786406957e-01,1.000000000000000000e+00,-1.897866201385159934e-01,4.913311695421355152e-01,6.513759757432275865e-01,2.647038196327858306e-01,-6.896907959027895885e-01,8.275984722182343489e-01,-3.288726358625554402e-01,-7.049367367496996994e-01,-1.349024330310301389e-02,7.875165408996083194e-01,5.152358969574922370e-02,-8.950182660670610302e-01,6.071857315309719949e-01,-9.184147531279605869e-02,-2.143636525417456362e-01,8.226775633783682817e-01,3.948676903034902819e-01,4.750432828825964515e-01,9.077033810206888154e-01,-2.341422742519798650e-01,-8.926639295431033627e-01,6.727257824846253342e-01,2.765272133226667206e-01,-9.052913605297027155e-01,2.981000625102757096e-01,4.760450888662268731e-01,-5.742272802236900731e-01,-9.085811318630209188e-01,-3.470026656087879524e-01,-7.130179935298219807e-01,-7.706197659417572954e-01,-9.391884650079634911e-01
3.274632749508675778e-01,2.961780400000000313e-01,-2.825968475738289132e-01,-5.212336192097217769e-01,4.874569023290743486e-01,-1.954161002419930460e-01,-1.897866201385159934e-01,1.000000000000000000e+00,-4.062936396726014587e-01,2.749151993636745339e-01,-4.565172796556227208e-02,5.453366798510372870e-02,-2.956346349707592580e-01,1.675254131078876552e-02,1.387975461914788822e-01,-7.164956919508885802e-02,2.257871419612038077e-01,5.111111574640607724e-01,4.172850304435560820e-01,3.150350118144590872e-01,-5.932625835706759609e-01,4.910203478867560672e-02,-4.305834783243861486e-01,-4.639515172601682003e-01,-5.760761673896577229e-01,8.226012144755977251e-02,6.894376718172789964e-01,3.004763962907827657e-01,-1.732085164749935235e-01,1.742750125363218827e-01,2.794763891919803123e-01,-6.019378028395097058e-01,2.516823234312179358e-01,4.995328605999396210e-01,3.880781481633521213e-01,1.552719641739397916e-01,1.431318010235001492e-01,4.799640700274573901e-01,2.179180628350624871e-01
-2.226256003295190578e-01,-5.971077200000000085e-01,1.119977579965310555e-01,2.433845744188635474e-01,-1.631204345734833250e-01,3.236721054250982221e-01,4.913311695421355152e-01,-4.062936396726014587e-01,1.000000000000000000e+00,2.567262443866244470e-01,-2.752653588551252639e-01,-4.669470258684262909e-01,4.218209808171679009e-01,1.133790385295638803e-01,-5.813265062788744997e-01,-4.295565085251735749e-01,4.178534340299434047e-01,-3.943198596284586688e-01,-4.397267045852010225e-01,4.980070544182915171e-01,7.847255419303302004e-02,-4.794367866682439083e-01,2.601572216414421712e-01,3.873705095801352472e-01,-6.067479195574243533e-02,5.226934652782764257e-01,-1.740217302206414907e-02,-2.328516854600059527e-01,8.409267521534159462e-01,5.927977928587065959e-01,-5.867131148342757951e-01,5.746390051012807421e-01,3.476080256770212040e-01,-1.594677920918081415e-01,-5.002158107544459886e-01,-1.590163706367980490e-01,-6.192317750015436939e-01,-1.908311420212711607e-01,-3.497549404597823930e-01
1.339482646991174974e-01,-5.264757199999999804e-01,5.785705759827334260e-01,-4.471696943893804232e-01,4.717641299667669347e-02,9.367186419920636720e-02,6.513759757432275865e-01,2.749151993636745339e-01,2.567262443866244470e-01,1.000000000000000000e+00,1.938142116343424814e-01,-3.849783065285413697e-01,3.130894111953813064e-01,2.398188603569874899e-01,-2.838757320900498482e-01,-6.066867813413543559e-02,8.830818452730745394e-01,6.084342049431232802e-01,-3.885465657417700447e-01,7.893783369617841661e-01,-7.709864598707759642e-01,3.263884683035622736e-02,3.462414841392569276e-01,-3.029044470604363437e-01,1.584674682694427184e-02,7.217496290344789234e-01,4.223224889609916710e-01,-6.164003013771328643e-01,4.440182783602178995e-01,3.052505607790950704e-01,-4.176113822305262957e-01,-3.785705191915553769e-01,7.274730831187561364e-01,-3.549974751400520323e-01,-5.167739662063137729e-01,-6.492380906567692955e-01,-2.391207347062841437e-01,-1.808794270311506469e-01,-6.862481301754074225e-01
4.057320182483551974e-01,-1.509924999999999740e-01,5.693193276604462394e-01,1.787689104801323259e-01,-6.444759560792595598e-01,1.348122989735246469e-01,2.647038196327858306e-01,-4.565172796556227208e-02,-2.752653588551252639e-01,1.938142116343424814e-01,1.000000000000000000e+00,-1.012247893087526648e-02,3.317346357490906228e-01,-2.009402751126453945e-01,2.555678507744729711e-01,6.583558883415226992e-01,1.015958813485040857e-01,1.071331100717598517e-01,-3.396881493873942781e-01,-2.105184015168279354e-01,4.700863347754648258e-02,1.826829475070097519e-01,4.867530258380462493e-01,-1.225747056639177324e-01,5.059276378933673657e-01,1.429276694453912033e-01,-3.968283904506386683e-01,-4.351821870662968550e-01,-2.729030269552996657e-01,-2.140825892692037880e-01,-1.561961496555574203e-01,-5.533923093802089327e-02,-6.674473162303364016e-02,-5.994740063873250646e-01,-1.811623767551071018e-01,-4.181670022165376310e-02,-1.550144288807761561e-01,-4.105714283212652527e-01,-3.170099705992359684e-01
-3.358746124518154907e-01,8.039769999999999417e-01,-2.540075124704017639e-01,-1.126935763657510581e-01,-1.348354842808910034e-02,-7.945353700080856063e-01,-6.896907959027895885e-01,5.453366798510372870e-02,-4.669470258684262909e-01,-3.849783065285413697e-01,-1.012247893087526648e-02,1.000000000000000000e+00,-7.269863355386935178e-01,5.047453714231888711e-01,8.284654138060955075e-01,3.914404251673323509e-01,-7.083873663775785978e-01,2.328488383165383535e-01,6.999239109765105216e-01,-6.847210357622471877e-01,-2.234018801615077904e-02,4.501298883899993997e-01,-4.675569769500753647e-01,-5.170212212887471681e-01,4.317554945474505468e-02,-5.984382095817578628e-01,3.783793898847309656e-03,4.258079041259166253e-01,-7.498697843284758413e-01,-5.045490261272448373e-01,7.622593647709184905e-01,-4.957560730356240786e-01,-3.688032329784185492e-01,2.080368303520804818e-03,7.200520805489580844e-01,-3.551333952330854721e-02,7.696325823337988314e-01,4.744577727091602304e-01,6.173740609837206073e-01
4.283884182342833635e-01,-8.839960799999999619e-01,5.512174157456904977e-01,1.962360558177820014e-01,-5.566245203423211274e-01,8.054491518264145222e-01,8.275984722182343489e-01,-2.956346349707592580e-01,4.218209808171679009e-01,3.130894111953813064e-01,3.317346357490906228e-01,-7.269863355386935178e-01,1.000000000000000000e+00,-4.587596472527063485e-01,-6.964337959895489094e-01,2.101128970683538433e-01,5.358229532970342213e-01,-3.748602564861739928e-01,-9.402932942074379019e-01,3.168269106054963369e-01,2.266189355950184448e-01,-4.559237012202682626e-01,9.049432536807395788e-01,6.118857475578531879e-01,5.045555969348647363e-01,6.699108037202933241e-01,-5.224311100848134659e-01,-7.327132217635425881e-01,5.229023833995091186e-01,1.434795815500456151e-01,-9.084941065510931946e-01,5.104839434677644894e-01,-1.701882133925527660e-02,-4.938456882431400685e-01,-8.072293840968116641e-01,-9.489996802059647019e-02,-8.021223273340887250e-01,-8.850968891261742355e-01,-8.281287657249039036e-01
-2.919704332808458203e-01,3.946545999999999665e-01,5.931159527101204088e-02,-4.744886230509892111e-01,1.438985093881773314e-01,-6.235535770678899414e-01,-3.288726358625554402e-01,1.675254131078876552e-02,1.133790385295638803e-01,2.398188603569874899e-01,-2.009402751126453945e-01,5.047453714231888711e-01,-4.587596472527063485e-01,1.000000000000000000e+00,4.249214568649331558e-01,9.594286774631327619e-02,-1.068106451352976438e-02,3.414429896626553496e-01,4.688086721052537320e-01,-6.615217572718341994e-03,-5.555927037006426206e-01,7.693042596604443562e-04,-3.379878931170957057e-01,-5.905985364800182547e-01,-2.051964192105159013e-01,-2.183551543747990764e-01,4.082339816863904680e-01,1.929293177779779489e-01,-1.961010138625099986e-01,-2.330442446603480100e-01,4.463927296454827665e-01,-5.098058035211781025e-01,3.787651138837939968e-02,-7.875366901826957866e-02,3.539967073492509830e-01,-6.228282450813393822e-01,5.850936021697705769e-01,4.754636510708984409e-01,1.951519289112638444e-01
-6.332487243944584510e-02,8.226371400000001000e-01,-6.162982288568467915e-02,2.738992462265332772e-03,-7.720735673992072667e-02,-6.959978446957365561e-01,-7.049367367496996994e-01,1.387975461914788822e-01,-5.813265062788744997e-01,-2.838757320900498482e-01,2.555678507744729711e-01,8.284654138060955075e-01,-6.964337959895489094e-01,4.249214568649331558e-01,1.000000000000000000e+00,4.059934980947547123e-01,-5.941536057759274625e-01,3.424551176646483674e-01,6.919761570515983173e-01,-6.406990127443978889e-01,-1.064689408997752107e-01,5.144493082466607969e-01,-4.868067570903047425e-01,-6.442950639247833067e-01,-5.704384424334780351e-02,-6.429422782146640980e-01,8.100659305785767872e-02,4.462535154746978816e-01,-7.772264521383548397e-01,-4.146233886841558802e-01,8.062897897456936525e-01,-5.160175405511051583e-01,-2.656984170507742382e-01,-2.429738533867193545e-02,7.546508107348046668e-01,3.245361496277795327e-02,7.028147549039364117e-01,5.324387557695042794e-01,6.303424211304886615e-01
4.411823882551377252e-01,1.453759999999999497e-01,3.520587457765133044e-01,-1.090210900695095103e-01,-6.467468531979154722e-01,-1.017417233065432136e-01,-1.349024330310301389e-02,-7.164956919508885802e-02,-4.295565085251735749e-01,-6.066867813413543559e-02,6.583558883415226992e-01,3.914404251673323509e-01,2.101128970683538433e-01,9.594286774631327619e-02,4.059934980947547123e-01,1.000000000000000000e+00,-2.047448835619813390e-01,2.205404564473634893e-02,-9.779663817331878117e-02,-5.343592029290343826e-01,3.925582688945240123e-02,-4.313648171804553878e-03,4.075560756799025963e-01,-1.239173100859532611e-01,5.422514259213835341e-01,-9.965105253104468430e-02,-4.795599757616046399e-01,-2.367799910325261714e-01,-6.267429776399922048e-01,-6.564251364961812829e-01,7.683556215135597944e-02,-3.011805046370436001e-01,-5.904242307368864351e-01,-5.111961225961492161e-01,1.405023335364679882e-01,-1.472020740533538374e-01,1.846803894301811688e-01,-3.651834179494544141e-01,-1.406101900697105389e-01
2.079674857309543878e-01,-7.128170600000000023e-01,4.429353821317705830e-01,-4.077058318134643145e-01,1.256296515154976812e-01,4.347496379766183083e-01,7.875165408996083194e-01,2.257871419612038077e-01,4.178534340299434047e-01,8.830818452730745394e-01,1.015958813485040857e-01,-7.083873663775785978e-01,5.358229532970342213e-01,-1.068106451352976438e-02,-5.941536057759274625e-01,-2.047448835619813390e-01,1.000000000000000000e+00,3.612814543359793573e-01,-5.434387578416775000e-01,8.954957265975955760e-01,-6.001852090620640734e-01,-3.093453702771037372e-01,4.260429338434117419e-01,5.391463464662436117e-02,-4.107656588403556241e-02,8.165796684176649389e-01,3.541471656167560766e-01,-6.043839301445117496e-01,6.401060633217132700e-01,3.721245683220268385e-01,-6.221157455347138265e-01,-8.759729147635150759e-02,6.854180128922154891e-01,-2.102520625017955391e-01,-6.438177203829864581e-01,-4.944861030292257431e-01,-4.794476508197507147e-01,-3.203094857899767001e-01,-7.600567188604319124e-01
-1.220646697989579421e-01,2.009672799999999704e-01,2.656783060428429266e-01,-5.803157191492418487e-01,3.872754740094012105e-01,-4.189312401360319460e-01,5.152358969574922370e-02,5.111111574640607724e-01,-3.943198596284586688e-01,6.084342049431232802e-01,1.071331100717598517e-01,2.328488383165383535e-01,-3.748602564861739928e-01,3.414429896626553496e-01,3.424551176646483674e-01,2.205404564473634893e-02,3.612814543359793573e-01,1.000000000000000000e+00,2.717022557335622146e-01,2.808807054713045037e-01,-7.843195530976689867e-01,4.806300880760842054e-01,-1.879091120234700485e-01,-7.246754278978772001e-01,-7.425799924842538258e-02,1.359519796577983164e-01,5.550176054185677055e-01,-1.792457330831857820e-01,-2.151377565078471665e-01,-1.284835127546298250e-01,3.107793777973381077e-01,-7.783896970189848608e-01,5.686050361524426222e-01,-1.134068963131069224e-01,1.139741550017893817e-01,-4.961876707029478362e-01,4.527513266108795786e-01,2.844647267233766375e-01,-9.381366337758816065e-02
-2.171668893570870562e-01,9.480864200000000963e-01,-6.389624459826875880e-01,-2.656990903341976407e-01,5.283005364318972275e-01,-7.622748826786924781e-01,-8.950182660670610302e-01,4.172850304435560820e-01,-4.397267045852010225e-01,-3.885465657417700447e-01,-3.396881493873942781e-01,6.999239109765105216e-01,-9.402932942074379019e-01,4.688086721052537320e-01,6.919761570515983173e-01,-9.779663817331878117e-02,-5.434387578416775000e-01,2.717022557335622146e-01,1.000000000000000000e+00,-3.541448497341296298e-01,-2.323641241487280629e-01,2.126894578669357994e-01,-9.371177208086423072e-01,-5.818846246373734488e-01,-6.202241278161840787e-01,-6.914518231712952767e-01,5.461061516083123291e-01,8.606261192662316706e-01,-5.797986970025078568e-01,-1.785379368133161448e-01,9.393589426432937817e-01,-5.130084643895425067e-01,-1.615385853025196050e-01,5.909558717430780650e-01,9.410781059892218137e-01,2.034891406598847152e-01,7.590912078350947612e-01,9.207155212102154929e-01,8.994667588306256567e-01
6.518582086792988617e-02,-6.101811400000000107e-01,1.346200336257247498e-01,-3.592265385153634027e-01,3.777683992793720580e-01,3.170381613243697938e-01,6.071857315309719949e-01,3.150350118144590872e-01,4.980070544182915171e-01,7.893783369617841661e-01,-2.105184015168279354e-01,-6.847210357622471877e-01,3.168269106054963369e-01,-6.615217572718341994e-03,-6.406990127443978889e-01,-5.343592029290343826e-01,8.954957265975955760e-01,2.808807054713045037e-01,-3.541448497341296298e-01,1.000000000000000000e+00,-5.908412695246042512e-01,-2.539733979122853480e-01,1.300835988532948739e-01,5.659262996295676140e-02,-3.509718365881696611e-01,7.371716080214634204e-01,5.786412651704589960e-01,-3.404363708181969428e-01,7.606415518190825509e-01,6.297265861368966933e-01,-5.237654472452801802e-01,-6.483409199595364936e-02,7.783418684782551500e-01,1.098615015020151658e-01,-5.240106605602744549e-01,-3.212158997858459708e-01,-4.651804577348748748e-01,-4.878098732446695118e-02,-5.347250780369268153e-01
-1.136701463034803933e-01,-6.558158000000002819e-02,-1.305462447176001517e-01,7.971605210527841212e-01,-4.327770045089717743e-01,3.290161591090176585e-01,-9.184147531279605869e-02,-5.932625835706759609e-01,7.847255419303302004e-02,-7.709864598707759642e-01,4.700863347754648258e-02,-2.234018801615077904e-02,2.266189355950184448e-01,-5.555927037006426206e-01,-1.064689408997752107e-01,3.925582688945240123e-02,-6.001852090620640734e-01,-7.843195530976689867e-01,-2.323641241487280629e-01,-5.908412695246042512e-01,1.000000000000000000e+00,-2.377132023872847999e-02,2.113691978703814978e-01,5.990220303381930123e-01,3.892075785504122143e-01,-2.698604452589047908e-01,-7.920746193569778715e-01,7.690108639458390072e-02,-2.088716465232155761e-02,-5.584377757995711428e-02,-1.684187158037608878e-01,7.967967772128654591e-01,-5.324829155378592027e-01,-8.848934912818809395e-02,-8.413755168315226185e-02,6.108020796826587606e-01,-2.912674187702995465e-01,-3.536933719633693629e-01,1.728322228059657739e-01
-3.428130369492407015e-01,2.917718400000000045e-01,2.051040302275245752e-01,2.024059761260219859e-01,2.750831392249170060e-02,-3.832704731207884352e-01,-2.143636525417456362e-01,4.910203478867560672e-02,-4.794367866682439083e-01,3.263884683035622736e-02,1.826829475070097519e-01,4.501298883899993997e-01,-4.559237012202682626e-01,7.693042596604443562e-04,5.144493082466607969e-01,-4.313648171804553878e-03,-3.093453702771037372e-01,4.806300880760842054e-01,2.126894578669357994e-01,-2.539733979122853480e-01,-2.377132023872847999e-02,1.000000000000000000e+00,-1.652990405380480587e-01,-5.104065971614528685e-01,2.190027198936071173e-01,-2.422277349171395866e-01,-7.542888928337543319e-03,-6.876820627532299890e-02,-3.543482201703287426e-01,-6.766169500314904439e-02,3.196145464007729142e-01,-3.118658844063141311e-01,2.427446398452434428e-01,-1.872409240786044871e-01,1.065359100797121233e-01,-1.965906375848099769e-02,3.937121631450555825e-01,1.763427145703533039e-01,1.715043399288729287e-01
2.489558578297365321e-01,-8.108042199999999644e-01,7.382280622200454445e-01,1.712695303062055086e-01,-6.694158170665559515e-01,6.344000206253570529e-01,8.226775633783682817e-01,-4.305834783243861486e-01,2.601572216414421712e-01,3.462414841392569276e-01,4.867530258380462493e-01,-4.675569769500753647e-01,9.049432536807395788e-01,-3.379878931170957057e-01,-4.868067570903047425e-01,4.075560756799025963e-01,4.260429338434117419e-01,-1.879091120234700485e-01,-9.371177208086423072e-01,1.300835988532948739e-01,2.113691978703814978e-01,-1.652990405380480587e-01,1.000000000000000000e+00,4.634194738114844614e-01,7.999180946555337623e-01,5.969989675429584475e-01,-6.700690189758959914e-01,-9.021403284112993193e-01,3.162277843231977581e-01,-1.111115072599852122e-01,-8.166145551910479750e-01,3.561197942746990863e-01,-2.864163231276610488e-02,-7.573739303654247745e-01,-8.262266392903965251e-01,-3.088687857832144723e-01,-5.756429425040310299e-01,-9.701110740290086465e-01,-8.854700138525040121e-01
4.008304933254150382e-02,-5.616706399999999988e-01,-1.551218126403635378e-01,2.918068121546025795e-01,-1.697524716371295039e-01,7.105956571030620506e-01,3.948676903034902819e-01,-4.639515172601682003e-01,3.873705095801352472e-01,-3.029044470604363437e-01,-1.225747056639177324e-01,-5.170212212887471681e-01,6.118857475578531879e-01,-5.905985364800182547e-01,-6.442950639247833067e-01,-1.239173100859532611e-01,5.391463464662436117e-02,-7.246754278978772001e-01,-5.818846246373734488e-01,5.659262996295676140e-02,5.990220303381930123e-01,-5.104065971614528685e-01,4.634194738114844614e-01,1.000000000000000000e+00,2.711781326513624801e-01,2.477936923459475582e-01,-5.211911876636943219e-01,-2.256704616584328804e-01,4.289381555554268033e-01,5.573267998182823701e-02,-6.210914821493338511e-01,6.977224950644236312e-01,-2.450643028331970508e-01,2.326571346360376338e-02,-4.846898390701162573e-01,2.284544173480770879e-01,-5.727434230978091234e-01,-6.063081643859056236e-01,-3.355966576515092004e-01
-1.210403540674229589e-01,-4.034801999999999556e-01,6.557700473627741111e-01,2.446484528856238405e-01,-6.451791219865409266e-01,2.803311689292583009e-01,4.750432828825964515e-01,-5.760761673896577229e-01,-6.067479195574243533e-02,1.584674682694427184e-02,5.059276378933673657e-01,4.317554945474505468e-02,5.045555969348647363e-01,-2.051964192105159013e-01,-5.704384424334780351e-02,5.422514259213835341e-01,-4.107656588403556241e-02,-7.425799924842538258e-02,-6.202241278161840787e-01,-3.509718365881696611e-01,3.892075785504122143e-01,2.190027198936071173e-01,7.999180946555337623e-01,2.711781326513624801e-01,1.000000000000000000e+00,1.959573412389505054e-01,-8.338836821381795383e-01,-7.514852855417302191e-01,-1.104175665985754340e-01,-4.839013995318454664e-01,-4.190853611959384772e-01,2.378005977410206084e-01,-2.098035308390565346e-01,-8.333841067409833991e-01,-5.320495294165032973e-01,-2.995052119868531482e-01,-1.163271622355607215e-01,-8.164411564156834888e-01,-5.686278688676003057e-01
7.562044747496367292e-02,-8.223762199999999911e-01,4.379613599210964159e-01,-1.107911483916877854e-01,-1.407127277891959682e-01,4.716561655992350666e-01,9.077033810206888154e-01,8.226012144755977251e-02,5.226934652782764257e-01,7.217496290344789234e-01,1.429276694453912033e-01,-5.984382095817578628e-01,6.699108037202933241e-01,-2.183551543747990764e-01,-6.429422782146640980e-01,-9.965105253104468430e-02,8.165796684176649389e-01,1.359519796577983164e-01,-6.914518231712952767e-01,7.371716080214634204e-01,-2.698604452589047908e-01,-2.422277349171395866e-01,5.969989675429584475e-01,2.477936923459475582e-01,1.959573412389505054e-01,1.000000000000000000e+00,4.693609151684374758e-02,-7.089375037717403627e-01,7.108862746983775072e-01,4.712553335847206037e-01,-8.062221139882166376e-01,1.481738943187472235e-01,5.809798109456333348e-01,-4.153593279220909040e-01,-7.136011494089099516e-01,-2.433753512271429609e-01,-7.176312746995188174e-01,-5.148144503232109370e-01,-7.853051807974651410e-01
-3.258123088098618947e-02,2.928184599999998916e-01,-3.685644361028768135e-01,-5.882821124509273192e-01,7.574966439181055611e-01,-3.919238602737440957e-01,-2.341422742519798650e-01,6.894376718172789964e-01,-1.740217302206414907e-02,4.223224889609916710e-01,-3.968283904506386683e-01,3.783793898847309656e-03,-5.224311100848134659e-01,4.082339816863904680e-01,8.100659305785767872e-02,-4.795599757616046399e-01,3.541471656167560766e-01,5.550176054185677055e-01,5.461061516083123291e-01,5.786412651704589960e-01,-7.920746193569778715e-01,-7.542888928337543319e-03,-6.700690189758959914e-01,-5.211911876636943219e-01,-8.338836821381795383e-01,4.693609151684374758e-02,1.000000000000000000e+00,4.129818955904999145e-01,1.117233955725864814e-01,3.654027814383291606e-01,3.705014572060166822e-01,-5.858841242039332098e-01,5.450115996166048360e-01,5.801185676467932595e-01,3.570763971679795645e-01,-1.469836957797402421e-01,2.718350597800564539e-01,7.421879995930736884e-01,2.757686637606498459e-01
-1.794185744081762401e-02,8.076652200000000725e-01,-8.172354792156915071e-01,1.405841538351770836e-02,4.306780075849639400e-01,-4.779056131136144026e-01,-8.926639295431033627e-01,3.004763962907827657e-01,-2.328516854600059527e-01,-6.164003013771328643e-01,-4.351821870662968550e-01,4.258079041259166253e-01,-7.327132217635425881e-01,1.929293177779779489e-01,4.462535154746978816e-01,-2.367799910325261714e-01,-6.043839301445117496e-01,-1.792457330831857820e-01,8.606261192662316706e-01,-3.404363708181969428e-01,7.690108639458390072e-02,-6.876820627532299890e-02,-9.021403284112993193e-01,-2.256704616584328804e-01,-7.514852855417302191e-01,-7.089375037717403627e-01,4.129818955904999145e-01,1.000000000000000000e+00,-3.759097729037961799e-01,4.815460174560930173e-02,7.597083518899472310e-01,-1.328688652427266192e-01,-3.309427080431727175e-01,7.902052655284135252e-01,8.736550109571585843e-01,5.305496148096420228e-01,4.351641564150930397e-01,8.410878253596140164e-01,9.481689259102331624e-01
-1.208819178839272562e-01,-7.773593400000000653e-01,1.755491432269828955e-01,1.946493196076450327e-01,4.088393426896100996e-02,4.752246838595500789e-01,6.727257824846253342e-01,-1.732085164749935235e-01,8.409267521534159462e-01,4.440182783602178995e-01,-2.729030269552996657e-01,-7.498697843284758413e-01,5.229023833995091186e-01,-1.961010138625099986e-01,-7.772264521383548397e-01,-6.267429776399922048e-01,6.401060633217132700e-01,-2.151377565078471665e-01,-5.797986970025078568e-01,7.606415518190825509e-01,-2.088716465232155761e-02,-3.543482201703287426e-01,3.162277843231977581e-01,4.289381555554268033e-01,-1.104175665985754340e-01,7.108862746983775072e-01,1.117233955725864814e-01,-3.759097729037961799e-01,1.000000000000000000e+00,7.573397200194821322e-01,-7.374677056045572110e-01,5.337725829866253324e-01,6.003276381148316965e-01,-6.864297138760255823e-02,-6.876109138632183759e-01,-7.356470885022840800e-02,-7.634413103474644302e-01,-2.712042712560392421e-01,-5.159579527238393748e-01
3.654782120884954300e-02,-3.769232200000000033e-01,-7.202636772543581645e-02,3.618026344500944735e-01,9.323547829172801338e-02,1.780472979341166107e-01,2.765272133226667206e-01,1.742750125363218827e-01,5.927977928587065959e-01,3.052505607790950704e-01,-2.140825892692037880e-01,-5.045490261272448373e-01,1.434795815500456151e-01,-2.330442446603480100e-01,-4.146233886841558802e-01,-6.564251364961812829e-01,3.721245683220268385e-01,-1.284835127546298250e-01,-1.785379368133161448e-01,6.297265861368966933e-01,-5.584377757995711428e-02,-6.766169500314904439e-02,-1.111115072599852122e-01,5.573267998182823701e-02,-4.839013995318454664e-01,4.712553335847206037e-01,3.654027814383291606e-01,4.815460174560930173e-02,7.573397200194821322e-01,1.000000000000000000e+00,-3.666627346093936368e-01,3.521298671820821125e-01,5.992462060278791469e-01,2.178265292441970424e-01,-2.544653635198548258e-01,3.346299932254143683e-01,-6.592133658089909254e-01,1.791271776078237066e-01,-5.610609803671151585e-02
-1.457702830481541756e-01,9.736306599999999811e-01,-4.731818970905630195e-01,-2.071297991653093251e-01,3.638041897687625537e-01,-7.674162596959549498e-01,-9.052913605297027155e-01,2.794763891919803123e-01,-5.867131148342757951e-01,-4.176113822305262957e-01,-1.561961496555574203e-01,7.622593647709184905e-01,-9.084941065510931946e-01,4.463927296454827665e-01,8.062897897456936525e-01,7.683556215135597944e-02,-6.221157455347138265e-01,3.107793777973381077e-01,9.393589426432937817e-01,-5.237654472452801802e-01,-1.684187158037608878e-01,3.196145464007729142e-01,-8.166145551910479750e-01,-6.210914821493338511e-01,-4.190853611959384772e-01,-8.062221139882166376e-01,3.705014572060166822e-01,7.597083518899472310e-01,-7.374677056045572110e-01,-3.666627346093936368e-01,1.000000000000000000e+00,-5.331904534824096764e-01,-2.728098941061302685e-01,4.268125447363290137e-01,9.103683978223712225e-01,1.257921919613251283e-01,8.472295462107080066e-01,7.973044063999035203e-01,8.503419735865863638e-01
-1.105542730231996035e-01,-4.827685999999999922e-01,4.434363665844501950e-02,7.584572486557797921e-01,-3.608828941994948192e-01,5.908873138252024315e-01,2.981000625102757096e-01,-6.019378028395097058e-01,5.746390051012807421e-01,-3.785705191915553769e-01,-5.533923093802089327e-02,-4.957560730356240786e-01,5.104839434677644894e-01,-5.098058035211781025e-01,-5.160175405511051583e-01,-3.011805046370436001e-01,-8.759729147635150759e-02,-7.783896970189848608e-01,-5.130084643895425067e-01,-6.483409199595364936e-02,7.967967772128654591e-01,-3.118658844063141311e-01,3.561197942746990863e-01,6.977224950644236312e-01,2.378005977410206084e-01,1.481738943187472235e-01,-5.858841242039332098e-01,-1.328688652427266192e-01,5.337725829866253324e-01,3.521298671820821125e-01,-5.331904534824096764e-01,1.000000000000000000e+00,-1.199974612062660734e-01,-1.364200073973594329e-01,-4.426439051884879516e-01,4.309477566353384637e-01,-6.701844148077367169e-01,-4.325931052151251177e-01,-1.460803597241622231e-01
-3.099445378405442098e-01,-3.813660399999999617e-01,2.400192554228246233e-01,-1.489212744435408353e-01,3.804358973209850947e-01,1.615209505105292057e-02,4.760450888662268731e-01,2.516823234312179358e-01,3.476080256770212040e-01,7.274730831187561364e-01,-6.674473162303364016e-02,-3.688032329784185492e-01,-1.701882133925527660e-02,3.787651138837939968e-02,-2.656984170507742382e-01,-5.904242307368864351e-01,6.854180128922154891e-01,5.686050361524426222e-01,-1.615385853025196050e-01,7.783418684782551500e-01,-5.324829155378592027e-01,2.427446398452434428e-01,-2.864163231276610488e-02,-2.450643028331970508e-01,-2.098035308390565346e-01,5.809798109456333348e-01,5.450115996166048360e-01,-3.309427080431727175e-01,6.003276381148316965e-01,5.992462060278791469e-01,-2.728098941061302685e-01,-1.199974612062660734e-01,1.000000000000000000e+00,-6.305302933833888124e-02,-3.970240519165341708e-01,-3.067318609912768612e-01,-2.359236188752321384e-01,1.222165981486910968e-01,-3.419283379821164148e-01
7.707158496684618498e-02,4.464379999999998905e-01,-8.660530608203382830e-01,-2.115308928247745524e-01,7.137058055818167324e-01,-1.370803566931209638e-01,-5.742272802236900731e-01,4.995328605999396210e-01,-1.594677920918081415e-01,-3.549974751400520323e-01,-5.994740063873250646e-01,2.080368303520804818e-03,-4.938456882431400685e-01,-7.875366901826957866e-02,-2.429738533867193545e-02,-5.111961225961492161e-01,-2.102520625017955391e-01,-1.134068963131069224e-01,5.909558717430780650e-01,1.098615015020151658e-01,-8.848934912818809395e-02,-1.872409240786044871e-01,-7.573739303654247745e-01,2.326571346360376338e-02,-8.333841067409833991e-01,-4.153593279220909040e-01,5.801185676467932595e-01,7.902052655284135252e-01,-6.864297138760255823e-02,2.178265292441970424e-01,4.268125447363290137e-01,-1.364200073973594329e-01,-6.305302933833888124e-02,1.000000000000000000e+00,5.212558755666710786e-01,4.368521454870915588e-01,2.158909662180015787e-01,6.582666356878562608e-01,6.221930218604305729e-01
5.669097529782098077e-03,9.609096800000000993e-01,-6.149271786682075636e-01,-1.543028753046122026e-01,2.935348287211168583e-01,-6.792421046802160634e-01,-9.085811318630209188e-01,3.880781481633521213e-01,-5.002158107544459886e-01,-5.167739662063137729e-01,-1.811623767551071018e-01,7.200520805489580844e-01,-8.072293840968116641e-01,3.539967073492509830e-01,7.546508107348046668e-01,1.405023335364679882e-01,-6.438177203829864581e-01,1.139741550017893817e-01,9.410781059892218137e-01,-5.240106605602744549e-01,-8.413755168315226185e-02,1.065359100797121233e-01,-8.262266392903965251e-01,-4.846898390701162573e-01,-5.320495294165032973e-01,-7.136011494089099516e-01,3.570763971679795645e-01,8.736550109571585843e-01,-6.876109138632183759e-01,-2.544653635198548258e-01,9.103683978223712225e-01,-4.426439051884879516e-01,-3.970240519165341708e-01,5.212558755666710786e-01,1.000000000000000000e+00,3.526521307081856293e-01,6.595957320903013121e-01,8.045657851106249314e-01,9.145524043515719237e-01
2.085407375423908860e-01,2.443717599999999379e-01,-5.054246551170477053e-01,5.881552250073861510e-01,-3.548526541922232547e-02,1.003732895733651376e-01,-3.470026656087879524e-01,1.552719641739397916e-01,-1.590163706367980490e-01,-6.492380906567692955e-01,-4.181670022165376310e-02,-3.551333952330854721e-02,-9.489996802059647019e-02,-6.228282450813393822e-01,3.245361496277795327e-02,-1.472020740533538374e-01,-4.944861030292257431e-01,-4.961876707029478362e-01,2.034891406598847152e-01,-3.212158997858459708e-01,6.108020796826587606e-01,-1.965906375848099769e-02,-3.088687857832144723e-01,2.284544173480770879e-01,-2.995052119868531482e-01,-2.433753512271429609e-01,-1.469836957797402421e-01,5.305496148096420228e-01,-7.356470885022840800e-02,3.346299932254143683e-01,1.257921919613251283e-01,4.309477566353384637e-01,-3.067318609912768612e-01,4.368521454870915588e-01,3.526521307081856293e-01,1.000000000000000000e+00,-2.886208955230796791e-01,1.993276398668923366e-01,5.385275166421685800e-01
-3.209221356077683884e-01,8.074794599999999267e-01,-2.649349940798372827e-01,-4.589282269794701663e-01,4.016805316075602872e-01,-7.159161871152059931e-01,-7.130179935298219807e-01,1.431318010235001492e-01,-6.192317750015436939e-01,-2.391207347062841437e-01,-1.550144288807761561e-01,7.696325823337988314e-01,-8.021223273340887250e-01,5.850936021697705769e-01,7.028147549039364117e-01,1.846803894301811688e-01,-4.794476508197507147e-01,4.527513266108795786e-01,7.590912078350947612e-01,-4.651804577348748748e-01,-2.912674187702995465e-01,3.937121631450555825e-01,-5.756429425040310299e-01,-5.727434230978091234e-01,-1.163271622355607215e-01,-7.176312746995188174e-01,2.718350597800564539e-01,4.351641564150930397e-01,-7.634413103474644302e-01,-6.592133658089909254e-01,8.472295462107080066e-01,-6.701844148077367169e-01,-2.359236188752321384e-01,2.158909662180015787e-01,6.595957320903013121e-01,-2.886208955230796791e-01,1.000000000000000000e+00,5.521630081463507755e-01,5.422640689486708521e-01
-2.030511102174805960e-01,7.815112399999999404e-01,-6.027834371444402706e-01,-2.066830736292656345e-01,5.943684924493027877e-01,-6.955126912402090911e-01,-7.706197659417572954e-01,4.799640700274573901e-01,-1.908311420212711607e-01,-1.808794270311506469e-01,-4.105714283212652527e-01,4.744577727091602304e-01,-8.850968891261742355e-01,4.754636510708984409e-01,5.324387557695042794e-01,-3.651834179494544141e-01,-3.203094857899767001e-01,2.844647267233766375e-01,9.207155212102154929e-01,-4.878098732446695118e-02,-3.536933719633693629e-01,1.763427145703533039e-01,-9.701110740290086465e-01,-6.063081643859056236e-01,-8.164411564156834888e-01,-5.148144503232109370e-01,7.421879995930736884e-01,8.410878253596140164e-01,-2.712042712560392421e-01,1.791271776078237066e-01,7.973044063999035203e-01,-4.325931052151251177e-01,1.222165981486910968e-01,6.582666356878562608e-01,8.045657851106249314e-01,1.993276398668923366e-01,5.521630081463507755e-01,1.000000000000000000e+00,8.243250586008230574e-01
-1.629929281953656495e-01,9.018313000000000024e-01,-7.167752650729311004e-01,1.343906025435278040e-01,3.283933020737094255e-01,-6.003659851847775730e-01,-9.391884650079634911e-01,2.179180628350624871e-01,-3.497549404597823930e-01,-6.862481301754074225e-01,-3.170099705992359684e-01,6.173740609837206073e-01,-8.281287657249039036e-01,1.951519289112638444e-01,6.303424211304886615e-01,-1.406101900697105389e-01,-7.600567188604319124e-01,-9.381366337758816065e-02,8.994667588306256567e-01,-5.347250780369268153e-01,1.728322228059657739e-01,1.715043399288729287e-01,-8.854700138525040121e-01,-3.355966576515092004e-01,-5.686278688676003057e-01,-7.853051807974651410e-01,2.757686637606498459e-01,9.481689259102331624e-01,-5.159579527238393748e-01,-5.610609803671151585e-02,8.503419735865863638e-01,-1.460803597241622231e-01,-3.419283379821164148e-01,6.221930218604305729e-01,9.145524043515719237e-01,5.385275166421685800e-01,5.422640689486708521e-01,8.243250586008230574e-01,1.000000000000000000e+00
