1.000000000000000000e+00,-5.058389498738941059e-01,-1.019559927591679599e-01,-8.589783790245690831e-01,6.610029088982476431e-01,7.396765400000000490e-01,4.037067365639292471e-01,2.802014567270206258e-01,-6.049466832878149791e-01,-4.698437202908160581e-01,-5.697209905827133047e-01,-5.545390641829950340e-01,6.661007491356674137e-03,6.754715378698612493e-01,-3.016479856815065252e-01,5.821695025416685487e-01,-1.598256924636503318e-01,-5.349645916710790150e-01,3.639020323148844938e-01,6.826348474637372599e-01,2.314147513602438366e-01,1.468994970184045023e-03,1.141181361402801436e-01,2.786176667752172931e-02,4.957163409531462617e-01,6.454443866177658196e-01,6.300121967324426864e-01,5.840780038807226182e-01,1.502957949624715850e-01,-8.497596302087001563e-02,-7.560279285988295017e-01,1.711988561306288237e-01,-1.114603177232471598e-01,-6.320917715585233632e-01,4.818056322669839187e-01,-5.281807636135371631e-02,-7.262611045616351735e-01,4.005796550110808651e-02,3.600016116199142302e-02
-5.058389498738941059e-01,1.000000000000000000e+00,-2.846127071841236256e-01,7.199335250216363224e-01,-8.229132311258846588e-01,-7.970397399999999966e-01,-1.276223054686327629e-01,-2.590398975267043102e-01,4.113909623874374422e-01,-2.371998740496317898e-02,1.024760933397197982e-01,8.303048695704314808e-01,-2.682672910207818395e-01,-5.739918967568001795e-01,8.530136430410151238e-02,-2.673224860061607644e-01,-5.338033092956560866e-02,7.148625526566425581e-01,-9.689764709783284247e-02,-6.549455850686519698e-01,-6.471957520197780811e-01,1.270537735893266518e-01,2.609309574490390471e-01,-1.197073865881806837e-01,-5.878632142703724694e-01,-7.495122046052813403e-01,-3.798759504372912765e-01,-6.622569913585114598e-01,-1.227504873088147881e-02,-3.887557589925964147e-02,3.541001031755644513e-01,8.717747827919425374e-02,-3.751035462583206248e-02,6.314620108976083390e-01,-4.214445091606982552e-01,-9.477571315321964285e-02,8.364964680962617694e-01,-7.246272970137488389e-01,1.096222618061673815e-01
-1.019559927591679599e-01,-2.846127071841236256e-01,1.000000000000000000e+00,-7.595959876842257874e-02,7.438309359789263553e-02,1.419657800000000414e-01,-2.297933817807854828e-01,2.156017395127740044e-01,4.485528467452988555e-02,-5.840407642772550700e-02,3.107504664145459006e-01,-1.898918740114848847e-01,1.648360906152467886e-01,-1.340576632754395814e-01,3.722279816632609872e-01,-2.411439543461367241e-01,-3.024776628314440607e-01,-1.745672589172042599e-01,-3.038610693191415302e-01,-1.003641511510091344e-01,2.288767805864826838e-02,-1.167076186264501964e-02,-1.544013478623628699e-01,8.810182006321021220e-02,1.863640426046414000e-01,2.899237030319816166e-01,-1.199018165671426328e-01,1.563056233187132271e-01,4.702865387898180760e-02,3.253489210538805243e-01,-8.550103631766961532e-02,-1.919917725378256779e-01,-4.285174073595067190e-01,-1.194305844083315693e-01,-3.251006125751246256e-02,-2.690625151679393312e-03,-1.445848848895459060e-01,1.146461346025686168e-01,-2.592986577271609860e-01
-8.589783790245690831e-01,7.199335250216363224e-01,-7.595959876842257874e-02,1.000000000000000000e+00,-7.945320709768639578e-01,-8.397970000000000157e-01,-4.196279059529401390e-01,-2.042575724147079053e-01,6.142238795948720131e-01,3.929656833359634893e-01,5.455056789384995497e-01,7.293134847930985432e-01,3.039305318456531069e-02,-6.619948182588785146e-01,3.341930769230774256e-01,-5.655715108560591675e-01,-1.593100881004285568e-02,5.329225028541979547e-01,-3.336322887005242488e-01,-7.882616917646776411e-01,-4.129580920576192971e-01,1.399932063772816038e-01,-1.060231501233416529e-01,-1.278051610326463028e-01,-6.745189225319133675e-01,-7.768151617313655555e-01,-6.206437753393890810e-01,-7.347550202793287077e-01,-2.160137617331414628e-02,1.570150345514724488e-02,5.971618070953467194e-01,-5.312798816466268725e-02,2.383884738810775339e-01,7.037184688739048788e-01,-4.707840238260609378e-01,-8.776003102667057076e-02,8.493792314500260288e-01,-3.552714993341021255e-01,2.407406333607864379e-02
6.610029088982476431e-01,-8.229132311258846588e-01,7.438309359789263553e-02,-7.945320709768639578e-01,1.000000000000000000e+00,9.220814999999999984e-01,5.831961690971156909e-01,2.592544624828559408e-01,-2.170820740121726378e-01,5.032057115416663229e-02,-5.844346843012281356e-01,-9.596865877757858598e-01,-4.905837389353912004e-02,7.103102637747708004e-01,-5.035222300967130415e-01,7.112851083814970554e-01,4.039086258584421718e-01,-4.894432633972984337e-01,-4.460624670477208314e-02,9.091332296877779884e-01,6.824093194687393948e-01,-2.964952862986710569e-01,1.917468284468402395e-01,5.615859143513154961e-02,6.702709900904335605e-01,8.608667982977584732e-01,5.540608390786323501e-01,8.110186073974974263e-01,-2.479725947414750387e-01,-3.432851919336355473e-01,-5.253332591478430125e-01,7.242542829646633762e-02,-6.715143667808426420e-02,-7.622245568926514503e-01,5.837902581011533698e-01,2.405579370057263078e-01,-9.196789206499850211e-01,5.810195574723929779e-01,1.543796369293770065e-01
7.396765400000000490e-01,-7.970397399999999966e-01,1.419657800000000414e-01,-8.397970000000000157e-01,9.220814999999999984e-01,1.000000000000000000e+00,6.068293600000000954e-01,1.102682999999999858e-01,-3.687977799999999640e-01,-2.139212999999999809e-01,-5.286277799999999916e-01,-8.810699399999999404e-01,2.175476000000009513e-02,7.431225599999999876e-01,-3.201681800000000244e-01,7.375323600000001090e-01,1.860288400000000841e-01,-5.854551599999999745e-01,-3.452776000000001844e-02,9.305285800000000496e-01,3.928202800000000217e-01,-6.021743999999995545e-02,2.156301800000000046e-01,-6.784816000000004621e-02,8.384635799999999861e-01,9.019813400000000758e-01,4.539854199999999729e-01,7.588904400000000550e-01,3.183642000000008743e-02,-3.230880799999999997e-01,-7.206785399999999786e-01,2.694515799999999128e-01,-2.190195799999999915e-01,-9.343641400000000097e-01,7.695393999999999846e-01,-1.732783999999998326e-02,-9.478813799999999956e-01,4.540621199999999025e-01,-6.586140000000018091e-03
4.037067365639292471e-01,-1.276223054686327629e-01,-2.297933817807854828e-01,-4.196279059529401390e-01,5.831961690971156909e-01,6.068293600000000954e-01,1.000000000000000000e+00,-2.203320832372556715e-01,2.273244879004814312e-01,-7.625809436504980832e-02,-8.911082953042287480e-01,-5.673353630587131269e-01,-5.150741783257556383e-01,4.139285136309643343e-01,-7.076629489983013999e-01,9.679775448380207870e-01,6.654344851753467571e-01,1.666688368845771206e-01,-1.940628765369385444e-01,7.864290928411477033e-01,6.779145521182554368e-02,-2.406150894077912217e-01,7.946606956495807506e-01,-1.320456641498508887e-01,5.858971426118684267e-01,5.147041939702835522e-01,2.651564601758170658e-01,5.142316579197356852e-01,-3.162378612304980185e-01,-6.804866453181125374e-01,-4.248335640737497809e-01,4.274008375908998625e-01,-4.761451362952735522e-01,-6.699426308602974833e-01,6.684886731017307682e-01,1.570347351143722703e-01,-5.181376767325450716e-01,1.708603619873647617e-01,2.799933927628043828e-01
2.802014567270206258e-01,-2.590398975267043102e-01,2.156017395127740044e-01,-2.042575724147079053e-01,2.592544624828559408e-01,1.102682999999999858e-01,-2.203320832372556715e-01,1.000000000000000000e+00,-2.404861698423009786e-01,-1.834509776100160527e-01,-4.536050311961285775e-02,-3.231717362412703243e-01,-2.261174817256407787e-01,-1.478488126171907391e-01,-2.683485454853143382e-01,-7.223911564244762940e-02,-1.620013232889785104e-01,-2.004959881261389465e-01,4.065161717144153974e-01,-4.941222626149713998e-02,5.873537867838029003e-01,-5.668985526953700393e-01,-4.619577618992006807e-01,6.672268048850187316e-01,-1.821193248514298701e-01,4.020367384105393294e-01,6.729907790022424674e-01,5.120271643775052839e-01,-4.504760560694270888e-01,4.871470231282395980e-01,-1.174123367260912210e-01,-7.152586973251687796e-01,2.169702708007304470e-01,1.764683391478502061e-01,-4.241217892516977450e-01,5.914892563714120310e-01,-3.360094598449577252e-01,1.603090699502588146e-01,5.682104518248658476e-01
-6.049466832878149791e-01,4.113909623874374422e-01,4.485528467452988555e-02,6.142238795948720131e-01,-2.170820740121726378e-01,-3.687977799999999640e-01,2.273244879004814312e-01,-2.404861698423009786e-01,1.000000000000000000e+00,6.376965733686733584e-01,-1.029254924759152590e-01,1.346041559445439739e-01,-2.733217510329699618e-01,-3.211898821791934200e-01,-1.638290163558257517e-01,4.267967319566643575e-02,5.809794225882866092e-01,7.235129623406204580e-01,-5.436670351950825264e-01,-2.027392426961619754e-01,-8.079201312229339349e-02,-2.129580360760002788e-01,4.557375832586146314e-01,-1.581785011021645537e-01,-3.522436576551668530e-01,-3.632684395525381249e-01,-4.911585577833592620e-01,-2.733578852268819803e-01,-4.661122856300810580e-01,-4.142968589703313609e-01,5.109663483810943374e-01,8.165275417850692552e-02,-2.105937555921023330e-01,2.601029732718281862e-01,-1.157140222159151466e-01,2.088357710446265836e-01,4.228389432794081304e-01,4.138032149988717101e-02,1.168636544019341916e-01
-4.698437202908160581e-01,-2.371998740496317898e-02,-5.840407642772550700e-02,3.929656833359634893e-01,5.032057115416663229e-02,-2.139212999999999809e-01,-7.625809436504980832e-02,-1.834509776100160527e-01,6.376965733686733584e-01,1.000000000000000000e+00,1.519416642538800322e-01,-1.366342363423361794e-02,3.315040741970063376e-01,1.429559584697713270e-01,4.849160233913232809e-02,-1.475791365104069663e-01,5.419426703666969658e-01,1.971759806990073527e-01,-5.473268295953820362e-01,-5.670993369684070029e-02,3.060302253444234233e-01,3.403256507051699575e-02,1.138275771777499945e-01,-3.821175571948246530e-01,-2.699997816623064817e-01,-3.648141390808678497e-01,-4.494396953347198909e-01,-3.402898255692292095e-01,-2.061382893168328956e-01,-4.664181615631855515e-01,4.820794501092226514e-01,1.203660444886102132e-01,3.457441158033759954e-01,2.220529975624029595e-01,-5.186018316704693598e-02,7.601890550259504664e-03,3.001891981657627273e-01,2.048687173763499292e-01,-1.993994727949616741e-01
-5.697209905827133047e-01,1.024760933397197982e-01,3.107504664145459006e-01,5.455056789384995497e-01,-5.844346843012281356e-01,-5.286277799999999916e-01,-8.911082953042287480e-01,-4.536050311961285775e-02,-1.029254924759152590e-01,1.519416642538800322e-01,1.000000000000000000e+00,5.454015270200959220e-01,6.040181530549594280e-01,-3.872010065402662349e-01,8.298710363369600218e-01,-9.029810095179114926e-01,-5.801110599232041087e-01,-2.131183204578109003e-01,-9.959772710315033251e-02,-7.167618890271146848e-01,-2.271778833563512789e-01,4.153361866169069661e-01,-6.952143126002569007e-01,-8.556296428518649078e-02,-3.783761779930634450e-01,-4.921409745481250542e-01,-5.075320825210329900e-01,-5.918533614875554072e-01,4.580697905434601425e-01,4.886882277354523962e-01,3.882217581093674319e-01,-1.845686435225407096e-01,3.848503447610228667e-01,4.857823098176108356e-01,-4.096036281588603667e-01,-3.543236587075831445e-01,5.136060565544920964e-01,-1.105339307068577553e-01,-4.219959831566457709e-01
-5.545390641829950340e-01,8.303048695704314808e-01,-1.898918740114848847e-01,7.293134847930985432e-01,-9.596865877757858598e-01,-8.810699399999999404e-01,-5.673353630587131269e-01,-3.231717362412703243e-01,1.346041559445439739e-01,-1.366342363423361794e-02,5.454015270200959220e-01,1.000000000000000000e+00,1.838927748039244914e-01,-5.326431098429379452e-01,5.380453353998561061e-01,-6.721133395456588833e-01,-4.289629082968959839e-01,4.117720265502425314e-01,1.594718647194836095e-02,-8.392281021118603856e-01,-7.047389711897631415e-01,4.377547765398068780e-01,-1.195656166289627009e-01,-2.169505604910558494e-01,-6.351618482106615726e-01,-9.036310438500541053e-01,-5.661447604250863241e-01,-8.835969844661295536e-01,3.729140853562075697e-01,2.240610987475361304e-01,4.402286319413378779e-01,7.344501360313671068e-02,1.923350715280485734e-01,7.117967234377016172e-01,-4.956678077438843033e-01,-3.802646077319818962e-01,9.312132681259664979e-01,-6.727690578700278312e-01,-2.657172146303210525e-01
6.661007491356674137e-03,-2.682672910207818395e-01,1.648360906152467886e-01,3.039305318456531069e-02,-4.905837389353912004e-02,2.175476000000009513e-02,-5.150741783257556383e-01,-2.261174817256407787e-01,-2.733217510329699618e-01,3.315040741970063376e-01,6.040181530549594280e-01,1.838927748039244914e-01,1.000000000000000000e+00,4.659653718704513392e-01,7.974338502759072966e-01,-4.336533659449817724e-01,-4.380986549120321483e-01,-5.645870279629092714e-01,-2.591399949040769091e-01,-8.528220124930646628e-02,-1.369053216490465630e-01,7.903244808910028230e-01,-3.395278199907434402e-01,-6.501509594145116200e-01,5.012299194744185282e-02,-2.507979003833626375e-01,-4.883781078437693379e-01,-4.920446916602950194e-01,7.688431177201637823e-01,-8.205560291082911184e-02,-1.093273782803177996e-01,4.075861789790781731e-01,4.231562649780862273e-01,-9.102450051264221464e-02,2.244248695320568143e-01,-7.572460988277751603e-01,1.471971053162781096e-01,-1.368444478698292999e-01,-8.141512446888176102e-01
6.754715378698612493e-01,-5.739918967568001795e-01,-1.340576632754395814e-01,-6.619948182588785146e-01,7.103102637747708004e-01,7.431225599999999876e-01,4.139285136309643343e-01,-1.478488126171907391e-01,-3.211898821791934200e-01,1.429559584697713270e-01,-3.872010065402662349e-01,-5.326431098429379452e-01,4.659653718704513392e-01,1.000000000000000000e+00,-3.663524289587556659e-02,5.482839268300025992e-01,1.569621880046315754e-01,-5.354334334474550872e-01,-1.498862289768093659e-01,7.907161852917283795e-01,2.025795998251116170e-01,3.862989750120308097e-01,2.989741524144132745e-01,-5.669018881131338006e-01,5.989700165022103784e-01,4.224689490826805116e-01,1.041589545061119143e-01,2.377521490696914708e-01,3.539049979057635187e-01,-5.928775995674738786e-01,-6.147928599467836763e-01,6.125965632851855247e-01,9.702460249311138651e-02,-7.477818054649398860e-01,7.657951252755510474e-01,-4.255494570254825804e-01,-5.616594524323781368e-01,1.042570395390363114e-01,-4.024170328310867628e-01
-3.016479856815065252e-01,8.530136430410151238e-02,3.722279816632609872e-01,3.341930769230774256e-01,-5.035222300967130415e-01,-3.201681800000000244e-01,-7.076629489983013999e-01,-2.683485454853143382e-01,-1.638290163558257517e-01,4.849160233913232809e-02,8.298710363369600218e-01,5.380453353998561061e-01,7.974338502759072966e-01,-3.663524289587556659e-02,1.000000000000000000e+00,-7.061394526900032220e-01,-6.882062695801951513e-01,-2.612617941843931590e-01,-1.829679102971755456e-01,-4.992672772138663229e-01,-5.103087742851278863e-01,7.696419065819569694e-01,-4.056054083716946201e-01,-4.709834348111718860e-01,-1.538701192551683306e-01,-4.507180746162293694e-01,-6.894068572702906073e-01,-6.714749903703393086e-01,7.782412148446824496e-01,2.476586884137204070e-01,9.527277493141139697e-02,2.514479388199818422e-01,1.500479094218415133e-01,1.604938363920892230e-01,-5.234653904760828286e-02,-7.405231723275083056e-01,4.443810358362553226e-01,-3.045272231326295320e-01,-7.830580073124407958e-01
5.821695025416685487e-01,-2.673224860061607644e-01,-2.411439543461367241e-01,-5.655715108560591675e-01,7.112851083814970554e-01,7.375323600000001090e-01,9.679775448380207870e-01,-7.223911564244762940e-02,4.267967319566643575e-02,-1.475791365104069663e-01,-9.029810095179114926e-01,-6.721133395456588833e-01,-4.336533659449817724e-01,5.482839268300025992e-01,-7.061394526900032220e-01,1.000000000000000000e+00,5.721471563856437292e-01,-2.432707123985474243e-02,-1.037764282233647750e-01,8.751666342027852874e-01,1.771447911990987889e-01,-2.252414130104877510e-01,6.810198647455104615e-01,-1.036090744214224063e-01,6.414375756567243236e-01,6.437849039564559339e-01,4.129826817346282097e-01,6.203253842936983231e-01,-2.638950989045411588e-01,-6.413307385656625836e-01,-5.827434895687175764e-01,3.983360099448985392e-01,-3.695310399109373312e-01,-7.513302980401249664e-01,7.110687436396595507e-01,1.432222677429525470e-01,-6.639169898769140543e-01,1.785856913546851610e-01,3.010874433089504310e-01
-1.598256924636503318e-01,-5.338033092956560866e-02,-3.024776628314440607e-01,-1.593100881004285568e-02,4.039086258584421718e-01,1.860288400000000841e-01,6.654344851753467571e-01,-1.620013232889785104e-01,5.809794225882866092e-01,5.419426703666969658e-01,-5.801110599232041087e-01,-4.289629082968959839e-01,-4.380986549120321483e-01,1.569621880046315754e-01,-6.882062695801951513e-01,5.721471563856437292e-01,1.000000000000000000e+00,4.287241930506243137e-01,-2.931260322094055848e-01,4.577072215352503415e-01,3.876390469858563836e-01,-4.571947455018953166e-01,5.879978311726359319e-01,-3.616449035175715171e-02,1.709525853315613797e-01,1.413947323795025357e-01,5.375226573760156362e-02,2.701725872752905322e-01,-6.449553781071138969e-01,-6.271577003263781869e-01,2.318857289232468255e-01,1.027307474580054780e-01,-1.231463707866962271e-01,-1.687095291960795385e-01,2.122303063712329407e-01,4.332787276227032525e-01,-1.669826112818769415e-01,4.083581850923133083e-01,3.398880794946697037e-01
-5.349645916710790150e-01,7.148625526566425581e-01,-1.745672589172042599e-01,5.329225028541979547e-01,-4.894432633972984337e-01,-5.854551599999999745e-01,1.666688368845771206e-01,-2.004959881261389465e-01,7.235129623406204580e-01,1.971759806990073527e-01,-2.131183204578109003e-01,4.117720265502425314e-01,-5.645870279629092714e-01,-5.354334334474550872e-01,-2.612617941843931590e-01,-2.432707123985474243e-02,4.287241930506243137e-01,1.000000000000000000e+00,-6.837399741489882943e-02,-3.751657682928459803e-01,-2.929492314722919044e-01,-3.119155454036620090e-01,5.007452254806368241e-01,9.527229809597564936e-02,-5.063218246265810407e-01,-4.938002287959985526e-01,-3.101841115072421773e-01,-3.006742982004099729e-01,-4.947135535004206774e-01,-1.360046579725726623e-01,5.917541323832813394e-01,-8.503520850764412220e-02,-2.786482174530033329e-01,4.777737762956357770e-01,-4.041268305553231133e-01,3.156598366373041253e-01,5.669662084571251981e-01,-1.977855886672678087e-01,2.680272765260661716e-01
3.639020323148844938e-01,-9.689764709783284247e-02,-3.038610693191415302e-01,-3.336322887005242488e-01,-4.460624670477208314e-02,-3.452776000000001844e-02,-1.940628765369385444e-01,4.065161717144153974e-01,-5.436670351950825264e-01,-5.473268295953820362e-01,-9.959772710315033251e-02,1.594718647194836095e-02,-2.591399949040769091e-01,-1.498862289768093659e-01,-1.829679102971755456e-01,-1.037764282233647750e-01,-2.931260322094055848e-01,-6.837399741489882943e-02,1.000000000000000000e+00,-6.215306654124660990e-02,1.375531987474824525e-01,-2.948866604547480397e-01,-3.748448814494854675e-01,5.810297420877166275e-01,-1.520195081581154906e-01,8.365717605991336570e-02,5.078776955210678734e-01,2.713976380517010845e-01,-9.072536372574231678e-02,6.139583014526882598e-01,3.358334041118277158e-02,-4.688304714387705463e-01,4.382357439957667439e-02,1.749897270776746283e-01,-3.620484646724324573e-01,3.064269781374773238e-01,-1.664380176448133075e-01,1.200034348936056955e-01,2.850543795556662041e-01
6.826348474637372599e-01,-6.549455850686519698e-01,-1.003641511510091344e-01,-7.882616917646776411e-01,9.091332296877779884e-01,9.305285800000000496e-01,7.864290928411477033e-01,-4.941222626149713998e-02,-2.027392426961619754e-01,-5.670993369684070029e-02,-7.167618890271146848e-01,-8.392281021118603856e-01,-8.528220124930646628e-02,7.907161852917283795e-01,-4.992672772138663229e-01,8.751666342027852874e-01,4.577072215352503415e-01,-3.751657682928459803e-01,-6.215306654124660990e-02,1.000000000000000000e+00,3.694772317829420061e-01,-8.937768113834346217e-02,4.529366394219992431e-01,-1.727538076759072283e-01,8.050643141764176614e-01,7.671642340304679619e-01,4.051963283590991893e-01,6.808358418370878962e-01,-7.345626866820412215e-02,-5.490200823419451037e-01,-6.190192356404095042e-01,3.923288065865688790e-01,-2.263722539640438958e-01,-8.937212469929369796e-01,8.021617145124325665e-01,1.569197278340889179e-02,-8.464409819575497984e-01,4.137806802179484489e-01,3.273905231834343954e-02
2.314147513602438366e-01,-6.471957520197780811e-01,2.288767805864826838e-02,-4.129580920576192971e-01,6.824093194687393948e-01,3.928202800000000217e-01,6.779145521182554368e-02,5.873537867838029003e-01,-8.079201312229339349e-02,3.060302253444234233e-01,-2.271778833563512789e-01,-7.047389711897631415e-01,-1.369053216490465630e-01,2.025795998251116170e-01,-5.103087742851278863e-01,1.771447911990987889e-01,3.876390469858563836e-01,-2.929492314722919044e-01,1.375531987474824525e-01,3.694772317829420061e-01,1.000000000000000000e+00,-6.649648787075025380e-01,-2.727539327229238642e-01,4.980310852767123597e-01,6.331898332376557914e-02,5.235651775860424850e-01,6.177809124704020105e-01,6.638205759921808058e-01,-6.154653517786994321e-01,9.283968568966444179e-02,5.457431056080019188e-02,-5.604088953492494252e-01,3.148576473592788472e-01,-7.689973169921904272e-02,-1.418150655001081117e-01,6.780334013503700463e-01,-5.634982929552240227e-01,6.814529882549744677e-01,4.486287155835010365e-01
1.468994970184045023e-03,1.270537735893266518e-01,-1.167076186264501964e-02,1.399932063772816038e-01,-2.964952862986710569e-01,-6.021743999999995545e-02,-2.406150894077912217e-01,-5.668985526953700393e-01,-2.129580360760002788e-01,3.403256507051699575e-02,4.153361866169069661e-01,4.377547765398068780e-01,7.903244808910028230e-01,3.862989750120308097e-01,7.696419065819569694e-01,-2.252414130104877510e-01,-4.571947455018953166e-01,-3.119155454036620090e-01,-2.948866604547480397e-01,-8.937768113834346217e-02,-6.649648787075025380e-01,1.000000000000000000e+00,1.445373171799681743e-02,-8.460758723631827127e-01,1.453340191223877753e-01,-3.843093919872652697e-01,-6.390614490412031001e-01,-6.638143646365585182e-01,9.466720196716588154e-01,-2.769676659061693358e-01,-2.748296144520646078e-01,7.592906023786110126e-01,1.276248773250167334e-01,-1.831127040608432066e-01,4.255204217806454192e-01,-9.924068050491068327e-01,3.123141218262077690e-01,-5.092486881136483179e-01,-8.294237636601071717e-01
1.141181361402801436e-01,2.609309574490390471e-01,-1.544013478623628699e-01,-1.060231501233416529e-01,1.917468284468402395e-01,2.156301800000000046e-01,7.946606956495807506e-01,-4.619577618992006807e-01,4.557375832586146314e-01,1.138275771777499945e-01,-6.952143126002569007e-01,-1.195656166289627009e-01,-3.395278199907434402e-01,2.989741524144132745e-01,-4.056054083716946201e-01,6.810198647455104615e-01,5.879978311726359319e-01,5.007452254806368241e-01,-3.748448814494854675e-01,4.529366394219992431e-01,-2.727539327229238642e-01,1.445373171799681743e-02,1.000000000000000000e+00,-4.178508790283887997e-01,3.145610405851808622e-01,5.255080839588206765e-02,-1.601254086423636869e-01,3.339719012352181104e-02,-1.625061572799717802e-01,-7.399595771219755758e-01,-1.487137449225578167e-01,5.873757908929200244e-01,-4.736981690440694726e-01,-3.841928161310854684e-01,4.867876622100614781e-01,-8.158612533834908032e-02,-3.310094327105250755e-02,-1.490830098676192428e-01,-4.128659723945600490e-02
2.786176667752172931e-02,-1.197073865881806837e-01,8.810182006321021220e-02,-1.278051610326463028e-01,5.615859143513154961e-02,-6.784816000000004621e-02,-1.320456641498508887e-01,6.672268048850187316e-01,-1.581785011021645537e-01,-3.821175571948246530e-01,-8.556296428518649078e-02,-2.169505604910558494e-01,-6.501509594145116200e-01,-5.669018881131338006e-01,-4.709834348111718860e-01,-1.036090744214224063e-01,-3.616449035175715171e-02,9.527229809597564936e-02,5.810297420877166275e-01,-1.727538076759072283e-01,4.980310852767123597e-01,-8.460758723631827127e-01,-4.178508790283887997e-01,1.000000000000000000e+00,-2.325256061628838966e-01,3.196463397577287702e-01,6.798206097263130854e-01,5.712941583959564307e-01,-6.605356148510970193e-01,7.041541398860103884e-01,2.258275153963888726e-01,-9.202016275428583914e-01,-3.646281925794871842e-02,3.199521480502863224e-01,-6.025615693784239779e-01,8.580502637476112859e-01,-2.431407605835710639e-01,3.861828286863393522e-01,7.511239189607382682e-01
4.957163409531462617e-01,-5.878632142703724694e-01,1.863640426046414000e-01,-6.745189225319133675e-01,6.702709900904335605e-01,8.384635799999999861e-01,5.858971426118684267e-01,-1.821193248514298701e-01,-3.522436576551668530e-01,-2.699997816623064817e-01,-3.783761779930634450e-01,-6.351618482106615726e-01,5.012299194744185282e-02,5.989700165022103784e-01,-1.538701192551683306e-01,6.414375756567243236e-01,1.709525853315613797e-01,-5.063218246265810407e-01,-1.520195081581154906e-01,8.050643141764176614e-01,6.331898332376557914e-02,1.453340191223877753e-01,3.145610405851808622e-01,-2.325256061628838966e-01,1.000000000000000000e+00,7.082480129766263177e-01,2.060977136668203646e-01,5.207456426799285110e-01,2.270651261179128799e-01,-3.298522818955162417e-01,-6.386787840562885288e-01,4.448934817207317316e-01,-3.945842871328430479e-01,-8.893978858228409612e-01,8.182286609660087695e-01,-2.219347399192882486e-01,-7.249507999852151663e-01,3.269347691674923673e-01,-2.024540392150412371e-01
6.454443866177658196e-01,-7.495122046052813403e-01,2.899237030319816166e-01,-7.768151617313655555e-01,8.608667982977584732e-01,9.019813400000000758e-01,5.147041939702835522e-01,4.020367384105393294e-01,-3.632684395525381249e-01,-3.648141390808678497e-01,-4.921409745481250542e-01,-9.036310438500541053e-01,-2.507979003833626375e-01,4.224689490826805116e-01,-4.507180746162293694e-01,6.437849039564559339e-01,1.413947323795025357e-01,-4.938002287959985526e-01,8.365717605991336570e-02,7.671642340304679619e-01,5.235651775860424850e-01,-3.843093919872652697e-01,5.255080839588206765e-02,3.196463397577287702e-01,7.082480129766263177e-01,1.000000000000000000e+00,6.675078362654266462e-01,9.329389672462125027e-01,-2.385643975621604684e-01,-3.643210574739963459e-02,-6.296862581760849231e-01,-1.094644873046466682e-01,-2.613547863715760533e-01,-7.528548827851017089e-01,4.869648658369103988e-01,3.146491696078914657e-01,-9.683719731317182999e-01,5.114396674354648731e-01,3.120456324465368803e-01
6.300121967324426864e-01,-3.798759504372912765e-01,-1.199018165671426328e-01,-6.206437753393890810e-01,5.540608390786323501e-01,4.539854199999999729e-01,2.651564601758170658e-01,6.729907790022424674e-01,-4.911585577833592620e-01,-4.494396953347198909e-01,-5.075320825210329900e-01,-5.661447604250863241e-01,-4.883781078437693379e-01,1.041589545061119143e-01,-6.894068572702906073e-01,4.129826817346282097e-01,5.375226573760156362e-02,-3.101841115072421773e-01,5.078776955210678734e-01,4.051963283590991893e-01,6.177809124704020105e-01,-6.390614490412031001e-01,-1.601254086423636869e-01,6.798206097263130854e-01,2.060977136668203646e-01,6.675078362654266462e-01,1.000000000000000000e+00,8.092660036293635173e-01,-4.551643239266415786e-01,2.632116774042408958e-01,-4.051471869759289413e-01,-5.112272945836356941e-01,6.427026597192574131e-02,-1.704368654285734197e-01,-7.354440574064487202e-02,6.311815805952587510e-01,-6.555089987140940710e-01,2.286211622366698393e-01,6.941417798694188290e-01
5.840780038807226182e-01,-6.622569913585114598e-01,1.563056233187132271e-01,-7.347550202793287077e-01,8.110186073974974263e-01,7.588904400000000550e-01,5.142316579197356852e-01,5.120271643775052839e-01,-2.733578852268819803e-01,-3.402898255692292095e-01,-5.918533614875554072e-01,-8.835969844661295536e-01,-4.920446916602950194e-01,2.377521490696914708e-01,-6.714749903703393086e-01,6.203253842936983231e-01,2.701725872752905322e-01,-3.006742982004099729e-01,2.713976380517010845e-01,6.808358418370878962e-01,6.638205759921808058e-01,-6.638143646365585182e-01,3.339719012352181104e-02,5.712941583959564307e-01,5.207456426799285110e-01,9.329389672462125027e-01,8.092660036293635173e-01,1.000000000000000000e+00,-5.138184259442355462e-01,8.385624946133476976e-02,-4.225359510372116434e-01,-3.537036961144627289e-01,-2.514039715786768880e-01,-5.446058892489474834e-01,2.433334771183000012e-01,6.071434558465398368e-01,-9.080392444820900577e-01,5.955480428382247116e-01,5.455021648595478334e-01
1.502957949624715850e-01,-1.227504873088147881e-02,4.702865387898180760e-02,-2.160137617331414628e-02,-2.479725947414750387e-01,3.183642000000008743e-02,-3.162378612304980185e-01,-4.504760560694270888e-01,-4.661122856300810580e-01,-2.061382893168328956e-01,4.580697905434601425e-01,3.729140853562075697e-01,7.688431177201637823e-01,3.539049979057635187e-01,7.782412148446824496e-01,-2.638950989045411588e-01,-6.449553781071138969e-01,-4.947135535004206774e-01,-9.072536372574231678e-02,-7.345626866820412215e-02,-6.154653517786994321e-01,9.466720196716588154e-01,-1.625061572799717802e-01,-6.605356148510970193e-01,2.270651261179128799e-01,-2.385643975621604684e-01,-4.551643239266415786e-01,-5.138184259442355462e-01,1.000000000000000000e+00,-4.144684534482522692e-02,-3.635149628552423740e-01,6.184214959459528593e-01,1.089583684779837913e-01,-2.282383483169830862e-01,3.945223160220067693e-01,-9.440472011249889661e-01,1.657010489010063981e-01,-4.295254128651331826e-01,-7.890739929231693761e-01
-8.497596302087001563e-02,-3.887557589925964147e-02,3.253489210538805243e-01,1.570150345514724488e-02,-3.432851919336355473e-01,-3.230880799999999997e-01,-6.804866453181125374e-01,4.871470231282395980e-01,-4.142968589703313609e-01,-4.664181615631855515e-01,4.886882277354523962e-01,2.240610987475361304e-01,-8.205560291082911184e-02,-5.928775995674738786e-01,2.476586884137204070e-01,-6.413307385656625836e-01,-6.271577003263781869e-01,-1.360046579725726623e-01,6.139583014526882598e-01,-5.490200823419451037e-01,9.283968568966444179e-02,-2.769676659061693358e-01,-7.399595771219755758e-01,7.041541398860103884e-01,-3.298522818955162417e-01,-3.643210574739963459e-02,2.632116774042408958e-01,8.385624946133476976e-02,-4.144684534482522692e-02,1.000000000000000000e+00,2.742421514918855219e-01,-7.677302609429577096e-01,8.819094120201733528e-03,4.753401912924240524e-01,-6.906735115940816350e-01,3.145338462698648030e-01,9.011529580690810781e-02,1.078718870604243041e-01,1.465699229564094430e-01
-7.560279285988295017e-01,3.541001031755644513e-01,-8.550103631766961532e-02,5.971618070953467194e-01,-5.253332591478430125e-01,-7.206785399999999786e-01,-4.248335640737497809e-01,-1.174123367260912210e-01,5.109663483810943374e-01,4.820794501092226514e-01,3.882217581093674319e-01,4.402286319413378779e-01,-1.093273782803177996e-01,-6.147928599467836763e-01,9.527277493141139697e-02,-5.827434895687175764e-01,2.318857289232468255e-01,5.917541323832813394e-01,3.358334041118277158e-02,-6.190192356404095042e-01,5.457431056080019188e-02,-2.748296144520646078e-01,-1.487137449225578167e-01,2.258275153963888726e-01,-6.386787840562885288e-01,-6.296862581760849231e-01,-4.051471869759289413e-01,-4.225359510372116434e-01,-3.635149628552423740e-01,2.742421514918855219e-01,1.000000000000000000e+00,-4.175569907336117992e-01,1.317302534237724532e-01,7.256391125716452617e-01,-6.871072315333061065e-01,3.224863246992935029e-01,6.269600304544392655e-01,2.250143327493109857e-01,1.819817850096148298e-02
1.711988561306288237e-01,8.717747827919425374e-02,-1.919917725378256779e-01,-5.312798816466268725e-02,7.242542829646633762e-02,2.694515799999999128e-01,4.274008375908998625e-01,-7.152586973251687796e-01,8.165275417850692552e-02,1.203660444886102132e-01,-1.845686435225407096e-01,7.344501360313671068e-02,4.075861789790781731e-01,6.125965632851855247e-01,2.514479388199818422e-01,3.983360099448985392e-01,1.027307474580054780e-01,-8.503520850764412220e-02,-4.688304714387705463e-01,3.923288065865688790e-01,-5.604088953492494252e-01,7.592906023786110126e-01,5.873757908929200244e-01,-9.202016275428583914e-01,4.448934817207317316e-01,-1.094644873046466682e-01,-5.112272945836356941e-01,-3.537036961144627289e-01,6.184214959459528593e-01,-7.677302609429577096e-01,-4.175569907336117992e-01,1.000000000000000000e+00,-1.634312225247445682e-01,-5.475386055844263522e-01,7.969205541197205145e-01,-8.051000927349374336e-01,3.505945066972571134e-02,-3.406523107013659235e-01,-6.064508975348749109e-01
-1.114603177232471598e-01,-3.751035462583206248e-02,-4.285174073595067190e-01,2.383884738810775339e-01,-6.715143667808426420e-02,-2.190195799999999915e-01,-4.761451362952735522e-01,2.169702708007304470e-01,-2.105937555921023330e-01,3.457441158033759954e-01,3.848503447610228667e-01,1.923350715280485734e-01,4.231562649780862273e-01,9.702460249311138651e-02,1.500479094218415133e-01,-3.695310399109373312e-01,-1.231463707866962271e-01,-2.786482174530033329e-01,4.382357439957667439e-02,-2.263722539640438958e-01,3.148576473592788472e-01,1.276248773250167334e-01,-4.736981690440694726e-01,-3.646281925794871842e-02,-3.945842871328430479e-01,-2.613547863715760533e-01,6.427026597192574131e-02,-2.514039715786768880e-01,1.089583684779837913e-01,8.819094120201733528e-03,1.317302534237724532e-01,-1.634312225247445682e-01,1.000000000000000000e+00,3.469071493839900322e-01,-2.638075383966664300e-01,-5.695627434906136433e-02,1.769974452718946212e-01,-4.428132599594605812e-02,7.966029835659355074e-02
-6.320917715585233632e-01,6.314620108976083390e-01,-1.194305844083315693e-01,7.037184688739048788e-01,-7.622245568926514503e-01,-9.343641400000000097e-01,-6.699426308602974833e-01,1.764683391478502061e-01,2.601029732718281862e-01,2.220529975624029595e-01,4.857823098176108356e-01,7.117967234377016172e-01,-9.102450051264221464e-02,-7.477818054649398860e-01,1.604938363920892230e-01,-7.513302980401249664e-01,-1.687095291960795385e-01,4.777737762956357770e-01,1.749897270776746283e-01,-8.937212469929369796e-01,-7.689973169921904272e-02,-1.831127040608432066e-01,-3.841928161310854684e-01,3.199521480502863224e-01,-8.893978858228409612e-01,-7.528548827851017089e-01,-1.704368654285734197e-01,-5.446058892489474834e-01,-2.282383483169830862e-01,4.753401912924240524e-01,7.256391125716452617e-01,-5.475386055844263522e-01,3.469071493839900322e-01,1.000000000000000000e+00,-9.228183606182580601e-01,2.752583690823373619e-01,7.968061590140593786e-01,-3.129644271774833508e-01,2.030337044914515832e-01
4.818056322669839187e-01,-4.214445091606982552e-01,-3.251006125751246256e-02,-4.707840238260609378e-01,5.837902581011533698e-01,7.695393999999999846e-01,6.684886731017307682e-01,-4.241217892516977450e-01,-1.157140222159151466e-01,-5.186018316704693598e-02,-4.096036281588603667e-01,-4.956678077438843033e-01,2.244248695320568143e-01,7.657951252755510474e-01,-5.234653904760828286e-02,7.110687436396595507e-01,2.122303063712329407e-01,-4.041268305553231133e-01,-3.620484646724324573e-01,8.021617145124325665e-01,-1.418150655001081117e-01,4.255204217806454192e-01,4.867876622100614781e-01,-6.025615693784239779e-01,8.182286609660087695e-01,4.869648658369103988e-01,-7.354440574064487202e-02,2.433334771183000012e-01,3.945223160220067693e-01,-6.906735115940816350e-01,-6.871072315333061065e-01,7.969205541197205145e-01,-2.638075383966664300e-01,-9.228183606182580601e-01,1.000000000000000000e+00,-5.042900441400075540e-01,-5.522066386808579530e-01,1.021283830177595886e-01,-3.406646014829771696e-01
-5.281807636135371631e-02,-9.477571315321964285e-02,-2.690625151679393312e-03,-8.776003102667057076e-02,2.405579370057263078e-01,-1.732783999999998326e-02,1.570347351143722703e-01,5.914892563714120310e-01,2.088357710446265836e-01,7.601890550259504664e-03,-3.543236587075831445e-01,-3.802646077319818962e-01,-7.572460988277751603e-01,-4.255494570254825804e-01,-7.405231723275083056e-01,1.432222677429525470e-01,4.332787276227032525e-01,3.156598366373041253e-01,3.064269781374773238e-01,1.569197278340889179e-02,6.780334013503700463e-01,-9.924068050491068327e-01,-8.158612533834908032e-02,8.580502637476112859e-01,-2.219347399192882486e-01,3.146491696078914657e-01,6.311815805952587510e-01,6.071434558465398368e-01,-9.440472011249889661e-01,3.145338462698648030e-01,3.224863246992935029e-01,-8.051000927349374336e-01,-5.695627434906136433e-02,2.752583690823373619e-01,-5.042900441400075540e-01,1.000000000000000000e+00,-2.455077893540034695e-01,4.721984529119233054e-01,8.330748764279225504e-01
-7.262611045616351735e-01,8.364964680962617694e-01,-1.445848848895459060e-01,8.493792314500260288e-01,-9.196789206499850211e-01,-9.478813799999999956e-01,-5.181376767325450716e-01,-3.360094598449577252e-01,4.228389432794081304e-01,3.001891981657627273e-01,5.136060565544920964e-01,9.312132681259664979e-01,1.471971053162781096e-01,-5.616594524323781368e-01,4.443810358362553226e-01,-6.639169898769140543e-01,-1.669826112818769415e-01,5.669662084571251981e-01,-1.664380176448133075e-01,-8.464409819575497984e-01,-5.634982929552240227e-01,3.123141218262077690e-01,-3.310094327105250755e-02,-2.431407605835710639e-01,-7.249507999852151663e-01,-9.683719731317182999e-01,-6.555089987140940710e-01,-9.080392444820900577e-01,1.657010489010063981e-01,9.011529580690810781e-02,6.269600304544392655e-01,3.505945066972571134e-02,1.769974452718946212e-01,7.968061590140593786e-01,-5.522066386808579530e-01,-2.455077893540034695e-01,1.000000000000000000e+00,-5.721853575625891475e-01,-2.277139913131181193e-01
4.005796550110808651e-02,-7.246272970137488389e-01,1.146461346025686168e-01,-3.552714993341021255e-01,5.810195574723929779e-01,4.540621199999999025e-01,1.708603619873647617e-01,1.603090699502588146e-01,4.138032149988717101e-02,2.048687173763499292e-01,-1.105339307068577553e-01,-6.727690578700278312e-01,-1.368444478698292999e-01,1.042570395390363114e-01,-3.045272231326295320e-01,1.785856913546851610e-01,4.083581850923133083e-01,-1.977855886672678087e-01,1.200034348936056955e-01,4.137806802179484489e-01,6.814529882549744677e-01,-5.092486881136483179e-01,-1.490830098676192428e-01,3.861828286863393522e-01,3.269347691674923673e-01,5.114396674354648731e-01,2.286211622366698393e-01,5.955480428382247116e-01,-4.295254128651331826e-01,1.078718870604243041e-01,2.250143327493109857e-01,-3.406523107013659235e-01,-4.428132599594605812e-02,-3.129644271774833508e-01,1.021283830177595886e-01,4.721984529119233054e-01,-5.721853575625891475e-01,1.000000000000000000e+00,1.556678384291862449e-01
3.600016116199142302e-02,1.096222618061673815e-01,-2.592986577271609860e-01,2.407406333607864379e-02,1.543796369293770065e-01,-6.586140000000018091e-03,2.799933927628043828e-01,5.682104518248658476e-01,1.168636544019341916e-01,-1.993994727949616741e-01,-4.219959831566457709e-01,-2.657172146303210525e-01,-8.141512446888176102e-01,-4.024170328310867628e-01,-7.830580073124407958e-01,3.010874433089504310e-01,3.398880794946697037e-01,2.680272765260661716e-01,2.850543795556662041e-01,3.273905231834343954e-02,4.486287155835010365e-01,-8.294237636601071717e-01,-4.128659723945600490e-02,7.511239189607382682e-01,-2.024540392150412371e-01,3.120456324465368803e-01,6.941417798694188290e-01,5.455021648595478334e-01,-7.890739929231693761e-01,1.465699229564094430e-01,1.819817850096148298e-02,-6.064508975348749109e-01,7.966029835659355074e-02,2.030337044914515832e-01,-3.406646014829771696e-01,8.330748764279225504e-01,-2.277139913131181193e-01,1.556678384291862449e-01,1.000000000000000000e+00
