1.000000000000000000e+00,8.697508159068929601e-01,7.328890725276906992e-02,-1.883445221810652048e-01,7.140272447008245704e-01,-6.471334090391223093e-01,3.510152647213117816e-01,-6.643157752489267098e-01,-1.237906397868247105e-01,-8.292759969027516664e-01,-3.074372167441496995e-01,4.359653841805015140e-01,2.287390626464559373e-01,-9.084990613582138996e-01,-4.661884377311011352e-01,-3.585427631406946092e-01,1.071022698458950345e-01,1.173287243411158809e-01,7.892538711762522308e-01,8.137162516050940875e-01,-6.919367373579325964e-01,-1.092630082291439764e-01,7.317022903595927774e-01,2.338133397741635200e-01,-9.095367867655518301e-01,1.403583497228252409e-02,1.087445534788737123e-01,-2.192900085446616021e-01,4.127318117889202664e-01,-2.518202154499248890e-01,4.089317645653190447e-01,3.306609207694250485e-01,-6.833893595829225454e-02,-5.968468788816085890e-01,9.232126362672971043e-01,9.536243749914943280e-01,6.765013867834070160e-02,-8.950612748017772180e-01,9.601036199999999354e-01
8.697508159068929601e-01,1.000000000000000000e+00,1.371707433998156089e-01,-1.319475988298012825e-01,7.393063326910651600e-01,-3.880510096126625896e-01,1.080347093363039496e-01,-5.865160895852689071e-01,-3.266486259413701188e-01,-7.994068894465478081e-01,-2.478941152724839503e-01,4.664172614037021686e-02,4.175662365416218380e-01,-8.533965095623331498e-01,-4.621614095771830466e-01,-4.534489921991481931e-01,6.016224340818440014e-02,-9.788300041105910121e-02,7.361108003515529630e-01,5.828459663823962744e-01,-4.659113081097155940e-01,-2.806726048960875297e-02,5.976645950993429990e-01,2.414035156807153859e-01,-7.394157019999177960e-01,1.579868758796815764e-01,3.987534020359820852e-01,-3.615123455725902102e-01,3.821459678205807453e-01,-2.258600828269483052e-01,4.736987786135002931e-01,3.401127166941846913e-01,-1.299585045646595716e-01,-4.753039230052126807e-01,7.851639627091319129e-01,8.342096706191082234e-01,2.611383220361995772e-01,-6.476786596629409143e-01,8.389193399999999023e-01
7.328890725276906992e-02,1.371707433998156089e-01,1.000000000000000000e+00,-8.356951935680412280e-01,4.477397528590900122e-01,3.240671844972458082e-01,-8.016385566011092756e-01,-9.746074114002127586e-02,6.520572686932694095e-01,-4.197850857392495909e-03,7.357119646581512518e-01,-3.080400009089513391e-01,4.832521878140991767e-01,-4.724968643519043138e-02,-2.658009673711654863e-01,-8.551445203935411632e-01,-1.742469219035690520e-01,-7.661992062137578108e-01,7.505397836406202394e-02,1.255623290452035912e-01,-9.415467694373651220e-02,5.773305932947498942e-01,-5.526475805997862478e-01,3.629894223060147196e-01,2.473320250223571271e-01,4.217704528746241133e-01,-2.794918291129963595e-01,-3.007883416298704482e-01,4.867590973781334429e-01,-2.749698617824343216e-01,2.285052598379802846e-01,-8.253508969523490890e-01,4.754198130919977117e-01,-1.897521312361131196e-01,6.116764392155503612e-03,-1.790359961428094060e-01,8.892207571201286020e-01,3.082657205674218734e-02,-1.581683600000000078e-01
-1.883445221810652048e-01,-1.319475988298012825e-01,-8.356951935680412280e-01,1.000000000000000000e+00,-2.920235102303336272e-01,-6.190378273607771709e-02,4.393586606915798609e-01,1.152722250850958113e-01,-7.547932793245284433e-01,9.157705324188676610e-02,-5.622989627309935567e-01,-1.231153323954815720e-01,-2.101820734785372347e-01,1.682138654401989508e-01,2.852716173189599747e-03,6.469440770837816546e-01,-1.355410821255621512e-01,4.999753647294082892e-01,-2.533196470949713661e-02,-1.698608500091540463e-01,3.646949446410754359e-01,-4.233099395531680909e-01,2.867971920439378875e-01,-1.656564854593483294e-01,-2.683355753130206578e-02,-1.102419946519288957e-01,2.735069374479414672e-01,3.384982497095816445e-01,-3.344935050152170741e-01,-1.228854404777181553e-01,-1.288883618709743828e-01,7.644614797484060587e-01,-4.320258142212593522e-01,2.661610496581945373e-01,-7.663953618278628033e-02,-1.395611663850960041e-02,-6.770626072226395564e-01,2.510331234306122927e-01,-3.020166000000001905e-02
7.140272447008245704e-01,7.393063326910651600e-01,4.477397528590900122e-01,-2.920235102303336272e-01,1.000000000000000000e+00,-3.014591299387701651e-01,-1.865496501820906317e-01,-7.955171078057591272e-01,-2.818481064907989164e-02,-3.980748824012544373e-01,2.787103097835142984e-01,-1.139928665952679582e-01,7.683336398442149884e-01,-4.924707873289455584e-01,-4.198863926812169689e-01,-6.383552399148835210e-01,-4.970548220524484417e-01,-4.956295657640958918e-01,7.832096661194828391e-01,6.912385090912468444e-01,-1.308134514555985839e-01,-4.435025660034640216e-03,1.381760440978919147e-01,6.044097160839349003e-01,-5.501168213702931631e-01,3.822769027085176630e-01,-2.166372171786779544e-01,2.596234099835536754e-03,7.247756478296371041e-01,-4.884972829590623067e-01,4.812839440976174332e-01,3.409959459537328236e-02,-1.672158581188548931e-01,-5.319037109209227010e-01,7.085909761644493265e-01,5.386397160518847649e-01,3.955713474833504328e-01,-5.118433440540426371e-01,5.418283200000000299e-01
-6.471334090391223093e-01,-3.880510096126625896e-01,3.240671844972458082e-01,-6.190378273607771709e-02,-3.014591299387701651e-01,1.000000000000000000e+00,-7.547252292943102958e-01,5.277866689802398481e-01,2.201159337597783927e-01,3.315306246842749660e-01,4.620047328040175483e-01,-6.833815999546918318e-01,2.963524772804725094e-03,4.428282048522720893e-01,-2.957574568679094407e-03,-2.838797773836312377e-01,4.129523990812501710e-02,-5.289874693916770676e-01,-6.756385800786784968e-01,-4.166860639058289073e-01,3.997960293826472999e-01,5.921647577715556388e-01,-7.197939686533323389e-01,-1.327791785333989338e-01,8.446135663087932510e-01,3.587620838647648247e-01,9.752202751366283173e-02,-2.728253131107479246e-01,-3.064340994253753059e-01,9.836797513747889965e-02,1.999349854266462001e-01,-5.393350447683195048e-01,4.594808261786103576e-01,5.897599178296211164e-01,-5.324715604919648682e-01,-7.321131648736547426e-01,5.088540734796985765e-01,8.068671565840381810e-01,-7.155113200000000617e-01
3.510152647213117816e-01,1.080347093363039496e-01,-8.016385566011092756e-01,4.393586606915798609e-01,-1.865496501820906317e-01,-7.547252292943102958e-01,1.000000000000000000e+00,-1.620110048903765643e-01,-4.213702856615116898e-01,-2.499491655479890995e-01,-7.463228661948646536e-01,7.350918124023196887e-01,-4.449997908683297476e-01,-2.824110513836886049e-01,2.480223707129795563e-01,6.965659763295758422e-01,2.776507036262613748e-01,8.470847580085648643e-01,2.472458168841708825e-01,1.944694714210871977e-01,-3.084644880242122800e-01,-6.716028315328322895e-01,8.136361568790204668e-01,-2.483527138328858463e-01,-6.602401187533726290e-01,-5.222604486538057200e-01,1.213243739820679123e-01,2.386881739951574599e-01,-2.547175353266314946e-01,2.995269424033438210e-01,-2.054516343460283945e-01,7.567245568582998683e-01,-4.635074842680924068e-01,-2.275094787558467335e-01,3.443211057053987001e-01,5.654894517326541914e-01,-8.316128792999365471e-01,-5.543456625251480530e-01,5.467477999999998950e-01
-6.643157752489267098e-01,-5.865160895852689071e-01,-9.746074114002127586e-02,1.152722250850958113e-01,-7.955171078057591272e-01,5.277866689802398481e-01,-1.620110048903765643e-01,1.000000000000000000e+00,1.171085493397638344e-01,2.908935692408806672e-01,3.727761716953220672e-02,-1.474339096689155637e-01,-5.637141329231774023e-01,4.007208408847258152e-01,3.435764145051045659e-01,1.893457442253373979e-01,4.245717596074002897e-01,1.537917779997659551e-01,-8.125495050089325266e-01,-6.238924408925797804e-01,1.497092974775098839e-01,1.422648711883781891e-01,-3.222332152981889353e-01,-4.931229708478318541e-01,6.808084863072865200e-01,6.032973535398920145e-02,2.639060222441176884e-01,-3.415484699913468591e-01,-5.727165608659401386e-01,2.410116800741489151e-01,-5.843504383803565377e-02,-2.529267428476022483e-01,4.051786426236092531e-01,3.267262474473103251e-01,-5.830517569497183361e-01,-6.054275632628213222e-01,9.591315429787332369e-02,5.408910676361897707e-01,-5.841688400000000225e-01
-1.237906397868247105e-01,-3.266486259413701188e-01,6.520572686932694095e-01,-7.547932793245284433e-01,-2.818481064907989164e-02,2.201159337597783927e-01,-4.213702856615116898e-01,1.171085493397638344e-01,1.000000000000000000e+00,1.373150268503784410e-01,5.313512107704501108e-01,2.529212270420024833e-01,-1.866941131374613427e-01,1.228596390291925439e-01,-1.293737633673899268e-01,-4.003514115451295985e-01,5.795396246937767337e-02,-3.101812829763089807e-01,-3.390594250215259731e-01,1.120875497399692611e-01,-3.011197564172807262e-01,6.364076224621391109e-01,-4.787727668048551433e-01,1.835308907688336100e-01,3.386365872748000050e-01,-1.298851174848649204e-01,-5.920648357931949102e-01,-1.282888418260601515e-01,2.154206398324067795e-01,4.592800944716579625e-02,8.866731929223864439e-02,-8.845703835031768492e-01,7.098316030797541254e-01,-4.889104973032332158e-02,-1.964284441978856321e-01,-3.188502920547668373e-01,4.530429038351645454e-01,-5.670943804095163188e-03,-2.944698999999999511e-01
-8.292759969027516664e-01,-7.994068894465478081e-01,-4.197850857392495909e-03,9.157705324188676610e-02,-3.980748824012544373e-01,3.315306246842749660e-01,-2.499491655479890995e-01,2.908935692408806672e-01,1.373150268503784410e-01,1.000000000000000000e+00,4.662012584613386412e-01,-3.645177235110718672e-01,1.178326942233067082e-01,9.811362163298650296e-01,5.610792128631747477e-01,3.672358209708333487e-01,-4.623227333016399210e-01,-2.219409649124124140e-01,-4.139544429133500958e-01,-5.892835575636728995e-01,8.016124926346344104e-01,-1.612699842461800537e-01,-7.416647395379001306e-01,8.017922021077693306e-02,6.605564749592023333e-01,8.201584009436450884e-02,-4.936864836004708490e-01,6.285816873934814142e-01,-1.115461510980394616e-01,1.513871899129565213e-01,-4.858317080283083289e-01,-2.665991591542840600e-01,-2.801096346223594935e-01,3.366350779775886259e-01,-7.630138167268557536e-01,-8.266187914435486617e-01,-1.727454957729102625e-01,7.008158413475986670e-01,-8.516208800000000245e-01
-3.074372167441496995e-01,-2.478941152724839503e-01,7.357119646581512518e-01,-5.622989627309935567e-01,2.787103097835142984e-01,4.620047328040175483e-01,-7.463228661948646536e-01,3.727761716953220672e-02,5.313512107704501108e-01,4.662012584613386412e-01,1.000000000000000000e+00,-4.942206514785650873e-01,5.310371325339244830e-01,4.226681586807434221e-01,2.089460607163214911e-01,-6.067767955208708264e-01,-4.987326032199732029e-01,-8.888516263663401862e-01,-1.977927067678878215e-01,-3.722963756865269036e-02,3.930012250296176513e-01,2.485009302020113608e-01,-8.108525336972156605e-01,3.474952663333662484e-01,4.921952431566351538e-01,5.627514363223926619e-01,-5.325360037069999386e-01,-1.158254749332188888e-02,3.875268018581674578e-01,-2.376016522641860584e-01,2.291757613638610858e-01,-7.118242133905582358e-01,2.255584557349682717e-01,-8.455997835337944468e-02,-2.165583324919123642e-01,-5.332667217624730283e-01,6.664427904533982705e-01,2.980562536075846425e-01,-5.165104999999999835e-01
4.359653841805015140e-01,4.664172614037021686e-02,-3.080400009089513391e-01,-1.231153323954815720e-01,-1.139928665952679582e-01,-6.833815999546918318e-01,7.350918124023196887e-01,-1.474339096689155637e-01,2.529212270420024833e-01,-3.645177235110718672e-01,-4.942206514785650873e-01,1.000000000000000000e+00,-5.911619842747748432e-01,-4.003113336736182637e-01,7.303756304507417335e-03,3.317003869630931745e-01,4.115167911147911695e-01,6.965326415661710069e-01,1.212242690984682431e-01,3.705765028950318563e-01,-6.788131279375542171e-01,-1.740358148804366234e-01,6.264100491482742505e-01,-1.740726948557540510e-01,-5.557412662233840450e-01,-6.331601668603658029e-01,-1.775874299884240837e-01,1.975261837320738470e-02,-7.881452410327521862e-02,3.042874978731718860e-01,-7.488877055373659164e-02,1.688778497856298633e-01,8.885547573186478032e-02,-3.014665985536374992e-01,3.542906866369895935e-01,5.121453539070607297e-01,-4.590069169778831504e-01,-6.926495129135795681e-01,5.145950999999999720e-01
2.287390626464559373e-01,4.175662365416218380e-01,4.832521878140991767e-01,-2.101820734785372347e-01,7.683336398442149884e-01,2.963524772804725094e-03,-4.449997908683297476e-01,-5.637141329231774023e-01,-1.866941131374613427e-01,1.178326942233067082e-01,5.310371325339244830e-01,-5.911619842747748432e-01,1.000000000000000000e+00,1.746308177267051967e-02,-6.623291763313951530e-02,-5.171010833787692551e-01,-6.671561928782878681e-01,-7.258655787517238611e-01,6.042231141364209357e-01,2.247650600331028148e-01,3.963448947952669110e-01,-1.446420719752930795e-01,-2.773419529390699356e-01,5.243498747470298760e-01,-1.497525270430330180e-01,6.488583419620360671e-01,-1.845917259379166731e-01,2.195903065184626468e-01,5.990104432207742358e-01,-4.283408830705362491e-01,1.567577726025457252e-01,-3.891119046146514909e-02,-4.298445039530573997e-01,-2.648421847498655946e-01,2.528916332518477139e-01,8.758867788658704356e-02,4.190790564737349455e-01,-9.056472246799240206e-03,7.243351999999991797e-02
-9.084990613582138996e-01,-8.533965095623331498e-01,-4.724968643519043138e-02,1.682138654401989508e-01,-4.924707873289455584e-01,4.428282048522720893e-01,-2.824110513836886049e-01,4.007208408847258152e-01,1.228596390291925439e-01,9.811362163298650296e-01,4.226681586807434221e-01,-4.003113336736182637e-01,1.746308177267051967e-02,1.000000000000000000e+00,5.255077441241824410e-01,3.869917254206237112e-01,-4.039547307272620680e-01,-1.874116609850691173e-01,-5.339779573649188205e-01,-6.534389182278744768e-01,8.172095587905110481e-01,-8.815550384290990471e-02,-7.629939296903871515e-01,2.585985456717477919e-03,7.574652994110518955e-01,5.921651304260894255e-02,-4.174208427474201955e-01,5.510277070802996890e-01,-1.858143541714680769e-01,1.579694188869032456e-01,-4.586652675825775294e-01,-2.753402274066065747e-01,-1.898364801047278394e-01,4.372486008603924668e-01,-8.192937336867787135e-01,-8.959844808676180605e-01,-1.638275301118534699e-01,7.932793685370020942e-01,-9.159988399999999809e-01
-4.661884377311011352e-01,-4.621614095771830466e-01,-2.658009673711654863e-01,2.852716173189599747e-03,-4.198863926812169689e-01,-2.957574568679094407e-03,2.480223707129795563e-01,3.435764145051045659e-01,-1.293737633673899268e-01,5.610792128631747477e-01,2.089460607163214911e-01,7.303756304507417335e-03,-6.623291763313951530e-02,5.255077441241824410e-01,1.000000000000000000e+00,4.120445070043746161e-01,2.563220451752661055e-02,3.930520646388932504e-02,-3.652901425270170810e-01,-4.589450898424897174e-01,4.536007815286394740e-01,-6.196412384397288475e-01,-1.635028875649686686e-01,-3.380451884252916872e-01,1.984697577521883916e-01,4.704646788148870995e-02,-5.672263054065893734e-02,1.651192002308851658e-01,-3.427507407150468532e-01,5.388685369920794832e-01,-2.766516786179543663e-01,8.912305350770044488e-02,-4.329378657744646364e-01,5.811401620956435643e-02,-3.323557490949957116e-01,-3.366168813663869552e-01,-2.563179265517235850e-01,1.830095098073077353e-01,-3.513357799999999864e-01
-3.585427631406946092e-01,-4.534489921991481931e-01,-8.551445203935411632e-01,6.469440770837816546e-01,-6.383552399148835210e-01,-2.838797773836312377e-01,6.965659763295758422e-01,1.893457442253373979e-01,-4.003514115451295985e-01,3.672358209708333487e-01,-6.067767955208708264e-01,3.317003869630931745e-01,-5.171010833787692551e-01,3.869917254206237112e-01,4.120445070043746161e-01,1.000000000000000000e+00,1.112810845322889514e-01,7.603773774480669934e-01,-2.008647425627076155e-01,-4.130788002214015320e-01,2.360463734015573189e-01,-5.097582626375846138e-01,2.726749353271666898e-01,-2.984962818755405589e-01,-1.684353656066207502e-02,-5.774336298320873473e-01,5.549983659827009003e-02,5.365475155506939098e-01,-4.982536547567750218e-01,4.400868990961799843e-01,-5.844921256841972834e-01,5.609411414783838090e-01,-4.944791259706613484e-01,2.797654235328075334e-01,-3.633350862806559722e-01,-1.094619405637527465e-01,-9.246659571421953494e-01,1.668414419017801575e-01,-1.439779799999999499e-01
1.071022698458950345e-01,6.016224340818440014e-02,-1.742469219035690520e-01,-1.355410821255621512e-01,-4.970548220524484417e-01,4.129523990812501710e-02,2.776507036262613748e-01,4.245717596074002897e-01,5.795396246937767337e-02,-4.623227333016399210e-01,-4.987326032199732029e-01,4.115167911147911695e-01,-6.671561928782878681e-01,-4.039547307272620680e-01,2.563220451752661055e-02,1.112810845322889514e-01,1.000000000000000000e+00,4.775939336326489038e-01,-3.080437677759150228e-01,-4.412136874569957262e-02,-6.175253345331868093e-01,1.881121301194253748e-01,4.302251264482341853e-01,-6.479346262144283219e-01,-8.361029537809039347e-02,-2.786568301168438344e-01,5.645285130020037956e-01,-5.530711846145609512e-01,-5.641360035069190593e-01,5.511233166796716265e-01,-2.875128005041314647e-02,6.947541444804522862e-03,3.813393549591956311e-01,2.453246250983345533e-01,6.129975997256965209e-02,2.349878966810014236e-01,-2.191084096521688993e-02,-1.500339585801183095e-01,2.455596399999999679e-01
1.173287243411158809e-01,-9.788300041105910121e-02,-7.661992062137578108e-01,4.999753647294082892e-01,-4.956295657640958918e-01,-5.289874693916770676e-01,8.470847580085648643e-01,1.537917779997659551e-01,-3.101812829763089807e-01,-2.219409649124124140e-01,-8.888516263663401862e-01,6.965326415661710069e-01,-7.258655787517238611e-01,-1.874116609850691173e-01,3.930520646388932504e-02,7.603773774480669934e-01,4.775939336326489038e-01,1.000000000000000000e+00,9.363185630553022554e-05,-6.045595161625381964e-02,-3.501202406109542586e-01,-3.616707444420193540e-01,6.902321136795970258e-01,-3.982586236410329272e-01,-3.676769390374348134e-01,-6.593196848386801978e-01,2.603598705187413209e-01,1.369520718416785410e-01,-4.439589292778963747e-01,2.992973655548757939e-01,-3.679759499134155898e-01,5.814646397825660173e-01,-1.754482955818941203e-01,2.306530850472229832e-02,5.336162157326022892e-02,3.424723847619470241e-01,-7.884813998620757713e-01,-2.856638431009659862e-01,3.288340599999999281e-01
7.892538711762522308e-01,7.361108003515529630e-01,7.505397836406202394e-02,-2.533196470949713661e-02,7.832096661194828391e-01,-6.756385800786784968e-01,2.472458168841708825e-01,-8.125495050089325266e-01,-3.390594250215259731e-01,-4.139544429133500958e-01,-1.977927067678878215e-01,1.212242690984682431e-01,6.042231141364209357e-01,-5.339779573649188205e-01,-3.652901425270170810e-01,-2.008647425627076155e-01,-3.080437677759150228e-01,9.363185630553022554e-05,1.000000000000000000e+00,6.003442356995767337e-01,-2.219356476462636674e-01,-3.377718202486035826e-01,4.919390640843136486e-01,4.445710165986651030e-01,-8.112095978622974046e-01,1.500029205854381542e-01,-4.489190547578846002e-02,2.581829442884757686e-01,5.697709826043867443e-01,-4.026366206333408804e-01,3.989195132415260941e-02,4.211120595953648515e-01,-5.043311137654026277e-01,-5.350696198007921511e-01,6.952862264413399718e-01,7.535261187061537136e-01,-6.398280016188152841e-02,-6.290102331844027450e-01,7.317000799999999749e-01
8.137162516050940875e-01,5.828459663823962744e-01,1.255623290452035912e-01,-1.698608500091540463e-01,6.912385090912468444e-01,-4.166860639058289073e-01,1.944694714210871977e-01,-6.238924408925797804e-01,1.120875497399692611e-01,-5.892835575636728995e-01,-3.722963756865269036e-02,3.705765028950318563e-01,2.247650600331028148e-01,-6.534389182278744768e-01,-4.589450898424897174e-01,-4.130788002214015320e-01,-4.412136874569957262e-02,-6.045595161625381964e-02,6.003442356995767337e-01,1.000000000000000000e+00,-5.244247443136584863e-01,2.701614795595359483e-02,4.347612768440082820e-01,2.752132229977989342e-01,-6.761202934465176950e-01,1.813106314638190664e-01,-2.971336769774912678e-01,-4.507520759908280501e-03,4.636721977983576104e-01,-3.018846338133247542e-01,5.504241686614089746e-01,1.221338356197466113e-01,7.303988459442077585e-02,-3.658608217962436848e-01,8.640361029375372981e-01,6.831948249307344678e-01,1.145567359663214879e-01,-6.763987848040905471e-01,6.930542399999999326e-01
-6.919367373579325964e-01,-4.659113081097155940e-01,-9.415467694373651220e-02,3.646949446410754359e-01,-1.308134514555985839e-01,3.997960293826472999e-01,-3.084644880242122800e-01,1.497092974775098839e-01,-3.011197564172807262e-01,8.016124926346344104e-01,3.930012250296176513e-01,-6.788131279375542171e-01,3.963448947952669110e-01,8.172095587905110481e-01,4.536007815286394740e-01,2.360463734015573189e-01,-6.175253345331868093e-01,-3.501202406109542586e-01,-2.219356476462636674e-01,-5.244247443136584863e-01,1.000000000000000000e+00,-2.853382868053065957e-01,-6.210425194883215649e-01,1.340617708770067140e-01,5.505400477689624816e-01,3.055339226407507991e-01,-1.828990734989247580e-01,4.899873696008267276e-01,-5.018781926183346620e-02,-2.898214041961083565e-02,-2.475075868961768844e-01,2.877883672203373350e-02,-4.726762184888913532e-01,3.196773303725795046e-01,-5.445748524650840805e-01,-6.758382360315676740e-01,-7.738180363346623680e-02,7.257218042345957576e-01,-6.983775199999999739e-01
-1.092630082291439764e-01,-2.806726048960875297e-02,5.773305932947498942e-01,-4.233099395531680909e-01,-4.435025660034640216e-03,5.921647577715556388e-01,-6.716028315328322895e-01,1.422648711883781891e-01,6.364076224621391109e-01,-1.612699842461800537e-01,2.485009302020113608e-01,-1.740358148804366234e-01,-1.446420719752930795e-01,-8.815550384290990471e-02,-6.196412384397288475e-01,-5.097582626375846138e-01,1.881121301194253748e-01,-3.616707444420193540e-01,-3.377718202486035826e-01,2.701614795595359483e-02,-2.853382868053065957e-01,1.000000000000000000e+00,-4.110123214665061253e-01,1.006560280397727630e-01,4.502396023898313504e-01,-4.307420838255324180e-02,-4.167042035071517186e-02,-3.847685389849245796e-01,5.775579164198347409e-02,-7.321462716593696296e-02,2.551374494469303977e-01,-7.196664729820871909e-01,8.307850236773235419e-01,3.140378396553298312e-01,-2.122172586470848221e-01,-2.775484880926091247e-01,5.943243504547593981e-01,2.822290236937143315e-01,-2.511951799999999624e-01
7.317022903595927774e-01,5.976645950993429990e-01,-5.526475805997862478e-01,2.867971920439378875e-01,1.381760440978919147e-01,-7.197939686533323389e-01,8.136361568790204668e-01,-3.222332152981889353e-01,-4.787727668048551433e-01,-7.416647395379001306e-01,-8.108525336972156605e-01,6.264100491482742505e-01,-2.773419529390699356e-01,-7.629939296903871515e-01,-1.635028875649686686e-01,2.726749353271666898e-01,4.302251264482341853e-01,6.902321136795970258e-01,4.919390640843136486e-01,4.347612768440082820e-01,-6.210425194883215649e-01,-4.110123214665061253e-01,1.000000000000000000e+00,-2.066451070609000573e-01,-8.606539739894418783e-01,-3.568303111242200343e-01,4.455905668586607193e-01,-1.664043366520219225e-01,-1.095881801152264190e-01,1.013984523644896329e-01,8.691640359292862605e-02,7.370534794753160757e-01,-2.585748584780864223e-01,-3.372489245105541045e-01,6.713651749096664068e-01,8.912459645687674792e-01,-4.753534575737971002e-01,-7.569325661741745925e-01,8.867034199999999089e-01
2.338133397741635200e-01,2.414035156807153859e-01,3.629894223060147196e-01,-1.656564854593483294e-01,6.044097160839349003e-01,-1.327791785333989338e-01,-2.483527138328858463e-01,-4.931229708478318541e-01,1.835308907688336100e-01,8.017922021077693306e-02,3.474952663333662484e-01,-1.740726948557540510e-01,5.243498747470298760e-01,2.585985456717477919e-03,-3.380451884252916872e-01,-2.984962818755405589e-01,-6.479346262144283219e-01,-3.982586236410329272e-01,4.445710165986651030e-01,2.752132229977989342e-01,1.340617708770067140e-01,1.006560280397727630e-01,-2.066451070609000573e-01,1.000000000000000000e+00,-1.348013780498819592e-01,4.013274378337215731e-02,-4.752977260781450775e-01,3.100109108548686487e-01,5.598778172626210914e-01,-4.721749810969694816e-01,1.257220046973981376e-01,-1.192185264771138814e-01,-7.483614082655909439e-02,-5.557739233014349356e-01,1.765319029422173502e-01,6.573003663216316073e-02,1.826810981876944295e-01,-1.516631717378580102e-01,6.202462000000008580e-02
-9.095367867655518301e-01,-7.394157019999177960e-01,2.473320250223571271e-01,-2.683355753130206578e-02,-5.501168213702931631e-01,8.446135663087932510e-01,-6.602401187533726290e-01,6.808084863072865200e-01,3.386365872748000050e-01,6.605564749592023333e-01,4.921952431566351538e-01,-5.557412662233840450e-01,-1.497525270430330180e-01,7.574652994110518955e-01,1.984697577521883916e-01,-1.684353656066207502e-02,-8.361029537809039347e-02,-3.676769390374348134e-01,-8.112095978622974046e-01,-6.761202934465176950e-01,5.505400477689624816e-01,4.502396023898313504e-01,-8.606539739894418783e-01,-1.348013780498819592e-01,1.000000000000000000e+00,1.502400362244483145e-01,-1.088592023303929790e-01,-3.315206879991794420e-02,-2.782798189322777116e-01,8.308520936790184108e-02,-1.503680001332219351e-01,-5.988553643831966422e-01,3.984918231392760024e-01,5.683095588869157000e-01,-8.398566432953915584e-01,-9.657377895395762302e-01,3.020213389851281738e-01,8.991899998714935061e-01,-9.545782200000000328e-01
1.403583497228252409e-02,1.579868758796815764e-01,4.217704528746241133e-01,-1.102419946519288957e-01,3.822769027085176630e-01,3.587620838647648247e-01,-5.222604486538057200e-01,6.032973535398920145e-02,-1.298851174848649204e-01,8.201584009436450884e-02,5.627514363223926619e-01,-6.331601668603658029e-01,6.488583419620360671e-01,5.921651304260894255e-02,4.704646788148870995e-02,-5.774336298320873473e-01,-2.786568301168438344e-01,-6.593196848386801978e-01,1.500029205854381542e-01,1.813106314638190664e-01,3.055339226407507991e-01,-4.307420838255324180e-02,-3.568303111242200343e-01,4.013274378337215731e-02,1.502400362244483145e-01,1.000000000000000000e+00,-3.592318925020666909e-02,-1.103762094964570589e-01,2.374758866605068408e-01,-3.695544734212753979e-01,4.485911164888404246e-01,-1.498778173939547265e-01,-6.572308497519210868e-02,-5.845655088913457274e-03,2.052583650678643790e-01,-1.310805704284704887e-01,5.705316198862968591e-01,2.080278054421567380e-01,-1.221739200000000469e-01
1.087445534788737123e-01,3.987534020359820852e-01,-2.794918291129963595e-01,2.735069374479414672e-01,-2.166372171786779544e-01,9.752202751366283173e-02,1.213243739820679123e-01,2.639060222441176884e-01,-5.920648357931949102e-01,-4.936864836004708490e-01,-5.325360037069999386e-01,-1.775874299884240837e-01,-1.845917259379166731e-01,-4.174208427474201955e-01,-5.672263054065893734e-02,5.549983659827009003e-02,5.645285130020037956e-01,2.603598705187413209e-01,-4.489190547578846002e-02,-2.971336769774912678e-01,-1.828990734989247580e-01,-4.167042035071517186e-02,4.455905668586607193e-01,-4.752977260781450775e-01,-1.088592023303929790e-01,-3.592318925020666909e-02,1.000000000000000000e+00,-6.049610842213213324e-01,-4.261010588012695832e-01,1.755198263591017938e-01,1.440124652337035349e-02,4.079907477210754085e-01,-2.098137790529963978e-02,1.535129197090312758e-01,5.701971231616852903e-02,2.790915870313153690e-01,2.230899323235668863e-02,6.280447204740161223e-03,2.847265800000000624e-01
-2.192900085446616021e-01,-3.615123455725902102e-01,-3.007883416298704482e-01,3.384982497095816445e-01,2.596234099835536754e-03,-2.728253131107479246e-01,2.386881739951574599e-01,-3.415484699913468591e-01,-1.282888418260601515e-01,6.285816873934814142e-01,-1.158254749332188888e-02,1.975261837320738470e-02,2.195903065184626468e-01,5.510277070802996890e-01,1.651192002308851658e-01,5.365475155506939098e-01,-5.530711846145609512e-01,1.369520718416785410e-01,2.581829442884757686e-01,-4.507520759908280501e-03,4.899873696008267276e-01,-3.847685389849245796e-01,-1.664043366520219225e-01,3.100109108548686487e-01,-3.315206879991794420e-02,-1.103762094964570589e-01,-6.049610842213213324e-01,1.000000000000000000e+00,1.609324758021331570e-01,-2.449928924268501840e-02,-4.919181230168129804e-01,2.315071207040668988e-01,-6.219437250856147958e-01,1.259584800231261792e-01,-2.096744469088906437e-01,-1.869125987498737873e-01,-5.843140070189564161e-01,1.962292473044119634e-01,-2.337013799999999586e-01
4.127318117889202664e-01,3.821459678205807453e-01,4.867590973781334429e-01,-3.344935050152170741e-01,7.247756478296371041e-01,-3.064340994253753059e-01,-2.547175353266314946e-01,-5.727165608659401386e-01,2.154206398324067795e-01,-1.115461510980394616e-01,3.875268018581674578e-01,-7.881452410327521862e-02,5.990104432207742358e-01,-1.858143541714680769e-01,-3.427507407150468532e-01,-4.982536547567750218e-01,-5.641360035069190593e-01,-4.439589292778963747e-01,5.697709826043867443e-01,4.636721977983576104e-01,-5.018781926183346620e-02,5.775579164198347409e-02,-1.095881801152264190e-01,5.598778172626210914e-01,-2.782798189322777116e-01,2.374758866605068408e-01,-4.261010588012695832e-01,1.609324758021331570e-01,1.000000000000000000e+00,-6.110144654531867170e-01,1.659668578829631980e-01,-1.772738463116069474e-01,-4.243744006300304711e-02,-4.270855193307119269e-01,3.651996930129413066e-01,2.283025123298169368e-01,3.404135176195035584e-01,-3.297224366315973376e-01,2.321889200000000208e-01
-2.518202154499248890e-01,-2.258600828269483052e-01,-2.749698617824343216e-01,-1.228854404777181553e-01,-4.884972829590623067e-01,9.836797513747889965e-02,2.995269424033438210e-01,2.410116800741489151e-01,4.592800944716579625e-02,1.513871899129565213e-01,-2.376016522641860584e-01,3.042874978731718860e-01,-4.283408830705362491e-01,1.579694188869032456e-01,5.388685369920794832e-01,4.400868990961799843e-01,5.511233166796716265e-01,2.992973655548757939e-01,-4.026366206333408804e-01,-3.018846338133247542e-01,-2.898214041961083565e-02,-7.321462716593696296e-02,1.013984523644896329e-01,-4.721749810969694816e-01,8.308520936790184108e-02,-3.695544734212753979e-01,1.755198263591017938e-01,-2.449928924268501840e-02,-6.110144654531867170e-01,1.000000000000000000e+00,-1.663435522476880979e-01,-3.591877807358909158e-03,-1.067639805201353043e-01,3.905821204380005018e-01,-2.294440049149809868e-01,-9.607446480089254504e-02,-2.454850216180282096e-01,1.209730593318214670e-01,-1.152968599999999455e-01
4.089317645653190447e-01,4.736987786135002931e-01,2.285052598379802846e-01,-1.288883618709743828e-01,4.812839440976174332e-01,1.999349854266462001e-01,-2.054516343460283945e-01,-5.843504383803565377e-02,8.866731929223864439e-02,-4.858317080283083289e-01,2.291757613638610858e-01,-7.488877055373659164e-02,1.567577726025457252e-01,-4.586652675825775294e-01,-2.766516786179543663e-01,-5.844921256841972834e-01,-2.875128005041314647e-02,-3.679759499134155898e-01,3.989195132415260941e-02,5.504241686614089746e-01,-2.475075868961768844e-01,2.551374494469303977e-01,8.691640359292862605e-02,1.257220046973981376e-01,-1.503680001332219351e-01,4.485911164888404246e-01,1.440124652337035349e-02,-4.919181230168129804e-01,1.659668578829631980e-01,-1.663435522476880979e-01,1.000000000000000000e+00,-7.940821119447304122e-02,3.557837442715508502e-01,-2.320464775372701738e-01,5.696438675108448368e-01,2.554843821472735366e-01,5.025924833634307642e-01,-2.505131747386081797e-01,2.930220599999999731e-01
3.306609207694250485e-01,3.401127166941846913e-01,-8.253508969523490890e-01,7.644614797484060587e-01,3.409959459537328236e-02,-5.393350447683195048e-01,7.567245568582998683e-01,-2.529267428476022483e-01,-8.845703835031768492e-01,-2.665991591542840600e-01,-7.118242133905582358e-01,1.688778497856298633e-01,-3.891119046146514909e-02,-2.753402274066065747e-01,8.912305350770044488e-02,5.609411414783838090e-01,6.947541444804522862e-03,5.814646397825660173e-01,4.211120595953648515e-01,1.221338356197466113e-01,2.877883672203373350e-02,-7.196664729820871909e-01,7.370534794753160757e-01,-1.192185264771138814e-01,-5.988553643831966422e-01,-1.498778173939547265e-01,4.079907477210754085e-01,2.315071207040668988e-01,-1.772738463116069474e-01,-3.591877807358909158e-03,-7.940821119447304122e-02,1.000000000000000000e+00,-6.867019367218054615e-01,-1.293441955646093267e-01,3.821668309036598821e-01,5.415733454342011033e-01,-7.079643416427706670e-01,-3.095874886266703485e-01,5.180498000000000047e-01
-6.833893595829225454e-02,-1.299585045646595716e-01,4.754198130919977117e-01,-4.320258142212593522e-01,-1.672158581188548931e-01,4.594808261786103576e-01,-4.635074842680924068e-01,4.051786426236092531e-01,7.098316030797541254e-01,-2.801096346223594935e-01,2.255584557349682717e-01,8.885547573186478032e-02,-4.298445039530573997e-01,-1.898364801047278394e-01,-4.329378657744646364e-01,-4.944791259706613484e-01,3.813393549591956311e-01,-1.754482955818941203e-01,-5.043311137654026277e-01,7.303988459442077585e-02,-4.726762184888913532e-01,8.307850236773235419e-01,-2.585748584780864223e-01,-7.483614082655909439e-02,3.984918231392760024e-01,-6.572308497519210868e-02,-2.098137790529963978e-02,-6.219437250856147958e-01,-4.243744006300304711e-02,-1.067639805201353043e-01,3.557837442715508502e-01,-6.867019367218054615e-01,1.000000000000000000e+00,1.000802306107460571e-01,-1.051214265420223615e-01,-2.191100429357284163e-01,5.564840208176469183e-01,7.272911820127617166e-02,-1.714607000000000214e-01
-5.968468788816085890e-01,-4.753039230052126807e-01,-1.897521312361131196e-01,2.661610496581945373e-01,-5.319037109209227010e-01,5.897599178296211164e-01,-2.275094787558467335e-01,3.267262474473103251e-01,-4.889104973032332158e-02,3.366350779775886259e-01,-8.455997835337944468e-02,-3.014665985536374992e-01,-2.648421847498655946e-01,4.372486008603924668e-01,5.811401620956435643e-02,2.797654235328075334e-01,2.453246250983345533e-01,2.306530850472229832e-02,-5.350696198007921511e-01,-3.658608217962436848e-01,3.196773303725795046e-01,3.140378396553298312e-01,-3.372489245105541045e-01,-5.557739233014349356e-01,5.683095588869157000e-01,-5.845655088913457274e-03,1.535129197090312758e-01,1.259584800231261792e-01,-4.270855193307119269e-01,3.905821204380005018e-01,-2.320464775372701738e-01,-1.293441955646093267e-01,1.000802306107460571e-01,1.000000000000000000e+00,-5.137097275722304346e-01,-5.193702955828425338e-01,-9.698839703119771505e-02,7.284599211103260918e-01,-5.338545399999999885e-01
9.232126362672971043e-01,7.851639627091319129e-01,6.116764392155503612e-03,-7.663953618278628033e-02,7.085909761644493265e-01,-5.324715604919648682e-01,3.443211057053987001e-01,-5.830517569497183361e-01,-1.964284441978856321e-01,-7.630138167268557536e-01,-2.165583324919123642e-01,3.542906866369895935e-01,2.528916332518477139e-01,-8.192937336867787135e-01,-3.323557490949957116e-01,-3.633350862806559722e-01,6.129975997256965209e-02,5.336162157326022892e-02,6.952862264413399718e-01,8.640361029375372981e-01,-5.445748524650840805e-01,-2.122172586470848221e-01,6.713651749096664068e-01,1.765319029422173502e-01,-8.398566432953915584e-01,2.052583650678643790e-01,5.701971231616852903e-02,-2.096744469088906437e-01,3.651996930129413066e-01,-2.294440049149809868e-01,5.696438675108448368e-01,3.821668309036598821e-01,-1.051214265420223615e-01,-5.137097275722304346e-01,1.000000000000000000e+00,8.693664102242140146e-01,7.847335389841626763e-02,-8.047875580388562655e-01,8.796539800000000575e-01
9.536243749914943280e-01,8.342096706191082234e-01,-1.790359961428094060e-01,-1.395611663850960041e-02,5.386397160518847649e-01,-7.321131648736547426e-01,5.654894517326541914e-01,-6.054275632628213222e-01,-3.188502920547668373e-01,-8.266187914435486617e-01,-5.332667217624730283e-01,5.121453539070607297e-01,8.758867788658704356e-02,-8.959844808676180605e-01,-3.366168813663869552e-01,-1.094619405637527465e-01,2.349878966810014236e-01,3.424723847619470241e-01,7.535261187061537136e-01,6.831948249307344678e-01,-6.758382360315676740e-01,-2.775484880926091247e-01,8.912459645687674792e-01,6.573003663216316073e-02,-9.657377895395762302e-01,-1.310805704284704887e-01,2.790915870313153690e-01,-1.869125987498737873e-01,2.283025123298169368e-01,-9.607446480089254504e-02,2.554843821472735366e-01,5.415733454342011033e-01,-2.191100429357284163e-01,-5.193702955828425338e-01,8.693664102242140146e-01,1.000000000000000000e+00,-1.617359924957094686e-01,-8.905042063997695712e-01,9.981690000000000840e-01
6.765013867834070160e-02,2.611383220361995772e-01,8.892207571201286020e-01,-6.770626072226395564e-01,3.955713474833504328e-01,5.088540734796985765e-01,-8.316128792999365471e-01,9.591315429787332369e-02,4.530429038351645454e-01,-1.727454957729102625e-01,6.664427904533982705e-01,-4.590069169778831504e-01,4.190790564737349455e-01,-1.638275301118534699e-01,-2.563179265517235850e-01,-9.246659571421953494e-01,-2.191084096521688993e-02,-7.884813998620757713e-01,-6.398280016188152841e-02,1.145567359663214879e-01,-7.738180363346623680e-02,5.943243504547593981e-01,-4.753534575737971002e-01,1.826810981876944295e-01,3.020213389851281738e-01,5.705316198862968591e-01,2.230899323235668863e-02,-5.843140070189564161e-01,3.404135176195035584e-01,-2.454850216180282096e-01,5.025924833634307642e-01,-7.079643416427706670e-01,5.564840208176469183e-01,-9.698839703119771505e-02,7.847335389841626763e-02,-1.617359924957094686e-01,1.000000000000000000e+00,1.080387922926628330e-01,-1.283213399999999504e-01
-8.950612748017772180e-01,-6.476786596629409143e-01,3.082657205674218734e-02,2.510331234306122927e-01,-5.118433440540426371e-01,8.068671565840381810e-01,-5.543456625251480530e-01,5.408910676361897707e-01,-5.670943804095163188e-03,7.008158413475986670e-01,2.980562536075846425e-01,-6.926495129135795681e-01,-9.056472246799240206e-03,7.932793685370020942e-01,1.830095098073077353e-01,1.668414419017801575e-01,-1.500339585801183095e-01,-2.856638431009659862e-01,-6.290102331844027450e-01,-6.763987848040905471e-01,7.257218042345957576e-01,2.822290236937143315e-01,-7.569325661741745925e-01,-1.516631717378580102e-01,8.991899998714935061e-01,2.080278054421567380e-01,6.280447204740161223e-03,1.962292473044119634e-01,-3.297224366315973376e-01,1.209730593318214670e-01,-2.505131747386081797e-01,-3.095874886266703485e-01,7.272911820127617166e-02,7.284599211103260918e-01,-8.047875580388562655e-01,-8.905042063997695712e-01,1.080387922926628330e-01,1.000000000000000000e+00,-9.001886999999999528e-01
9.601036199999999354e-01,8.389193399999999023e-01,-1.581683600000000078e-01,-3.020166000000001905e-02,5.418283200000000299e-01,-7.155113200000000617e-01,5.467477999999998950e-01,-5.841688400000000225e-01,-2.944698999999999511e-01,-8.516208800000000245e-01,-5.165104999999999835e-01,5.145950999999999720e-01,7.243351999999991797e-02,-9.159988399999999809e-01,-3.513357799999999864e-01,-1.439779799999999499e-01,2.455596399999999679e-01,3.288340599999999281e-01,7.317000799999999749e-01,6.930542399999999326e-01,-6.983775199999999739e-01,-2.511951799999999624e-01,8.867034199999999089e-01,6.202462000000008580e-02,-9.545782200000000328e-01,-1.221739200000000469e-01,2.847265800000000624e-01,-2.337013799999999586e-01,2.321889200000000208e-01,-1.152968599999999455e-01,2.930220599999999731e-01,5.180498000000000047e-01,-1.714607000000000214e-01,-5.338545399999999885e-01,8.796539800000000575e-01,9.981690000000000840e-01,-1.283213399999999504e-01,-9.001886999999999528e-01,1.000000000000000000e+00
