1.0,-0.04041394853273244,0.060061778939914649,-0.24446509834738117,0.32181181466679903,-0.32709028298329529,0.064779294332925938,-0.55050063999999999,-0.15641498885584115,-0.57000411750620295,0.020186973564641279,-0.30487624827248028,-0.025972866825066606,0.17665592809313807,-0.017935918072177544,0.01095911762687074,0.53771835201923124,-0.29137517324163564,-0.29529093880606944,-0.058681633378764086,0.53395073825136063,-0.3902604634581322,-0.59964871874276826,0.48180998802647113,0.31377089740900549,0.078478949913648635,0.48881213199781526,0.14671418529497884,0.38131074288154243,-0.097368468379176579,-0.63022556588194345,-0.58246015040106025,-0.38244255993288406,-0.46440372678210917,0.53478322258449762,-0.099320622591475005,0.45411577699110711,0.07965411875487291,-0.11506134601135701
-0.04041394853273244,1.0,-0.21663576511653537,-0.67476963400674883,0.15470447880011209,0.33580144936174378,-0.29211992358481181,0.40552487999999998,0.12296388979408401,-0.35796971044246451,0.88741673863359782,0.41302623970712377,0.3001974491457664,-0.12127037310762392,0.12142743768719769,-0.00069870071803954104,-0.31343089112575889,-0.11120325725098415,-0.24520578084014497,0.51387393680446924,-0.46978932899484255,-0.5393860397181468,-0.14295120817271095,-0.49662384774760043,0.23987330088855499,0.13411116612976065,-0.53796443372344127,0.54222245850376705,-0.46792530517167497,-0.4642418062634438,0.3400765649559232,0.12935664209361611,-0.041275312250188129,0.058832716545989448,0.1796774792296488,-0.071547502029605026,-0.014156742560800427,0.18877734393588361,0.54502576484680987
0.060061778939914649,-0.21663576511653537,1.0,0.37364586421782625,-0.0042424281871521613,-0.23487842250302526,0.39401735775911689,-0.31311018000000002,-0.38156490908918245,0.18091833112846156,-0.34435367023840391,-0.23122254177618462,0.096616245706620488,-0.12959746717937792,-0.24886046495849487,-0.26370278520064749,0.25412186721189489,-0.22443636273096962,-0.33989932966237069,-0.14528439669767818,0.34388178610106457,0.029843570332265895,-0.18234334328291807,0.37633539185378534,0.16954891486866994,0.020567336494782758,0.14856862392933251,0.14086871126408113,0.45754392204386968,0.4510438766323836,-0.25175040619957956,-0.080570399213916954,0.29141920463480736,-0.1012652217518353,-0.070184019781204754,0.30151479503853273,-0.082180759639921691,0.25337795407365615,-0.38936255907859407
-0.24446509834738117,-0.67476963400674883,0.37364586421782625,1.0,-0.4492253442029992,-0.10778397052374633,0.56837161706890393,-0.35091983999999998,-0.47378178469701593,0.85569379952211655,-0.73166592111809858,-0.59166436420697099,0.28772485155436511,-0.36510221374237606,-0.21779293445852244,-0.21916971440738336,0.38905031629541481,0.11077093370653579,-0.26996280006513518,-0.16482271511331875,0.41440731406829895,0.65287563627438416,0.053182589320494078,0.48215556358736922,0.24690378942828578,0.31876568877908995,-0.04666043946413162,-0.44663797523264748,0.45574446539997093,0.76725356712186887,-0.16486717753934149,0.057672042061800766,0.4106641026051267,-0.038032226469014579,-0.46511788647524521,0.71886733727436081,-0.24509789947883184,-0.27508667093693229,-0.43494158072562145
0.32181181466679903,0.15470447880011209,-0.0042424281871521613,-0.4492253442029992,1.0,-0.12658482859183173,0.21636008647908103,-0.43860832000000005,0.24170618487362724,-0.52091784048065137,-0.065075288131972456,0.00066636675701164071,-0.51954360082164075,0.61745065552757306,0.53954312837020879,-0.20379155556622799,0.33261714505624357,-0.44829356376308527,0.36864870563688956,0.11867414784995117,0.38044171158181933,-0.065239205491396488,-0.59841535682935543,0.32016988277132535,0.0759249653697677,-0.25740105335965424,0.54472466774748252,0.31397570092662686,0.080198665757178406,-0.70444145028628857,-0.58077110676953536,-0.74508641844536672,-0.26200032515996563,-0.68011098453634944,0.52416035840997821,-0.53005611521462659,0.82509527555705375,-0.19573853326766247,0.4201642557951531
-0.32709028298329529,0.33580144936174378,-0.23487842250302526,-0.10778397052374633,-0.12658482859183173,1.0,-0.38084653401698021,0.3063175199999999,-0.089767161079103652,0.049790255419842736,0.35328817959496972,0.28956296039606955,0.059063351339414101,-0.17614708867723058,-0.32662212675011676,0.48562297051631331,-0.32007892749930472,0.30747043779270378,0.061517815542524945,0.21253212531871354,-0.32944896573338928,-0.27571607916874408,0.23435979644148172,-0.22168265458922073,-0.0083049096357795862,0.2274403053105333,-0.22598454331038759,-0.2974338946310961,-0.1087470998995963,-0.16741479628976838,0.33714750125285536,0.20594485233302134,-0.3094790421640361,0.041524017053043094,-0.22860507156323642,0.10294851760270707,-0.041161622250340618,-0.068202374748515551,0.48868044372997604
0.064779294332925938,-0.29211992358481181,0.39401735775911689,0.56837161706890393,0.21636008647908103,-0.38084653401698021,1.0,-0.68248648000000001,-0.41803678840666814,0.40331216130243297,-0.61113741470741123,-0.81251682882568177,0.34686448404161474,-0.31021465341929533,0.26838640583144002,-0.77246338580061302,0.74442078011047474,-0.14175440483388774,-0.3267450942843928,-0.041692894449825046,0.6977229606086417,0.60010798719611746,-0.60431793109501442,0.63351883610074233,0.59353233155774232,0.15421400256717549,0.14271646673225774,0.27241787282066909,0.34438218097884216,0.39470732764295546,-0.58899891247613245,-0.4504741455443097,0.53525926709520655,-0.48343083394592068,0.12217818940358616,0.48078707256951325,0.18635994927370203,-0.16013298693466615,-0.34962970192363307
-0.55050063999999999,0.40552487999999998,-0.31311018000000002,-0.35091983999999998,-0.43860832000000005,0.3063175199999999,-0.68248648000000001,1.0,0.49995228000000003,0.056810739999999971,0.56283348000000011,0.69793025999999991,-0.032650839999999959,-0.071747459999999985,-0.032319720000000052,0.21817219999999993,-0.96412452000000004,0.31420998,0.20119861999999999,0.064122240000000108,-0.99598664000000003,-0.27065068000000003,0.83212192000000007,-0.96765372000000005,-0.61857018000000008,-0.28831008000000002,-0.63275211999999992,0.055748099999999967,-0.56292712,-0.12399364000000002,0.97748688000000006,0.87920204000000002,0.16189137999999992,0.87354156000000005,-0.31524750000000001,-0.28908608000000002,-0.67253985999999999,0.22517155999999994,0.10669118000000011
-0.15641498885584115,0.12296388979408401,-0.38156490908918245,-0.47378178469701593,0.24170618487362724,-0.089767161079103652,-0.41803678840666814,0.49995228000000003,1.0,-0.20202647621513059,0.30558596846112102,0.66784503055728184,-0.48363642275939212,0.60474713134499569,0.69054607461507866,0.029152095456216609,-0.56590171117171806,-0.19790180090207038,0.45270792285448286,0.33706038965704516,-0.52682324437953498,-0.15354097974489445,0.36358842057847796,-0.59736387751768361,-0.53211243312170842,-0.25001214602383853,-0.1060452649174107,0.17017292357503125,-0.19615944034790178,-0.60728997897581327,0.38239524185417084,0.18490331182969649,0.10676478200655942,0.33305770936964857,-0.22363222534761051,-0.62064054249030964,0.054134997228628037,-0.26394306621520136,0.29834860482661091
-0.57000411750620295,-0.35796971044246451,0.18091833112846156,0.85569379952211655,-0.52091784048065137,0.049790255419842736,0.40331216130243297,0.056810739999999971,-0.20202647621513059,1.0,-0.43189872994101181,-0.30103137185057022,0.3215582060617867,-0.34424757743379208,-0.00091889343099426724,-0.24528593310994096,0.042367031926109446,0.13229446494086339,-0.18482323787035543,0.092399996206085466,-0.008873215331167271,0.61228779897118601,0.28628151405345459,0.056936525585748236,0.13453351403729727,0.3098980431115107,-0.48331975959782536,-0.35244805931179474,0.11138294431626462,0.57540035256777589,0.23829286183997747,0.34959347464819696,0.5640119460891293,0.21815615095337373,-0.63027692402805369,0.66556447678285946,-0.42021795333026973,-0.41117584733766133,-0.18103327326637933
0.020186973564641279,0.88741673863359782,-0.34435367023840391,-0.73166592111809858,-0.065075288131972456,0.35328817959496972,-0.61113741470741123,0.56283348000000011,0.30558596846112102,-0.43189872994101181,1.0,0.64183547887252945,0.215347908098943,-0.015437151795694161,0.031453020988467764,0.30588937029909158,-0.49402758257927676,-0.06328167780901002,-0.19926084075949294,0.5442167690143932,-0.61889282246262445,-0.70161828706439056,0.086283089178488731,-0.63808277483200215,0.059318915244576553,0.20714802643799649,-0.5344673995379231,0.35113760393275573,-0.44903809532638139,-0.47282976042186681,0.48475722433617302,0.27191962778689749,-0.19269874520313202,0.25315091738591594,-0.0019691984881871124,-0.14577507191850525,-0.10490259128281514,0.17067844108344221,0.52439751601265827
-0.30487624827248028,0.41302623970712377,-0.23122254177618462,-0.59166436420697099,0.00066636675701164071,0.28956296039606955,-0.81251682882568177,0.69793025999999991,0.66784503055728184,-0.30103137185057022,0.64183547887252945,1.0,-0.37230854933438995,0.46073885766819433,0.12627611348249676,0.51071055339331095,-0.78355407596065163,-0.0506856426867624,0.3702128082236294,0.32180376509828168,-0.7304829984534571,-0.42270147437880962,0.51528343546252264,-0.72082090162562695,-0.51756065888788028,-0.10578375235556481,-0.2707562647694205,-0.049744526621600949,-0.34076422289292041,-0.57448556617517177,0.59598490600225795,0.38031088076694403,-0.23608185475646798,0.41601168457381194,-0.28585908254623221,-0.49633841721784239,-0.07847900061315348,-0.012338418360436663,0.50542250851628356
-0.025972866825066606,0.3001974491457664,0.096616245706620488,0.28772485155436511,-0.51954360082164075,0.059063351339414101,0.34686448404161474,-0.032650839999999959,-0.48363642275939212,0.3215582060617867,0.215347908098943,-0.37230854933438995,1.0,-0.85679121463984509,-0.21075702407401242,-0.35613832266452367,0.19598541500910446,0.2541598640318809,-0.77503386296021848,0.18630829055276202,0.044096534586251408,0.11752807232859892,-0.20215091312809227,0.0061644970916401145,0.66713040916115107,0.51036862111323456,-0.55207718330193767,0.23913091153019697,0.056370332346628381,0.55359191279705833,0.098823774481428331,0.20616781245716276,0.47064064940779193,0.10036304864177212,-0.12295968068567972,0.76724724093051089,-0.4293902952418619,0.19419361733367416,-0.24595584517947028
0.17665592809313807,-0.12127037310762392,-0.12959746717937792,-0.36510221374237606,0.61745065552757306,-0.17614708867723058,-0.31021465341929533,-0.071747459999999985,0.60474713134499569,-0.34424757743379208,-0.015437151795694161,0.46073885766819433,-0.85679121463984509,1.0,0.47715477409052259,0.3156630680427866,-0.056443120878470858,-0.51482928932653593,0.62156239171858785,0.1938118080903464,0.035790434401261291,-0.16660692547509862,-0.045822809224081079,0.031933289345967862,-0.3796280573257001,-0.20156002113795832,0.39883391422714437,-0.17697640347094948,-0.0060263591895249637,-0.73597152960910128,-0.2163444641572656,-0.39950316257974633,-0.45534929486893228,-0.28277094871658814,0.048415429896481753,-0.65048150156883344,0.63346322819589296,-0.45170363171587535,0.48757726940989649
-0.017935918072177544,0.12142743768719769,-0.24886046495849487,-0.21779293445852244,0.53954312837020879,-0.32662212675011676,0.26838640583144002,-0.032319720000000052,0.69054607461507866,-0.00091889343099426724,0.031453020988467764,0.12627611348249676,-0.21075702407401242,0.47715477409052259,1.0,-0.49509173452160304,0.051528440755720037,-0.35293917766410704,0.25661640195112528,0.4446078544887947,-0.007442550656993229,0.23694970371868046,-0.24165956667414915,-0.14183450788769117,0.033099251903446036,-0.073220505935851665,-0.084192912480047136,0.35626159582590716,-0.11523425034337663,-0.54712500343654602,-0.11079427272382206,-0.28688078757422653,0.33957679457776041,-0.18271745727931027,0.017098686061650995,-0.30793895145019501,0.37320647571095067,-0.54561896705315194,0.29814110638891556
0.01095911762687074,-0.00069870071803954104,-0.26370278520064749,-0.21916971440738336,-0.20379155556622799,0.48562297051631331,-0.77246338580061302,0.21817219999999993,0.029152095456216609,-0.24528593310994096,0.30588937029909158,0.51071055339331095,-0.35613832266452367,0.3156630680427866,-0.49509173452160304,1.0,-0.28921416641540276,0.016618042398904076,0.27373155631120771,0.077942991730680367,-0.23024237208174231,-0.48875833076246389,0.32692921160500543,-0.11095065801383786,-0.27729531224433762,0.21224814921480184,0.10294858986613487,-0.58452861227935504,-0.1166562683596436,-0.26443060638898641,0.18240195406921511,0.082967152976515524,-0.80409281884016026,0.045778413015466604,-0.19372567335615343,-0.16215554553635503,0.1293501230945511,-0.077526046963459105,0.43666150122151748
0.53771835201923124,-0.31343089112575889,0.25412186721189489,0.38905031629541481,0.33261714505624357,-0.32007892749930472,0.74442078011047474,-0.96412452000000004,-0.56590171117171806,0.042367031926109446,-0.49402758257927676,-0.78355407596065163,0.19598541500910446,-0.056443120878470858,0.051528440755720037,-0.28921416641540276,1.0,-0.29665909570270366,-0.31083539161826951,0.003556551916000913,0.9593770968096802,0.27838272507443884,-0.85955263373426871,0.92328291388540673,0.7326425372358375,0.37068053039189242,0.44796975495682112,-0.0073022143015354134,0.43778261445587635,0.18310746339472267,-0.92066810387437259,-0.82093311609293551,-0.091134537759867532,-0.83627510581252174,0.32154493752607066,0.41532599527531761,0.58881991829363389,-0.2663347852619567,-0.11146033555081002
-0.29137517324163564,-0.11120325725098415,-0.22443636273096962,0.11077093370653579,-0.44829356376308527,0.30747043779270378,-0.14175440483388774,0.31420998,-0.19790180090207038,0.13229446494086339,-0.06328167780901002,-0.0506856426867624,0.2541598640318809,-0.51482928932653593,-0.35293917766410704,0.016618042398904076,-0.29665909570270366,1.0,0.16924674812411775,-0.49520686124061797,-0.27846128224806238,0.24396431161745993,0.42517486429416573,-0.28164291777771783,-0.27144250570211481,-0.32554483955300317,-0.10905409469281359,-0.25774189515336626,-0.28302462232260539,0.33683295737141938,0.36211283501902125,0.46071628763967276,0.085192300276908189,0.42325725417215726,0.020016931865805103,-9.0921863979298578e-05,-0.50645685778168414,0.25645006712485235,-0.34216357803819408
-0.29529093880606944,-0.24520578084014497,-0.33989932966237069,-0.26996280006513518,0.36864870563688956,0.061517815542524945,-0.3267450942843928,0.20119861999999999,0.45270792285448286,-0.18482323787035543,-0.19926084075949294,0.3702128082236294,-0.77503386296021848,0.62156239171858785,0.25661640195112528,0.27373155631120771,-0.31083539161826951,0.16924674812411775,1.0,-0.32319377121552101,-0.21069403623143679,0.18652580178910261,0.33618692326250138,-0.21497167352536414,-0.69840758535079051,-0.60931037941962807,0.33682710342762601,-0.34696174880392494,-0.41826654104014988,-0.5383575572654018,0.091237194075528244,-0.036406397624430764,-0.38142113682601048,0.030653115214111164,0.18359516458706276,-0.75775544647445048,0.26514585107167049,-0.25075087852965211,0.25156206324733393
-0.058681633378764086,0.51387393680446924,-0.14528439669767818,-0.16482271511331875,0.11867414784995117,0.21253212531871354,-0.041692894449825046,0.064122240000000108,0.33706038965704516,0.092399996206085466,0.5442167690143932,0.32180376509828168,0.18630829055276202,0.1938118080903464,0.4446078544887947,0.077942991730680367,0.003556551916000913,-0.49520686124061797,-0.32319377121552101,1.0,-0.12054011961713422,-0.30724576158642108,-0.25784936496796934,-0.13206954363881765,0.46840034286363974,0.70511695167613264,-0.46515245319203014,0.23066912066799428,-0.0060561979757806023,-0.41170116349289887,0.066593455856330946,-0.15364019703494447,0.077122996802713395,-0.2069316612332637,-0.44010055829128852,0.27615723828784233,0.2785712521102795,-0.49572537102889241,0.68052640961027622
0.53395073825136063,-0.46978932899484255,0.34388178610106457,0.41440731406829895,0.38044171158181933,-0.32944896573338928,0.6977229606086417,-0.99598664000000003,-0.52682324437953498,-0.008873215331167271,-0.61889282246262445,-0.7304829984534571,0.044096534586251408,0.035790434401261291,-0.007442550656993229,-0.23024237208174231,0.9593770968096802,-0.27846128224806238,-0.21069403623143679,-0.12054011961713422,1.0,0.30989249444864453,-0.78846470282232206,0.97632797955428097,0.59124470362072923,0.26890980703062101,0.63720950180634373,-0.088294447210947716,0.58832687186426402,0.20092130889900947,-0.96227145309435014,-0.8370811783078963,-0.1276984630191717,-0.83013752331674262,0.28914281556492472,0.31554724630806347,0.61445852203482065,-0.20216985606981377,-0.18132093817801614
-0.3902604634581322,-0.5393860397181468,0.029843570332265895,0.65287563627438416,-0.065239205491396488,-0.27571607916874408,0.60010798719611746,-0.27065068000000003,-0.15354097974489445,0.61228779897118601,-0.70161828706439056,-0.42270147437880962,0.11752807232859892,-0.16660692547509862,0.23694970371868046,-0.48875833076246389,0.27838272507443884,0.24396431161745993,0.18652580178910261,-0.30724576158642108,0.30989249444864453,1.0,0.0077556564914931323,0.26045073487882142,0.064782894839985547,-0.090912435610100636,0.040303442652670468,-0.27089396924587589,0.11323817089487359,0.35957566649595241,-0.17309239498828333,-0.054508797268452036,0.47116548955162946,-0.088062048119103412,-0.13170133147744101,0.25922908099372799,-0.069983749977774387,-0.3236617175405534,-0.31759666050484442
-0.59964871874276826,-0.14295120817271095,-0.18234334328291807,0.053182589320494078,-0.59841535682935543,0.23435979644148172,-0.60431793109501442,0.83212192000000007,0.36358842057847796,0.28628151405345459,0.086283089178488731,0.51528343546252264,-0.20215091312809227,-0.045822809224081079,-0.24165956667414915,0.32692921160500543,-0.85955263373426871,0.42517486429416573,0.33618692326250138,-0.25784936496796934,-0.78846470282232206,0.0077556564914931323,1.0,-0.71347173339920622,-0.79290995967035993,-0.3501009771422659,-0.3530497996595639,-0.33832630089758359,-0.29326857513951771,0.17797373910882117,0.85862211510409225,0.88406518316638971,0.12948168190946951,0.88713872420643902,-0.47116913609278044,-0.21497025511130122,-0.72412927632732038,0.17007940831070834,-0.17348055038367768
0.48180998802647113,-0.49662384774760043,0.37633539185378534,0.48215556358736922,0.32016988277132535,-0.22168265458922073,0.63351883610074233,-0.96765372000000005,-0.59736387751768361,0.056936525585748236,-0.63808277483200215,-0.72082090162562695,0.0061644970916401145,0.031933289345967862,-0.14183450788769117,-0.11095065801383786,0.92328291388540673,-0.28164291777771783,-0.21497167352536414,-0.13206954363881765,0.97632797955428097,0.26045073487882142,-0.71347173339920622,1.0,0.55538363282889025,0.30417127445552528,0.62864880830805148,-0.19888627290736369,0.62578413782064513,0.24886885027144834,-0.91753667341343392,-0.78435035661643726,-0.19613920681949354,-0.80966865973182001,0.21662361262043911,0.36717143326134472,0.58202725585104198,-0.19606499151684578,-0.14453614070408874
0.31377089740900549,0.23987330088855499,0.16954891486866994,0.24690378942828578,0.0759249653697677,-0.0083049096357795862,0.59353233155774232,-0.61857018000000008,-0.53211243312170842,0.13453351403729727,0.059318915244576553,-0.51756065888788028,0.66713040916115107,-0.3796280573257001,0.033099251903446036,-0.27729531224433762,0.7326425372358375,-0.27144250570211481,-0.69840758535079051,0.46840034286363974,0.59124470362072923,0.064782894839985547,-0.79290995967035993,0.55538363282889025,1.0,0.75107838376971947,-0.13439813836904055,0.2275846074938685,0.29207534788476941,0.16789083206303548,-0.53599390821447435,-0.52442112537819208,0.11546665766321516,-0.62909491326398492,0.051766981222744458,0.72086051579710619,0.33006254394292595,-0.20273633328491053,0.15114945759728765
0.078478949913648635,0.13411116612976065,0.020567336494782758,0.31876568877908995,-0.25740105335965424,0.2274403053105333,0.15421400256717549,-0.28831008000000002,-0.25001214602383853,0.3098980431115107,0.20714802643799649,-0.10578375235556481,0.51036862111323456,-0.20156002113795832,-0.073220505935851665,0.21224814921480184,0.37068053039189242,-0.32554483955300317,-0.60931037941962807,0.70511695167613264,0.26890980703062101,-0.090912435610100636,-0.3501009771422659,0.30417127445552528,0.75107838376971947,1.0,-0.32004862390304578,-0.12513080759239001,0.32234241960671756,0.13221727752859291,-0.18230723852651107,-0.22438947816106541,-0.01863367308939971,-0.3403222948373959,-0.47274470648231603,0.75871663150502633,0.17801842249049865,-0.39987829020410992,0.34995746538406775
0.48881213199781526,-0.53796443372344127,0.14856862392933251,-0.04666043946413162,0.54472466774748252,-0.22598454331038759,0.14271646673225774,-0.63275211999999992,-0.1060452649174107,-0.48331975959782536,-0.5344673995379231,-0.2707562647694205,-0.55207718330193767,0.39883391422714437,-0.084192912480047136,0.10294858986613487,0.44796975495682112,-0.10905409469281359,0.33682710342762601,-0.46515245319203014,0.63720950180634373,0.040303442652670468,-0.3530497996595639,0.62864880830805148,-0.13439813836904055,-0.32004862390304578,1.0,-0.14479630076130565,0.44041025909972714,-0.12081173394506256,-0.71565418209648601,-0.64119594139118341,-0.44197318336054575,-0.52741661128971362,0.42939473554078789,-0.4065437963515946,0.58361822526639928,0.10879192452731931,-0.19289341500712121
0.14671418529497884,0.54222245850376705,0.14086871126408113,-0.44663797523264748,0.31397570092662686,-0.2974338946310961,0.27241787282066909,0.055748099999999967,0.17017292357503125,-0.35244805931179474,0.35113760393275573,-0.049744526621600949,0.23913091153019697,-0.17697640347094948,0.35626159582590716,-0.58452861227935504,-0.0073022143015354134,-0.25774189515336626,-0.34696174880392494,0.23066912066799428,-0.088294447210947716,-0.27089396924587589,-0.33832630089758359,-0.19888627290736369,0.2275846074938685,-0.12513080759239001,-0.14479630076130565,1.0,-0.1375728709253817,-0.14832216666968387,-0.0041483291452661681,-0.048929553603610787,0.42932234812886083,0.016981327113286451,0.31496667704440628,-0.12121699296201427,-0.032478336806754646,0.42164481791321989,-0.08516575966835685
0.38131074288154243,-0.46792530517167497,0.45754392204386968,0.45574446539997093,0.080198665757178406,-0.1087470998995963,0.34438218097884216,-0.56292712,-0.19615944034790178,0.11138294431626462,-0.44903809532638139,-0.34076422289292041,0.056370332346628381,-0.0060263591895249637,-0.11523425034337663,-0.1166562683596436,0.43778261445587635,-0.28302462232260539,-0.41826654104014988,-0.0060561979757806023,0.58832687186426402,0.11323817089487359,-0.29326857513951771,0.62578413782064513,0.29207534788476941,0.32234241960671756,0.44041025909972714,-0.1375728709253817,1.0,0.36759113108776031,-0.50071899701795008,-0.35306075971003792,0.13759597908163396,-0.33634575365697705,-0.23315099381808599,0.35673815331375464,0.19882677791217207,-0.0099113550165933484,-0.27236825829302097
-0.097368468379176579,-0.4642418062634438,0.4510438766323836,0.76725356712186887,-0.70444145028628857,-0.16741479628976838,0.39470732764295546,-0.12399364000000002,-0.60728997897581327,0.57540035256777589,-0.47282976042186681,-0.57448556617517177,0.55359191279705833,-0.73597152960910128,-0.54712500343654602,-0.26443060638898641,0.18310746339472267,0.33683295737141938,-0.5383575572654018,-0.41170116349289887,0.20092130889900947,0.35957566649595241,0.17797373910882117,0.24886885027144834,0.16789083206303548,0.13221727752859291,-0.12081173394506256,-0.14832216666968387,0.36759113108776031,1.0,0.049011838969272262,0.36144403810927406,0.483287076828191,0.3033332514748302,-0.27081846246973323,0.67658375504320079,-0.63728349062934619,0.33588635045280302,-0.78960577850524649
-0.63022556588194345,0.3400765649559232,-0.25175040619957956,-0.16486717753934149,-0.58077110676953536,0.33714750125285536,-0.58899891247613245,0.97748688000000006,0.38239524185417084,0.23829286183997747,0.48475722433617302,0.59598490600225795,0.098823774481428331,-0.2163444641572656,-0.11079427272382206,0.18240195406921511,-0.92066810387437259,0.36211283501902125,0.091237194075528244,0.066593455856330946,-0.96227145309435014,-0.17309239498828333,0.85862211510409225,-0.91753667341343392,-0.53599390821447435,-0.18230723852651107,-0.71565418209648601,-0.0041483291452661681,-0.50071899701795008,0.049011838969272262,1.0,0.94177273396149874,0.2635651314693912,0.90215126535783197,-0.43027885903272478,-0.098384329343615934,-0.77339184384173865,0.20444693344848122,0.034994990724704599
-0.58246015040106025,0.12935664209361611,-0.080570399213916954,0.057672042061800766,-0.74508641844536672,0.20594485233302134,-0.4504741455443097,0.87920204000000002,0.18490331182969649,0.34959347464819696,0.27191962778689749,0.38031088076694403,0.20616781245716276,-0.39950316257974633,-0.28688078757422653,0.082967152976515524,-0.82093311609293551,0.46071628763967276,-0.036406397624430764,-0.15364019703494447,-0.8370811783078963,-0.054508797268452036,0.88406518316638971,-0.78435035661643726,-0.52442112537819208,-0.22438947816106541,-0.64119594139118341,-0.048929553603610787,-0.35306075971003792,0.36144403810927406,0.94177273396149874,1.0,0.38015580401628662,0.96616402592485473,-0.43446347482769548,0.042008057659384868,-0.93271163432860427,0.35122349081305032,-0.27723431846536678
-0.38244255993288406,-0.041275312250188129,0.29141920463480736,0.4106641026051267,-0.26200032515996563,-0.3094790421640361,0.53525926709520655,0.16189137999999992,0.10676478200655942,0.5640119460891293,-0.19269874520313202,-0.23608185475646798,0.47064064940779193,-0.45534929486893228,0.33957679457776041,-0.80409281884016026,-0.091134537759867532,0.085192300276908189,-0.38142113682601048,0.077122996802713395,-0.1276984630191717,0.47116548955162946,0.12948168190946951,-0.19613920681949354,0.11546665766321516,-0.01863367308939971,-0.44197318336054575,0.42932234812886083,0.13759597908163396,0.483287076828191,0.2635651314693912,0.38015580401628662,1.0,0.38106051436678018,-0.34790762593785907,0.36999450550274865,-0.53706238850196353,0.084172489204357229,-0.4704058677153577
-0.46440372678210917,0.058832716545989448,-0.1012652217518353,-0.038032226469014579,-0.68011098453634944,0.041524017053043094,-0.48343083394592068,0.87354156000000005,0.33305770936964857,0.21815615095337373,0.25315091738591594,0.41601168457381194,0.10036304864177212,-0.28277094871658814,-0.18271745727931027,0.045778413015466604,-0.83627510581252174,0.42325725417215726,0.030653115214111164,-0.2069316612332637,-0.83013752331674262,-0.088062048119103412,0.88713872420643902,-0.80966865973182001,-0.62909491326398492,-0.3403222948373959,-0.52741661128971362,0.016981327113286451,-0.33634575365697705,0.3033332514748302,0.90215126535783197,0.96616402592485473,0.38106051436678018,1.0,-0.36941358955900117,-0.11879132609730653,-0.9014667474276965,0.38633970401667156,-0.3667257081504473
0.53478322258449762,0.1796774792296488,-0.070184019781204754,-0.46511788647524521,0.52416035840997821,-0.22860507156323642,0.12217818940358616,-0.31524750000000001,-0.22363222534761051,-0.63027692402805369,-0.0019691984881871124,-0.28585908254623221,-0.12295968068567972,0.048415429896481753,0.017098686061650995,-0.19372567335615343,0.32154493752607066,0.020016931865805103,0.18359516458706276,-0.44010055829128852,0.28914281556492472,-0.13170133147744101,-0.47116913609278044,0.21662361262043911,0.051766981222744458,-0.47274470648231603,0.42939473554078789,0.31496667704440628,-0.23315099381808599,-0.27081846246973323,-0.43027885903272478,-0.43446347482769548,-0.34790762593785907,-0.36941358955900117,1.0,-0.4362963445824462,0.36009044537485069,0.28164220003774276,-0.070858004233622443
-0.099320622591475005,-0.071547502029605026,0.30151479503853273,0.71886733727436081,-0.53005611521462659,0.10294851760270707,0.48078707256951325,-0.28908608000000002,-0.62064054249030964,0.66556447678285946,-0.14577507191850525,-0.49633841721784239,0.76724724093051089,-0.65048150156883344,-0.30793895145019501,-0.16215554553635503,0.41532599527531761,-9.0921863979298578e-05,-0.75775544647445048,0.27615723828784233,0.31554724630806347,0.25922908099372799,-0.21497025511130122,0.36717143326134472,0.72086051579710619,0.75871663150502633,-0.4065437963515946,-0.12121699296201427,0.35673815331375464,0.67658375504320079,-0.098384329343615934,0.042008057659384868,0.36999450550274865,-0.11879132609730653,-0.4362963445824462,1.0,-0.24734324253013648,-0.13712187801472625,-0.15863026360138532
0.45411577699110711,-0.014156742560800427,-0.082180759639921691,-0.24509789947883184,0.82509527555705375,-0.041161622250340618,0.18635994927370203,-0.67253985999999999,0.054134997228628037,-0.42021795333026973,-0.10490259128281514,-0.07847900061315348,-0.4293902952418619,0.63346322819589296,0.37320647571095067,0.1293501230945511,0.58881991829363389,-0.50645685778168414,0.26514585107167049,0.2785712521102795,0.61445852203482065,-0.069983749977774387,-0.72412927632732038,0.58202725585104198,0.33006254394292595,0.17801842249049865,0.58361822526639928,-0.032478336806754646,0.19882677791217207,-0.63728349062934619,-0.77339184384173865,-0.93271163432860427,-0.53706238850196353,-0.9014667474276965,0.36009044537485069,-0.24734324253013648,1.0,-0.47027387108545393,0.55025084061700003
0.07965411875487291,0.18877734393588361,0.25337795407365615,-0.27508667093693229,-0.19573853326766247,-0.068202374748515551,-0.16013298693466615,0.22517155999999994,-0.26394306621520136,-0.41117584733766133,0.17067844108344221,-0.012338418360436663,0.19419361733367416,-0.45170363171587535,-0.54561896705315194,-0.077526046963459105,-0.2663347852619567,0.25645006712485235,-0.25075087852965211,-0.49572537102889241,-0.20216985606981377,-0.3236617175405534,0.17007940831070834,-0.19606499151684578,-0.20273633328491053,-0.39987829020410992,0.10879192452731931,0.42164481791321989,-0.0099113550165933484,0.33588635045280302,0.20444693344848122,0.35122349081305032,0.084172489204357229,0.38633970401667156,0.28164220003774276,-0.13712187801472625,-0.47027387108545393,1.0,-0.52207239172708531
-0.11506134601135701,0.54502576484680987,-0.38936255907859407,-0.43494158072562145,0.4201642557951531,0.48868044372997604,-0.34962970192363307,0.10669118000000011,0.29834860482661091,-0.18103327326637933,0.52439751601265827,0.50542250851628356,-0.24595584517947028,0.48757726940989649,0.29814110638891556,0.43666150122151748,-0.11146033555081002,-0.34216357803819408,0.25156206324733393,0.68052640961027622,-0.18132093817801614,-0.31759666050484442,-0.17348055038367768,-0.14453614070408874,0.15114945759728765,0.34995746538406775,-0.19289341500712121,-0.08516575966835685,-0.27236825829302097,-0.78960577850524649,0.034994990724704599,-0.27723431846536678,-0.4704058677153577,-0.3667257081504473,-0.070858004233622443,-0.15863026360138532,0.55025084061700003,-0.52207239172708531,1.0
