1.0,-0.14669081812271406,-0.77335612765902872,0.66914336035557931,-0.62232588009289547,-0.49233995895875565,-0.46506148081979942,0.3827649245936105,-0.36959714889662587,0.69077860260156931,0.20607539140674497,-0.68930775640914144,-0.32763113540491129,0.58045437790788468,-0.026627554920596368,0.33256463663736652,-0.80367785365882616,0.37909218833280622,0.47790791016100848,-0.44660828256959295,-0.087131736868259382,-0.57402761742819386,-0.1702055562980142,-0.661369076226349,-0.011619214763200936,-0.071624227341108029,0.33674804982126516,0.26125746420437784,0.69670981999999992,0.01835063396362091,0.73051683115122112,0.35668947705095927,0.35122651540144578,0.86016503290998958,-0.52307323942116235,-0.30245983345531813,0.036373100105309419,0.051677717105664309,-0.64988054393805994
-0.14669081812271406,1.0,0.18300588690809319,-0.49917882219050502,0.20430874987174827,-0.10836655421371488,0.094279045515737014,0.44603329402847502,0.28422493272738736,-0.35885710676048233,-0.079194920392906765,0.025668925991250244,-0.57443200191603871,0.17673955073230524,-0.34642902795832686,-0.38362430271403986,-0.15076041754951802,-0.28358877547806344,0.26939262721273033,0.46010856712482889,0.45490079951488099,-0.13006583070295738,-0.52786408357813563,-0.0070010832628842039,-0.14324615813165584,0.21174779930611465,0.1155167272993548,0.13541086992467818,0.026387879999999919,-0.094363125905210787,0.10010029740696248,-0.34556713599627475,-0.13976962303574578,-0.1043412253159597,-0.25487017166843956,0.19267755711279244,-0.30060523680757573,0.54079870735968738,-0.18912939028210457
-0.77335612765902872,0.18300588690809319,1.0,-0.54113198616291824,0.86911265941068017,0.21121534386799506,0.67496603608219041,-0.6847601163015985,0.67470014074027218,-0.56345038832834737,0.07866532315236531,0.43828333243351425,0.31054862249665816,-0.75120687626985172,0.16915513450716729,-0.38589683322024387,0.7031968546149836,-0.19018828254054126,-0.59065728547627427,0.32938261119578144,0.30195641245477417,0.49246979100146926,-0.017937042577740672,0.46603801703134989,-0.19193040908323325,0.31214340926462847,-0.18279095018758934,-0.15204316904005222,-0.61859660000000005,0.14702597653331351,-0.81818865769321569,-0.75903005548766378,-0.26600937684830234,-0.70277169514060855,0.69115167725568094,0.68096995944509375,-0.43121390287647587,0.30289910067124881,0.46483324134081694
0.66914336035557931,-0.49917882219050502,-0.54113198616291824,1.0,-0.45340681176202347,-0.026824281346644857,-0.44244450452978595,-0.084528387675319089,-0.45789423510133342,0.41683014713746219,-0.048270495046800206,-0.46722430419423883,-0.24218825179993231,0.1138352201129236,-0.092929409301161586,0.46201795427936559,-0.25102947917187995,0.37730074254992713,-0.18071240091786792,-0.45908019274366946,0.033166331678119193,-0.010195466360558222,0.3333698692930766,-0.1375954240368476,0.011636288727896521,-0.58610719073157913,-0.18927820994310188,-0.14457707930831146,0.15427572000000001,-0.041589880884373098,0.22620868894852134,0.44221757478209617,0.12352527668160852,0.40396613095319961,-0.29506129439336387,-0.50396902141834499,0.41315870451329056,-0.38800732638310959,-0.1188529508211407
-0.62232588009289547,0.20430874987174827,0.86911265941068017,-0.45340681176202347,1.0,0.099961805027146369,0.42363167998911005,-0.63233869007465293,0.51373617656967185,-0.4430973991257523,0.17643230286802941,0.14114215643705197,0.28094983878362967,-0.5197389806500996,-0.12598417350014127,-0.59196699935702379,0.51086555039912618,-0.34384700689594611,-0.3718416566438964,0.23020438410571145,0.46681675671895162,0.22431128997543737,-0.2000654994431994,0.38903333033639659,-0.50818797058359921,0.29095238725335099,-0.16762425440141848,0.047538219430105257,-0.56512862000000008,-0.10418737187704596,-0.56084916502970406,-0.81359427821500885,-0.30716385013218345,-0.55364499003782441,0.57342695512250597,0.60306132512397859,-0.58029326450572616,0.56450608050465978,0.35102516680038209
-0.49233995895875565,-0.10836655421371488,0.21121534386799506,-0.026824281346644857,0.099961805027146369,1.0,-0.28889700300812282,-0.34909897742427543,-0.35640153676936009,-0.72087993452779575,-0.26360235679845312,0.76477968219050108,0.035350795581013193,-0.14441580060128476,-0.40184045442794886,-0.29793847215453562,0.47231060094106231,0.11998956767803133,-0.44342189755671579,0.48449855334365988,0.20607009802296497,0.76921174083083987,0.60378693621753554,0.91392635974364911,-0.10196796101294976,-0.6101607755394155,-0.93606365258223156,-0.078179897359545947,-0.84334909999999996,-0.53125948116288391,-0.40052858341086978,0.27065275864371025,-0.80243881469997325,-0.78234090409353385,0.35884065664153869,-0.54422406254353839,0.53259389142316016,-0.46424146656172849,0.87117311758366733
-0.46506148081979942,0.094279045515737014,0.67496603608219041,-0.44244450452978595,0.42363167998911005,-0.28889700300812282,1.0,-0.28968433660611059,0.93165219431829316,-0.19897396265511491,-0.21087032120820182,0.19455254440657729,0.35614742475345185,-0.79674318500251218,0.7170936059265467,0.29119178588635203,0.45119583234402016,-0.032790897730978291,-0.40992280514092805,0.17500549982692487,-0.0088847212182387725,0.28728212054448177,-0.31186924177911057,-0.15771868341898787,0.46919132196502167,0.42193600225990668,0.41500922358663067,-0.53296344930455564,0.015382339999999939,0.81704568521761778,-0.68585091278588695,-0.65061820156010364,0.31313169961109105,-0.26176728131991145,0.24823727291095554,0.83140694804123472,-0.2688007021137932,0.055252079167610491,-0.11794721267883213
0.3827649245936105,0.44603329402847502,-0.6847601163015985,-0.084528387675319089,-0.63233869007465293,-0.34909897742427543,-0.28968433660611059,1.0,-0.25361219972505084,0.25685225172071369,-0.23932706579117519,-0.30990275095235048,-0.42460470278552059,0.64045216160054119,-0.11488106776432691,0.23982563344487043,-0.54029978315937943,-0.085678168234140609,0.71346995633624788,-0.01469369749259182,-0.22653391174606741,-0.54850431296941393,-0.41448660974085472,-0.51051502345397981,0.3186125308840187,0.011043457104566889,0.44877909424392387,0.057966411172699656,0.64584277999999995,0.041912945559106851,0.67847274348052811,0.41567556886830359,0.36062783763764339,0.50418727133198749,-0.81679636215084395,-0.31056272617570407,0.20336140312679923,-0.0088855561433020536,-0.60236222662255168
-0.36959714889662587,0.28422493272738736,0.67470014074027218,-0.45789423510133342,0.51373617656967185,-0.35640153676936009,0.93165219431829316,-0.25361219972505084,1.0,-0.22325306636015496,-0.20358698161829009,0.076748653987536788,0.18823438987373928,-0.70692168581987902,0.57465808167265497,0.098634510228244487,0.24271154480151635,-0.087062817040844009,-0.25006789809012053,0.31522883933457452,0.17389434549345092,0.19885632970988532,-0.47505852060976644,-0.21791922403348196,0.27887919066704875,0.4445005631254425,0.43538419864447075,-0.44400197643563755,0.066871040000000104,0.71120472758806241,-0.54056503719658289,-0.81254267778740696,0.27917744723822369,-0.18066345615642429,0.25585485346058806,0.87096438740798754,-0.43314473309409324,0.29567683147439816,-0.16187021633498624
0.69077860260156931,-0.35885710676048233,-0.56345038832834737,0.41683014713746219,-0.4430973991257523,-0.72087993452779575,-0.19897396265511491,0.25685225172071369,-0.22325306636015496,1.0,0.47816819950688128,-0.69757379662094299,-0.10444619237041962,0.42536245456490074,0.18211820774903825,0.32571516738923489,-0.55695116771893727,0.062387997032040135,0.42789626915219392,-0.79690063513180931,-0.35456210410028832,-0.75557671161778817,-0.0040213768282321427,-0.73748898312091771,-0.013306926059168297,0.3702438817940214,0.63174385200962546,0.32710140739810861,0.76668443999999991,0.19045904079888892,0.60805606356170794,0.29759341365953196,0.63062839543997118,0.89422808165004308,-0.24134088962138983,0.065407243824433359,-0.272915382031787,0.12873249326917921,-0.6099932175664563
0.20607539140674497,-0.079194920392906765,0.07866532315236531,-0.048270495046800206,0.17643230286802941,-0.26360235679845312,-0.21087032120820182,-0.23932706579117519,-0.20358698161829009,0.47816819950688128,1.0,-0.20410170884457124,0.0040170520272018433,0.35453599624155835,-0.15199442185732717,-0.44323319022686258,-0.18295870884720489,-0.067479937249239896,0.13950623182125574,-0.55244475631342305,-0.093131122885537224,-0.49072017381936628,0.16032096271949281,-0.10678222858259487,-0.61622427203307817,0.64389340638042236,0.14033811470713264,0.84127978989113128,0.082860300000000109,-0.31507608708631496,0.25558053204560816,-0.085926822248578727,-0.034635542603981488,0.3107669266729845,0.39050404541331118,0.25399160850158431,-0.68151158175748994,0.5490740946703242,-0.073622427801911819
-0.68930775640914144,0.025668925991250244,0.43828333243351425,-0.46722430419423883,0.14114215643705197,0.76477968219050108,0.19455254440657729,-0.30990275095235048,0.076748653987536788,-0.69757379662094299,-0.20410170884457124,1.0,0.20014772537351608,-0.31297577535453797,0.011826331712035579,-0.19362602389414804,0.50170970636048362,0.049941011843859635,-0.41132663165888889,0.58957016243993865,0.05642506289058153,0.76718327978602419,0.44194647806155241,0.71644964057018379,0.21965148002847198,-0.13922832331197466,-0.56869398010182259,-0.12669321527498698,-0.64992001999999993,-0.10919436184848319,-0.56871353099860555,0.060615786249381874,-0.6416290937523913,-0.78701100934799084,0.50414619448874554,-0.10208279099832251,0.31174721011348416,-0.39356207365013351,0.70927019852691975
-0.32763113540491129,-0.57443200191603871,0.31054862249665816,-0.24218825179993231,0.28094983878362967,0.035350795581013193,0.35614742475345185,-0.42460470278552059,0.18823438987373928,-0.10444619237041962,0.0040170520272018433,0.20014772537351608,1.0,-0.37638295132367861,0.51992676967616613,0.099614310724027183,0.40721196664997528,-0.066053841727970214,-0.19874391402453334,-0.02394471254456115,-0.48220278344641021,0.14573262845133933,-0.041975697196108018,0.058404520391521039,0.15970092324863899,0.17552151407148608,0.064738591948589039,-0.18252642937911626,-0.16585875999999999,0.22784222123744502,-0.37614577278415268,-0.19972684698641793,0.10590074773156154,-0.2572518047566178,0.32493285865003307,0.27881011677174949,0.013952925260549535,-0.17432951128401011,0.13206638675845042
0.58045437790788468,0.17673955073230524,-0.75120687626985172,0.1138352201129236,-0.5197389806500996,-0.14441580060128476,-0.79674318500251218,0.64045216160054119,-0.70692168581987902,0.42536245456490074,0.35453599624155835,-0.31297577535453797,-0.37638295132367861,1.0,-0.52717069268867667,-0.24021714791708704,-0.74294451329846312,-0.072431515748440881,0.78568748057040749,-0.19649192066823959,-0.12016629488748994,-0.66661845237298722,-0.093199765537781185,-0.27641836734041902,-0.3052367630304042,0.05902449705071755,0.10033364183153154,0.69688967343146535,0.42839636000000003,-0.55250858855613627,0.91099338400545637,0.53653575650866314,-0.05201654230986609,0.56559490554646386,-0.4292612382216297,-0.52764927645381088,-0.017532963619615916,0.21977617167753655,-0.33408122761733844
-0.026627554920596368,-0.34642902795832686,0.16915513450716729,-0.092929409301161586,-0.12598417350014127,-0.40184045442794886,0.7170936059265467,-0.11488106776432691,0.57465808167265497,0.18211820774903825,-0.15199442185732717,0.011826331712035579,0.51992676967616613,-0.52717069268867667,1.0,0.62613508177978006,0.17070367951950816,0.19053619594012022,-0.19511137795112599,-0.13268401778420891,-0.5627186917654734,0.076908094219334769,-0.12302328675845607,-0.43811160281454814,0.65568058435101417,0.31978013864075838,0.54239188475610245,-0.50217310280180938,0.36045353999999996,0.8495255711160743,-0.33056455351982178,-0.21340692162929001,0.62846540780769078,0.14334707432085828,0.076003954743949359,0.52363319189084989,-0.0063825107505237622,-0.28318183108851602,-0.28919895143716112
0.33256463663736652,-0.38362430271403986,-0.38589683322024387,0.46201795427936559,-0.59196699935702379,-0.29793847215453562,0.29119178588635203,0.23982563344487043,0.098634510228244487,0.32571516738923489,-0.44323319022686258,-0.19362602389414804,0.099614310724027183,-0.24021714791708704,0.62613508177978006,1.0,-0.0014854375442624227,0.35618426607268489,-0.19683869953487121,-0.30929610833689919,-0.36743356493566365,0.068687955566921935,0.0011323642338270379,-0.45903431467484707,0.85189733391995692,-0.25146117151726133,0.36078612737736215,-0.64895134920087105,0.46654660000000003,0.74617178035088971,-0.08989214399495328,0.33354990369174342,0.54811337810807148,0.32253314530657345,-0.5136293543660444,-0.077172641723800089,0.53823178201478816,-0.66205209515582342,-0.4504771742820774
-0.80367785365882616,-0.15076041754951802,0.7031968546149836,-0.25102947917187995,0.51086555039912618,0.47231060094106231,0.45119583234402016,-0.54029978315937943,0.24271154480151635,-0.55695116771893727,-0.18295870884720489,0.50170970636048362,0.40721196664997528,-0.74294451329846312,0.17070367951950816,-0.0014854375442624227,1.0,-0.071367766195092594,-0.7867366580002636,0.082027736903863183,0.0088245140743533172,0.63831864435469887,0.34636304974670645,0.64051508570689919,0.10340753749382457,-0.13733665140004897,-0.40403828642756651,-0.41440626100909461,-0.73248891999999999,0.10599730591710443,-0.8735199910657534,-0.21569451849690627,-0.21342167578824364,-0.80558013243622562,0.39816499335396338,0.20780381773795872,0.16010482733617429,-0.29511323162613629,0.58829612661340824
0.37909218833280622,-0.28358877547806344,-0.19018828254054126,0.37730074254992713,-0.34384700689594611,0.11998956767803133,-0.032790897730978291,-0.085678168234140609,-0.087062817040844009,0.062387997032040135,-0.067479937249239896,0.049941011843859635,-0.066053841727970214,-0.072431515748440881,0.19053619594012022,0.35618426607268489,-0.071367766195092594,1.0,-0.11705148549787402,-0.13822428061006398,0.07901396230154728,0.19921064233631255,0.20582510487376482,-0.098635032688079424,0.26257244538109037,-0.23597692979654111,-0.10131880675819395,-0.038946846115206324,0.062358120000000072,0.16936613580898219,-0.037933394595217544,0.23114790050762851,-0.071587535241803224,0.10711803182379616,-0.069836512042654064,-0.19234445630320474,0.28201672138154454,-0.34715677137359535,-0.10041733510028998
0.47790791016100848,0.26939262721273033,-0.59065728547627427,-0.18071240091786792,-0.3718416566438964,-0.44342189755671579,-0.40992280514092805,0.71346995633624788,-0.25006789809012053,0.42789626915219392,0.13950623182125574,-0.41132663165888889,-0.19874391402453334,0.78568748057040749,-0.19511137795112599,-0.19683869953487121,-0.7867366580002636,-0.11705148549787402,1.0,-0.0058035850809683874,-0.18059379633467226,-0.76703846309789459,-0.46684243907009976,-0.55790723219508875,-0.14439933322560675,0.3017652669624743,0.48578996550332726,0.48528064463596443,0.65419915999999989,-0.21562400250838543,0.87573502813914528,0.21775127231582761,0.27374776533257578,0.63329147275223607,-0.40968115530570737,-0.13608520567467347,-0.22368799757155439,0.38993010732211075,-0.526859850126558
-0.44660828256959295,0.46010856712482889,0.32938261119578144,-0.45908019274366946,0.23020438410571145,0.48449855334365988,0.17500549982692487,-0.01469369749259182,0.31522883933457452,-0.79690063513180931,-0.55244475631342305,0.58957016243993865,-0.02394471254456115,-0.19649192066823959,-0.13268401778420891,-0.30929610833689919,0.082027736903863183,-0.13822428061006398,-0.0058035850809683874,1.0,0.34278762487999304,0.5505485612691845,-0.2221087345602748,0.43089299044854146,0.10355052721550059,-0.24926367235136265,-0.36435045520821452,-0.27740991559347389,-0.39585325999999998,-0.094413640490420114,-0.28066822991955825,-0.25292129978662559,-0.48004286628359821,-0.58148327975411418,0.15499172550280607,-0.035311630480706624,0.20212181107193045,-0.011286827440426833,0.38796556513873703
-0.087131736868259382,0.45490079951488099,0.30195641245477417,0.033166331678119193,0.46681675671895162,0.20607009802296497,-0.0088847212182387725,-0.22653391174606741,0.17389434549345092,-0.35456210410028832,-0.093131122885537224,0.05642506289058153,-0.48220278344641021,-0.12016629488748994,-0.5627186917654734,-0.36743356493566365,0.0088245140743533172,0.07901396230154728,-0.18059379633467226,0.34278762487999304,1.0,0.2679682676155874,-0.15117869167103426,0.31182126313666209,-0.34520838231796375,-0.21032277678628356,-0.35638774861845135,0.067084864578546052,-0.37340103999999996,-0.22816887072348213,-0.19873843711581973,-0.33277111860117303,-0.5778240370908615,-0.30106596132301894,0.064147000701588089,0.034722269468293598,-0.16432185242649713,0.35680338104831122,0.14264587001783702
-0.57402761742819386,-0.13006583070295738,0.49246979100146926,-0.010195466360558222,0.22431128997543737,0.76921174083083987,0.28728212054448177,-0.54850431296941393,0.19885632970988532,-0.75557671161778817,-0.49072017381936628,0.76718327978602419,0.14573262845133933,-0.66661845237298722,0.076908094219334769,0.068687955566921935,0.63831864435469887,0.19921064233631255,-0.76703846309789459,0.5505485612691845,0.2679682676155874,1.0,0.45191724843527759,0.74004811481802546,0.27036708327735309,-0.5315770971143714,-0.70072271054317259,-0.54393860722664789,-0.75182093999999999,0.059863816876747689,-0.79419425752944461,-0.064916876070834406,-0.55257706038801158,-0.82354457898059519,0.41470720512741632,-0.12701071361336644,0.49530442035424965,-0.54809813153984832,0.72565361684574081
-0.1702055562980142,-0.52786408357813563,-0.017937042577740672,0.3333698692930766,-0.2000654994431994,0.60378693621753554,-0.31186924177911057,-0.41448660974085472,-0.47505852060976644,-0.0040213768282321427,0.16032096271949281,0.44194647806155241,-0.041975697196108018,-0.093199765537781185,-0.12302328675845607,0.0011323642338270379,0.34636304974670645,0.20582510487376482,-0.46684243907009976,-0.2221087345602748,-0.15117869167103426,0.45191724843527759,1.0,0.56555900299121453,-0.069453320004970398,-0.34793726006228981,-0.60735897381214299,0.056540586837695958,-0.46599192,-0.32581888450275054,-0.2157448647432601,0.51780080528360795,-0.32446970949298476,-0.2815948497178406,0.46830393992442465,-0.43726582846912349,0.35927263482056143,-0.5610889081127437,0.69387785084438658
-0.661369076226349,-0.0070010832628842039,0.46603801703134989,-0.1375954240368476,0.38903333033639659,0.91392635974364911,-0.15771868341898787,-0.51051502345397981,-0.21791922403348196,-0.73748898312091771,-0.10678222858259487,0.71644964057018379,0.058404520391521039,-0.27641836734041902,-0.43811160281454814,-0.45903431467484707,0.64051508570689919,-0.098635032688079424,-0.55790723219508875,0.43089299044854146,0.31182126313666209,0.74004811481802546,0.56555900299121453,1.0,-0.28746269769787669,-0.44405845052389825,-0.91409352123339094,-0.024915895426281642,-0.96358851999999995,-0.54488117524736857,-0.54813521924358621,0.058990420392695891,-0.79285922006773046,-0.87993464803147603,0.50631465919186069,-0.31389393105893998,0.29309303805934844,-0.24088321818449121,0.92372837527982443
-0.011619214763200936,-0.14324615813165584,-0.19193040908323325,0.011636288727896521,-0.50818797058359921,-0.10196796101294976,0.46919132196502167,0.3186125308840187,0.27887919066704875,-0.013306926059168297,-0.61622427203307817,0.21965148002847198,0.15970092324863899,-0.3052367630304042,0.65568058435101417,0.85189733391995692,0.10340753749382457,0.26257244538109037,-0.14439933322560675,0.10355052721550059,-0.34520838231796375,0.27036708327735309,-0.069453320004970398,-0.28746269769787669,1.0,-0.16006477746120865,0.30865068759713638,-0.69961646817126921,0.32991905999999993,0.76572231790950696,-0.23592569421190068,0.25012637804754673,0.35942709218017888,0.029327743081267909,-0.39519459504381005,-0.00092587396517375409,0.56687403295451466,-0.67808232325480633,-0.28839138810804776
-0.071624227341108029,0.21174779930611465,0.31214340926462847,-0.58610719073157913,0.29095238725335099,-0.6101607755394155,0.42193600225990668,0.011043457104566889,0.4445005631254425,0.3702438817940214,0.64389340638042236,-0.13922832331197466,0.17552151407148608,0.05902449705071755,0.31978013864075838,-0.25146117151726133,-0.13733665140004897,-0.23597692979654111,0.3017652669624743,-0.24926367235136265,-0.21032277678628356,-0.5315770971143714,-0.34793726006228981,-0.44405845052389825,-0.16006477746120865,1.0,0.67395351541363868,0.46446414764625382,0.37914789999999998,0.26370877389070024,0.09355179278503413,-0.46140249080241758,0.34318839709305737,0.29428384406206148,0.28580344357305609,0.77134376564319829,-0.83952343206203561,0.65235382032918765,-0.37042339991588802
0.33674804982126516,0.1155167272993548,-0.18279095018758934,-0.18927820994310188,-0.16762425440141848,-0.93606365258223156,0.41500922358663067,0.44877909424392387,0.43538419864447075,0.63174385200962546,0.14033811470713264,-0.56869398010182259,0.064738591948589039,0.10033364183153154,0.54239188475610245,0.36078612737736215,-0.40403828642756651,-0.10131880675819395,0.48578996550332726,-0.36435045520821452,-0.35638774861845135,-0.70072271054317259,-0.60735897381214299,-0.91409352123339094,0.30865068759713638,0.67395351541363868,1.0,-0.0078645960230539404,0.86609960000000008,0.64196299292759362,0.34267972594807816,-0.23108072936303761,0.82840146535168013,0.69653655212270782,-0.34649593133787077,0.57682613685940054,-0.45436682786161969,0.34101279895339831,-0.83903897653108106
0.26125746420437784,0.13541086992467818,-0.15204316904005222,-0.14457707930831146,0.047538219430105257,-0.078179897359545947,-0.53296344930455564,0.057966411172699656,-0.44400197643563755,0.32710140739810861,0.84127978989113128,-0.12669321527498698,-0.18252642937911626,0.69688967343146535,-0.50217310280180938,-0.64895134920087105,-0.41440626100909461,-0.038946846115206324,0.48528064463596443,-0.27740991559347389,0.067084864578546052,-0.54393860722664789,0.056540586837695958,-0.024915895426281642,-0.69961646817126921,0.46446414764625382,-0.0078645960230539404,1.0,0.069332320000000003,-0.62998485077639443,0.53693462369431277,0.10588611363881985,-0.28045184012703012,0.2884773699079265,0.20266475168985074,-0.067786157227037624,-0.5331661674613335,0.58014854194318033,-0.049744298540616065
0.69670981999999992,0.026387879999999919,-0.61859660000000005,0.15427572000000001,-0.56512862000000008,-0.84334909999999996,0.015382339999999939,0.64584277999999995,0.066871040000000104,0.76668443999999991,0.082860300000000109,-0.64992001999999993,-0.16585875999999999,0.42839636000000003,0.36045353999999996,0.46654660000000003,-0.73248891999999999,0.062358120000000072,0.65419915999999989,-0.39585325999999998,-0.37340103999999996,-0.75182093999999999,-0.46599192,-0.96358851999999995,0.32991905999999993,0.37914789999999998,0.86609960000000008,0.069332320000000003,1.0,0.45764310000000008,0.66856165999999995,0.14154844,0.75667013999999999,0.9172424400000001,-0.56178766000000002,0.14545172000000006,-0.17659758000000003,0.14345150000000007,-0.88545218000000003
0.01835063396362091,-0.094363125905210787,0.14702597653331351,-0.041589880884373098,-0.10418737187704596,-0.53125948116288391,0.81704568521761778,0.041912945559106851,0.71120472758806241,0.19045904079888892,-0.31507608708631496,-0.10919436184848319,0.22784222123744502,-0.55250858855613627,0.8495255711160743,0.74617178035088971,0.10599730591710443,0.16936613580898219,-0.21562400250838543,-0.094413640490420114,-0.22816887072348213,0.059863816876747689,-0.32581888450275054,-0.54488117524736857,0.76572231790950696,0.26370877389070024,0.64196299292759362,-0.62998485077639443,0.45764310000000008,1.0,-0.34780157792653438,-0.2805546653935741,0.62184221155858532,0.19164785747880098,-0.17479887267875116,0.57467042934475465,0.001069449930609756,-0.20818992545042769,-0.49083652410758616
0.73051683115122112,0.10010029740696248,-0.81818865769321569,0.22620868894852134,-0.56084916502970406,-0.40052858341086978,-0.68585091278588695,0.67847274348052811,-0.54056503719658289,0.60805606356170794,0.25558053204560816,-0.56871353099860555,-0.37614577278415268,0.91099338400545637,-0.33056455351982178,-0.08989214399495328,-0.8735199910657534,-0.037933394595217544,0.87573502813914528,-0.28066822991955825,-0.19873843711581973,-0.79419425752944461,-0.2157448647432601,-0.54813521924358621,-0.23592569421190068,0.09355179278503413,0.34267972594807816,0.53693462369431277,0.66856165999999995,-0.34780157792653438,1.0,0.42595534036967808,0.26353237413121872,0.79072840800130906,-0.48908569133396479,-0.39240348927142471,-0.097444114093338155,0.25406983737860633,-0.51131987894692765
0.35668947705095927,-0.34556713599627475,-0.75903005548766378,0.44221757478209617,-0.81359427821500885,0.27065275864371025,-0.65061820156010364,0.41567556886830359,-0.81254267778740696,0.29759341365953196,-0.085926822248578727,0.060615786249381874,-0.19972684698641793,0.53653575650866314,-0.21340692162929001,0.33354990369174342,-0.21569451849690627,0.23114790050762851,0.21775127231582761,-0.25292129978662559,-0.33277111860117303,-0.064916876070834406,0.51780080528360795,0.058990420392695891,0.25012637804754673,-0.46140249080241758,-0.23108072936303761,0.10588611363881985,0.14154844,-0.2805546653935741,0.42595534036967808,1.0,-0.043952219465415339,0.23077789501310544,-0.37816358948647388,-0.81995353459191278,0.68080869530442534,-0.63605217291046223,0.047111882009243052
0.35122651540144578,-0.13976962303574578,-0.26600937684830234,0.12352527668160852,-0.30716385013218345,-0.80243881469997325,0.31313169961109105,0.36062783763764339,0.27917744723822369,0.63062839543997118,-0.034635542603981488,-0.6416290937523913,0.10590074773156154,-0.05201654230986609,0.62846540780769078,0.54811337810807148,-0.21342167578824364,-0.071587535241803224,0.27374776533257578,-0.48004286628359821,-0.5778240370908615,-0.55257706038801158,-0.32446970949298476,-0.79285922006773046,0.35942709218017888,0.34318839709305737,0.82840146535168013,-0.28045184012703012,0.75667013999999999,0.62184221155858532,0.26353237413121872,-0.043952219465415339,1.0,0.65342532215967275,-0.36331930479289498,0.36891291624717559,-0.16783694422943354,0.024830015633805717,-0.64681268016347648
0.86016503290998958,-0.1043412253159597,-0.70277169514060855,0.40396613095319961,-0.55364499003782441,-0.78234090409353385,-0.26176728131991145,0.50418727133198749,-0.18066345615642429,0.89422808165004308,0.3107669266729845,-0.78701100934799084,-0.2572518047566178,0.56559490554646386,0.14334707432085828,0.32253314530657345,-0.80558013243622562,0.10711803182379616,0.63329147275223607,-0.58148327975411418,-0.30106596132301894,-0.82354457898059519,-0.2815948497178406,-0.87993464803147603,0.029327743081267909,0.29428384406206148,0.69653655212270782,0.2884773699079265,0.9172424400000001,0.19164785747880098,0.79072840800130906,0.23077789501310544,0.65342532215967275,1.0,-0.47358839388419899,-0.0055328152352736026,-0.23183952021970439,0.21362186625346552,-0.7895424690032381
-0.52307323942116235,-0.25487017166843956,0.69115167725568094,-0.29506129439336387,0.57342695512250597,0.35884065664153869,0.24823727291095554,-0.81679636215084395,0.25585485346058806,-0.24134088962138983,0.39050404541331118,0.50414619448874554,0.32493285865003307,-0.4292612382216297,0.076003954743949359,-0.5136293543660444,0.39816499335396338,-0.069836512042654064,-0.40968115530570737,0.15499172550280607,0.064147000701588089,0.41470720512741632,0.46830393992442465,0.50631465919186069,-0.39519459504381005,0.28580344357305609,-0.34649593133787077,0.20266475168985074,-0.56178766000000002,-0.17479887267875116,-0.48908569133396479,-0.37816358948647388,-0.36331930479289498,-0.47358839388419899,1.0,0.37310787443054227,-0.39708166510144433,0.1557318443790921,0.69310038541680308
-0.30245983345531813,0.19267755711279244,0.68096995944509375,-0.50396902141834499,0.60306132512397859,-0.54422406254353839,0.83140694804123472,-0.31056272617570407,0.87096438740798754,0.065407243824433359,0.25399160850158431,-0.10208279099832251,0.27881011677174949,-0.52764927645381088,0.52363319189084989,-0.077172641723800089,0.20780381773795872,-0.19234445630320474,-0.13608520567467347,-0.035311630480706624,0.034722269468293598,-0.12701071361336644,-0.43726582846912349,-0.31389393105893998,-0.00092587396517375409,0.77134376564319829,0.57682613685940054,-0.067786157227037624,0.14545172000000006,0.57467042934475465,-0.39240348927142471,-0.81995353459191278,0.36891291624717559,-0.0055328152352736026,0.37310787443054227,1.0,-0.7498044913820473,0.5489312321864962,-0.24306473175677895
0.036373100105309419,-0.30060523680757573,-0.43121390287647587,0.41315870451329056,-0.58029326450572616,0.53259389142316016,-0.2688007021137932,0.20336140312679923,-0.43314473309409324,-0.272915382031787,-0.68151158175748994,0.31174721011348416,0.013952925260549535,-0.017532963619615916,-0.0063825107505237622,0.53823178201478816,0.16010482733617429,0.28201672138154454,-0.22368799757155439,0.20212181107193045,-0.16432185242649713,0.49530442035424965,0.35927263482056143,0.29309303805934844,0.56687403295451466,-0.83952343206203561,-0.45436682786161969,-0.5331661674613335,-0.17659758000000003,0.001069449930609756,-0.097444114093338155,0.68080869530442534,-0.16783694422943354,-0.23183952021970439,-0.39708166510144433,-0.7498044913820473,1.0,-0.90057414699031146,0.22586329576543743
0.051677717105664309,0.54079870735968738,0.30289910067124881,-0.38800732638310959,0.56450608050465978,-0.46424146656172849,0.055252079167610491,-0.0088855561433020536,0.29567683147439816,0.12873249326917921,0.5490740946703242,-0.39356207365013351,-0.17432951128401011,0.21977617167753655,-0.28318183108851602,-0.66205209515582342,-0.29511323162613629,-0.34715677137359535,0.38993010732211075,-0.011286827440426833,0.35680338104831122,-0.54809813153984832,-0.5610889081127437,-0.24088321818449121,-0.67808232325480633,0.65235382032918765,0.34101279895339831,0.58014854194318033,0.14345150000000007,-0.20818992545042769,0.25406983737860633,-0.63605217291046223,0.024830015633805717,0.21362186625346552,0.1557318443790921,0.5489312321864962,-0.90057414699031146,1.0,-0.28010036242455139
-0.64988054393805994,-0.18912939028210457,0.46483324134081694,-0.1188529508211407,0.35102516680038209,0.87117311758366733,-0.11794721267883213,-0.60236222662255168,-0.16187021633498624,-0.6099932175664563,-0.073622427801911819,0.70927019852691975,0.13206638675845042,-0.33408122761733844,-0.28919895143716112,-0.4504771742820774,0.58829612661340824,-0.10041733510028998,-0.526859850126558,0.38796556513873703,0.14264587001783702,0.72565361684574081,0.69387785084438658,0.92372837527982443,-0.28839138810804776,-0.37042339991588802,-0.83903897653108106,-0.049744298540616065,-0.88545218000000003,-0.49083652410758616,-0.51131987894692765,0.047111882009243052,-0.64681268016347648,-0.7895424690032381,0.69310038541680308,-0.24306473175677895,0.22586329576543743,-0.28010036242455139,1.0
