1.0,0.11983565707081816,-0.50430587365855162,0.6359841121873594,-0.32649827956421662,-0.17069693218945567,-0.044856071030421919,0.73853004506528641,-0.095748294567354009,-0.47586772864900884,0.17142592158066522,-0.22841591169585201,0.049654788161651177,-0.83354139388522241,-0.071814909725299608,0.45765044096149721,0.053193584927380459,0.34294640017602596,-0.68674149268219509,0.19903346038910069,0.26072120345748512,-0.47014032543143691,0.57110888907059632,0.071672829935299331,0.51640215453221361,-0.073087193161660596,0.070964062001451084,-0.35241597276890174,0.033857918952510516,-0.8461667874979889,-0.58603534532396206,0.71175915712535442,-0.33838515999999996,0.44477216172399286,-0.29013356082585101,0.36891561053755367,-0.015979151652453092,-0.68427553709045363,0.16568134940442222
0.11983565707081816,1.0,0.011441254659614986,-0.0076255800373977072,-0.087962340484760052,0.20879576164035116,-0.30982711793918311,-0.11883746632935276,0.094571638147628645,-0.38351858359695201,0.20583897047900315,-0.061672975161582329,0.17810352392709977,-0.28590884965830254,0.0002120086504234421,0.18013987534910836,0.18510175029165069,-0.38405332416605337,0.14379881035259498,0.12884130829053986,-0.090027635778501744,-0.24610295217878969,0.42518880698843892,-0.10206369731000685,0.27815783084919854,-0.03063816628747032,-0.20100007774198286,-0.25457153396074467,0.013933332845620787,-0.36759321459437228,-0.28041660458656231,-0.038687151742335724,-0.068188180000000043,0.24290301710622692,-0.10405381141528371,-0.049984597163409354,-0.02083221646371592,-0.36152083778623045,-0.012548099713014189
-0.50430587365855162,0.011441254659614986,1.0,-0.56932177351312796,0.27654132563367351,-0.41736854382068272,0.34480698576357954,-0.066807578222759276,0.43798913093064384,0.33262884284762251,0.63830303488816964,0.42431459878098293,0.74275080570154028,0.45962011782085355,0.76906784550877316,-0.39680682759597474,0.472489057231122,-0.35282060817677419,0.8003205624338956,-0.81119440050319225,-0.84396600107724251,-0.15212524589437859,-0.47405026876078449,0.67458525668514024,0.18389688718189579,0.05637294975635665,-0.8251577794659567,-0.05375690045485515,-0.7204023461356811,0.29948640872910848,0.483543262089696,-0.39076201703646052,0.89403889999999997,-0.40369528492126838,-0.64243512220942267,-0.91210456512963478,0.397346710262102,0.1032026231540682,-0.89424357390479103
0.6359841121873594,-0.0076255800373977072,-0.56932177351312796,1.0,0.066627858385999189,0.18476278950453784,-0.56128691195939229,0.23477179334569254,0.12131932854904118,-0.60158969952652808,-0.36357148345770346,-0.59824226453091311,-0.45114816630847199,-0.72069622293266267,-0.26558874025574314,0.14646514709256231,-0.13787124809877199,0.76676752000194248,-0.68313489266545224,0.60981812857063011,0.5455899157810884,-0.41650634749038973,0.38344822809739032,-0.47141130476933957,0.11071661794015064,0.094432739922334252,0.49942808532870447,0.29760504219644146,0.46679188198318466,-0.5786757600644401,-0.66756570309228414,0.65059008364751925,-0.64334656000000001,0.53905195370349357,0.037675275468784845,0.63677558489225261,-0.47651330667965958,-0.55048959224513949,0.53251964739311708
-0.32649827956421662,-0.087962340484760052,0.27654132563367351,0.066627858385999189,1.0,0.34579108314370832,-0.53304966333944903,-0.2974307951689229,0.57188117488081325,-0.22696915773397328,-0.3459348157143744,-0.63005042941402023,-0.18931938590246961,-0.019162165548066379,0.26744952750831341,-0.5966247925287651,-0.52066824156671498,0.37199289401685842,-0.044082701305409464,-0.092289238394962669,-0.12463684567872214,-0.50271152338579028,-0.37056886204296224,-0.11584942957025014,-0.50762962451676774,-0.43219214477613216,0.045218297575064584,0.72042590596515899,-0.14402049055553223,0.13000055664416238,0.25345233165922976,0.28632230075074383,0.15636796000000008,-0.35057594546144849,-0.1306199460328214,-0.10613477665248409,-0.075653273556718956,0.10081343374558054,-0.085685594219088029
-0.17069693218945567,0.20879576164035116,-0.41736854382068272,0.18476278950453784,0.34579108314370832,1.0,-0.69344310884719751,-0.61839217348505349,-0.12336543976410121,-0.39948129089463219,-0.65357729266676945,-0.54482550903535731,-0.61474387552638432,-0.20618716578195129,-0.66084778197790639,0.11977058466751127,-0.54002899239007618,0.34885615624370359,-0.27128045157148839,0.62336135433583018,0.5612520167686057,0.097134401438688567,0.26489395578804142,-0.78111745834205348,-0.37338632518149817,0.030618966287424415,0.61036467184353416,0.54302182635572016,0.63391288190137984,-0.012298056131298927,-0.31064048406051531,-0.053122635789040452,-0.61875696000000002,0.30052426537053128,0.6305993570485956,0.57298005532690588,-0.65750394047665117,-0.046539650978744941,0.64700992411914338
-0.044856071030421919,-0.30982711793918311,0.34480698576357954,-0.56128691195939229,-0.53304966333944903,-0.69344310884719751,1.0,0.41730959785648913,-0.33481909759093048,0.64017240734592429,0.60505276993716495,0.78874160501826518,0.61173207230247995,0.46684494172835195,0.28225959020122438,0.068488548211082495,0.50571938763237978,-0.61722964276604642,0.30632537024283724,-0.65106022540233399,-0.36304470056703414,0.41243439821908195,-0.31365925085253271,0.71027632077021696,0.2278595540931434,0.053339554024041835,-0.53215554928917919,-0.60084605540975322,-0.56705856158652235,0.3275230605112992,0.51130018459358029,-0.35276054417842789,0.60150718000000003,-0.39313005111593147,-0.32937813787507197,-0.59130974918645263,0.60172467239055294,0.35029168920628112,-0.56994998907612249
0.73853004506528641,-0.11883746632935276,-0.066807578222759276,0.23477179334569254,-0.2974307951689229,-0.61839217348505349,0.41730959785648913,1.0,0.014062529813639247,0.095975359500345844,0.40621257534163585,0.062385927273771284,0.34349467373742099,-0.37410314479795187,0.3812596552228168,0.10006253476812892,0.20241681493043667,0.01459399796075554,-0.35526960141119773,-0.29738077335220264,-0.14028469087971596,-0.45860013766178642,0.01526822950243433,0.5601761672171317,0.33292151782953072,-0.30979512790800001,-0.30010159069592585,-0.42755284035678087,-0.50148046439596805,-0.42724119088096368,0.040760786789585182,0.63619898494244953,0.24897276000000002,-0.17110401537697376,-0.58789670652585546,-0.18029282787124684,0.54390397925266487,-0.24447029675111351,-0.32882227729338448
-0.095748294567354009,0.094571638147628645,0.43798913093064384,0.12131932854904118,0.57188117488081325,-0.12336543976410121,-0.33481909759093048,0.014062529813639247,1.0,-0.14627312742496817,0.14288560618262655,-0.45163482093665369,0.2176026983477336,-0.2128448497332196,0.44818758026634758,-0.72726828002532795,-0.11543931150227249,0.14929767616763662,0.14726332125146471,-0.37500560453761034,-0.34520976839681183,-0.69699668548543503,-0.27477871803126852,0.24681613663109089,-0.047294176828776346,-0.42998381153138515,-0.37681848547956587,0.31164081865592996,-0.42641493423291205,-0.17996841404730496,0.088714864047101952,0.35316105135146802,0.35812003999999997,-0.17411244447232105,-0.48065398178234392,-0.33416672554918336,0.13252490408038745,-0.22992129407411269,-0.38259423547487326
-0.47586772864900884,-0.38351858359695201,0.33262884284762251,-0.60158969952652808,-0.22696915773397328,-0.39948129089463219,0.64017240734592429,0.095975359500345844,-0.14627312742496817,1.0,0.14230671424201474,0.527535427165578,0.16333388976361168,0.75394036494992656,0.19696978596557374,-0.34293326588736106,0.0829993378122027,-0.51632548741255668,0.42650372898121675,-0.42583591628462886,-0.308449996760086,0.41649301846991571,-0.68855964630648281,0.42311733269180624,-0.32067078124553178,-0.17471278100123402,-0.24697597061060783,-0.18108971834372323,-0.40174996300295324,0.70694635286108187,0.76467069855590608,-0.3504162066759281,0.52662955999999994,-0.68365553241721244,0.011941244584166568,-0.48592290610445116,0.61078429646376275,0.73820512523822901,-0.36679454178855159
0.17142592158066522,0.20583897047900315,0.63830303488816964,-0.36357148345770346,-0.3459348157143744,-0.65357729266676945,0.60505276993716495,0.40621257534163585,0.14288560618262655,0.14230671424201474,1.0,0.63488650115158629,0.97356066296494859,-0.0074941397089174633,0.61583068823830966,0.11758623799426612,0.73120869211987682,-0.47078039127328858,0.45930271762772829,-0.7636701893861233,-0.72850496055591463,-0.1749310047469437,0.053107769960846943,0.8524465321648681,0.76899753057714881,0.14967963164754161,-0.92228851136238976,-0.69287955350776798,-0.70438104446588101,-0.2743429145426563,0.050170305412563884,-0.18824909017895927,0.69648245999999991,0.010660637502774456,-0.78513538950684869,-0.71931301192196972,0.48514956909024298,-0.35732189958356758,-0.8341941340664446
-0.22841591169585201,-0.061672975161582329,0.42431459878098293,-0.59824226453091311,-0.63005042941402023,-0.54482550903535731,0.78874160501826518,0.062385927273771284,-0.45163482093665369,0.527535427165578,0.63488650115158629,1.0,0.5769693983460521,0.58423102550120787,0.28191083726503502,0.34379207411614421,0.72362980323329773,-0.62157478607546868,0.59990997345902242,-0.42964440413348209,-0.51915685226828734,0.57143744091719118,-0.073521008984889918,0.52828472831758111,0.43822757788229993,0.49053704417509131,-0.50321266092426931,-0.70362093299550943,-0.27312523407632505,0.31440295446649591,0.24763116062153714,-0.67930720531776467,0.46958739999999999,-0.080003149138548516,-0.17901441317915148,-0.49800422085318263,0.38279906681166631,0.22293958765729541,-0.47840454620110467
0.049654788161651177,0.17810352392709977,0.74275080570154028,-0.45114816630847199,-0.18931938590246961,-0.61474387552638432,0.61173207230247995,0.34349467373742099,0.2176026983477336,0.16333388976361168,0.97356066296494859,0.5769693983460521,1.0,0.062855505493320807,0.6570722778604946,-0.019393974360684869,0.67520360204806307,-0.49815444439463163,0.50676090223829307,-0.8608834340443966,-0.7493705525857588,-0.19105182967068737,-0.076675323351257582,0.87326311201653573,0.6458341437904187,0.063338866165573021,-0.96343358528638734,-0.56248667873042391,-0.79462361614986554,-0.16544138641670247,0.18929781411541688,-0.22086915829560846,0.79663678000000004,-0.12137174486167764,-0.81558844493893878,-0.82448723144401337,0.49751491873612658,-0.26291875901675898,-0.90670676412095152
-0.83354139388522241,-0.28590884965830254,0.45962011782085355,-0.72069622293266267,-0.019162165548066379,-0.20618716578195129,0.46684494172835195,-0.37410314479795187,-0.2128448497332196,0.75394036494992656,-0.0074941397089174633,0.58423102550120787,0.062855505493320807,1.0,0.19470405481206654,-0.25714130810316627,0.16273967535897615,-0.52163941624500643,0.66710017264243904,-0.29315572137664148,-0.35333083315384234,0.63726920389788233,-0.61868617241709023,0.17604908462329422,-0.41508683648367534,0.1298563684284445,-0.13977880631571632,-0.0046331975355245469,-0.16202211850718984,0.9316131684326252,0.74133083921395726,-0.70402593123134216,0.46010047999999992,-0.59638912128619026,0.20158567777677694,-0.46016711630606988,0.32897242496402945,0.8490870506907805,-0.27278834607990232
-0.071814909725299608,0.0002120086504234421,0.76906784550877316,-0.26558874025574314,0.26744952750831341,-0.66084778197790639,0.28225959020122438,0.3812596552228168,0.44818758026634758,0.19696978596557374,0.61583068823830966,0.28191083726503502,0.6570722778604946,0.19470405481206654,1.0,-0.32001060570429418,0.40465980352953435,-0.19143815719231985,0.4393052896847931,-0.70385517712202572,-0.88506581719415411,-0.49010733280351304,-0.36742157306800854,0.77634749966632499,0.25795805201246058,-0.15725641640714758,-0.75133194438251982,-0.22887677536448686,-0.76169213079475917,-0.0049905449006759431,0.3843498646396753,0.11653533449499319,0.8087714399999999,-0.43611402831889845,-0.82396844390180568,-0.75187043277525467,0.63998888134592757,-0.038408130873658491,-0.83882052987771238
0.45765044096149721,0.18013987534910836,-0.39680682759597474,0.14646514709256231,-0.5966247925287651,0.11977058466751127,0.068488548211082495,0.10006253476812892,-0.72726828002532795,-0.34293326588736106,0.11758623799426612,0.34379207411614421,-0.019393974360684869,-0.25714130810316627,-0.32001060570429418,1.0,0.32908552894920506,0.092491967013762624,-0.14455718196980327,0.41019750536084187,0.20140108083037161,0.30857408159453892,0.77975838498604044,-0.20973320150033958,0.57088706638121955,0.64338994659496318,0.21516316726741169,-0.47393799587155272,0.46833272226820688,-0.39574856072637254,-0.62040269605848775,-0.15945297097955571,-0.45731215999999997,0.65794229042584029,0.22538231329272487,0.42646696157851316,-0.35336460842432166,-0.40808629458523205,0.32275414736876873
0.053193584927380459,0.18510175029165069,0.472489057231122,-0.13787124809877199,-0.52066824156671498,-0.54002899239007618,0.50571938763237978,0.20241681493043667,-0.11543931150227249,0.0829993378122027,0.73120869211987682,0.72362980323329773,0.67520360204806307,0.16273967535897615,0.40465980352953435,0.32908552894920506,1.0,-0.33179453963120292,0.48426912556005819,-0.34526984640007591,-0.46461515775446044,0.16790655557100118,0.12260410792084417,0.45310719816606204,0.68971669564059301,0.61778977216490949,-0.58326346308913535,-0.54379542595146035,-0.27012051486968525,-0.071766607156806939,-0.099437482614904898,-0.42310442714021929,0.38961713999999992,0.21835209430098007,-0.48472078627159759,-0.48463456161382512,0.1480193884288788,-0.2448930116978339,-0.50913486261938012
0.34294640017602596,-0.38405332416605337,-0.35282060817677419,0.76676752000194248,0.37199289401685842,0.34885615624370359,-0.61722964276604642,0.01459399796075554,0.14929767616763662,-0.51632548741255668,-0.47078039127328858,-0.62157478607546868,-0.49815444439463163,-0.52163941624500643,-0.19143815719231985,0.092491967013762624,-0.33179453963120292,1.0,-0.51143580342216344,0.49576682732942534,0.41566322634839709,-0.35811779742614691,0.22095152678791324,-0.47264407315778578,-0.039028045197342265,0.17031834759341705,0.53088625035916748,0.58132430657766587,0.46364491263494328,-0.37226414608648817,-0.53836865857398497,0.50303551702168225,-0.53320084000000001,0.43896993416583341,0.12280243730788983,0.58538296129089107,-0.61066580159080275,-0.42209786897579699,0.45646294276945837
-0.68674149268219509,0.14379881035259498,0.8003205624338956,-0.68313489266545224,-0.044082701305409464,-0.27128045157148839,0.30632537024283724,-0.35526960141119773,0.14726332125146471,0.42650372898121675,0.45930271762772829,0.59990997345902242,0.50676090223829307,0.66710017264243904,0.4393052896847931,-0.14455718196980327,0.48426912556005819,-0.51143580342216344,1.0,-0.5044865880083691,-0.65687582813275791,0.26428121283718342,-0.25543862077325163,0.36686861721279124,0.14644740318518201,0.3308933323730216,-0.56388839314753425,-0.14514623890696859,-0.33801143353694707,0.48169026092477557,0.36418605027730033,-0.72851812905772451,0.62164452000000003,-0.21909162117346856,-0.17657600185142552,-0.67311718930974906,0.18794232292743104,0.25113734413376271,-0.58808331083987986
0.19903346038910069,0.12884130829053986,-0.81119440050319225,0.60981812857063011,-0.092289238394962669,0.62336135433583018,-0.65106022540233399,-0.29738077335220264,-0.37500560453761034,-0.42583591628462886,-0.7636701893861233,-0.42964440413348209,-0.8608834340443966,-0.29315572137664148,-0.70385517712202572,0.41019750536084187,-0.34526984640007591,0.49576682732942534,-0.5044865880083691,1.0,0.75307368096915883,0.18828305540422852,0.47027541430887992,-0.91703099491380624,-0.22703066834163127,0.26752536082020478,0.89984530830271647,0.3072848068671914,0.93512107850292503,-0.1545763598070416,-0.57422632501628523,0.15523493997129939,-0.94568324000000004,0.52299476895278685,0.7414521568211343,0.91513082938909851,-0.66078782647972489,-0.10739655870522419,0.94791590447838669
0.26072120345748512,-0.090027635778501744,-0.84396600107724251,0.5455899157810884,-0.12463684567872214,0.5612520167686057,-0.36304470056703414,-0.14028469087971596,-0.34520976839681183,-0.308449996760086,-0.72850496055591463,-0.51915685226828734,-0.7493705525857588,-0.35333083315384234,-0.88506581719415411,0.20140108083037161,-0.46461515775446044,0.41566322634839709,-0.65687582813275791,0.75307368096915883,1.0,0.25337048881149221,0.28807495909583475,-0.79902308527316745,-0.35558490292010431,0.027266458140972144,0.84673874940601301,0.41811311241239607,0.71312070796829763,-0.074849802391093526,-0.37567298195703014,0.20107428411481854,-0.83942852000000001,0.35842792557890707,0.69012734018460653,0.7950896679456334,-0.63121298611613808,-0.0028489388618556312,0.86839184706375794
-0.47014032543143691,-0.24610295217878969,-0.15212524589437859,-0.41650634749038973,-0.50271152338579028,0.097134401438688567,0.41243439821908195,-0.45860013766178642,-0.69699668548543503,0.41649301846991571,-0.1749310047469437,0.57143744091719118,-0.19105182967068737,0.63726920389788233,-0.49010733280351304,0.30857408159453892,0.16790655557100118,-0.35811779742614691,0.26428121283718342,0.18828305540422852,0.25337048881149221,1.0,-0.056064104901985157,-0.25968369988457252,-0.17198441858213387,0.49221434768163846,0.28473379794832859,-0.145372935984041,0.40035822672194532,0.62127544143586799,0.16945721198465877,-0.78635105425862517,-0.17719538000000001,0.033792243616766429,0.63358235144486263,0.12299858897207092,-0.19161354797973826,0.54934265760070999,0.28332882986244878
0.57110888907059632,0.42518880698843892,-0.47405026876078449,0.38344822809739032,-0.37056886204296224,0.26489395578804142,-0.31365925085253271,0.01526822950243433,-0.27477871803126852,-0.68855964630648281,0.053107769960846943,-0.073521008984889918,-0.076675323351257582,-0.61868617241709023,-0.36742157306800854,0.77975838498604044,0.12260410792084417,0.22095152678791324,-0.25543862077325163,0.47027541430887992,0.28807495909583475,-0.056064104901985157,1.0,-0.330457635576341,0.60276901974384245,0.41771711231369946,0.23419806363156354,-0.32123641640156753,0.51054602666591931,-0.69948785196194552,-0.86573506125598543,0.10817498578427083,-0.59304946000000003,0.83836014911859003,0.18875202856204984,0.56427124082224034,-0.49777012853073116,-0.71069312540823004,0.41364568710719829
0.071672829935299331,-0.10206369731000685,0.67458525668514024,-0.47141130476933957,-0.11584942957025014,-0.78111745834205348,0.71027632077021696,0.5601761672171317,0.24681613663109089,0.42311733269180624,0.8524465321648681,0.52828472831758111,0.87326311201653573,0.17604908462329422,0.77634749966632499,-0.20973320150033958,0.45310719816606204,-0.47264407315778578,0.36686861721279124,-0.91703099491380624,-0.79902308527316745,-0.25968369988457252,-0.330457635576341,1.0,0.40942794704217023,-0.23221751767198617,-0.89784021217650911,-0.56144574756677856,-0.91731713806914206,-0.033408330232537489,0.44864237801476592,0.013581743022651249,0.88140379999999996,-0.44139390410004359,-0.82081259422523078,-0.82475871896456709,0.79877379231145951,-0.011860228720508202,-0.92247877865336825
0.51640215453221361,0.27815783084919854,0.18389688718189579,0.11071661794015064,-0.50762962451676774,-0.37338632518149817,0.2278595540931434,0.33292151782953072,-0.047294176828776346,-0.32067078124553178,0.76899753057714881,0.43822757788229993,0.6458341437904187,-0.41508683648367534,0.25795805201246058,0.57088706638121955,0.68971669564059301,-0.039028045197342265,0.14644740318518201,-0.22703066834163127,-0.35558490292010431,-0.17198441858213387,0.60276901974384245,0.40942794704217023,1.0,0.49871771556070243,-0.50641842764573963,-0.66370110735321464,-0.15118609829930085,-0.6699120253806764,-0.5822809466979777,-0.050971885533594441,0.10993132000000005,0.61749540539464443,-0.50419491419007878,-0.14387883895505515,-0.02371785747855315,-0.77189120141190748,-0.34373779142866123
-0.073087193161660596,-0.03063816628747032,0.05637294975635665,0.094432739922334252,-0.43219214477613216,0.030618966287424415,0.053339554024041835,-0.30979512790800001,-0.42998381153138515,-0.17471278100123402,0.14967963164754161,0.49053704417509131,0.063338866165573021,0.1298563684284445,-0.15725641640714758,0.64338994659496318,0.61778977216490949,0.17031834759341705,0.3308933323730216,0.26752536082020478,0.027266458140972144,0.49221434768163846,0.41771711231369946,-0.23221751767198617,0.49871771556070243,1.0,0.08879023270440603,-0.14607757882163802,0.46662972467023506,-0.0073905926439636616,-0.49190702579120132,-0.58080334848472392,-0.24252034,0.64696925091345581,0.18024786009665689,0.1545720097255619,-0.55252940293079944,-0.25940936952692817,0.13756533074341973
0.070964062001451084,-0.20100007774198286,-0.8251577794659567,0.49942808532870447,0.045218297575064584,0.61036467184353416,-0.53215554928917919,-0.30010159069592585,-0.37681848547956587,-0.24697597061060783,-0.92228851136238976,-0.50321266092426931,-0.96343358528638734,-0.13977880631571632,-0.75133194438251982,0.21516316726741169,-0.58326346308913535,0.53088625035916748,-0.56388839314753425,0.89984530830271647,0.84673874940601301,0.28473379794832859,0.23419806363156354,-0.89784021217650911,-0.50641842764573963,0.08879023270440603,1.0,0.48356190441688907,0.86901765424720379,0.081489183119015735,-0.32159148485128614,0.17517948897547583,-0.88273126000000002,0.27806432633058054,0.83761750595502715,0.89630467994872609,-0.60984946603894252,0.16244463101248835,0.95838299187025699
-0.35241597276890174,-0.25457153396074467,-0.05375690045485515,0.29760504219644146,0.72042590596515899,0.54302182635572016,-0.60084605540975322,-0.42755284035678087,0.31164081865592996,-0.18108971834372323,-0.69287955350776798,-0.70362093299550943,-0.56248667873042391,-0.0046331975355245469,-0.22887677536448686,-0.47393799587155272,-0.54379542595146035,0.58132430657766587,-0.14514623890696859,0.3072848068671914,0.41811311241239607,-0.145372935984041,-0.32123641640156753,-0.56144574756677856,-0.66370110735321464,-0.14607757882163802,0.48356190441688907,1.0,0.28368273928171422,0.28315839508227775,0.083774020902875182,0.14171558230769074,-0.24670639999999999,-0.12024422967115457,0.3082796800243926,0.23668187216677469,-0.49768047525843656,0.18943558682183212,0.34069364083641102
0.033857918952510516,0.013933332845620787,-0.7204023461356811,0.46679188198318466,-0.14402049055553223,0.63391288190137984,-0.56705856158652235,-0.50148046439596805,-0.42641493423291205,-0.40174996300295324,-0.70438104446588101,-0.27312523407632505,-0.79462361614986554,-0.16202211850718984,-0.76169213079475917,0.46833272226820688,-0.27012051486968525,0.46364491263494328,-0.33801143353694707,0.93512107850292503,0.71312070796829763,0.40035822672194532,0.51054602666591931,-0.91731713806914206,-0.15118609829930085,0.46662972467023506,0.86901765424720379,0.28368273928171422,1.0,-0.056446317353922464,-0.60585042568751735,-0.10450082817009997,-0.92753839999999999,0.62792089136709417,0.82921658345681293,0.89277328578877091,-0.78875207616094445,-0.087574424976447615,0.92578397769738052
-0.8461667874979889,-0.36759321459437228,0.29948640872910848,-0.5786757600644401,0.13000055664416238,-0.012298056131298927,0.3275230605112992,-0.42724119088096368,-0.17996841404730496,0.70694635286108187,-0.2743429145426563,0.31440295446649591,-0.16544138641670247,0.9316131684326252,-0.0049905449006759431,-0.39574856072637254,-0.071766607156806939,-0.37226414608648817,0.48169026092477557,-0.1545763598070416,-0.074849802391093526,0.62127544143586799,-0.69948785196194552,-0.033408330232537489,-0.6699120253806764,-0.0073905926439636616,0.081489183119015735,0.28315839508227775,-0.056446317353922464,1.0,0.77305447894066825,-0.587172978353668,0.30917246000000009,-0.64788453242144961,0.35175560132933514,-0.31572883567729232,0.18875630999399803,0.9332017197758985,-0.083950112239763647
-0.58603534532396206,-0.28041660458656231,0.483543262089696,-0.66756570309228414,0.25345233165922976,-0.31064048406051531,0.51130018459358029,0.040760786789585182,0.088714864047101952,0.76467069855590608,0.050170305412563884,0.24763116062153714,0.18929781411541688,0.74133083921395726,0.3843498646396753,-0.62040269605848775,-0.099437482614904898,-0.53836865857398497,0.36418605027730033,-0.57422632501628523,-0.37567298195703014,0.16945721198465877,-0.86573506125598543,0.44864237801476592,-0.5822809466979777,-0.49190702579120132,-0.32159148485128614,0.083774020902875182,-0.60585042568751735,0.77305447894066825,1.0,-0.20867717897191645,0.69378519999999999,-0.96784432944219612,-0.14872757796966787,-0.65360449868547443,0.68276868669734048,0.83768204357971132,-0.49099860999162015
0.71175915712535442,-0.038687151742335724,-0.39076201703646052,0.65059008364751925,0.28632230075074383,-0.053122635789040452,-0.35276054417842789,0.63619898494244953,0.35316105135146802,-0.3504162066759281,-0.18824909017895927,-0.67930720531776467,-0.22086915829560846,-0.70402593123134216,0.11653533449499319,-0.15945297097955571,-0.42310442714021929,0.50303551702168225,-0.72851812905772451,0.15523493997129939,0.20107428411481854,-0.78635105425862517,0.10817498578427083,0.013581743022651249,-0.050971885533594441,-0.58080334848472392,0.17517948897547583,0.14171558230769074,-0.10450082817009997,-0.587172978353668,-0.20867717897191645,1.0,-0.20495607999999998,-0.026777854108835108,-0.28438617695043944,0.30216608585728738,0.14878079875054417,-0.36934228031545202,0.14888502282008545
-0.33838515999999996,-0.068188180000000043,0.89403889999999997,-0.64334656000000001,0.15636796000000008,-0.61875696000000002,0.60150718000000003,0.24897276000000002,0.35812003999999997,0.52662955999999994,0.69648245999999991,0.46958739999999999,0.79663678000000004,0.46010047999999992,0.8087714399999999,-0.45731215999999997,0.38961713999999992,-0.53320084000000001,0.62164452000000003,-0.94568324000000004,-0.83942852000000001,-0.17719538000000001,-0.59304946000000003,0.88140379999999996,0.10993132000000005,-0.24252034,-0.88273126000000002,-0.24670639999999999,-0.92753839999999999,0.30917246000000009,0.69378519999999999,-0.20495607999999998,1.0,-0.65221886000000007,-0.72584628000000007,-0.97855201999999997,0.7312459200000001,0.25056667999999993,-0.96652159999999998
0.44477216172399286,0.24290301710622692,-0.40369528492126838,0.53905195370349357,-0.35057594546144849,0.30052426537053128,-0.39313005111593147,-0.17110401537697376,-0.17411244447232105,-0.68365553241721244,0.010660637502774456,-0.080003149138548516,-0.12137174486167764,-0.59638912128619026,-0.43611402831889845,0.65794229042584029,0.21835209430098007,0.43896993416583341,-0.21909162117346856,0.52299476895278685,0.35842792557890707,0.033792243616766429,0.83836014911859003,-0.44139390410004359,0.61749540539464443,0.64696925091345581,0.27806432633058054,-0.12024422967115457,0.62792089136709417,-0.64788453242144961,-0.96784432944219612,-0.026777854108835108,-0.65221886000000007,1.0,0.20509914321533418,0.58697036815494441,-0.73791899614520506,-0.76941373056356654,0.45610389828417208
-0.29013356082585101,-0.10405381141528371,-0.64243512220942267,0.037675275468784845,-0.1306199460328214,0.6305993570485956,-0.32937813787507197,-0.58789670652585546,-0.48065398178234392,0.011941244584166568,-0.78513538950684869,-0.17901441317915148,-0.81558844493893878,0.20158567777677694,-0.82396844390180568,0.22538231329272487,-0.48472078627159759,0.12280243730788983,-0.17657600185142552,0.7414521568211343,0.69012734018460653,0.63358235144486263,0.18875202856204984,-0.82081259422523078,-0.50419491419007878,0.18024786009665689,0.83761750595502715,0.3082796800243926,0.82921658345681293,0.35175560132933514,-0.14872757796966787,-0.28438617695043944,-0.72584628000000007,0.20509914321533418,1.0,0.71415641392161677,-0.53463880497093008,0.37909037951072883,0.8434141217097807
0.36891561053755367,-0.049984597163409354,-0.91210456512963478,0.63677558489225261,-0.10613477665248409,0.57298005532690588,-0.59130974918645263,-0.18029282787124684,-0.33416672554918336,-0.48592290610445116,-0.71931301192196972,-0.49800422085318263,-0.82448723144401337,-0.46016711630606988,-0.75187043277525467,0.42646696157851316,-0.48463456161382512,0.58538296129089107,-0.67311718930974906,0.91513082938909851,0.7950896679456334,0.12299858897207092,0.56427124082224034,-0.82475871896456709,-0.14387883895505515,0.1545720097255619,0.89630467994872609,0.23668187216677469,0.89277328578877091,-0.31572883567729232,-0.65360449868547443,0.30216608585728738,-0.97855201999999997,0.58697036815494441,0.71415641392161677,1.0,-0.65174733051256517,-0.22126954967370566,0.95501003795471318
-0.015979151652453092,-0.02083221646371592,0.397346710262102,-0.47651330667965958,-0.075653273556718956,-0.65750394047665117,0.60172467239055294,0.54390397925266487,0.13252490408038745,0.61078429646376275,0.48514956909024298,0.38279906681166631,0.49751491873612658,0.32897242496402945,0.63998888134592757,-0.35336460842432166,0.1480193884288788,-0.61066580159080275,0.18794232292743104,-0.66078782647972489,-0.63121298611613808,-0.19161354797973826,-0.49777012853073116,0.79877379231145951,-0.02371785747855315,-0.55252940293079944,-0.60984946603894252,-0.49768047525843656,-0.78875207616094445,0.18875630999399803,0.68276868669734048,0.14878079875054417,0.7312459200000001,-0.73791899614520506,-0.53463880497093008,-0.65174733051256517,1.0,0.36138290050536187,-0.66039622125835351
-0.68427553709045363,-0.36152083778623045,0.1032026231540682,-0.55048959224513949,0.10081343374558054,-0.046539650978744941,0.35029168920628112,-0.24447029675111351,-0.22992129407411269,0.73820512523822901,-0.35732189958356758,0.22293958765729541,-0.26291875901675898,0.8490870506907805,-0.038408130873658491,-0.40808629458523205,-0.2448930116978339,-0.42209786897579699,0.25113734413376271,-0.10739655870522419,-0.0028489388618556312,0.54934265760070999,-0.71069312540823004,-0.011860228720508202,-0.77189120141190748,-0.25940936952692817,0.16244463101248835,0.18943558682183212,-0.087574424976447615,0.9332017197758985,0.83768204357971132,-0.36934228031545202,0.25056667999999993,-0.76941373056356654,0.37909037951072883,-0.22126954967370566,0.36138290050536187,1.0,-0.0014618738373659141
0.16568134940442222,-0.012548099713014189,-0.89424357390479103,0.53251964739311708,-0.085685594219088029,0.64700992411914338,-0.56994998907612249,-0.32882227729338448,-0.38259423547487326,-0.36679454178855159,-0.8341941340664446,-0.47840454620110467,-0.90670676412095152,-0.27278834607990232,-0.83882052987771238,0.32275414736876873,-0.50913486261938012,0.45646294276945837,-0.58808331083987986,0.94791590447838669,0.86839184706375794,0.28332882986244878,0.41364568710719829,-0.92247877865336825,-0.34373779142866123,0.13756533074341973,0.95838299187025699,0.34069364083641102,0.92578397769738052,-0.083950112239763647,-0.49099860999162015,0.14888502282008545,-0.96652159999999998,0.45610389828417208,0.8434141217097807,0.95501003795471318,-0.66039622125835351,-0.0014618738373659141,1.0
