1.0,-0.41645887608240562,-0.67520088038642134,0.13755084489844516,-0.52001297103468147,0.56802541305604992,0.13877811559986267,0.051285442568619388,-0.38136254413801662,0.45104808542824254,0.44472316810429452,-0.39129867150898812,-0.4033365950866617,-0.68350344193617429,0.46626475242804655,-0.12188853679420489,-0.31120733375735882,0.40473556134983374,-0.52789369884072213,0.25482517636789848,0.5465770529410614,-0.49316385102232735,-0.66518613187659881,0.39999793055737215,-0.37179983431697078,-0.2153682719557927,0.011815660127149959,0.20873137259164173,0.33129979613099803,-0.087503894199916332,0.62691390965696148,-0.71835957537729556,0.24737436346052621,-0.47932863999999997,-0.79390348273311273,-0.40597412426546903,-0.45501915512620539,-0.30774696713833177,-0.22662763292827337
-0.41645887608240562,1.0,0.26213805920540445,0.022796419048649503,0.60156373840693733,-0.37180757711771156,-0.75953345336482392,-0.4656889743157,0.63018664546189562,-0.26812847541196722,-0.58451863050946773,0.083408105055337758,0.34677891293999796,0.24730650390726786,-0.39559296176832964,0.21130696174938818,0.1492218221957417,-0.49302617490569156,0.48335222648566672,-0.26241379169015822,-0.42446445224234136,0.6117240291847762,0.47179276304488815,-0.35502602017002388,0.35189241046143527,-0.61262754007042819,0.17793823650607729,-0.41286271153462661,-0.27210327408794399,-0.37489815697790263,-0.11444157998797155,0.46666512822362055,-0.26281483599449662,0.50853492,0.55335042343407081,0.70500030172884276,0.64451472012275424,0.63938440961834664,-0.16293467732678091
-0.67520088038642134,0.26213805920540445,1.0,-0.027783613920436448,0.86084492290420433,-0.81574305783257395,-0.28442711191007686,-0.59522301789436827,0.34268584311393874,-0.47749315230018347,-0.42662036332628955,0.18020468103933884,0.61277870922569433,0.95329299146420121,-0.85170148141832258,0.3703323513117518,0.71045869197408551,-0.62625006093288649,0.62002733843086821,0.23413517216091753,-0.30093668194732592,0.47277793371639981,0.54219200832684511,-0.23124773150205541,0.63864961305222956,0.14823468754143174,0.52403852722595101,0.074773218334415734,0.18984356995827173,-0.0370763729865798,-0.12033093139903595,0.46621359929405221,-0.31320440788125892,0.84314956000000008,0.53608840646382883,0.59334001349737409,0.79443572304821219,0.49176430543691668,0.4910426700127572
0.13755084489844516,0.022796419048649503,-0.027783613920436448,1.0,0.010716492851722633,0.39757825503122679,-0.12032734203848522,-0.34139674186738339,0.24147094000048208,0.38319649308945186,-0.4096875940912425,-0.53014937373276505,0.37920326565328422,0.032543810494712555,0.099798314879514197,-0.58217259928919707,-0.034611442188485081,0.61210004690095354,0.51938814047148574,-0.28744769946227633,-0.49173159188102783,0.41114557950649999,0.21088984502585026,-0.57560579956136637,0.59531070613527026,0.029322161599537998,0.31171768458446281,-0.45710273022141756,-0.31800570210756202,0.26236451662943017,0.30036206545153776,0.15292351462284548,-0.14434984652450092,-0.24910991999999998,-0.2723165053603448,-0.17614091097647433,-0.089731739519735038,-0.1092807463077967,-0.34084609271643046
-0.52001297103468147,0.60156373840693733,0.86084492290420433,0.010716492851722633,1.0,-0.81969315534249254,-0.65946363108155592,-0.81046506998832246,0.57389137491069886,-0.54070727663801066,-0.58600077313935839,0.096131394737247799,0.65032679149543626,0.82417935489867256,-0.87453041225404216,0.47651124908490233,0.63612113456492847,-0.72310970400630747,0.69577328228128155,0.10813750999730608,-0.35344125522694658,0.63495913068590026,0.50183046565179001,-0.29611876856923353,0.60775845890197655,-0.23773450021946552,0.66059145546279274,-0.13815874060967556,0.24850078387971469,-0.31018192520950338,0.088288177716665889,0.44389912278030397,-0.3444432477359794,0.93679492000000009,0.59883999389038467,0.80490339600911875,0.96270653882676571,0.73077527675678866,0.27163498518664431
0.56802541305604992,-0.37180757711771156,-0.81574305783257395,0.39757825503122679,-0.81969315534249254,1.0,0.23828089143077202,0.45836437889214743,-0.17228031596815754,0.60574943426863026,0.089551123296451873,-0.41799620728893561,-0.33944183044435372,-0.82655378137007607,0.87720715915116221,-0.80800845027477386,-0.54507365457174362,0.89757440165893299,-0.24886941521520362,-0.42693249371214026,-0.039534587661020117,-0.15611105313077134,-0.26662612181784745,-0.17412780279327775,-0.2915799403787272,-0.013006272082980344,-0.43641315575611395,-0.27978419186692077,-0.33559037561508537,0.27208567886896784,0.11720882299317975,-0.21702921958100846,0.13970871257562706,-0.94895423999999995,-0.57251830332672948,-0.69163652015346522,-0.82442087389193308,-0.56551798041491275,-0.56337393952733394
0.13877811559986267,-0.75953345336482392,-0.28442711191007686,-0.12032734203848522,-0.65946363108155592,0.23828089143077202,1.0,0.73494945792948618,-0.85157287943437576,0.41529669422193588,0.77301323953621648,0.099788849812394831,-0.38572617629046796,-0.17015920049449201,0.33246446553210307,-0.0250087041255906,-0.21433130870630224,0.3483356948932812,-0.63469558748578625,0.40011189167628103,0.52032705903197118,-0.78783640892430506,-0.33602317214184008,0.54938670004602908,-0.27879992012477511,0.66631772850062543,-0.33376090798354147,0.5255545973872362,-0.1188264068756818,0.57511154647648788,-0.30407019892754167,-0.39552464111204344,0.42588526502056778,-0.46737097999999999,-0.5035858599655989,-0.60648743353341705,-0.6248730108616849,-0.77282832070027685,0.35928552484643855
0.051285442568619388,-0.4656889743157,-0.59522301789436827,-0.34139674186738339,-0.81046506998832246,0.45836437889214743,0.73494945792948618,1.0,-0.58343994732602988,0.2943748929215837,0.56404454650393343,0.17342717905920432,-0.54786620873540692,-0.5336087065708125,0.59623223263409042,-0.22622577941099664,-0.47230173027421596,0.39849879826873852,-0.62810581680428956,-0.084454952226554414,0.32033541452902897,-0.59893467398589251,-0.27488070711130114,0.3406214524503941,-0.60215008105093137,0.38673967605182913,-0.68607406895453771,0.22390064920769634,-0.25558944312793924,0.40271088275749489,-0.48925887067853208,-0.18263747010547421,0.36846817629600787,-0.67973011999999999,-0.27384465333264124,-0.59368492376598703,-0.74940805445559355,-0.70448741393865888,0.02214764675791403
-0.38136254413801662,0.63018664546189562,0.34268584311393874,0.24147094000048208,0.57389137491069886,-0.17228031596815754,-0.85157287943437576,-0.58343994732602988,1.0,-0.59845983462538999,-0.82073461613569587,0.14263036860845013,0.2559743320797796,0.28152983981944979,-0.23313460803178016,-0.16980074271833662,0.050156408754482448,-0.1195878334878778,0.75015310122746781,-0.61493241423572742,-0.82568520759262898,0.87288589637012981,0.28827056647940963,-0.81621696737386851,0.2909845487426585,-0.25520865413373556,0.075533061514314076,-0.64355596550240901,-0.040466897689376724,-0.56715224758505756,0.27011530909076181,0.70813829998642042,-0.73114195360371581,0.33474439999999994,0.64697152598277086,0.28899313812296012,0.4215755868830981,0.79520414301150133,-0.31713661062267801
0.45104808542824254,-0.26812847541196722,-0.47749315230018347,0.38319649308945186,-0.54070727663801066,0.60574943426863026,0.41529669422193588,0.2943748929215837,-0.59845983462538999,1.0,0.19277809929169307,-0.71331422101362896,0.15371153884552358,-0.45538489100662533,0.45038778620715686,-0.41959008959360306,-0.024400110810837972,0.49465258161782444,-0.23833929010861085,0.11558036816827476,0.30936254927161622,-0.29314916240130429,0.12081113818628686,0.19809470958602704,0.16128157296004397,-0.10756919317268143,0.097985744807520647,-0.032240371166755231,-0.4301083489621918,0.74556046274411714,-0.21624159020053835,-0.42014187183866408,0.59546935606826379,-0.56110008,-0.70612328410771297,-0.20216730514314538,-0.39443079970440581,-0.78061108195546469,-0.15975905653222935
0.44472316810429452,-0.58451863050946773,-0.42662036332628955,-0.4096875940912425,-0.58600077313935839,0.089551123296451873,0.77301323953621648,0.56404454650393343,-0.82073461613569587,0.19277809929169307,1.0,0.29918667747868849,-0.69504994450724344,-0.33665675343060347,0.26617845196687168,0.35585486726268767,-0.3585450913113139,0.04894914040471085,-0.93417609160604265,0.625323387305879,0.83336292776795273,-0.99062586739965941,-0.70711209663387442,0.8805008551501865,-0.59571299478098005,0.3263268369187951,-0.36979606510159641,0.76227290531144676,0.21333631615199111,0.051505343799423065,0.036825688055089185,-0.69514405265528556,0.40909358880507496,-0.28882755999999998,-0.52346196969071779,-0.46113624054430702,-0.50784830480189935,-0.45045082212391996,0.31764310627312631
-0.39129867150898812,0.083408105055337758,0.18020468103933884,-0.53014937373276505,0.096131394737247799,-0.41799620728893561,0.099788849812394831,0.17342717905920432,0.14263036860845013,-0.71331422101362896,0.29918667747868849,1.0,-0.53702993895986351,0.22943090924250889,-0.14054657727978656,0.44153778192240023,-0.26051240590888547,-0.36814077489394731,-0.25268204895318608,0.11343696956801395,0.01426299887239333,-0.20235024350203612,-0.34879098931088792,0.16886413149347276,-0.36625070180736158,0.31318345306839201,-0.51731977296973153,0.28962525782325349,0.074986522555341356,-0.5383958446503152,-0.033613499950235798,0.18622094985369261,-0.41448442752528741,0.26210091999999996,0.45378788688672089,-0.10946353262374992,0.0044682685901747277,0.43512648819393956,0.32198061077888479
-0.4033365950866617,0.34677891293999796,0.61277870922569433,0.37920326565328422,0.65032679149543626,-0.33944183044435372,-0.38572617629046796,-0.54786620873540692,0.2559743320797796,0.15371153884552358,-0.69504994450724344,-0.53702993895986351,1.0,0.57237543563542292,-0.51600797631966466,-0.036978964742657841,0.67697999329128045,-0.24003299677447129,0.77377534269275239,-0.09652187596166717,-0.38938271268216501,0.65946063180437375,0.85231582276082751,-0.42133412538282877,0.79515888383124766,-0.24223140328503567,0.79900593115708751,-0.39569200901412455,-0.12568700406266362,0.41647641496987003,-0.25282311360777404,0.33110494980096677,0.13397735292607368,0.47617775999999989,0.25821236109246065,0.67518736124674705,0.67696154373243866,0.063659551748965038,0.021982035031060318
-0.68350344193617429,0.24730650390726786,0.95329299146420121,0.032543810494712555,0.82417935489867256,-0.82655378137007607,-0.17015920049449201,-0.5336087065708125,0.28152983981944979,-0.45538489100662533,-0.33665675343060347,0.22943090924250889,0.57237543563542292,1.0,-0.85408606050591773,0.45415823664865218,0.65839731997934903,-0.57744190222355152,0.58105134756214549,0.26607946745671962,-0.29800477750438442,0.39792801280399553,0.45608946948400847,-0.1971642783205475,0.67200538954367295,0.28532737883119264,0.53578632715547569,0.056790392625367808,0.11959818141791689,0.010329124248148852,-0.10894730873405589,0.4897710923562531,-0.32518801882099951,0.82775379999999998,0.50406985263188819,0.51023466959673658,0.75094434351657913,0.45250003673935407,0.57749454748760753
0.46626475242804655,-0.39559296176832964,-0.85170148141832258,0.099798314879514197,-0.87453041225404216,0.87720715915116221,0.33246446553210307,0.59623223263409042,-0.23313460803178016,0.45038778620715686,0.26617845196687168,-0.14054657727978656,-0.51600797631966466,-0.85408606050591773,1.0,-0.6237087064285447,-0.75456110995895631,0.7650502439134611,-0.46033058180596126,-0.42626742586100275,0.042273796470861422,-0.31114426373677162,-0.36544186101531811,-0.014193478248390297,-0.57106318401850631,0.033207740804040368,-0.64508980806511718,-0.22972187755686932,-0.39708616117416251,0.14442649779688746,-0.013208581146802845,-0.26113497314059214,0.20190032808170544,-0.92335906000000001,-0.37995790956246578,-0.7063967474679872,-0.89003485070493082,-0.51465050113914479,-0.57662448559934965
-0.12188853679420489,0.21130696174938818,0.3703323513117518,-0.58217259928919707,0.47651124908490233,-0.80800845027477386,-0.0250087041255906,-0.22622577941099664,-0.16980074271833662,-0.41959008959360306,0.35585486726268767,0.44153778192240023,-0.036978964742657841,0.45415823664865218,-0.6237087064285447,1.0,0.30740702677598097,-0.83017886200772784,-0.25262962147552842,0.63229790704770594,0.48244375124246741,-0.30265773146739622,-0.18917756737260694,0.60177760795648105,-0.06582839187277377,-0.04827762498024725,0.31255859917699258,0.46341290647092576,0.44078806111665336,-0.3366278896742641,0.04113309818465169,-0.20305549469039549,0.077985125669166391,0.73016298000000002,0.24334598935357862,0.48783371184623847,0.55821473683729628,0.38652223597562696,0.56555975702980588
-0.31120733375735882,0.1492218221957417,0.71045869197408551,-0.034611442188485081,0.63612113456492847,-0.54507365457174362,-0.21433130870630224,-0.47230173027421596,0.050156408754482448,-0.024400110810837972,-0.3585450913113139,-0.26051240590888547,0.67697999329128045,0.65839731997934903,-0.75456110995895631,0.30740702677598097,1.0,-0.52892804388578596,0.46058621495255625,0.31307271288905425,0.0043259147762599939,0.32520289303054606,0.52796628574125559,-0.043112819730422108,0.65655012072874086,-0.028046204080904715,0.70793534133001135,0.039823862489396698,0.24543955738495365,0.27907813197268228,-0.17261131497753168,0.14147494263976018,-0.011827647648280327,0.6394554400000001,0.19124730575498614,0.5996883043275808,0.71040452607248283,0.16612324680080046,0.48919859092163109
0.40473556134983374,-0.49302617490569156,-0.62625006093288649,0.61210004690095354,-0.72310970400630747,0.89757440165893299,0.3483356948932812,0.39849879826873852,-0.1195878334878778,0.49465258161782444,0.04894914040471085,-0.36814077489394731,-0.24003299677447129,-0.57744190222355152,0.7650502439134611,-0.83017886200772784,-0.52892804388578596,1.0,-0.075700138519175175,-0.44811586936976577,-0.2167206753984541,-0.080451279646958418,-0.23308600304373167,-0.32057783028745906,-0.12851442420499362,0.27887431765129167,-0.3424535111155112,-0.31209812783399538,-0.33073916093316919,0.34303138042606862,0.15674404262142827,-0.080676898275964221,0.034342366578309469,-0.89096036000000001,-0.50000348876765421,-0.78919176050416739,-0.81332093345183731,-0.557909208163063,-0.4814111697894673
-0.52789369884072213,0.48335222648566672,0.62002733843086821,0.51938814047148574,0.69577328228128155,-0.24886941521520362,-0.63469558748578625,-0.62810581680428956,0.75015310122746781,-0.23833929010861085,-0.93417609160604265,-0.25268204895318608,0.77377534269275239,0.58105134756214549,-0.46033058180596126,-0.25262962147552842,0.46058621495255625,-0.075700138519175175,1.0,-0.44392143335014783,-0.82403206819042507,0.94800328237834075,0.70110081103647748,-0.84886832936774759,0.76274690528907507,-0.10280898246075952,0.51062242300885008,-0.62750773107470137,-0.14107552494826497,0.028675122943067108,0.012204303787031745,0.72685625748893701,-0.44945670122385734,0.41794594000000007,0.48088561803136332,0.44095566556525573,0.58557090283397961,0.43445156407130486,-0.096100339454825434
0.25482517636789848,-0.26241379169015822,0.23413517216091753,-0.28744769946227633,0.10813750999730608,-0.42693249371214026,0.40011189167628103,-0.084454952226554414,-0.61493241423572742,0.11558036816827476,0.625323387305879,0.11343696956801395,-0.09652187596166717,0.26607946745671962,-0.42626742586100275,0.63229790704770594,0.31307271288905425,-0.44811586936976577,-0.44392143335014783,1.0,0.75445447088409345,-0.62124633569475662,-0.30202769931454487,0.78033201644277927,0.062888593911104546,0.14943787300922698,0.28330595283232818,0.83417534470064647,0.39534711554294166,0.06808242676128709,0.16670759153889436,-0.48828044176326546,0.22840885851589238,0.37443939999999998,-0.44259900509214695,0.12370039466297877,0.21807229663450142,-0.1147734292946981,0.73121448912490106
0.5465770529410614,-0.42446445224234136,-0.30093668194732592,-0.49173159188102783,-0.35344125522694658,-0.039534587661020117,0.52032705903197118,0.32033541452902897,-0.82568520759262898,0.30936254927161622,0.83336292776795273,0.01426299887239333,-0.38938271268216501,-0.29800477750438442,0.042273796470861422,0.48244375124246741,0.0043259147762599939,-0.2167206753984541,-0.82403206819042507,0.75445447088409345,1.0,-0.86941816869152788,-0.49383307607059751,0.95988779252359446,-0.43611332287085741,-0.028075596159367645,0.0044660629056602072,0.75142975502576637,0.42551364522250923,0.11016887381405047,0.030273203601061505,-0.82566331830638806,0.58598352611171245,-0.063267480000000043,-0.56962142634432489,-0.068730531266625219,-0.17940694182142364,-0.40558917460953686,0.33358155408848345
-0.49316385102232735,0.6117240291847762,0.47277793371639981,0.41114557950649999,0.63495913068590026,-0.15611105313077134,-0.78783640892430506,-0.59893467398589251,0.87288589637012981,-0.29314916240130429,-0.99062586739965941,-0.20235024350203612,0.65946063180437375,0.39792801280399553,-0.31114426373677162,-0.30265773146739622,0.32520289303054606,-0.080451279646958418,0.94800328237834075,-0.62124633569475662,-0.86941816869152788,1.0,0.67117642299178959,-0.89420783986348007,0.59238271828718814,-0.28678972751531318,0.34972188748674526,-0.74783672275507951,-0.19509777841511855,-0.13562336012134002,0.0016813612257947641,0.73198860033860136,-0.47800195771609821,0.34309276,0.58678418228318741,0.45812713664807891,0.53306983074643599,0.53463303864540568,-0.2995680429691599
-0.66518613187659881,0.47179276304488815,0.54219200832684511,0.21088984502585026,0.50183046565179001,-0.26662612181784745,-0.33602317214184008,-0.27488070711130114,0.28827056647940963,0.12081113818628686,-0.70711209663387442,-0.34879098931088792,0.85231582276082751,0.45608946948400847,-0.36544186101531811,-0.18917756737260694,0.52796628574125559,-0.23308600304373167,0.70110081103647748,-0.30202769931454487,-0.49383307607059751,0.67117642299178959,1.0,-0.47699157786856539,0.6449677410396718,-0.26686334427910741,0.40374311999339585,-0.41039518932746444,-0.4058822401398644,0.42955676783850028,-0.61781926116859365,0.47084617857341088,0.14694113789900029,0.33901859999999995,0.46198124061432749,0.64847285262656773,0.54031012135340328,0.030188559337570326,-0.10316957929617204
0.39999793055737215,-0.35502602017002388,-0.23124773150205541,-0.57560579956136637,-0.29611876856923353,-0.17412780279327775,0.54938670004602908,0.3406214524503941,-0.81621696737386851,0.19809470958602704,0.8805008551501865,0.16886413149347276,-0.42133412538282877,-0.1971642783205475,-0.014193478248390297,0.60177760795648105,-0.043112819730422108,-0.32057783028745906,-0.84886832936774759,0.78033201644277927,0.95988779252359446,-0.89420783986348007,-0.47699157786856539,1.0,-0.46676860885913518,0.009842681313366311,-0.064982434392325622,0.80907071245374307,0.34027462912444773,0.046641139695493841,-0.052769615906675421,-0.76250015587239184,0.5735389971450755,0.029735400000000078,-0.42617935768991383,-0.022642191326332457,-0.13112866617490687,-0.33678610061599012,0.39147305362488888
-0.37179983431697078,0.35189241046143527,0.63864961305222956,0.59531070613527026,0.60775845890197655,-0.2915799403787272,-0.27879992012477511,-0.60215008105093137,0.2909845487426585,0.16128157296004397,-0.59571299478098005,-0.36625070180736158,0.79515888383124766,0.67200538954367295,-0.57106318401850631,-0.06582839187277377,0.65655012072874086,-0.12851442420499362,0.76274690528907507,0.062888593911104546,-0.43611332287085741,0.59238271828718814,0.6449677410396718,-0.46676860885913518,1.0,0.020132989644195146,0.66813144417344061,-0.30143552635418602,-0.24135463267591267,0.3448209210477477,-0.04430658396865661,0.44805685880780721,-0.2308628983357123,0.45109032000000004,0.098927138922776187,0.43178054725344006,0.58834988005313493,0.17891752910530467,0.25343554372580906
-0.2153682719557927,-0.61262754007042819,0.14823468754143174,0.029322161599537998,-0.23773450021946552,-0.013006272082980344,0.66631772850062543,0.38673967605182913,-0.25520865413373556,-0.10756919317268143,0.3263268369187951,0.31318345306839201,-0.24223140328503567,0.28532737883119264,0.033207740804040368,-0.04827762498024725,-0.028046204080904715,0.27887431765129167,-0.10280898246075952,0.14943787300922698,-0.028075596159367645,-0.28678972751531318,-0.26686334427910741,0.009842681313366311,0.020132989644195146,1.0,-0.23626241626121569,0.21535391919287014,-0.0080670046510050303,0.29821014672616364,-0.054239006444216642,0.22433155826360174,-0.27169788256930161,-0.16668844000000005,-0.1131978718147382,-0.61567626272003073,-0.36526406586977561,-0.26189898660178812,0.52391107804556314
0.011815660127149959,0.17793823650607729,0.52403852722595101,0.31171768458446281,0.66059145546279274,-0.43641315575611395,-0.33376090798354147,-0.68607406895453771,0.075533061514314076,0.097985744807520647,-0.36979606510159641,-0.51731977296973153,0.79900593115708751,0.53578632715547569,-0.64508980806511718,0.31255859917699258,0.70793534133001135,-0.3424535111155112,0.51062242300885008,0.28330595283232818,0.0044660629056602072,0.34972188748674526,0.40374311999339585,-0.064982434392325622,0.66813144417344061,-0.23626241626121569,1.0,-0.1124246923875729,0.33130881702392478,0.20091750083268642,0.18442953140139962,-0.040277889506384328,0.15754005467001914,0.5870450599999999,-0.019356372542232755,0.61898810246810798,0.7088684183825964,0.13810214448620045,0.20222224278561293
0.20873137259164173,-0.41286271153462661,0.074773218334415734,-0.45710273022141756,-0.13815874060967556,-0.27978419186692077,0.5255545973872362,0.22390064920769634,-0.64355596550240901,-0.032240371166755231,0.76227290531144676,0.28962525782325349,-0.39569200901412455,0.056790392625367808,-0.22972187755686932,0.46341290647092576,0.039823862489396698,-0.31209812783399538,-0.62750773107470137,0.83417534470064647,0.75142975502576637,-0.74783672275507951,-0.41039518932746444,0.80907071245374307,-0.30143552635418602,0.21535391919287014,-0.1124246923875729,1.0,0.45421050492331039,-0.039139516824487366,0.056306965664832509,-0.50678934290792221,0.27647407902338289,0.14513961999999991,-0.38446789246900898,-0.085442422864394033,-0.05853961070904682,-0.20498272795405423,0.5568118976254024
0.33129979613099803,-0.27210327408794399,0.18984356995827173,-0.31800570210756202,0.24850078387971469,-0.33559037561508537,-0.1188264068756818,-0.25558944312793924,-0.040466897689376724,-0.4301083489621918,0.21333631615199111,0.074986522555341356,-0.12568700406266362,0.11959818141791689,-0.39708616117416251,0.44078806111665336,0.24543955738495365,-0.33073916093316919,-0.14107552494826497,0.39534711554294166,0.42551364522250923,-0.19509777841511855,-0.4058822401398644,0.34027462912444773,-0.24135463267591267,-0.0080670046510050303,0.33130881702392478,0.45421050492331039,1.0,-0.39668495372283669,0.51589538482923125,-0.3333950312815675,-0.02801557955763162,0.34449126000000008,-0.11400994925901992,0.10553411211761053,0.23887302689813722,0.24108183209211365,0.23768475608207906
-0.087503894199916332,-0.37489815697790263,-0.0370763729865798,0.26236451662943017,-0.31018192520950338,0.27208567886896784,0.57511154647648788,0.40271088275749489,-0.56715224758505756,0.74556046274411714,0.051505343799423065,-0.5383958446503152,0.41647641496987003,0.010329124248148852,0.14442649779688746,-0.3366278896742641,0.27907813197268228,0.34303138042606862,0.028675122943067108,0.06808242676128709,0.11016887381405047,-0.13562336012134002,0.42955676783850028,0.046641139695493841,0.3448209210477477,0.29821014672616364,0.20091750083268642,-0.039139516824487366,-0.39668495372283669,1.0,-0.57695950445617394,-0.071769393412895677,0.5352128914044485,-0.33055374000000004,-0.37153789567994472,-0.11870388184327595,-0.21588623588699998,-0.81930212442752381,0.15960548235448163
0.62691390965696148,-0.11444157998797155,-0.12033093139903595,0.30036206545153776,0.088288177716665889,0.11720882299317975,-0.30407019892754167,-0.48925887067853208,0.27011530909076181,-0.21624159020053835,0.036825688055089185,-0.033613499950235798,-0.25282311360777404,-0.10894730873405589,-0.013208581146802845,0.04113309818465169,-0.17261131497753168,0.15674404262142827,0.012204303787031745,0.16670759153889436,0.030273203601061505,0.0016813612257947641,-0.61781926116859365,-0.052769615906675421,-0.04430658396865661,-0.054239006444216642,0.18442953140139962,0.056306965664832509,0.51589538482923125,-0.57695950445617394,1.0,-0.17055433824144178,-0.45455331701414198,0.033910279999999959,-0.34339090452413018,-0.24284464652451715,-0.016133365846401959,0.38354577148824859,-0.042087518989988637
-0.71835957537729556,0.46666512822362055,0.46621359929405221,0.15292351462284548,0.44389912278030397,-0.21702921958100846,-0.39552464111204344,-0.18263747010547421,0.70813829998642042,-0.42014187183866408,-0.69514405265528556,0.18622094985369261,0.33110494980096677,0.4897710923562531,-0.26113497314059214,-0.20305549469039549,0.14147494263976018,-0.080676898275964221,0.72685625748893701,-0.48828044176326546,-0.82566331830638806,0.73198860033860136,0.47084617857341088,-0.76250015587239184,0.44805685880780721,0.22433155826360174,-0.040277889506384328,-0.50678934290792221,-0.3333950312815675,-0.071769393412895677,-0.17055433824144178,1.0,-0.67960232900354256,0.26783858000000005,0.5759296955571156,0.13818995238552309,0.31523810842679412,0.43513919225359837,0.11634478231818683
0.24737436346052621,-0.26281483599449662,-0.31320440788125892,-0.14434984652450092,-0.3444432477359794,0.13970871257562706,0.42588526502056778,0.36846817629600787,-0.73114195360371581,0.59546935606826379,0.40909358880507496,-0.41448442752528741,0.13397735292607368,-0.32518801882099951,0.20190032808170544,0.077985125669166391,-0.011827647648280327,0.034342366578309469,-0.44945670122385734,0.22840885851589238,0.58598352611171245,-0.47800195771609821,0.14694113789900029,0.5735389971450755,-0.2308628983357123,-0.27169788256930161,0.15754005467001914,0.27647407902338289,-0.02801557955763162,0.5352128914044485,-0.45455331701414198,-0.67960232900354256,1.0,-0.2336144,-0.33351281149773954,0.15628930022891704,-0.16264709449337403,-0.69103231007014643,-0.18826492390510247
-0.47932863999999997,0.50853492,0.84314956000000008,-0.24910991999999998,0.93679492000000009,-0.94895423999999995,-0.46737097999999999,-0.67973011999999999,0.33474439999999994,-0.56110008,-0.28882755999999998,0.26210091999999996,0.47617775999999989,0.82775379999999998,-0.92335906000000001,0.73016298000000002,0.6394554400000001,-0.89096036000000001,0.41794594000000007,0.37443939999999998,-0.063267480000000043,0.34309276,0.33901859999999995,0.029735400000000078,0.45109032000000004,-0.16668844000000005,0.5870450599999999,0.14513961999999991,0.34449126000000008,-0.33055374000000004,0.033910279999999959,0.26783858000000005,-0.2336144,1.0,0.53922651999999993,0.79600088000000002,0.94416702000000008,0.67981523999999993,0.47999021999999991
-0.79390348273311273,0.55335042343407081,0.53608840646382883,-0.2723165053603448,0.59883999389038467,-0.57251830332672948,-0.5035858599655989,-0.27384465333264124,0.64697152598277086,-0.70612328410771297,-0.52346196969071779,0.45378788688672089,0.25821236109246065,0.50406985263188819,-0.37995790956246578,0.24334598935357862,0.19124730575498614,-0.50000348876765421,0.48088561803136332,-0.44259900509214695,-0.56962142634432489,0.58678418228318741,0.46198124061432749,-0.42617935768991383,0.098927138922776187,-0.1131978718147382,-0.019356372542232755,-0.38446789246900898,-0.11400994925901992,-0.37153789567994472,-0.34339090452413018,0.5759296955571156,-0.33351281149773954,0.53922651999999993,1.0,0.49805509071237192,0.51272808381661272,0.64867891465438654,-0.096302904040804882
-0.40597412426546903,0.70500030172884276,0.59334001349737409,-0.17614091097647433,0.80490339600911875,-0.69163652015346522,-0.60648743353341705,-0.59368492376598703,0.28899313812296012,-0.20216730514314538,-0.46113624054430702,-0.10946353262374992,0.67518736124674705,0.51023466959673658,-0.7063967474679872,0.48783371184623847,0.5996883043275808,-0.78919176050416739,0.44095566556525573,0.12370039466297877,-0.068730531266625219,0.45812713664807891,0.64847285262656773,-0.022642191326332457,0.43178054725344006,-0.61567626272003073,0.61898810246810798,-0.085442422864394033,0.10553411211761053,-0.11870388184327595,-0.24284464652451715,0.13818995238552309,0.15628930022891704,0.79600088000000002,0.49805509071237192,1.0,0.91124866726745835,0.45537852871681284,0.067838380580386312
-0.45501915512620539,0.64451472012275424,0.79443572304821219,-0.089731739519735038,0.96270653882676571,-0.82442087389193308,-0.6248730108616849,-0.74940805445559355,0.4215755868830981,-0.39443079970440581,-0.50784830480189935,0.0044682685901747277,0.67696154373243866,0.75094434351657913,-0.89003485070493082,0.55821473683729628,0.71040452607248283,-0.81332093345183731,0.58557090283397961,0.21807229663450142,-0.17940694182142364,0.53306983074643599,0.54031012135340328,-0.13112866617490687,0.58834988005313493,-0.36526406586977561,0.7088684183825964,-0.05853961070904682,0.23887302689813722,-0.21588623588699998,-0.016133365846401959,0.31523810842679412,-0.16264709449337403,0.94416702000000008,0.51272808381661272,0.91124866726745835,1.0,0.62754210544011457,0.31157462675298425
-0.30774696713833177,0.63938440961834664,0.49176430543691668,-0.1092807463077967,0.73077527675678866,-0.56551798041491275,-0.77282832070027685,-0.70448741393865888,0.79520414301150133,-0.78061108195546469,-0.45045082212391996,0.43512648819393956,0.063659551748965038,0.45250003673935407,-0.51465050113914479,0.38652223597562696,0.16612324680080046,-0.557909208163063,0.43445156407130486,-0.1147734292946981,-0.40558917460953686,0.53463303864540568,0.030188559337570326,-0.33678610061599012,0.17891752910530467,-0.26189898660178812,0.13810214448620045,-0.20498272795405423,0.24108183209211365,-0.81930212442752381,0.38354577148824859,0.43513919225359837,-0.69103231007014643,0.67981523999999993,0.64867891465438654,0.45537852871681284,0.62754210544011457,1.0,0.016725798546912796
-0.22662763292827337,-0.16293467732678091,0.4910426700127572,-0.34084609271643046,0.27163498518664431,-0.56337393952733394,0.35928552484643855,0.02214764675791403,-0.31713661062267801,-0.15975905653222935,0.31764310627312631,0.32198061077888479,0.021982035031060318,0.57749454748760753,-0.57662448559934965,0.56555975702980588,0.48919859092163109,-0.4814111697894673,-0.096100339454825434,0.73121448912490106,0.33358155408848345,-0.2995680429691599,-0.10316957929617204,0.39147305362488888,0.25343554372580906,0.52391107804556314,0.20222224278561293,0.5568118976254024,0.23768475608207906,0.15960548235448163,-0.042087518989988637,0.11634478231818683,-0.18826492390510247,0.47999021999999991,-0.096302904040804882,0.067838380580386312,0.31157462675298425,0.016725798546912796,1.0
