1.000000000000000000e+00,-9.875299621449992737e-02,-4.495632487302377717e-02,-7.423167546864460897e-01,2.937660335612155005e-01,1.878783907200976683e-02,4.404461313338123296e-01,1.567557289148777677e-01,-3.342195013986644092e-01,-7.837241453952947801e-02,-7.571731103753669423e-01,-2.675081977219231355e-01,4.489910369616294528e-01,-5.673477814247793183e-02,-4.049242314088851158e-01,4.287722062689271474e-01,-7.301785093578683217e-01,2.790603332872289566e-01,-4.192767436340723020e-01,7.135031835692316748e-02,6.404033297412773384e-01,2.610836702330949534e-03,-4.898705934998688338e-01,-3.264258762439987693e-01,-3.453314695440445892e-01,-2.182777421669473972e-01,-7.252010058135183179e-01,-7.655452368591725287e-01,6.980145567012160934e-02,2.521885310370322597e-01,7.071512620229944979e-01,-6.529767143433388155e-01,-5.288343077519680469e-01,-7.681277480125497936e-02,-2.967355763999601423e-02,-7.587371199999999316e-01,7.345259004856193041e-02,-6.043719512264182636e-02,-5.869924118357010556e-01
-9.875299621449992737e-02,1.000000000000000000e+00,-4.457580929982279255e-02,5.365989777141623174e-01,-6.445858962716431995e-01,3.519331760844112145e-01,-8.027700129941038598e-02,-5.576823108077133551e-01,7.157034492165099682e-01,2.760713917578746512e-01,4.985648972505805632e-01,8.912672184967251887e-01,2.479763139072954370e-01,-1.610356213985277285e-01,3.866887364205087163e-01,-2.363834096021242281e-01,4.018545495926359457e-01,4.118914118127246504e-01,4.990773834934588149e-01,-3.000094738150462792e-01,-5.827303472223895886e-01,-3.872046415461651847e-01,3.541398697893218817e-01,6.877943726634601074e-01,-7.444764980996762538e-03,4.665168181301452277e-01,5.274774904634430550e-01,5.163459950847552049e-01,2.556935698688014846e-01,9.499601041618359332e-02,-4.471170094887066404e-01,4.221730954346103459e-01,7.473672391215027133e-01,-2.379451251800293043e-01,-8.176844101041659263e-01,6.188322200000000439e-01,-5.304973860941450958e-01,-3.096495373412552210e-01,6.737612227287627098e-01
-4.495632487302377717e-02,-4.457580929982279255e-02,1.000000000000000000e+00,-1.542697347168257849e-01,4.932731091090515885e-01,4.137290931895039325e-02,-2.250595432283094277e-01,1.241601290237569766e-01,-2.096381260975988536e-01,-6.863228776221773630e-01,1.518295406227800348e-01,1.615569598670570373e-01,-3.338343626609831527e-01,2.058448507197549460e-01,6.097839685061419157e-01,-6.188699282756462416e-01,4.331890323902593681e-03,-1.287010412125803027e-01,5.086370873447049190e-01,5.126327874032029497e-01,-4.200593784734876768e-01,-4.019456602000684442e-01,-1.950082389953727846e-01,1.200771095751124173e-01,6.746521213716837329e-01,-6.914324935811263506e-01,3.599321569359041906e-01,3.555107796943031140e-01,-6.566608814919711046e-01,-6.168376208435994990e-01,-1.313003805365350884e-01,8.089997676726885800e-02,2.003182190540677698e-01,5.983157604314318645e-01,-1.519749238178841610e-01,1.292480199999999080e-01,2.707440541002921197e-01,7.386341347138563052e-01,3.062748672423353802e-01
-7.423167546864460897e-01,5.365989777141623174e-01,-1.542697347168257849e-01,1.000000000000000000e+00,-7.660332829215724670e-01,-7.536179560198630334e-02,-3.190271606530959425e-01,-3.872259786416351601e-01,5.199161912454555168e-01,5.008539520302026649e-01,8.898670356477126342e-01,6.027615672654892398e-01,-2.325114516804122622e-01,-3.341103703016615745e-01,3.846447344930024048e-01,-2.584162033381992574e-01,8.280981212762897892e-01,-2.047222402140677980e-02,2.704088358327124686e-01,-3.338497413059671737e-01,-6.187055043017144484e-01,-2.568839097685690076e-01,8.304709255678026647e-01,4.373123547888195795e-01,3.658455386224513523e-02,5.417232490623830055e-01,6.937277840143782903e-01,7.749550219038325860e-01,3.172407466141013432e-01,7.316142726030587518e-02,-7.986841558622792547e-01,6.233280110997750922e-01,6.440861310855818811e-01,-2.775616326180076476e-01,-3.719388657057226544e-01,9.070608399999999794e-01,-4.105771160270276637e-02,-1.633070550435810342e-01,7.818730339905244353e-01
2.937660335612155005e-01,-6.445858962716431995e-01,4.932731091090515885e-01,-7.660332829215724670e-01,1.000000000000000000e+00,-1.411899157540806582e-01,2.369010814013719664e-03,4.969876488287646721e-01,-5.203118326605840060e-01,-8.105154110253377508e-01,-5.923858584060134325e-01,-5.548914439894753192e-01,-1.282679063292786470e-01,4.284675444281530465e-01,-8.850155614027171991e-02,-2.083205684759170395e-01,-5.539459790594626343e-01,-3.782033387827609672e-01,7.291108302136137254e-02,4.116696319644752022e-01,2.624456481503386063e-01,2.756505668376285634e-01,-6.424947147553153881e-01,-2.990806796455619532e-01,4.320044456369815378e-01,-8.617377645556059118e-01,-2.521315545770384525e-01,-3.458634475653770135e-01,-7.324824214577493331e-01,-5.514429221206920140e-01,5.688154452489476709e-01,-4.548241190241031351e-01,-5.166953088021587481e-01,6.928239183735414031e-01,4.529499851845880110e-01,-6.215914599999999846e-01,1.739423340224610648e-01,6.310111760606657016e-01,-4.912116373034902672e-01
1.878783907200976683e-02,3.519331760844112145e-01,4.137290931895039325e-02,-7.536179560198630334e-02,-1.411899157540806582e-01,1.000000000000000000e+00,-1.896837449615760840e-01,-7.798112859546031672e-02,5.649854499775750494e-01,-2.602829043627292172e-01,-1.036004692089386170e-01,3.452802521302738570e-01,-1.648224982808557670e-01,6.329391643494042263e-01,3.042040845670345162e-01,-2.948920409743010507e-01,2.628554859726594389e-02,5.610450076306213729e-01,4.862638264461491833e-01,-5.843814189559232153e-02,-3.104632296771110966e-01,2.957612096895588794e-01,-2.674456756707835337e-01,6.266948248412975708e-01,3.557521759868242928e-01,9.537751106092748343e-02,2.596100262818677451e-01,1.762507891541925387e-01,-2.070488568264504670e-01,-2.488537129342951459e-01,1.071787818414524640e-01,2.451260786676196235e-01,3.309403234264716720e-01,2.170620797500948385e-01,-3.595463512597150690e-01,5.645494000000006452e-02,-6.704340152258290164e-01,-2.600238689469419051e-01,1.221392350009940786e-01
4.404461313338123296e-01,-8.027700129941038598e-02,-2.250595432283094277e-01,-3.190271606530959425e-01,2.369010814013719664e-03,-1.896837449615760840e-01,1.000000000000000000e+00,2.035241659151544591e-01,-4.017742769385779233e-01,2.988524995506526283e-01,-2.984013579424623641e-01,-1.674446989614986059e-02,2.432278718658573147e-01,-3.217101772190854025e-01,-4.658560533793175695e-01,4.009995133448144844e-01,-2.435183508829240895e-01,2.741054051261102020e-01,-4.359912225059741075e-01,-2.465378703483324385e-01,4.769416598270853069e-01,-3.086116574900634735e-01,-4.246589726661041952e-01,-3.455287299724033589e-01,-4.724580140262676364e-01,5.750169504980989083e-02,-5.360048559791493750e-01,-5.076548102443501076e-01,3.930379077728487491e-01,4.846511397691877776e-01,2.086071315323030362e-01,-2.387055278045331907e-01,-3.583272477503842146e-01,-3.821286364406785152e-01,-1.935586967751252718e-01,-3.448592200000000219e-01,4.855843402659516805e-02,-2.305070541302806086e-01,-4.766583969480354122e-01
1.567557289148777677e-01,-5.576823108077133551e-01,1.241601290237569766e-01,-3.872259786416351601e-01,4.969876488287646721e-01,-7.798112859546031672e-02,2.035241659151544591e-01,1.000000000000000000e+00,-5.146707571815822835e-01,-2.929589512694436015e-01,-5.201606223324743983e-01,-3.177022879582507287e-01,-4.724076230928466180e-01,2.555542426565443059e-01,-4.790679400369493024e-01,-5.448517701597969248e-02,-4.800383722464121594e-02,-2.956763939553563869e-01,-1.974301018504371064e-01,-1.480667476793578186e-01,4.894346053011033315e-01,1.831455591093921476e-01,-2.936525197644618279e-01,-2.764408963465024849e-01,1.722745965126433187e-01,-6.714263622358652706e-01,-2.803921110762087610e-01,-3.662669564054941707e-01,-4.028759026487432338e-01,-3.358587225864844705e-01,5.940856837575269056e-01,-3.639776395649259033e-01,-7.488998644685056494e-01,4.779885454664862809e-01,1.586145841256241806e-01,-5.396939000000000597e-01,3.167469991687217878e-01,3.976292091578119692e-01,-5.736425320235976066e-01
-3.342195013986644092e-01,7.157034492165099682e-01,-2.096381260975988536e-01,5.199161912454555168e-01,-5.203118326605840060e-01,5.649854499775750494e-01,-4.017742769385779233e-01,-5.146707571815822835e-01,1.000000000000000000e+00,4.486162245245911562e-02,3.639490217222250967e-01,6.262433539144582895e-01,-8.421126904820663839e-03,3.362389304703754522e-01,4.527709868181361008e-01,-3.559164593507200824e-01,3.222631535496111033e-01,3.638819849635923642e-01,6.220456086175797372e-01,-3.919761448280798533e-01,-6.517302615372698726e-01,2.559516732505879855e-01,3.818811032707170039e-01,8.979957141440207957e-01,2.582360966662665125e-01,4.576200063373264126e-01,6.545436419458114941e-01,5.850777474412487411e-01,-1.686857904438476830e-02,-2.014807338000671189e-01,-2.759836528934921374e-01,5.284183548881900006e-01,7.203905294324680630e-01,4.825875763689824183e-02,-4.364241109637364557e-01,5.479527399999999382e-01,-7.409695895830114010e-01,-3.480735340302475445e-01,6.399200477625508476e-01
-7.837241453952947801e-02,2.760713917578746512e-01,-6.863228776221773630e-01,5.008539520302026649e-01,-8.105154110253377508e-01,-2.602829043627292172e-01,2.988524995506526283e-01,-2.929589512694436015e-01,4.486162245245911562e-02,1.000000000000000000e+00,3.117506473268916167e-01,1.799697947815531718e-01,2.366176264139284169e-01,-6.425975502197456279e-01,-3.603157238178225641e-01,6.325885215326259026e-01,2.938806284589295936e-01,1.869765662810249640e-01,-5.809077286652113425e-01,-4.414282496980964643e-01,2.432522149241213294e-01,-2.952378827271647244e-01,4.507638632601326245e-01,-2.436857146734274504e-01,-7.989048469654099760e-01,8.236253499633812147e-01,-2.449399167024792212e-01,-1.213185711163066449e-01,9.560594379963702760e-01,8.677108028414186602e-01,-3.471438176243802909e-01,2.024378306322595633e-01,5.560055155252073555e-02,-9.136470617446544873e-01,-1.700669782281256093e-01,2.535585000000000200e-01,1.537437632999116843e-01,-7.016402054501508223e-01,1.677148924400821695e-02
-7.571731103753669423e-01,4.985648972505805632e-01,1.518295406227800348e-01,8.898670356477126342e-01,-5.923858584060134325e-01,-1.036004692089386170e-01,-2.984013579424623641e-01,-5.201606223324743983e-01,3.639490217222250967e-01,3.117506473268916167e-01,1.000000000000000000e+00,5.829511739829169592e-01,-1.752818745041549164e-01,-3.888039938796869488e-01,6.212997585196015082e-01,-3.965570220188217587e-01,7.457521722030634459e-01,-1.002570044798553259e-02,3.924181816495678210e-01,3.761258804778611076e-02,-7.703814659698279277e-01,-4.538454816471078623e-01,6.361064200119488365e-01,3.539133306443082994e-01,1.717524426984762542e-01,4.212306944496035932e-01,7.396304156394283291e-01,8.569860753432423373e-01,2.151049450790942785e-01,1.910220942886001888e-02,-9.730113072808094232e-01,6.173431132957390988e-01,7.777408917503371155e-01,-2.352050367994751034e-01,-3.556249992800311066e-01,9.750507799999998948e-01,7.819587109675949985e-03,4.402031620750728423e-03,8.556399794670820347e-01
-2.675081977219231355e-01,8.912672184967251887e-01,1.615569598670570373e-01,6.027615672654892398e-01,-5.548914439894753192e-01,3.452802521302738570e-01,-1.674446989614986059e-02,-3.177022879582507287e-01,6.262433539144582895e-01,1.799697947815531718e-01,5.829511739829169592e-01,1.000000000000000000e+00,-1.541040269723883416e-01,-6.236470982198566437e-02,5.111446601667657408e-01,-4.547195254338188275e-01,5.163683978424922216e-01,4.165816982581533878e-01,5.907968558564977712e-01,-3.883401606520339167e-01,-6.745513563544243141e-01,-4.526086368961341755e-01,2.873024718421360313e-01,7.316045477120882712e-01,2.294991243442702777e-01,2.826007646023854791e-01,6.539892719751797534e-01,6.487528485129704370e-01,1.111494521571817912e-01,-7.844253205669057816e-02,-5.104540945520639195e-01,5.771769113617651881e-01,7.109039342901689595e-01,-7.320071246045134483e-02,-9.289767010941137881e-01,6.991154799999999003e-01,-4.015635643280668354e-01,-1.497542671471819853e-01,6.913891438053251237e-01
4.489910369616294528e-01,2.479763139072954370e-01,-3.338343626609831527e-01,-2.325114516804122622e-01,-1.282679063292786470e-01,-1.648224982808557670e-01,2.432278718658573147e-01,-4.724076230928466180e-01,-8.421126904820663839e-03,2.366176264139284169e-01,-1.752818745041549164e-01,-1.541040269723883416e-01,1.000000000000000000e+00,-4.151507442530346093e-01,-3.337510051958129664e-01,5.114257594623206060e-01,-3.044717309814025108e-01,3.412779631622453458e-02,-2.342773791984598120e-01,2.188974567896472267e-01,2.488161523047525692e-01,-1.894780461706253027e-01,-8.410684823274228172e-03,-2.255739022501303537e-01,-6.219094629392568629e-01,3.223351326110434623e-01,-3.677928152000969897e-01,-3.612877194277636095e-01,3.849594136903572439e-01,4.831869307951678905e-01,9.560247199010669938e-02,-3.993405702216177855e-01,5.238800946058577018e-02,-4.431019392436953974e-01,1.033762913763160429e-01,-1.999189799999999684e-01,-1.914341996345855501e-01,-2.604499615911328725e-01,-9.137176664749502297e-02
-5.673477814247793183e-02,-1.610356213985277285e-01,2.058448507197549460e-01,-3.341103703016615745e-01,4.284675444281530465e-01,6.329391643494042263e-01,-3.217101772190854025e-01,2.555542426565443059e-01,3.362389304703754522e-01,-6.425975502197456279e-01,-3.888039938796869488e-01,-6.236470982198566437e-02,-4.151507442530346093e-01,1.000000000000000000e+00,1.602084468436678066e-01,-3.277527639119328651e-01,-1.722224561468808923e-01,2.154224998558648338e-02,4.687859705602385185e-01,-7.356766138745220174e-02,-1.415225356020878289e-01,5.962291273033086814e-01,-4.069715096612207539e-01,4.436497716064644048e-01,5.871087131433324613e-01,-3.651522037697597090e-01,1.876442984475165110e-01,3.442520137795726520e-02,-6.306715792183613667e-01,-6.161379768018240277e-01,4.267000828868403595e-01,2.226604161162841211e-01,2.482234842884560155e-03,6.478027222984923394e-01,1.333420026840232420e-01,-2.456933799999999612e-01,-4.690116636546318163e-01,7.500149548888199180e-02,-1.347500550067554925e-01
-4.049242314088851158e-01,3.866887364205087163e-01,6.097839685061419157e-01,3.846447344930024048e-01,-8.850155614027171991e-02,3.042040845670345162e-01,-4.658560533793175695e-01,-4.790679400369493024e-01,4.527709868181361008e-01,-3.603157238178225641e-01,6.212997585196015082e-01,5.111446601667657408e-01,-3.337510051958129664e-01,1.602084468436678066e-01,1.000000000000000000e+00,-7.603097263595917088e-01,2.175227963445014456e-01,2.831228624143902750e-01,7.214229860636722780e-01,3.062309818314054022e-01,-8.842414183045269604e-01,-1.576383384879799787e-01,1.534178190380409701e-01,5.933631783293575879e-01,6.953053669174603657e-01,-2.866270420339868397e-02,7.523305250534929600e-01,7.932434906399267183e-01,-3.474165717768976647e-01,-4.547533028720852633e-01,-6.012082561667403402e-01,4.668488629385391109e-01,7.520944075536609708e-01,2.903166984610502377e-01,-3.687586424660619921e-01,6.721066200000000990e-01,-1.692789752388310087e-01,2.675960968791215033e-01,7.756403461425150914e-01
4.287722062689271474e-01,-2.363834096021242281e-01,-6.188699282756462416e-01,-2.584162033381992574e-01,-2.083205684759170395e-01,-2.948920409743010507e-01,4.009995133448144844e-01,-5.448517701597969248e-02,-3.559164593507200824e-01,6.325885215326259026e-01,-3.965570220188217587e-01,-4.547195254338188275e-01,5.114257594623206060e-01,-3.277527639119328651e-01,-7.603097263595917088e-01,1.000000000000000000e+00,-3.035607684995238476e-01,-5.396458899403206583e-02,-8.529076285400407631e-01,-1.426956328394153040e-01,7.815181275193490151e-01,-4.778425745030405458e-02,-6.431599709572263790e-02,-6.630685256505944869e-01,-9.217716012532564118e-01,4.401850841486944499e-01,-8.129676079421809254e-01,-7.575751780348205511e-01,7.194781688547807752e-01,8.289901047767834763e-01,2.942431098126306876e-01,-2.233893771644145099e-01,-4.406146257085322149e-01,-7.149876069143457080e-01,3.725286332889292673e-01,-4.810715199999999747e-01,2.386863804671896794e-01,-5.798213401282565904e-01,-5.931394630229853693e-01
-7.301785093578683217e-01,4.018545495926359457e-01,4.331890323902593681e-03,8.280981212762897892e-01,-5.539459790594626343e-01,2.628554859726594389e-02,-2.435183508829240895e-01,-4.800383722464121594e-02,3.222631535496111033e-01,2.938806284589295936e-01,7.457521722030634459e-01,5.163683978424922216e-01,-3.044717309814025108e-01,-1.722224561468808923e-01,2.175227963445014456e-01,-3.035607684995238476e-01,1.000000000000000000e+00,-2.617547563203801997e-01,3.464491750973290318e-01,-2.374231182686646069e-01,-5.251678954163806479e-01,-3.065386098177992347e-01,6.561197696003080448e-01,3.751836307257620517e-01,1.431170211866889808e-01,2.433570540677129357e-01,6.690802844296189766e-01,7.070552624570128897e-01,9.626950048565424689e-02,-1.107408384031257909e-01,-6.498803536200457032e-01,5.621749018478031656e-01,4.914026211420152168e-01,-5.018312047225403916e-02,-3.110593142255845267e-01,7.573745999999998979e-01,-5.744727937612441326e-02,3.973756304880921020e-02,6.209044255840601156e-01
2.790603332872289566e-01,4.118914118127246504e-01,-1.287010412125803027e-01,-2.047222402140677980e-02,-3.782033387827609672e-01,5.610450076306213729e-01,2.741054051261102020e-01,-2.956763939553563869e-01,3.638819849635923642e-01,1.869765662810249640e-01,-1.002570044798553259e-02,4.165816982581533878e-01,3.412779631622453458e-02,2.154224998558648338e-02,2.831228624143902750e-01,-5.396458899403206583e-02,-2.617547563203801997e-01,1.000000000000000000e+00,4.959175660454955004e-02,-1.620921063804952877e-01,-1.275289364789942426e-01,-1.347536849146264634e-02,-2.234909201404985390e-01,3.273885076385052995e-01,-5.840307184153051973e-02,3.860386825556287871e-01,-4.610692751657044508e-02,-1.537669402614173265e-02,2.974359667108363858e-01,2.750865398142324225e-01,-3.592123322449808365e-02,5.931493254856104458e-02,2.394659018047232690e-01,-2.981038858578389794e-01,-5.605822381006745347e-01,7.217969999999995778e-02,-3.487055555165399223e-01,-4.715547795472862513e-01,7.827979228473848361e-02
-4.192767436340723020e-01,4.990773834934588149e-01,5.086370873447049190e-01,2.704088358327124686e-01,7.291108302136137254e-02,4.862638264461491833e-01,-4.359912225059741075e-01,-1.974301018504371064e-01,6.220456086175797372e-01,-5.809077286652113425e-01,3.924181816495678210e-01,5.907968558564977712e-01,-2.342773791984598120e-01,4.687859705602385185e-01,7.214229860636722780e-01,-8.529076285400407631e-01,3.464491750973290318e-01,4.959175660454955004e-02,1.000000000000000000e+00,9.166700795632735932e-02,-8.643257114248279471e-01,7.299567108678157480e-03,5.272908773498233281e-02,8.380592810196820786e-01,7.952467903736475385e-01,-2.344538117123919907e-01,8.620059991566216828e-01,7.687621293346166285e-01,-6.198337183159632335e-01,-7.386565062521925906e-01,-3.110736780226935894e-01,4.158650981010272307e-01,6.888048780008038108e-01,6.047822385730362571e-01,-4.297689320753646514e-01,5.320495199999999425e-01,-5.690385546239222769e-01,3.508871476793492539e-01,6.762603561607293257e-01
7.135031835692316748e-02,-3.000094738150462792e-01,5.126327874032029497e-01,-3.338497413059671737e-01,4.116696319644752022e-01,-5.843814189559232153e-02,-2.465378703483324385e-01,-1.480667476793578186e-01,-3.919761448280798533e-01,-4.414282496980964643e-01,3.761258804778611076e-02,-3.883401606520339167e-01,2.188974567896472267e-01,-7.356766138745220174e-02,3.062309818314054022e-01,-1.426956328394153040e-01,-2.374231182686646069e-01,-1.620921063804952877e-01,9.166700795632735932e-02,1.000000000000000000e+00,-1.074281257338534218e-01,-1.510107801719975384e-01,-2.555677810315638565e-01,-3.061770438480469481e-01,2.155256672975126575e-01,-3.175931706986794834e-01,-4.862302914423665551e-02,1.304522549776153395e-02,-2.938183294337419205e-01,-1.596011592805059165e-01,-1.354428908361120787e-01,-3.403368612557995943e-01,5.801424938322786301e-02,1.740592060360383053e-01,3.646440241084239475e-01,-6.824120000000000186e-02,2.090898130092074814e-01,4.561030929274256240e-01,2.305252232258590828e-02
6.404033297412773384e-01,-5.827303472223895886e-01,-4.200593784734876768e-01,-6.187055043017144484e-01,2.624456481503386063e-01,-3.104632296771110966e-01,4.769416598270853069e-01,4.894346053011033315e-01,-6.517302615372698726e-01,2.432522149241213294e-01,-7.703814659698279277e-01,-6.745513563544243141e-01,2.488161523047525692e-01,-1.415225356020878289e-01,-8.842414183045269604e-01,7.815181275193490151e-01,-5.251678954163806479e-01,-1.275289364789942426e-01,-8.643257114248279471e-01,-1.074281257338534218e-01,1.000000000000000000e+00,1.688038319347404947e-01,-3.445346244216940246e-01,-7.657129514657916580e-01,-6.400088706960511686e-01,-1.032070201840425833e-01,-9.478549078635484237e-01,-9.542953461375411894e-01,2.964304638475824261e-01,4.715964682696274779e-01,7.125612854838795363e-01,-6.065057007752031604e-01,-8.955399514295594443e-01,-2.661150758143102646e-01,4.480951546800444052e-01,-8.557635599999999787e-01,3.910830667418550011e-01,-1.921992673126373952e-01,-9.113030076344214025e-01
2.610836702330949534e-03,-3.872046415461651847e-01,-4.019456602000684442e-01,-2.568839097685690076e-01,2.756505668376285634e-01,2.957612096895588794e-01,-3.086116574900634735e-01,1.831455591093921476e-01,2.559516732505879855e-01,-2.952378827271647244e-01,-4.538454816471078623e-01,-4.526086368961341755e-01,-1.894780461706253027e-01,5.962291273033086814e-01,-1.576383384879799787e-01,-4.778425745030405458e-02,-3.065386098177992347e-01,-1.347536849146264634e-02,7.299567108678157480e-03,-1.510107801719975384e-01,1.688038319347404947e-01,1.000000000000000000e+00,-1.593693567602909034e-01,1.597987211477440161e-01,2.367062824123014608e-01,-6.385857665768789049e-02,-8.188678310367454583e-02,-1.872631814679281415e-01,-3.233354617812622678e-01,-3.062936023830528653e-01,4.880340269580699109e-01,-1.881151617529105424e-01,-3.057260440824121628e-01,3.560122922826247649e-01,4.678189265457868840e-01,-3.645055400000000168e-01,-3.612413211178038264e-01,-1.129431325536036923e-01,-3.300370247505621801e-01
-4.898705934998688338e-01,3.541398697893218817e-01,-1.950082389953727846e-01,8.304709255678026647e-01,-6.424947147553153881e-01,-2.674456756707835337e-01,-4.246589726661041952e-01,-2.936525197644618279e-01,3.818811032707170039e-01,4.507638632601326245e-01,6.361064200119488365e-01,2.873024718421360313e-01,-8.410684823274228172e-03,-4.069715096612207539e-01,1.534178190380409701e-01,-6.431599709572263790e-02,6.561197696003080448e-01,-2.234909201404985390e-01,5.272908773498233281e-02,-2.555677810315638565e-01,-3.445346244216940246e-01,-1.593693567602909034e-01,1.000000000000000000e+00,2.415188852624207405e-01,-1.185772248404511342e-01,3.899417939455592785e-01,4.783452983780236423e-01,5.410905534904849601e-01,2.409149883987135310e-01,5.254350295260307169e-02,-4.977113174072284041e-01,2.575938284757013363e-01,3.749963433039376626e-01,-1.974137046493084080e-01,-9.121892002382732401e-02,6.267789999999999750e-01,1.990102361141720122e-01,1.094727368177567106e-02,6.554477227245909532e-01
-3.264258762439987693e-01,6.877943726634601074e-01,1.200771095751124173e-01,4.373123547888195795e-01,-2.990806796455619532e-01,6.266948248412975708e-01,-3.455287299724033589e-01,-2.764408963465024849e-01,8.979957141440207957e-01,-2.436857146734274504e-01,3.539133306443082994e-01,7.316045477120882712e-01,-2.255739022501303537e-01,4.436497716064644048e-01,5.933631783293575879e-01,-6.630685256505944869e-01,3.751836307257620517e-01,3.273885076385052995e-01,8.380592810196820786e-01,-3.061770438480469481e-01,-7.657129514657916580e-01,1.597987211477440161e-01,2.415188852624207405e-01,1.000000000000000000e+00,5.722091300135810910e-01,1.084828351082174763e-01,7.933826501431157086e-01,6.980407983703722508e-01,-3.259576208517311890e-01,-5.049168744790636376e-01,-2.374454972673001041e-01,4.805862251394628637e-01,6.880079870516833118e-01,3.610219760283025492e-01,-5.906441831275086596e-01,5.462209600000000886e-01,-7.102550929843239880e-01,-1.989185447995678660e-02,6.724370297959744169e-01
-3.453314695440445892e-01,-7.444764980996762538e-03,6.746521213716837329e-01,3.658455386224513523e-02,4.320044456369815378e-01,3.557521759868242928e-01,-4.724580140262676364e-01,1.722745965126433187e-01,2.582360966662665125e-01,-7.989048469654099760e-01,1.717524426984762542e-01,2.294991243442702777e-01,-6.219094629392568629e-01,5.871087131433324613e-01,6.953053669174603657e-01,-9.217716012532564118e-01,1.431170211866889808e-01,-5.840307184153051973e-02,7.952467903736475385e-01,2.155256672975126575e-01,-6.400088706960511686e-01,2.367062824123014608e-01,-1.185772248404511342e-01,5.722091300135810910e-01,1.000000000000000000e+00,-5.876257942896373487e-01,6.752791467896087640e-01,5.963601064574554078e-01,-8.607734910330334666e-01,-9.204273012458815684e-01,-8.616225356041173900e-02,2.043020896219819305e-01,2.803982971383685019e-01,8.517513841816490849e-01,-1.491576038882443944e-01,2.577202400000000448e-01,-2.072414213371442382e-01,6.234027977213918437e-01,3.867724043306176585e-01
-2.182777421669473972e-01,4.665168181301452277e-01,-6.914324935811263506e-01,5.417232490623830055e-01,-8.617377645556059118e-01,9.537751106092748343e-02,5.750169504980989083e-02,-6.714263622358652706e-01,4.576200063373264126e-01,8.236253499633812147e-01,4.212306944496035932e-01,2.826007646023854791e-01,3.223351326110434623e-01,-3.651522037697597090e-01,-2.866270420339868397e-02,4.401850841486944499e-01,2.433570540677129357e-01,3.860386825556287871e-01,-2.344538117123919907e-01,-3.175931706986794834e-01,-1.032070201840425833e-01,-6.385857665768789049e-02,3.899417939455592785e-01,1.084828351082174763e-01,-5.876257942896373487e-01,1.000000000000000000e+00,1.078430308919884305e-02,1.090760474920913214e-01,8.472261170760271298e-01,7.335278944266169221e-01,-4.848602652185645678e-01,4.047606023150704946e-01,4.402319347276820172e-01,-8.426146993612940728e-01,-1.743570306815746263e-01,4.351846800000001014e-01,-2.823762494569403980e-01,-8.476529519548839930e-01,2.524733533602081526e-01
-7.252010058135183179e-01,5.274774904634430550e-01,3.599321569359041906e-01,6.937277840143782903e-01,-2.521315545770384525e-01,2.596100262818677451e-01,-5.360048559791493750e-01,-2.803921110762087610e-01,6.545436419458114941e-01,-2.449399167024792212e-01,7.396304156394283291e-01,6.539892719751797534e-01,-3.677928152000969897e-01,1.876442984475165110e-01,7.523305250534929600e-01,-8.129676079421809254e-01,6.690802844296189766e-01,-4.610692751657044508e-02,8.620059991566216828e-01,-4.862302914423665551e-02,-9.478549078635484237e-01,-8.188678310367454583e-02,4.783452983780236423e-01,7.933826501431157086e-01,6.752791467896087640e-01,1.078430308919884305e-02,1.000000000000000000e+00,9.759564031153878938e-01,-3.815841924639330474e-01,-5.864755028681559734e-01,-6.247731022666153100e-01,5.875276393678722231e-01,7.794500565480054766e-01,3.877144053756245157e-01,-4.111386928491166382e-01,8.354977400000000998e-01,-3.464326996950432003e-01,2.795304696633413855e-01,8.878968058104597105e-01
-7.655452368591725287e-01,5.163459950847552049e-01,3.555107796943031140e-01,7.749550219038325860e-01,-3.458634475653770135e-01,1.762507891541925387e-01,-5.076548102443501076e-01,-3.662669564054941707e-01,5.850777474412487411e-01,-1.213185711163066449e-01,8.569860753432423373e-01,6.487528485129704370e-01,-3.612877194277636095e-01,3.442520137795726520e-02,7.932434906399267183e-01,-7.575751780348205511e-01,7.070552624570128897e-01,-1.537669402614173265e-02,7.687621293346166285e-01,1.304522549776153395e-02,-9.542953461375411894e-01,-1.872631814679281415e-01,5.410905534904849601e-01,6.980407983703722508e-01,5.963601064574554078e-01,1.090760474920913214e-01,9.759564031153878938e-01,1.000000000000000000e+00,-2.498553582690487274e-01,-4.584686487840325952e-01,-7.635670841156705357e-01,6.108526783603801524e-01,8.137364648295799530e-01,2.445543450592335688e-01,-4.057498058225640358e-01,9.174989600000000856e-01,-2.287231075706890604e-01,2.465172306898595345e-01,9.293469675451773160e-01
6.980145567012160934e-02,2.556935698688014846e-01,-6.566608814919711046e-01,3.172407466141013432e-01,-7.324824214577493331e-01,-2.070488568264504670e-01,3.930379077728487491e-01,-4.028759026487432338e-01,-1.686857904438476830e-02,9.560594379963702760e-01,2.151049450790942785e-01,1.111494521571817912e-01,3.849594136903572439e-01,-6.306715792183613667e-01,-3.474165717768976647e-01,7.194781688547807752e-01,9.626950048565424689e-02,2.974359667108363858e-01,-6.198337183159632335e-01,-2.938183294337419205e-01,2.964304638475824261e-01,-3.233354617812622678e-01,2.409149883987135310e-01,-3.259576208517311890e-01,-8.607734910330334666e-01,8.472261170760271298e-01,-3.815841924639330474e-01,-2.498553582690487274e-01,1.000000000000000000e+00,9.654461816184236600e-01,-3.090605615265648587e-01,1.498999797141462309e-01,6.315447564198731212e-02,-9.895303798572426812e-01,-1.348545752104797768e-01,1.484061000000000963e-01,9.606317540842587710e-02,-7.791029990368290026e-01,-7.974203649760172596e-02
2.521885310370322597e-01,9.499601041618359332e-02,-6.168376208435994990e-01,7.316142726030587518e-02,-5.514429221206920140e-01,-2.488537129342951459e-01,4.846511397691877776e-01,-3.358587225864844705e-01,-2.014807338000671189e-01,8.677108028414186602e-01,1.910220942886001888e-02,-7.844253205669057816e-02,4.831869307951678905e-01,-6.161379768018240277e-01,-4.547533028720852633e-01,8.289901047767834763e-01,-1.107408384031257909e-01,2.750865398142324225e-01,-7.386565062521925906e-01,-1.596011592805059165e-01,4.715964682696274779e-01,-3.062936023830528653e-01,5.254350295260307169e-02,-5.049168744790636376e-01,-9.204273012458815684e-01,7.335278944266169221e-01,-5.864755028681559734e-01,-4.584686487840325952e-01,9.654461816184236600e-01,1.000000000000000000e+00,-1.472019161548588362e-01,-2.183685106806660531e-02,-1.018113660404677545e-01,-9.731599616530451913e-01,-5.405731729497892856e-04,-7.139898000000000078e-02,1.659508950986590681e-01,-7.362940027083367811e-01,-2.768754810924570764e-01
7.071512620229944979e-01,-4.471170094887066404e-01,-1.313003805365350884e-01,-7.986841558622792547e-01,5.688154452489476709e-01,1.071787818414524640e-01,2.086071315323030362e-01,5.940856837575269056e-01,-2.759836528934921374e-01,-3.471438176243802909e-01,-9.730113072808094232e-01,-5.104540945520639195e-01,9.560247199010669938e-02,4.267000828868403595e-01,-6.012082561667403402e-01,2.942431098126306876e-01,-6.498803536200457032e-01,-3.592123322449808365e-02,-3.110736780226935894e-01,-1.354428908361120787e-01,7.125612854838795363e-01,4.880340269580699109e-01,-4.977113174072284041e-01,-2.374454972673001041e-01,-8.616225356041173900e-02,-4.848602652185645678e-01,-6.247731022666153100e-01,-7.635670841156705357e-01,-3.090605615265648587e-01,-1.472019161548588362e-01,1.000000000000000000e+00,-6.152361007790156933e-01,-7.709215298691779461e-01,3.517317086974603990e-01,2.988901285185437406e-01,-9.264653800000000050e-01,-2.758406420589464003e-03,8.811742178680964654e-02,-7.669331129002597836e-01
-6.529767143433388155e-01,4.221730954346103459e-01,8.089997676726885800e-02,6.233280110997750922e-01,-4.548241190241031351e-01,2.451260786676196235e-01,-2.387055278045331907e-01,-3.639776395649259033e-01,5.284183548881900006e-01,2.024378306322595633e-01,6.173431132957390988e-01,5.771769113617651881e-01,-3.993405702216177855e-01,2.226604161162841211e-01,4.668488629385391109e-01,-2.233893771644145099e-01,5.621749018478031656e-01,5.931493254856104458e-02,4.158650981010272307e-01,-3.403368612557995943e-01,-6.065057007752031604e-01,-1.881151617529105424e-01,2.575938284757013363e-01,4.805862251394628637e-01,2.043020896219819305e-01,4.047606023150704946e-01,5.875276393678722231e-01,6.108526783603801524e-01,1.498999797141462309e-01,-2.183685106806660531e-02,-6.152361007790156933e-01,1.000000000000000000e+00,6.933721820653504508e-01,-1.393761743156511912e-01,-3.037102781882228264e-01,6.851181799999999100e-01,-2.750320084044421964e-01,-3.455626881223233249e-01,5.509254934454959063e-01
-5.288343077519680469e-01,7.473672391215027133e-01,2.003182190540677698e-01,6.440861310855818811e-01,-5.166953088021587481e-01,3.309403234264716720e-01,-3.583272477503842146e-01,-7.488998644685056494e-01,7.203905294324680630e-01,5.560055155252073555e-02,7.777408917503371155e-01,7.109039342901689595e-01,5.238800946058577018e-02,2.482234842884560155e-03,7.520944075536609708e-01,-4.406146257085322149e-01,4.914026211420152168e-01,2.394659018047232690e-01,6.888048780008038108e-01,5.801424938322786301e-02,-8.955399514295594443e-01,-3.057260440824121628e-01,3.749963433039376626e-01,6.880079870516833118e-01,2.803982971383685019e-01,4.402319347276820172e-01,7.794500565480054766e-01,8.137364648295799530e-01,6.315447564198731212e-02,-1.018113660404677545e-01,-7.709215298691779461e-01,6.933721820653504508e-01,1.000000000000000000e+00,-1.059229868526204710e-01,-4.701364074136963334e-01,8.584393400000001062e-01,-4.714073970711211703e-01,-1.530950389189593697e-01,8.866351695598754246e-01
-7.681277480125497936e-02,-2.379451251800293043e-01,5.983157604314318645e-01,-2.775616326180076476e-01,6.928239183735414031e-01,2.170620797500948385e-01,-3.821286364406785152e-01,4.779885454664862809e-01,4.825875763689824183e-02,-9.136470617446544873e-01,-2.352050367994751034e-01,-7.320071246045134483e-02,-4.431019392436953974e-01,6.478027222984923394e-01,2.903166984610502377e-01,-7.149876069143457080e-01,-5.018312047225403916e-02,-2.981038858578389794e-01,6.047822385730362571e-01,1.740592060360383053e-01,-2.661150758143102646e-01,3.560122922826247649e-01,-1.974137046493084080e-01,3.610219760283025492e-01,8.517513841816490849e-01,-8.426146993612940728e-01,3.877144053756245157e-01,2.445543450592335688e-01,-9.895303798572426812e-01,-9.731599616530451913e-01,3.517317086974603990e-01,-1.393761743156511912e-01,-1.059229868526204710e-01,1.000000000000000000e+00,9.071432946081714466e-02,-1.557778800000000352e-01,-1.020351247229274172e-01,7.573662548963585595e-01,6.234675688922919345e-02
-2.967355763999601423e-02,-8.176844101041659263e-01,-1.519749238178841610e-01,-3.719388657057226544e-01,4.529499851845880110e-01,-3.595463512597150690e-01,-1.935586967751252718e-01,1.586145841256241806e-01,-4.364241109637364557e-01,-1.700669782281256093e-01,-3.556249992800311066e-01,-9.289767010941137881e-01,1.033762913763160429e-01,1.333420026840232420e-01,-3.687586424660619921e-01,3.725286332889292673e-01,-3.110593142255845267e-01,-5.605822381006745347e-01,-4.297689320753646514e-01,3.646440241084239475e-01,4.480951546800444052e-01,4.678189265457868840e-01,-9.121892002382732401e-02,-5.906441831275086596e-01,-1.491576038882443944e-01,-1.743570306815746263e-01,-4.111386928491166382e-01,-4.057498058225640358e-01,-1.348545752104797768e-01,-5.405731729497892856e-04,2.988901285185437406e-01,-3.037102781882228264e-01,-4.701364074136963334e-01,9.071432946081714466e-02,1.000000000000000000e+00,-4.588970999999999467e-01,3.267384249036766608e-01,1.239965139450608239e-01,-4.590711227856871246e-01
-7.587371199999999316e-01,6.188322200000000439e-01,1.292480199999999080e-01,9.070608399999999794e-01,-6.215914599999999846e-01,5.645494000000006452e-02,-3.448592200000000219e-01,-5.396939000000000597e-01,5.479527399999999382e-01,2.535585000000000200e-01,9.750507799999998948e-01,6.991154799999999003e-01,-1.999189799999999684e-01,-2.456933799999999612e-01,6.721066200000000990e-01,-4.810715199999999747e-01,7.573745999999998979e-01,7.217969999999995778e-02,5.320495199999999425e-01,-6.824120000000000186e-02,-8.557635599999999787e-01,-3.645055400000000168e-01,6.267789999999999750e-01,5.462209600000000886e-01,2.577202400000000448e-01,4.351846800000001014e-01,8.354977400000000998e-01,9.174989600000000856e-01,1.484061000000000963e-01,-7.139898000000000078e-02,-9.264653800000000050e-01,6.851181799999999100e-01,8.584393400000001062e-01,-1.557778800000000352e-01,-4.588970999999999467e-01,1.000000000000000000e+00,-1.724269999999999969e-01,-4.250503999999999394e-02,9.120639600000000069e-01
7.345259004856193041e-02,-5.304973860941450958e-01,2.707440541002921197e-01,-4.105771160270276637e-02,1.739423340224610648e-01,-6.704340152258290164e-01,4.855843402659516805e-02,3.167469991687217878e-01,-7.409695895830114010e-01,1.537437632999116843e-01,7.819587109675949985e-03,-4.015635643280668354e-01,-1.914341996345855501e-01,-4.690116636546318163e-01,-1.692789752388310087e-01,2.386863804671896794e-01,-5.744727937612441326e-02,-3.487055555165399223e-01,-5.690385546239222769e-01,2.090898130092074814e-01,3.910830667418550011e-01,-3.612413211178038264e-01,1.990102361141720122e-01,-7.102550929843239880e-01,-2.072414213371442382e-01,-2.823762494569403980e-01,-3.464326996950432003e-01,-2.287231075706890604e-01,9.606317540842587710e-02,1.659508950986590681e-01,-2.758406420589464003e-03,-2.750320084044421964e-01,-4.714073970711211703e-01,-1.020351247229274172e-01,3.267384249036766608e-01,-1.724269999999999969e-01,1.000000000000000000e+00,3.831322452605205875e-01,-1.955068766403459946e-01
-6.043719512264182636e-02,-3.096495373412552210e-01,7.386341347138563052e-01,-1.633070550435810342e-01,6.310111760606657016e-01,-2.600238689469419051e-01,-2.305070541302806086e-01,3.976292091578119692e-01,-3.480735340302475445e-01,-7.016402054501508223e-01,4.402031620750728423e-03,-1.497542671471819853e-01,-2.604499615911328725e-01,7.500149548888199180e-02,2.675960968791215033e-01,-5.798213401282565904e-01,3.973756304880921020e-02,-4.715547795472862513e-01,3.508871476793492539e-01,4.561030929274256240e-01,-1.921992673126373952e-01,-1.129431325536036923e-01,1.094727368177567106e-02,-1.989185447995678660e-02,6.234027977213918437e-01,-8.476529519548839930e-01,2.795304696633413855e-01,2.465172306898595345e-01,-7.791029990368290026e-01,-7.362940027083367811e-01,8.811742178680964654e-02,-3.455626881223233249e-01,-1.530950389189593697e-01,7.573662548963585595e-01,1.239965139450608239e-01,-4.250503999999999394e-02,3.831322452605205875e-01,1.000000000000000000e+00,1.444675749207016413e-01
-5.869924118357010556e-01,6.737612227287627098e-01,3.062748672423353802e-01,7.818730339905244353e-01,-4.912116373034902672e-01,1.221392350009940786e-01,-4.766583969480354122e-01,-5.736425320235976066e-01,6.399200477625508476e-01,1.677148924400821695e-02,8.556399794670820347e-01,6.913891438053251237e-01,-9.137176664749502297e-02,-1.347500550067554925e-01,7.756403461425150914e-01,-5.931394630229853693e-01,6.209044255840601156e-01,7.827979228473848361e-02,6.762603561607293257e-01,2.305252232258590828e-02,-9.113030076344214025e-01,-3.300370247505621801e-01,6.554477227245909532e-01,6.724370297959744169e-01,3.867724043306176585e-01,2.524733533602081526e-01,8.878968058104597105e-01,9.293469675451773160e-01,-7.974203649760172596e-02,-2.768754810924570764e-01,-7.669331129002597836e-01,5.509254934454959063e-01,8.866351695598754246e-01,6.234675688922919345e-02,-4.590711227856871246e-01,9.120639600000000069e-01,-1.955068766403459946e-01,1.444675749207016413e-01,1.000000000000000000e+00
