1.000000000000000000e+00,-3.402403927966619612e-01,-2.430888959491064594e-01,-1.004906817240640987e-01,-2.305319910471390066e-01,3.694407542032233233e-02,-1.743409713192634047e-02,3.680372160140301663e-01,2.099120334750936151e-02,1.132150239661441488e-01,1.807491495728240360e-01,2.365583740629560033e-02,-2.046284879023414494e-01,5.784732647233610248e-01,2.970757964546526519e-01,-2.429186795565654311e-01,-4.025418497149230723e-01,-1.675868548979681516e-01,6.620712976377705200e-03,5.397709160121230143e-01,1.923854353705017894e-01,1.922912389799323052e-01,-4.439699518530684230e-01,-3.727550889833384784e-01,1.617590003127447884e-01,-2.351744586181432062e-01,6.634728645286954718e-01,-4.868985766411804139e-01,-3.617837649423145951e-02,-7.164368710348417713e-01,-4.760206548810586025e-01,3.529639861449118676e-02,-2.075054531587884610e-01,-6.574474618731463993e-01,2.632558400000000187e-01,2.333304874487366620e-01,-4.324250506891465229e-02,-8.081002860991808312e-01,-2.641865746097724066e-01
-3.402403927966619612e-01,1.000000000000000000e+00,-2.335048043678977087e-02,8.733310648981572610e-01,8.432930530990518925e-01,-6.242601694225663467e-01,1.567064123914950757e-01,-4.170170386318838851e-01,4.412732787817643665e-01,-7.781828716674664692e-01,7.265877600536855274e-01,-1.227840490048967143e-01,1.264586770228154078e-01,-8.873643619646327807e-02,-9.364789184121361520e-01,-7.058784164364111102e-02,-2.962024881571820867e-01,-5.887353871032969810e-01,5.252359447698842221e-01,-5.948884324349684033e-02,2.975947900251573186e-01,-3.035827755843615305e-01,8.312340829116716678e-01,2.927758418249296057e-01,2.831998988602457690e-01,-3.889191921825024822e-02,-8.721638359770261806e-01,4.225613100568579861e-01,3.492165152224934732e-01,-7.664765604475287653e-02,-1.025297205298361936e-01,-4.106023908492450469e-01,3.709834828822722863e-01,6.361008812255850575e-01,4.791472000000007725e-02,-8.318649589709851133e-01,6.199800202817062900e-01,2.599452948163437083e-01,5.567695469324015350e-02
-2.430888959491064594e-01,-2.335048043678977087e-02,1.000000000000000000e+00,-2.552266948436290317e-01,3.641218956496946046e-01,2.827713523613604174e-01,-1.535914991994152823e-01,-6.347441265028677115e-01,3.629913059345652449e-01,5.664801752782139266e-01,-4.629075610060995882e-01,-2.963513839085676893e-01,5.781555933365675193e-01,2.057253040276476597e-01,4.931418469482073963e-02,7.623486655097730935e-01,2.324098659778222609e-01,2.881998612440048735e-01,-4.804082942081251417e-01,-6.507323690713789910e-01,-7.456790579387042595e-01,6.891991556278509456e-01,-2.504884032967891888e-02,6.226641302699772451e-01,2.763565910424826133e-01,3.715911552824255892e-01,-1.405241707851355992e-01,6.261727443720760400e-01,-2.425838864934142247e-01,2.992604367589434267e-01,6.869149274098170777e-01,5.591293550164565529e-01,6.184602910960554922e-01,9.598234968914533261e-02,-7.553232599999999408e-01,3.152271502370682099e-01,-2.430711590726452043e-01,2.033089603132738343e-01,6.508647595238867822e-01
-1.004906817240640987e-01,8.733310648981572610e-01,-2.552266948436290317e-01,1.000000000000000000e+00,5.931016475293493517e-01,-5.806273840915101569e-01,3.893042601798478719e-01,-1.616870049261487710e-02,1.001197252443467578e-01,-8.648272272395390869e-01,8.177222736108077372e-01,-1.550075285234580602e-01,-1.264919389248152920e-02,6.811595864926314747e-02,-7.766707074331369309e-01,-4.211799468474999864e-01,-5.193480156562279015e-01,-6.602686592138534705e-01,8.184709174512648788e-01,5.821939488120781575e-02,6.146231550817298217e-01,-3.679068941559853201e-01,6.388973488178938398e-01,1.084862216362662141e-01,-4.227474833574623031e-02,-3.732185100316201543e-01,-7.273966265020198607e-01,4.629531278916734771e-02,2.152936439748827924e-01,-2.501982924751494086e-01,-4.872244620234622570e-01,-5.330448242803573766e-01,8.711322004871600161e-03,5.212062809488229309e-01,4.191288600000000475e-01,-8.837350653740074780e-01,7.721590307557145705e-01,-4.373446959461087941e-02,-1.020018812917592305e-01
-2.305319910471390066e-01,8.432930530990518925e-01,3.641218956496946046e-01,5.931016475293493517e-01,1.000000000000000000e+00,-3.799738855382593927e-01,-1.861001471795170614e-01,-7.572104346949978249e-01,7.770644043272303403e-01,-4.403610041993320512e-01,4.351998427905133804e-01,-2.953493179208262487e-01,2.241317300666368917e-01,2.294417041675958502e-01,-8.664960312430467493e-01,3.354759806425083868e-01,-3.914103752638702083e-02,-3.113365434189260816e-01,1.124452234321896976e-01,-2.527411316162326838e-01,-1.449815820274302502e-01,7.208757679953106678e-02,6.047477219730986731e-01,3.558594939740983842e-01,6.313906141945218042e-01,3.310193863345123888e-01,-7.223364336967041943e-01,6.317563560071346451e-01,2.616470737274931291e-01,-3.693454250571483188e-02,2.992820444845211703e-01,-1.716065646948861101e-01,6.590180960274820698e-01,4.703053300435088846e-01,-3.755808600000000164e-01,-5.377974944135094360e-01,2.815906122720293059e-01,1.773357628862511359e-01,1.863642343475183372e-01
3.694407542032233233e-02,-6.242601694225663467e-01,2.827713523613604174e-01,-5.806273840915101569e-01,-3.799738855382593927e-01,1.000000000000000000e+00,-5.036405976129219031e-01,1.045340096317905199e-01,-2.763089726507185206e-01,6.020879358925510516e-01,-6.743114334471410620e-01,-3.040977392506682975e-01,-4.147782103938579268e-01,1.397575803341185030e-01,4.222921172885097940e-01,5.053684714665602346e-02,6.267509455964468401e-01,4.807117575548014443e-01,-5.260780307566047531e-01,-4.305862965844423629e-01,-2.794956821166589833e-01,3.454339214248153267e-01,-7.364340415239538640e-01,-3.571748226519156355e-01,3.026959897990460016e-02,2.047589583323215501e-01,3.051670547491224239e-01,-3.765333140643352117e-01,-4.597736675779274390e-02,2.354705159357747823e-01,3.792302886908160975e-01,-4.715928613103560763e-02,-3.172999500201102441e-01,-5.178157612591026693e-01,-9.532821999999996354e-02,3.828148818359543015e-01,-5.856696150728496475e-01,-2.871007710792830014e-01,-2.499439255103040602e-01
-1.743409713192634047e-02,1.567064123914950757e-01,-1.535914991994152823e-01,3.893042601798478719e-01,-1.861001471795170614e-01,-5.036405976129219031e-01,1.000000000000000000e+00,4.987770929722364355e-01,-4.021977103858992986e-01,-1.984542147227809084e-01,4.044299402202145566e-01,1.478047299137101867e-01,5.048442836951179125e-01,-2.302203997661276258e-01,1.772217506379678564e-01,-3.503985759074466633e-01,-8.286922740693826173e-01,-4.167765151441350513e-01,6.532266775323678498e-01,3.309679929982274338e-01,4.616584719147704408e-01,-2.446547480237285521e-01,4.216543643849020029e-01,4.860985686580849841e-01,-7.271155722160080881e-01,-7.372530580050626892e-01,-6.386892179640116241e-02,1.249838787984758337e-02,-2.054853701898953222e-01,-3.196720668237579277e-01,-6.461901353925461056e-01,1.963026624875376935e-01,-1.946440479834511406e-01,3.234897471235753663e-01,4.466864399999999069e-01,-1.879052065907264590e-01,7.790891718658126130e-01,2.095350813084762009e-01,4.791122468345613283e-01
3.680372160140301663e-01,-4.170170386318838851e-01,-6.347441265028677115e-01,-1.616870049261487710e-02,-7.572104346949978249e-01,1.045340096317905199e-01,4.987770929722364355e-01,1.000000000000000000e+00,-7.830222819236932752e-01,-6.342016663081413708e-02,1.876960390491249353e-01,3.040442380509595505e-02,-3.778175449223216131e-01,-1.398365418762282375e-01,4.968282417456584277e-01,-8.274790462159710147e-01,-4.179037986332763688e-01,-2.596913669340093489e-01,3.765880956821113790e-01,5.401340850855007591e-01,7.203652924605782326e-01,-4.266064674282204483e-01,-2.590320792406751171e-01,-3.909980693271757346e-01,-6.780550953987997120e-01,-7.817562574142031817e-01,4.364141903946413548e-01,-8.103204095222036329e-01,6.586025140569957970e-02,-4.195160746503658888e-01,-7.921531106078926188e-01,-2.763122435217113537e-01,-8.960920335067638076e-01,-4.242016216971000730e-01,8.656388999999999889e-01,-4.300306690309048385e-02,2.830871355730010808e-01,-2.948606639084717651e-01,-3.306163105084544696e-01
2.099120334750936151e-02,4.412732787817643665e-01,3.629913059345652449e-01,1.001197252443467578e-01,7.770644043272303403e-01,-2.763089726507185206e-01,-4.021977103858992986e-01,-7.830222819236932752e-01,1.000000000000000000e+00,-6.800045564849239998e-02,1.760194701872398182e-01,-1.732486653982526770e-01,2.579277130549902375e-01,3.132409095106016839e-01,-5.129298745687034256e-01,5.718496139025337488e-01,9.749827815849795853e-02,-6.416470033204660361e-02,-3.404094966423939495e-01,4.874665681968699642e-04,-4.444477644014745432e-01,1.696646195464596163e-01,3.449649875608921668e-01,2.769758537002008358e-01,8.252986768680070639e-01,5.524471381556176341e-01,-2.172143841450001056e-01,6.730471370703435818e-01,2.369206971801324224e-01,-1.562832612713804525e-01,4.721484383741059165e-01,1.381462465438307030e-01,7.457049382818855543e-01,1.593730051830072880e-01,-6.085449600000000236e-01,-6.025606294133228208e-02,-8.299723400550601538e-02,1.703845738682157607e-01,2.645340705941166548e-01
1.132150239661441488e-01,-7.781828716674664692e-01,5.664801752782139266e-01,-8.648272272395390869e-01,-4.403610041993320512e-01,6.020879358925510516e-01,-1.984542147227809084e-01,-6.342016663081413708e-02,-6.800045564849239998e-02,1.000000000000000000e+00,-8.106973570215313396e-01,6.224578327728255700e-02,2.793167497287888379e-01,5.343949250037322019e-02,7.617065005284979762e-01,5.273329409828503289e-01,3.360594603281666370e-01,5.839703544472356622e-01,-7.074886769462087610e-01,-2.655288683327328703e-01,-6.848802950649941490e-01,6.275547030300090423e-01,-5.980967053830911206e-01,1.587586413339655556e-01,-2.091217403079206547e-02,2.513505252256003630e-01,6.143163186522206942e-01,7.970201232982532247e-02,-3.682867382906685472e-01,1.938126460273637275e-01,4.896244662689961946e-01,6.909326991319543199e-01,1.378949139164279691e-01,-4.117732981614787846e-01,-5.034386399999999373e-01,8.585625438170785273e-01,-5.943541149048454653e-01,-2.434615692749450555e-02,3.688352191047947759e-01
1.807491495728240360e-01,7.265877600536855274e-01,-4.629075610060995882e-01,8.177222736108077372e-01,4.351998427905133804e-01,-6.743114334471410620e-01,4.044299402202145566e-01,1.876960390491249353e-01,1.760194701872398182e-01,-8.106973570215313396e-01,1.000000000000000000e+00,-1.536224717046196786e-01,-1.189482658046319696e-01,-1.290420083462703524e-02,-6.305861712788274343e-01,-5.688972217630051675e-01,-6.890228544157700474e-01,-8.948590947343806334e-01,6.360857687246551651e-01,5.674742023933525559e-01,7.486171480756764751e-01,-5.946397360220437855e-01,6.914521632180870014e-01,1.338361848314046818e-04,1.036605270309326338e-01,-5.359044329910654936e-01,-4.054938344007125717e-01,-7.134248078382396385e-02,5.480314859490217350e-01,-6.287750734713458689e-01,-6.649328946907545612e-01,-5.500155074786514664e-01,-1.228393740176566135e-01,1.479534582173842039e-01,5.684747800000000684e-01,-8.138119032016497556e-01,7.665193592634210740e-01,-2.511288861052379806e-02,-1.580140256040300784e-01
2.365583740629560033e-02,-1.227840490048967143e-01,-2.963513839085676893e-01,-1.550075285234580602e-01,-2.953493179208262487e-01,-3.040977392506682975e-01,1.478047299137101867e-01,3.040442380509595505e-02,-1.732486653982526770e-01,6.224578327728255700e-02,-1.536224717046196786e-01,1.000000000000000000e+00,2.385811810545894751e-01,-4.692321603500116400e-01,2.195111650080507903e-01,1.546612329192206536e-01,-1.053296901397011848e-01,2.149600485508582071e-01,1.850939537573989546e-01,1.068481098721057038e-01,-1.273926601971681061e-01,1.226536877761661704e-01,-8.337580134959263201e-03,5.821842010580380311e-02,-2.295521410966746279e-01,1.498535779985873118e-01,1.648140443383306064e-01,5.241921656947415298e-02,-4.373269418326253266e-01,2.137810500178847495e-01,-1.018464195630252173e-01,3.708375610732025374e-01,2.437390168085467046e-01,3.243309615634589749e-01,-1.048573800000000000e-01,3.404762097956707811e-01,-4.157548140232003586e-04,-2.038784176110830515e-02,2.084985035146710852e-02
-2.046284879023414494e-01,1.264586770228154078e-01,5.781555933365675193e-01,-1.264919389248152920e-02,2.241317300666368917e-01,-4.147782103938579268e-01,5.048442836951179125e-01,-3.778175449223216131e-01,2.579277130549902375e-01,2.793167497287888379e-01,-1.189482658046319696e-01,2.385811810545894751e-01,1.000000000000000000e+00,-3.734669663453958621e-02,1.431952871410692163e-01,6.268007418195161717e-01,-3.626876831591345773e-01,1.154825343643859220e-01,2.007301413241180388e-02,-1.589388581453044513e-01,-4.853080136666495514e-01,3.972004033116365296e-01,3.555885595967501756e-01,8.855900342248299584e-01,-1.684305989670569770e-01,8.042144823753308303e-02,-6.884578093977725133e-02,7.590828375281327700e-01,-5.068830433520330470e-01,1.053117415910240356e-01,2.156053939437110323e-01,8.207122393105106273e-01,6.659513609296758840e-01,5.095113072219261685e-01,-5.426306400000000529e-01,3.129150173175916372e-01,2.450364084563739497e-01,4.295044540532768629e-01,9.442522128455190789e-01
5.784732647233610248e-01,-8.873643619646327807e-02,2.057253040276476597e-01,6.811595864926314747e-02,2.294417041675958502e-01,1.397575803341185030e-01,-2.302203997661276258e-01,-1.398365418762282375e-01,3.132409095106016839e-01,5.343949250037322019e-02,-1.290420083462703524e-02,-4.692321603500116400e-01,-3.734669663453958621e-02,1.000000000000000000e+00,-9.886608659361528773e-03,1.328066727631572463e-01,-2.350961567940379124e-02,1.809235012886377947e-01,-5.969345168021173570e-02,-5.582357755574959141e-02,-1.510096140027989697e-01,3.997729393663509989e-01,-4.292742259460138876e-01,-2.102676004119111985e-01,2.713158898673419528e-01,1.713915658086178351e-01,2.676358808612032125e-01,-9.552035583227629079e-02,-2.584726259943348481e-01,-2.780630817340321026e-01,2.379080175963447369e-02,5.865831235692543777e-02,6.419544347269816320e-02,-3.019471788791328604e-01,-1.437556800000000523e-01,1.329342891210339439e-01,-2.109006942788326233e-01,-5.911392035811438017e-01,-5.948626794725480477e-02
2.970757964546526519e-01,-9.364789184121361520e-01,4.931418469482073963e-02,-7.766707074331369309e-01,-8.664960312430467493e-01,4.222921172885097940e-01,1.772217506379678564e-01,4.968282417456584277e-01,-5.129298745687034256e-01,7.617065005284979762e-01,-6.305861712788274343e-01,2.195111650080507903e-01,1.431952871410692163e-01,-9.886608659361528773e-03,1.000000000000000000e+00,6.277515463296096110e-02,2.834539100760624653e-02,4.860611988651546422e-01,-3.511202261116501133e-01,1.350062486713868859e-01,-2.394599060122813705e-01,2.810216039465608384e-01,-6.562692809142318673e-01,-4.521507203162622446e-02,-4.964363090184523153e-01,-1.435575480651499203e-01,8.430878688958572953e-01,-3.127199830624680099e-01,-4.606568138749056462e-01,1.270509559480947903e-02,-3.850783199886881336e-02,5.741427597276078654e-01,-3.271183637383278109e-01,-4.761241314413151016e-01,-3.283299999999989005e-03,8.231770732055624373e-01,-3.800420500840192561e-01,-1.295246046841673770e-01,1.975553384806874035e-01
-2.429186795565654311e-01,-7.058784164364111102e-02,7.623486655097730935e-01,-4.211799468474999864e-01,3.354759806425083868e-01,5.053684714665602346e-02,-3.503985759074466633e-01,-8.274790462159710147e-01,5.718496139025337488e-01,5.273329409828503289e-01,-5.688972217630051675e-01,1.546612329192206536e-01,6.268007418195161717e-01,1.328066727631572463e-01,6.277515463296096110e-02,1.000000000000000000e+00,3.990050836318767558e-01,5.703476445379485060e-01,-5.829521941347932668e-01,-5.059558897881416550e-01,-9.640080624881685045e-01,6.615043797563380235e-01,-4.621660445786838350e-02,5.099418939993677347e-01,4.060161031188049274e-01,7.603000084797052471e-01,1.253311621054627352e-02,7.875579735702764594e-01,-4.164112932726900529e-01,4.682560293124712891e-01,8.360348325791999713e-01,7.407269180907026795e-01,8.622516283806183068e-01,2.631097208851255198e-01,-9.931295399999999773e-01,5.620403913751886860e-01,-4.786945057790267799e-01,2.944714617631518649e-01,5.915467985183048283e-01
-4.025418497149230723e-01,-2.962024881571820867e-01,2.324098659778222609e-01,-5.193480156562279015e-01,-3.914103752638702083e-02,6.267509455964468401e-01,-8.286922740693826173e-01,-4.179037986332763688e-01,9.749827815849795853e-02,3.360594603281666370e-01,-6.890228544157700474e-01,-1.053296901397011848e-01,-3.626876831591345773e-01,-2.350961567940379124e-02,2.834539100760624653e-02,3.990050836318767558e-01,1.000000000000000000e+00,6.879731893923234365e-01,-6.319937207896392239e-01,-5.876240028688108907e-01,-5.485418486589113130e-01,2.041744563096374310e-01,-4.496277141864831739e-01,-3.501534268817236284e-01,3.176374629010463302e-01,7.374373453051742411e-01,-1.223419166305550997e-02,4.626114108516062723e-02,-2.504297809862249605e-02,7.132555347666907908e-01,7.870775824695948053e-01,-5.939140839715736919e-02,8.385422446472053093e-02,-9.786184824493279755e-02,-4.788009600000000532e-01,3.042211053745952354e-01,-8.197973589020214336e-01,1.242271387262852550e-01,-2.964582310479130789e-01
-1.675868548979681516e-01,-5.887353871032969810e-01,2.881998612440048735e-01,-6.602686592138534705e-01,-3.113365434189260816e-01,4.807117575548014443e-01,-4.167765151441350513e-01,-2.596913669340093489e-01,-6.416470033204660361e-02,5.839703544472356622e-01,-8.948590947343806334e-01,2.149600485508582071e-01,1.154825343643859220e-01,1.809235012886377947e-01,4.860611988651546422e-01,5.703476445379485060e-01,6.879731893923234365e-01,1.000000000000000000e+00,-4.546723710114868311e-01,-5.165888604020073549e-01,-7.164555913536213572e-01,5.349270255891774850e-01,-6.554177343050709981e-01,-9.939361582067644807e-02,-1.088028197982102291e-01,6.943312018159291110e-01,3.445845738281116954e-01,1.098344572301626215e-01,-6.864652396703735393e-01,6.613972518969282177e-01,6.379684182214422350e-01,5.012583414885172228e-01,1.779865682395994908e-01,2.874442655632902799e-02,-5.732154600000000100e-01,7.534544706793995239e-01,-7.300323924370546447e-01,5.758835082503660496e-03,7.777829674727917975e-02
6.620712976377705200e-03,5.252359447698842221e-01,-4.804082942081251417e-01,8.184709174512648788e-01,1.124452234321896976e-01,-5.260780307566047531e-01,6.532266775323678498e-01,3.765880956821113790e-01,-3.404094966423939495e-01,-7.074886769462087610e-01,6.360857687246551651e-01,1.850939537573989546e-01,2.007301413241180388e-02,-5.969345168021173570e-02,-3.511202261116501133e-01,-5.829521941347932668e-01,-6.319937207896392239e-01,-4.546723710114868311e-01,1.000000000000000000e+00,1.539819045798097308e-01,7.096420413494002322e-01,-3.155399762509187300e-01,3.820675440940591860e-01,1.686734222713081807e-02,-5.175720236797232143e-01,-5.352645555529869092e-01,-4.308979664514032693e-01,-2.365516902973910374e-01,-1.366997028078583420e-01,-2.079497459245994717e-01,-7.227056728463890911e-01,-3.616327638260793953e-01,-2.515331767474184854e-01,4.833960836321647969e-01,6.219754399999999350e-01,-6.147787782030821324e-01,7.915682560882369989e-01,-1.614563724781372112e-01,-1.332134382441268750e-01
5.397709160121230143e-01,-5.948884324349684033e-02,-6.507323690713789910e-01,5.821939488120781575e-02,-2.527411316162326838e-01,-4.305862965844423629e-01,3.309679929982274338e-01,5.401340850855007591e-01,4.874665681968699642e-04,-2.655288683327328703e-01,5.674742023933525559e-01,1.068481098721057038e-01,-1.589388581453044513e-01,-5.582357755574959141e-02,1.350062486713868859e-01,-5.059558897881416550e-01,-5.876240028688108907e-01,-5.165888604020073549e-01,1.539819045798097308e-01,1.000000000000000000e+00,5.407000058087118033e-01,-5.567876521701050629e-01,2.025504415175683193e-01,-1.909148415495648676e-01,-2.288642129819578111e-02,-4.884889803892031312e-01,4.292442606315442499e-01,-2.978589175254615640e-01,4.036105071472330108e-01,-7.725756102345699983e-01,-6.641243028838487161e-01,-1.511770330355643455e-01,-3.460632320453545518e-01,-3.670422370328789152e-01,5.338743200000000133e-01,-9.400689193507691388e-02,3.382833599576002825e-01,-7.804259214752984342e-02,-1.457622659149106492e-01
1.923854353705017894e-01,2.975947900251573186e-01,-7.456790579387042595e-01,6.146231550817298217e-01,-1.449815820274302502e-01,-2.794956821166589833e-01,4.616584719147704408e-01,7.203652924605782326e-01,-4.444477644014745432e-01,-6.848802950649941490e-01,7.486171480756764751e-01,-1.273926601971681061e-01,-4.853080136666495514e-01,-1.510096140027989697e-01,-2.394599060122813705e-01,-9.640080624881685045e-01,-5.485418486589113130e-01,-7.164555913536213572e-01,7.096420413494002322e-01,5.407000058087118033e-01,1.000000000000000000e+00,-7.106935148292096160e-01,2.763002039560617518e-01,-3.565092720685531513e-01,-3.612107332324191455e-01,-7.896295469698431102e-01,-1.720430288347130909e-01,-6.225674134312405572e-01,4.442325762032613423e-01,-5.153131323766398930e-01,-8.814144286769221015e-01,-7.307582071043738914e-01,-7.133922326137466241e-01,-8.470481652014319462e-02,9.652523799999999099e-01,-7.026235718975403222e-01,6.516628364880325819e-01,-2.062750921053906616e-01,-4.791367593080287923e-01
1.922912389799323052e-01,-3.035827755843615305e-01,6.891991556278509456e-01,-3.679068941559853201e-01,7.208757679953106678e-02,3.454339214248153267e-01,-2.446547480237285521e-01,-4.266064674282204483e-01,1.696646195464596163e-01,6.275547030300090423e-01,-5.946397360220437855e-01,1.226536877761661704e-01,3.972004033116365296e-01,3.997729393663509989e-01,2.810216039465608384e-01,6.615043797563380235e-01,2.041744563096374310e-01,5.349270255891774850e-01,-3.155399762509187300e-01,-5.567876521701050629e-01,-7.106935148292096160e-01,1.000000000000000000e+00,-4.656005914703560955e-01,2.202819764854018481e-01,1.694833783534360760e-01,4.549114309382970567e-01,2.165095813580246442e-01,2.357248328977856744e-01,-6.146145236086953956e-01,2.355039536349069762e-01,4.770456671389962100e-01,6.103308983387722986e-01,5.044732605535844350e-01,-6.045508530688435689e-02,-6.425282599999999622e-01,5.765372718216982273e-01,-3.896493578118087608e-01,-3.356593626145524256e-01,3.042976607014900581e-01
-4.439699518530684230e-01,8.312340829116716678e-01,-2.504884032967891888e-02,6.388973488178938398e-01,6.047477219730986731e-01,-7.364340415239538640e-01,4.216543643849020029e-01,-2.590320792406751171e-01,3.449649875608921668e-01,-5.980967053830911206e-01,6.914521632180870014e-01,-8.337580134959263201e-03,3.555885595967501756e-01,-4.292742259460138876e-01,-6.562692809142318673e-01,-4.621660445786838350e-02,-4.496277141864831739e-01,-6.554177343050709981e-01,3.820675440940591860e-01,2.025504415175683193e-01,2.763002039560617518e-01,-4.656005914703560955e-01,1.000000000000000000e+00,5.495446220230161272e-01,1.102977170141346969e-01,-2.142551299971943157e-01,-6.947488161883621505e-01,5.502978851912786462e-01,4.304826955276771505e-01,-1.505336259621323225e-01,-1.463615427803408586e-01,-1.662786026711456366e-01,3.414773995565973386e-01,5.946591917248431614e-01,5.753080000000010408e-02,-6.573118844441446784e-01,7.005817109943799359e-01,6.189629111925516458e-01,3.475855109028186396e-01
-3.727550889833384784e-01,2.927758418249296057e-01,6.226641302699772451e-01,1.084862216362662141e-01,3.558594939740983842e-01,-3.571748226519156355e-01,4.860985686580849841e-01,-3.909980693271757346e-01,2.769758537002008358e-01,1.587586413339655556e-01,1.338361848314046818e-04,5.821842010580380311e-02,8.855900342248299584e-01,-2.102676004119111985e-01,-4.521507203162622446e-02,5.099418939993677347e-01,-3.501534268817236284e-01,-9.939361582067644807e-02,1.686734222713081807e-02,-1.909148415495648676e-01,-3.565092720685531513e-01,2.202819764854018481e-01,5.495446220230161272e-01,1.000000000000000000e+00,-7.764771930017401458e-02,-2.808604926208347133e-02,-3.209956662702281305e-01,7.991378181682066151e-01,-2.064645727378979223e-01,4.514562494105433393e-02,2.099348613943216313e-01,5.910153016493328026e-01,6.187072887616674732e-01,5.415676072106928585e-01,-4.446617800000000065e-01,5.941821873255039715e-02,4.085175876934488692e-01,5.433652415203413799e-01,8.988877729074030709e-01
1.617590003127447884e-01,2.831998988602457690e-01,2.763565910424826133e-01,-4.227474833574623031e-02,6.313906141945218042e-01,3.026959897990460016e-02,-7.271155722160080881e-01,-6.780550953987997120e-01,8.252986768680070639e-01,-2.091217403079206547e-02,1.036605270309326338e-01,-2.295521410966746279e-01,-1.684305989670569770e-01,2.713158898673419528e-01,-4.964363090184523153e-01,4.060161031188049274e-01,3.176374629010463302e-01,-1.088028197982102291e-01,-5.175720236797232143e-01,-2.288642129819578111e-02,-3.612107332324191455e-01,1.694833783534360760e-01,1.102977170141346969e-01,-7.764771930017401458e-02,1.000000000000000000e+00,5.440717570147423077e-01,-1.235249121830579999e-01,3.426964063488027734e-01,4.740570753267947524e-01,-1.440942389250469968e-01,4.701196954046130694e-01,-1.322314952449770709e-01,5.291417222777053952e-01,-2.039652273761813350e-01,-4.802180400000000127e-01,-8.741771544369392188e-02,-3.262696157113917916e-01,-9.414805386774349749e-02,-1.473677214773323474e-01
-2.351744586181432062e-01,-3.889191921825024822e-02,3.715911552824255892e-01,-3.732185100316201543e-01,3.310193863345123888e-01,2.047589583323215501e-01,-7.372530580050626892e-01,-7.817562574142031817e-01,5.524471381556176341e-01,2.513505252256003630e-01,-5.359044329910654936e-01,1.498535779985873118e-01,8.042144823753308303e-02,1.713915658086178351e-01,-1.435575480651499203e-01,7.603000084797052471e-01,7.374373453051742411e-01,6.943312018159291110e-01,-5.352645555529869092e-01,-4.884889803892031312e-01,-7.896295469698431102e-01,4.549114309382970567e-01,-2.142551299971943157e-01,-2.808604926208347133e-02,5.440717570147423077e-01,1.000000000000000000e+00,-5.719320690126779294e-02,4.735878809926878374e-01,-2.580640866029630387e-01,5.617753284961771731e-01,8.490366155612260046e-01,2.803593628390920189e-01,6.254359529056047196e-01,1.776866410387612782e-01,-8.105390199999999989e-01,3.918709163895388592e-01,-6.553381424631885555e-01,1.210398332039967773e-01,1.963424729296371629e-02
6.634728645286954718e-01,-8.721638359770261806e-01,-1.405241707851355992e-01,-7.273966265020198607e-01,-7.223364336967041943e-01,3.051670547491224239e-01,-6.386892179640116241e-02,4.364141903946413548e-01,-2.172143841450001056e-01,6.143163186522206942e-01,-4.054938344007125717e-01,1.648140443383306064e-01,-6.884578093977725133e-02,2.676358808612032125e-01,8.430878688958572953e-01,1.253311621054627352e-02,-1.223419166305550997e-02,3.445845738281116954e-01,-4.308979664514032693e-01,4.292442606315442499e-01,-1.720430288347130909e-01,2.165095813580246442e-01,-6.947488161883621505e-01,-3.209956662702281305e-01,-1.235249121830579999e-01,-5.719320690126779294e-02,1.000000000000000000e+00,-4.054742168939692304e-01,-2.515783008415269917e-01,-2.794888807903487260e-01,-1.234659904507878214e-01,4.238084959399118778e-01,-2.912933678255474890e-01,-7.161208609678584303e-01,2.221578000000001829e-02,7.687964393858229828e-01,-4.798193544305279779e-01,-3.808892117595394922e-01,-4.173492616022257684e-02
-4.868985766411804139e-01,4.225613100568579861e-01,6.261727443720760400e-01,4.629531278916734771e-02,6.317563560071346451e-01,-3.765333140643352117e-01,1.249838787984758337e-02,-8.103204095222036329e-01,6.730471370703435818e-01,7.970201232982532247e-02,-7.134248078382396385e-02,5.241921656947415298e-02,7.590828375281327700e-01,-9.552035583227629079e-02,-3.127199830624680099e-01,7.875579735702764594e-01,4.626114108516062723e-02,1.098344572301626215e-01,-2.365516902973910374e-01,-2.978589175254615640e-01,-6.225674134312405572e-01,2.357248328977856744e-01,5.502978851912786462e-01,7.991378181682066151e-01,3.426964063488027734e-01,4.735878809926878374e-01,-4.054742168939692304e-01,1.000000000000000000e+00,-1.225736270727088850e-01,2.751337547109326542e-01,5.930755467605716147e-01,5.255442724891935535e-01,8.857680013866956470e-01,6.087035914655555269e-01,-7.706769399999999770e-01,7.706090429676352993e-02,6.294019775157633223e-02,6.386786473448491375e-01,7.491053553766763295e-01
-3.617837649423145951e-02,3.492165152224934732e-01,-2.425838864934142247e-01,2.152936439748827924e-01,2.616470737274931291e-01,-4.597736675779274390e-02,-2.054853701898953222e-01,6.586025140569957970e-02,2.369206971801324224e-01,-3.682867382906685472e-01,5.480314859490217350e-01,-4.373269418326253266e-01,-5.068830433520330470e-01,-2.584726259943348481e-01,-4.606568138749056462e-01,-4.164112932726900529e-01,-2.504297809862249605e-02,-6.864652396703735393e-01,-1.366997028078583420e-01,4.036105071472330108e-01,4.442325762032613423e-01,-6.146145236086953956e-01,4.304826955276771505e-01,-2.064645727378979223e-01,4.740570753267947524e-01,-2.580640866029630387e-01,-2.515783008415269917e-01,-1.225736270727088850e-01,1.000000000000000000e+00,-4.109949036004556522e-01,-1.442452690776478419e-01,-6.661394233793012098e-01,-2.357906481592871306e-01,-3.166775165720102647e-01,3.497492799999999402e-01,-5.930624330210646500e-01,1.837104041659691489e-01,1.790022675343192482e-01,-3.433529250005016298e-01
-7.164368710348417713e-01,-7.664765604475287653e-02,2.992604367589434267e-01,-2.501982924751494086e-01,-3.693454250571483188e-02,2.354705159357747823e-01,-3.196720668237579277e-01,-4.195160746503658888e-01,-1.562832612713804525e-01,1.938126460273637275e-01,-6.287750734713458689e-01,2.137810500178847495e-01,1.053117415910240356e-01,-2.780630817340321026e-01,1.270509559480947903e-02,4.682560293124712891e-01,7.132555347666907908e-01,6.613972518969282177e-01,-2.079497459245994717e-01,-7.725756102345699983e-01,-5.153131323766398930e-01,2.355039536349069762e-01,-1.505336259621323225e-01,4.514562494105433393e-02,-1.440942389250469968e-01,5.617753284961771731e-01,-2.794888807903487260e-01,2.751337547109326542e-01,-4.109949036004556522e-01,1.000000000000000000e+00,6.549386541470402223e-01,1.956721382012419075e-01,2.384296187010000456e-01,4.309637350249793109e-01,-4.904921800000000554e-01,2.308140008227037299e-01,-4.994711564025785533e-01,3.747774099881405752e-01,5.561798001339689906e-02
-4.760206548810586025e-01,-1.025297205298361936e-01,6.869149274098170777e-01,-4.872244620234622570e-01,2.992820444845211703e-01,3.792302886908160975e-01,-6.461901353925461056e-01,-7.921531106078926188e-01,4.721484383741059165e-01,4.896244662689961946e-01,-6.649328946907545612e-01,-1.018464195630252173e-01,2.156053939437110323e-01,2.379080175963447369e-02,-3.850783199886881336e-02,8.360348325791999713e-01,7.870775824695948053e-01,6.379684182214422350e-01,-7.227056728463890911e-01,-6.641243028838487161e-01,-8.814144286769221015e-01,4.770456671389962100e-01,-1.463615427803408586e-01,2.099348613943216313e-01,4.701196954046130694e-01,8.490366155612260046e-01,-1.234659904507878214e-01,5.930755467605716147e-01,-1.442452690776478419e-01,6.549386541470402223e-01,1.000000000000000000e+00,3.719315210054455756e-01,5.999065255046553968e-01,1.352319895208264344e-01,-8.826683800000000302e-01,4.045594086570729053e-01,-6.632003647880890806e-01,3.748413956235427391e-01,2.737841336321321095e-01
3.529639861449118676e-02,-4.106023908492450469e-01,5.591293550164565529e-01,-5.330448242803573766e-01,-1.716065646948861101e-01,-4.715928613103560763e-02,1.963026624875376935e-01,-2.763122435217113537e-01,1.381462465438307030e-01,6.909326991319543199e-01,-5.500155074786514664e-01,3.708375610732025374e-01,8.207122393105106273e-01,5.865831235692543777e-02,5.741427597276078654e-01,7.407269180907026795e-01,-5.939140839715736919e-02,5.012583414885172228e-01,-3.616327638260793953e-01,-1.511770330355643455e-01,-7.307582071043738914e-01,6.103308983387722986e-01,-1.662786026711456366e-01,5.910153016493328026e-01,-1.322314952449770709e-01,2.803593628390920189e-01,4.238084959399118778e-01,5.255442724891935535e-01,-6.661394233793012098e-01,1.956721382012419075e-01,3.719315210054455756e-01,1.000000000000000000e+00,5.483602349075522575e-01,1.215937809014017573e-01,-6.635468399999999711e-01,7.957564035508358780e-01,-2.481943379201841382e-01,1.983353324433225762e-01,7.740279501240296955e-01
-2.075054531587884610e-01,3.709834828822722863e-01,6.184602910960554922e-01,8.711322004871600161e-03,6.590180960274820698e-01,-3.172999500201102441e-01,-1.946440479834511406e-01,-8.960920335067638076e-01,7.457049382818855543e-01,1.378949139164279691e-01,-1.228393740176566135e-01,2.437390168085467046e-01,6.659513609296758840e-01,6.419544347269816320e-02,-3.271183637383278109e-01,8.622516283806183068e-01,8.385422446472053093e-02,1.779865682395994908e-01,-2.515331767474184854e-01,-3.460632320453545518e-01,-7.133922326137466241e-01,5.044732605535844350e-01,3.414773995565973386e-01,6.187072887616674732e-01,5.291417222777053952e-01,6.254359529056047196e-01,-2.912933678255474890e-01,8.857680013866956470e-01,-2.357906481592871306e-01,2.384296187010000456e-01,5.999065255046553968e-01,5.483602349075522575e-01,1.000000000000000000e+00,4.899387670058888422e-01,-8.532617399999999908e-01,1.822302466589336145e-01,-8.317215355491083817e-02,2.747878543115816474e-01,5.628394515246095686e-01
-6.574474618731463993e-01,6.361008812255850575e-01,9.598234968914533261e-02,5.212062809488229309e-01,4.703053300435088846e-01,-5.178157612591026693e-01,3.234897471235753663e-01,-4.242016216971000730e-01,1.593730051830072880e-01,-4.117732981614787846e-01,1.479534582173842039e-01,3.243309615634589749e-01,5.095113072219261685e-01,-3.019471788791328604e-01,-4.761241314413151016e-01,2.631097208851255198e-01,-9.786184824493279755e-02,2.874442655632902799e-02,4.833960836321647969e-01,-3.670422370328789152e-01,-8.470481652014319462e-02,-6.045508530688435689e-02,5.946591917248431614e-01,5.415676072106928585e-01,-2.039652273761813350e-01,1.776866410387612782e-01,-7.161208609678584303e-01,6.087035914655555269e-01,-3.166775165720102647e-01,4.309637350249793109e-01,1.352319895208264344e-01,1.215937809014017573e-01,4.899387670058888422e-01,1.000000000000000000e+00,-2.366601400000000188e-01,-3.120083754217406469e-01,4.342318886998710603e-01,4.949219121730770166e-01,3.884143196708173540e-01
2.632558400000000187e-01,4.791472000000007725e-02,-7.553232599999999408e-01,4.191288600000000475e-01,-3.755808600000000164e-01,-9.532821999999996354e-02,4.466864399999999069e-01,8.656388999999999889e-01,-6.085449600000000236e-01,-5.034386399999999373e-01,5.684747800000000684e-01,-1.048573800000000000e-01,-5.426306400000000529e-01,-1.437556800000000523e-01,-3.283299999999989005e-03,-9.931295399999999773e-01,-4.788009600000000532e-01,-5.732154600000000100e-01,6.219754399999999350e-01,5.338743200000000133e-01,9.652523799999999099e-01,-6.425282599999999622e-01,5.753080000000010408e-02,-4.446617800000000065e-01,-4.802180400000000127e-01,-8.105390199999999989e-01,2.221578000000001829e-02,-7.706769399999999770e-01,3.497492799999999402e-01,-4.904921800000000554e-01,-8.826683800000000302e-01,-6.635468399999999711e-01,-8.532617399999999908e-01,-2.366601400000000188e-01,1.000000000000000000e+00,-5.221463200000000526e-01,5.270608199999999854e-01,-2.866269000000000178e-01,-5.172300599999999360e-01
2.333304874487366620e-01,-8.318649589709851133e-01,3.152271502370682099e-01,-8.837350653740074780e-01,-5.377974944135094360e-01,3.828148818359543015e-01,-1.879052065907264590e-01,-4.300306690309048385e-02,-6.025606294133228208e-02,8.585625438170785273e-01,-8.138119032016497556e-01,3.404762097956707811e-01,3.129150173175916372e-01,1.329342891210339439e-01,8.231770732055624373e-01,5.620403913751886860e-01,3.042211053745952354e-01,7.534544706793995239e-01,-6.147787782030821324e-01,-9.400689193507691388e-02,-7.026235718975403222e-01,5.765372718216982273e-01,-6.573118844441446784e-01,5.941821873255039715e-02,-8.741771544369392188e-02,3.918709163895388592e-01,7.687964393858229828e-01,7.706090429676352993e-02,-5.930624330210646500e-01,2.308140008227037299e-01,4.045594086570729053e-01,7.957564035508358780e-01,1.822302466589336145e-01,-3.120083754217406469e-01,-5.221463200000000526e-01,1.000000000000000000e+00,-6.589187541715108010e-01,-8.379342679963959484e-02,3.054614867792401212e-01
-4.324250506891465229e-02,6.199800202817062900e-01,-2.430711590726452043e-01,7.721590307557145705e-01,2.815906122720293059e-01,-5.856696150728496475e-01,7.790891718658126130e-01,2.830871355730010808e-01,-8.299723400550601538e-02,-5.943541149048454653e-01,7.665193592634210740e-01,-4.157548140232003586e-04,2.450364084563739497e-01,-2.109006942788326233e-01,-3.800420500840192561e-01,-4.786945057790267799e-01,-8.197973589020214336e-01,-7.300323924370546447e-01,7.915682560882369989e-01,3.382833599576002825e-01,6.516628364880325819e-01,-3.896493578118087608e-01,7.005817109943799359e-01,4.085175876934488692e-01,-3.262696157113917916e-01,-6.553381424631885555e-01,-4.798193544305279779e-01,6.294019775157633223e-02,1.837104041659691489e-01,-4.994711564025785533e-01,-6.632003647880890806e-01,-2.481943379201841382e-01,-8.317215355491083817e-02,4.342318886998710603e-01,5.270608199999999854e-01,-6.589187541715108010e-01,1.000000000000000000e+00,1.269752620086138650e-01,2.105221481619461155e-01
-8.081002860991808312e-01,2.599452948163437083e-01,2.033089603132738343e-01,-4.373446959461087941e-02,1.773357628862511359e-01,-2.871007710792830014e-01,2.095350813084762009e-01,-2.948606639084717651e-01,1.703845738682157607e-01,-2.434615692749450555e-02,-2.511288861052379806e-02,-2.038784176110830515e-02,4.295044540532768629e-01,-5.911392035811438017e-01,-1.295246046841673770e-01,2.944714617631518649e-01,1.242271387262852550e-01,5.758835082503660496e-03,-1.614563724781372112e-01,-7.804259214752984342e-02,-2.062750921053906616e-01,-3.356593626145524256e-01,6.189629111925516458e-01,5.433652415203413799e-01,-9.414805386774349749e-02,1.210398332039967773e-01,-3.808892117595394922e-01,6.386786473448491375e-01,1.790022675343192482e-01,3.747774099881405752e-01,3.748413956235427391e-01,1.983353324433225762e-01,2.747878543115816474e-01,4.949219121730770166e-01,-2.866269000000000178e-01,-8.379342679963959484e-02,1.269752620086138650e-01,1.000000000000000000e+00,5.366884638875634161e-01
-2.641865746097724066e-01,5.567695469324015350e-02,6.508647595238867822e-01,-1.020018812917592305e-01,1.863642343475183372e-01,-2.499439255103040602e-01,4.791122468345613283e-01,-3.306163105084544696e-01,2.645340705941166548e-01,3.688352191047947759e-01,-1.580140256040300784e-01,2.084985035146710852e-02,9.442522128455190789e-01,-5.948626794725480477e-02,1.975553384806874035e-01,5.915467985183048283e-01,-2.964582310479130789e-01,7.777829674727917975e-02,-1.332134382441268750e-01,-1.457622659149106492e-01,-4.791367593080287923e-01,3.042976607014900581e-01,3.475855109028186396e-01,8.988877729074030709e-01,-1.473677214773323474e-01,1.963424729296371629e-02,-4.173492616022257684e-02,7.491053553766763295e-01,-3.433529250005016298e-01,5.561798001339689906e-02,2.737841336321321095e-01,7.740279501240296955e-01,5.628394515246095686e-01,3.884143196708173540e-01,-5.172300599999999360e-01,3.054614867792401212e-01,2.105221481619461155e-01,5.366884638875634161e-01,1.000000000000000000e+00
