1.000000000000000000e+00,2.936625468055418797e-01,8.379127495312181928e-01,4.823920179099082106e-01,5.814561718888135999e-01,-2.887559232053814040e-01,-1.329410460543020145e-01,7.846561941618541702e-01,-3.857447630146658146e-01,-6.870461135464797087e-01,7.254359018498758305e-01,4.854397819418185267e-01,6.819556398105638406e-01,4.945452158226517625e-01,2.682838867801723426e-01,1.820758750375240376e-01,-7.045949012100490849e-01,3.919703658775013366e-01,-3.392160925665955729e-01,8.645028587221137428e-01,-7.967357931225595158e-02,3.703683838806196560e-01,-9.195034848007931361e-01,-2.677874504901530117e-01,-7.752131799999999462e-01,7.396783326433890027e-01,1.294543124492020247e-01,-2.542043151562494718e-01,7.735219921306932256e-02,4.468727189689088442e-01,-1.341291095629273955e-01,-2.275403593145941539e-01,-5.928015069451643138e-01,5.681403295177265278e-01,5.570766013632784119e-01,3.452969481698098947e-02,-1.579621564654357380e-01,-2.993377055644963480e-01,8.474975211737152403e-01
2.936625468055418797e-01,1.000000000000000000e+00,3.417189524635182440e-01,4.451216604309150005e-01,8.252482162835128587e-02,-7.266619186506217964e-01,-2.905096966802512837e-01,3.983865116684457419e-01,2.307876325524730043e-01,-1.414073224834980491e-01,2.542835550296898006e-01,5.041494536105233237e-01,7.298457069075879877e-01,-1.555818778182276874e-01,6.322436905439701160e-01,5.115117857972893978e-01,-1.418863164936913224e-01,-1.622125446504018020e-01,-3.406629712678173605e-01,5.096291179455728626e-01,2.600630819688120043e-01,3.643568527542799251e-01,-3.031757731482973006e-01,1.203645080998903966e-01,-2.373819600000000030e-01,4.723373996636904826e-01,3.046612328644907608e-01,2.190952857576269897e-01,8.127140344384752024e-02,5.735171721359273445e-01,2.023742286852342476e-01,-2.821036843328230681e-01,-2.439764547147191265e-01,3.183284883356196082e-01,1.062170149167726008e-01,5.477976636930449450e-01,-8.514445209120270752e-02,-1.961051714204319896e-01,2.522807352273180870e-01
8.379127495312181928e-01,3.417189524635182440e-01,1.000000000000000000e+00,3.505254953175379606e-01,8.774510075963080080e-01,-2.979465943498593172e-01,-2.768613578503167916e-01,8.012545301163814804e-01,-6.503729750051588931e-01,-9.200862975978485458e-01,7.652753490445870499e-01,1.154795948956119089e-01,7.923271356588742487e-01,2.273213566562239940e-01,-4.679552011419274571e-02,-1.769575765496711819e-02,-8.365611003497771536e-01,6.885100202783950296e-01,-3.391192647866956289e-01,5.967780207655796199e-01,7.618075816160325975e-02,-7.935060431517444723e-02,-9.506258677380028388e-01,-5.119298709595770935e-01,-9.286330799999999996e-01,5.791612672133882311e-01,2.787244376841629401e-01,-6.099142103099867152e-01,1.836574929412193025e-01,2.435570622661589746e-01,-1.870418098812836882e-01,-4.693720636480366859e-01,-8.000774267605105239e-01,2.144728281460313024e-01,3.401098452221999469e-01,-1.481365445922535051e-01,-1.331742738190697384e-01,-2.586304500316294330e-01,8.716183280526630384e-01
4.823920179099082106e-01,4.451216604309150005e-01,3.505254953175379606e-01,1.000000000000000000e+00,1.100002262399565334e-01,-9.434981503397305014e-02,3.295984273029623490e-01,6.222488075053611567e-01,-8.306441332314178083e-02,-2.596980935083685882e-01,3.384995601573845825e-01,4.469086276196853058e-01,3.009279625524444723e-01,3.973957904825322629e-01,1.499657695041425320e-01,1.315413781178407515e-01,-4.723890764082638305e-01,4.956607361056368510e-02,-5.861845282997891343e-02,4.311236955956009309e-01,1.838953167363896746e-01,1.334016688787844074e-01,-3.956126267199874258e-01,-3.133946984640872402e-01,-4.048166800000000398e-01,6.156059204110584382e-01,-4.199075748065329572e-01,5.804106998987870747e-02,1.925591920058666862e-01,9.827877829996722880e-02,-1.005846497163843528e-01,-3.608081141250135682e-01,-5.912509436495181347e-01,2.924683354879105135e-01,-1.660326039230071993e-01,3.803400372092663462e-02,-1.809866901356830260e-01,-5.303332439042562907e-01,6.086129106773686681e-01
5.814561718888135999e-01,8.252482162835128587e-02,8.774510075963080080e-01,1.100002262399565334e-01,1.000000000000000000e+00,-1.426802158231290363e-01,-3.860209153245776625e-01,6.277131959812702888e-01,-6.800842371864448399e-01,-9.820084587008502952e-01,6.801580356094820701e-01,-2.761222774483786946e-01,5.568451287598814581e-01,5.367750624825694261e-02,-4.052877665010387598e-01,-1.554958179852655720e-01,-8.137875207538866063e-01,8.784786161313540287e-01,-2.151336218145452062e-01,2.201525663404151345e-01,9.181364405570829890e-02,-4.446404386445459433e-01,-7.962327516580510745e-01,-6.578756275407008358e-01,-8.974734800000000456e-01,2.851970068760127375e-01,3.228661055133632551e-01,-8.766208704485433101e-01,2.804314435565070651e-01,-6.497433628022608598e-02,-1.719280585305460463e-01,-4.020911147405554775e-01,-8.182778562119298327e-01,-1.453074103369045855e-01,9.621924248524760248e-02,-3.089323859196928534e-01,-1.342840435897592055e-01,-1.366937529066545864e-01,7.522934809015595636e-01
-2.887559232053814040e-01,-7.266619186506217964e-01,-2.979465943498593172e-01,-9.434981503397305014e-02,-1.426802158231290363e-01,1.000000000000000000e+00,5.808834944197478478e-01,-2.129761235979491241e-01,-2.191448423952860047e-01,1.616706426798780460e-01,-3.128448405227242657e-01,-5.717671052539134990e-01,-6.478008954043522616e-01,2.302277988798583364e-01,-6.531643936752602464e-01,-5.531366048135341051e-01,7.992999229987782228e-02,1.201837942251550440e-01,2.296193880648106089e-01,-5.027120883099234216e-01,-3.610088270872982008e-01,-4.407432631437128157e-01,3.322056509004219227e-01,-1.485665080170543717e-01,2.156460399999999833e-01,-3.627997126715534759e-01,-5.177626021899148778e-01,-1.668918660159138534e-01,-8.047667361336416358e-02,-6.018947561537344448e-01,-1.222074846686484889e-01,1.931349275695959933e-01,1.430679635966939922e-01,-2.628074193969746619e-01,-9.611941755425384981e-02,-5.501095015549658518e-01,1.957608773819629611e-01,-6.460657709599347542e-02,-2.148630891415460598e-01
-1.329410460543020145e-01,-2.905096966802512837e-01,-2.768613578503167916e-01,3.295984273029623490e-01,-3.860209153245776625e-01,5.808834944197478478e-01,1.000000000000000000e+00,1.250861504248609035e-01,7.099590779193709622e-02,2.987343628741812585e-01,-5.297556332367452381e-01,9.365446228726698186e-02,-5.468999001775345370e-01,6.187130796817229550e-01,-2.120264614952755977e-01,-5.313265563082483212e-01,-8.144670870651289640e-02,-1.833387473237007084e-02,-1.670641156691151652e-01,-1.643383262495857200e-01,-4.227926776533045272e-01,-1.169258424979469357e-01,2.240657144290661984e-01,-2.550591528587904944e-01,1.401181199999999016e-01,2.143291912203662830e-01,-9.116242932093404638e-01,3.120480995722766937e-01,-4.241052754641752576e-02,-9.945563702822171614e-02,-5.097795261138882150e-01,2.422630338206789857e-01,2.425906142643360908e-02,-2.010141681803263858e-02,-2.691193946925089509e-01,-3.712500316206613360e-01,5.177587037716122609e-01,-1.675937827456306095e-01,6.572660766447475933e-03
7.846561941618541702e-01,3.983865116684457419e-01,8.012545301163814804e-01,6.222488075053611567e-01,6.277131959812702888e-01,-2.129761235979491241e-01,1.250861504248609035e-01,1.000000000000000000e+00,-3.119620722566848747e-01,-7.513770650141873286e-01,3.890693028765885297e-01,3.721546915333916461e-01,5.885558905089909310e-01,6.378063231238291220e-01,6.952540183500566240e-02,-1.747776510786318988e-02,-9.210115832446773565e-01,6.333019736779286202e-01,-6.531804765908088006e-01,6.343797802152145726e-01,-2.567817825884723404e-01,-1.451872660170932215e-02,-8.086403115428033583e-01,-6.725140822431080467e-01,-8.989309399999999561e-01,8.979199926104012297e-01,-2.136571255819727511e-01,-2.623394657155218579e-01,4.067771868333107665e-01,4.602976790327590884e-01,-4.931919471629488405e-01,-3.720320517324661735e-01,-8.343423997049788099e-01,1.911919577670766479e-01,8.507105701824199673e-02,-4.761199067716737066e-02,2.609901968037483533e-01,-1.372338550185048800e-01,9.277310031976570004e-01
-3.857447630146658146e-01,2.307876325524730043e-01,-6.503729750051588931e-01,-8.306441332314178083e-02,-6.800842371864448399e-01,-2.191448423952860047e-01,7.099590779193709622e-02,-3.119620722566848747e-01,1.000000000000000000e+00,6.563448693744785567e-01,-5.604834045364299744e-01,3.315463048294706172e-01,-3.080447078490917701e-01,-4.393728178249885208e-02,5.405983439771517851e-01,3.974947989135217408e-01,5.366759408900741990e-01,-6.032298828026568804e-01,-1.825395287768575570e-01,-3.852685025866178087e-02,-2.081021751297519595e-01,4.495701795336907725e-01,5.740817160730502522e-01,5.001486317800787340e-01,5.633260799999999513e-01,-3.026166173691257483e-02,-8.427455904195849112e-02,7.204316830901302815e-01,-1.047424401132047711e-01,3.675279377937189507e-01,1.642489796001221081e-01,5.643847768350882532e-01,5.567653414362779829e-01,1.024546074901973025e-01,-1.210829433199951538e-01,6.434845233731567582e-01,2.479897035027339158e-01,1.849958255056644296e-01,-5.026869891938858803e-01
-6.870461135464797087e-01,-1.414073224834980491e-01,-9.200862975978485458e-01,-2.596980935083685882e-01,-9.820084587008502952e-01,1.616706426798780460e-01,2.987343628741812585e-01,-7.513770650141873286e-01,6.563448693744785567e-01,1.000000000000000000e+00,-6.894846432014621884e-01,1.342847888320830851e-01,-5.913400907773046500e-01,-2.022827130932985662e-01,3.295282134382940264e-01,1.209557297806808374e-01,8.955421389630974227e-01,-8.699344258506197525e-01,2.885741419010761089e-01,-3.376414609961612689e-01,-3.742969405398118704e-02,3.601710159787399057e-01,8.651345496788730438e-01,7.051696507023655913e-01,9.601278600000000552e-01,-4.430225819476679705e-01,-2.137386064615853232e-01,8.020796000197094600e-01,-3.277822215674479622e-01,-2.619943961878005295e-02,2.305813479246370534e-01,4.271253499248400254e-01,8.869516472761084236e-01,5.197828438552758862e-02,-1.105388235842571509e-01,2.916370888075245915e-01,9.794430753491653596e-02,1.672286737383691657e-01,-8.576858247524390411e-01
7.254359018498758305e-01,2.542835550296898006e-01,7.652753490445870499e-01,3.384995601573845825e-01,6.801580356094820701e-01,-3.128448405227242657e-01,-5.297556332367452381e-01,3.890693028765885297e-01,-5.604834045364299744e-01,-6.894846432014621884e-01,1.000000000000000000e+00,5.329264746334095443e-02,6.911754064217723315e-01,-1.541578029710995723e-01,7.300355625646903768e-03,1.894727212211805567e-01,-4.459786193707263591e-01,3.115669694904446563e-01,2.528468614832425354e-01,5.213288896471240941e-01,5.183230584547191544e-01,1.120304469740175529e-01,-7.516739633714967228e-01,-8.939244046552154155e-02,-6.010081600000000135e-01,1.878603797291630573e-01,5.292985493615167680e-01,-5.817337122979889807e-01,-3.139356166269126336e-02,-6.707084008779465312e-02,3.091090164157089815e-01,-4.061348495503256384e-01,-5.420568616931324968e-01,3.476662567403024373e-01,4.315868119647260359e-01,8.391817562577313927e-03,-7.171257647373251443e-01,-4.641315674977387618e-01,6.162541266367853598e-01
4.854397819418185267e-01,5.041494536105233237e-01,1.154795948956119089e-01,4.469086276196853058e-01,-2.761222774483786946e-01,-5.717671052539134990e-01,9.365446228726698186e-02,3.721546915333916461e-01,3.315463048294706172e-01,1.342847888320830851e-01,5.329264746334095443e-02,1.000000000000000000e+00,3.592624583917625181e-01,4.583375510388921770e-01,8.352769803334310073e-01,4.682832533239916217e-01,-9.208607105228490408e-02,-3.629644847949698994e-01,-3.641721846355276959e-01,7.687441659763178947e-01,-8.420533589629974891e-02,8.102324834690891597e-01,-2.891357951997570175e-01,1.794462777506123929e-01,-9.138347999999996141e-02,7.214523442847872170e-01,-1.380495668394106090e-01,6.498684978235200749e-01,4.613780618183277449e-02,7.848562922258616181e-01,-1.550126010873944526e-01,-3.091518952959941210e-02,-4.258613450981649229e-03,6.227934078685812835e-01,2.630330159988713001e-01,4.515710577042371665e-01,6.757655733677693510e-02,7.415027339397131309e-03,2.912858043515696438e-01
6.819556398105638406e-01,7.298457069075879877e-01,7.923271356588742487e-01,3.009279625524444723e-01,5.568451287598814581e-01,-6.478008954043522616e-01,-5.468999001775345370e-01,5.885558905089909310e-01,-3.080447078490917701e-01,-5.913400907773046500e-01,6.911754064217723315e-01,3.592624583917625181e-01,1.000000000000000000e+00,-8.129094658731020329e-02,4.302904705834352805e-01,3.761718693185250317e-01,-4.535121823989429757e-01,2.234052759565463009e-01,-3.053198216617410421e-01,7.301249740571185143e-01,2.730000074171143876e-01,2.809702410023407482e-01,-7.185714091291599548e-01,-5.865790132744635316e-02,-6.180593999999999255e-01,5.175275979332814025e-01,5.508900156069742593e-01,-2.082960014805775306e-01,1.397056716935641818e-01,5.166996333285454046e-01,8.644669483406504373e-02,-5.547756902228272446e-01,-4.794096452028446809e-01,3.653692663695933263e-01,4.340593457808122335e-01,3.697045335027838719e-01,-2.418117177481103885e-01,-1.114487044781027197e-01,5.768970998367188852e-01
4.945452158226517625e-01,-1.555818778182276874e-01,2.273213566562239940e-01,3.973957904825322629e-01,5.367750624825694261e-02,2.302277988798583364e-01,6.187130796817229550e-01,6.378063231238291220e-01,-4.393728178249885208e-02,-2.022827130932985662e-01,-1.541578029710995723e-01,4.583375510388921770e-01,-8.129094658731020329e-02,1.000000000000000000e+00,3.962906738818583463e-02,-2.348239971025475881e-01,-5.619254334294495612e-01,3.098594303011657503e-01,-5.585316064118736046e-01,4.215636165223275444e-01,-6.622365925653711516e-01,1.681064520714007082e-01,-3.506516203425322220e-01,-4.946292409916885902e-01,-4.129414599999999824e-01,7.462981413137719233e-01,-7.096080433342923932e-01,1.838600595113341063e-01,3.261729124875219488e-01,3.824360975653254280e-01,-6.340782050755370269e-01,5.197429792814364791e-02,-3.355010511107562321e-01,2.939693967374467642e-01,1.013741347786833724e-01,-2.360072091417267370e-01,5.434356380582299195e-01,1.143928533334429287e-01,5.485253657955250217e-01
2.682838867801723426e-01,6.322436905439701160e-01,-4.679552011419274571e-02,1.499657695041425320e-01,-4.052877665010387598e-01,-6.531643936752602464e-01,-2.120264614952755977e-01,6.952540183500566240e-02,5.405983439771517851e-01,3.295282134382940264e-01,7.300355625646903768e-03,8.352769803334310073e-01,4.302904705834352805e-01,3.962906738818583463e-02,1.000000000000000000e+00,7.190698043473600087e-01,2.700325949120530034e-01,-6.096322806325340515e-01,-3.045086713077147511e-01,6.708705156059248109e-01,-2.997329653918368031e-02,8.954146451682748475e-01,-6.760278826314428113e-02,5.849210487829682448e-01,1.817592599999999781e-01,4.114189759535934465e-01,2.597351801319837117e-01,7.217696783703324570e-01,-1.969205705668332085e-01,8.183751072660717663e-01,1.869894323848537709e-01,1.065333177513597684e-01,3.326326945178885719e-01,5.804655533343501261e-01,4.069154426880344788e-01,7.494948136788618376e-01,-7.459567513011799988e-03,4.507534319435224646e-02,-7.789614652455806310e-02
1.820758750375240376e-01,5.115117857972893978e-01,-1.769575765496711819e-02,1.315413781178407515e-01,-1.554958179852655720e-01,-5.531366048135341051e-01,-5.313265563082483212e-01,-1.747776510786318988e-02,3.974947989135217408e-01,1.209557297806808374e-01,1.894727212211805567e-01,4.682832533239916217e-01,3.761718693185250317e-01,-2.348239971025475881e-01,7.190698043473600087e-01,1.000000000000000000e+00,2.329804446322129019e-01,-4.696383921701162700e-01,-8.948447541391391091e-02,3.744100545595860918e-01,5.780972203514495728e-02,5.767156328760952855e-01,-1.097595947290133933e-01,4.710744008352390488e-01,1.025155799999999395e-01,1.453793985800146960e-01,4.746043406294653266e-01,3.357044219510685323e-01,-2.538126009572613806e-01,4.770731402862339321e-01,5.110878373489966542e-01,8.193163775181067088e-02,1.718096092530484453e-01,2.965122838023041552e-01,1.920391556766703478e-01,5.588604038605917701e-01,-2.612223041250699707e-01,-1.169889218945463910e-01,-9.708829790829476281e-02
-7.045949012100490849e-01,-1.418863164936913224e-01,-8.365611003497771536e-01,-4.723890764082638305e-01,-8.137875207538866063e-01,7.992999229987782228e-02,-8.144670870651289640e-02,-9.210115832446773565e-01,5.366759408900741990e-01,8.955421389630974227e-01,-4.459786193707263591e-01,-9.208607105228490408e-02,-4.535121823989429757e-01,-5.619254334294495612e-01,2.700325949120530034e-01,2.329804446322129019e-01,1.000000000000000000e+00,-8.571635886068182941e-01,4.960142756102790540e-01,-4.008762352937282891e-01,1.813397057539529178e-01,3.060565763450027732e-01,8.260820737279458426e-01,8.589855799933310276e-01,9.698835400000000995e-01,-7.104176099561502200e-01,1.965175288648743079e-01,5.612602176644623242e-01,-4.523963196670901521e-01,-1.725011134318557016e-01,5.256683146491684111e-01,3.925513653860610574e-01,9.357724576038537467e-01,9.236474968573573502e-03,3.249686285303312466e-02,3.324947543291820184e-01,-1.868221189456366615e-01,1.221609601584609656e-01,-9.495236182656896506e-01
3.919703658775013366e-01,-1.622125446504018020e-01,6.885100202783950296e-01,4.956607361056368510e-02,8.784786161313540287e-01,1.201837942251550440e-01,-1.833387473237007084e-02,6.333019736779286202e-01,-6.032298828026568804e-01,-8.699344258506197525e-01,3.115669694904446563e-01,-3.629644847949698994e-01,2.234052759565463009e-01,3.098594303011657503e-01,-6.096322806325340515e-01,-4.696383921701162700e-01,-8.571635886068182941e-01,1.000000000000000000e+00,-3.715935382315358471e-01,9.428900245494635513e-03,-1.934222748531973235e-01,-6.445207649094478741e-01,-6.090872048335174149e-01,-8.671147621713908293e-01,-8.361123400000000094e-01,3.102764273718149335e-01,-6.472387439808459375e-02,-7.951752256325000934e-01,4.239117578378173712e-01,-1.189679153933962397e-01,-5.102982849706706459e-01,-2.713628001141903945e-01,-7.882102424101494753e-01,-3.436738807577131016e-01,-1.444965269859004309e-01,-4.851424567783515496e-01,2.364888999564116190e-01,3.963789598881491127e-02,6.973303577082413662e-01
-3.392160925665955729e-01,-3.406629712678173605e-01,-3.391192647866956289e-01,-5.861845282997891343e-02,-2.151336218145452062e-01,2.296193880648106089e-01,-1.670641156691151652e-01,-6.531804765908088006e-01,-1.825395287768575570e-01,2.885741419010761089e-01,2.528468614832425354e-01,-3.641721846355276959e-01,-3.053198216617410421e-01,-5.585316064118736046e-01,-3.045086713077147511e-01,-8.948447541391391091e-02,4.960142756102790540e-01,-3.715935382315358471e-01,1.000000000000000000e+00,-4.050414866311637385e-01,7.069548406205961033e-01,-8.719942023246188278e-02,3.616285466461520715e-01,3.661399112261423117e-01,4.621809999999999530e-01,-7.168878842233800119e-01,1.677632296847477444e-01,-1.512324104223153887e-01,-2.285389975640815252e-01,-7.695309425565158845e-01,5.748158656717303749e-01,-8.824924127062895585e-02,2.685949821766225321e-01,-1.008961568661523311e-02,-6.420944951305879167e-02,-1.720628720043182736e-01,-7.944690508286719188e-01,-2.827420601102272335e-01,-3.799109552242220245e-01
8.645028587221137428e-01,5.096291179455728626e-01,5.967780207655796199e-01,4.311236955956009309e-01,2.201525663404151345e-01,-5.027120883099234216e-01,-1.643383262495857200e-01,6.343797802152145726e-01,-3.852685025866178087e-02,-3.376414609961612689e-01,5.213288896471240941e-01,7.687441659763178947e-01,7.301249740571185143e-01,4.215636165223275444e-01,6.708705156059248109e-01,3.744100545595860918e-01,-4.008762352937282891e-01,9.428900245494635513e-03,-4.050414866311637385e-01,1.000000000000000000e+00,-5.772328142744791862e-02,7.049891061912568757e-01,-6.810646179185975146e-01,7.104742393816713963e-02,-4.873294799999999816e-01,7.708626017065127733e-01,1.734574690345262460e-01,1.936821851309397935e-01,7.512412200851249777e-02,7.393681878677251795e-01,-1.063433549911141918e-01,-2.161981762401436469e-01,-2.772660748818331355e-01,6.862266709995493708e-01,6.233142134243044863e-01,4.452890525952173384e-01,-8.984769034440977242e-02,-9.263067884296836974e-02,6.074119400634035992e-01
-7.967357931225595158e-02,2.600630819688120043e-01,7.618075816160325975e-02,1.838953167363896746e-01,9.181364405570829890e-02,-3.610088270872982008e-01,-4.227926776533045272e-01,-2.567817825884723404e-01,-2.081021751297519595e-01,-3.742969405398118704e-02,5.183230584547191544e-01,-8.420533589629974891e-02,2.730000074171143876e-01,-6.622365925653711516e-01,-2.997329653918368031e-02,5.780972203514495728e-02,1.813397057539529178e-01,-1.934222748531973235e-01,7.069548406205961033e-01,-5.772328142744791862e-02,1.000000000000000000e+00,-3.403538704312192992e-02,7.271958993987459423e-03,2.009809695365986359e-01,8.029887999999996140e-02,-3.336172900566316546e-01,4.094187437404651631e-01,-2.142134382257173952e-01,-4.540529193097683075e-02,-3.970698953425824684e-01,4.290329595016794673e-01,-4.354731745232574003e-01,-1.086144152790924633e-01,1.232080811519056796e-02,-1.288051295843482269e-01,1.531360722103821403e-01,-8.203084082502639651e-01,-3.212562151039332070e-01,-2.065052609534656636e-02
3.703683838806196560e-01,3.643568527542799251e-01,-7.935060431517444723e-02,1.334016688787844074e-01,-4.446404386445459433e-01,-4.407432631437128157e-01,-1.169258424979469357e-01,-1.451872660170932215e-02,4.495701795336907725e-01,3.601710159787399057e-01,1.120304469740175529e-01,8.102324834690891597e-01,2.809702410023407482e-01,1.681064520714007082e-01,8.954146451682748475e-01,5.767156328760952855e-01,3.060565763450027732e-01,-6.445207649094478741e-01,-8.719942023246188278e-02,7.049891061912568757e-01,-3.403538704312192992e-02,1.000000000000000000e+00,-7.423108540622543050e-02,6.477203837154202892e-01,2.313770799999999017e-01,3.324575559009215753e-01,1.778561107879566561e-01,6.827675098260226338e-01,-2.659093018579154477e-01,6.506752088009407631e-01,2.752228335027550599e-01,2.155063673564757420e-01,4.055019459913266067e-01,7.999165651507230690e-01,6.245223739167599097e-01,6.075795226236599955e-01,-1.563436650517694149e-01,-2.665385350456206739e-02,-6.375207229470553072e-02
-9.195034848007931361e-01,-3.031757731482973006e-01,-9.506258677380028388e-01,-3.956126267199874258e-01,-7.962327516580510745e-01,3.322056509004219227e-01,2.240657144290661984e-01,-8.086403115428033583e-01,5.740817160730502522e-01,8.651345496788730438e-01,-7.516739633714967228e-01,-2.891357951997570175e-01,-7.185714091291599548e-01,-3.506516203425322220e-01,-6.760278826314428113e-02,-1.097595947290133933e-01,8.260820737279458426e-01,-6.090872048335174149e-01,3.616285466461520715e-01,-6.810646179185975146e-01,7.271958993987459423e-03,-7.423108540622543050e-02,1.000000000000000000e+00,4.703586177979691141e-01,9.053618400000000843e-01,-6.633770790619644142e-01,-2.174660698003428316e-01,5.048700102735595996e-01,-1.042808402251040878e-01,-3.306072018853795647e-01,1.900401713262624415e-01,3.192743646775594302e-01,7.560053811792559753e-01,-3.043617563603591147e-01,-3.707585432322928476e-01,1.599004310086453995e-01,1.385101308233020190e-01,3.146816075111243949e-01,-8.918688552864232344e-01
-2.677874504901530117e-01,1.203645080998903966e-01,-5.119298709595770935e-01,-3.133946984640872402e-01,-6.578756275407008358e-01,-1.485665080170543717e-01,-2.550591528587904944e-01,-6.725140822431080467e-01,5.001486317800787340e-01,7.051696507023655913e-01,-8.939244046552154155e-02,1.794462777506123929e-01,-5.865790132744635316e-02,-4.946292409916885902e-01,5.849210487829682448e-01,4.710744008352390488e-01,8.589855799933310276e-01,-8.671147621713908293e-01,3.661399112261423117e-01,7.104742393816713963e-02,2.009809695365986359e-01,6.477203837154202892e-01,4.703586177979691141e-01,1.000000000000000000e+00,7.504341599999999612e-01,-4.446821102504508461e-01,4.380269437731403315e-01,5.612121058174588395e-01,-5.782569001218565985e-01,1.254012958972421932e-01,6.281948639299135273e-01,3.733504834128686389e-01,8.430657281642058853e-01,3.579773257832988276e-01,4.301842111151402137e-01,5.707378891770747975e-01,-3.353342294120659206e-01,-6.191663141552303934e-02,-7.029513504329290008e-01
-7.752131799999999462e-01,-2.373819600000000030e-01,-9.286330799999999996e-01,-4.048166800000000398e-01,-8.974734800000000456e-01,2.156460399999999833e-01,1.401181199999999016e-01,-8.989309399999999561e-01,5.633260799999999513e-01,9.601278600000000552e-01,-6.010081600000000135e-01,-9.138347999999996141e-02,-6.180593999999999255e-01,-4.129414599999999824e-01,1.817592599999999781e-01,1.025155799999999395e-01,9.698835400000000995e-01,-8.361123400000000094e-01,4.621809999999999530e-01,-4.873294799999999816e-01,8.029887999999996140e-02,2.313770799999999017e-01,9.053618400000000843e-01,7.504341599999999612e-01,1.000000000000000000e+00,-6.704350800000000721e-01,-4.304154000000004476e-02,6.224895999999999763e-01,-3.926655399999999796e-01,-2.211057400000000506e-01,3.852775999999999978e-01,4.276577800000000984e-01,9.200854999999998896e-01,-4.883669999999995515e-02,-1.016770000000000174e-01,2.253243199999999113e-01,-5.299759999999997806e-02,1.390378400000000791e-01,-9.488703400000000343e-01
7.396783326433890027e-01,4.723373996636904826e-01,5.791612672133882311e-01,6.156059204110584382e-01,2.851970068760127375e-01,-3.627997126715534759e-01,2.143291912203662830e-01,8.979199926104012297e-01,-3.026166173691257483e-02,-4.430225819476679705e-01,1.878603797291630573e-01,7.214523442847872170e-01,5.175275979332814025e-01,7.462981413137719233e-01,4.114189759535934465e-01,1.453793985800146960e-01,-7.104176099561502200e-01,3.102764273718149335e-01,-7.168878842233800119e-01,7.708626017065127733e-01,-3.336172900566316546e-01,3.324575559009215753e-01,-6.633770790619644142e-01,-4.446821102504508461e-01,-6.704350800000000721e-01,1.000000000000000000e+00,-3.059809501513904850e-01,1.549829263091490605e-01,3.577987149520885923e-01,7.203284028348805323e-01,-5.131532227063662077e-01,-2.438509739935645071e-01,-5.780859559644521140e-01,3.854847370894913805e-01,1.449966273453880683e-01,1.488184346196778918e-01,3.478641752789092823e-01,-1.311112443337150366e-02,7.774553193250354211e-01
1.294543124492020247e-01,3.046612328644907608e-01,2.787244376841629401e-01,-4.199075748065329572e-01,3.228661055133632551e-01,-5.177626021899148778e-01,-9.116242932093404638e-01,-2.136571255819727511e-01,-8.427455904195849112e-02,-2.137386064615853232e-01,5.292985493615167680e-01,-1.380495668394106090e-01,5.508900156069742593e-01,-7.096080433342923932e-01,2.597351801319837117e-01,4.746043406294653266e-01,1.965175288648743079e-01,-6.472387439808459375e-02,1.677632296847477444e-01,1.734574690345262460e-01,4.094187437404651631e-01,1.778561107879566561e-01,-2.174660698003428316e-01,4.380269437731403315e-01,-4.304154000000004476e-02,-3.059809501513904850e-01,1.000000000000000000e+00,-2.957246389326617098e-01,-2.864427662707108579e-01,1.062992369902694967e-01,5.713297944452736532e-01,-5.467807729858107507e-02,1.307966448347217814e-01,8.713297537834359396e-02,4.358504264917524851e-01,3.721831837759800865e-01,-5.033021658238139295e-01,-3.538305736853875061e-02,-1.237181639473743239e-01
-2.542043151562494718e-01,2.190952857576269897e-01,-6.099142103099867152e-01,5.804106998987870747e-02,-8.766208704485433101e-01,-1.668918660159138534e-01,3.120480995722766937e-01,-2.623394657155218579e-01,7.204316830901302815e-01,8.020796000197094600e-01,-5.817337122979889807e-01,6.498684978235200749e-01,-2.082960014805775306e-01,1.838600595113341063e-01,7.217696783703324570e-01,3.357044219510685323e-01,5.612602176644623242e-01,-7.951752256325000934e-01,-1.512324104223153887e-01,1.936821851309397935e-01,-2.142134382257173952e-01,6.827675098260226338e-01,5.048700102735595996e-01,5.612121058174588395e-01,6.224895999999999763e-01,1.549829263091490605e-01,-2.957246389326617098e-01,1.000000000000000000e+00,-1.046157700187001216e-01,5.125096916523416146e-01,-1.485653789927426915e-02,2.506720446555666948e-01,6.318232434741908321e-01,3.369778283037234701e-01,4.277791929289004313e-02,5.290332592680665469e-01,2.815024077862136598e-01,2.541035898090394096e-01,-4.566044103428663070e-01
7.735219921306932256e-02,8.127140344384752024e-02,1.836574929412193025e-01,1.925591920058666862e-01,2.804314435565070651e-01,-8.047667361336416358e-02,-4.241052754641752576e-02,4.067771868333107665e-01,-1.047424401132047711e-01,-3.277822215674479622e-01,-3.139356166269126336e-02,4.613780618183277449e-02,1.397056716935641818e-01,3.261729124875219488e-01,-1.969205705668332085e-01,-2.538126009572613806e-01,-4.523963196670901521e-01,4.239117578378173712e-01,-2.285389975640815252e-01,7.512412200851249777e-02,-4.540529193097683075e-02,-2.659093018579154477e-01,-1.042808402251040878e-01,-5.782569001218565985e-01,-3.926655399999999796e-01,3.577987149520885923e-01,-2.864427662707108579e-01,-1.046157700187001216e-01,1.000000000000000000e+00,8.052919420285975516e-02,-4.160664673065641583e-01,-5.832190989518629687e-01,-4.753670953059722093e-01,-2.041692936530155045e-01,-2.928575834233548281e-01,-1.319415680557231574e-02,1.845563131622995623e-01,5.983674909121152741e-01,4.128671301000093607e-01
4.468727189689088442e-01,5.735171721359273445e-01,2.435570622661589746e-01,9.827877829996722880e-02,-6.497433628022608598e-02,-6.018947561537344448e-01,-9.945563702822171614e-02,4.602976790327590884e-01,3.675279377937189507e-01,-2.619943961878005295e-02,-6.707084008779465312e-02,7.848562922258616181e-01,5.166996333285454046e-01,3.824360975653254280e-01,8.183751072660717663e-01,4.770731402862339321e-01,-1.725011134318557016e-01,-1.189679153933962397e-01,-7.695309425565158845e-01,7.393681878677251795e-01,-3.970698953425824684e-01,6.506752088009407631e-01,-3.306072018853795647e-01,1.254012958972421932e-01,-2.211057400000000506e-01,7.203284028348805323e-01,1.062992369902694967e-01,5.125096916523416146e-01,8.052919420285975516e-02,1.000000000000000000e+00,-2.640989261501505703e-01,3.675730482765837692e-02,1.525093498569460304e-02,4.140979517672074284e-01,3.605553381817060421e-01,5.696650991546694520e-01,4.218883975489712279e-01,2.717928685894814289e-01,2.446996191767351614e-01
-1.341291095629273955e-01,2.023742286852342476e-01,-1.870418098812836882e-01,-1.005846497163843528e-01,-1.719280585305460463e-01,-1.222074846686484889e-01,-5.097795261138882150e-01,-4.931919471629488405e-01,1.642489796001221081e-01,2.305813479246370534e-01,3.091090164157089815e-01,-1.550126010873944526e-01,8.644669483406504373e-02,-6.340782050755370269e-01,1.869894323848537709e-01,5.110878373489966542e-01,5.256683146491684111e-01,-5.102982849706706459e-01,5.748158656717303749e-01,-1.063433549911141918e-01,4.290329595016794673e-01,2.752228335027550599e-01,1.900401713262624415e-01,6.281948639299135273e-01,3.852775999999999978e-01,-5.131532227063662077e-01,5.713297944452736532e-01,-1.485653789927426915e-02,-4.160664673065641583e-01,-2.640989261501505703e-01,1.000000000000000000e+00,1.741689926702808533e-01,3.505725213091978043e-01,3.430556672266201756e-01,3.198275649575900714e-01,1.866627212605757036e-01,-6.678001293056151644e-01,-3.598262650635283832e-01,-4.060361358519538055e-01
-2.275403593145941539e-01,-2.821036843328230681e-01,-4.693720636480366859e-01,-3.608081141250135682e-01,-4.020911147405554775e-01,1.931349275695959933e-01,2.422630338206789857e-01,-3.720320517324661735e-01,5.643847768350882532e-01,4.271253499248400254e-01,-4.061348495503256384e-01,-3.091518952959941210e-02,-5.547756902228272446e-01,5.197429792814364791e-02,1.065333177513597684e-01,8.193163775181067088e-02,3.925513653860610574e-01,-2.713628001141903945e-01,-8.824924127062895585e-02,-2.161981762401436469e-01,-4.354731745232574003e-01,2.155063673564757420e-01,3.192743646775594302e-01,3.733504834128686389e-01,4.276577800000000984e-01,-2.438509739935645071e-01,-5.467807729858107507e-02,2.506720446555666948e-01,-5.832190989518629687e-01,3.675730482765837692e-02,1.741689926702808533e-01,1.000000000000000000e+00,5.388402864174413054e-01,1.000090911132609645e-01,1.171152233582576779e-01,1.230958577627705441e-02,2.468286457904929621e-01,-1.899621083401524246e-01,-4.472594465205470549e-01
-5.928015069451643138e-01,-2.439764547147191265e-01,-8.000774267605105239e-01,-5.912509436495181347e-01,-8.182778562119298327e-01,1.430679635966939922e-01,2.425906142643360908e-02,-8.343423997049788099e-01,5.567653414362779829e-01,8.869516472761084236e-01,-5.420568616931324968e-01,-4.258613450981649229e-03,-4.794096452028446809e-01,-3.355010511107562321e-01,3.326326945178885719e-01,1.718096092530484453e-01,9.357724576038537467e-01,-7.882102424101494753e-01,2.685949821766225321e-01,-2.772660748818331355e-01,-1.086144152790924633e-01,4.055019459913266067e-01,7.560053811792559753e-01,8.430657281642058853e-01,9.200854999999998896e-01,-5.780859559644521140e-01,1.307966448347217814e-01,6.318232434741908321e-01,-4.753670953059722093e-01,1.525093498569460304e-02,3.505725213091978043e-01,5.388402864174413054e-01,1.000000000000000000e+00,8.841201130883249992e-02,2.003275241051948319e-01,3.185007443002547123e-01,4.652805972872525730e-02,2.431263920145640689e-01,-9.103369718853094872e-01
5.681403295177265278e-01,3.183284883356196082e-01,2.144728281460313024e-01,2.924683354879105135e-01,-1.453074103369045855e-01,-2.628074193969746619e-01,-2.010141681803263858e-02,1.911919577670766479e-01,1.024546074901973025e-01,5.197828438552758862e-02,3.476662567403024373e-01,6.227934078685812835e-01,3.653692663695933263e-01,2.939693967374467642e-01,5.804655533343501261e-01,2.965122838023041552e-01,9.236474968573573502e-03,-3.436738807577131016e-01,-1.008961568661523311e-02,6.862266709995493708e-01,1.232080811519056796e-02,7.999165651507230690e-01,-3.043617563603591147e-01,3.579773257832988276e-01,-4.883669999999995515e-02,3.854847370894913805e-01,8.713297537834359396e-02,3.369778283037234701e-01,-2.041692936530155045e-01,4.140979517672074284e-01,3.430556672266201756e-01,1.000090911132609645e-01,8.841201130883249992e-02,1.000000000000000000e+00,7.197197676569415670e-01,2.359843659086820478e-01,-2.306446265350504954e-01,-2.521940136422901046e-01,2.092755654998416093e-01
5.570766013632784119e-01,1.062170149167726008e-01,3.401098452221999469e-01,-1.660326039230071993e-01,9.621924248524760248e-02,-9.611941755425384981e-02,-2.691193946925089509e-01,8.507105701824199673e-02,-1.210829433199951538e-01,-1.105388235842571509e-01,4.315868119647260359e-01,2.630330159988713001e-01,4.340593457808122335e-01,1.013741347786833724e-01,4.069154426880344788e-01,1.920391556766703478e-01,3.249686285303312466e-02,-1.444965269859004309e-01,-6.420944951305879167e-02,6.233142134243044863e-01,-1.288051295843482269e-01,6.245223739167599097e-01,-3.707585432322928476e-01,4.301842111151402137e-01,-1.016770000000000174e-01,1.449966273453880683e-01,4.358504264917524851e-01,4.277791929289004313e-02,-2.928575834233548281e-01,3.605553381817060421e-01,3.198275649575900714e-01,1.171152233582576779e-01,2.003275241051948319e-01,7.197197676569415670e-01,1.000000000000000000e+00,2.061192938673302444e-01,-1.967780951732088779e-01,-5.853985139015848577e-02,1.107698375130358043e-01
3.452969481698098947e-02,5.477976636930449450e-01,-1.481365445922535051e-01,3.803400372092663462e-02,-3.089323859196928534e-01,-5.501095015549658518e-01,-3.712500316206613360e-01,-4.761199067716737066e-02,6.434845233731567582e-01,2.916370888075245915e-01,8.391817562577313927e-03,4.515710577042371665e-01,3.697045335027838719e-01,-2.360072091417267370e-01,7.494948136788618376e-01,5.588604038605917701e-01,3.324947543291820184e-01,-4.851424567783515496e-01,-1.720628720043182736e-01,4.452890525952173384e-01,1.531360722103821403e-01,6.075795226236599955e-01,1.599004310086453995e-01,5.707378891770747975e-01,2.253243199999999113e-01,1.488184346196778918e-01,3.721831837759800865e-01,5.290332592680665469e-01,-1.319415680557231574e-02,5.696650991546694520e-01,1.866627212605757036e-01,1.230958577627705441e-02,3.185007443002547123e-01,2.359843659086820478e-01,2.061192938673302444e-01,1.000000000000000000e+00,-7.182747458993696266e-02,1.855717483978993609e-01,-1.787728604635268059e-01
-1.579621564654357380e-01,-8.514445209120270752e-02,-1.331742738190697384e-01,-1.809866901356830260e-01,-1.342840435897592055e-01,1.957608773819629611e-01,5.177587037716122609e-01,2.609901968037483533e-01,2.479897035027339158e-01,9.794430753491653596e-02,-7.171257647373251443e-01,6.757655733677693510e-02,-2.418117177481103885e-01,5.434356380582299195e-01,-7.459567513011799988e-03,-2.612223041250699707e-01,-1.868221189456366615e-01,2.364888999564116190e-01,-7.944690508286719188e-01,-8.984769034440977242e-02,-8.203084082502639651e-01,-1.563436650517694149e-01,1.385101308233020190e-01,-3.353342294120659206e-01,-5.299759999999997806e-02,3.478641752789092823e-01,-5.033021658238139295e-01,2.815024077862136598e-01,1.845563131622995623e-01,4.218883975489712279e-01,-6.678001293056151644e-01,2.468286457904929621e-01,4.652805972872525730e-02,-2.306446265350504954e-01,-1.967780951732088779e-01,-7.182747458993696266e-02,1.000000000000000000e+00,4.445823082420976013e-01,-2.436601230316164449e-02
-2.993377055644963480e-01,-1.961051714204319896e-01,-2.586304500316294330e-01,-5.303332439042562907e-01,-1.366937529066545864e-01,-6.460657709599347542e-02,-1.675937827456306095e-01,-1.372338550185048800e-01,1.849958255056644296e-01,1.672286737383691657e-01,-4.641315674977387618e-01,7.415027339397131309e-03,-1.114487044781027197e-01,1.143928533334429287e-01,4.507534319435224646e-02,-1.169889218945463910e-01,1.221609601584609656e-01,3.963789598881491127e-02,-2.827420601102272335e-01,-9.263067884296836974e-02,-3.212562151039332070e-01,-2.665385350456206739e-02,3.146816075111243949e-01,-6.191663141552303934e-02,1.390378400000000791e-01,-1.311112443337150366e-02,-3.538305736853875061e-02,2.541035898090394096e-01,5.983674909121152741e-01,2.717928685894814289e-01,-3.598262650635283832e-01,-1.899621083401524246e-01,2.431263920145640689e-01,-2.521940136422901046e-01,-5.853985139015848577e-02,1.855717483978993609e-01,4.445823082420976013e-01,1.000000000000000000e+00,-2.136657880311804425e-01
8.474975211737152403e-01,2.522807352273180870e-01,8.716183280526630384e-01,6.086129106773686681e-01,7.522934809015595636e-01,-2.148630891415460598e-01,6.572660766447475933e-03,9.277310031976570004e-01,-5.026869891938858803e-01,-8.576858247524390411e-01,6.162541266367853598e-01,2.912858043515696438e-01,5.768970998367188852e-01,5.485253657955250217e-01,-7.789614652455806310e-02,-9.708829790829476281e-02,-9.495236182656896506e-01,6.973303577082413662e-01,-3.799109552242220245e-01,6.074119400634035992e-01,-2.065052609534656636e-02,-6.375207229470553072e-02,-8.918688552864232344e-01,-7.029513504329290008e-01,-9.488703400000000343e-01,7.774553193250354211e-01,-1.237181639473743239e-01,-4.566044103428663070e-01,4.128671301000093607e-01,2.446996191767351614e-01,-4.060361358519538055e-01,-4.472594465205470549e-01,-9.103369718853094872e-01,2.092755654998416093e-01,1.107698375130358043e-01,-1.787728604635268059e-01,-2.436601230316164449e-02,-2.136657880311804425e-01,1.000000000000000000e+00
