1.0,0.43036081146203875,0.32112159395332296,0.61454362355352976,0.55568691023571226,-0.67691546799775204,0.090250995690316346,0.1604733065370047,-0.27101619435124868,0.23916977627916455,0.27032875916437504,-0.22407389867532596,0.85162817226236154,-0.71229388366422264,0.089358495027178894,-0.0096540590508773158,0.0055018291761202136,-0.30931779205623677,-0.14034090987776296,0.37281276302807637,-0.16982287881343661,0.027417298820647102,0.070176792118423342,-0.23735730417092124,0.14018250167263219,-0.044392418437713167,-0.33952313952100649,-0.91756819514095467,-0.75663536742039472,0.46003195887836373,0.7311738094095861,0.43375383059435546,0.45743512744095816,0.28875916142270391,0.071625320000000103,-0.80040614248663466,0.79089673542541783,0.55417818267274366,0.21081005939021863
0.43036081146203875,1.0,0.66333343202805783,0.75661005730560327,0.76665994124145498,-0.075389368160368314,-0.36910519808884995,0.23904483109013322,-0.059712145732750702,-0.33232878793125031,-0.44384407679619287,-0.55971973652054741,0.26494022876024936,-0.52851665612626453,0.50591238373340375,-0.10235031956059538,-0.51682642069455886,-0.35798138387750261,0.19915052771888406,-0.19522234703532215,0.41150533806845807,-0.41293829380908081,0.10030248897399836,0.014892955913167683,0.29635519458915566,0.029786656301278868,0.43600628555737098,-0.55037595284475826,-0.29258725244788075,0.0015549737349111476,0.21774857241467147,0.53896583768804651,0.75880114983161662,0.75391637835699599,-0.44160184000000002,-0.22637170189757688,0.78224711205878328,-0.0701307822518661,-0.48154408992817599
0.32112159395332296,0.66333343202805783,1.0,0.87673892386834062,0.93638115659417231,0.37867872329382252,-0.81138467563819106,0.45221435444107133,0.42390113501953264,-0.38709182751101889,-0.70909103032677778,-0.92175963531823057,0.027892434905482003,-0.79811857901228644,0.82589689651402554,-0.38766227651690088,-0.90800452717772939,-0.81586527213017257,-0.14111201846333787,-0.25028189993729361,0.72744502049779058,-0.75641500351766389,0.016270556001495545,-0.36126869671070472,0.66850887614235333,0.31385098969405151,0.61250254187262254,-0.33569057931852569,0.18892971915235063,-0.1470491556541843,0.28693010696255256,0.62645573840681645,0.89682282247232026,0.88763244393024732,-0.90433317999999996,0.14149369405535636,0.58303096000102927,-0.53451377065330241,-0.11980771526740253
0.61454362355352976,0.75661005730560327,0.87673892386834062,1.0,0.94834626115350684,-0.063577870062413749,-0.50693838341186748,0.14102040752683359,0.31695969098297433,-0.07981819465609076,-0.38597714581853348,-0.80664432115338691,0.44562497529765871,-0.92842588277122684,0.52763298249106894,-0.47692785346328576,-0.62415372816287429,-0.72749861878747091,0.0037420747748043246,-0.16473375109542523,0.44900429929291669,-0.56013178246048989,-0.096227945595762851,-0.280842944245008,0.61171154573602782,0.33084579316692486,0.24043730957186515,-0.69565044383618035,-0.14488098790358275,0.28098950644257492,0.51410197179163442,0.7597977394407921,0.85988234182310763,0.85022053558528743,-0.61898786000000006,-0.2826443876240583,0.69120321045822686,-0.10687112321598961,-0.12350559182695327
0.55568691023571226,0.76665994124145498,0.93638115659417231,0.94834626115350684,1.0,0.07767958782783399,-0.62700124902402288,0.36813661345231224,0.27057824370482014,-0.22418899580157989,-0.50344204618299138,-0.81273224238935204,0.32613279730728173,-0.8916356368651519,0.70373909608932284,-0.37584221279418484,-0.74809213541159914,-0.78520492991751856,-0.13937832014417043,-0.11158822116455654,0.56140166412060588,-0.6085666318905838,0.050335417623202532,-0.42964231343342119,0.64107610806127324,0.22259356867696012,0.40010942293764556,-0.60041646905463375,-0.10545490075534046,0.036047906013862291,0.46437752194932558,0.71568036574682348,0.89509417344973041,0.87737491287053604,-0.72076681999999992,-0.13922817721957587,0.75233977847079392,-0.24553552220228184,-0.056465504335808936
-0.67691546799775204,-0.075389368160368314,0.37867872329382252,-0.063577870062413749,0.07767958782783399,1.0,-0.76435858952488867,0.35569240437585598,0.54450598961233587,-0.55962043199406242,-0.81263605188419596,-0.4301632581410294,-0.87828371298353258,0.17391401549308472,0.59541016268174274,-0.17325113445748566,-0.69925493181134357,-0.33100242929593793,-0.075235355489790504,-0.4848843016733328,0.76185192579975469,-0.48836204724409465,0.18828739273349235,-0.0966451301219141,0.21720538275748655,0.245664333845352,0.81637138118148156,0.74270566582943465,0.86352303097425853,-0.69806901981303049,-0.55780018550749766,-0.0243178935131661,0.13050195027169356,0.31273396490373317,-0.73494506000000004,0.93908991691778942,-0.33247965313667094,-0.98314795563555735,-0.17875290078183007
0.090250995690316346,-0.36910519808884995,-0.81138467563819106,-0.50693838341186748,-0.62700124902402288,-0.76435858952488867,1.0,-0.50895990041933037,-0.63493890758207205,0.44981148426537054,0.91944260605110073,0.80102696068077073,0.44228555027457583,0.38199693029970822,-0.8472329798474646,0.32655381258341826,0.96702011048773484,0.79022612392428615,0.05897397490020919,0.48316680280086072,-0.96984055911143052,0.56953029553420953,-0.36568970406905577,0.36480171386383409,-0.37039758838451436,-0.44155715968708348,-0.83266160435357794,-0.1851208927006211,-0.52435115891847062,0.4710376175634064,0.21754145431874206,-0.42903779206079995,-0.54267502054355976,-0.79405282124001753,0.95189357999999991,-0.57167526676752789,-0.22744910927531523,0.85030117267934768,0.18739818035297059
0.1604733065370047,0.23904483109013322,0.45221435444107133,0.14102040752683359,0.36813661345231224,0.35569240437585598,-0.50895990041933037,1.0,-0.21304076749585593,-0.54766930030307581,-0.44563667765491494,-0.31564744910770698,-0.24612956648055381,-0.17042456522982077,0.76357904382758035,0.49654961709097856,-0.56173147378039268,-0.32920142925627571,-0.50154941362046401,0.23763311416901028,0.39373694866317532,-0.30887778041274339,0.35308881061547165,-0.3238295515207148,0.13669703505817532,-0.30541528155256059,0.57900993733111528,0.028324096269184307,-0.051265330415792121,-0.73689253205002225,0.065372289497580824,-0.10333022880324177,0.40902836081458227,0.22960615659427028,-0.46817039999999999,0.25704656523259145,0.54134819614800289,-0.41453316343492574,0.1590804915789128
-0.27101619435124868,-0.059712145732750702,0.42390113501953264,0.31695969098297433,0.27057824370482014,0.54450598961233587,-0.63493890758207205,-0.21304076749585593,1.0,0.13400617266730838,-0.48676941906083881,-0.54167641629343388,-0.27713955143073982,-0.26424565608731759,0.19473028757820954,-0.70979657777120175,-0.51214747218622192,-0.6592691254470695,0.24417275998785642,-0.61679795906631574,0.65400057349817875,-0.25382896905322966,0.083684209792613831,-0.36630808702484546,0.27618362776305821,0.76352681854330551,0.27345914027615875,0.23429730296589257,0.68438468979814437,0.11427254353146778,-0.23906604368494339,0.45339670363705381,0.079215855098518057,0.50678126793665501,-0.59174883999999994,0.44930494167575136,-0.3370099146438636,-0.56318418922670277,-0.06731911346057734
0.23916977627916455,-0.33232878793125031,-0.38709182751101889,-0.07981819465609076,-0.22418899580157989,-0.55962043199406242,0.44981148426537054,-0.54766930030307581,0.13400617266730838,1.0,0.53653059244751544,0.4333374733773358,0.45132666197896781,-0.045221272986310436,-0.57771862819641462,-0.093427267682610504,0.52901494252197923,-0.02588229081022321,0.17051751223662701,-0.062241339978569857,-0.44308082920358299,0.72191345129627171,-0.14083340116186849,-0.069584441370019415,-0.18381992417598569,0.26380662545213568,-0.70546443747780685,-0.32388692920477169,-0.38191030909325174,0.66291411592865557,0.023803041800054853,-0.13507022351401574,-0.52224369612385846,-0.19199942427030148,0.51860740000000005,-0.55988974755859455,-0.17763719989272117,0.60761620462061294,0.17810961516111046
0.27032875916437504,-0.44384407679619287,-0.70909103032677778,-0.38597714581853348,-0.50344204618299138,-0.81263605188419596,0.91944260605110073,-0.44563667765491494,-0.48676941906083881,0.53653059244751544,1.0,0.69811764661661391,0.61881927734946685,0.16685120809903684,-0.81082441822710205,0.17999858364610799,0.91394672290804446,0.55503759543944542,-0.095967423127409399,0.63974091714039905,-0.92402748540583246,0.54744070342176254,-0.26187925839750831,0.036979025393282038,-0.26920767038956306,-0.38238749620859902,-0.95515288277812671,-0.31357562849473242,-0.5442437769191445,0.54974063023536979,0.44535212345699776,-0.22251059652165037,-0.49392130673780471,-0.74519332027670193,0.89034170000000001,-0.61296087182380421,-0.16688220414386296,0.88345653644118605,0.48342953758828278
-0.22407389867532596,-0.55971973652054741,-0.92175963531823057,-0.80664432115338691,-0.81273224238935204,-0.4301632581410294,0.80102696068077073,-0.31564744910770698,-0.54167641629343388,0.4333374733773358,0.69811764661661391,1.0,0.049734308324641902,0.69494005881836918,-0.67764125790783925,0.44998548953878664,0.85361685417226141,0.71461106768073746,-0.056872412048229085,0.35539790915313657,-0.73144529366259115,0.78949853306615014,0.026160177343188287,0.24200480117130985,-0.51359939256174647,-0.49378625448278707,-0.59039135158979317,0.21256910016881936,-0.35648800728991753,0.048007062030183241,-0.21970330559604928,-0.64300913276393445,-0.8320863082725326,-0.8120907997330451,0.87752914000000004,-0.20731743490868498,-0.40209488497015466,0.5763625700476932,0.22382835570343063
0.85162817226236154,0.26494022876024936,0.027892434905482003,0.44562497529765871,0.32613279730728173,-0.87828371298353258,0.44228555027457583,-0.24612956648055381,-0.27713955143073982,0.45132666197896781,0.61881927734946685,0.049734308324641902,1.0,-0.5816756715198419,-0.30614414958376457,-0.16573728855355616,0.35627078923809558,-0.087655674835425829,-0.067243516136224646,0.49080111696972539,-0.47060196832325185,0.1672174893313188,-0.12466434442086209,-0.24373506929757247,0.13300770596880174,-0.11454939654282564,-0.68878870749684651,-0.91354446761660935,-0.76035324162890527,0.71213412047683011,0.80872361566952511,0.44168741186570737,0.21944988309369484,0.037222077887979821,0.37441875999999996,-0.87332263031265023,0.51835404204069513,0.80227915262800209,0.33190859598948896
-0.71229388366422264,-0.52851665612626453,-0.79811857901228644,-0.92842588277122684,-0.8916356368651519,0.17391401549308472,0.38199693029970822,-0.17042456522982077,-0.26424565608731759,-0.045221272986310436,0.16685120809903684,0.69494005881836918,-0.5816756715198419,1.0,-0.44755548665846451,0.46559945701765915,0.49703329776624505,0.73670131846422837,0.22291224368456047,-0.085869833181841229,-0.26853348189258047,0.50767403944929124,0.16093059439615243,0.46094440212477894,-0.68630287610862084,-0.22975957432767308,-0.020200761475184102,0.75483870025086974,0.20975716288098303,-0.34008237268452235,-0.71622725762267858,-0.70866676932233785,-0.78733553135280165,-0.67139435133635805,0.51053510000000002,0.36628699690223865,-0.64976506364088527,-0.017217718401811754,-0.20626278174038903
0.089358495027178894,0.50591238373340375,0.82589689651402554,0.52763298249106894,0.70373909608932284,0.59541016268174274,-0.8472329798474646,0.76357904382758035,0.19473028757820954,-0.57771862819641462,-0.81082441822710205,-0.67764125790783925,-0.30614414958376457,-0.44755548665846451,1.0,-0.042266923156470057,-0.91886066237874875,-0.67434329945312799,-0.41355336256188741,-0.14303641829703251,0.7741367741654217,-0.60835386125040192,0.28866334545744332,-0.32022486491830277,0.52925018953021596,-0.013456742432193778,0.81543205722040701,0.00039343743199721226,0.20111665755946265,-0.64620172562289957,0.0018405666333035447,0.29571877434682742,0.68266461389386546,0.70934387291297307,-0.86584728,0.4207248227788476,0.52541717694462564,-0.69524532776262882,-0.039252924676398127
-0.0096540590508773158,-0.10235031956059538,-0.38766227651690088,-0.47692785346328576,-0.37584221279418484,-0.17325113445748566,0.32655381258341826,0.49654961709097856,-0.70979657777120175,-0.093427267682610504,0.17999858364610799,0.44998548953878664,-0.16573728855355616,0.46559945701765915,-0.042266923156470057,1.0,0.29383443878139548,0.50363975821154516,-0.1286058943825282,0.29292364488869244,-0.3709583194772208,0.37678016055833563,0.050487806844131282,0.31235984246122378,-0.49034691009618669,-0.45614910117948099,0.035816683157438654,0.099506136035806159,-0.40406198860715692,-0.39353208300104142,-0.19984315697500823,-0.75813199375937934,-0.26763217999185918,-0.46838898113797517,0.39616548000000007,-0.14659610501181225,0.19315682580058724,0.21638383476939374,-0.092856329282825834
0.0055018291761202136,-0.51682642069455886,-0.90800452717772939,-0.62415372816287429,-0.74809213541159914,-0.69925493181134357,0.96702011048773484,-0.56173147378039268,-0.51214747218622192,0.52901494252197923,0.91394672290804446,0.85361685417226141,0.35627078923809558,0.49703329776624505,-0.91886066237874875,0.29383443878139548,1.0,0.77508835000589804,0.13234175943666512,0.40330211662705129,-0.91781086033124082,0.69766855325704391,-0.23086813249888816,0.32749804643738339,-0.51817504316254748,-0.32325521153825915,-0.85081498233125352,-0.052267733875963229,-0.43518275627910868,0.46728753236187787,0.076556445438100057,-0.45545806521409643,-0.7087322300117932,-0.83803524314635325,0.98445107999999992,-0.49135082408814351,-0.37270314440359953,0.81005318193328135,0.19808467597514864
-0.30931779205623677,-0.35798138387750261,-0.81586527213017257,-0.72749861878747091,-0.78520492991751856,-0.33100242929593793,0.79022612392428615,-0.32920142925627571,-0.6592691254470695,-0.02588229081022321,0.55503759543944542,0.71461106768073746,-0.087655674835425829,0.73670131846422837,-0.67434329945312799,0.50363975821154516,0.77508835000589804,1.0,0.20027698300164073,0.24698248381301866,-0.72758667198268023,0.3655464023797857,-0.28213919310846136,0.67608190588436345,-0.53832516403728647,-0.44282466285101219,-0.37612142979322621,0.27808417172422673,-0.16438413047905229,0.065670424281226047,-0.18509814138985306,-0.63446654910080902,-0.5292429321676545,-0.81639475249618176,0.76575777999999994,-0.14345048982450964,-0.39442908641832641,0.43561456621441857,-0.16469756139084091
-0.14034090987776296,0.19915052771888406,-0.14111201846333787,0.0037420747748043246,-0.13937832014417043,-0.075235355489790504,0.05897397490020919,-0.50154941362046401,0.24417275998785642,0.17051751223662701,-0.095967423127409399,-0.056872412048229085,-0.067243516136224646,0.22291224368456047,-0.41355336256188741,-0.1286058943825282,0.13234175943666512,0.20027698300164073,1.0,-0.64306226746602613,0.058277622303668286,0.17446726073290378,-0.047740314967878658,0.44504198078139401,-0.54304545732915055,0.59752280173902217,0.019657273112238808,0.044229523751382338,0.13323009214582515,0.44187308052002228,-0.41075145760186232,0.029664650206162824,-0.12212851911640776,0.12566805808732737,0.12525057999999989,-0.15721607051288339,-0.19668164575013414,0.066478947543474678,-0.7804210424734116
0.37281276302807637,-0.19522234703532215,-0.25028189993729361,-0.16473375109542523,-0.11158822116455654,-0.4848843016733328,0.48316680280086072,0.23763311416901028,-0.61679795906631574,-0.062241339978569857,0.63974091714039905,0.35539790915313657,0.49080111696972539,-0.085869833181841229,-0.14303641829703251,0.29292364488869244,0.40330211662705129,0.24698248381301866,-0.64306226746602613,1.0,-0.55999626808683767,0.066198356510103903,-0.0160484291280556,-0.32040471638342988,0.07877474750493102,-0.68983677371193408,-0.48818272769191529,-0.30870620304860297,-0.50194746692049919,-0.034548509619258212,0.67001055737398851,-0.038063079408760137,-0.013920150555311759,-0.48534743619584964,0.4210780999999999,-0.30995508861512339,0.24187630030662427,0.49881339823571352,0.73113388970566018
-0.16982287881343661,0.41150533806845807,0.72744502049779058,0.44900429929291669,0.56140166412060588,0.76185192579975469,-0.96984055911143052,0.39373694866317532,0.65400057349817875,-0.44308082920358299,-0.92402748540583246,-0.73144529366259115,-0.47060196832325185,-0.26853348189258047,0.7741367741654217,-0.3709583194772208,-0.91781086033124082,-0.72758667198268023,0.058277622303668286,-0.55999626808683767,1.0,-0.48473792877361688,0.47457645061089038,-0.31977212168235247,0.28134573797587992,0.45199367840577886,0.8391557771176783,0.24202201157044945,0.53193920616667101,-0.46482961098159825,-0.3322893881386666,0.47284450901885966,0.45474801087551181,0.80244496006915322,-0.89382346000000001,0.60778205338484015,0.16928936322126859,-0.83305045223829033,-0.28550882341592521
0.027417298820647102,-0.41293829380908081,-0.75641500351766389,-0.56013178246048989,-0.6085666318905838,-0.48836204724409465,0.56953029553420953,-0.30887778041274339,-0.25382896905322966,0.72191345129627171,0.54744070342176254,0.78949853306615014,0.1672174893313188,0.50767403944929124,-0.60835386125040192,0.37678016055833563,0.69766855325704391,0.3655464023797857,0.17446726073290378,0.066198356510103903,-0.48473792877361688,1.0,0.29386914597142105,0.11626789167386177,-0.66746203976289908,-0.090722220101828593,-0.55828026913485462,0.019067583908443875,-0.47514767449909701,0.22281098198563548,-0.3223019710313999,-0.46057906186129194,-0.82825676446355478,-0.48747171848585419,0.76590263999999997,-0.37259519870327035,-0.22076142031837531,0.59986428238660516,0.07416338553122237
0.070176792118423342,0.10030248897399836,0.016270556001495545,-0.096227945595762851,0.050335417623202532,0.18828739273349235,-0.36568970406905577,0.35308881061547165,0.083684209792613831,-0.14083340116186849,-0.26187925839750831,0.026160177343188287,-0.12466434442086209,0.16093059439615243,0.28866334545744332,0.050487806844131282,-0.23086813249888816,-0.28213919310846136,-0.047740314967878658,-0.0160484291280556,0.47457645061089038,0.29386914597142105,1.0,-0.40163518631037665,-0.34394500099298364,-0.021544005605676847,0.27840901885535008,0.16193431335480868,-0.086068117936631383,-0.42641651685197096,-0.29015137041560735,0.23528141619802367,-0.14599778092249341,0.23113787402939376,-0.11461062,0.23535540445059158,0.19195496815788704,-0.17272287397618857,0.068213798580726404
-0.23735730417092124,0.014892955913167683,-0.36126869671070472,-0.280842944245008,-0.42964231343342119,-0.0966451301219141,0.36480171386383409,-0.3238295515207148,-0.36630808702484546,-0.069584441370019415,0.036979025393282038,0.24200480117130985,-0.24373506929757247,0.46094440212477894,-0.32022486491830277,0.31235984246122378,0.32749804643738339,0.67608190588436345,0.44504198078139401,-0.32040471638342988,-0.31977212168235247,0.11626789167386177,-0.40163518631037665,1.0,-0.35093539426750331,-0.044857604505657449,0.021160132697356865,0.19224426576308162,-0.028194676743843763,0.1144458307707045,-0.38286351742479485,-0.49243655250653018,-0.17717531097167691,-0.28033977526684878,0.31989022,-0.11998614672869082,-0.21502477936674602,0.1291582062279224,-0.65352081263185391
0.14018250167263219,0.29635519458915566,0.66850887614235333,0.61171154573602782,0.64107610806127324,0.21720538275748655,-0.37039758838451436,0.13669703505817532,0.27618362776305821,-0.18381992417598569,-0.26920767038956306,-0.51359939256174647,0.13300770596880174,-0.68630287610862084,0.52925018953021596,-0.49034691009618669,-0.51817504316254748,-0.53832516403728647,-0.54304545732915055,0.07877474750493102,0.28134573797587992,-0.66746203976289908,-0.34394500099298364,-0.35093539426750331,1.0,-0.1010969547145816,0.1921300763523574,-0.27031039142933927,0.17916176972728731,-0.048127476116642712,0.47932097065655627,0.46592865970620617,0.61768892505579376,0.45711414970335296,-0.58572416000000005,0.1475295770042957,0.24611954359865021,-0.30027013409190201,0.32562673213564675
-0.044392418437713167,0.029786656301278868,0.31385098969405151,0.33084579316692486,0.22259356867696012,0.245664333845352,-0.44155715968708348,-0.30541528155256059,0.76352681854330551,0.26380662545213568,-0.38238749620859902,-0.49378625448278707,-0.11454939654282564,-0.22975957432767308,-0.013456742432193778,-0.45614910117948099,-0.32325521153825915,-0.44282466285101219,0.59752280173902217,-0.68983677371193408,0.45199367840577886,-0.090722220101828593,-0.021544005605676847,-0.044857604505657449,-0.1010969547145816,1.0,0.18109681476772135,0.026151404058705086,0.40807541450629214,0.38567743752073586,-0.2655797890537071,0.3033412712987768,0.092968492365064631,0.47079224414077059,-0.37006559999999999,0.055038432906280584,-0.18068696518783811,-0.29279133728164802,-0.42226575734986443
-0.33952313952100649,0.43600628555737098,0.61250254187262254,0.24043730957186515,0.40010942293764556,0.81637138118148156,-0.83266160435357794,0.57900993733111528,0.27345914027615875,-0.70546443747780685,-0.95515288277812671,-0.59039135158979317,-0.68878870749684651,-0.020200761475184102,0.81543205722040701,0.035816683157438654,-0.85081498233125352,-0.37612142979322621,0.019657273112238808,-0.48818272769191529,0.8391557771176783,-0.55828026913485462,0.27840901885535008,0.021160132697356865,0.1921300763523574,0.18109681476772135,1.0,0.39187826939859527,0.50339884715250682,-0.71697099796002428,-0.45429695195424641,0.085763084149201599,0.47129377788407456,0.59854255452678873,-0.81063032000000002,0.6638827198743108,0.19058928304025341,-0.87401666925612187,-0.47395465282255644
-0.91756819514095467,-0.55037595284475826,-0.33569057931852569,-0.69565044383618035,-0.60041646905463375,0.74270566582943465,-0.1851208927006211,0.028324096269184307,0.23429730296589257,-0.32388692920477169,-0.31357562849473242,0.21256910016881936,-0.91354446761660935,0.75483870025086974,0.00039343743199721226,0.099506136035806159,-0.052267733875963229,0.27808417172422673,0.044229523751382338,-0.30870620304860297,0.24202201157044945,0.019067583908443875,0.16193431335480868,0.19224426576308162,-0.27031039142933927,0.026151404058705086,0.39187826939859527,1.0,0.75306093665926921,-0.59374087954281274,-0.76157769146219734,-0.47018148612358368,-0.49389921918804736,-0.33129270105455078,-0.094592659999999995,0.85066041580991114,-0.76166469788150004,-0.61597912277739075,-0.11404721528959905
-0.75663536742039472,-0.29258725244788075,0.18892971915235063,-0.14488098790358275,-0.10545490075534046,0.86352303097425853,-0.52435115891847062,-0.051265330415792121,0.68438468979814437,-0.38191030909325174,-0.5442437769191445,-0.35648800728991753,-0.76035324162890527,0.20975716288098303,0.20111665755946265,-0.40406198860715692,-0.43518275627910868,-0.16438413047905229,0.13323009214582515,-0.50194746692049919,0.53193920616667101,-0.47514767449909701,-0.086068117936631383,-0.028194676743843763,0.17916176972728731,0.40807541450629214,0.50339884715250682,0.75306093665926921,1.0,-0.32687187289863595,-0.45718721586010763,0.023138136256262661,-0.011229879145335174,0.10645762199489574,-0.54304956000000004,0.85432895553721011,-0.64221277723998527,-0.82509339159707851,-0.13972418135262285
0.46003195887836373,0.0015549737349111476,-0.1470491556541843,0.28098950644257492,0.036047906013862291,-0.69806901981303049,0.4710376175634064,-0.73689253205002225,0.11427254353146778,0.66291411592865557,0.54974063023536979,0.048007062030183241,0.71213412047683011,-0.34008237268452235,-0.64620172562289957,-0.39353208300104142,0.46728753236187787,0.065670424281226047,0.44187308052002228,-0.034548509619258212,-0.46482961098159825,0.22281098198563548,-0.42641651685197096,0.1144458307707045,-0.048127476116642712,0.38567743752073586,-0.71697099796002428,-0.59374087954281274,-0.32687187289863595,1.0,0.41834233094731849,0.28656608526348715,-0.042162398952638118,-0.045071082798748156,0.40601342000000007,-0.73203323648084218,-0.022594854009981485,0.66252256488972883,-0.037576834495727851
0.7311738094095861,0.21774857241467147,0.28693010696255256,0.51410197179163442,0.46437752194932558,-0.55780018550749766,0.21754145431874206,0.065372289497580824,-0.23906604368494339,0.023803041800054853,0.44535212345699776,-0.21970330559604928,0.80872361566952511,-0.71622725762267858,0.0018405666333035447,-0.19984315697500823,0.076556445438100057,-0.18509814138985306,-0.41075145760186232,0.67001055737398851,-0.3322893881386666,-0.3223019710313999,-0.29015137041560735,-0.38286351742479485,0.47932097065655627,-0.2655797890537071,-0.45429695195424641,-0.76157769146219734,-0.45718721586010763,0.41834233094731849,1.0,0.48265678653382199,0.5097853246808598,0.040053957573545247,0.049972820000000029,-0.55252581679632995,0.51000000527757816,0.46053168075738676,0.55293012630944616
0.43375383059435546,0.53896583768804651,0.62645573840681645,0.7597977394407921,0.71568036574682348,-0.0243178935131661,-0.42903779206079995,-0.10333022880324177,0.45339670363705381,-0.13507022351401574,-0.22251059652165037,-0.64300913276393445,0.44168741186570737,-0.70866676932233785,0.29571877434682742,-0.75813199375937934,-0.45545806521409643,-0.63446654910080902,0.029664650206162824,-0.038063079408760137,0.47284450901885966,-0.46057906186129194,0.23528141619802367,-0.49243655250653018,0.46592865970620617,0.3033412712987768,0.085763084149201599,-0.47018148612358368,0.023138136256262661,0.28656608526348715,0.48265678653382199,1.0,0.6044139800726771,0.68539090469574937,-0.47207272,-0.071849228179810321,0.38614966117194283,-0.09190618284979199,0.087741556964938572
0.45743512744095816,0.75880114983161662,0.89682282247232026,0.85988234182310763,0.89509417344973041,0.13050195027169356,-0.54267502054355976,0.40902836081458227,0.079215855098518057,-0.52224369612385846,-0.49392130673780471,-0.8320863082725326,0.21944988309369484,-0.78733553135280165,0.68266461389386546,-0.26763217999185918,-0.7087322300117932,-0.5292429321676545,-0.12212851911640776,-0.013920150555311759,0.45474801087551181,-0.82825676446355478,-0.14599778092249341,-0.17717531097167691,0.61768892505579376,0.092968492365064631,0.47129377788407456,-0.49389921918804736,-0.011229879145335174,-0.042162398952638118,0.5097853246808598,0.6044139800726771,1.0,0.72322508540208919,-0.70437664,-0.071393168507020599,0.7008222120404789,-0.30097654564782023,-0.15011115296227479
0.28875916142270391,0.75391637835699599,0.88763244393024732,0.85022053558528743,0.87737491287053604,0.31273396490373317,-0.79405282124001753,0.22960615659427028,0.50678126793665501,-0.19199942427030148,-0.74519332027670193,-0.8120907997330451,0.037222077887979821,-0.67139435133635805,0.70934387291297307,-0.46838898113797517,-0.83803524314635325,-0.81639475249618176,0.12566805808732737,-0.48534743619584964,0.80244496006915322,-0.48747171848585419,0.23113787402939376,-0.28033977526684878,0.45711414970335296,0.47079224414077059,0.59854255452678873,-0.33129270105455078,0.10645762199489574,-0.045071082798748156,0.040053957573545247,0.68539090469574937,0.72322508540208919,1.0,-0.80360065999999997,0.081115190175568105,0.54631637201214378,-0.45208811518852682,-0.34703025042707897
0.071625320000000103,-0.44160184000000002,-0.90433317999999996,-0.61898786000000006,-0.72076681999999992,-0.73494506000000004,0.95189357999999991,-0.46817039999999999,-0.59174883999999994,0.51860740000000005,0.89034170000000001,0.87752914000000004,0.37441875999999996,0.51053510000000002,-0.86584728,0.39616548000000007,0.98445107999999992,0.76575777999999994,0.12525057999999989,0.4210780999999999,-0.89382346000000001,0.76590263999999997,-0.11461062,0.31989022,-0.58572416000000005,-0.37006559999999999,-0.81063032000000002,-0.094592659999999995,-0.54304956000000004,0.40601342000000007,0.049972820000000029,-0.47207272,-0.70437664,-0.80360065999999997,1.0,-0.53439927999999992,-0.25972602,0.8405243,0.16541549999999994
-0.80040614248663466,-0.22637170189757688,0.14149369405535636,-0.2826443876240583,-0.13922817721957587,0.93908991691778942,-0.57167526676752789,0.25704656523259145,0.44930494167575136,-0.55988974755859455,-0.61296087182380421,-0.20731743490868498,-0.87332263031265023,0.36628699690223865,0.4207248227788476,-0.14659610501181225,-0.49135082408814351,-0.14345048982450964,-0.15721607051288339,-0.30995508861512339,0.60778205338484015,-0.37259519870327035,0.23535540445059158,-0.11998614672869082,0.1475295770042957,0.055038432906280584,0.6638827198743108,0.85066041580991114,0.85432895553721011,-0.73203323648084218,-0.55252581679632995,-0.071849228179810321,-0.071393168507020599,0.081115190175568105,-0.53439927999999992,1.0,-0.48871128133206265,-0.87821395159226601,-0.02618016409516799
0.79089673542541783,0.78224711205878328,0.58303096000102927,0.69120321045822686,0.75233977847079392,-0.33247965313667094,-0.22744910927531523,0.54134819614800289,-0.3370099146438636,-0.17763719989272117,-0.16688220414386296,-0.40209488497015466,0.51835404204069513,-0.64976506364088527,0.52541717694462564,0.19315682580058724,-0.37270314440359953,-0.39442908641832641,-0.19668164575013414,0.24187630030662427,0.16928936322126859,-0.22076142031837531,0.19195496815788704,-0.21502477936674602,0.24611954359865021,-0.18068696518783811,0.19058928304025341,-0.76166469788150004,-0.64221277723998527,-0.022594854009981485,0.51000000527757816,0.38614966117194283,0.7008222120404789,0.54631637201214378,-0.25972602,-0.48871128133206265,1.0,0.18577444504856117,-0.049923188874986257
0.55417818267274366,-0.0701307822518661,-0.53451377065330241,-0.10687112321598961,-0.24553552220228184,-0.98314795563555735,0.85030117267934768,-0.41453316343492574,-0.56318418922670277,0.60761620462061294,0.88345653644118605,0.5763625700476932,0.80227915262800209,-0.017217718401811754,-0.69524532776262882,0.21638383476939374,0.81005318193328135,0.43561456621441857,0.066478947543474678,0.49881339823571352,-0.83305045223829033,0.59986428238660516,-0.17272287397618857,0.1291582062279224,-0.30027013409190201,-0.29279133728164802,-0.87401666925612187,-0.61597912277739075,-0.82509339159707851,0.66252256488972883,0.46053168075738676,-0.09190618284979199,-0.30097654564782023,-0.45208811518852682,0.8405243,-0.87821395159226601,0.18577444504856117,1.0,0.21856641927309536
0.21081005939021863,-0.48154408992817599,-0.11980771526740253,-0.12350559182695327,-0.056465504335808936,-0.17875290078183007,0.18739818035297059,0.1590804915789128,-0.06731911346057734,0.17810961516111046,0.48342953758828278,0.22382835570343063,0.33190859598948896,-0.20626278174038903,-0.039252924676398127,-0.092856329282825834,0.19808467597514864,-0.16469756139084091,-0.7804210424734116,0.73113388970566018,-0.28550882341592521,0.07416338553122237,0.068213798580726404,-0.65352081263185391,0.32562673213564675,-0.42226575734986443,-0.47395465282255644,-0.11404721528959905,-0.13972418135262285,-0.037576834495727851,0.55293012630944616,0.087741556964938572,-0.15011115296227479,-0.34703025042707897,0.16541549999999994,-0.02618016409516799,-0.049923188874986257,0.21856641927309536,1.0
