1.000000000000000000e+00,7.811331041526775598e-01,-2.586401120450855240e-01,-3.018393842240559288e-01,-2.519328492305010214e-01,-4.862941873607553589e-01,-4.441733289429102283e-01,-2.979899700161381393e-01,2.679463454527332145e-01,-4.470951738537302655e-01,4.410263999999999296e-01,6.111431091385316483e-01,9.765399272561678390e-02,3.420569680906504484e-02,-4.852394065890503483e-01,-3.110163372300005571e-02,1.421326225170817525e-01,-1.466497090632831735e-01,-3.599870611551778121e-01,-2.080530304210188863e-01,5.156224196543137683e-01,5.392999263630794404e-01,-3.508864183924465530e-01,5.786749412793170677e-01,-2.190573262124526910e-01,7.081024804426178099e-01,-3.949917968888077557e-01,-1.125702610454008407e-01,1.661913188968180688e-01,5.968911675523894678e-01,4.095683924461304692e-02,3.986303681688314615e-01,1.221746098108197343e-01,4.880268514960556248e-01,2.077240237465610428e-01,-8.762443121388613365e-02,-4.093183504390991434e-01,-1.943735666374679372e-01,1.637805879309727763e-01
7.811331041526775598e-01,1.000000000000000000e+00,-3.799531083425843336e-01,6.699553457196245898e-02,-7.815999496699524429e-02,-5.382347174546096014e-01,-1.891904801079797027e-01,-1.482544470002552517e-01,1.718739734553741683e-01,-1.679594833097717288e-01,2.600640599999999303e-01,2.572124579724888171e-01,2.807379132856084869e-01,1.984567018505190017e-03,-2.914551916060951209e-01,4.490293103217330578e-02,2.925061231608008239e-01,-2.228248878146838266e-02,-1.897145368035668689e-01,-3.112534565550352239e-01,4.783010524460059032e-01,1.535221759995579471e-01,-4.763332547307970732e-01,3.436825701417325907e-01,1.376423150009594421e-01,6.538936077735736374e-01,-3.132438492493168636e-01,2.279704185366060176e-01,2.031103739809032582e-01,2.017444083310931668e-01,-9.697205082559809397e-02,2.649310704918301784e-01,1.584170793194482063e-01,3.080643154839826092e-01,7.438499082478286506e-02,-8.887285698817876112e-02,-3.794390416723152915e-01,-1.150441324702204532e-01,1.935444328471415398e-01
-2.586401120450855240e-01,-3.799531083425843336e-01,1.000000000000000000e+00,-1.466320222316161437e-01,-7.354175516241337474e-02,2.152003123122273875e-01,-2.603981015546534203e-02,-1.964188353398009512e-01,-1.400024467757403079e-01,2.709004683334363395e-01,-1.516715199999999486e-01,1.024592771176385253e-01,9.524839218547699257e-03,-4.038813847705363669e-02,1.502217037978621494e-01,-2.931193142455097989e-01,-1.116185917798390992e-01,6.965217942464514700e-02,2.928471175815254846e-01,-1.881526241667477173e-01,-5.735303048914985879e-01,-1.772073609100040248e-01,1.032492196345777408e-01,-1.188291823738689551e-01,-5.292792374889073587e-02,-2.571430577710671073e-01,-3.313966451205042213e-02,-2.769871029148136543e-01,-5.347139549620410354e-02,7.390401864553508560e-02,-1.894535063667329711e-02,-1.817462666594331089e-01,-1.298522654381774055e-01,-1.286880153967559504e-01,1.237528311211768817e-01,-1.579801928936390709e-01,2.179253764042768660e-01,2.211939673173532461e-01,-2.164386585617714964e-01
-3.018393842240559288e-01,6.699553457196245898e-02,-1.466320222316161437e-01,1.000000000000000000e+00,9.118557523498957984e-01,3.985485366262328522e-01,-4.876799126437251358e-02,5.961915862205343641e-01,-7.036686450701805651e-01,5.614045927991614393e-01,-7.935396599999999800e-01,-3.066983645331082808e-01,-4.053485049118783490e-01,-6.983663514204150324e-01,7.864135132591402177e-01,-3.044210885068464600e-01,-4.503787670125092291e-02,8.060772742957329484e-01,6.902819858042797962e-01,1.970196582146802322e-01,-2.416230708980038888e-01,-6.656142618923825971e-01,4.552955217022047196e-01,-8.205250650346349595e-01,-6.828679745187980765e-02,-2.646050509338365164e-01,2.622875247919040920e-01,3.223011100306849008e-01,5.740481153306454809e-01,-5.166831711465822430e-01,1.268032835143439174e-01,-7.058890961430971944e-02,-6.402700442602908826e-01,-7.358987026158603229e-01,-1.927654789753188991e-01,-5.651611760851078525e-01,-4.125301788338388564e-01,3.445197907012410021e-01,9.080817028837219473e-02
-2.519328492305010214e-01,-7.815999496699524429e-02,-7.354175516241337474e-02,9.118557523498957984e-01,1.000000000000000000e+00,4.263054553281840353e-01,-2.369938667955171219e-01,6.112869377006160398e-01,-8.228944971636216188e-01,5.528294509630571341e-01,-8.753388600000000519e-01,-9.865722886675760972e-02,-6.182360595863090058e-01,-8.838417592969795011e-01,8.534460110264234789e-01,-2.904286855417129720e-01,-1.645279142831574115e-01,9.229692300038367936e-01,7.758607466270965869e-01,3.269447066331473972e-01,-2.921692604294647833e-01,-5.731992276248909501e-01,6.805967257873162257e-01,-8.613554018272835400e-01,-4.022137784004278238e-01,-2.138774075600466396e-01,1.404695214862388963e-01,1.041721104064274178e-01,7.426708470123163375e-01,-3.579393294278476745e-01,1.811535149898974573e-01,1.270644391057356992e-01,-8.678411735628036583e-01,-7.979958650014433719e-01,-1.347037752313670345e-01,-7.601161327350763885e-01,-5.836751164776283751e-01,4.223522060560273017e-01,2.382045521734078852e-01
-4.862941873607553589e-01,-5.382347174546096014e-01,2.152003123122273875e-01,3.985485366262328522e-01,4.263054553281840353e-01,1.000000000000000000e+00,1.154679395405019439e-02,1.676761322661592113e-01,-5.701801569686768545e-01,1.806155404209912330e-01,-5.955067400000000344e-01,-9.673079485715249670e-02,-6.769007050649507029e-01,-2.053486108215352990e-01,6.354795341408393528e-01,-5.811861012509574043e-02,-6.124426142379660876e-01,2.396256111266054090e-01,3.279649671401552169e-01,4.562446560577629873e-01,-8.587404147295382706e-02,-3.764767073080154680e-01,4.384645701894134828e-01,-6.389552128946044407e-01,-2.797769575129809838e-01,-7.411482589108755459e-01,7.782456448973649188e-01,2.958588106950884589e-01,-1.097967031775078789e-01,-1.700085767795044278e-01,-1.118007044039323050e-01,-5.519442011026044481e-01,-3.236221827724612421e-01,-6.801633768147034020e-01,-6.099415217361398023e-01,-2.233717493725606573e-02,2.543770812365397371e-01,2.002345184659762856e-01,1.363176811458683968e-01
-4.441733289429102283e-01,-1.891904801079797027e-01,-2.603981015546534203e-02,-4.876799126437251358e-02,-2.369938667955171219e-01,1.154679395405019439e-02,1.000000000000000000e+00,9.356918989846334245e-02,4.671423028598568061e-01,-2.998018164465957591e-01,2.745852200000000742e-01,-8.850645048200913578e-01,3.324863818466010090e-01,3.126359431224655094e-01,-2.370284069622850820e-01,-2.975139215147487928e-02,5.425553733759869157e-01,-1.864683387636477396e-01,-3.686243638613270202e-01,-3.541393382988300420e-01,1.001178045366599018e-01,3.377886066413867110e-03,-1.101219582372001959e-01,9.746772326921435137e-02,5.450658187135788424e-01,-5.828038575809912913e-01,-3.655695084815799994e-02,3.159545929754777882e-01,-2.274454228523566657e-01,-7.611958222162293897e-01,1.036542400087063637e-01,-3.502585379085401684e-02,3.977444869691255658e-01,2.548393219004433941e-01,1.412323341185666992e-01,5.214873894134722798e-01,3.062246239569129669e-01,-5.875709687944824511e-01,-2.966711960731527875e-01
-2.979899700161381393e-01,-1.482544470002552517e-01,-1.964188353398009512e-01,5.961915862205343641e-01,6.112869377006160398e-01,1.676761322661592113e-01,9.356918989846334245e-02,1.000000000000000000e+00,-2.060693264881301168e-01,-3.785316983533122074e-03,-3.239110600000000284e-01,-4.504947246250944892e-01,-3.958023936793341191e-01,-5.717316755730331712e-01,3.102287060932044094e-01,-4.499907774987510489e-01,2.444556124235554018e-01,5.757451294831158473e-01,2.040938543129705574e-01,3.545012231591804230e-01,-1.551147189595936671e-01,-9.183200017349178387e-03,7.422932879199143352e-01,-4.242594225759375171e-01,-1.539831214413013016e-01,-2.768053282107094670e-01,-1.890579551562828753e-01,-2.868069064319385686e-01,5.257079016221560819e-01,-5.122444588152876843e-01,7.273537078371223874e-01,3.211789327287727924e-01,-5.194694915128120760e-01,-2.452362166387015430e-01,3.439610775823317423e-01,-3.342050932022202492e-01,-3.835876214499598369e-01,-2.300916286861143523e-01,-2.810486119633169855e-01
2.679463454527332145e-01,1.718739734553741683e-01,-1.400024467757403079e-01,-7.036686450701805651e-01,-8.228944971636216188e-01,-5.701801569686768545e-01,4.671423028598568061e-01,-2.060693264881301168e-01,1.000000000000000000e+00,-7.367368211535800793e-01,9.692866799999999561e-01,-2.527983959402648195e-01,6.821625786083904686e-01,7.220115109781698459e-01,-9.610040301685026654e-01,-2.146532710896251195e-02,6.103672681404980205e-01,-7.145347093504694769e-01,-8.759163452726321797e-01,-4.455709250144381239e-01,3.608289058372766145e-01,7.095202577249186682e-01,-5.119621787586191575e-01,8.763519271550606060e-01,5.277188342975372981e-01,1.364857776204300432e-01,-4.285632915176033064e-01,-1.651631342246653866e-01,-4.679649599319454789e-01,3.481603955355080937e-02,2.640322869211338963e-01,1.490195959340535059e-01,8.024084849587226342e-01,9.593509243571798351e-01,5.162796188846984213e-01,7.114381115589486493e-01,3.670237796683314402e-01,-7.300558513823478535e-01,-5.300639266629921798e-01
-4.470951738537302655e-01,-1.679594833097717288e-01,2.709004683334363395e-01,5.614045927991614393e-01,5.528294509630571341e-01,1.806155404209912330e-01,-2.998018164465957591e-01,-3.785316983533122074e-03,-7.367368211535800793e-01,1.000000000000000000e+00,-7.708888999999999880e-01,8.379645281329904660e-02,-4.542005271736715422e-02,-4.136055699047616607e-01,7.652657681301699988e-01,5.971483779026696970e-02,-3.115689433497791372e-01,5.103046138517199903e-01,9.080520694721492259e-01,1.413769212653040452e-02,-6.839091241633624696e-01,-8.984298600086577657e-01,1.061877074048488412e-01,-7.265885425083724591e-01,2.571897487535655669e-02,3.582015239631745201e-02,2.651518611497549749e-01,1.403810336918526469e-01,2.640308803316636643e-01,-1.395813281102982750e-01,-3.852750758706019463e-01,-3.039949676640023579e-01,-4.660738286765007676e-01,-7.391470088834009022e-01,-3.259990613604300536e-01,-5.781572741791127790e-01,-9.369202266711328109e-02,8.912001751663941596e-01,2.254268998893696752e-01
4.410263999999999296e-01,2.600640599999999303e-01,-1.516715199999999486e-01,-7.935396599999999800e-01,-8.753388600000000519e-01,-5.955067400000000344e-01,2.745852200000000742e-01,-3.239110600000000284e-01,9.692866799999999561e-01,-7.708888999999999880e-01,1.000000000000000000e+00,-2.561805999999999806e-02,6.190368600000000221e-01,7.395893799999999629e-01,-9.968655199999999494e-01,3.926856000000000790e-02,4.751941799999999105e-01,-7.752738399999999919e-01,-9.069601600000000152e-01,-3.679126600000000025e-01,4.490581399999999945e-01,7.951885199999999543e-01,-5.613933199999999735e-01,9.617956999999999201e-01,3.926397800000001048e-01,2.762678400000000423e-01,-4.151127000000000011e-01,-1.897674000000000305e-01,-4.927829000000000237e-01,2.627756800000000670e-01,1.829689599999999583e-01,1.666505599999998921e-01,8.005231200000000324e-01,9.773620199999999425e-01,4.539866599999999863e-01,6.888341399999999837e-01,3.295195600000000447e-01,-6.784336600000000495e-01,-4.162608399999999653e-01
6.111431091385316483e-01,2.572124579724888171e-01,1.024592771176385253e-01,-3.066983645331082808e-01,-9.865722886675760972e-02,-9.673079485715249670e-02,-8.850645048200913578e-01,-4.504947246250944892e-01,-2.527983959402648195e-01,8.379645281329904660e-02,-2.561805999999999806e-02,1.000000000000000000e+00,-1.992017247857792994e-01,-5.999576434280295967e-02,-5.380735067693203678e-03,2.434747567385278366e-01,-5.461224164811712134e-01,-9.497263084523029086e-02,1.254960333494348768e-01,1.762026525732188209e-01,8.350599344384068701e-02,1.546564923565012517e-01,-1.458840160083096082e-01,1.658894752932867644e-01,-5.195494652835989102e-01,6.342851953762476125e-01,5.147556124602903696e-03,-2.530242215930103566e-01,2.254648807472431002e-02,8.885345866558395089e-01,-3.160863837089468165e-01,2.695435206015638768e-02,-1.495943613542914941e-01,-3.494774596633729719e-02,-2.024437997977684423e-01,-3.054635346527728723e-01,-1.776703072704946262e-01,4.613357926702621459e-01,4.302015832205343115e-01
9.765399272561678390e-02,2.807379132856084869e-01,9.524839218547699257e-03,-4.053485049118783490e-01,-6.182360595863090058e-01,-6.769007050649507029e-01,3.324863818466010090e-01,-3.958023936793341191e-01,6.821625786083904686e-01,-4.542005271736715422e-02,6.190368600000000221e-01,-1.992017247857792994e-01,1.000000000000000000e+00,6.205362817116887308e-01,-6.170253202477934407e-01,8.488278073480867714e-02,5.881176511978403187e-01,-4.991342206359103417e-01,-3.291559113861707297e-01,-7.664052380517121232e-01,-8.418598290247293614e-02,5.704985801084929559e-02,-7.759948110518927189e-01,5.331461505238577203e-01,8.459980251111638427e-01,3.469543195774828503e-01,-3.293946075680949659e-01,2.084442015404996615e-02,-3.748892855097591958e-01,-7.539051729783158295e-02,-1.030616696398214682e-01,-1.297216966391513404e-01,7.168267165591294399e-01,6.460842435111540105e-01,3.536612425063197507e-01,4.060855282073891348e-01,3.807103770994473835e-01,-1.013158002363945542e-01,-4.571731468993395220e-01
3.420569680906504484e-02,1.984567018505190017e-03,-4.038813847705363669e-02,-6.983663514204150324e-01,-8.838417592969795011e-01,-2.053486108215352990e-01,3.126359431224655094e-01,-5.717316755730331712e-01,7.220115109781698459e-01,-4.136055699047616607e-01,7.395893799999999629e-01,-5.999576434280295967e-02,6.205362817116887308e-01,1.000000000000000000e+00,-6.915653886871808709e-01,3.962353032924998408e-01,1.581718625442554704e-02,-9.635583281436769232e-01,-7.216567473673262123e-01,-2.158173190047742440e-01,3.679944728975703683e-01,3.424256237645418866e-01,-7.679001533951380631e-01,6.756784669789998032e-01,6.033315953109057439e-01,-5.573965166943917193e-03,1.978391418181491002e-01,2.399842838828144531e-01,-9.326897929467398152e-01,2.115164376978354577e-01,-3.366167807897153530e-01,-4.765604811083208880e-01,9.742214224902940867e-01,6.069549693216085284e-01,-1.015537378115649869e-01,9.194183723381625928e-01,8.242487337213573184e-01,-3.148562595727507629e-01,-2.587373587875748115e-01
-4.852394065890503483e-01,-2.914551916060951209e-01,1.502217037978621494e-01,7.864135132591402177e-01,8.534460110264234789e-01,6.354795341408393528e-01,-2.370284069622850820e-01,3.102287060932044094e-01,-9.610040301685026654e-01,7.652657681301699988e-01,-9.968655199999999494e-01,-5.380735067693203678e-03,-6.170253202477934407e-01,-6.915653886871808709e-01,1.000000000000000000e+00,-3.693603305965042962e-03,-5.050016762602980158e-01,7.333735947151983625e-01,8.848356380397061072e-01,3.883360074652443261e-01,-4.290076647610554517e-01,-8.094367772812488537e-01,5.415656941773446809e-01,-9.676533521425848550e-01,-3.622369059805825575e-01,-3.267535870304667522e-01,4.729840311117648466e-01,2.367091234420629076e-01,4.302268199690396089e-01,-2.831374028901011974e-01,-2.176781046389308083e-01,-2.250283563887398586e-01,-7.590315120472016508e-01,-9.886957872397948988e-01,-4.988369036111501842e-01,-6.296815925390844004e-01,-2.649727968664289390e-01,6.687956230738414387e-01,4.175459614263267172e-01
-3.110163372300005571e-02,4.490293103217330578e-02,-2.931193142455097989e-01,-3.044210885068464600e-01,-2.904286855417129720e-01,-5.811861012509574043e-02,-2.975139215147487928e-02,-4.499907774987510489e-01,-2.146532710896251195e-02,5.971483779026696970e-02,3.926856000000000790e-02,2.434747567385278366e-01,8.488278073480867714e-02,3.962353032924998408e-01,-3.693603305965042962e-03,1.000000000000000000e+00,-4.665785863831586888e-01,-4.714952028851287502e-01,-1.393244781185152270e-01,1.982717435780116388e-01,3.750671835552550903e-01,-1.476715804821920608e-01,-4.089824150487482157e-01,4.607220344070860757e-02,4.320098267890292582e-02,1.967162845307857677e-01,3.361799932381727696e-01,4.039352492043961074e-01,-4.571479634796690728e-01,1.450058361380533178e-01,-7.657913074536338849e-01,-2.686166568680534161e-01,3.347175045100659330e-01,-9.014989938112798196e-02,-5.515362809487739382e-01,3.371448739953569751e-01,3.118916242740268352e-01,2.384998392525659872e-01,6.736539717905078994e-01
1.421326225170817525e-01,2.925061231608008239e-01,-1.116185917798390992e-01,-4.503787670125092291e-02,-1.645279142831574115e-01,-6.124426142379660876e-01,5.425553733759869157e-01,2.444556124235554018e-01,6.103672681404980205e-01,-3.115689433497791372e-01,4.751941799999999105e-01,-5.461224164811712134e-01,5.881176511978403187e-01,1.581718625442554704e-02,-5.050016762602980158e-01,-4.665785863831586888e-01,1.000000000000000000e+00,7.611982465026448375e-02,-2.902119849777214933e-01,-6.875668714169999030e-01,-6.892001547715709275e-02,2.708605987577448748e-01,-1.247915774162138280e-01,3.647429246653725032e-01,4.898123044722092478e-01,1.244389921506643681e-01,-7.155331896169409012e-01,-2.267477834505382539e-01,2.900273220639253968e-01,-4.601974320730697343e-01,5.703425722574179124e-01,4.914973037715196780e-01,1.999538125508817654e-01,6.121760846190862360e-01,7.660903375413425920e-01,4.141388972685389191e-02,-2.390355145230356471e-01,-5.349485651270022846e-01,-5.775604828546936353e-01
-1.466497090632831735e-01,-2.228248878146838266e-02,6.965217942464514700e-02,8.060772742957329484e-01,9.229692300038367936e-01,2.396256111266054090e-01,-1.864683387636477396e-01,5.757451294831158473e-01,-7.145347093504694769e-01,5.103046138517199903e-01,-7.752738399999999919e-01,-9.497263084523029086e-02,-4.991342206359103417e-01,-9.635583281436769232e-01,7.333735947151983625e-01,-4.714952028851287502e-01,7.611982465026448375e-02,1.000000000000000000e+00,7.812244884104995180e-01,8.020743061485202663e-02,-4.506602092995258269e-01,-4.879347626672720928e-01,6.917119006948040383e-01,-7.478280088624164046e-01,-4.078849438586863441e-01,-9.719963859191153854e-02,-1.368306146942421808e-01,-1.198640418477457809e-01,9.034738328125317963e-01,-3.625334842417919368e-01,3.229064908500511866e-01,3.451035395159219310e-01,-9.172595764980142619e-01,-6.378334675889136829e-01,9.671038104750168118e-02,-8.860519692847279583e-01,-7.425378904847645956e-01,3.493532295485060613e-01,1.351375048486976038e-01
-3.599870611551778121e-01,-1.897145368035668689e-01,2.928471175815254846e-01,6.902819858042797962e-01,7.758607466270965869e-01,3.279649671401552169e-01,-3.686243638613270202e-01,2.040938543129705574e-01,-8.759163452726321797e-01,9.080520694721492259e-01,-9.069601600000000152e-01,1.254960333494348768e-01,-3.291559113861707297e-01,-7.216567473673262123e-01,8.848356380397061072e-01,-1.393244781185152270e-01,-2.902119849777214933e-01,7.812244884104995180e-01,1.000000000000000000e+00,7.130698899638443500e-02,-6.988544601097654851e-01,-8.284850882301680874e-01,4.138176716059182025e-01,-8.601761729454558969e-01,-2.468468064330214262e-01,-2.547690550696149470e-02,1.852848417916184987e-01,-1.712061978738237122e-02,5.576286437409924135e-01,-1.746110388376085898e-01,-1.459515279873612736e-01,-1.085832323371661995e-01,-7.642397775868120524e-01,-8.293360835888367033e-01,-2.445853154912891181e-01,-8.157997399313178244e-01,-3.604843218396804883e-01,8.237867274543325680e-01,2.548796002725843834e-01
-2.080530304210188863e-01,-3.112534565550352239e-01,-1.881526241667477173e-01,1.970196582146802322e-01,3.269447066331473972e-01,4.562446560577629873e-01,-3.541393382988300420e-01,3.545012231591804230e-01,-4.455709250144381239e-01,1.413769212653040452e-02,-3.679126600000000025e-01,1.762026525732188209e-01,-7.664052380517121232e-01,-2.158173190047742440e-01,3.883360074652443261e-01,1.982717435780116388e-01,-6.875668714169999030e-01,8.020743061485202663e-02,7.130698899638443500e-02,1.000000000000000000e+00,2.241037181135456247e-01,7.291502566304240707e-02,5.452587879190238240e-01,-2.882170471302685222e-01,-6.218609259550755830e-01,-2.373887504191697917e-01,3.910980171814988915e-01,2.088304689267986292e-02,-3.266024216571505184e-02,2.160183891806012890e-01,-2.456887539733754178e-02,-1.675228659044894486e-02,-3.477890588993776677e-01,-4.726319939158767913e-01,-3.667443604501531840e-01,-3.626929964188096989e-02,-4.067274261944582581e-02,5.900331205688166131e-02,3.784070705522017408e-01
5.156224196543137683e-01,4.783010524460059032e-01,-5.735303048914985879e-01,-2.416230708980038888e-01,-2.921692604294647833e-01,-8.587404147295382706e-02,1.001178045366599018e-01,-1.551147189595936671e-01,3.608289058372766145e-01,-6.839091241633624696e-01,4.490581399999999945e-01,8.350599344384068701e-02,-8.418598290247293614e-02,3.679944728975703683e-01,-4.290076647610554517e-01,3.750671835552550903e-01,-6.892001547715709275e-02,-4.506602092995258269e-01,-6.988544601097654851e-01,2.241037181135456247e-01,1.000000000000000000e+00,5.213418013990490651e-01,-3.109805851131050569e-01,4.704683371578172735e-01,-6.555718464078459651e-02,6.861159087084793551e-02,8.388416502845498501e-02,4.545694768456086665e-01,-2.900305034276154381e-01,2.060783666681262893e-01,-1.592942024786876409e-01,8.597022590955537280e-02,4.229241574657766067e-01,3.484825886765816061e-01,-1.791333780288338062e-01,5.210595743311825512e-01,5.638280976529001093e-02,-5.348579693777829602e-01,3.104976776474617228e-01
5.392999263630794404e-01,1.535221759995579471e-01,-1.772073609100040248e-01,-6.656142618923825971e-01,-5.731992276248909501e-01,-3.764767073080154680e-01,3.377886066413867110e-03,-9.183200017349178387e-03,7.095202577249186682e-01,-8.984298600086577657e-01,7.951885199999999543e-01,1.546564923565012517e-01,5.704985801084929559e-02,3.424256237645418866e-01,-8.094367772812488537e-01,-1.476715804821920608e-01,2.708605987577448748e-01,-4.879347626672720928e-01,-8.284850882301680874e-01,7.291502566304240707e-02,5.213418013990490651e-01,1.000000000000000000e+00,-4.169224335044341423e-02,8.232094541860419668e-01,-1.831820000154923411e-01,2.086313214794785487e-01,-4.656375907548295223e-01,-4.332939867748348273e-01,-1.751597768400698918e-01,4.168220312452073362e-01,4.628519164259717877e-01,4.681425739982620349e-01,3.620279477550164549e-01,7.896728539771163957e-01,4.938554083963535013e-01,4.079117542350645942e-01,-1.559337936477305821e-02,-7.552929662461659310e-01,-2.660313618587837881e-01
-3.508864183924465530e-01,-4.763332547307970732e-01,1.032492196345777408e-01,4.552955217022047196e-01,6.805967257873162257e-01,4.384645701894134828e-01,-1.101219582372001959e-01,7.422932879199143352e-01,-5.119621787586191575e-01,1.061877074048488412e-01,-5.613933199999999735e-01,-1.458840160083096082e-01,-7.759948110518927189e-01,-7.679001533951380631e-01,5.415656941773446809e-01,-4.089824150487482157e-01,-1.247915774162138280e-01,6.917119006948040383e-01,4.138176716059182025e-01,5.452587879190238240e-01,-3.109805851131050569e-01,-4.169224335044341423e-02,1.000000000000000000e+00,-5.625243636176894269e-01,-6.601885252680845806e-01,-3.812133368976793335e-01,-7.390288793307540904e-02,-4.150102705581353857e-01,6.142071797766337493e-01,-2.380472983618141247e-01,5.518432109989243051e-01,3.937879867569967773e-01,-8.222811213063573321e-01,-4.949433680234952559e-01,1.431651313013837246e-01,-5.513617216872577220e-01,-4.796137136496360087e-01,-8.538647855982583329e-03,3.731359790306794377e-02
5.786749412793170677e-01,3.436825701417325907e-01,-1.188291823738689551e-01,-8.205250650346349595e-01,-8.613554018272835400e-01,-6.389552128946044407e-01,9.746772326921435137e-02,-4.242594225759375171e-01,8.763519271550606060e-01,-7.265885425083724591e-01,9.617956999999999201e-01,1.658894752932867644e-01,5.331461505238577203e-01,6.756784669789998032e-01,-9.676533521425848550e-01,4.607220344070860757e-02,3.647429246653725032e-01,-7.478280088624164046e-01,-8.601761729454558969e-01,-2.882170471302685222e-01,4.704683371578172735e-01,8.232094541860419668e-01,-5.625243636176894269e-01,1.000000000000000000e+00,2.215310247254697051e-01,3.981781378770502533e-01,-4.459246928040671576e-01,-2.068256757374951627e-01,-4.361566751932424157e-01,4.469573875362698456e-01,9.680440051219368902e-02,2.469445558597127832e-01,7.208084047040567155e-01,9.371023287173169125e-01,4.149356404422291367e-01,5.877222553722327714e-01,2.127465684006758784e-01,-5.999530914853997698e-01,-2.787147728262708291e-01
-2.190573262124526910e-01,1.376423150009594421e-01,-5.292792374889073587e-02,-6.828679745187980765e-02,-4.022137784004278238e-01,-2.797769575129809838e-01,5.450658187135788424e-01,-1.539831214413013016e-01,5.277188342975372981e-01,2.571897487535655669e-02,3.926397800000001048e-01,-5.195494652835989102e-01,8.459980251111638427e-01,6.033315953109057439e-01,-3.622369059805825575e-01,4.320098267890292582e-02,4.898123044722092478e-01,-4.078849438586863441e-01,-2.468468064330214262e-01,-6.218609259550755830e-01,-6.555718464078459651e-02,-1.831820000154923411e-01,-6.601885252680845806e-01,2.215310247254697051e-01,1.000000000000000000e+00,-5.505691717804805235e-02,5.161786321073346534e-02,3.073833305680054306e-01,-4.719666714189049150e-01,-4.082422512123560221e-01,-8.678415244574158582e-02,-4.537270607246393084e-01,6.992880265504823889e-01,3.788686127258065195e-01,1.190299028118853436e-01,5.235820912467017418e-01,5.659548468790049913e-01,-1.283846248905785581e-01,-5.405730897049463302e-01
7.081024804426178099e-01,6.538936077735736374e-01,-2.571430577710671073e-01,-2.646050509338365164e-01,-2.138774075600466396e-01,-7.411482589108755459e-01,-5.828038575809912913e-01,-2.768053282107094670e-01,1.364857776204300432e-01,3.582015239631745201e-02,2.762678400000000423e-01,6.342851953762476125e-01,3.469543195774828503e-01,-5.573965166943917193e-03,-3.267535870304667522e-01,1.967162845307857677e-01,1.244389921506643681e-01,-9.719963859191153854e-02,-2.547690550696149470e-02,-2.373887504191697917e-01,6.861159087084793551e-02,2.086313214794785487e-01,-3.812133368976793335e-01,3.981781378770502533e-01,-5.505691717804805235e-02,1.000000000000000000e+00,-4.684333045500514991e-01,-3.144514030541037397e-01,1.975898461658409377e-01,5.630195329180485153e-01,-1.005991869859313437e-01,3.634253375398401320e-01,5.199664644464851992e-02,3.498291274391626682e-01,2.061412952166677137e-01,-2.815760303663270014e-01,-3.767338606196034001e-01,2.422198491680911114e-01,2.030980205968709318e-01
-3.949917968888077557e-01,-3.132438492493168636e-01,-3.313966451205042213e-02,2.622875247919040920e-01,1.404695214862388963e-01,7.782456448973649188e-01,-3.655695084815799994e-02,-1.890579551562828753e-01,-4.285632915176033064e-01,2.651518611497549749e-01,-4.151127000000000011e-01,5.147556124602903696e-03,-3.293946075680949659e-01,1.978391418181491002e-01,4.729840311117648466e-01,3.361799932381727696e-01,-7.155331896169409012e-01,-1.368306146942421808e-01,1.852848417916184987e-01,3.910980171814988915e-01,8.388416502845498501e-02,-4.656375907548295223e-01,-7.390288793307540904e-02,-4.459246928040671576e-01,5.161786321073346534e-02,-4.684333045500514991e-01,1.000000000000000000e+00,6.001641643276902638e-01,-4.850436320717368410e-01,-1.517350186811356957e-02,-5.207994644443892929e-01,-8.324874384051762499e-01,8.559031642287977248e-02,-5.652346052623969941e-01,-8.450210232154106160e-01,2.684438088805181089e-01,5.165914690493965677e-01,3.485847332359986450e-01,2.446432354808334431e-01
-1.125702610454008407e-01,2.279704185366060176e-01,-2.769871029148136543e-01,3.223011100306849008e-01,1.041721104064274178e-01,2.958588106950884589e-01,3.159545929754777882e-01,-2.868069064319385686e-01,-1.651631342246653866e-01,1.403810336918526469e-01,-1.897674000000000305e-01,-2.530242215930103566e-01,2.084442015404996615e-02,2.399842838828144531e-01,2.367091234420629076e-01,4.039352492043961074e-01,-2.267477834505382539e-01,-1.198640418477457809e-01,-1.712061978738237122e-02,2.088304689267986292e-02,4.545694768456086665e-01,-4.332939867748348273e-01,-4.150102705581353857e-01,-2.068256757374951627e-01,3.073833305680054306e-01,-3.144514030541037397e-01,6.001641643276902638e-01,1.000000000000000000e+00,-3.086222388150642315e-01,-2.829543358206889070e-01,-6.367852377675286002e-01,-4.963921152194383790e-01,2.780488017201738216e-01,-3.063083490858557467e-01,-6.256313324846723978e-01,3.392062345484347929e-01,2.591482534804176452e-01,8.139442216222110560e-02,3.744374881253949017e-01
1.661913188968180688e-01,2.031103739809032582e-01,-5.347139549620410354e-02,5.740481153306454809e-01,7.426708470123163375e-01,-1.097967031775078789e-01,-2.274454228523566657e-01,5.257079016221560819e-01,-4.679649599319454789e-01,2.640308803316636643e-01,-4.927829000000000237e-01,2.254648807472431002e-02,-3.748892855097591958e-01,-9.326897929467398152e-01,4.302268199690396089e-01,-4.571479634796690728e-01,2.900273220639253968e-01,9.034738328125317963e-01,5.576286437409924135e-01,-3.266024216571505184e-02,-2.900305034276154381e-01,-1.751597768400698918e-01,6.142071797766337493e-01,-4.361566751932424157e-01,-4.719666714189049150e-01,1.975898461658409377e-01,-4.850436320717368410e-01,-3.086222388150642315e-01,1.000000000000000000e+00,-2.161123107728883108e-01,4.438373265453716132e-01,6.817219685735932400e-01,-8.441439989614053507e-01,-3.197063757567959463e-01,3.483388962586889126e-01,-8.868084721676848803e-01,-9.251192517855260089e-01,1.563366013486250927e-01,1.508060946038821681e-01
5.968911675523894678e-01,2.017444083310931668e-01,7.390401864553508560e-02,-5.166831711465822430e-01,-3.579393294278476745e-01,-1.700085767795044278e-01,-7.611958222162293897e-01,-5.122444588152876843e-01,3.481603955355080937e-02,-1.395813281102982750e-01,2.627756800000000670e-01,8.885345866558395089e-01,-7.539051729783158295e-02,2.115164376978354577e-01,-2.831374028901011974e-01,1.450058361380533178e-01,-4.601974320730697343e-01,-3.625334842417919368e-01,-1.746110388376085898e-01,2.160183891806012890e-01,2.060783666681262893e-01,4.168220312452073362e-01,-2.380472983618141247e-01,4.469573875362698456e-01,-4.082422512123560221e-01,5.630195329180485153e-01,-1.517350186811356957e-02,-2.829543358206889070e-01,-2.161123107728883108e-01,1.000000000000000000e+00,-2.128586872601135327e-01,1.215281422044525717e-02,1.111251165811430880e-01,2.220012410935189862e-01,-1.106326287819822951e-01,-7.897731260137819120e-03,3.986995796969677180e-02,2.166639778521376181e-01,2.052585502844239962e-01
4.095683924461304692e-02,-9.697205082559809397e-02,-1.894535063667329711e-02,1.268032835143439174e-01,1.811535149898974573e-01,-1.118007044039323050e-01,1.036542400087063637e-01,7.273537078371223874e-01,2.640322869211338963e-01,-3.852750758706019463e-01,1.829689599999999583e-01,-3.160863837089468165e-01,-1.030616696398214682e-01,-3.366167807897153530e-01,-2.176781046389308083e-01,-7.657913074536338849e-01,5.703425722574179124e-01,3.229064908500511866e-01,-1.459515279873612736e-01,-2.456887539733754178e-02,-1.592942024786876409e-01,4.628519164259717877e-01,5.518432109989243051e-01,9.680440051219368902e-02,-8.678415244574158582e-02,-1.005991869859313437e-01,-5.207994644443892929e-01,-6.367852377675286002e-01,4.438373265453716132e-01,-2.128586872601135327e-01,1.000000000000000000e+00,5.079338816892819963e-01,-2.640331908616400103e-01,3.106798270860442468e-01,7.471033112424647626e-01,-1.932704024702059376e-01,-3.334537513128245090e-01,-5.115400599614563504e-01,-6.654339140576497336e-01
3.986303681688314615e-01,2.649310704918301784e-01,-1.817462666594331089e-01,-7.058890961430971944e-02,1.270644391057356992e-01,-5.519442011026044481e-01,-3.502585379085401684e-02,3.211789327287727924e-01,1.490195959340535059e-01,-3.039949676640023579e-01,1.666505599999998921e-01,2.695435206015638768e-02,-1.297216966391513404e-01,-4.765604811083208880e-01,-2.250283563887398586e-01,-2.686166568680534161e-01,4.914973037715196780e-01,3.451035395159219310e-01,-1.085832323371661995e-01,-1.675228659044894486e-02,8.597022590955537280e-02,4.681425739982620349e-01,3.937879867569967773e-01,2.469445558597127832e-01,-4.537270607246393084e-01,3.634253375398401320e-01,-8.324874384051762499e-01,-4.963921152194383790e-01,6.817219685735932400e-01,1.215281422044525717e-02,5.079338816892819963e-01,1.000000000000000000e+00,-3.855531255910881749e-01,2.979494536054895781e-01,6.400073550374105746e-01,-4.130231480705804925e-01,-7.829493337145482235e-01,-3.715621364522150305e-01,9.159267495673872883e-02
1.221746098108197343e-01,1.584170793194482063e-01,-1.298522654381774055e-01,-6.402700442602908826e-01,-8.678411735628036583e-01,-3.236221827724612421e-01,3.977444869691255658e-01,-5.194694915128120760e-01,8.024084849587226342e-01,-4.660738286765007676e-01,8.005231200000000324e-01,-1.495943613542914941e-01,7.168267165591294399e-01,9.742214224902940867e-01,-7.590315120472016508e-01,3.347175045100659330e-01,1.999538125508817654e-01,-9.172595764980142619e-01,-7.642397775868120524e-01,-3.477890588993776677e-01,4.229241574657766067e-01,3.620279477550164549e-01,-8.222811213063573321e-01,7.208084047040567155e-01,6.992880265504823889e-01,5.199664644464851992e-02,8.559031642287977248e-02,2.780488017201738216e-01,-8.441439989614053507e-01,1.111251165811430880e-01,-2.640331908616400103e-01,-3.855531255910881749e-01,1.000000000000000000e+00,6.937208159603145408e-01,5.362349348171262849e-04,9.050943176401999857e-01,7.294076854885690464e-01,-4.055741372057357630e-01,-3.089218597787685705e-01
4.880268514960556248e-01,3.080643154839826092e-01,-1.286880153967559504e-01,-7.358987026158603229e-01,-7.979958650014433719e-01,-6.801633768147034020e-01,2.548393219004433941e-01,-2.452362166387015430e-01,9.593509243571798351e-01,-7.391470088834009022e-01,9.773620199999999425e-01,-3.494774596633729719e-02,6.460842435111540105e-01,6.069549693216085284e-01,-9.886957872397948988e-01,-9.014989938112798196e-02,6.121760846190862360e-01,-6.378334675889136829e-01,-8.293360835888367033e-01,-4.726319939158767913e-01,3.484825886765816061e-01,7.896728539771163957e-01,-4.949433680234952559e-01,9.371023287173169125e-01,3.788686127258065195e-01,3.498291274391626682e-01,-5.652346052623969941e-01,-3.063083490858557467e-01,-3.197063757567959463e-01,2.220012410935189862e-01,3.106798270860442468e-01,2.979494536054895781e-01,6.937208159603145408e-01,1.000000000000000000e+00,5.947020327897619696e-01,5.393858812045507767e-01,1.831248051980196578e-01,-6.680983984368794593e-01,-4.786298355855662656e-01
2.077240237465610428e-01,7.438499082478286506e-02,1.237528311211768817e-01,-1.927654789753188991e-01,-1.347037752313670345e-01,-6.099415217361398023e-01,1.412323341185666992e-01,3.439610775823317423e-01,5.162796188846984213e-01,-3.259990613604300536e-01,4.539866599999999863e-01,-2.024437997977684423e-01,3.536612425063197507e-01,-1.015537378115649869e-01,-4.988369036111501842e-01,-5.515362809487739382e-01,7.660903375413425920e-01,9.671038104750168118e-02,-2.445853154912891181e-01,-3.667443604501531840e-01,-1.791333780288338062e-01,4.938554083963535013e-01,1.431651313013837246e-01,4.149356404422291367e-01,1.190299028118853436e-01,2.061412952166677137e-01,-8.450210232154106160e-01,-6.256313324846723978e-01,3.483388962586889126e-01,-1.106326287819822951e-01,7.471033112424647626e-01,6.400073550374105746e-01,5.362349348171262849e-04,5.947020327897619696e-01,1.000000000000000000e+00,-1.215636069165025035e-01,-3.091792244946794388e-01,-4.530145952722896552e-01,-6.203757205456155166e-01
-8.762443121388613365e-02,-8.887285698817876112e-02,-1.579801928936390709e-01,-5.651611760851078525e-01,-7.601161327350763885e-01,-2.233717493725606573e-02,5.214873894134722798e-01,-3.342050932022202492e-01,7.114381115589486493e-01,-5.781572741791127790e-01,6.888341399999999837e-01,-3.054635346527728723e-01,4.060855282073891348e-01,9.194183723381625928e-01,-6.296815925390844004e-01,3.371448739953569751e-01,4.141388972685389191e-02,-8.860519692847279583e-01,-8.157997399313178244e-01,-3.626929964188096989e-02,5.210595743311825512e-01,4.079117542350645942e-01,-5.513617216872577220e-01,5.877222553722327714e-01,5.235820912467017418e-01,-2.815760303663270014e-01,2.684438088805181089e-01,3.392062345484347929e-01,-8.868084721676848803e-01,-7.897731260137819120e-03,-1.932704024702059376e-01,-4.130231480705804925e-01,9.050943176401999857e-01,5.393858812045507767e-01,-1.215636069165025035e-01,1.000000000000000000e+00,7.840598611241786919e-01,-5.545910424333113653e-01,-2.529952019606722668e-01
-4.093183504390991434e-01,-3.794390416723152915e-01,2.179253764042768660e-01,-4.125301788338388564e-01,-5.836751164776283751e-01,2.543770812365397371e-01,3.062246239569129669e-01,-3.835876214499598369e-01,3.670237796683314402e-01,-9.369202266711328109e-02,3.295195600000000447e-01,-1.776703072704946262e-01,3.807103770994473835e-01,8.242487337213573184e-01,-2.649727968664289390e-01,3.118916242740268352e-01,-2.390355145230356471e-01,-7.425378904847645956e-01,-3.604843218396804883e-01,-4.067274261944582581e-02,5.638280976529001093e-02,-1.559337936477305821e-02,-4.796137136496360087e-01,2.127465684006758784e-01,5.659548468790049913e-01,-3.767338606196034001e-01,5.165914690493965677e-01,2.591482534804176452e-01,-9.251192517855260089e-01,3.986995796969677180e-02,-3.334537513128245090e-01,-7.829493337145482235e-01,7.294076854885690464e-01,1.831248051980196578e-01,-3.091792244946794388e-01,7.840598611241786919e-01,1.000000000000000000e+00,-4.790609776770889811e-02,-3.115343218884186749e-01
-1.943735666374679372e-01,-1.150441324702204532e-01,2.211939673173532461e-01,3.445197907012410021e-01,4.223522060560273017e-01,2.002345184659762856e-01,-5.875709687944824511e-01,-2.300916286861143523e-01,-7.300558513823478535e-01,8.912001751663941596e-01,-6.784336600000000495e-01,4.613357926702621459e-01,-1.013158002363945542e-01,-3.148562595727507629e-01,6.687956230738414387e-01,2.384998392525659872e-01,-5.349485651270022846e-01,3.493532295485060613e-01,8.237867274543325680e-01,5.900331205688166131e-02,-5.348579693777829602e-01,-7.552929662461659310e-01,-8.538647855982583329e-03,-5.999530914853997698e-01,-1.283846248905785581e-01,2.422198491680911114e-01,3.485847332359986450e-01,8.139442216222110560e-02,1.563366013486250927e-01,2.166639778521376181e-01,-5.115400599614563504e-01,-3.715621364522150305e-01,-4.055741372057357630e-01,-6.680983984368794593e-01,-4.530145952722896552e-01,-5.545910424333113653e-01,-4.790609776770889811e-02,1.000000000000000000e+00,3.747962405154943166e-01
1.637805879309727763e-01,1.935444328471415398e-01,-2.164386585617714964e-01,9.080817028837219473e-02,2.382045521734078852e-01,1.363176811458683968e-01,-2.966711960731527875e-01,-2.810486119633169855e-01,-5.300639266629921798e-01,2.254268998893696752e-01,-4.162608399999999653e-01,4.302015832205343115e-01,-4.571731468993395220e-01,-2.587373587875748115e-01,4.175459614263267172e-01,6.736539717905078994e-01,-5.775604828546936353e-01,1.351375048486976038e-01,2.548796002725843834e-01,3.784070705522017408e-01,3.104976776474617228e-01,-2.660313618587837881e-01,3.731359790306794377e-02,-2.787147728262708291e-01,-5.405730897049463302e-01,2.030980205968709318e-01,2.446432354808334431e-01,3.744374881253949017e-01,1.508060946038821681e-01,2.052585502844239962e-01,-6.654339140576497336e-01,9.159267495673872883e-02,-3.089218597787685705e-01,-4.786298355855662656e-01,-6.203757205456155166e-01,-2.529952019606722668e-01,-3.115343218884186749e-01,3.747962405154943166e-01,1.000000000000000000e+00
