1.000000000000000000e+00,-9.443583184785027118e-01,-6.758784117723480867e-01,3.735792378526100466e-01,2.538801271475307764e-01,-5.539634318541479807e-01,-1.519660377910469484e-01,-1.062908457005371371e-01,-4.321452435269128589e-01,2.751576491144155923e-01,5.103819403775178287e-01,-8.762527241443621717e-01,-9.303102535990996902e-01,3.952428212902700522e-01,-1.562593951087807020e-01,-7.010308808972195438e-01,5.772471686210020048e-01,-3.915331550913900838e-01,-2.092250273126972371e-01,-4.279674568335180562e-01,-2.936878355362257387e-01,-2.409827329588726530e-01,3.070605914006669934e-01,-7.699009737385656971e-01,8.030713522165888740e-01,-3.435022418013990442e-01,4.748849795352033665e-01,-7.485824410086518998e-01,9.205100060041371268e-01,3.269874293350168437e-01,-7.396048690460275132e-01,4.100621229922011279e-01,-2.548235804801509199e-02,-5.764932209196996921e-02,9.157356199999999724e-01,-4.218515817253178264e-03,-6.730028744106641980e-01,-9.487065569650690033e-01,1.982579034321601541e-01
-9.443583184785027118e-01,1.000000000000000000e+00,5.934764121627430500e-01,-4.232207743871081451e-01,-2.228076617416009930e-01,5.169491691336961514e-01,-1.537871798103199010e-02,2.274098718845600775e-01,6.358214052882669165e-01,-3.090438992329482826e-01,-6.605014785622496110e-01,8.906608156553617039e-01,8.896879603517857671e-01,-3.992408152402655563e-01,-3.292649906028041057e-02,6.809595044264880048e-01,-6.695011668471095856e-01,6.527072515715798273e-01,3.037546170502099518e-01,4.016768700815544491e-01,4.119075721880343099e-01,1.578602648370712180e-01,-5.861789170769678980e-01,7.241514216780112756e-01,-6.448070136636372407e-01,3.026166639456557839e-01,-4.863962140744374496e-01,5.888870510958111870e-01,-8.052117719173876864e-01,-3.685542365322670433e-01,7.138838747419538056e-01,-6.386395574366540151e-01,2.064028633382602174e-01,9.651643973656098829e-02,-9.848099999999999632e-01,1.782987529619055322e-01,8.445387341192321928e-01,9.169585268314561777e-01,-2.662750482388032691e-01
-6.758784117723480867e-01,5.934764121627430500e-01,1.000000000000000000e+00,9.721175905364110026e-02,3.478005182814389862e-01,6.013058050822658318e-01,5.553747791467467110e-01,3.411828776918309769e-01,-1.056892444849565349e-01,-4.303826041263948965e-01,1.744463889195075820e-02,3.139775500226945071e-01,7.018787659389074118e-01,-4.507175465515075308e-01,5.518770141376969640e-01,5.880838463718824904e-01,-1.680213518077923185e-01,8.165784315400831384e-02,-3.232677040753631492e-01,5.037292302048256287e-01,-3.195597680730433710e-01,4.009529269643985483e-01,3.836834640075412195e-02,2.918498543751364416e-01,-5.423684530602883580e-01,-4.991392303433175165e-03,-4.042669962517280724e-01,4.848250610432929819e-01,-8.610442888985997412e-01,-5.987485534542237309e-01,8.266066006375625275e-01,-2.102375931569225309e-02,-4.357320880512429162e-01,-2.230562881813625831e-01,-5.482453999999999938e-01,1.914942504353474295e-01,3.395290313823059458e-01,7.034752688722121228e-01,4.602965220118474532e-01
3.735792378526100466e-01,-4.232207743871081451e-01,9.721175905364110026e-02,1.000000000000000000e+00,6.134613021483075190e-01,-1.570999727674766422e-01,1.532192590480473404e-01,4.124652406157354734e-01,-5.216117660779701071e-01,1.259634460568783143e-01,3.162683250804249613e-01,-6.206049175714114519e-01,-3.853180053558075691e-01,-1.396181593789741493e-01,-2.589655782871152362e-02,-5.239998857960722622e-01,2.325316962477934346e-01,-5.100835892001251981e-01,-4.698185696245782972e-01,-2.757061758011072547e-02,-6.986744544045534466e-01,-4.037114877418724324e-01,5.217592545389259096e-01,-6.679403936125168917e-01,4.453577950385725209e-02,-6.711240654054803079e-01,4.738859355272959650e-01,-1.593581262189538994e-01,1.768958287002595497e-01,-1.810823326818036538e-01,1.009211187434531504e-01,4.974869450296524609e-01,-7.005117780229339619e-01,5.450775366858841980e-02,3.864600799999999836e-01,3.412561126288811697e-01,-1.957687149814766603e-01,-3.841855099291424103e-01,7.283313683674373928e-01
2.538801271475307764e-01,-2.228076617416009930e-01,3.478005182814389862e-01,6.134613021483075190e-01,1.000000000000000000e+00,2.999885380058655016e-01,4.600665344598675599e-01,3.416301539276703769e-01,-5.144537499224934862e-01,-3.706916951029116114e-01,5.058894017841906177e-01,-4.512483111423061244e-01,-1.151129108629235231e-01,-5.799257625608666977e-01,3.620689707638150012e-01,-1.096238099097968099e-01,3.402720654486953156e-01,-1.546074711762125409e-01,-7.258717238074097189e-01,-5.277248929333033800e-02,-7.145716298054300974e-01,2.099024576989647617e-01,2.312988566374305499e-01,-6.267716953499891108e-01,2.206689508704978708e-01,-8.315370754959368060e-01,1.547097565361195137e-01,-4.735240731619860810e-02,4.335969569385297873e-02,-4.650110539459330616e-01,3.719739947767206623e-01,4.225893665622136863e-01,-6.172523601405071059e-01,-3.327804948567399390e-01,2.408882000000001078e-01,3.985096163616953513e-01,-1.906235468641992448e-03,-1.253440281377309062e-01,9.193382532574333466e-01
-5.539634318541479807e-01,5.169491691336961514e-01,6.013058050822658318e-01,-1.570999727674766422e-01,2.999885380058655016e-01,1.000000000000000000e+00,6.087428727006762852e-01,-1.562844868202170612e-01,-1.409441321168713734e-01,-6.864534376574857877e-01,2.041918694030357695e-01,5.076004411715049347e-01,8.062951285755246555e-01,-5.806362667254205689e-01,6.002336053797683313e-01,8.647051455209875392e-01,2.494008277288805031e-01,3.448953242245220707e-01,-5.366190467399075681e-01,-2.736334076741989696e-01,5.441923321794019802e-02,7.731031974087783087e-01,-2.091168619452186683e-01,5.338719677483079185e-01,-5.511460160823780097e-01,-2.743409746728487364e-01,-7.861149633833633965e-01,6.416350400565667966e-01,-5.137650556762765053e-01,-5.368398222521528762e-01,7.947509429900995181e-01,1.482766651191073648e-01,1.192708608896545300e-02,-7.476860660883661858e-01,-3.740085600000000454e-01,2.517471617997462108e-01,3.016364026539595788e-01,7.738691947246635339e-01,2.965728232049398838e-01
-1.519660377910469484e-01,-1.537871798103199010e-02,5.553747791467467110e-01,1.532192590480473404e-01,4.600665344598675599e-01,6.087428727006762852e-01,1.000000000000000000e+00,-9.131139025786702557e-02,-6.940575099338697207e-01,-3.126165383532004682e-01,5.792377007630277186e-01,-9.452326170803471150e-02,3.507263127859896468e-01,-2.724201780012849849e-01,9.163702647561948744e-01,4.444201825591652111e-01,5.225131415372303856e-01,-3.430171835256831669e-01,-7.423625605566613883e-01,-1.276191545760203827e-01,-3.718292559807589992e-01,7.369516934298525612e-01,4.178337954925731013e-01,5.199465639352093133e-02,-3.110878555209097840e-01,-2.837463968895866384e-01,-4.512210971754495592e-01,3.362439392693012397e-01,-3.687092328227803972e-01,-1.487194795940572356e-01,4.374897700590798522e-01,6.342822430345231854e-01,-4.628320529691593022e-01,-6.565773958014585743e-01,1.241203600000000407e-01,-1.551967819237040636e-01,-3.012600556222517767e-01,3.083095789020059430e-01,6.398988999701015201e-01
-1.062908457005371371e-01,2.274098718845600775e-01,3.411828776918309769e-01,4.124652406157354734e-01,3.416301539276703769e-01,-1.562844868202170612e-01,-9.131139025786702557e-02,1.000000000000000000e+00,2.206899589007927376e-01,5.973955433611752297e-02,-3.479703857568828829e-01,-1.217540534010199266e-01,-4.272905682894456714e-03,-2.014394349956696861e-01,-2.110308481223654165e-01,-1.848633605758522869e-01,-4.339420955636563715e-01,1.567523347243109377e-01,1.444626207878460245e-01,4.872912762995769698e-01,-2.093376105299419310e-01,-3.700073436735776822e-01,-1.769731926769595731e-01,-3.019444017975068117e-01,9.400671204206860476e-02,-1.369333562504971291e-01,2.658404688517332359e-01,-1.868426535665178301e-01,-2.259103242540612677e-01,-2.677426748283106006e-01,2.266042955109129620e-01,-3.348090106022683643e-01,-3.289527811439931781e-01,3.638303305062590698e-01,-3.081041399999999708e-01,4.074558350390243278e-01,3.808435034204473713e-01,3.343847589740083642e-02,3.172236070566959998e-01
-4.321452435269128589e-01,6.358214052882669165e-01,-1.056892444849565349e-01,-5.216117660779701071e-01,-5.144537499224934862e-01,-1.409441321168713734e-01,-6.940575099338697207e-01,2.206899589007927376e-01,1.000000000000000000e+00,1.201381919460355746e-02,-8.834667490220221575e-01,6.258720004097184653e-01,2.809565212693750369e-01,4.708337345256338735e-02,-6.607377800853910799e-01,1.389458192473411458e-01,-7.926923164901736873e-01,7.678781444061937300e-01,7.930597365020257694e-01,3.183488216353910771e-01,6.174121326491823769e-01,-3.464967578040241691e-01,-8.085757338818689854e-01,4.289506826495321778e-01,-3.731904761802731785e-02,4.737589806070412468e-01,-5.615829141961541787e-02,1.713491431427670297e-02,-1.752455196396573989e-01,-2.354590765308407774e-02,2.273315908297953228e-02,-9.363900002645912934e-01,5.997517512560210928e-01,5.041166100959306728e-01,-7.020322199999999846e-01,1.992801154670636177e-01,7.371302629791611771e-01,3.272325720629078449e-01,-7.056780037997758548e-01
2.751576491144155923e-01,-3.090438992329482826e-01,-4.303826041263948965e-01,1.259634460568783143e-01,-3.706916951029116114e-01,-6.864534376574857877e-01,-3.126165383532004682e-01,5.973955433611752297e-02,1.201381919460355746e-02,1.000000000000000000e+00,-1.642989860161246929e-01,-3.255209330775821197e-01,-4.696582180841886167e-01,5.363137168895564244e-01,-3.958286367455468024e-01,-5.604628205288578746e-01,-1.730344477670122116e-01,-4.042117278036428396e-01,2.874066923226878956e-01,7.150023272770507365e-02,2.551288141346963467e-01,-6.191307634824083639e-01,2.520019934173845511e-01,-2.530313034205495248e-01,5.562730674360863437e-02,1.479872103572640596e-01,4.428341903850779304e-01,-4.797357738458000176e-01,2.804047412565273678e-01,8.370198246532273290e-01,-4.955331968699740464e-01,-4.223437290186585202e-02,-5.463764367454436097e-03,5.225697783876300795e-01,2.175920000000000076e-01,-6.217019531290249867e-01,-2.208586861939211277e-01,-4.471781621528579387e-01,-2.178215216930064757e-01
5.103819403775178287e-01,-6.605014785622496110e-01,1.744463889195075820e-02,3.162683250804249613e-01,5.058894017841906177e-01,2.041918694030357695e-01,5.792377007630277186e-01,-3.479703857568828829e-01,-8.834667490220221575e-01,-1.642989860161246929e-01,1.000000000000000000e+00,-6.238794384061068232e-01,-2.967117490851265416e-01,-3.136931798073451516e-02,6.848761652607394668e-01,-2.189915527363570785e-02,8.987952566758654616e-01,-5.816654568833787842e-01,-8.027615063903945636e-01,-3.908791329384814772e-01,-5.306568510759893664e-01,4.856592794271862301e-01,6.405970311697315456e-01,-3.792338881420486141e-01,2.126189344875120124e-01,-4.319805923182485907e-01,-6.384115374297352763e-02,-1.459009956080539461e-01,2.859085341383794665e-01,-4.401869850997655598e-02,-7.514588549562400965e-02,8.446507741970584737e-01,-3.623363621408384194e-01,-6.687405324552688768e-01,7.503858199999999812e-01,-1.225998916862178628e-01,-7.523425707511829374e-01,-3.501214080322140321e-01,6.187087597053431143e-01
-8.762527241443621717e-01,8.906608156553617039e-01,3.139775500226945071e-01,-6.206049175714114519e-01,-4.512483111423061244e-01,5.076004411715049347e-01,-9.452326170803471150e-02,-1.217540534010199266e-01,6.258720004097184653e-01,-3.255209330775821197e-01,-6.238794384061068232e-01,1.000000000000000000e+00,8.430087682779010549e-01,-3.219770996073912928e-01,-7.530665650749579498e-02,6.808873685718528357e-01,-5.524227612902872231e-01,6.056276772194533198e-01,4.030576762995159434e-01,1.346492597916761902e-01,5.633666843671429891e-01,2.453016852039513751e-01,-5.483893555638100770e-01,8.633889607175911918e-01,-6.340090804627115384e-01,3.969099586679680214e-01,-5.012537189639889590e-01,7.231517017747870479e-01,-6.360636252366358434e-01,-2.295398563871317854e-01,5.018681506176813079e-01,-5.303386126841488357e-01,3.821664502375503591e-01,4.833266935908597794e-02,-8.547783599999999593e-01,1.653204415082773493e-02,6.957584614415346369e-01,8.580881176216564876e-01,-5.234385989403519401e-01
-9.303102535990996902e-01,8.896879603517857671e-01,7.018787659389074118e-01,-3.853180053558075691e-01,-1.151129108629235231e-01,8.062951285755246555e-01,3.507263127859896468e-01,-4.272905682894456714e-03,2.809565212693750369e-01,-4.696582180841886167e-01,-2.967117490851265416e-01,8.430087682779010549e-01,1.000000000000000000e+00,-4.542883515314370957e-01,3.522535635891800299e-01,8.925023885789549194e-01,-2.884850735817808820e-01,4.699232761649534962e-01,-4.641867095175325475e-02,1.580781998513286490e-01,3.052507562520658246e-01,5.099075210444724560e-01,-3.627943021618271757e-01,8.141828463380424985e-01,-7.823088109013824898e-01,1.835766739490760635e-01,-7.272642807885932870e-01,7.532370447990553997e-01,-8.416114433290398100e-01,-4.233014423453195230e-01,8.216794345577125291e-01,-2.686003425412651913e-01,1.102604485263157796e-01,-2.995636769911549924e-01,-8.040542999999999996e-01,1.054658163076424016e-01,5.895164935322225741e-01,9.977218975669372991e-01,-7.529263444252709547e-02
3.952428212902700522e-01,-3.992408152402655563e-01,-4.507175465515075308e-01,-1.396181593789741493e-01,-5.799257625608666977e-01,-5.806362667254205689e-01,-2.724201780012849849e-01,-2.014394349956696861e-01,4.708337345256338735e-02,5.363137168895564244e-01,-3.136931798073451516e-02,-3.219770996073912928e-01,-4.542883515314370957e-01,1.000000000000000000e+00,-1.948644032873811383e-01,-2.910729466675162636e-01,1.160589637076606950e-01,-1.973121461334262916e-01,3.194541810540344473e-01,-6.192826376751344591e-02,2.756175284705040807e-01,-2.980512221216252700e-01,7.377755535723262703e-02,-9.901967771190633288e-03,3.347961662680544737e-01,5.034595666264075620e-01,5.202603040921362221e-02,-5.750015969775291724e-01,4.047311422994074315e-01,5.852045369672772557e-01,-6.897021002085711450e-01,-6.199594220023281477e-02,3.302958317795576249e-01,1.723471195516700083e-01,3.710539999999999949e-01,-3.019466004650467328e-01,-4.666147206214686927e-01,-4.593576575258382366e-01,-4.437693555982315519e-01
-1.562593951087807020e-01,-3.292649906028041057e-02,5.518770141376969640e-01,-2.589655782871152362e-02,3.620689707638150012e-01,6.002336053797683313e-01,9.163702647561948744e-01,-2.110308481223654165e-01,-6.607377800853910799e-01,-3.958286367455468024e-01,6.848761652607394668e-01,-7.530665650749579498e-02,3.522535635891800299e-01,-1.948644032873811383e-01,1.000000000000000000e+00,5.258096756729299104e-01,5.584555332801454108e-01,-3.348030569319454530e-01,-6.852190103523773113e-01,-4.743775545957988615e-02,-3.491544477221211751e-01,8.321193052533485401e-01,4.346724513048982330e-01,1.355811477081290684e-01,-2.301441594332209462e-01,-1.025865269752905540e-01,-4.907889101515311991e-01,3.172578268832909609e-01,-3.889256634448591265e-01,-2.055912416942152765e-01,3.737951811027093174e-01,6.048217226477365926e-01,-3.831053978429069806e-01,-7.044759499184040097e-01,1.516885999999999513e-01,-1.809587962252882654e-01,-3.870117894598189556e-01,3.053283144457470399e-01,5.357290651372794699e-01
-7.010308808972195438e-01,6.809595044264880048e-01,5.880838463718824904e-01,-5.239998857960722622e-01,-1.096238099097968099e-01,8.647051455209875392e-01,4.444201825591652111e-01,-1.848633605758522869e-01,1.389458192473411458e-01,-5.604628205288578746e-01,-2.189915527363570785e-02,6.808873685718528357e-01,8.925023885789549194e-01,-2.910729466675162636e-01,5.258096756729299104e-01,1.000000000000000000e+00,5.572469370163036367e-02,5.013485579090324329e-01,-1.922388969921434709e-01,-7.405610448646177124e-02,3.673165650857123099e-01,7.556527249173101701e-01,-3.978607578592729399e-01,8.131926272738109196e-01,-5.613970948136247641e-01,2.122192150848378756e-01,-9.293990849246969166e-01,5.451758513317264132e-01,-6.230535785383045644e-01,-3.893134716788788086e-01,6.602853612876299350e-01,-1.635817480078125552e-01,3.127127014625711299e-01,-6.158133827413653227e-01,-5.489511400000000041e-01,9.335661659443980631e-02,3.241591073338955797e-01,8.677313918881290888e-01,-8.428028066945676688e-02
5.772471686210020048e-01,-6.695011668471095856e-01,-1.680213518077923185e-01,2.325316962477934346e-01,3.402720654486953156e-01,2.494008277288805031e-01,5.225131415372303856e-01,-4.339420955636563715e-01,-7.926923164901736873e-01,-1.730344477670122116e-01,8.987952566758654616e-01,-5.524227612902872231e-01,-2.884850735817808820e-01,1.160589637076606950e-01,5.584555332801454108e-01,5.572469370163036367e-02,1.000000000000000000e+00,-3.981888432662665234e-01,-7.352243489269451038e-01,-6.936472922540258823e-01,-2.763689421128091017e-01,5.059720691350114707e-01,4.242232684411235688e-01,-2.336268098681940908e-01,2.281832098379329432e-01,-4.034030834064994409e-01,-2.557367191955189356e-01,-1.976588354924562474e-01,4.659375630480734332e-01,2.724845293440947974e-02,-1.806408011457107388e-01,7.796521638195411663e-01,-6.345416400720224614e-02,-7.928501112468653300e-01,7.861413399999999108e-01,-4.145485993166737188e-02,-7.601141924926843041e-01,-3.507477782404805899e-01,4.274182048003217771e-01
-3.915331550913900838e-01,6.527072515715798273e-01,8.165784315400831384e-02,-5.100835892001251981e-01,-1.546074711762125409e-01,3.448953242245220707e-01,-3.430171835256831669e-01,1.567523347243109377e-01,7.678781444061937300e-01,-4.042117278036428396e-01,-5.816654568833787842e-01,6.056276772194533198e-01,4.699232761649534962e-01,-1.973121461334262916e-01,-3.348030569319454530e-01,5.013485579090324329e-01,-3.981888432662665234e-01,1.000000000000000000e+00,3.323381956045445840e-01,-2.280300191511744345e-02,5.885042172403853744e-01,1.044705709107949798e-01,-9.812855660879795661e-01,4.679368798792833406e-01,-1.826183661654656731e-02,1.469383704891195075e-01,-4.877020596043007417e-01,4.698588382300722399e-02,-1.362273030059064638e-01,-3.410489982417258537e-01,3.104244405802669693e-01,-7.957513518028129784e-01,6.900586336717652314e-01,-7.608937657783025610e-02,-6.310112199999999838e-01,4.915367638598580058e-01,7.442310554262743238e-01,4.884188211402017976e-01,-4.088799140066748938e-01
-2.092250273126972371e-01,3.037546170502099518e-01,-3.232677040753631492e-01,-4.698185696245782972e-01,-7.258717238074097189e-01,-5.366190467399075681e-01,-7.423625605566613883e-01,1.444626207878460245e-01,7.930597365020257694e-01,2.874066923226878956e-01,-8.027615063903945636e-01,4.030576762995159434e-01,-4.641867095175325475e-02,3.194541810540344473e-01,-6.852190103523773113e-01,-1.922388969921434709e-01,-7.352243489269451038e-01,3.323381956045445840e-01,1.000000000000000000e+00,3.851647149270011616e-01,5.113005250133739743e-01,-5.005805172979659323e-01,-4.200581514977876907e-01,2.817205680029692405e-01,1.016672210856821856e-01,7.198540730965145018e-01,2.689203613394381964e-01,-4.326964983587343327e-02,-2.612131112471150277e-02,2.189097655438885237e-01,-3.993973776334929782e-01,-7.136245272444993182e-01,4.397048862005116798e-01,7.500463888046782213e-01,-4.086332000000000297e-01,-1.018990702261328429e-01,3.239874633183924546e-01,-1.587076850149059422e-03,-8.284148118179075482e-01
-4.279674568335180562e-01,4.016768700815544491e-01,5.037292302048256287e-01,-2.757061758011072547e-02,-5.277248929333033800e-02,-2.736334076741989696e-01,-1.276191545760203827e-01,4.872912762995769698e-01,3.183488216353910771e-01,7.150023272770507365e-02,-3.908791329384814772e-01,1.346492597916761902e-01,1.580781998513286490e-01,-6.192826376751344591e-02,-4.743775545957988615e-02,-7.405610448646177124e-02,-6.936472922540258823e-01,-2.280300191511744345e-02,3.851647149270011616e-01,1.000000000000000000e+00,-2.430700828179596096e-01,-2.878856403471186098e-01,4.757727872722442714e-02,-1.650376424019986757e-02,-1.165343113528759383e-01,4.415525036774147760e-01,2.939839244031088872e-01,5.140446003539982794e-02,-6.048471460837023805e-01,-1.881263377130146242e-01,2.159268098964784444e-01,-4.202029721878282609e-01,-3.415259053560171232e-01,6.063511793324849464e-01,-5.038423800000000341e-01,-1.075203499881492372e-02,3.266225366206236269e-01,2.036604595589801558e-01,5.251004066107047008e-03
-2.936878355362257387e-01,4.119075721880343099e-01,-3.195597680730433710e-01,-6.986744544045534466e-01,-7.145716298054300974e-01,5.441923321794019802e-02,-3.718292559807589992e-01,-2.093376105299419310e-01,6.174121326491823769e-01,2.551288141346963467e-01,-5.306568510759893664e-01,5.633666843671429891e-01,3.052507562520658246e-01,2.756175284705040807e-01,-3.491544477221211751e-01,3.673165650857123099e-01,-2.763689421128091017e-01,5.885042172403853744e-01,5.113005250133739743e-01,-2.430700828179596096e-01,1.000000000000000000e+00,-5.906134315909805643e-03,-6.619808467945934582e-01,6.446352217247984795e-01,-1.902180032751181749e-01,4.595546490261134820e-01,-4.538524903130168875e-01,-1.902758838077584641e-02,2.042441866783631377e-02,3.893260471048077820e-01,-1.089496723075364382e-01,-5.901125420116540843e-01,8.316643627902973179e-01,2.733110638401701001e-02,-3.889558400000000526e-01,-2.103776284434035471e-01,3.347121359263682816e-01,3.126672717824343084e-01,-7.716514016371947005e-01
-2.409827329588726530e-01,1.578602648370712180e-01,4.009529269643985483e-01,-4.037114877418724324e-01,2.099024576989647617e-01,7.731031974087783087e-01,7.369516934298525612e-01,-3.700073436735776822e-01,-3.464967578040241691e-01,-6.191307634824083639e-01,4.856592794271862301e-01,2.453016852039513751e-01,5.099075210444724560e-01,-2.980512221216252700e-01,8.321193052533485401e-01,7.556527249173101701e-01,5.059720691350114707e-01,1.044705709107949798e-01,-5.005805172979659323e-01,-2.878856403471186098e-01,-5.906134315909805643e-03,1.000000000000000000e+00,-7.468731551732585988e-03,3.971888795781181036e-01,-1.696224927495651458e-01,-2.512811811126636208e-02,-7.215758538563799007e-01,4.085899426345576124e-01,-2.919006919487011631e-01,-2.784205752594304251e-01,3.539773256425471359e-01,3.345755937693333792e-01,5.574349753064287982e-02,-8.115422803956678921e-01,-1.145719999999994521e-02,-9.151422187052477009e-02,-1.702890401715148050e-01,4.611737208952371159e-01,2.121493799560796312e-01
3.070605914006669934e-01,-5.861789170769678980e-01,3.836834640075412195e-02,5.217592545389259096e-01,2.312988566374305499e-01,-2.091168619452186683e-01,4.178337954925731013e-01,-1.769731926769595731e-01,-8.085757338818689854e-01,2.520019934173845511e-01,6.405970311697315456e-01,-5.483893555638100770e-01,-3.627943021618271757e-01,7.377755535723262703e-02,4.346724513048982330e-01,-3.978607578592729399e-01,4.242232684411235688e-01,-9.812855660879795661e-01,-4.200581514977876907e-01,4.757727872722442714e-02,-6.619808467945934582e-01,-7.468731551732585988e-03,1.000000000000000000e+00,-4.194172985067450843e-01,-6.050477531644513768e-02,-1.867107537949252438e-01,4.209706121864680850e-01,7.082251336169456679e-02,3.475078724836384858e-02,1.847847013865694388e-01,-1.699340227210473231e-01,8.350558041203062221e-01,-7.436783404154221344e-01,-1.216287632741528887e-02,5.807261800000000918e-01,-4.066551593802104070e-01,-7.061868340872123895e-01,-3.849291667968847142e-01,4.854424859541151549e-01
-7.699009737385656971e-01,7.241514216780112756e-01,2.918498543751364416e-01,-6.679403936125168917e-01,-6.267716953499891108e-01,5.338719677483079185e-01,5.199465639352093133e-02,-3.019444017975068117e-01,4.289506826495321778e-01,-2.530313034205495248e-01,-3.792338881420486141e-01,8.633889607175911918e-01,8.141828463380424985e-01,-9.901967771190633288e-03,1.355811477081290684e-01,8.131926272738109196e-01,-2.336268098681940908e-01,4.679368798792833406e-01,2.817205680029692405e-01,-1.650376424019986757e-02,6.446352217247984795e-01,3.971888795781181036e-01,-4.194172985067450843e-01,1.000000000000000000e+00,-6.677836775377924416e-01,5.668558739642834965e-01,-7.450379226067479488e-01,5.885512976892690595e-01,-5.702339035300147962e-01,-1.095319547803129678e-01,3.864006634038141819e-01,-3.579600261982911480e-01,5.118259110224655517e-01,-2.179392662471342779e-01,-6.398642599999999625e-01,-9.822491406719580098e-02,3.510195368646862324e-01,8.058241589746635292e-01,-5.667145911566415784e-01
8.030713522165888740e-01,-6.448070136636372407e-01,-5.423684530602883580e-01,4.453577950385725209e-02,2.206689508704978708e-01,-5.511460160823780097e-01,-3.110878555209097840e-01,9.400671204206860476e-02,-3.731904761802731785e-02,5.562730674360863437e-02,2.126189344875120124e-01,-6.340090804627115384e-01,-7.823088109013824898e-01,3.347961662680544737e-01,-2.301441594332209462e-01,-5.613970948136247641e-01,2.281832098379329432e-01,-1.826183661654656731e-02,1.016672210856821856e-01,-1.165343113528759383e-01,-1.902180032751181749e-01,-1.696224927495651458e-01,-6.050477531644513768e-02,-6.677836775377924416e-01,1.000000000000000000e+00,-9.657889256682432311e-02,4.413490898481406965e-01,-7.341916654849790502e-01,7.480820388959434908e-01,1.462706238904915301e-01,-7.086221658614798580e-01,-6.786095890866831494e-03,1.072080983645210817e-01,1.104619032660149602e-01,5.877509599999999335e-01,1.330254580952817678e-01,-3.565026091069468661e-01,-7.812726729469585685e-01,1.814368879220343636e-02
-3.435022418013990442e-01,3.026166639456557839e-01,-4.991392303433175165e-03,-6.711240654054803079e-01,-8.315370754959368060e-01,-2.743409746728487364e-01,-2.837463968895866384e-01,-1.369333562504971291e-01,4.737589806070412468e-01,1.479872103572640596e-01,-4.319805923182485907e-01,3.969099586679680214e-01,1.835766739490760635e-01,5.034595666264075620e-01,-1.025865269752905540e-01,2.122192150848378756e-01,-4.034030834064994409e-01,1.469383704891195075e-01,7.198540730965145018e-01,4.415525036774147760e-01,4.595546490261134820e-01,-2.512811811126636208e-02,-1.867107537949252438e-01,5.668558739642834965e-01,-9.657889256682432311e-02,1.000000000000000000e+00,-1.673309672966924455e-01,3.816425337110898597e-02,-2.902422975484169609e-01,2.047231684770914606e-01,-2.753213795019639476e-01,-4.708814592263899645e-01,4.302537539766629338e-01,3.359903011600227640e-01,-3.293844400000000006e-01,-3.245113717954280497e-01,-2.183321965674108259e-02,1.972442819996127750e-01,-7.543434682736014363e-01
4.748849795352033665e-01,-4.863962140744374496e-01,-4.042669962517280724e-01,4.738859355272959650e-01,1.547097565361195137e-01,-7.861149633833633965e-01,-4.512210971754495592e-01,2.658404688517332359e-01,-5.615829141961541787e-02,4.428341903850779304e-01,-6.384115374297352763e-02,-5.012537189639889590e-01,-7.272642807885932870e-01,5.202603040921362221e-02,-4.907889101515311991e-01,-9.293990849246969166e-01,-2.557367191955189356e-01,-4.877020596043007417e-01,2.689203613394381964e-01,2.939839244031088872e-01,-4.538524903130168875e-01,-7.215758538563799007e-01,4.209706121864680850e-01,-7.450379226067479488e-01,4.413490898481406965e-01,-1.673309672966924455e-01,1.000000000000000000e+00,-3.072103447772176477e-01,3.774128828885388587e-01,2.290655318558637021e-01,-4.934880154511118722e-01,1.016778299809119046e-01,-4.600289707909199222e-01,7.348621694857440101e-01,3.402179199999999515e-01,-9.698945408642331567e-02,-1.596354166950323117e-01,-6.921582254310582050e-01,1.041246629539277213e-01
-7.485824410086518998e-01,5.888870510958111870e-01,4.848250610432929819e-01,-1.593581262189538994e-01,-4.735240731619860810e-02,6.416350400565667966e-01,3.362439392693012397e-01,-1.868426535665178301e-01,1.713491431427670297e-02,-4.797357738458000176e-01,-1.459009956080539461e-01,7.231517017747870479e-01,7.532370447990553997e-01,-5.750015969775291724e-01,3.172578268832909609e-01,5.451758513317264132e-01,-1.976588354924562474e-01,4.698588382300722399e-02,-4.326964983587343327e-02,5.140446003539982794e-02,-1.902758838077584641e-02,4.085899426345576124e-01,7.082251336169456679e-02,5.885512976892690595e-01,-7.341916654849790502e-01,3.816425337110898597e-02,-3.072103447772176477e-01,1.000000000000000000e+00,-6.847334485033240714e-01,-4.107827880444362423e-01,6.100263246620164503e-01,1.261133634577918661e-01,-2.255728820400121903e-01,-1.325658904156044871e-01,-5.279906599999999450e-01,-3.989776287482166978e-04,3.427229556511809938e-01,7.468913173840343589e-01,-9.887470049379613879e-03
9.205100060041371268e-01,-8.052117719173876864e-01,-8.610442888985997412e-01,1.768958287002595497e-01,4.335969569385297873e-02,-5.137650556762765053e-01,-3.687092328227803972e-01,-2.259103242540612677e-01,-1.752455196396573989e-01,2.804047412565273678e-01,2.859085341383794665e-01,-6.360636252366358434e-01,-8.416114433290398100e-01,4.047311422994074315e-01,-3.889256634448591265e-01,-6.230535785383045644e-01,4.659375630480734332e-01,-1.362273030059064638e-01,-2.612131112471150277e-02,-6.048471460837023805e-01,2.042441866783631377e-02,-2.919006919487011631e-01,3.475078724836384858e-02,-5.702339035300147962e-01,7.480820388959434908e-01,-2.902422975484169609e-01,3.774128828885388587e-01,-6.847334485033240714e-01,1.000000000000000000e+00,3.931127941622478139e-01,-7.702959368258065487e-01,2.065155896023427862e-01,2.778503748132696294e-01,-2.665338711025182564e-02,7.819530199999999986e-01,1.969465207408618856e-02,-4.860420726066519981e-01,-8.559269711736426922e-01,-8.799096767210327907e-02
3.269874293350168437e-01,-3.685542365322670433e-01,-5.987485534542237309e-01,-1.810823326818036538e-01,-4.650110539459330616e-01,-5.368398222521528762e-01,-1.487194795940572356e-01,-2.677426748283106006e-01,-2.354590765308407774e-02,8.370198246532273290e-01,-4.401869850997655598e-02,-2.295398563871317854e-01,-4.233014423453195230e-01,5.852045369672772557e-01,-2.055912416942152765e-01,-3.893134716788788086e-01,2.724845293440947974e-02,-3.410489982417258537e-01,2.189097655438885237e-01,-1.881263377130146242e-01,3.893260471048077820e-01,-2.784205752594304251e-01,1.847847013865694388e-01,-1.095319547803129678e-01,1.462706238904915301e-01,2.047231684770914606e-01,2.290655318558637021e-01,-4.107827880444362423e-01,3.931127941622478139e-01,1.000000000000000000e+00,-6.224143864096290946e-01,6.298293159875759106e-02,1.940786194635711615e-01,2.755728606661495550e-01,3.243804599999999816e-01,-7.743745868024686230e-01,-3.549125947193882413e-01,-4.210645945841457460e-01,-3.539445977750776962e-01
-7.396048690460275132e-01,7.138838747419538056e-01,8.266066006375625275e-01,1.009211187434531504e-01,3.719739947767206623e-01,7.947509429900995181e-01,4.374897700590798522e-01,2.266042955109129620e-01,2.273315908297953228e-02,-4.955331968699740464e-01,-7.514588549562400965e-02,5.018681506176813079e-01,8.216794345577125291e-01,-6.897021002085711450e-01,3.737951811027093174e-01,6.602853612876299350e-01,-1.806408011457107388e-01,3.104244405802669693e-01,-3.993973776334929782e-01,2.159268098964784444e-01,-1.089496723075364382e-01,3.539773256425471359e-01,-1.699340227210473231e-01,3.864006634038141819e-01,-7.086221658614798580e-01,-2.753213795019639476e-01,-4.934880154511118722e-01,6.100263246620164503e-01,-7.702959368258065487e-01,-6.224143864096290946e-01,1.000000000000000000e+00,-8.395273575037023872e-02,-2.471556560199207886e-01,-3.227617519179495353e-01,-6.476358399999999627e-01,3.499481954407954731e-01,5.953620720919504672e-01,8.232193857404459525e-01,4.122786310850876657e-01
4.100621229922011279e-01,-6.386395574366540151e-01,-2.102375931569225309e-02,4.974869450296524609e-01,4.225893665622136863e-01,1.482766651191073648e-01,6.342822430345231854e-01,-3.348090106022683643e-01,-9.363900002645912934e-01,-4.223437290186585202e-02,8.446507741970584737e-01,-5.303386126841488357e-01,-2.686003425412651913e-01,-6.199594220023281477e-02,6.048217226477365926e-01,-1.635817480078125552e-01,7.796521638195411663e-01,-7.957513518028129784e-01,-7.136245272444993182e-01,-4.202029721878282609e-01,-5.901125420116540843e-01,3.345755937693333792e-01,8.350558041203062221e-01,-3.579600261982911480e-01,-6.786095890866831494e-03,-4.708814592263899645e-01,1.016778299809119046e-01,1.261133634577918661e-01,2.065155896023427862e-01,6.298293159875759106e-02,-8.395273575037023872e-02,1.000000000000000000e+00,-5.802148974139386128e-01,-4.717728480161590965e-01,7.079286799999999769e-01,-2.199840284988850980e-01,-7.403070891620154859e-01,-3.166725896425940934e-01,6.043550684058744960e-01
-2.548235804801509199e-02,2.064028633382602174e-01,-4.357320880512429162e-01,-7.005117780229339619e-01,-6.172523601405071059e-01,1.192708608896545300e-02,-4.628320529691593022e-01,-3.289527811439931781e-01,5.997517512560210928e-01,-5.463764367454436097e-03,-3.623363621408384194e-01,3.821664502375503591e-01,1.102604485263157796e-01,3.302958317795576249e-01,-3.831053978429069806e-01,3.127127014625711299e-01,-6.345416400720224614e-02,6.900586336717652314e-01,4.397048862005116798e-01,-3.415259053560171232e-01,8.316643627902973179e-01,5.574349753064287982e-02,-7.436783404154221344e-01,5.118259110224655517e-01,1.072080983645210817e-01,4.302537539766629338e-01,-4.600289707909199222e-01,-2.255728820400121903e-01,2.778503748132696294e-01,1.940786194635711615e-01,-2.471556560199207886e-01,-5.802148974139386128e-01,1.000000000000000000e+00,-1.203912383091128580e-01,-1.701635400000000020e-01,2.976157254279834102e-02,1.857411162915588165e-01,1.074067729366857682e-01,-7.668185244623765273e-01
-5.764932209196996921e-02,9.651643973656098829e-02,-2.230562881813625831e-01,5.450775366858841980e-02,-3.327804948567399390e-01,-7.476860660883661858e-01,-6.565773958014585743e-01,3.638303305062590698e-01,5.041166100959306728e-01,5.225697783876300795e-01,-6.687405324552688768e-01,4.833266935908597794e-02,-2.995636769911549924e-01,1.723471195516700083e-01,-7.044759499184040097e-01,-6.158133827413653227e-01,-7.928501112468653300e-01,-7.608937657783025610e-02,7.500463888046782213e-01,6.063511793324849464e-01,2.733110638401701001e-02,-8.115422803956678921e-01,-1.216287632741528887e-02,-2.179392662471342779e-01,1.104619032660149602e-01,3.359903011600227640e-01,7.348621694857440101e-01,-1.325658904156044871e-01,-2.665338711025182564e-02,2.755728606661495550e-01,-3.227617519179495353e-01,-4.717728480161590965e-01,-1.203912383091128580e-01,1.000000000000000000e+00,-2.623178200000000349e-01,-1.574385826874030725e-01,2.917356218396638945e-01,-2.397056218131588812e-01,-3.733270191988184994e-01
9.157356199999999724e-01,-9.848099999999999632e-01,-5.482453999999999938e-01,3.864600799999999836e-01,2.408882000000001078e-01,-3.740085600000000454e-01,1.241203600000000407e-01,-3.081041399999999708e-01,-7.020322199999999846e-01,2.175920000000000076e-01,7.503858199999999812e-01,-8.547783599999999593e-01,-8.040542999999999996e-01,3.710539999999999949e-01,1.516885999999999513e-01,-5.489511400000000041e-01,7.861413399999999108e-01,-6.310112199999999838e-01,-4.086332000000000297e-01,-5.038423800000000341e-01,-3.889558400000000526e-01,-1.145719999999994521e-02,5.807261800000000918e-01,-6.398642599999999625e-01,5.877509599999999335e-01,-3.293844400000000006e-01,3.402179199999999515e-01,-5.279906599999999450e-01,7.819530199999999986e-01,3.243804599999999816e-01,-6.476358399999999627e-01,7.079286799999999769e-01,-1.701635400000000020e-01,-2.623178200000000349e-01,1.000000000000000000e+00,-1.668357400000000101e-01,-8.805448999999999637e-01,-8.414810600000000029e-01,2.964662600000000925e-01
-4.218515817253178264e-03,1.782987529619055322e-01,1.914942504353474295e-01,3.412561126288811697e-01,3.985096163616953513e-01,2.517471617997462108e-01,-1.551967819237040636e-01,4.074558350390243278e-01,1.992801154670636177e-01,-6.217019531290249867e-01,-1.225998916862178628e-01,1.653204415082773493e-02,1.054658163076424016e-01,-3.019466004650467328e-01,-1.809587962252882654e-01,9.335661659443980631e-02,-4.145485993166737188e-02,4.915367638598580058e-01,-1.018990702261328429e-01,-1.075203499881492372e-02,-2.103776284434035471e-01,-9.151422187052477009e-02,-4.066551593802104070e-01,-9.822491406719580098e-02,1.330254580952817678e-01,-3.245113717954280497e-01,-9.698945408642331567e-02,-3.989776287482166978e-04,1.969465207408618856e-02,-7.743745868024686230e-01,3.499481954407954731e-01,-2.199840284988850980e-01,2.976157254279834102e-02,-1.574385826874030725e-01,-1.668357400000000101e-01,1.000000000000000000e+00,3.891665768922118462e-01,1.115804793598303840e-01,2.451338372099870211e-01
-6.730028744106641980e-01,8.445387341192321928e-01,3.395290313823059458e-01,-1.957687149814766603e-01,-1.906235468641992448e-03,3.016364026539595788e-01,-3.012600556222517767e-01,3.808435034204473713e-01,7.371302629791611771e-01,-2.208586861939211277e-01,-7.523425707511829374e-01,6.957584614415346369e-01,5.895164935322225741e-01,-4.666147206214686927e-01,-3.870117894598189556e-01,3.241591073338955797e-01,-7.601141924926843041e-01,7.442310554262743238e-01,3.239874633183924546e-01,3.266225366206236269e-01,3.347121359263682816e-01,-1.702890401715148050e-01,-7.061868340872123895e-01,3.510195368646862324e-01,-3.565026091069468661e-01,-2.183321965674108259e-02,-1.596354166950323117e-01,3.427229556511809938e-01,-4.860420726066519981e-01,-3.549125947193882413e-01,5.953620720919504672e-01,-7.403070891620154859e-01,1.857411162915588165e-01,2.917356218396638945e-01,-8.805448999999999637e-01,3.891665768922118462e-01,1.000000000000000000e+00,6.334443602895757364e-01,-1.789680366654320121e-01
-9.487065569650690033e-01,9.169585268314561777e-01,7.034752688722121228e-01,-3.841855099291424103e-01,-1.253440281377309062e-01,7.738691947246635339e-01,3.083095789020059430e-01,3.343847589740083642e-02,3.272325720629078449e-01,-4.471781621528579387e-01,-3.501214080322140321e-01,8.580881176216564876e-01,9.977218975669372991e-01,-4.593576575258382366e-01,3.053283144457470399e-01,8.677313918881290888e-01,-3.507477782404805899e-01,4.884188211402017976e-01,-1.587076850149059422e-03,2.036604595589801558e-01,3.126672717824343084e-01,4.611737208952371159e-01,-3.849291667968847142e-01,8.058241589746635292e-01,-7.812726729469585685e-01,1.972442819996127750e-01,-6.921582254310582050e-01,7.468913173840343589e-01,-8.559269711736426922e-01,-4.210645945841457460e-01,8.232193857404459525e-01,-3.166725896425940934e-01,1.074067729366857682e-01,-2.397056218131588812e-01,-8.414810600000000029e-01,1.115804793598303840e-01,6.334443602895757364e-01,1.000000000000000000e+00,-9.308596905354361850e-02
1.982579034321601541e-01,-2.662750482388032691e-01,4.602965220118474532e-01,7.283313683674373928e-01,9.193382532574333466e-01,2.965728232049398838e-01,6.398988999701015201e-01,3.172236070566959998e-01,-7.056780037997758548e-01,-2.178215216930064757e-01,6.187087597053431143e-01,-5.234385989403519401e-01,-7.529263444252709547e-02,-4.437693555982315519e-01,5.357290651372794699e-01,-8.428028066945676688e-02,4.274182048003217771e-01,-4.088799140066748938e-01,-8.284148118179075482e-01,5.251004066107047008e-03,-7.716514016371947005e-01,2.121493799560796312e-01,4.854424859541151549e-01,-5.667145911566415784e-01,1.814368879220343636e-02,-7.543434682736014363e-01,1.041246629539277213e-01,-9.887470049379613879e-03,-8.799096767210327907e-02,-3.539445977750776962e-01,4.122786310850876657e-01,6.043550684058744960e-01,-7.668185244623765273e-01,-3.733270191988184994e-01,2.964662600000000925e-01,2.451338372099870211e-01,-1.789680366654320121e-01,-9.308596905354361850e-02,1.000000000000000000e+00
