1.0,0.53039171065771851,-0.29077174382324994,0.49413307128437983,-0.44060635066502707,0.073688540363065255,0.78051113676260142,-0.12843201358280346,-0.49273673737003271,-0.17520149478519431,-0.77285255803230912,-0.5251338167410059,0.56383864548865814,0.15916214866774955,-0.079243829609840791,0.71640875462686326,0.13140112574049045,-0.49335506844396976,-0.020965254118784526,0.05301838345676331,0.35855293608610234,-0.61554215999999995,-0.0087104696732709722,0.2208940438209204,-0.078542539492663183,0.46618827366182619,0.66799052148874904,0.47302529699374357,-0.15407833826760831,0.040875226123400769,0.24186561046023,0.092231256422513341,-0.29024679283582022,-0.065968513706423967,-0.28228705278667582,0.16513375573400624,-0.63238543032412109,-0.38847123235489639,-0.2069882711704476
0.53039171065771851,1.0,-0.059974271078921941,0.78068674519183778,-0.86566416713621708,-0.29023126125142995,0.86884735469380581,-0.51085224001466323,-0.44497244881975406,0.43380049871361576,-0.60333571318297707,-0.43131113393298776,0.58851544069566808,-0.29040006173471217,-0.56117671666217039,0.64599108760940316,-0.51804885187786309,0.072425600341336729,-0.34385680527840179,-0.60861136819702755,0.72845497670715365,-0.92968030000000002,0.52415120506117618,-0.43642379331256853,0.40047783094857226,-0.27562272621436396,0.94722934596385044,0.67315821370526197,0.42008936656643026,0.66901550393006337,-0.22982308160988096,0.19464848521300968,-0.57479893828772577,0.065379119727678056,-0.51072400667037365,-0.43885294587018542,-0.84176765458154112,0.14949639207852702,-0.78628980642540125
-0.29077174382324994,-0.059974271078921941,1.0,0.47033062054725783,-0.26199318994490089,-0.17602756664230784,-0.019470675479405286,0.14209553401554659,0.40045706005610404,-0.1390981240885969,-0.26742924881446561,-0.43805494711192666,0.41522974342511254,-0.010979581316680682,0.28496490009845055,0.009306801070046538,0.37913879951872181,0.3309539415990238,0.11078269215702319,-0.67819631815697223,-0.11646947612607493,-0.11995754000000003,-0.031048866956970716,-0.78302118604908799,-0.16443973252803756,0.14406961980971603,-0.050721705603256166,0.34134260535809957,-0.46709230564535831,0.49908284263429442,0.55761088912453194,0.35678696355422579,-0.30157952575200797,0.55641046267126093,0.6004468791317682,0.39993331226825579,-0.069700740494899951,0.90534738418807226,-0.50215136846376807
0.49413307128437983,0.78068674519183778,0.47033062054725783,1.0,-0.82939284543952341,-0.41913161452840608,0.80540957397610358,-0.18665088738781793,-0.2447705041811955,0.20476053715021486,-0.82589782752057805,-0.75102504911894818,0.88324957910185597,-0.057050815162468183,-0.22788951615029956,0.74489423876616079,-0.088945488883515361,0.1405426047879581,-0.2913329205286655,-0.82431588738245243,0.59669949058088823,-0.92578819999999995,0.30038122541008572,-0.67759583312847893,0.15358018678240787,0.11721708076302675,0.81829992742963031,0.85951110756315274,-0.15356968372438193,0.80203730085586145,0.31002336657032492,0.42276734638261948,-0.56967074068420864,0.40770760914225368,-0.089477307599282407,0.0065442896407926776,-0.83783757153115013,0.5434018668461269,-0.91845614752934257
-0.44060635066502707,-0.86566416713621708,-0.26199318994490089,-0.82939284543952341,1.0,0.064228672544455745,-0.79089779574640851,0.64071040481360908,0.33257285015826549,-0.24195726460968128,0.68055156483697332,0.63480184360056324,-0.52578309650550936,0.17401687151223907,0.43287314860815185,-0.43013755350274885,0.15438105359456814,-0.19197895630820724,-0.023795015278990583,0.72925829925033492,-0.40857596973610888,0.83063285999999992,-0.50933440607724667,0.64023022110717354,-0.30878096323017146,0.24617436009744512,-0.83598606822078181,-0.74182820800271754,-0.28140092137652917,-0.73030195871230774,0.043719114598942233,-0.2612993887272605,0.85611308975842138,-0.20805245059725114,0.15628433352600796,0.19809252256540066,0.86541706197521151,-0.35343045266683509,0.79396632410495283
0.073688540363065255,-0.29023126125142995,-0.17602756664230784,-0.41913161452840608,0.064228672544455745,1.0,-0.24715638082836036,-0.20617037937465071,0.13065674422781454,-0.65003386682778452,0.051833019417488642,-0.0163701232318803,-0.48787815678397034,-0.12430224207922656,0.29609247936305372,-0.47109829738696002,0.54872815923804663,-0.29048257663252758,0.69427555089531645,0.51103076803833947,-0.76406811933037455,0.44507954000000005,-0.30560662238667807,0.32223105207809433,-0.34438100056393239,0.14260811040771765,-0.38083767853907291,-0.47087484360980764,0.16001841982499027,-0.57298668012833476,0.036774018890033094,-0.17166933544904428,-0.26967323343975569,-0.35358890026331824,0.32131730286000082,0.37113434536039658,0.18086639924602924,-0.39790629664663796,0.54808316949571501
0.78051113676260142,0.86884735469380581,-0.019470675479405286,0.80540957397610358,-0.79089779574640851,-0.24715638082836036,1.0,-0.43752846213249852,-0.39546488950712694,0.22385913974485674,-0.73439861094625136,-0.6021966683104798,0.7144043509669239,-0.07729130157505161,-0.32224875444651691,0.78117283587329878,-0.25314095282754978,-0.28136177299810949,-0.1567582370360773,-0.47917984098141048,0.68950014920928471,-0.90049869999999999,0.31568839952703898,-0.31777535066781487,0.18046021436009366,0.04738929133055788,0.94993074921690202,0.7271653763166569,0.10369750039281152,0.51137233981739949,0.063168701991261289,0.25333498274249194,-0.57790656780749627,0.03970301460864379,-0.33284839621819251,-0.14534935017082162,-0.79784540480038935,0.054730982401719162,-0.70225294235330693
-0.12843201358280346,-0.51085224001466323,0.14209553401554659,-0.18665088738781793,0.64071040481360908,-0.20617037937465071,-0.43752846213249852,1.0,0.20939012598313403,-0.35979683067146223,0.025080016488075313,0.055884456358161277,0.15289618605523397,0.14837328868961125,0.50004028682103607,0.16302025915601936,0.31017239926831119,-0.021525648260127248,-0.38592868475665609,0.2986428621286969,-0.13477955401120412,0.28430678000000009,-0.61976238772683589,0.32979227245249798,-0.41503030428587662,0.69136982885424203,-0.49803907574383455,-0.31376277125323393,-0.59709671239037276,-0.31710530748463223,0.52368823953346044,0.075779886802829752,0.76642834984774011,0.19297043422335314,0.14276534073771208,0.46015288989748637,0.36229051331472911,0.012169911182229182,0.30766991938940547
-0.49273673737003271,-0.44497244881975406,0.40045706005610404,-0.2447705041811955,0.33257285015826549,0.13065674422781454,-0.39546488950712694,0.20939012598313403,1.0,-0.48405223782375889,0.41425158623313962,0.30795334395942231,-0.21365923320717495,-0.57836262030396912,0.79899438019658486,-0.19031629569007383,0.23584402640799218,-0.27954320389220577,0.012429876210228672,-0.0009196751810599948,-0.4484794614871796,0.46446608,-0.6219889230680119,-0.26913352236513466,-0.73423602745671279,0.1186668505960374,-0.50077122070155755,-0.34442919040430364,-0.31387658217617198,-0.35350448974428672,0.46322271666115966,0.56204861433050657,0.01525563490026024,-0.45402029967297264,0.78854514991814206,0.53629771969661943,0.64189666053441996,0.39414042742263689,0.10773196724153286
-0.17520149478519431,0.43380049871361576,-0.1390981240885969,0.20476053715021486,-0.24195726460968128,-0.65003386682778452,0.22385913974485674,-0.35979683067146223,-0.48405223782375889,1.0,0.17314442776634431,0.13164729066217176,0.093367378997178882,0.18601294078726829,-0.84549345414821886,0.026991583488149954,-0.82173446635044711,0.47450347213577138,-0.37320567140088529,-0.43269683485112775,0.71676652800845142,-0.37331217999999999,0.83467289295202829,-0.25824024117695765,0.88272745449003742,-0.70652692120974403,0.42961100041420452,0.29368012340566335,0.47675859072853677,0.63723527534541025,-0.71555679434258901,-0.35870036303968617,0.042971793409866871,0.33144583562149654,-0.67527164678662899,-0.90710654747269837,-0.28387013847699905,0.1479774005995767,-0.44265991765059493
-0.77285255803230912,-0.60333571318297707,-0.26742924881446561,-0.82589782752057805,0.68055156483697332,0.051833019417488642,-0.73439861094625136,0.025080016488075313,0.41425158623313962,0.17314442776634431,1.0,0.83949666644071075,-0.81131401961879857,-0.14365811310404109,0.081197129915710542,-0.71298600004740587,-0.28658481228551153,0.054658267930097267,0.038208731044500933,0.4157114551483404,-0.32122348493963843,0.77547224000000003,-0.063092637933384127,0.26162158977926059,0.031910060551207702,-0.47184777718275789,-0.67443063956482108,-0.72303554314514873,0.28288852022286509,-0.45396282108723829,-0.45557490032234349,-0.26660516640550302,0.4791996130818687,-0.38022666135467093,0.075706228453389632,-0.27286077478739579,0.82624510722994315,-0.16593966335095231,0.55368360774872538
-0.5251338167410059,-0.43131113393298776,-0.43805494711192666,-0.75102504911894818,0.63480184360056324,-0.0163701232318803,-0.6021966683104798,0.055884456358161277,0.30795334395942231,0.13164729066217176,0.83949666644071075,1.0,-0.69496206706764041,-0.28116705618618265,0.048387552184184446,-0.49992288322056982,-0.37554749817392413,0.00363806229642159,-0.18250580341910841,0.47287681300087586,-0.18848020935295129,0.62411598000000001,-0.028076140208261116,0.37509482427321772,-0.012665713737889363,-0.43044546481195178,-0.4856419593057909,-0.61594615158203514,0.25731850618884516,-0.47888042913420498,-0.4610186636081835,-0.2433166609823251,0.53492568732037404,-0.47764837451316527,-0.072973773369581274,-0.3041598138246272,0.74800793535117804,-0.29328854121189396,0.52697903452503325
0.56383864548865814,0.58851544069566808,0.41522974342511254,0.88324957910185597,-0.52578309650550936,-0.48787815678397034,0.7144043509669239,0.15289618605523397,-0.21365923320717495,0.093367378997178882,-0.81131401961879857,-0.69496206706764041,1.0,0.056467279540558794,-0.054008931773087743,0.84312877288006904,-0.014364793681255721,-0.066105008978984345,-0.37517722726520614,-0.6086809293078066,0.62461682923141937,-0.80810762000000003,0.092877210466967897,-0.44664544928002969,0.012889517414432585,0.40213873405270106,0.67157219374801069,0.76735428691803331,-0.38628454551649122,0.60584083900494379,0.46773518951582904,0.3829810439509595,-0.2443742754899812,0.43570037624110936,-0.10144469856500095,0.14678725332455511,-0.65489892562604213,0.41919096789221216,-0.75919297933861785
0.15916214866774955,-0.29040006173471217,-0.010979581316680682,-0.057050815162468183,0.17401687151223907,-0.12430224207922656,-0.07729130157505161,0.14837328868961125,-0.57836262030396912,0.18601294078726829,-0.14365811310404109,-0.28116705618618265,0.056467279540558794,1.0,-0.2726088797693248,-0.13644720340461217,0.30777767640963649,0.18442970141440332,0.31376036682415942,0.16593225666968769,-0.00044319728071199379,0.079510299999999923,0.23624388062000329,0.30819660475065513,0.37965461954976248,0.21946189503890803,-0.081214222090394639,0.16126370005125076,-0.33099414243021075,0.085846944516847462,-0.0012535558875258687,-0.49883781006137767,0.23467678680414977,0.60271362763806147,-0.16460444384252379,-0.027356800931920611,-0.13052776532567228,-0.19889489485485443,0.21726125474359337
-0.079243829609840791,-0.56117671666217039,0.28496490009845055,-0.22788951615029956,0.43287314860815185,0.29609247936305372,-0.32224875444651691,0.50004028682103607,0.79899438019658486,-0.84549345414821886,0.081197129915710542,0.048387552184184446,-0.054008931773087743,-0.2726088797693248,1.0,0.020463927767493867,0.64660895227434612,-0.50385519414944491,0.12194240484938836,0.29958956556302985,-0.57766741914458763,0.45036721999999996,-0.91848920556074742,0.097300517572859735,-0.96927784486589907,0.65615215398387006,-0.52300553942761618,-0.30459705561255268,-0.64949906639253374,-0.59390609595471155,0.80022351968572314,0.56026874756470424,0.13513553922419025,-0.39740318300251642,0.81604774089942667,0.90213580675093574,0.52676905973692423,0.08689154933783011,0.33389010529145302
0.71640875462686326,0.64599108760940316,0.009306801070046538,0.74489423876616079,-0.43013755350274885,-0.47109829738696002,0.78117283587329878,0.16302025915601936,-0.19031629569007383,0.026991583488149954,-0.71298600004740587,-0.49992288322056982,0.84312877288006904,-0.13644720340461217,0.020463927767493867,1.0,-0.16737977574081497,-0.31419085173219835,-0.57299426421610256,-0.34941097492981443,0.6815192076557206,-0.80429432000000001,-0.1041480933322831,-0.15677225500152783,-0.1437926178899831,0.44269049976151509,0.72314153918749791,0.60149068068359213,-0.26733974136912636,0.33190682414357725,0.39830057531154661,0.47860967298615359,-0.13193741876549278,0.0070767787360860547,-0.239121362466924,0.12321150516128121,-0.60454969140046311,0.083261982900023082,-0.59208425640261864
0.13140112574049045,-0.51804885187786309,0.37913879951872181,-0.088945488883515361,0.15438105359456814,0.54872815923804663,-0.25314095282754978,0.31017239926831119,0.23584402640799218,-0.82173446635044711,-0.28658481228551153,-0.37554749817392413,-0.014364793681255721,0.30777767640963649,0.64660895227434612,-0.16737977574081497,1.0,-0.16383293489269127,0.58417413757069681,0.25873310221511581,-0.73813793147841555,0.34352285999999999,-0.56936799548221972,0.13370280385821723,-0.6069164603158792,0.68540221018767478,-0.42428683504037784,-0.065405988376570759,-0.64504914105104538,-0.3656831213908574,0.72724129876400601,0.17861937555616203,-0.11597550880660801,0.12504116650811173,0.70674312029371378,0.87193639956287738,0.12529474117752296,0.010950653187328857,0.36009973696280656
-0.49335506844396976,0.072425600341336729,0.3309539415990238,0.1405426047879581,-0.19197895630820724,-0.29048257663252758,-0.28136177299810949,-0.021525648260127248,-0.27954320389220577,0.47450347213577138,0.054658267930097267,0.00363806229642159,-0.066105008978984345,0.18442970141440332,-0.50385519414944491,-0.31419085173219835,-0.16383293489269127,1.0,-0.15930220671643952,-0.45675838315192352,0.025782964244144401,-0.086356639999999985,0.53972944437003956,-0.37823601251571487,0.56883151375649188,-0.45253608156341341,-0.030627609950181628,0.18237494765827508,0.19553944218231711,0.58421478610780953,-0.31371139668613129,-0.19101599106071965,0.00010389034621643953,0.61302799489436155,-0.169401958346625,-0.40389163846213516,-0.21771772035126388,0.43033428298900372,-0.25726080164423837
-0.020965254118784526,-0.34385680527840179,0.11078269215702319,-0.2913329205286655,-0.023795015278990583,0.69427555089531645,-0.1567582370360773,-0.38592868475665609,0.012429876210228672,-0.37320567140088529,0.038208731044500933,-0.18250580341910841,-0.37517722726520614,0.31376036682415942,0.12194240484938836,-0.57299426421610256,0.58417413757069681,-0.15930220671643952,1.0,0.26652915513936576,-0.61929425184607934,0.40563594000000003,-0.027963081602949177,0.10129500614681843,-0.082060018198947579,-0.013182081690983101,-0.28471219154950972,-0.12736661082853984,0.040862689516990222,-0.27931293058224005,0.025811643937278271,-0.24281440998596357,-0.39222528139373852,0.045956271634403092,0.39247317967043011,0.27415776836191974,0.14510755247657328,-0.16481062304594507,0.38144645951776829
0.05301838345676331,-0.60861136819702755,-0.67819631815697223,-0.82431588738245243,0.72925829925033492,0.51103076803833947,-0.47917984098141048,0.2986428621286969,-0.0009196751810599948,-0.43269683485112775,0.4157114551483404,0.47287681300087586,-0.6086809293078066,0.16593225666968769,0.29958956556302985,-0.34941097492981443,0.25873310221511581,-0.45675838315192352,0.26652915513936576,1.0,-0.48879078987612673,0.68335583999999994,-0.47793034747385638,0.94569355666212551,-0.31125869540478823,0.29316829743957024,-0.57902943066973578,-0.71217152787465399,0.0012603174443187799,-0.92619888848646537,-0.09023268620657833,-0.36520019282115773,0.55131428034251007,-0.46872880937036537,-0.044096143376114519,0.1966685555257246,0.56953776492323938,-0.84984313552562785,0.94586724282119816
0.35855293608610234,0.72845497670715365,-0.11646947612607493,0.59669949058088823,-0.40857596973610888,-0.76406811933037455,0.68950014920928471,-0.13477955401120412,-0.4484794614871796,0.71676652800845142,-0.32122348493963843,-0.18848020935295129,0.62461682923141937,-0.00044319728071199379,-0.57766741914458763,0.6815192076557206,-0.73813793147841555,0.025782964244144401,-0.61929425184607934,-0.48879078987612673,1.0,-0.76979913999999994,0.50809569092460438,-0.25179469505848195,0.52603451779488086,-0.21174784192649285,0.77412738870065168,0.54280212358641,0.20404681255506812,0.62033193079736371,-0.27291500746285052,-0.0087101895766963401,-0.007304854764275742,0.22660102498282395,-0.67797955402914178,-0.58596789092763646,-0.52928691004730755,0.13384613804323348,-0.67667666780941915
-0.61554215999999995,-0.92968030000000002,-0.11995754000000003,-0.92578819999999995,0.83063285999999992,0.44507954000000005,-0.90049869999999999,0.28430678000000009,0.46446608,-0.37331217999999999,0.77547224000000003,0.62411598000000001,-0.80810762000000003,0.079510299999999923,0.45036721999999996,-0.80429432000000001,0.34352285999999999,-0.086356639999999985,0.40563594000000003,0.68335583999999994,-0.76979913999999994,1.0,-0.42436216000000004,0.4696137600000001,-0.324434,0.012574859999999966,-0.94944075999999999,-0.81108782000000001,-0.097767280000000012,-0.74749978000000006,-0.035730979999999968,-0.27436072,0.49085445999999999,-0.27008034000000003,0.41481977999999997,0.25199956000000001,0.90661480000000005,-0.26640085999999996,0.85479642
-0.0087104696732709722,0.52415120506117618,-0.031048866956970716,0.30038122541008572,-0.50933440607724667,-0.30560662238667807,0.31568839952703898,-0.61976238772683589,-0.6219889230680119,0.83467289295202829,-0.063092637933384127,-0.028076140208261116,0.092877210466967897,0.23624388062000329,-0.91848920556074742,-0.1041480933322831,-0.56936799548221972,0.53972944437003956,-0.027963081602949177,-0.47793034747385638,0.50809569092460438,-0.42436216000000004,1.0,-0.34119911469132574,0.92501854890362112,-0.7359649030924168,0.51936923541081947,0.40587950753410085,0.52402164490833003,0.70660388460672396,-0.70699098471315813,-0.47508813161716579,-0.28888878270015361,0.44721763232814216,-0.58505941576075182,-0.82373560557018277,-0.4656752941528039,0.1531101446879029,-0.45848868216325844
0.2208940438209204,-0.43642379331256853,-0.78302118604908799,-0.67759583312847893,0.64023022110717354,0.32223105207809433,-0.31777535066781487,0.32979227245249798,-0.26913352236513466,-0.25824024117695765,0.26162158977926059,0.37509482427321772,-0.44664544928002969,0.30819660475065513,0.097300517572859735,-0.15677225500152783,0.13370280385821723,-0.37823601251571487,0.10129500614681843,0.94569355666212551,-0.25179469505848195,0.4696137600000001,-0.34119911469132574,1.0,-0.13282313371825799,0.31497379327618585,-0.37910311919461731,-0.54793822979524964,0.019436665775047546,-0.77998239101686062,-0.1586724097931278,-0.42389245502665374,0.60696375161319061,-0.34216550078816477,-0.29276349737390683,0.053019913580413913,0.35501785892275112,-0.9209568725939945,0.83900871204060357
-0.078542539492663183,0.40047783094857226,-0.16443973252803756,0.15358018678240787,-0.30878096323017146,-0.34438100056393239,0.18046021436009366,-0.41503030428587662,-0.73423602745671279,0.88272745449003742,0.031910060551207702,-0.012665713737889363,0.012889517414432585,0.37965461954976248,-0.96927784486589907,-0.1437926178899831,-0.6069164603158792,0.56883151375649188,-0.082060018198947579,-0.31125869540478823,0.52603451779488086,-0.324434,0.92501854890362112,-0.13282313371825799,1.0,-0.66120005636520207,0.37768840337544851,0.23298951032015991,0.56254155818136642,0.60515266496404951,-0.78124792407994892,-0.63795908639721488,-0.031403665008987211,0.51607697904974814,-0.74191233587966787,-0.88930252884140326,-0.39751372413784458,0.010956587683601091,-0.29315285845950056
0.46618827366182619,-0.27562272621436396,0.14406961980971603,0.11721708076302675,0.24617436009744512,0.14260811040771765,0.04738929133055788,0.69136982885424203,0.1186668505960374,-0.70652692120974403,-0.47184777718275789,-0.43044546481195178,0.40213873405270106,0.21946189503890803,0.65615215398387006,0.44269049976151509,0.68540221018767478,-0.45253608156341341,-0.013182081690983101,0.29316829743957024,-0.21174784192649285,0.012574859999999966,-0.7359649030924168,0.31497379327618585,-0.66120005636520207,1.0,-0.1618843290850713,-0.0016365395470682707,-0.76038946969752252,-0.36175219741528075,0.83683147060369523,0.28746771288972661,0.24087898874675309,0.045154600957749876,0.33946551590542262,0.81260936232495684,-0.0051652405410337159,-0.13178217807089881,0.2011969621247017
0.66799052148874904,0.94722934596385044,-0.050721705603256166,0.81829992742963031,-0.83598606822078181,-0.38083767853907291,0.94993074921690202,-0.49803907574383455,-0.50077122070155755,0.42961100041420452,-0.67443063956482108,-0.4856419593057909,0.67157219374801069,-0.081214222090394639,-0.52300553942761618,0.72314153918749791,-0.42428683504037784,-0.030627609950181628,-0.28471219154950972,-0.57902943066973578,0.77412738870065168,-0.94944075999999999,0.51936923541081947,-0.37910311919461731,0.37768840337544851,-0.1618843290850713,1.0,0.79043964197024241,0.2243921594961209,0.66075289881124155,-0.12260456706407649,0.19434288604035244,-0.5549890918857836,0.1175420077537066,-0.46734225275043584,-0.3584521019746606,-0.8520887567655262,0.1077509393072683,-0.77326343860930047
0.47302529699374357,0.67315821370526197,0.34134260535809957,0.85951110756315274,-0.74182820800271754,-0.47087484360980764,0.7271653763166569,-0.31376277125323393,-0.34442919040430364,0.29368012340566335,-0.72303554314514873,-0.61594615158203514,0.76735428691803331,0.16126370005125076,-0.30459705561255268,0.60149068068359213,-0.065405988376570759,0.18237494765827508,-0.12736661082853984,-0.71217152787465399,0.54280212358641,-0.81108782000000001,0.40587950753410085,-0.54793822979524964,0.23298951032015991,-0.0016365395470682707,0.79043964197024241,1.0,-0.17739824516082353,0.74402824825474212,0.20369060033714875,0.41171040764224182,-0.57238240373418559,0.39563222649809465,-0.07925505021828913,-0.061486452351706911,-0.77262548743092985,0.3975971336476789,-0.78969297936522065
-0.15407833826760831,0.42008936656643026,-0.46709230564535831,-0.15356968372438193,-0.28140092137652917,0.16001841982499027,0.10369750039281152,-0.59709671239037276,-0.31387658217617198,0.47675859072853677,0.28288852022286509,0.25731850618884516,-0.38628454551649122,-0.33099414243021075,-0.64949906639253374,-0.26733974136912636,-0.64504914105104538,0.19553944218231711,0.040862689516990222,0.0012603174443187799,0.20404681255506812,-0.097767280000000012,0.52402164490833003,0.019436665775047546,0.56254155818136642,-0.76038946969752252,0.2243921594961209,-0.17739824516082353,1.0,0.11355542346819296,-0.85192259759533395,-0.36216397514439391,-0.20651295421802512,-0.2110831220787836,-0.59501086456769881,-0.75465322599760243,-0.14366314896558685,-0.26178705562784116,-0.033366081262174385
0.040875226123400769,0.66901550393006337,0.49908284263429442,0.80203730085586145,-0.73030195871230774,-0.57298668012833476,0.51137233981739949,-0.31710530748463223,-0.35350448974428672,0.63723527534541025,-0.45396282108723829,-0.47888042913420498,0.60584083900494379,0.085846944516847462,-0.59390609595471155,0.33190682414357725,-0.3656831213908574,0.58421478610780953,-0.27931293058224005,-0.92619888848646537,0.62033193079736371,-0.74749978000000006,0.70660388460672396,-0.77998239101686062,0.60515266496404951,-0.36175219741528075,0.66075289881124155,0.74402824825474212,0.11355542346819296,1.0,-0.1287624770375827,0.080773352650200747,-0.43761214738940646,0.64215151722407371,-0.26048190313120206,-0.42665895828625022,-0.69535346265446119,0.67153632030828336,-0.89461949675471208
0.24186561046023,-0.22982308160988096,0.55761088912453194,0.31002336657032492,0.043719114598942233,0.036774018890033094,0.063168701991261289,0.52368823953346044,0.46322271666115966,-0.71555679434258901,-0.45557490032234349,-0.4610186636081835,0.46773518951582904,-0.0012535558875258687,0.80022351968572314,0.39830057531154661,0.72724129876400601,-0.31371139668613129,0.025811643937278271,-0.09023268620657833,-0.27291500746285052,-0.035730979999999968,-0.70699098471315813,-0.1586724097931278,-0.78124792407994892,0.83683147060369523,-0.12260456706407649,0.20369060033714875,-0.85192259759533395,-0.1287624770375827,1.0,0.63182359573465185,-0.060403173992318364,0.060461509189702112,0.70170123947518848,0.92497016588323844,0.014226920927106803,0.32508401084833888,-0.088895623906289523
0.092231256422513341,0.19464848521300968,0.35678696355422579,0.42276734638261948,-0.2612993887272605,-0.17166933544904428,0.25333498274249194,0.075779886802829752,0.56204861433050657,-0.35870036303968617,-0.26660516640550302,-0.2433166609823251,0.3829810439509595,-0.49883781006137767,0.56026874756470424,0.47860967298615359,0.17861937555616203,-0.19101599106071965,-0.24281440998596357,-0.36520019282115773,-0.0087101895766963401,-0.27436072,-0.47508813161716579,-0.42389245502665374,-0.63795908639721488,0.28746771288972661,0.19434288604035244,0.41171040764224182,-0.36216397514439391,0.080773352650200747,0.63182359573465185,1.0,-0.36288763003749969,-0.33480575409455648,0.54478575777870997,0.523238854195609,-0.12996134686247046,0.38840878695082498,-0.39851150584127021
-0.29024679283582022,-0.57479893828772577,-0.30157952575200797,-0.56967074068420864,0.85611308975842138,-0.26967323343975569,-0.57790656780749627,0.76642834984774011,0.01525563490026024,0.042971793409866871,0.4791996130818687,0.53492568732037404,-0.2443742754899812,0.23467678680414977,0.13513553922419025,-0.13193741876549278,-0.11597550880660801,0.00010389034621643953,-0.39222528139373852,0.55131428034251007,-0.007304854764275742,0.49085445999999999,-0.28888878270015361,0.60696375161319061,-0.031403665008987211,0.24087898874675309,-0.5549890918857836,-0.57238240373418559,-0.20651295421802512,-0.43761214738940646,-0.060403173992318364,-0.36288763003749969,1.0,0.037981346167808766,-0.23444111964203207,-0.050557153351079021,0.58841415687804954,-0.31943233002567839,0.55084356829045578
-0.065968513706423967,0.065379119727678056,0.55641046267126093,0.40770760914225368,-0.20805245059725114,-0.35358890026331824,0.03970301460864379,0.19297043422335314,-0.45402029967297264,0.33144583562149654,-0.38022666135467093,-0.47764837451316527,0.43570037624110936,0.60271362763806147,-0.39740318300251642,0.0070767787360860547,0.12504116650811173,0.61302799489436155,0.045956271634403092,-0.46872880937036537,0.22660102498282395,-0.27008034000000003,0.44721763232814216,-0.34216550078816477,0.51607697904974814,0.045154600957749876,0.1175420077537066,0.39563222649809465,-0.2110831220787836,0.64215151722407371,0.060461509189702112,-0.33480575409455648,0.037981346167808766,1.0,-0.16046409618612509,-0.13444599671284818,-0.35754801448203438,0.46794786957107748,-0.35968268277130272
-0.28228705278667582,-0.51072400667037365,0.6004468791317682,-0.089477307599282407,0.15628433352600796,0.32131730286000082,-0.33284839621819251,0.14276534073771208,0.78854514991814206,-0.67527164678662899,0.075706228453389632,-0.072973773369581274,-0.10144469856500095,-0.16460444384252379,0.81604774089942667,-0.239121362466924,0.70674312029371378,-0.169401958346625,0.39247317967043011,-0.044096143376114519,-0.67797955402914178,0.41481977999999997,-0.58505941576075182,-0.29276349737390683,-0.74191233587966787,0.33946551590542262,-0.46734225275043584,-0.07925505021828913,-0.59501086456769881,-0.26048190313120206,0.70170123947518848,0.54478575777870997,-0.23444111964203207,-0.16046409618612509,1.0,0.79991945033967793,0.39646096311085599,0.41588108673114821,0.12174732299663732
0.16513375573400624,-0.43885294587018542,0.39993331226825579,0.0065442896407926776,0.19809252256540066,0.37113434536039658,-0.14534935017082162,0.46015288989748637,0.53629771969661943,-0.90710654747269837,-0.27286077478739579,-0.3041598138246272,0.14678725332455511,-0.027356800931920611,0.90213580675093574,0.12321150516128121,0.87193639956287738,-0.40389163846213516,0.27415776836191974,0.1966685555257246,-0.58596789092763646,0.25199956000000001,-0.82373560557018277,0.053019913580413913,-0.88930252884140326,0.81260936232495684,-0.3584521019746606,-0.061486452351706911,-0.75465322599760243,-0.42665895828625022,0.92497016588323844,0.523238854195609,-0.050557153351079021,-0.13444599671284818,0.79991945033967793,1.0,0.21176266005846089,0.10456056700164695,0.22801460476466562
-0.63238543032412109,-0.84176765458154112,-0.069700740494899951,-0.83783757153115013,0.86541706197521151,0.18086639924602924,-0.79784540480038935,0.36229051331472911,0.64189666053441996,-0.28387013847699905,0.82624510722994315,0.74800793535117804,-0.65489892562604213,-0.13052776532567228,0.52676905973692423,-0.60454969140046311,0.12529474117752296,-0.21771772035126388,0.14510755247657328,0.56953776492323938,-0.52928691004730755,0.90661480000000005,-0.4656752941528039,0.35501785892275112,-0.39751372413784458,-0.0051652405410337159,-0.8520887567655262,-0.77262548743092985,-0.14366314896558685,-0.69535346265446119,0.014226920927106803,-0.12996134686247046,0.58841415687804954,-0.35754801448203438,0.39646096311085599,0.21176266005846089,1.0,-0.13315123276924326,0.69115850676312718
-0.38847123235489639,0.14949639207852702,0.90534738418807226,0.5434018668461269,-0.35343045266683509,-0.39790629664663796,0.054730982401719162,0.012169911182229182,0.39414042742263689,0.1479774005995767,-0.16593966335095231,-0.29328854121189396,0.41919096789221216,-0.19889489485485443,0.08689154933783011,0.083261982900023082,0.010950653187328857,0.43033428298900372,-0.16481062304594507,-0.84984313552562785,0.13384613804323348,-0.26640085999999996,0.1531101446879029,-0.9209568725939945,0.010956587683601091,-0.13178217807089881,0.1077509393072683,0.3975971336476789,-0.26178705562784116,0.67153632030828336,0.32508401084833888,0.38840878695082498,-0.31943233002567839,0.46794786957107748,0.41588108673114821,0.10456056700164695,-0.13315123276924326,1.0,-0.69027016406332009
-0.2069882711704476,-0.78628980642540125,-0.50215136846376807,-0.91845614752934257,0.79396632410495283,0.54808316949571501,-0.70225294235330693,0.30766991938940547,0.10773196724153286,-0.44265991765059493,0.55368360774872538,0.52697903452503325,-0.75919297933861785,0.21726125474359337,0.33389010529145302,-0.59208425640261864,0.36009973696280656,-0.25726080164423837,0.38144645951776829,0.94586724282119816,-0.67667666780941915,0.85479642,-0.45848868216325844,0.83900871204060357,-0.29315285845950056,0.2011969621247017,-0.77326343860930047,-0.78969297936522065,-0.033366081262174385,-0.89461949675471208,-0.088895623906289523,-0.39851150584127021,0.55084356829045578,-0.35968268277130272,0.12174732299663732,0.22801460476466562,0.69115850676312718,-0.69027016406332009,1.0
