1.000000000000000000e+00,8.402877541925140026e-01,4.088624400000000492e-01,3.522723605114170820e-01,-2.725057951447672488e-01,-7.349050258327671781e-02,-1.095315573902975043e-01,-7.245728015684665957e-01,4.980590137743547835e-02,6.046053174197673075e-01,3.794926529785382363e-01,-1.708253473934940037e-01,9.772652584814742194e-02,-4.200900189446341582e-01,5.560162357488955820e-01,-3.982253407721386140e-01,8.094562863019829635e-01,-2.956515977694490482e-01,-6.203388001006973074e-01,6.401729767119515024e-01,1.127017076370992119e-03,1.484107927659798210e-01,-8.368197025401853395e-01,-4.463650146203372859e-01,2.574857170113553639e-01,-2.470889162991934951e-01,1.301031914793089883e-01,-3.413112031963047577e-01,-6.422796125079888174e-01,-4.343604624127692104e-02,-1.787383512306318922e-03,-4.634689008551710204e-02,-5.224843969290764445e-01,1.765943555222859174e-01,5.467634875808804473e-01,-7.007308999801669103e-01,-4.827262514133522919e-01,4.360543559149014370e-01,-4.814312857290883318e-01
8.402877541925140026e-01,1.000000000000000000e+00,7.256760600000000672e-01,4.838914315176855441e-01,-4.648868477068500704e-01,-3.583537737593630590e-01,-3.303993038279506300e-01,-7.215831508927208482e-01,-4.298765459043759618e-01,5.352443056791109655e-01,3.021365749005453516e-01,-1.377349871357869404e-01,5.260823182609567494e-01,-6.387017245821267064e-01,8.040951041290663737e-01,-4.374198944809543077e-01,7.082720677712437407e-01,-2.769436069496344910e-02,-7.416510902316368892e-01,6.648840447870263404e-01,3.018838827543247616e-01,4.994750937003819002e-01,-8.795732434626436502e-01,-7.634158622748713485e-01,5.510344458637755904e-01,-1.092207976558015048e-01,3.287311648194143343e-01,-4.429939797463038897e-01,-7.279528313091970793e-01,5.385089260985304049e-02,-3.157689212927453637e-01,-2.769103734809541528e-02,-3.106497164799573163e-01,5.666019266381657760e-01,5.070116153303840800e-01,-5.285043227158789936e-01,-5.518556333597346431e-01,1.879638354040424342e-01,-5.671771187796212921e-01
4.088624400000000492e-01,7.256760600000000672e-01,1.000000000000000000e+00,1.861136000000001012e-01,-3.285027000000000363e-01,-8.071199199999999907e-01,-4.322090200000000548e-01,-5.142055199999999715e-01,-6.667606400000000155e-01,6.030687999999999604e-01,2.833775599999999173e-01,8.428550000000001319e-02,8.757522600000000601e-01,-8.960003599999999402e-01,9.730275200000000346e-01,-8.807920000000002414e-02,4.719143999999999561e-01,1.499852399999999086e-01,-7.044372599999999540e-01,6.942087200000000013e-01,5.417460199999999393e-01,7.120137200000000721e-01,-6.665095599999999454e-01,-7.997148000000000589e-01,8.254789000000000154e-01,1.082267199999999985e-01,7.005341199999999269e-01,-5.530902200000000768e-01,-5.306451400000000707e-01,3.557328200000000606e-01,-7.830190999999999679e-01,3.551958600000000299e-01,2.130825400000000425e-01,7.665196800000000366e-01,4.767266400000000903e-01,-1.798105599999999527e-01,-3.466560800000000331e-01,2.026373800000000891e-01,-5.318231399999999720e-01
3.522723605114170820e-01,4.838914315176855441e-01,1.861136000000001012e-01,1.000000000000000000e+00,-4.256648546723276749e-01,3.298938103185667936e-01,-8.273270571619107949e-01,-3.707542598098269027e-01,-4.553476904077404797e-01,-1.390141738114960279e-01,-5.237293091639383391e-02,1.326346976125399868e-01,1.548491350496032926e-01,-2.455694029713684223e-03,2.482406376026685679e-01,-9.058672667360547770e-01,2.238052184456010285e-01,-2.373097588299095395e-01,-4.102866790300285782e-02,2.025468966115163139e-01,3.342030158939974793e-01,-8.966664460306089657e-02,-5.566681652021259197e-01,-1.133275374740866370e-01,-2.306259977444449771e-01,-6.402941920192750658e-04,-5.293222461131262824e-01,1.285576002430763864e-01,-5.583398083947728185e-01,-7.891636499249371495e-01,9.659825176447978112e-02,-6.509419514753680414e-01,2.550587075235736245e-01,6.538785467132612883e-01,-1.464242667328654601e-01,-3.075299306792067533e-03,-5.333353920269142678e-01,1.987217703147118320e-01,-5.637183375833209054e-01
-2.725057951447672488e-01,-4.648868477068500704e-01,-3.285027000000000363e-01,-4.256648546723276749e-01,1.000000000000000000e+00,2.697204097905919196e-01,3.530559149135382158e-01,-1.216288735811748012e-01,6.086160114247162189e-01,2.122388090736236632e-01,5.259061610780553231e-01,4.847004309212608608e-01,-5.671030515670686389e-01,2.128723533054639461e-01,-2.408037007512113248e-01,3.729708735613460058e-01,1.922583946352433570e-01,-6.270940666522999418e-01,3.783411900842504338e-01,-1.214543886445545590e-01,-7.681613666466446944e-01,-2.295578812715695638e-01,1.521426238764413685e-01,6.616692359851188421e-01,-4.157758570963458467e-01,1.013292881071392593e-01,-1.213912913723100007e-01,-3.404703685268340996e-01,4.091165967547375493e-01,-1.781476580032555213e-02,4.226418840262240462e-01,-1.539068616242368626e-01,1.507816258298764200e-01,-3.752608084353937223e-01,-1.771469652690950136e-01,-3.097462467901543337e-01,-9.387073903852348467e-02,-8.168772225911093143e-02,-9.467626011939084263e-02
-7.349050258327671781e-02,-3.583537737593630590e-01,-8.071199199999999907e-01,3.298938103185667936e-01,2.697204097905919196e-01,1.000000000000000000e+00,3.434629133956569602e-02,3.495234788905573348e-02,5.327958032005088995e-01,-3.853741276595181176e-01,1.384501380271339725e-02,-1.352062240557651111e-02,-8.335588731859824296e-01,8.484091393353123678e-01,-7.001480905651467079e-01,-4.360178541316449552e-01,-1.091159876655515004e-01,-5.161640243933410810e-01,5.290303404799761022e-01,-5.402197991313716363e-01,-5.436174132152613581e-01,-7.732727061809668845e-01,1.877014960607435723e-01,7.604049771528682555e-01,-9.458651081209025202e-01,-1.952701405892678932e-01,-9.295543101950676235e-01,4.307199878457006470e-01,2.383058946706829995e-01,-7.644495357847902461e-01,8.992211368036751029e-01,-7.818931883545325867e-01,-1.315006638842812769e-01,-3.895626367491644149e-01,-4.910916343988036004e-01,-1.629807111215727036e-02,-1.929476479609286421e-01,-1.090754416978125807e-01,5.634573421667932874e-02
-1.095315573902975043e-01,-3.303993038279506300e-01,-4.322090200000000548e-01,-8.273270571619107949e-01,3.530559149135382158e-01,3.434629133956569602e-02,1.000000000000000000e+00,2.133521403998863142e-01,6.695513401122624719e-01,1.008191611668041027e-01,1.148814978999828373e-01,-4.176675738256948600e-01,-4.477873178966925161e-01,2.803928434838921513e-01,-4.159186653768002784e-01,6.386425131734668748e-01,-8.243770060919979048e-02,8.916175645781626580e-02,-2.629210363275866907e-02,-3.527421783169765734e-01,-5.701941482481430734e-01,-1.358000523590890407e-01,4.654165993996953743e-01,1.603643829744225147e-01,-7.772307110544086689e-04,-3.256488125061768879e-01,2.649736466504560850e-01,-1.059947665544718615e-01,5.814450446454358934e-01,5.790352453541451894e-01,3.109551486762086592e-01,3.130633202263754522e-01,-6.701665877188979215e-01,-8.297987845912091487e-01,1.584334550141436593e-01,-2.256372565450439904e-01,3.778842555050290763e-01,-3.142943214290234155e-01,5.399227196535602014e-01
-7.245728015684665957e-01,-7.215831508927208482e-01,-5.142055199999999715e-01,-3.707542598098269027e-01,-1.216288735811748012e-01,3.495234788905573348e-02,2.133521403998863142e-01,1.000000000000000000e+00,1.766429409589431732e-02,-8.009334341836171767e-01,-8.465436473875712631e-01,-8.008660998501176964e-02,-1.028563197601769508e-01,3.505658959061327407e-01,-6.770975219633550424e-01,4.204357231954842788e-01,-9.155517158572584746e-01,6.391368827994793334e-01,6.182477412129122607e-01,-4.574052060508375650e-01,2.101623593607080120e-01,-1.377521851401403707e-01,8.862051171990448228e-01,2.424670464569058381e-01,-1.284008129716659452e-01,2.345803374609725933e-01,-1.049348048527654897e-01,6.509365767307221384e-01,3.340038820568062006e-01,1.580826910081789549e-01,-9.110283390967967299e-02,3.582864423134927701e-01,1.646135519026919458e-01,-4.400596769163059863e-01,-3.273433129081655402e-01,7.141050285902930117e-01,8.587574242773149402e-01,-1.147212927418951312e-01,7.495193285256428473e-01
4.980590137743547835e-02,-4.298765459043759618e-01,-6.667606400000000155e-01,-4.553476904077404797e-01,6.086160114247162189e-01,5.327958032005088995e-01,6.695513401122624719e-01,1.766429409589431732e-02,1.000000000000000000e+00,1.255511172626161132e-01,2.771539362673653972e-01,-1.068312380696363334e-01,-8.720085288469335838e-01,4.854040527291306195e-01,-5.392876189843643919e-01,2.285097322535634412e-01,1.431359123677217182e-01,-5.264454384150722976e-01,2.595727083570323890e-01,-2.483844462163217470e-01,-8.243047241244422230e-01,-5.741198913778905455e-01,2.374352191183745631e-01,6.571001733679739942e-01,-5.544165035976200695e-01,-3.470877893148516802e-01,-2.929713388845616162e-01,-1.918402239954788979e-02,4.360296995157449951e-01,-4.708874164015199038e-02,6.526957754057186589e-01,-7.348823095873316391e-02,-4.259656102501493402e-01,-8.359660943208683248e-01,-3.601538390905983933e-02,-3.207922119570465469e-01,1.228888222441397726e-01,1.438970583039926032e-01,1.788874654060443048e-01
6.046053174197673075e-01,5.352443056791109655e-01,6.030687999999999604e-01,-1.390141738114960279e-01,2.122388090736236632e-01,-3.853741276595181176e-01,1.008191611668041027e-01,-8.009334341836171767e-01,1.255511172626161132e-01,1.000000000000000000e+00,8.133586168877475764e-01,-8.378264808248415962e-02,2.154479318558035761e-01,-5.168122953196214731e-01,7.091058310835800516e-01,4.439793622136692028e-03,7.921691935269993268e-01,-4.452828617072071005e-01,-7.177228703581868263e-01,4.864454146644147658e-01,-2.004890859579487039e-01,2.408743468834039225e-01,-6.638119069857988386e-01,-3.159467263535957193e-01,4.189226905498651399e-01,-2.996673706252894753e-01,5.323487237566644215e-01,-7.144800555123722585e-01,-1.463582255302262602e-01,3.241019526368967285e-01,-2.067298902356332069e-01,1.754398765933526116e-01,-1.864339073482990106e-01,2.045363299875207486e-01,5.706659827363909088e-01,-5.801492957378019399e-01,-5.379542399919680085e-01,2.274295848562215283e-01,-5.264336074142337285e-01
3.794926529785382363e-01,3.021365749005453516e-01,2.833775599999999173e-01,-5.237293091639383391e-02,5.259061610780553231e-01,1.384501380271339725e-02,1.148814978999828373e-01,-8.465436473875712631e-01,2.771539362673653972e-01,8.133586168877475764e-01,1.000000000000000000e+00,1.611949994145871201e-01,-1.324920039140292660e-01,-1.531790777927055647e-01,4.286963235627226365e-01,-5.580464528701998411e-02,7.613793016854336626e-01,-7.317222295292065137e-01,-4.267511802040685476e-01,1.740423995678949398e-01,-5.126537774677948356e-01,-3.750872922079203503e-03,-5.461184981937790006e-01,8.415947085954417206e-02,-1.680431184023938040e-02,-1.998670708838098942e-01,1.462020127009581727e-01,-6.756852726545358179e-01,9.413340635343676877e-02,1.821017257876102885e-02,2.284196755453817007e-01,-2.815587907075507990e-01,-1.091502544548995784e-01,1.420858086705925893e-01,1.479287866090575054e-01,-6.537098729209274151e-01,-7.276038983719964603e-01,-8.431559952859705998e-02,-5.343102565922044356e-01
-1.708253473934940037e-01,-1.377349871357869404e-01,8.428550000000001319e-02,1.326346976125399868e-01,4.847004309212608608e-01,-1.352062240557651111e-02,-4.176675738256948600e-01,-8.008660998501176964e-02,-1.068312380696363334e-01,-8.378264808248415962e-02,1.611949994145871201e-01,1.000000000000000000e+00,-5.461825752676380263e-02,-2.280102550723131227e-01,1.148139364537950069e-01,1.353224757817892143e-01,1.847073156795850934e-01,-3.423874430821371995e-01,4.236922764297171295e-01,3.700676401710964458e-01,-5.424601937446565936e-02,1.440565484970051102e-01,-1.598694745736331246e-01,3.028155880594084470e-01,-1.896500837470773415e-01,6.861996479509417934e-01,-1.707511668443876529e-01,-2.057744539973388465e-01,-2.232471244088887197e-01,-2.542381814385105132e-01,-4.636076764571755993e-03,-1.368794786827581822e-01,5.889214229545131074e-01,2.777517165500326679e-01,-2.882416006999102276e-01,-2.101353397172852910e-01,-1.216664579170712579e-01,1.863243194070054454e-01,-3.018502869269167332e-01
9.772652584814742194e-02,5.260823182609567494e-01,8.757522600000000601e-01,1.548491350496032926e-01,-5.671030515670686389e-01,-8.335588731859824296e-01,-4.477873178966925161e-01,-1.028563197601769508e-01,-8.720085288469335838e-01,2.154479318558035761e-01,-1.324920039140292660e-01,-5.461825752676380263e-02,1.000000000000000000e+00,-7.560815037335019140e-01,7.487523090523870994e-01,-1.917776838322882149e-02,1.056666927117601296e-02,5.605951270467701697e-01,-5.209701557164216901e-01,4.328153978768161103e-01,7.843020837536339718e-01,7.272976501141084071e-01,-3.112231916776222462e-01,-8.430462323698169058e-01,8.605423780376237897e-01,2.203213361200675457e-01,6.749854751115262896e-01,-1.975734756751276189e-01,-4.488485232952879045e-01,4.146793450215303101e-01,-8.935618572700337880e-01,4.451849665488309404e-01,2.867711739988456632e-01,7.344048667518682239e-01,3.105352774061018173e-01,2.218355518072920862e-01,-6.154623886009202849e-02,9.698151669134680297e-03,-2.056441194092576419e-01
-4.200900189446341582e-01,-6.387017245821267064e-01,-8.960003599999999402e-01,-2.455694029713684223e-03,2.128723533054639461e-01,8.484091393353123678e-01,2.803928434838921513e-01,3.505658959061327407e-01,4.854040527291306195e-01,-5.168122953196214731e-01,-1.531790777927055647e-01,-2.280102550723131227e-01,-7.560815037335019140e-01,1.000000000000000000e+00,-8.782822649503585488e-01,-1.210565650713366775e-01,-4.767079794590380337e-01,-1.881238636782771589e-01,5.432344956747627851e-01,-8.616199617539925804e-01,-4.657232618576305772e-01,-7.357545742158154711e-01,5.848764839720040909e-01,7.523753768929142272e-01,-8.378457741138312098e-01,-2.228446971697849444e-01,-7.491747609077347159e-01,5.793480901414221895e-01,6.201151832507693085e-01,-4.716675042185320410e-01,7.891477174472167899e-01,-5.582595682828142003e-01,-1.363538416069156600e-01,-5.452311116305463834e-01,-5.111991128190487288e-01,2.982208675558574718e-01,1.061098537883836818e-01,-3.975807452001858255e-01,4.621812486348133575e-01
5.560162357488955820e-01,8.040951041290663737e-01,9.730275200000000346e-01,2.482406376026685679e-01,-2.408037007512113248e-01,-7.001480905651467079e-01,-4.159186653768002784e-01,-6.770975219633550424e-01,-5.392876189843643919e-01,7.091058310835800516e-01,4.286963235627226365e-01,1.148139364537950069e-01,7.487523090523870994e-01,-8.782822649503585488e-01,1.000000000000000000e+00,-1.744315298575147832e-01,6.579489077009142983e-01,-4.651224967259805221e-02,-7.444754661708586907e-01,7.647319011284507972e-01,4.029768060867003343e-01,6.419707826744882606e-01,-8.064647148510223351e-01,-7.400896619155490352e-01,7.320542400664022953e-01,2.299566161072572751e-02,6.212973368018290810e-01,-6.607509895416706636e-01,-5.623936704437330070e-01,2.568399747386783116e-01,-6.490095395550273816e-01,2.428105499201893558e-01,1.343774399310830314e-01,7.396875678618696215e-01,5.174037816652592436e-01,-3.612333235394794562e-01,-4.699965986852328026e-01,2.773707906621215025e-01,-6.599619354543529992e-01
-3.982253407721386140e-01,-4.374198944809543077e-01,-8.807920000000002414e-02,-9.058672667360547770e-01,3.729708735613460058e-01,-4.360178541316449552e-01,6.386425131734668748e-01,4.204357231954842788e-01,2.285097322535634412e-01,4.439793622136692028e-03,-5.580464528701998411e-02,1.353224757817892143e-01,-1.917776838322882149e-02,-1.210565650713366775e-01,-1.744315298575147832e-01,1.000000000000000000e+00,-2.534717428205855438e-01,3.473220108517974802e-01,1.430044298962995786e-01,-6.420215425393976938e-02,-2.055509469029969949e-01,3.200995882413417704e-01,5.131266998823620362e-01,4.502607121444188176e-02,3.004897596263894077e-01,3.387867116007830526e-01,5.250307394616020584e-01,-8.524363230665767122e-02,4.014264704899577763e-01,7.753480746223052611e-01,-2.233190416301949754e-01,6.752852678573119105e-01,-1.072951559100485674e-01,-4.962100649358843207e-01,1.281624233972711580e-01,1.920346242354888794e-02,5.463213040186956082e-01,-2.319281484530417714e-01,5.873290282059453471e-01
8.094562863019829635e-01,7.082720677712437407e-01,4.719143999999999561e-01,2.238052184456010285e-01,1.922583946352433570e-01,-1.091159876655515004e-01,-8.243770060919979048e-02,-9.155517158572584746e-01,1.431359123677217182e-01,7.921691935269993268e-01,7.613793016854336626e-01,1.847073156795850934e-01,1.056666927117601296e-02,-4.767079794590380337e-01,6.579489077009142983e-01,-2.534717428205855438e-01,1.000000000000000000e+00,-6.303617184094808534e-01,-5.699123115447797261e-01,6.726909135573149179e-01,-2.560021786912425878e-01,1.877707806148395664e-01,-8.896069731575372286e-01,-2.441490970835480667e-01,1.709204135520822621e-01,-1.972748259440202379e-01,1.791026448316563602e-01,-7.449226979900199774e-01,-4.133426417671980935e-01,-5.114499966081510751e-02,6.208508688776101514e-02,-1.528541359618855455e-01,-2.608027523893510780e-01,2.655180691360847778e-01,4.452932416554259420e-01,-8.664680227480863195e-01,-6.449129237539181769e-01,3.458071011216213297e-01,-7.164805679133222638e-01
-2.956515977694490482e-01,-2.769436069496344910e-02,1.499852399999999086e-01,-2.373097588299095395e-01,-6.270940666522999418e-01,-5.161640243933410810e-01,8.916175645781626580e-02,6.391368827994793334e-01,-5.264454384150722976e-01,-4.452828617072071005e-01,-7.317222295292065137e-01,-3.423874430821371995e-01,5.605951270467701697e-01,-1.881238636782771589e-01,-4.651224967259805221e-02,3.473220108517974802e-01,-6.303617184094808534e-01,1.000000000000000000e+00,-5.790183773068454526e-02,-1.207406102839059803e-01,6.376481207418613906e-01,4.478560323950989686e-01,4.423754150922237782e-01,-5.419474955239972358e-01,5.681454038558453323e-01,2.506700216574542228e-01,4.315570082586878686e-01,4.031941384426864783e-01,-6.948927751434952338e-02,5.442470505663759006e-01,-5.717092294165123656e-01,5.805971979304128672e-01,-9.033014031245245601e-02,8.024799604046884555e-03,4.388843585759628907e-02,5.298924175611792187e-01,5.986928358101160086e-01,-2.661168607291065635e-01,6.122040412596964076e-01
-6.203388001006973074e-01,-7.416510902316368892e-01,-7.044372599999999540e-01,-4.102866790300285782e-02,3.783411900842504338e-01,5.290303404799761022e-01,-2.629210363275866907e-02,6.182477412129122607e-01,2.595727083570323890e-01,-7.177228703581868263e-01,-4.267511802040685476e-01,4.236922764297171295e-01,-5.209701557164216901e-01,5.432344956747627851e-01,-7.444754661708586907e-01,1.430044298962995786e-01,-5.699123115447797261e-01,-5.790183773068454526e-02,1.000000000000000000e+00,-3.970492122251256251e-01,-2.789358620310892212e-01,-3.692767971911136704e-01,6.075159845730524477e-01,7.430148542185824878e-01,-6.551492839771558829e-01,3.940221397386992619e-01,-6.196993844703693188e-01,5.289759579348026763e-01,2.251549622923021410e-01,-3.907846315991708175e-01,4.006553099897940395e-01,-2.451701754857544824e-01,3.527573948632011236e-01,-3.720211359346785041e-01,-4.725418970090198845e-01,3.827929092534188005e-01,3.687202758652824430e-01,-8.172726110494314689e-02,3.216193801190256329e-01
6.401729767119515024e-01,6.648840447870263404e-01,6.942087200000000013e-01,2.025468966115163139e-01,-1.214543886445545590e-01,-5.402197991313716363e-01,-3.527421783169765734e-01,-4.574052060508375650e-01,-2.483844462163217470e-01,4.864454146644147658e-01,1.740423995678949398e-01,3.700676401710964458e-01,4.328153978768161103e-01,-8.616199617539925804e-01,7.647319011284507972e-01,-6.420215425393976938e-02,6.726909135573149179e-01,-1.207406102839059803e-01,-3.970492122251256251e-01,1.000000000000000000e+00,2.844912938906081212e-01,5.081256040453369094e-01,-7.432076746264816292e-01,-5.277426319309345137e-01,5.250283406570519507e-01,1.574413387972805056e-01,4.240514661999335022e-01,-5.647614589534858398e-01,-7.267822580267249144e-01,1.399323960673690137e-01,-4.923885308243812764e-01,3.399277543774310573e-01,7.229276153970527752e-02,4.384817523722522314e-01,5.723319401232411785e-01,-5.163232624811129323e-01,-1.610031710366913449e-01,6.760500180056681074e-01,-5.976788588804491376e-01
1.127017076370992119e-03,3.018838827543247616e-01,5.417460199999999393e-01,3.342030158939974793e-01,-7.681613666466446944e-01,-5.436174132152613581e-01,-5.701941482481430734e-01,2.101623593607080120e-01,-8.243047241244422230e-01,-2.004890859579487039e-01,-5.126537774677948356e-01,-5.424601937446565936e-02,7.843020837536339718e-01,-4.657232618576305772e-01,4.029768060867003343e-01,-2.055509469029969949e-01,-2.560021786912425878e-01,6.376481207418613906e-01,-2.789358620310892212e-01,2.844912938906081212e-01,1.000000000000000000e+00,3.289660927704690652e-01,-1.005703540072771240e-01,-6.357054693775280318e-01,5.371700612093825988e-01,1.702760136423687731e-01,3.129644213632140626e-01,1.757270429571675119e-01,-4.081930949621323523e-01,9.473289014737898417e-02,-6.914962279337431017e-01,3.195106183065642980e-01,3.421449931729571015e-01,6.256730906509851975e-01,4.710234985526033646e-02,4.095215173483633953e-01,2.203962293149949458e-01,2.129952358454085815e-01,-2.820505921908245117e-02
1.484107927659798210e-01,4.994750937003819002e-01,7.120137200000000721e-01,-8.966664460306089657e-02,-2.295578812715695638e-01,-7.732727061809668845e-01,-1.358000523590890407e-01,-1.377521851401403707e-01,-5.741198913778905455e-01,2.408743468834039225e-01,-3.750872922079203503e-03,1.440565484970051102e-01,7.272976501141084071e-01,-7.357545742158154711e-01,6.419707826744882606e-01,3.200995882413417704e-01,1.877707806148395664e-01,4.478560323950989686e-01,-3.692767971911136704e-01,5.081256040453369094e-01,3.289660927704690652e-01,1.000000000000000000e+00,-3.207901309630870057e-01,-6.903377289946179829e-01,8.012920241268746135e-01,4.746972099265244216e-01,6.508168929318397522e-01,-3.238987869479512671e-01,-4.475030078442959192e-01,5.650492569159393241e-01,-7.487610481587436695e-01,5.152903817833577316e-01,1.665895844260469050e-02,3.921318973495155902e-01,3.966973371669779147e-01,-6.135328413802189351e-02,-2.652075370337454718e-02,-1.516817318929081504e-01,-3.740230089338782149e-02
-8.368197025401853395e-01,-8.795732434626436502e-01,-6.665095599999999454e-01,-5.566681652021259197e-01,1.521426238764413685e-01,1.877014960607435723e-01,4.654165993996953743e-01,8.862051171990448228e-01,2.374352191183745631e-01,-6.638119069857988386e-01,-5.461184981937790006e-01,-1.598694745736331246e-01,-3.112231916776222462e-01,5.848764839720040909e-01,-8.064647148510223351e-01,5.131266998823620362e-01,-8.896069731575372286e-01,4.423754150922237782e-01,6.075159845730524477e-01,-7.432076746264816292e-01,-1.005703540072771240e-01,-3.207901309630870057e-01,1.000000000000000000e+00,4.482142248630768822e-01,-2.856321713279844632e-01,8.394901835031809423e-02,-1.326424976598342409e-01,5.635649139479610437e-01,6.767155191678179138e-01,1.963826001277862165e-01,1.676548379797474786e-01,1.915715893146467674e-01,7.239516424198759459e-02,-5.932596735374777719e-01,-4.226689190137660201e-01,6.285590423369012969e-01,7.084400201118055129e-01,-3.911011327352427736e-01,7.978741818561932986e-01
-4.463650146203372859e-01,-7.634158622748713485e-01,-7.997148000000000589e-01,-1.133275374740866370e-01,6.616692359851188421e-01,7.604049771528682555e-01,1.603643829744225147e-01,2.424670464569058381e-01,6.571001733679739942e-01,-3.159467263535957193e-01,8.415947085954417206e-02,3.028155880594084470e-01,-8.430462323698169058e-01,7.523753768929142272e-01,-7.400896619155490352e-01,4.502607121444188176e-02,-2.441490970835480667e-01,-5.419474955239972358e-01,7.430148542185824878e-01,-5.277426319309345137e-01,-6.357054693775280318e-01,-6.903377289946179829e-01,4.482142248630768822e-01,1.000000000000000000e+00,-8.985043313314888813e-01,3.431422227528413416e-02,-7.148501916559824032e-01,3.167902085770332166e-01,5.169776261583399757e-01,-4.995670859278217857e-01,7.085519936522820528e-01,-4.442633114944171124e-01,2.046701375301706316e-01,-5.161399338967072037e-01,-5.046265364018814870e-01,1.312390925718041612e-01,7.655358909612083873e-02,-5.337170630346398797e-02,1.854520924358222800e-01
2.574857170113553639e-01,5.510344458637755904e-01,8.254789000000000154e-01,-2.306259977444449771e-01,-4.157758570963458467e-01,-9.458651081209025202e-01,-7.772307110544086689e-04,-1.284008129716659452e-01,-5.544165035976200695e-01,4.189226905498651399e-01,-1.680431184023938040e-02,-1.896500837470773415e-01,8.605423780376237897e-01,-8.378457741138312098e-01,7.320542400664022953e-01,3.004897596263894077e-01,1.709204135520822621e-01,5.681454038558453323e-01,-6.551492839771558829e-01,5.250283406570519507e-01,5.371700612093825988e-01,8.012920241268746135e-01,-2.856321713279844632e-01,-8.985043313314888813e-01,1.000000000000000000e+00,1.084020158160069192e-01,9.207081124705612796e-01,-3.806171917926031156e-01,-3.719617664467376184e-01,7.646620249142624948e-01,-8.554178602961661770e-01,7.147981604814598322e-01,-9.476470704238922071e-02,3.804513268335824594e-01,5.527485575643120708e-01,-5.681923418987527147e-02,8.116053831025728249e-02,3.648548295336067476e-02,-6.067454834030715921e-02
-2.470889162991934951e-01,-1.092207976558015048e-01,1.082267199999999985e-01,-6.402941920192750658e-04,1.013292881071392593e-01,-1.952701405892678932e-01,-3.256488125061768879e-01,2.345803374609725933e-01,-3.470877893148516802e-01,-2.996673706252894753e-01,-1.998670708838098942e-01,6.861996479509417934e-01,2.203213361200675457e-01,-2.228446971697849444e-01,2.299566161072572751e-02,3.387867116007830526e-01,-1.972748259440202379e-01,2.506700216574542228e-01,3.940221397386992619e-01,1.574413387972805056e-01,1.702760136423687731e-01,4.746972099265244216e-01,8.394901835031809423e-02,3.431422227528413416e-02,1.084020158160069192e-01,1.000000000000000000e+00,-7.216824077734759757e-03,2.761082172971022208e-01,-3.608075786723674017e-01,8.495889204581669185e-02,-2.899326215753385005e-01,1.643739564722775659e-01,3.545347983703479589e-01,1.628058343000619579e-01,-3.268375882431089341e-01,1.385056908067378856e-01,6.166855055583145284e-02,-1.555501169041229037e-01,2.224101404317336272e-01
1.301031914793089883e-01,3.287311648194143343e-01,7.005341199999999269e-01,-5.293222461131262824e-01,-1.213912913723100007e-01,-9.295543101950676235e-01,2.649736466504560850e-01,-1.049348048527654897e-01,-2.929713388845616162e-01,5.323487237566644215e-01,1.462020127009581727e-01,-1.707511668443876529e-01,6.749854751115262896e-01,-7.491747609077347159e-01,6.212973368018290810e-01,5.250307394616020584e-01,1.791026448316563602e-01,4.315570082586878686e-01,-6.196993844703693188e-01,4.240514661999335022e-01,3.129644213632140626e-01,6.508168929318397522e-01,-1.326424976598342409e-01,-7.148501916559824032e-01,9.207081124705612796e-01,-7.216824077734759757e-03,1.000000000000000000e+00,-5.167213397266703367e-01,-7.965924710313432300e-02,8.930023120883359145e-01,-7.360380104811011792e-01,7.817444508167994410e-01,-1.084641406048550000e-01,1.694167503854354107e-01,5.510644366282839712e-01,-1.334252835728666764e-01,1.604961241009541517e-01,1.953145246575955021e-02,-1.266668054501722887e-03
-3.413112031963047577e-01,-4.429939797463038897e-01,-5.530902200000000768e-01,1.285576002430763864e-01,-3.404703685268340996e-01,4.307199878457006470e-01,-1.059947665544718615e-01,6.509365767307221384e-01,-1.918402239954788979e-02,-7.144800555123722585e-01,-6.756852726545358179e-01,-2.057744539973388465e-01,-1.975734756751276189e-01,5.793480901414221895e-01,-6.607509895416706636e-01,-8.524363230665767122e-02,-7.449226979900199774e-01,4.031941384426864783e-01,5.289759579348026763e-01,-5.647614589534858398e-01,1.757270429571675119e-01,-3.238987869479512671e-01,5.635649139479610437e-01,3.167902085770332166e-01,-3.806171917926031156e-01,2.761082172971022208e-01,-5.167213397266703367e-01,1.000000000000000000e+00,3.841847937090543674e-02,-2.665253247475040110e-01,1.631997314605486693e-01,-9.174852598389360292e-02,1.283722444966381090e-02,-2.960626236566125113e-01,-4.529949073107626401e-01,6.587606594018771133e-01,3.398619601602046458e-01,-1.673820972421500852e-01,6.440078442598329289e-01
-6.422796125079888174e-01,-7.279528313091970793e-01,-5.306451400000000707e-01,-5.583398083947728185e-01,4.091165967547375493e-01,2.383058946706829995e-01,5.814450446454358934e-01,3.340038820568062006e-01,4.360296995157449951e-01,-1.463582255302262602e-01,9.413340635343676877e-02,-2.232471244088887197e-01,-4.488485232952879045e-01,6.201151832507693085e-01,-5.623936704437330070e-01,4.014264704899577763e-01,-4.133426417671980935e-01,-6.948927751434952338e-02,2.251549622923021410e-01,-7.267822580267249144e-01,-4.081930949621323523e-01,-4.475030078442959192e-01,6.767155191678179138e-01,5.169776261583399757e-01,-3.719617664467376184e-01,-3.608075786723674017e-01,-7.965924710313432300e-02,3.841847937090543674e-02,1.000000000000000000e+00,1.249927574536763841e-01,3.828579201572617219e-01,-6.130646979524349838e-02,1.118907440919850518e-02,-4.848731032437577082e-01,-2.361860658681190772e-01,2.687719729416887526e-01,3.044376133429002040e-01,-4.377589627903330505e-01,4.424263360991033678e-01
-4.343604624127692104e-02,5.385089260985304049e-02,3.557328200000000606e-01,-7.891636499249371495e-01,-1.781476580032555213e-02,-7.644495357847902461e-01,5.790352453541451894e-01,1.580826910081789549e-01,-4.708874164015199038e-02,3.241019526368967285e-01,1.821017257876102885e-02,-2.542381814385105132e-01,4.146793450215303101e-01,-4.716675042185320410e-01,2.568399747386783116e-01,7.753480746223052611e-01,-5.114499966081510751e-02,5.442470505663759006e-01,-3.907846315991708175e-01,1.399323960673690137e-01,9.473289014737898417e-02,5.650492569159393241e-01,1.963826001277862165e-01,-4.995670859278217857e-01,7.646620249142624948e-01,8.495889204581669185e-02,8.930023120883359145e-01,-2.665253247475040110e-01,1.249927574536763841e-01,1.000000000000000000e+00,-5.469404739246740421e-01,8.333849832390557433e-01,-3.197806303091723090e-01,-2.254826754529627164e-01,4.165049839951113220e-01,-5.310201762538829806e-02,3.738552555923944087e-01,-1.958819867672116077e-01,3.929436519351499069e-01
-1.787383512306318922e-03,-3.157689212927453637e-01,-7.830190999999999679e-01,9.659825176447978112e-02,4.226418840262240462e-01,8.992211368036751029e-01,3.109551486762086592e-01,-9.110283390967967299e-02,6.526957754057186589e-01,-2.067298902356332069e-01,2.284196755453817007e-01,-4.636076764571755993e-03,-8.935618572700337880e-01,7.891477174472167899e-01,-6.490095395550273816e-01,-2.233190416301949754e-01,6.208508688776101514e-02,-5.717092294165123656e-01,4.006553099897940395e-01,-4.923885308243812764e-01,-6.914962279337431017e-01,-7.487610481587436695e-01,1.676548379797474786e-01,7.085519936522820528e-01,-8.554178602961661770e-01,-2.899326215753385005e-01,-7.360380104811011792e-01,1.631997314605486693e-01,3.828579201572617219e-01,-5.469404739246740421e-01,1.000000000000000000e+00,-7.346754848903361834e-01,-3.308364984569948097e-01,-4.936417557937941014e-01,-3.443644163159861882e-01,-3.130339292361204451e-01,-1.998597412502958748e-01,-2.116520214935274091e-01,6.306823945738619652e-02
-4.634689008551710204e-02,-2.769103734809541528e-02,3.551958600000000299e-01,-6.509419514753680414e-01,-1.539068616242368626e-01,-7.818931883545325867e-01,3.130633202263754522e-01,3.582864423134927701e-01,-7.348823095873316391e-02,1.754398765933526116e-01,-2.815587907075507990e-01,-1.368794786827581822e-01,4.451849665488309404e-01,-5.582595682828142003e-01,2.428105499201893558e-01,6.752852678573119105e-01,-1.528541359618855455e-01,5.805971979304128672e-01,-2.451701754857544824e-01,3.399277543774310573e-01,3.195106183065642980e-01,5.152903817833577316e-01,1.915715893146467674e-01,-4.442633114944171124e-01,7.147981604814598322e-01,1.643739564722775659e-01,7.817444508167994410e-01,-9.174852598389360292e-02,-6.130646979524349838e-02,8.333849832390557433e-01,-7.346754848903361834e-01,1.000000000000000000e+00,-6.829320762708883386e-02,-1.847400690826031533e-01,4.254254395805049382e-01,1.661343615079389491e-01,6.005773202105133546e-01,2.544848038051354955e-01,3.578968561486308708e-01
-5.224843969290764445e-01,-3.106497164799573163e-01,2.130825400000000425e-01,2.550587075235736245e-01,1.507816258298764200e-01,-1.315006638842812769e-01,-6.701665877188979215e-01,1.646135519026919458e-01,-4.259656102501493402e-01,-1.864339073482990106e-01,-1.091502544548995784e-01,5.889214229545131074e-01,2.867711739988456632e-01,-1.363538416069156600e-01,1.343774399310830314e-01,-1.072951559100485674e-01,-2.608027523893510780e-01,-9.033014031245245601e-02,3.527573948632011236e-01,7.229276153970527752e-02,3.421449931729571015e-01,1.665895844260469050e-02,7.239516424198759459e-02,2.046701375301706316e-01,-9.476470704238922071e-02,3.545347983703479589e-01,-1.084641406048550000e-01,1.283722444966381090e-02,1.118907440919850518e-02,-3.197806303091723090e-01,-3.308364984569948097e-01,-6.829320762708883386e-02,1.000000000000000000e+00,5.497093051358030724e-01,-3.063844260333000169e-01,4.866634632793829240e-01,-7.377105798407620520e-03,1.925142574281322461e-01,-3.074596103034723527e-01
1.765943555222859174e-01,5.666019266381657760e-01,7.665196800000000366e-01,6.538785467132612883e-01,-3.752608084353937223e-01,-3.895626367491644149e-01,-8.297987845912091487e-01,-4.400596769163059863e-01,-8.359660943208683248e-01,2.045363299875207486e-01,1.420858086705925893e-01,2.777517165500326679e-01,7.344048667518682239e-01,-5.452311116305463834e-01,7.396875678618696215e-01,-4.962100649358843207e-01,2.655180691360847778e-01,8.024799604046884555e-03,-3.720211359346785041e-01,4.384817523722522314e-01,6.256730906509851975e-01,3.921318973495155902e-01,-5.932596735374777719e-01,-5.161399338967072037e-01,3.804513268335824594e-01,1.628058343000619579e-01,1.694167503854354107e-01,-2.960626236566125113e-01,-4.848731032437577082e-01,-2.254826754529627164e-01,-4.936417557937941014e-01,-1.847400690826031533e-01,5.497093051358030724e-01,1.000000000000000000e+00,5.607597513238904430e-02,3.621874072182500875e-02,-4.928279283103443875e-01,1.029796651156069248e-01,-6.516917960986436942e-01
5.467634875808804473e-01,5.070116153303840800e-01,4.767266400000000903e-01,-1.464242667328654601e-01,-1.771469652690950136e-01,-4.910916343988036004e-01,1.584334550141436593e-01,-3.273433129081655402e-01,-3.601538390905983933e-02,5.706659827363909088e-01,1.479287866090575054e-01,-2.882416006999102276e-01,3.105352774061018173e-01,-5.111991128190487288e-01,5.174037816652592436e-01,1.281624233972711580e-01,4.452932416554259420e-01,4.388843585759628907e-02,-4.725418970090198845e-01,5.723319401232411785e-01,4.710234985526033646e-02,3.966973371669779147e-01,-4.226689190137660201e-01,-5.046265364018814870e-01,5.527485575643120708e-01,-3.268375882431089341e-01,5.510644366282839712e-01,-4.529949073107626401e-01,-2.361860658681190772e-01,4.165049839951113220e-01,-3.443644163159861882e-01,4.254254395805049382e-01,-3.063844260333000169e-01,5.607597513238904430e-02,1.000000000000000000e+00,-3.362497325517074254e-01,1.148676905117515523e-02,3.376987424801636828e-01,-2.196108620535227873e-01
-7.007308999801669103e-01,-5.285043227158789936e-01,-1.798105599999999527e-01,-3.075299306792067533e-03,-3.097462467901543337e-01,-1.629807111215727036e-02,-2.256372565450439904e-01,7.141050285902930117e-01,-3.207922119570465469e-01,-5.801492957378019399e-01,-6.537098729209274151e-01,-2.101353397172852910e-01,2.218355518072920862e-01,2.982208675558574718e-01,-3.612333235394794562e-01,1.920346242354888794e-02,-8.664680227480863195e-01,5.298924175611792187e-01,3.827929092534188005e-01,-5.163232624811129323e-01,4.095215173483633953e-01,-6.135328413802189351e-02,6.285590423369012969e-01,1.312390925718041612e-01,-5.681923418987527147e-02,1.385056908067378856e-01,-1.334252835728666764e-01,6.587606594018771133e-01,2.687719729416887526e-01,-5.310201762538829806e-02,-3.130339292361204451e-01,1.661343615079389491e-01,4.866634632793829240e-01,3.621874072182500875e-02,-3.362497325517074254e-01,1.000000000000000000e+00,4.550360993965874568e-01,-1.756318419433353928e-01,4.530413143100359141e-01
-4.827262514133522919e-01,-5.518556333597346431e-01,-3.466560800000000331e-01,-5.333353920269142678e-01,-9.387073903852348467e-02,-1.929476479609286421e-01,3.778842555050290763e-01,8.587574242773149402e-01,1.228888222441397726e-01,-5.379542399919680085e-01,-7.276038983719964603e-01,-1.216664579170712579e-01,-6.154623886009202849e-02,1.061098537883836818e-01,-4.699965986852328026e-01,5.463213040186956082e-01,-6.449129237539181769e-01,5.986928358101160086e-01,3.687202758652824430e-01,-1.610031710366913449e-01,2.203962293149949458e-01,-2.652075370337454718e-02,7.084400201118055129e-01,7.655358909612083873e-02,8.116053831025728249e-02,6.166855055583145284e-02,1.604961241009541517e-01,3.398619601602046458e-01,3.044376133429002040e-01,3.738552555923944087e-01,-1.998597412502958748e-01,6.005773202105133546e-01,-7.377105798407620520e-03,-4.928279283103443875e-01,1.148676905117515523e-02,4.550360993965874568e-01,1.000000000000000000e+00,1.188400858500909818e-01,6.621235950110303525e-01
4.360543559149014370e-01,1.879638354040424342e-01,2.026373800000000891e-01,1.987217703147118320e-01,-8.168772225911093143e-02,-1.090754416978125807e-01,-3.142943214290234155e-01,-1.147212927418951312e-01,1.438970583039926032e-01,2.274295848562215283e-01,-8.431559952859705998e-02,1.863243194070054454e-01,9.698151669134680297e-03,-3.975807452001858255e-01,2.773707906621215025e-01,-2.319281484530417714e-01,3.458071011216213297e-01,-2.661168607291065635e-01,-8.172726110494314689e-02,6.760500180056681074e-01,2.129952358454085815e-01,-1.516817318929081504e-01,-3.911011327352427736e-01,-5.337170630346398797e-02,3.648548295336067476e-02,-1.555501169041229037e-01,1.953145246575955021e-02,-1.673820972421500852e-01,-4.377589627903330505e-01,-1.958819867672116077e-01,-2.116520214935274091e-01,2.544848038051354955e-01,1.925142574281322461e-01,1.029796651156069248e-01,3.376987424801636828e-01,-1.756318419433353928e-01,1.188400858500909818e-01,1.000000000000000000e+00,-4.462446610937368940e-01
-4.814312857290883318e-01,-5.671771187796212921e-01,-5.318231399999999720e-01,-5.637183375833209054e-01,-9.467626011939084263e-02,5.634573421667932874e-02,5.399227196535602014e-01,7.495193285256428473e-01,1.788874654060443048e-01,-5.264336074142337285e-01,-5.343102565922044356e-01,-3.018502869269167332e-01,-2.056441194092576419e-01,4.621812486348133575e-01,-6.599619354543529992e-01,5.873290282059453471e-01,-7.164805679133222638e-01,6.122040412596964076e-01,3.216193801190256329e-01,-5.976788588804491376e-01,-2.820505921908245117e-02,-3.740230089338782149e-02,7.978741818561932986e-01,1.854520924358222800e-01,-6.067454834030715921e-02,2.224101404317336272e-01,-1.266668054501722887e-03,6.440078442598329289e-01,4.424263360991033678e-01,3.929436519351499069e-01,6.306823945738619652e-02,3.578968561486308708e-01,-3.074596103034723527e-01,-6.516917960986436942e-01,-2.196108620535227873e-01,4.530413143100359141e-01,6.621235950110303525e-01,-4.462446610937368940e-01,1.000000000000000000e+00
