1.000000000000000000e+00,-6.973572814071071768e-03,-3.409473765366779485e-01,-2.114432478503160562e-03,5.344234213440724607e-02,-3.088651016957755235e-01,-7.528591933996839347e-02,-3.451023523232493728e-01,2.094342486089889599e-01,-3.431614433456545155e-01,4.112707872309457890e-01,6.108515161782057667e-02,1.389553645505763324e-01,1.142613279816191429e-01,3.509206355606498406e-01,-8.211498531340336027e-02,-1.155597080764221574e-01,3.415659999999931529e-03,-1.834493296333474521e-01,3.031533805795614822e-01,-1.601683819308788448e-02,-2.518462308118654680e-01,-2.140536945702410931e-01,8.106480136481634957e-02,5.566846817219921889e-02,-6.887624250438667550e-02,-9.414031664709788735e-03,-3.791538736297012796e-02,-1.916248429025368405e-01,1.970689335201779996e-02,-3.250261769234809028e-01,2.777091184190755846e-01,-2.506158689533443118e-01,2.905066956006420176e-01,-1.037866105954907830e-01,1.201068049920572534e-01,-3.802652751967039446e-01,-1.053199716671966296e-01,9.945047072281641698e-02
-6.973572814071071768e-03,1.000000000000000000e+00,-1.054684506614808059e-01,2.162313137492576920e-01,6.035014966401758274e-01,4.860738503977998781e-01,5.442451499357376932e-01,-2.642149029532008253e-01,4.622245169850912605e-01,2.610116528514461187e-02,5.562643601280630179e-01,-4.250649791328229843e-01,-1.809863200381063297e-01,-5.114009125636254094e-01,2.617630312914966950e-01,3.489742023191637621e-01,-2.195225908348874544e-01,3.663050599999999601e-01,-1.105113140826772256e-01,1.982873046568744968e-01,-1.844952070419355050e-01,-3.308320564411040277e-01,3.580355444735315862e-01,-4.389187957115578964e-01,1.757730017245473508e-02,6.043506649275481868e-01,3.293455761970442985e-02,3.187622445017991302e-01,3.532226737361251478e-01,1.688853088327672003e-01,-1.913802058249181592e-01,-4.232059674944266270e-01,-1.895205568083387915e-01,-5.732682895801948231e-01,-1.081045057686940147e-01,-3.866241294335759360e-01,3.398756693930031769e-01,2.828834048683852020e-01,-4.208276070057763163e-01
-3.409473765366779485e-01,-1.054684506614808059e-01,1.000000000000000000e+00,2.522689537071998167e-01,8.865136503244756827e-02,4.292627703919817961e-01,2.396156720927133110e-01,-2.985479818216396075e-01,-2.447536648985931818e-02,1.839894383089744345e-01,-2.302207585725607741e-01,2.506898243728297379e-02,8.749501322825792293e-02,-5.036147658330074606e-01,-4.279482467564496018e-01,-2.921109750007050421e-01,3.389286040448410975e-01,3.536969000000000918e-01,-2.213361135413957070e-01,-2.399595262749964486e-01,-3.614893730831342245e-01,3.720893843514839205e-01,-1.349987376899020319e-01,-3.938950719047395466e-01,-6.484020333828585114e-01,-2.375488397209021829e-01,-6.957286217401539297e-01,1.949676485493998801e-01,1.024647103629476447e-01,-3.572044804298180748e-02,9.346382968525857038e-01,1.458108904112721538e-01,2.829376557909136780e-01,1.287443544576356291e-01,5.318447730962648778e-01,-2.198872750153308964e-01,-1.635891256058344956e-01,4.151476494080260093e-01,3.224188397576591147e-01
-2.114432478503160562e-03,2.162313137492576920e-01,2.522689537071998167e-01,1.000000000000000000e+00,3.810027590682823484e-01,6.451766923268829057e-01,2.591290418983678290e-01,-1.094080345719607023e-01,4.266770805507935083e-01,-3.023910998910944725e-02,4.551828446464265682e-02,-4.901534000288803594e-01,-5.386191487386858823e-01,-7.020794336615898690e-01,-6.230429554202451259e-01,5.732915599108281413e-01,6.106316761340201404e-01,8.967525999999998998e-01,-7.754874509698549412e-01,3.925702967665080645e-01,-8.846416495825270010e-01,-7.923589621766616298e-02,-4.036468933273547055e-01,-8.997739942897809984e-01,-5.897841892258002400e-02,-1.794582506737548572e-02,-7.295164595261706131e-01,-1.166627231844404033e-01,-1.786711884205810508e-01,-2.834476374563505985e-01,4.366676942092409530e-01,1.356205700412944082e-01,-8.329087908574224486e-02,-8.337407485997860856e-02,6.077018424414759590e-01,-8.791141720353368161e-01,-3.321225043688317835e-01,8.778207478484393311e-01,3.477963218701468073e-01
5.344234213440724607e-02,6.035014966401758274e-01,8.865136503244756827e-02,3.810027590682823484e-01,1.000000000000000000e+00,6.887159917981237056e-01,2.892761495857568144e-01,-4.936668478729876186e-02,2.489312360323332474e-01,1.713684678048212062e-01,5.605164732738474737e-02,-3.313827140846212216e-01,-2.348286526337799440e-01,-4.311679887259524668e-01,-3.524876708063481856e-01,4.645273421807786796e-01,1.405151537164464337e-01,4.794641600000000281e-01,-1.664792711381841150e-01,1.961049711345756903e-03,-3.751621696226929981e-01,1.951112511370213798e-01,1.825795888887030149e-01,-5.596518394503811056e-01,-2.462430321783020681e-01,1.843870849837387360e-01,-3.433247743259861262e-01,1.475211032980201231e-01,-4.818665318949868354e-02,1.108956191741935077e-01,1.415353281242661687e-01,-2.437233787701270082e-01,2.703236174213146867e-03,-3.624689265227232227e-01,2.802608814024114547e-01,-5.037625951021599269e-01,1.565443290543329646e-01,4.970212376594135284e-01,-6.541456558840638702e-02
-3.088651016957755235e-01,4.860738503977998781e-01,4.292627703919817961e-01,6.451766923268829057e-01,6.887159917981237056e-01,1.000000000000000000e+00,2.223387311501332508e-01,7.501106593654380261e-02,9.894112235578997328e-02,4.141828562989232076e-01,-1.576920898378699198e-01,-5.345447757885469775e-01,-4.724860954620296871e-01,-7.093740229512129902e-01,-5.072140292398729100e-01,3.765733748207646947e-01,3.877035862772532648e-01,6.662819799999999404e-01,-3.328235647890119830e-01,1.375067405675751420e-01,-6.545419154109752835e-01,3.836649918325459874e-01,-2.164488837193595180e-02,-7.830399967470185185e-01,-4.844933532783489150e-01,1.750699009453428323e-01,-5.686735191777588794e-01,-1.503953993311376580e-01,-2.019631789590868587e-01,1.968266590543616135e-01,5.223085420475656049e-01,-2.580513853865970542e-01,3.134201417781808940e-01,-1.897900128337708381e-01,6.572659568134813224e-01,-7.843154882287494134e-01,1.503887056090736363e-01,8.215823827550192693e-01,1.958144688552677370e-01
-7.528591933996839347e-02,5.442451499357376932e-01,2.396156720927133110e-01,2.591290418983678290e-01,2.892761495857568144e-01,2.223387311501332508e-01,1.000000000000000000e+00,-8.025729012377664784e-01,7.207173258705718011e-01,-4.308154338009261286e-01,3.414874561678357123e-01,2.286314195528488802e-01,3.655717160555924661e-01,-6.804376887373779770e-01,3.805770372789561706e-02,4.631250836139671478e-01,2.326564957898481223e-01,4.347556999999999672e-01,-2.764971928847738125e-01,-4.045220825015034549e-01,-7.528010925694428312e-02,-4.481451126555252573e-01,4.956343745963289193e-01,-4.483583541163401187e-01,2.395853787483877562e-01,-1.164357385520563420e-01,-2.557581537860570964e-01,8.006741115937733300e-01,2.259707910182937318e-01,-5.591758576275551729e-01,1.640587386141320603e-01,1.853479125168741304e-01,-5.772434563275465891e-01,-7.866649569573985756e-01,-2.968504791973357593e-01,-1.498454861011811468e-01,-1.332089576498327321e-01,1.109616989809403820e-01,-6.099870832221291339e-01
-3.451023523232493728e-01,-2.642149029532008253e-01,-2.985479818216396075e-01,-1.094080345719607023e-01,-4.936668478729876186e-02,7.501106593654380261e-02,-8.025729012377664784e-01,1.000000000000000000e+00,-6.241052367991903882e-01,5.236401417104558087e-01,-4.747589816127423812e-01,-3.579681123541145205e-01,-5.227634668904288517e-01,5.136296813792469163e-01,-2.278153573016889477e-01,-6.460609217726534514e-02,-1.763412817500935870e-01,-2.779960399999999998e-01,2.621490526195290327e-01,3.398262814759839268e-01,-3.205991827343990241e-03,4.620018919337907648e-01,-2.763249489006862070e-01,2.382606151138099149e-01,-1.228662095200557247e-01,2.213239427583131302e-01,2.774726701290191611e-01,-7.669066955375285488e-01,-2.263902898539313646e-01,4.770261693345865806e-01,-2.077521574619286548e-01,-3.874541672376773938e-01,5.277565369619729996e-01,4.255190303802007246e-01,2.789599023303134806e-01,-7.896574667084603483e-02,3.326534409003932824e-01,4.304027333548512968e-02,4.304889519703024581e-01
2.094342486089889599e-01,4.622245169850912605e-01,-2.447536648985931818e-02,4.266770805507935083e-01,2.489312360323332474e-01,9.894112235578997328e-02,7.207173258705718011e-01,-6.241052367991903882e-01,1.000000000000000000e+00,-8.001495541042530357e-01,4.905951868732826293e-01,5.056030902406061234e-02,1.213857977229635399e-01,-6.337195057972475620e-01,-1.190142453168915315e-01,3.946490266936260038e-01,-6.845348978671839113e-03,6.535006999999999344e-01,-6.562295949027852071e-01,1.174563231056435786e-02,-3.606989953296281248e-01,-7.196195481534340965e-01,8.814212059053216919e-02,-5.571564910592965436e-01,4.840702237204705938e-01,-5.684894464571688122e-02,-3.840228944540132749e-01,6.796108562578658807e-01,2.163837923089628745e-01,-7.179359778155529614e-01,-7.961234473535722111e-02,5.213206936861027874e-01,-8.712078755811742958e-01,-5.402267285561920263e-01,-3.196388343862248682e-01,-2.176835917416588551e-01,-5.706161075228732837e-01,2.229616031814755372e-01,-2.707162696413089042e-01
-3.431614433456545155e-01,2.610116528514461187e-02,1.839894383089744345e-01,-3.023910998910944725e-02,1.713684678048212062e-01,4.141828562989232076e-01,-4.308154338009261286e-01,5.236401417104558087e-01,-8.001495541042530357e-01,1.000000000000000000e+00,-2.642606436305071638e-01,-4.885781214374047554e-01,-4.703662150503515327e-01,1.895339423790293187e-01,8.801174397448967984e-03,-8.024799280053764028e-02,2.192242384156448676e-01,-2.117141599999999846e-01,4.006383538321707238e-01,1.651917865748159520e-01,-3.478827780298576061e-02,6.712516886808861383e-01,-8.525838262059795558e-02,5.133038620512497124e-02,-5.959025540067041105e-01,3.894933674160860337e-01,1.675565020519400594e-01,-6.350234377013440623e-01,-6.753029865350126948e-02,8.119315104032837072e-01,2.730787231126895476e-01,-7.950863411339514908e-01,9.530864978563327039e-01,2.686069284164006032e-01,6.069979998051636683e-01,-3.085359994353241153e-01,7.747609498082270729e-01,2.614631618421124903e-01,2.487424637814128758e-01
4.112707872309457890e-01,5.562643601280630179e-01,-2.302207585725607741e-01,4.551828446464265682e-02,5.605164732738474737e-02,-1.576920898378699198e-01,3.414874561678357123e-01,-4.747589816127423812e-01,4.905951868732826293e-01,-2.642606436305071638e-01,1.000000000000000000e+00,-3.882660581157729718e-01,-1.880611480739744212e-01,-1.264682152605532128e-01,5.538175245673082614e-01,7.910495523227055459e-03,-1.860802043059264499e-01,2.150553600000000287e-01,-3.355065298458319578e-01,4.379615257847703225e-01,-1.474433633458025750e-01,-7.948248717477304215e-01,-1.517955610108847608e-01,-1.570888833052997424e-01,3.401841980331162807e-01,6.578225404191100356e-01,1.785905180018174943e-01,3.567489181821922317e-01,6.718904105292168305e-01,6.069105493259605022e-03,-3.343756721105653473e-01,-1.708583360765983661e-01,-3.386533149756725258e-01,-2.012521569439327529e-01,-2.248994494517927711e-01,-1.461827931711227047e-01,7.921046432357631284e-02,4.694512591450913930e-02,-1.618462358925891742e-01
6.108515161782057667e-02,-4.250649791328229843e-01,2.506898243728297379e-02,-4.901534000288803594e-01,-3.313827140846212216e-01,-5.345447757885469775e-01,2.286314195528488802e-01,-3.579681123541145205e-01,5.056030902406061234e-02,-4.885781214374047554e-01,-3.882660581157729718e-01,1.000000000000000000e+00,9.417804498065233121e-01,1.968742519838359573e-01,8.699509639428472385e-02,-1.623611437493373832e-01,-1.544730869739937562e-01,-4.720649599999999779e-01,4.146188775755155209e-01,-7.994194436827019024e-01,6.776697099476287622e-01,6.131454778951153650e-02,5.541550992766570705e-01,5.181839236222961498e-01,1.759285578318358356e-01,-7.869295626826464662e-01,1.240999030348325510e-01,4.754522542471261159e-01,-2.694177585677777209e-01,-4.793017425768738571e-01,-6.559965626531369387e-02,5.512685702392802201e-01,-4.094554281628429160e-01,-1.802514499030428430e-01,-6.224750473257523176e-01,7.854042753709959968e-01,-3.415429880946916352e-01,-7.137479512162729911e-01,-4.800962222649377553e-01
1.389553645505763324e-01,-1.809863200381063297e-01,8.749501322825792293e-02,-5.386191487386858823e-01,-2.348286526337799440e-01,-4.724860954620296871e-01,3.655717160555924661e-01,-5.227634668904288517e-01,1.213857977229635399e-01,-4.703662150503515327e-01,-1.880611480739744212e-01,9.417804498065233121e-01,1.000000000000000000e+00,9.524930610726292657e-02,2.677974803973526274e-01,-2.567105950485815136e-01,-2.781590397932103276e-01,-4.615191199999999494e-01,4.462354299406181557e-01,-7.553572958066120391e-01,6.987301831938952379e-01,-1.325162740845725606e-02,6.356073741216559103e-01,4.918176974135515245e-01,5.290516600489058446e-02,-6.194419840436146130e-01,1.326503464141962074e-01,5.990173486978542794e-01,-1.105557667735267424e-01,-3.499520214201499724e-01,-7.171317615373912213e-02,4.300010855877755001e-01,-4.125121338669757720e-01,-2.277295242844651901e-01,-6.582206700962073276e-01,7.883106226816967155e-01,-2.555273886922868609e-01,-7.176759054424074469e-01,-5.694560032701679875e-01
1.142613279816191429e-01,-5.114009125636254094e-01,-5.036147658330074606e-01,-7.020794336615898690e-01,-4.311679887259524668e-01,-7.093740229512129902e-01,-6.804376887373779770e-01,5.136296813792469163e-01,-6.337195057972475620e-01,1.895339423790293187e-01,-1.264682152605532128e-01,1.968742519838359573e-01,9.524930610726292657e-02,1.000000000000000000e+00,3.656820966701242459e-01,-3.709602385947009529e-01,-3.484540880102743321e-01,-8.319176799999999927e-01,5.825026728797085829e-01,3.759134231843871965e-02,6.263311638237591961e-01,1.005757618874742743e-01,-9.349205063455297282e-02,8.651548590807307537e-01,1.525918621039833722e-01,6.863201625659502703e-02,7.066866561525454449e-01,-3.520312413259399920e-01,2.951619575373572515e-02,3.239439993435670462e-01,-5.395818332386652649e-01,-2.534225938329312533e-01,2.468513807422467732e-01,4.345488912231450507e-01,-2.949410726934568183e-01,6.095898418548721942e-01,2.961611422811581407e-01,-6.829890683754389347e-01,7.154634755713906724e-02
3.509206355606498406e-01,2.617630312914966950e-01,-4.279482467564496018e-01,-6.230429554202451259e-01,-3.524876708063481856e-01,-5.072140292398729100e-01,3.805770372789561706e-02,-2.278153573016889477e-01,-1.190142453168915315e-01,8.801174397448967984e-03,5.538175245673082614e-01,8.699509639428472385e-02,2.677974803973526274e-01,3.656820966701242459e-01,1.000000000000000000e+00,-3.013968315946262688e-01,-4.886745011981877829e-01,-5.751887600000000766e-01,4.565883552371340914e-01,5.432397182919042333e-02,6.035723389722060794e-01,-3.519303013611717046e-01,3.078836965866188491e-01,5.675236176314312209e-01,1.926894609122678792e-01,4.124839110707518297e-01,7.496363220028778862e-01,8.742053785043345238e-02,3.031661891560691879e-01,3.618054554056318040e-01,-5.724167084637349356e-01,-3.200465855471847365e-01,-8.740060868826525498e-03,-6.512214085250514484e-02,-5.376440336456089764e-01,4.786842534108995961e-01,4.089731952153452532e-01,-5.891302717310086257e-01,-4.589965825263508936e-01
-8.211498531340336027e-02,3.489742023191637621e-01,-2.921109750007050421e-01,5.732915599108281413e-01,4.645273421807786796e-01,3.765733748207646947e-01,4.631250836139671478e-01,-6.460609217726534514e-02,3.946490266936260038e-01,-8.024799280053764028e-02,7.910495523227055459e-03,-1.623611437493373832e-01,-2.567105950485815136e-01,-3.709602385947009529e-01,-3.013968315946262688e-01,1.000000000000000000e+00,5.172105404567779452e-01,4.865210399999999602e-01,-3.188925027831338577e-01,-3.873765751718671185e-02,-3.057819098378658507e-01,-1.818369305954417037e-01,2.171585062229018093e-01,-5.305323820719406447e-01,4.383936360032916202e-01,-6.252703781932648919e-02,-1.082397894305902886e-01,6.986330101936480408e-02,-2.603964794299971075e-01,-4.124811894059239870e-01,-1.158297145075743301e-01,-5.332061492432321748e-02,-2.983052916641384389e-01,-6.328262944906133391e-01,2.898210150463716162e-02,-5.503693062898225019e-01,4.320635848235482301e-02,3.869066568479836987e-01,-3.209794777578191538e-01
-1.155597080764221574e-01,-2.195225908348874544e-01,3.389286040448410975e-01,6.106316761340201404e-01,1.405151537164464337e-01,3.877035862772532648e-01,2.326564957898481223e-01,-1.763412817500935870e-01,-6.845348978671839113e-03,2.192242384156448676e-01,-1.860802043059264499e-01,-1.544730869739937562e-01,-2.781590397932103276e-01,-3.484540880102743321e-01,-4.886745011981877829e-01,5.172105404567779452e-01,1.000000000000000000e+00,4.767689200000000405e-01,-4.204764964148952622e-01,-7.096519726123773353e-02,-4.898243546634229451e-01,1.683457291690101110e-01,-2.619882968350111807e-01,-5.188433582416352996e-01,-7.693711928884615359e-02,-2.777083034167410203e-01,-4.752352741867928998e-01,-1.205079557212290486e-01,-2.755240348878321699e-01,-2.717612440657443118e-01,5.620539962177528714e-01,4.130890280066573661e-02,1.870033649171648493e-01,-7.863777167037366844e-02,5.751836034242945317e-01,-5.901059589086194990e-01,-6.967202133208688641e-02,5.621397345944255663e-01,2.006324159905403803e-01
3.415659999999931529e-03,3.663050599999999601e-01,3.536969000000000918e-01,8.967525999999998998e-01,4.794641600000000281e-01,6.662819799999999404e-01,4.347556999999999672e-01,-2.779960399999999998e-01,6.535006999999999344e-01,-2.117141599999999846e-01,2.150553600000000287e-01,-4.720649599999999779e-01,-4.615191199999999494e-01,-8.319176799999999927e-01,-5.751887600000000766e-01,4.865210399999999602e-01,4.767689200000000405e-01,1.000000000000000000e+00,-8.853168999999999622e-01,3.141844600000001098e-01,-9.146478999999999582e-01,-2.231592399999999810e-01,-3.469296400000000391e-01,-9.799550000000000205e-01,-1.395215999999999124e-02,4.791677999999999216e-02,-7.896478000000000108e-01,1.417501000000001010e-01,7.031379999999920472e-03,-3.829207799999999606e-01,4.495942200000000444e-01,2.589645599999998993e-01,-2.609135399999999994e-01,-2.143816800000000189e-01,4.905916800000000855e-01,-8.285307200000000538e-01,-4.206505000000000383e-01,8.770471799999999263e-01,2.925702999999999498e-01
-1.834493296333474521e-01,-1.105113140826772256e-01,-2.213361135413957070e-01,-7.754874509698549412e-01,-1.664792711381841150e-01,-3.328235647890119830e-01,-2.764971928847738125e-01,2.621490526195290327e-01,-6.562295949027852071e-01,4.006383538321707238e-01,-3.355065298458319578e-01,4.146188775755155209e-01,4.462354299406181557e-01,5.825026728797085829e-01,4.565883552371340914e-01,-3.188925027831338577e-01,-4.204764964148952622e-01,-8.853168999999999622e-01,1.000000000000000000e+00,-4.637457248304043267e-01,8.695651293170346685e-01,4.334418095273237514e-01,6.110728350619719640e-01,7.903906642851968867e-01,-1.508820607809451819e-01,-2.720762908456749590e-02,6.977419999661492733e-01,-9.704644909286663790e-02,-6.230230855046073324e-02,4.805697536352412369e-01,-2.891252312234509070e-01,-4.136037854165847127e-01,3.740573306848133939e-01,-2.937018580819781427e-02,-3.897393815042302645e-01,6.601591711242108529e-01,6.135641669827710531e-01,-7.114181869281053228e-01,-4.632840946350090250e-01
3.031533805795614822e-01,1.982873046568744968e-01,-2.399595262749964486e-01,3.925702967665080645e-01,1.961049711345756903e-03,1.375067405675751420e-01,-4.045220825015034549e-01,3.398262814759839268e-01,1.174563231056435786e-02,1.651917865748159520e-01,4.379615257847703225e-01,-7.994194436827019024e-01,-7.553572958066120391e-01,3.759134231843871965e-02,5.432397182919042333e-02,-3.873765751718671185e-02,-7.096519726123773353e-02,3.141844600000001098e-01,-4.637457248304043267e-01,1.000000000000000000e+00,-5.658966118730497374e-01,-2.628541698689916828e-01,-7.452455607942465310e-01,-2.721582798451419594e-01,-7.922618273623947827e-02,6.247629226662384516e-01,-8.330373300399368519e-02,-5.397147391894546731e-01,1.816847875194256001e-01,3.716669885088996206e-01,-2.005928934342134928e-01,-2.937096144998131986e-01,1.825623214505625591e-01,5.058020378216783186e-01,4.292222669493535592e-01,-5.162296493014136844e-01,-1.906183401097566454e-02,4.574998838093710662e-01,6.020620438456028012e-01
-1.601683819308788448e-02,-1.844952070419355050e-01,-3.614893730831342245e-01,-8.846416495825270010e-01,-3.751621696226929981e-01,-6.545419154109752835e-01,-7.528010925694428312e-02,-3.205991827343990241e-03,-3.606989953296281248e-01,-3.478827780298576061e-02,-1.474433633458025750e-01,6.776697099476287622e-01,6.987301831938952379e-01,6.263311638237591961e-01,6.035723389722060794e-01,-3.057819098378658507e-01,-4.898243546634229451e-01,-9.146478999999999582e-01,8.695651293170346685e-01,-5.658966118730497374e-01,1.000000000000000000e+00,6.189452783569421301e-02,6.509069110598978414e-01,8.962667554802578040e-01,1.932394538705433373e-01,-1.724038784085177856e-01,7.690961187396839760e-01,1.993207783755427953e-01,1.092416477489430160e-02,1.191503386262214303e-01,-4.870298455804687454e-01,-1.100366542488381005e-01,-4.073243400645028267e-02,-1.454499416705410386e-01,-7.394046331049362042e-01,8.908274959386791592e-01,3.402104349617566248e-01,-9.508421055932723132e-01,-6.216901185994930801e-01
-2.518462308118654680e-01,-3.308320564411040277e-01,3.720893843514839205e-01,-7.923589621766616298e-02,1.951112511370213798e-01,3.836649918325459874e-01,-4.481451126555252573e-01,4.620018919337907648e-01,-7.196195481534340965e-01,6.712516886808861383e-01,-7.948248717477304215e-01,6.131454778951153650e-02,-1.325162740845725606e-02,1.005757618874742743e-01,-3.519303013611717046e-01,-1.818369305954417037e-01,1.683457291690101110e-01,-2.231592399999999810e-01,4.334418095273237514e-01,-2.628541698689916828e-01,6.189452783569421301e-02,1.000000000000000000e+00,8.300431379424559608e-02,1.006821046938507630e-01,-7.189945941265573071e-01,-3.104476565388421538e-01,-1.556182581101391293e-01,-5.159391972979874286e-01,-5.599195013714044489e-01,4.914192489857941437e-01,4.662168142113476410e-01,-1.918424778932389385e-01,7.436344060249756582e-01,3.425673895021192350e-01,5.171488268003645583e-01,-1.543898710640006708e-02,2.555319524619225624e-01,1.305812656005046757e-01,2.837741214973618642e-01
-2.140536945702410931e-01,3.580355444735315862e-01,-1.349987376899020319e-01,-4.036468933273547055e-01,1.825795888887030149e-01,-2.164488837193595180e-02,4.956343745963289193e-01,-2.763249489006862070e-01,8.814212059053216919e-02,-8.525838262059795558e-02,-1.517955610108847608e-01,5.541550992766570705e-01,6.356073741216559103e-01,-9.349205063455297282e-02,3.078836965866188491e-01,2.171585062229018093e-01,-2.619882968350111807e-01,-3.469296400000000391e-01,6.110728350619719640e-01,-7.452455607942465310e-01,6.509069110598978414e-01,8.300431379424559608e-02,1.000000000000000000e+00,2.579042730434344399e-01,1.661556009283562674e-01,-2.074840022036873732e-01,3.884333877440944716e-01,4.824300485685035778e-01,-1.010492419525284430e-01,-1.028549792989276596e-01,-2.160647031353659653e-01,-7.213059868187146617e-02,-2.277500780930752089e-01,-7.309810340614234514e-01,-6.200740037368642765e-01,4.224450863139644352e-01,3.270368853673842890e-01,-4.811146636165837820e-01,-9.022091900462595460e-01
8.106480136481634957e-02,-4.389187957115578964e-01,-3.938950719047395466e-01,-8.997739942897809984e-01,-5.596518394503811056e-01,-7.830399967470185185e-01,-4.483583541163401187e-01,2.382606151138099149e-01,-5.571564910592965436e-01,5.133038620512497124e-02,-1.570888833052997424e-01,5.181839236222961498e-01,4.918176974135515245e-01,8.651548590807307537e-01,5.675236176314312209e-01,-5.305323820719406447e-01,-5.188433582416352996e-01,-9.799550000000000205e-01,7.903906642851968867e-01,-2.721582798451419594e-01,8.962667554802578040e-01,1.006821046938507630e-01,2.579042730434344399e-01,1.000000000000000000e+00,1.105978705499354453e-01,-9.025342689688101161e-02,7.629599468536985007e-01,-9.005307879867777143e-02,2.705471114467948579e-02,2.692093312635765456e-01,-5.024861365699481164e-01,-1.207428357844479577e-01,1.293692772342140418e-01,2.660067948079780642e-01,-5.574211829795213680e-01,8.848958529175636745e-01,2.672949558866101194e-01,-9.200419989867206771e-01,-2.427340373994930911e-01
5.566846817219921889e-02,1.757730017245473508e-02,-6.484020333828585114e-01,-5.897841892258002400e-02,-2.462430321783020681e-01,-4.844933532783489150e-01,2.395853787483877562e-01,-1.228662095200557247e-01,4.840702237204705938e-01,-5.959025540067041105e-01,3.401841980331162807e-01,1.759285578318358356e-01,5.290516600489058446e-02,1.525918621039833722e-01,1.926894609122678792e-01,4.383936360032916202e-01,-7.693711928884615359e-02,-1.395215999999999124e-02,-1.508820607809451819e-01,-7.922618273623947827e-02,1.932394538705433373e-01,-7.189945941265573071e-01,1.661556009283562674e-01,1.105978705499354453e-01,1.000000000000000000e+00,3.853989380198092132e-03,4.163407996583514126e-01,3.265373503950335099e-01,1.612100246032937279e-01,-6.095874319949103892e-01,-6.104545222188022535e-01,2.845889990010720405e-01,-6.887787570627015299e-01,-5.081627114861260175e-01,-6.559588033999741441e-01,1.680343290835486225e-01,-1.467681958106187845e-01,-3.151193254226664076e-01,-4.504912639470487479e-01
-6.887624250438667550e-02,6.043506649275481868e-01,-2.375488397209021829e-01,-1.794582506737548572e-02,1.843870849837387360e-01,1.750699009453428323e-01,-1.164357385520563420e-01,2.213239427583131302e-01,-5.684894464571688122e-02,3.894933674160860337e-01,6.578225404191100356e-01,-7.869295626826464662e-01,-6.194419840436146130e-01,6.863201625659502703e-02,4.124839110707518297e-01,-6.252703781932648919e-02,-2.777083034167410203e-01,4.791677999999999216e-02,-2.720762908456749590e-02,6.247629226662384516e-01,-1.724038784085177856e-01,-3.104476565388421538e-01,-2.074840022036873732e-01,-9.025342689688101161e-02,3.853989380198092132e-03,1.000000000000000000e+00,3.513275461230891961e-01,-1.645050283013557713e-01,6.315316074474752739e-01,5.737687783357020566e-01,-2.973519551121339144e-01,-7.290676250047056772e-01,2.637429028526755981e-01,-1.059268204215764626e-02,1.122658930617637663e-01,-3.340845556497658020e-01,6.039224884004217309e-01,2.038544263823807712e-01,6.133623973833229881e-02
-9.414031664709788735e-03,3.293455761970442985e-02,-6.957286217401539297e-01,-7.295164595261706131e-01,-3.433247743259861262e-01,-5.686735191777588794e-01,-2.557581537860570964e-01,2.774726701290191611e-01,-3.840228944540132749e-01,1.675565020519400594e-01,1.785905180018174943e-01,1.240999030348325510e-01,1.326503464141962074e-01,7.066866561525454449e-01,7.496363220028778862e-01,-1.082397894305902886e-01,-4.752352741867928998e-01,-7.896478000000000108e-01,6.977419999661492733e-01,-8.330373300399368519e-02,7.690961187396839760e-01,-1.556182581101391293e-01,3.884333877440944716e-01,7.629599468536985007e-01,4.163407996583514126e-01,3.513275461230891961e-01,1.000000000000000000e+00,-1.132250707235305104e-01,1.692297550111032389e-01,3.372752363302631284e-01,-7.510980920544539918e-01,-4.468378093938333850e-01,8.887527993724354813e-02,-1.387802961896484055e-01,-6.058224280629156411e-01,5.457616019812721042e-01,6.157555031703734194e-01,-7.194985926282497779e-01,-4.883514716632560426e-01
-3.791538736297012796e-02,3.187622445017991302e-01,1.949676485493998801e-01,-1.166627231844404033e-01,1.475211032980201231e-01,-1.503953993311376580e-01,8.006741115937733300e-01,-7.669066955375285488e-01,6.796108562578658807e-01,-6.350234377013440623e-01,3.567489181821922317e-01,4.754522542471261159e-01,5.990173486978542794e-01,-3.520312413259399920e-01,8.742053785043345238e-02,6.986330101936480408e-02,-1.205079557212290486e-01,1.417501000000001010e-01,-9.704644909286663790e-02,-5.397147391894546731e-01,1.993207783755427953e-01,-5.159391972979874286e-01,4.824300485685035778e-01,-9.005307879867777143e-02,3.265373503950335099e-01,-1.645050283013557713e-01,-1.132250707235305104e-01,1.000000000000000000e+00,4.529856465949761990e-01,-6.026365275536617050e-01,2.571635691213457892e-02,3.492466483391314935e-01,-7.104644254372677326e-01,-6.472927028327597476e-01,-5.734942429206001391e-01,2.833095041210185183e-01,-2.400189583128140569e-01,-2.595550866308049542e-01,-5.980500943444392314e-01
-1.916248429025368405e-01,3.532226737361251478e-01,1.024647103629476447e-01,-1.786711884205810508e-01,-4.818665318949868354e-02,-2.019631789590868587e-01,2.259707910182937318e-01,-2.263902898539313646e-01,2.163837923089628745e-01,-6.753029865350126948e-02,6.718904105292168305e-01,-2.694177585677777209e-01,-1.105557667735267424e-01,2.951619575373572515e-02,3.031661891560691879e-01,-2.603964794299971075e-01,-2.755240348878321699e-01,7.031379999999920472e-03,-6.230230855046073324e-02,1.816847875194256001e-01,1.092416477489430160e-02,-5.599195013714044489e-01,-1.010492419525284430e-01,2.705471114467948579e-02,1.612100246032937279e-01,6.315316074474752739e-01,1.692297550111032389e-01,4.529856465949761990e-01,1.000000000000000000e+00,5.384466614076703628e-02,-6.615138311996641984e-02,-2.982920831002096040e-01,-1.379509186905560902e-01,-1.551749832766115278e-01,-1.979718247425376332e-01,3.478609055098425690e-02,2.583767934480317718e-01,-8.517249922245538618e-02,-1.124369345079550414e-01
1.970689335201779996e-02,1.688853088327672003e-01,-3.572044804298180748e-02,-2.834476374563505985e-01,1.108956191741935077e-01,1.968266590543616135e-01,-5.591758576275551729e-01,4.770261693345865806e-01,-7.179359778155529614e-01,8.119315104032837072e-01,6.069105493259605022e-03,-4.793017425768738571e-01,-3.499520214201499724e-01,3.239439993435670462e-01,3.618054554056318040e-01,-4.124811894059239870e-01,-2.717612440657443118e-01,-3.829207799999999606e-01,4.805697536352412369e-01,3.716669885088996206e-01,1.191503386262214303e-01,4.914192489857941437e-01,-1.028549792989276596e-01,2.692093312635765456e-01,-6.095874319949103892e-01,5.737687783357020566e-01,3.372752363302631284e-01,-6.026365275536617050e-01,5.384466614076703628e-02,1.000000000000000000e+00,-4.765498289005887234e-02,-7.514733474750419084e-01,8.186969397283092587e-01,4.490472813428772469e-01,3.654727950399858094e-01,-5.030683554055860596e-02,6.820342452052590154e-01,2.949128135993353897e-02,2.425186573885781405e-01
-3.250261769234809028e-01,-1.913802058249181592e-01,9.346382968525857038e-01,4.366676942092409530e-01,1.415353281242661687e-01,5.223085420475656049e-01,1.640587386141320603e-01,-2.077521574619286548e-01,-7.961234473535722111e-02,2.730787231126895476e-01,-3.343756721105653473e-01,-6.559965626531369387e-02,-7.171317615373912213e-02,-5.395818332386652649e-01,-5.724167084637349356e-01,-1.158297145075743301e-01,5.620539962177528714e-01,4.495942200000000444e-01,-2.891252312234509070e-01,-2.005928934342134928e-01,-4.870298455804687454e-01,4.662168142113476410e-01,-2.160647031353659653e-01,-5.024861365699481164e-01,-6.104545222188022535e-01,-2.973519551121339144e-01,-7.510980920544539918e-01,2.571635691213457892e-02,-6.615138311996641984e-02,-4.765498289005887234e-02,1.000000000000000000e+00,1.566282266739318085e-01,3.644952409597667642e-01,1.375173446009268219e-01,6.843745003016369344e-01,-3.922630702980334783e-01,-1.629668453553315688e-01,5.670559776649229944e-01,3.974432115351638761e-01
2.777091184190755846e-01,-4.232059674944266270e-01,1.458108904112721538e-01,1.356205700412944082e-01,-2.437233787701270082e-01,-2.580513853865970542e-01,1.853479125168741304e-01,-3.874541672376773938e-01,5.213206936861027874e-01,-7.950863411339514908e-01,-1.708583360765983661e-01,5.512685702392802201e-01,4.300010855877755001e-01,-2.534225938329312533e-01,-3.200465855471847365e-01,-5.332061492432321748e-02,4.130890280066573661e-02,2.589645599999998993e-01,-4.136037854165847127e-01,-2.937096144998131986e-01,-1.100366542488381005e-01,-1.918424778932389385e-01,-7.213059868187146617e-02,-1.207428357844479577e-01,2.845889990010720405e-01,-7.290676250047056772e-01,-4.468378093938333850e-01,3.492466483391314935e-01,-2.982920831002096040e-01,-7.514733474750419084e-01,1.566282266739318085e-01,1.000000000000000000e+00,-6.260133493215876976e-01,8.584417453521552346e-03,-2.287487299536576091e-01,2.383510564805186305e-01,-9.125357389100413608e-01,-6.965819161511037361e-02,7.103709610741740232e-02
-2.506158689533443118e-01,-1.895205568083387915e-01,2.829376557909136780e-01,-8.329087908574224486e-02,2.703236174213146867e-03,3.134201417781808940e-01,-5.772434563275465891e-01,5.277565369619729996e-01,-8.712078755811742958e-01,9.530864978563327039e-01,-3.386533149756725258e-01,-4.094554281628429160e-01,-4.125121338669757720e-01,2.468513807422467732e-01,-8.740060868826525498e-03,-2.983052916641384389e-01,1.870033649171648493e-01,-2.609135399999999994e-01,3.740573306848133939e-01,1.825623214505625591e-01,-4.073243400645028267e-02,7.436344060249756582e-01,-2.277500780930752089e-01,1.293692772342140418e-01,-6.887787570627015299e-01,2.637429028526755981e-01,8.887527993724354813e-02,-7.104644254372677326e-01,-1.379509186905560902e-01,8.186969397283092587e-01,3.644952409597667642e-01,-6.260133493215876976e-01,1.000000000000000000e+00,4.953289439824669071e-01,6.638478763254218595e-01,-2.051382434888639750e-01,6.092136823131168999e-01,2.246668100311731975e-01,4.242400880672596575e-01
2.905066956006420176e-01,-5.732682895801948231e-01,1.287443544576356291e-01,-8.337407485997860856e-02,-3.624689265227232227e-01,-1.897900128337708381e-01,-7.866649569573985756e-01,4.255190303802007246e-01,-5.402267285561920263e-01,2.686069284164006032e-01,-2.012521569439327529e-01,-1.802514499030428430e-01,-2.277295242844651901e-01,4.345488912231450507e-01,-6.512214085250514484e-02,-6.328262944906133391e-01,-7.863777167037366844e-02,-2.143816800000000189e-01,-2.937018580819781427e-02,5.058020378216783186e-01,-1.454499416705410386e-01,3.425673895021192350e-01,-7.309810340614234514e-01,2.660067948079780642e-01,-5.081627114861260175e-01,-1.059268204215764626e-02,-1.387802961896484055e-01,-6.472927028327597476e-01,-1.551749832766115278e-01,4.490472813428772469e-01,1.375173446009268219e-01,8.584417453521552346e-03,4.953289439824669071e-01,1.000000000000000000e+00,4.725225324280996064e-01,7.888760701012112464e-02,-1.992459023087517489e-01,3.599023476177959369e-02,8.169445954115436281e-01
-1.037866105954907830e-01,-1.081045057686940147e-01,5.318447730962648778e-01,6.077018424414759590e-01,2.802608814024114547e-01,6.572659568134813224e-01,-2.968504791973357593e-01,2.789599023303134806e-01,-3.196388343862248682e-01,6.069979998051636683e-01,-2.248994494517927711e-01,-6.224750473257523176e-01,-6.582206700962073276e-01,-2.949410726934568183e-01,-5.376440336456089764e-01,2.898210150463716162e-02,5.751836034242945317e-01,4.905916800000000855e-01,-3.897393815042302645e-01,4.292222669493535592e-01,-7.394046331049362042e-01,5.171488268003645583e-01,-6.200740037368642765e-01,-5.574211829795213680e-01,-6.559588033999741441e-01,1.122658930617637663e-01,-6.058224280629156411e-01,-5.734942429206001391e-01,-1.979718247425376332e-01,3.654727950399858094e-01,6.843745003016369344e-01,-2.287487299536576091e-01,6.638478763254218595e-01,4.725225324280996064e-01,1.000000000000000000e+00,-7.370154190162453434e-01,4.375299121798079116e-02,8.174859056819591130e-01,7.516049884701381245e-01
1.201068049920572534e-01,-3.866241294335759360e-01,-2.198872750153308964e-01,-8.791141720353368161e-01,-5.037625951021599269e-01,-7.843154882287494134e-01,-1.498454861011811468e-01,-7.896574667084603483e-02,-2.176835917416588551e-01,-3.085359994353241153e-01,-1.461827931711227047e-01,7.854042753709959968e-01,7.883106226816967155e-01,6.095898418548721942e-01,4.786842534108995961e-01,-5.503693062898225019e-01,-5.901059589086194990e-01,-8.285307200000000538e-01,6.601591711242108529e-01,-5.162296493014136844e-01,8.908274959386791592e-01,-1.543898710640006708e-02,4.224450863139644352e-01,8.848958529175636745e-01,1.680343290835486225e-01,-3.340845556497658020e-01,5.457616019812721042e-01,2.833095041210185183e-01,3.478609055098425690e-02,-5.030683554055860596e-02,-3.922630702980334783e-01,2.383510564805186305e-01,-2.051382434888639750e-01,7.888760701012112464e-02,-7.370154190162453434e-01,1.000000000000000000e+00,-4.471603383375785667e-02,-9.578054570431981940e-01,-3.822285666603857934e-01
-3.802652751967039446e-01,3.398756693930031769e-01,-1.635891256058344956e-01,-3.321225043688317835e-01,1.565443290543329646e-01,1.503887056090736363e-01,-1.332089576498327321e-01,3.326534409003932824e-01,-5.706161075228732837e-01,7.747609498082270729e-01,7.921046432357631284e-02,-3.415429880946916352e-01,-2.555273886922868609e-01,2.961611422811581407e-01,4.089731952153452532e-01,4.320635848235482301e-02,-6.967202133208688641e-02,-4.206505000000000383e-01,6.135641669827710531e-01,-1.906183401097566454e-02,3.402104349617566248e-01,2.555319524619225624e-01,3.270368853673842890e-01,2.672949558866101194e-01,-1.467681958106187845e-01,6.039224884004217309e-01,6.157555031703734194e-01,-2.400189583128140569e-01,2.583767934480317718e-01,6.820342452052590154e-01,-1.629668453553315688e-01,-9.125357389100413608e-01,6.092136823131168999e-01,-1.992459023087517489e-01,4.375299121798079116e-02,-4.471603383375785667e-02,1.000000000000000000e+00,-1.138100989993284518e-01,-3.003155054859597550e-01
-1.053199716671966296e-01,2.828834048683852020e-01,4.151476494080260093e-01,8.778207478484393311e-01,4.970212376594135284e-01,8.215823827550192693e-01,1.109616989809403820e-01,4.304027333548512968e-02,2.229616031814755372e-01,2.614631618421124903e-01,4.694512591450913930e-02,-7.137479512162729911e-01,-7.176759054424074469e-01,-6.829890683754389347e-01,-5.891302717310086257e-01,3.869066568479836987e-01,5.621397345944255663e-01,8.770471799999999263e-01,-7.114181869281053228e-01,4.574998838093710662e-01,-9.508421055932723132e-01,1.305812656005046757e-01,-4.811146636165837820e-01,-9.200419989867206771e-01,-3.151193254226664076e-01,2.038544263823807712e-01,-7.194985926282497779e-01,-2.595550866308049542e-01,-8.517249922245538618e-02,2.949128135993353897e-02,5.670559776649229944e-01,-6.965819161511037361e-02,2.246668100311731975e-01,3.599023476177959369e-02,8.174859056819591130e-01,-9.578054570431981940e-01,-1.138100989993284518e-01,1.000000000000000000e+00,5.131198957565149543e-01
9.945047072281641698e-02,-4.208276070057763163e-01,3.224188397576591147e-01,3.477963218701468073e-01,-6.541456558840638702e-02,1.958144688552677370e-01,-6.099870832221291339e-01,4.304889519703024581e-01,-2.707162696413089042e-01,2.487424637814128758e-01,-1.618462358925891742e-01,-4.800962222649377553e-01,-5.694560032701679875e-01,7.154634755713906724e-02,-4.589965825263508936e-01,-3.209794777578191538e-01,2.006324159905403803e-01,2.925702999999999498e-01,-4.632840946350090250e-01,6.020620438456028012e-01,-6.216901185994930801e-01,2.837741214973618642e-01,-9.022091900462595460e-01,-2.427340373994930911e-01,-4.504912639470487479e-01,6.133623973833229881e-02,-4.883514716632560426e-01,-5.980500943444392314e-01,-1.124369345079550414e-01,2.425186573885781405e-01,3.974432115351638761e-01,7.103709610741740232e-02,4.242400880672596575e-01,8.169445954115436281e-01,7.516049884701381245e-01,-3.822285666603857934e-01,-3.003155054859597550e-01,5.131198957565149543e-01,1.000000000000000000e+00
