1.000000000000000000e+00,5.048250197789017069e-01,-4.857604934977004935e-02,1.146814061289400666e-01,2.704750520549143999e-01,-5.307782222565041730e-01,-1.549701818819888555e-01,-5.738973362236047260e-01,-9.987015479650640515e-02,3.421831129726918830e-01,-3.516516995789508160e-01,-7.627731528368191238e-01,-7.256645576360457039e-02,5.875616119849624841e-01,5.955815526653269742e-01,3.467432378322286013e-01,1.721404260955550214e-01,-5.599293959878153260e-01,4.106152139767246800e-01,3.298807850837309763e-01,2.716541112105010924e-01,2.815516041483265286e-01,1.971635819644002030e-01,3.675989475307839260e-03,-3.057567359253264283e-01,3.948492571390857520e-01,-4.161297893882464072e-01,5.902459685827943225e-02,-5.886602400000000568e-01,5.708955531508046882e-02,4.554851980672376954e-01,6.408551356057674564e-01,-1.638916383197687177e-01,-1.576480348601939641e-01,-1.812745509569217983e-01,-2.781729038961030520e-01,-5.736923283736534707e-01,4.999478526459911754e-01,-3.000544997255059632e-01
5.048250197789017069e-01,1.000000000000000000e+00,5.290891333718351630e-01,-5.010399895614400245e-01,2.574217948464809225e-01,-1.672794956672717936e-01,-2.127229800710011831e-01,-8.509182242849893107e-01,-8.662692662399690269e-02,7.823340826074092202e-01,-6.727099167246116673e-01,-5.298821014563815934e-01,4.820108283695654916e-01,-8.512913534106886226e-02,-2.719814013114824069e-01,8.075505245739572624e-01,2.180028266885493671e-01,-9.086602452106546934e-01,3.412262054908450359e-01,6.241393161665724776e-01,7.065585946167550757e-01,8.646743071506880485e-01,4.310262312778416760e-01,-1.001245230916510548e-01,-2.094290673030958783e-01,8.728550777562666951e-01,2.232069943410103507e-01,6.690475490207292708e-01,-8.644548400000000576e-01,-1.510084344601316797e-01,8.147365206630351464e-01,1.203837571974626236e-01,-7.467864011615903408e-01,1.476351093148042248e-01,-7.362426923454411243e-02,2.592273633001904720e-01,2.897367774000815521e-02,6.200003518356328458e-01,-4.620482873344664565e-01
-4.857604934977004935e-02,5.290891333718351630e-01,1.000000000000000000e+00,-9.266656989445140047e-01,5.024186386648764602e-01,3.520405239940738729e-01,-2.762917087718768649e-01,-2.305302812146920455e-01,1.802500340338940577e-01,8.302989572156822540e-01,-4.601326983008459104e-01,2.692969307722666850e-01,7.869415564849264744e-01,-7.134035607984883232e-01,-5.588987513673543406e-01,7.676932394007666138e-01,3.343690188245887485e-01,-4.467307812504171527e-01,3.907897153560129233e-01,2.963297383736777091e-01,5.142564429001321713e-01,5.636493120633585541e-01,1.187305198004984796e-01,-6.294460417218893378e-01,-2.504762906817197821e-01,5.731445409238510313e-01,3.383843896839602294e-01,8.180875108961571662e-01,-2.788773799999999525e-01,1.045866525685593823e-01,4.355560989594101651e-01,-5.444102727436375133e-01,-6.125539970648131716e-01,4.945580610516697034e-02,4.306577417806339847e-01,-1.004493006058408966e-01,2.741131354877263671e-01,4.815560658590614662e-01,1.232470990534071109e-01
1.146814061289400666e-01,-5.010399895614400245e-01,-9.266656989445140047e-01,1.000000000000000000e+00,-4.364510192948898304e-01,-4.376838536521547307e-01,4.744595211543254365e-01,3.212736008247135677e-01,1.698861453565905233e-01,-7.900034092644134809e-01,6.454571639302586483e-01,-2.750821363184728363e-01,-9.127206888807373186e-01,7.080387431150109157e-01,4.630133860365001075e-01,-7.977270002982974617e-01,-2.369092270249057997e-01,4.395196602941104369e-01,-4.209436911933749359e-01,-1.136110801981718987e-01,-3.686647077028351038e-01,-5.580549500038326505e-01,-2.461892382962375114e-01,5.245695842602342562e-01,-4.585915015555974694e-02,-6.098322455070415149e-01,-6.107956149975377613e-01,-7.902334422946655224e-01,2.709322999999999038e-01,7.900594138848471282e-03,-4.973937981819941401e-01,6.838498570306414948e-01,6.562885244020774111e-01,1.553869013026961676e-01,-2.470858544146781188e-01,7.820575295785170411e-02,-2.855523068456513602e-01,-4.890976029644908407e-01,-1.415334387409037942e-01
2.704750520549143999e-01,2.574217948464809225e-01,5.024186386648764602e-01,-4.364510192948898304e-01,1.000000000000000000e+00,-1.013337182487018678e-01,-4.900975913990575084e-01,-1.039245057261385941e-01,6.678927560409875230e-02,4.125944059526506780e-01,-1.663513833751490700e-01,-2.217491801234381943e-01,2.446861556884182831e-01,-3.251057512426070994e-01,1.878066730228332426e-02,4.274279220962444170e-01,-7.042167000687410416e-02,-1.521410146162469612e-01,5.088872054585130700e-02,3.201932701082044752e-01,1.758116593245214743e-01,1.717607007511188187e-03,2.773631715573566248e-01,-5.893151523379672740e-01,-4.418882870375074878e-01,1.070422040273264486e-01,-1.045145887015899167e-01,5.045534003920529864e-01,-3.442389999999995176e-02,3.920384587573531587e-01,1.748802146316105754e-01,-2.422719560437953945e-01,-8.843835554344481320e-02,4.280746490719364306e-02,3.866862319174754203e-01,-8.976543315766594144e-02,-4.974819511482928003e-01,4.167140903101105298e-01,3.495185773845800870e-01
-5.307782222565041730e-01,-1.672794956672717936e-01,3.520405239940738729e-01,-4.376838536521547307e-01,-1.013337182487018678e-01,1.000000000000000000e+00,9.951307713126936183e-02,2.534273023949657477e-01,9.606822462367747839e-02,2.375030182749183205e-01,7.057032257089169980e-02,7.450544752111525337e-01,6.189847209745060752e-01,-4.000162718561018904e-01,-2.604400623924792435e-01,7.162437161553217302e-02,-1.862450339441874270e-01,1.354055554528859340e-01,-1.499100314545791512e-01,-3.771662022878751741e-01,-2.786466379595681775e-01,-1.309133190137671057e-02,3.049296123261607261e-01,5.778819524124330365e-02,4.300855353856198162e-04,7.302156864305363315e-02,6.297860720348030794e-01,3.697980351195325199e-01,2.072799599999999298e-01,-4.723990319003410487e-01,3.614391853139749256e-02,-4.842443511377395593e-01,-3.320242290739076618e-01,-1.439158762248439194e-01,4.277887309961330708e-01,-1.934994685632782374e-01,4.113460532712824858e-01,-2.659155480321665488e-01,-2.676326506046122419e-02
-1.549701818819888555e-01,-2.127229800710011831e-01,-2.762917087718768649e-01,4.744595211543254365e-01,-4.900975913990575084e-01,9.951307713126936183e-02,1.000000000000000000e+00,2.438152269786226234e-01,7.005958527564029037e-01,-1.651468423570157940e-01,5.322206961480185905e-01,1.926966334950628579e-01,-3.219123448350599270e-01,2.881978996101250967e-01,-1.558947753945969239e-01,-3.759184469007841312e-01,-6.013654573428490330e-02,2.152167227583585973e-02,-2.689976873781810829e-01,1.373523804039730734e-01,-1.774191843220922910e-02,8.944007353423240889e-04,-1.112163425743911693e-01,5.289011485705871207e-01,-3.847921316906317002e-01,-8.565187911644964180e-02,-2.305245336899238995e-01,-1.640627447037579234e-01,-8.584004000000000634e-02,-4.654972881088883518e-01,-8.579410468613075935e-02,4.997895275580893637e-01,-6.713447470332542522e-02,2.008098449270574459e-01,2.121931290949418403e-01,5.999956548899153946e-02,3.714866639263370018e-01,-2.645454294695556152e-01,-5.902834376297562136e-01
-5.738973362236047260e-01,-8.509182242849893107e-01,-2.305302812146920455e-01,3.212736008247135677e-01,-1.039245057261385941e-01,2.534273023949657477e-01,2.438152269786226234e-01,1.000000000000000000e+00,4.095533083670422903e-01,-5.627936361362538831e-01,8.180392322545347872e-01,6.607529714013973265e-01,-3.484485746321102639e-01,-1.931245283005472713e-01,-4.003937651485415389e-02,-7.520541011870933712e-01,5.018948882443732828e-02,9.109298635463038973e-01,-4.815469927390842453e-01,-4.785804948685059568e-01,-5.018836198555606254e-01,-8.376235975230708064e-01,-4.458529175706659187e-01,-9.807700412852617122e-02,-1.401591060027742031e-01,-8.646122328182272998e-01,-3.063865724636862797e-01,-4.456955863432473519e-01,9.158431199999998995e-01,2.214194895905858829e-01,-7.443139942865169001e-01,-2.509073034211143916e-01,6.862321384990481832e-01,1.205343528383076290e-01,4.132768942293351677e-01,-7.188825859486391856e-02,4.112609559805707748e-02,-7.193437684678840593e-01,5.747151588258280208e-01
-9.987015479650640515e-02,-8.662692662399690269e-02,1.802500340338940577e-01,1.698861453565905233e-01,6.678927560409875230e-02,9.606822462367747839e-02,7.005958527564029037e-01,4.095533083670422903e-01,1.000000000000000000e+00,7.578441731375851198e-02,6.303953896602861873e-01,2.594556035061393873e-01,-2.084569216241701217e-01,-1.177155385506324925e-01,-3.626024441904380224e-01,-1.853688250323086706e-01,1.302761769341755915e-01,9.214636000453396703e-02,-2.699183879543528564e-01,3.274776549611894128e-01,2.408019879872191904e-01,-6.951866479996798853e-02,-1.987685179723170936e-01,-8.435759225874375766e-02,-7.978229127838802892e-01,-1.514657600294395112e-01,-4.824227196351611457e-01,1.398337688712713023e-01,8.747944000000007492e-02,8.456979412665099893e-03,-1.709413103458379268e-01,2.627499679240024033e-01,2.899225561650081717e-02,5.010230871555212406e-01,6.552971218436891565e-01,-1.046386274071786637e-02,1.422806841186305959e-01,-1.977250932051277665e-01,-1.392995785282849230e-01
3.421831129726918830e-01,7.823340826074092202e-01,8.302989572156822540e-01,-7.900034092644134809e-01,4.125944059526506780e-01,2.375030182749183205e-01,-1.651468423570157940e-01,-5.627936361362538831e-01,7.578441731375851198e-02,1.000000000000000000e+00,-6.269405773930105674e-01,-5.288902884720803749e-02,8.022036327327690675e-01,-3.489389198927986269e-01,-2.776933878169045022e-01,8.719031445794811486e-01,3.375267209052484341e-01,-7.755490342509656632e-01,4.638030534513160608e-01,3.758992819158655796e-01,5.578407854820850442e-01,7.494603994940132186e-01,4.311484255541706001e-01,-2.907410385009525644e-01,-3.275099269370324584e-01,8.330603439162622692e-01,3.580018039123831763e-01,8.523211560472000459e-01,-6.615900399999999903e-01,-2.282059191188818004e-01,7.825410024339879422e-01,-1.522859233174401472e-01,-8.396643277137647576e-01,-4.496934371109134743e-02,3.075600586775252276e-01,-7.318022369144294714e-02,1.484381500141238042e-01,6.241358338185346577e-01,-2.983751773563970144e-01
-3.516516995789508160e-01,-6.727099167246116673e-01,-4.601326983008459104e-01,6.454571639302586483e-01,-1.663513833751490700e-01,7.057032257089169980e-02,5.322206961480185905e-01,8.180392322545347872e-01,6.303953896602861873e-01,-6.269405773930105674e-01,1.000000000000000000e+00,3.004173025609243597e-01,-6.079582760368301697e-01,1.199094104702162628e-01,-2.019506715174563052e-02,-8.379153034623157970e-01,-1.050075496854463442e-01,7.254621784283339370e-01,-7.339333791712299160e-01,-1.111827341542550862e-01,-4.015613953307232142e-01,-7.417402498686062051e-01,-2.942755867097259226e-01,2.130812647175456265e-01,-4.263620169989080222e-01,-7.892814121181973563e-01,-5.188650234802625327e-01,-4.798964252624935423e-01,6.579235199999999839e-01,6.123088323998839705e-02,-6.254857329692578016e-01,1.865696686861258169e-01,6.420367791312744377e-01,3.078747649881154458e-01,3.546485481215899127e-01,1.256726888025854194e-01,-1.370943711786483943e-01,-7.862604434174381707e-01,1.911442574931777882e-01
-7.627731528368191238e-01,-5.298821014563815934e-01,2.692969307722666850e-01,-2.750821363184728363e-01,-2.217491801234381943e-01,7.450544752111525337e-01,1.926966334950628579e-01,6.607529714013973265e-01,2.594556035061393873e-01,-5.288902884720803749e-02,3.004173025609243597e-01,1.000000000000000000e+00,2.950370504237684877e-01,-5.811515314389664733e-01,-3.583927602161679493e-01,-2.041147357445409760e-01,6.900500157774150378e-02,5.107951298011871311e-01,-6.292514428308082497e-02,-5.388312353924954445e-01,-2.478279024929891106e-01,-2.822656346761395763e-01,-2.396180552897796134e-01,-1.888763122871096323e-01,1.156455989819011598e-01,-3.037797971241204542e-01,3.204432892028674096e-01,4.684633612839723960e-02,5.814573000000000658e-01,-8.669554781815275168e-02,-4.059366499804019091e-01,-5.684390688687718241e-01,6.757824443025933769e-02,3.806127147961092892e-03,4.752844651634763884e-01,-2.334543836270204231e-01,5.742213213261611049e-01,-3.640783838835028319e-01,3.358008871667851336e-01
-7.256645576360457039e-02,4.820108283695654916e-01,7.869415564849264744e-01,-9.127206888807373186e-01,2.446861556884182831e-01,6.189847209745060752e-01,-3.219123448350599270e-01,-3.484485746321102639e-01,-2.084569216241701217e-01,8.022036327327690675e-01,-6.079582760368301697e-01,2.950370504237684877e-01,1.000000000000000000e+00,-5.220725497264935289e-01,-3.387551456089218371e-01,7.252499665769842618e-01,1.908246185091602154e-01,-4.929367283721035609e-01,3.140209059296886762e-01,1.256224708249397554e-02,2.307627169170717862e-01,5.524316602524679265e-01,4.421011003984802179e-01,-1.830404097421484966e-01,2.219771847541420623e-02,6.736938748053087345e-01,7.586800425221117417e-01,7.731212875325288447e-01,-3.571113599999999888e-01,-3.787957747670758213e-01,6.558111350935701411e-01,-5.476773600399598152e-01,-7.843525882744036837e-01,-3.140735303545642565e-01,2.452192707063402533e-01,-8.131156447011951560e-02,2.857873830031525952e-01,3.603497190966282737e-01,-1.081336486807716185e-01
5.875616119849624841e-01,-8.512913534106886226e-02,-7.134035607984883232e-01,7.080387431150109157e-01,-3.251057512426070994e-01,-4.000162718561018904e-01,2.881978996101250967e-01,-1.931245283005472713e-01,-1.177155385506324925e-01,-3.489389198927986269e-01,1.199094104702162628e-01,-5.811515314389664733e-01,-5.220725497264935289e-01,1.000000000000000000e+00,7.375370535799296023e-01,-3.408231543012166798e-01,-1.678223147437656604e-01,-6.791709895762657045e-02,-2.672510643803099883e-02,-3.130803630510190644e-02,-3.203635168195322902e-01,-1.516229508106617940e-01,2.439090378448013560e-02,5.609287614964331148e-01,-1.563604703345649813e-02,-1.061222376583366295e-01,-4.210423727153937978e-01,-5.351877766385976232e-01,-2.124707399999999913e-01,-2.005041162271015143e-01,1.260996587922836101e-02,7.747547110567273299e-01,2.254502482012851750e-01,-2.003900542400080254e-01,-4.387884159353510061e-01,-1.700569157616729221e-01,-4.012640507293226966e-01,-9.199040413375227099e-02,-4.133016856840346365e-01
5.955815526653269742e-01,-2.719814013114824069e-01,-5.588987513673543406e-01,4.630133860365001075e-01,1.878066730228332426e-02,-2.604400623924792435e-01,-1.558947753945969239e-01,-4.003937651485415389e-02,-3.626024441904380224e-01,-2.776933878169045022e-01,-2.019506715174563052e-02,-3.583927602161679493e-01,-3.387551456089218371e-01,7.375370535799296023e-01,1.000000000000000000e+00,-2.408533522065610666e-01,-2.005314338440468691e-01,1.366018092368357362e-01,2.046130180653612241e-01,-3.987236696018001680e-01,-4.592784256245227570e-01,-3.975202074349500347e-01,8.339580407303168186e-02,1.795474226924587968e-01,1.203299296371441035e-01,-2.403330482249103062e-01,-3.339815446469441840e-01,-4.691015174964315859e-01,6.609376000000000140e-02,4.304477358069547926e-02,-1.421836457342526561e-01,4.832332349277896899e-01,3.643425019913481000e-01,-4.052809790257452804e-01,-2.756000099316530116e-01,-5.220559500390471452e-01,-5.541361427539749362e-01,6.414546718112762447e-02,2.245251826709775481e-02
3.467432378322286013e-01,8.075505245739572624e-01,7.676932394007666138e-01,-7.977270002982974617e-01,4.274279220962444170e-01,7.162437161553217302e-02,-3.759184469007841312e-01,-7.520541011870933712e-01,-1.853688250323086706e-01,8.719031445794811486e-01,-8.379153034623157970e-01,-2.041147357445409760e-01,7.252499665769842618e-01,-3.408231543012166798e-01,-2.408533522065610666e-01,1.000000000000000000e+00,1.240848058188095127e-01,-8.271044937811066200e-01,6.399512425006769201e-01,3.720172017586798052e-01,6.567514654409882802e-01,8.366686494912936034e-01,3.632825303884543722e-01,-3.765488093572533779e-01,-3.923699947267351301e-02,8.871655785594271260e-01,4.265222055734358975e-01,8.102419620693998015e-01,-7.195034200000000046e-01,-6.451328580018324266e-02,7.021100466406144935e-01,-1.652289534673527793e-01,-8.018974029461823916e-01,-4.914431237439473299e-02,9.715923562884241915e-02,-1.617704709871057578e-01,1.190540148606635540e-01,8.268962730898913316e-01,-2.369414071900577401e-01
1.721404260955550214e-01,2.180028266885493671e-01,3.343690188245887485e-01,-2.369092270249057997e-01,-7.042167000687410416e-02,-1.862450339441874270e-01,-6.013654573428490330e-02,5.018948882443732828e-02,1.302761769341755915e-01,3.375267209052484341e-01,-1.050075496854463442e-01,6.900500157774150378e-02,1.908246185091602154e-01,-1.678223147437656604e-01,-2.005314338440468691e-01,1.240848058188095127e-01,1.000000000000000000e+00,-1.244436343519625676e-01,2.081990204188047255e-01,1.807510611620037899e-01,2.362591886431314181e-01,1.664911392329662398e-01,-4.159108567824491010e-01,-2.191050832614868105e-01,-1.246548692016496013e-01,1.371517592420993248e-01,-1.954026969027202743e-01,2.885346083519653437e-03,-6.994829999999996328e-02,1.577871650523165470e-01,2.287235747373188577e-01,-1.206001153795322051e-01,-7.047721369676629433e-02,-3.534672888128298496e-02,3.994398214707231554e-02,8.252348575524162677e-02,1.189799134391363034e-02,-2.670841095866399034e-02,1.744160710404274728e-01
-5.599293959878153260e-01,-9.086602452106546934e-01,-4.467307812504171527e-01,4.395196602941104369e-01,-1.521410146162469612e-01,1.354055554528859340e-01,2.152167227583585973e-02,9.109298635463038973e-01,9.214636000453396703e-02,-7.755490342509656632e-01,7.254621784283339370e-01,5.107951298011871311e-01,-4.929367283721035609e-01,-6.791709895762657045e-02,1.366018092368357362e-01,-8.271044937811066200e-01,-1.244436343519625676e-01,1.000000000000000000e+00,-4.745425884750985590e-01,-5.862109212048590701e-01,-6.487635994771674408e-01,-9.269672198395473295e-01,-4.508894168648923673e-01,-8.140521126587452194e-02,1.577000881335218485e-01,-9.641384434101510914e-01,-2.820201671046297931e-01,-6.401682222272683243e-01,9.819866600000000112e-01,3.509500880303677572e-01,-8.771955506527192581e-01,-2.637403433534336039e-01,8.605059458012151996e-01,7.475796869601424033e-02,1.231955876018227952e-01,-5.692683404855155421e-02,-6.690980505048430005e-02,-7.358871080503456286e-01,6.762560345492110159e-01
4.106152139767246800e-01,3.412262054908450359e-01,3.907897153560129233e-01,-4.209436911933749359e-01,5.088872054585130700e-02,-1.499100314545791512e-01,-2.689976873781810829e-01,-4.815469927390842453e-01,-2.699183879543528564e-01,4.638030534513160608e-01,-7.339333791712299160e-01,-6.292514428308082497e-02,3.140209059296886762e-01,-2.672510643803099883e-02,2.046130180653612241e-01,6.399512425006769201e-01,2.081990204188047255e-01,-4.745425884750985590e-01,1.000000000000000000e+00,-1.168375088846742293e-01,4.196872935965522688e-01,5.224926399754706852e-01,-1.106997102054630422e-01,-4.509510809861538849e-01,2.992452168582209193e-01,5.227662710905846000e-01,6.863901224141114032e-02,2.519146251047335028e-01,-4.189703200000000072e-01,2.134605331500464831e-01,2.127412690930173267e-01,3.416449357730005909e-02,-3.367856184425987998e-01,-1.855305128215120058e-01,-1.502874243215475136e-01,-6.011011176268600265e-01,2.194634929304337678e-01,7.874376862204475191e-01,-2.352287889796771114e-02
3.298807850837309763e-01,6.241393161665724776e-01,2.963297383736777091e-01,-1.136110801981718987e-01,3.201932701082044752e-01,-3.771662022878751741e-01,1.373523804039730734e-01,-4.785804948685059568e-01,3.274776549611894128e-01,3.758992819158655796e-01,-1.111827341542550862e-01,-5.388312353924954445e-01,1.256224708249397554e-02,-3.130803630510190644e-02,-3.987236696018001680e-01,3.720172017586798052e-01,1.807510611620037899e-01,-5.862109212048590701e-01,-1.168375088846742293e-01,1.000000000000000000e+00,4.969595375360987832e-01,5.328172068020979868e-01,4.595094318324781379e-02,-3.409224432169951930e-03,-4.652511074171253314e-01,4.620044102681794551e-01,-2.063612412096067494e-01,3.179921958001867832e-01,-5.821286800000000650e-01,4.053906344732217254e-02,4.752450704860295971e-01,2.051346463966191025e-01,-3.711327010074337851e-01,1.636961563456936219e-01,-6.119097438441099823e-02,3.818826937421426204e-01,-2.233700578630538336e-01,2.823090654320839499e-01,-3.804304229430718332e-01
2.716541112105010924e-01,7.065585946167550757e-01,5.142564429001321713e-01,-3.686647077028351038e-01,1.758116593245214743e-01,-2.786466379595681775e-01,-1.774191843220922910e-02,-5.018836198555606254e-01,2.408019879872191904e-01,5.578407854820850442e-01,-4.015613953307232142e-01,-2.478279024929891106e-01,2.307627169170717862e-01,-3.203635168195322902e-01,-4.592784256245227570e-01,6.567514654409882802e-01,2.362591886431314181e-01,-6.487635994771674408e-01,4.196872935965522688e-01,4.969595375360987832e-01,1.000000000000000000e+00,6.951892675481614603e-01,4.613436440284561513e-02,-2.931144135546785989e-01,-2.756237438204699464e-01,6.269258904156657097e-01,-1.626593571241730096e-04,5.812478331017636446e-01,-6.075016200000000754e-01,7.552072802882704716e-02,4.351815396988258366e-01,1.810990554542549757e-01,-5.151765682888744813e-01,4.520582306477647916e-01,2.438950376679675514e-01,1.168640453947843577e-01,2.028519484484918867e-01,5.963972614288476359e-01,-2.663323271832579997e-01
2.815516041483265286e-01,8.646743071506880485e-01,5.636493120633585541e-01,-5.580549500038326505e-01,1.717607007511188187e-03,-1.309133190137671057e-02,8.944007353423240889e-04,-8.376235975230708064e-01,-6.951866479996798853e-02,7.494603994940132186e-01,-7.417402498686062051e-01,-2.822656346761395763e-01,5.524316602524679265e-01,-1.516229508106617940e-01,-3.975202074349500347e-01,8.366686494912936034e-01,1.664911392329662398e-01,-9.269672198395473295e-01,5.224926399754706852e-01,5.328172068020979868e-01,6.951892675481614603e-01,1.000000000000000000e+00,2.946013071132392303e-01,-3.374074070821877352e-02,1.226701509514114760e-02,9.556686250748773759e-01,3.986937231698638451e-01,6.577205360345345087e-01,-8.903841799999999695e-01,-2.779725692035459050e-01,7.547683931612249042e-01,4.770243880410374865e-02,-8.687058584061110311e-01,2.010981566867073300e-02,-1.478560541469995659e-01,1.004730553007845278e-01,3.573232371362181636e-01,6.847022702611306189e-01,-5.871755432628597005e-01
1.971635819644002030e-01,4.310262312778416760e-01,1.187305198004984796e-01,-2.461892382962375114e-01,2.773631715573566248e-01,3.049296123261607261e-01,-1.112163425743911693e-01,-4.458529175706659187e-01,-1.987685179723170936e-01,4.311484255541706001e-01,-2.942755867097259226e-01,-2.396180552897796134e-01,4.421011003984802179e-01,2.439090378448013560e-02,8.339580407303168186e-02,3.632825303884543722e-01,-4.159108567824491010e-01,-4.508894168648923673e-01,-1.106997102054630422e-01,4.595094318324781379e-02,4.613436440284561513e-02,2.946013071132392303e-01,1.000000000000000000e+00,2.917502902508363194e-01,-1.793344779275515000e-01,4.596341896311029185e-01,5.062547122061838989e-01,5.969712350939749834e-01,-4.429402799999999640e-01,-5.700424455480490593e-01,5.993184385793517421e-01,7.312030122970340773e-02,-5.558652391431491147e-01,-9.505488557951090323e-02,1.005039714325055566e-01,2.142200907366724472e-01,-7.592187460281356326e-02,2.355584803969329177e-01,-4.604439586919658600e-01
3.675989475307839260e-03,-1.001245230916510548e-01,-6.294460417218893378e-01,5.245695842602342562e-01,-5.893151523379672740e-01,5.778819524124330365e-02,5.289011485705871207e-01,-9.807700412852617122e-02,-8.435759225874375766e-02,-2.907410385009525644e-01,2.130812647175456265e-01,-1.888763122871096323e-01,-1.830404097421484966e-01,5.609287614964331148e-01,1.795474226924587968e-01,-3.765488093572533779e-01,-2.191050832614868105e-01,-8.140521126587452194e-02,-4.509510809861538849e-01,-3.409224432169951930e-03,-2.931144135546785989e-01,-3.374074070821877352e-02,2.917502902508363194e-01,1.000000000000000000e+00,5.336590518183821630e-02,2.314229918998434929e-02,2.017865135458517811e-01,-2.977677217638500795e-01,-2.262034000000000544e-01,-7.991022461179200231e-01,2.466226965859950326e-01,4.754766305925011705e-01,-1.355271054859261415e-01,-2.370520213692666189e-01,-2.718174705574445960e-01,3.184492763224152645e-01,3.469785155651242299e-03,-3.648763719997527022e-01,-6.958609660629159199e-01
-3.057567359253264283e-01,-2.094290673030958783e-01,-2.504762906817197821e-01,-4.585915015555974694e-02,-4.418882870375074878e-01,4.300855353856198162e-04,-3.847921316906317002e-01,-1.401591060027742031e-01,-7.978229127838802892e-01,-3.275099269370324584e-01,-4.263620169989080222e-01,1.156455989819011598e-01,2.219771847541420623e-02,-1.563604703345649813e-02,1.203299296371441035e-01,-3.923699947267351301e-02,-1.246548692016496013e-01,1.577000881335218485e-01,2.992452168582209193e-01,-4.652511074171253314e-01,-2.756237438204699464e-01,1.226701509514114760e-02,-1.793344779275515000e-01,5.336590518183821630e-02,1.000000000000000000e+00,-4.556292010406390314e-02,4.406354964822879472e-01,-3.529001060633195630e-01,1.397437999999999736e-01,7.777281889165894857e-02,-2.064889788639004686e-01,-3.478569779796455430e-01,1.321601053677596838e-01,-3.506825216950509305e-01,-6.832287304294637487e-01,-3.919994881090310690e-02,2.910968643362002450e-01,2.900417820311823602e-02,1.888101563533048088e-01
3.948492571390857520e-01,8.728550777562666951e-01,5.731445409238510313e-01,-6.098322455070415149e-01,1.070422040273264486e-01,7.302156864305363315e-02,-8.565187911644964180e-02,-8.646122328182272998e-01,-1.514657600294395112e-01,8.330603439162622692e-01,-7.892814121181973563e-01,-3.037797971241204542e-01,6.736938748053087345e-01,-1.061222376583366295e-01,-2.403330482249103062e-01,8.871655785594271260e-01,1.371517592420993248e-01,-9.641384434101510914e-01,5.227662710905846000e-01,4.620044102681794551e-01,6.269258904156657097e-01,9.556686250748773759e-01,4.596341896311029185e-01,2.314229918998434929e-02,-4.556292010406390314e-02,1.000000000000000000e+00,4.752414869072947856e-01,7.255707284873330609e-01,-9.172894600000000009e-01,-3.966695786554132463e-01,8.725189909849805359e-01,6.418448965309218879e-02,-9.349230017582823571e-01,-1.334105596641216307e-01,-7.471279806179494110e-02,8.744160253349741313e-03,2.116495136768735130e-01,7.134795355082844681e-01,-6.087679998721153840e-01
-4.161297893882464072e-01,2.232069943410103507e-01,3.383843896839602294e-01,-6.107956149975377613e-01,-1.045145887015899167e-01,6.297860720348030794e-01,-2.305245336899238995e-01,-3.063865724636862797e-01,-4.824227196351611457e-01,3.580018039123831763e-01,-5.188650234802625327e-01,3.204432892028674096e-01,7.586800425221117417e-01,-4.210423727153937978e-01,-3.339815446469441840e-01,4.265222055734358975e-01,-1.954026969027202743e-01,-2.820201671046297931e-01,6.863901224141114032e-02,-2.063612412096067494e-01,-1.626593571241730096e-04,3.986937231698638451e-01,5.062547122061838989e-01,2.017865135458517811e-01,4.406354964822879472e-01,4.752414869072947856e-01,1.000000000000000000e+00,4.978764094177738908e-01,-2.233268999999999949e-01,-5.714546187000966171e-01,4.464206261262407271e-01,-5.327218833503031270e-01,-6.341607864452509791e-01,-2.961791185783784752e-01,-3.617878609285011399e-02,1.618349346431993685e-01,4.437570404029756443e-01,1.428347611977860976e-01,-2.203869312283091852e-01
5.902459685827943225e-02,6.690475490207292708e-01,8.180875108961571662e-01,-7.902334422946655224e-01,5.045534003920529864e-01,3.697980351195325199e-01,-1.640627447037579234e-01,-4.456955863432473519e-01,1.398337688712713023e-01,8.523211560472000459e-01,-4.798964252624935423e-01,4.684633612839723960e-02,7.731212875325288447e-01,-5.351877766385976232e-01,-4.691015174964315859e-01,8.102419620693998015e-01,2.885346083519653437e-03,-6.401682222272683243e-01,2.519146251047335028e-01,3.179921958001867832e-01,5.812478331017636446e-01,6.577205360345345087e-01,5.969712350939749834e-01,-2.977677217638500795e-01,-3.529001060633195630e-01,7.255707284873330609e-01,4.978764094177738908e-01,1.000000000000000000e+00,-5.220201199999999764e-01,-2.464466154087829874e-01,6.494384275366325010e-01,-2.622966021056154506e-01,-8.063808729293211464e-01,1.520825172923524760e-01,4.697070662300686372e-01,5.391940450615671787e-02,2.018585244589495009e-01,5.419054575306063715e-01,-2.375089493825534026e-01
-5.886602400000000568e-01,-8.644548400000000576e-01,-2.788773799999999525e-01,2.709322999999999038e-01,-3.442389999999995176e-02,2.072799599999999298e-01,-8.584004000000000634e-02,9.158431199999998995e-01,8.747944000000007492e-02,-6.615900399999999903e-01,6.579235199999999839e-01,5.814573000000000658e-01,-3.571113599999999888e-01,-2.124707399999999913e-01,6.609376000000000140e-02,-7.195034200000000046e-01,-6.994829999999996328e-02,9.819866600000000112e-01,-4.189703200000000072e-01,-5.821286800000000650e-01,-6.075016200000000754e-01,-8.903841799999999695e-01,-4.429402799999999640e-01,-2.262034000000000544e-01,1.397437999999999736e-01,-9.172894600000000009e-01,-2.233268999999999949e-01,-5.220201199999999764e-01,1.000000000000000000e+00,4.110552599999999224e-01,-8.431042600000000498e-01,-4.075775200000000265e-01,8.060915799999999187e-01,5.925435999999995040e-02,1.999089400000000349e-01,-9.139549999999996288e-02,-5.401297999999998822e-02,-6.795084799999999703e-01,7.746907999999999017e-01
5.708955531508046882e-02,-1.510084344601316797e-01,1.045866525685593823e-01,7.900594138848471282e-03,3.920384587573531587e-01,-4.723990319003410487e-01,-4.654972881088883518e-01,2.214194895905858829e-01,8.456979412665099893e-03,-2.282059191188818004e-01,6.123088323998839705e-02,-8.669554781815275168e-02,-3.787957747670758213e-01,-2.005041162271015143e-01,4.304477358069547926e-02,-6.451328580018324266e-02,1.577871650523165470e-01,3.509500880303677572e-01,2.134605331500464831e-01,4.053906344732217254e-02,7.552072802882704716e-02,-2.779725692035459050e-01,-5.700424455480490593e-01,-7.991022461179200231e-01,7.777281889165894857e-02,-3.966695786554132463e-01,-5.714546187000966171e-01,-2.464466154087829874e-01,4.110552599999999224e-01,1.000000000000000000e+00,-5.563377574144287019e-01,-2.183074513782341519e-01,6.023002833081809726e-01,2.657859638191689688e-01,-7.738324524345790989e-02,-1.693028022529389776e-01,-2.598228385267002394e-01,9.701870960251357534e-02,7.696663184643962596e-01
4.554851980672376954e-01,8.147365206630351464e-01,4.355560989594101651e-01,-4.973937981819941401e-01,1.748802146316105754e-01,3.614391853139749256e-02,-8.579410468613075935e-02,-7.443139942865169001e-01,-1.709413103458379268e-01,7.825410024339879422e-01,-6.254857329692578016e-01,-4.059366499804019091e-01,6.558111350935701411e-01,1.260996587922836101e-02,-1.421836457342526561e-01,7.021100466406144935e-01,2.287235747373188577e-01,-8.771955506527192581e-01,2.127412690930173267e-01,4.752450704860295971e-01,4.351815396988258366e-01,7.547683931612249042e-01,5.993184385793517421e-01,2.466226965859950326e-01,-2.064889788639004686e-01,8.725189909849805359e-01,4.464206261262407271e-01,6.494384275366325010e-01,-8.431042600000000498e-01,-5.563377574144287019e-01,1.000000000000000000e+00,9.029926325126015618e-02,-8.686021677038691102e-01,-2.685349290870132077e-01,-4.938832465912004754e-02,2.313177156736955231e-01,-2.437260581738580345e-02,4.881768507391752165e-01,-6.099445419573935601e-01
6.408551356057674564e-01,1.203837571974626236e-01,-5.444102727436375133e-01,6.838498570306414948e-01,-2.422719560437953945e-01,-4.842443511377395593e-01,4.997895275580893637e-01,-2.509073034211143916e-01,2.627499679240024033e-01,-1.522859233174401472e-01,1.865696686861258169e-01,-5.684390688687718241e-01,-5.476773600399598152e-01,7.747547110567273299e-01,4.832332349277896899e-01,-1.652289534673527793e-01,-1.206001153795322051e-01,-2.637403433534336039e-01,3.416449357730005909e-02,2.051346463966191025e-01,1.810990554542549757e-01,4.770243880410374865e-02,7.312030122970340773e-02,4.754766305925011705e-01,-3.478569779796455430e-01,6.418448965309218879e-02,-5.327218833503031270e-01,-2.622966021056154506e-01,-4.075775200000000265e-01,-2.183074513782341519e-01,9.029926325126015618e-02,1.000000000000000000e+00,5.177808108265058440e-02,1.773282963648772637e-01,-8.108787701370238910e-02,-1.258013533903609982e-01,-2.884295906789143826e-01,1.032740276799292006e-01,-5.921328976777383568e-01
-1.638916383197687177e-01,-7.467864011615903408e-01,-6.125539970648131716e-01,6.562885244020774111e-01,-8.843835554344481320e-02,-3.320242290739076618e-01,-6.713447470332542522e-02,6.862321384990481832e-01,2.899225561650081717e-02,-8.396643277137647576e-01,6.420367791312744377e-01,6.757824443025933769e-02,-7.843525882744036837e-01,2.254502482012851750e-01,3.643425019913481000e-01,-8.018974029461823916e-01,-7.047721369676629433e-02,8.605059458012151996e-01,-3.367856184425987998e-01,-3.711327010074337851e-01,-5.151765682888744813e-01,-8.687058584061110311e-01,-5.558652391431491147e-01,-1.355271054859261415e-01,1.321601053677596838e-01,-9.349230017582823571e-01,-6.341607864452509791e-01,-8.063808729293211464e-01,8.060915799999999187e-01,6.023002833081809726e-01,-8.686021677038691102e-01,5.177808108265058440e-02,1.000000000000000000e+00,1.379708346075769754e-01,-1.256334129659196497e-01,-7.123351082962953162e-02,-3.423424530590388204e-01,-5.649778911082157240e-01,6.473750449906843230e-01
-1.576480348601939641e-01,1.476351093148042248e-01,4.945580610516697034e-02,1.553869013026961676e-01,4.280746490719364306e-02,-1.439158762248439194e-01,2.008098449270574459e-01,1.205343528383076290e-01,5.010230871555212406e-01,-4.496934371109134743e-02,3.078747649881154458e-01,3.806127147961092892e-03,-3.140735303545642565e-01,-2.003900542400080254e-01,-4.052809790257452804e-01,-4.914431237439473299e-02,-3.534672888128298496e-02,7.475796869601424033e-02,-1.855305128215120058e-01,1.636961563456936219e-01,4.520582306477647916e-01,2.010981566867073300e-02,-9.505488557951090323e-02,-2.370520213692666189e-01,-3.506825216950509305e-01,-1.334105596641216307e-01,-2.961791185783784752e-01,1.520825172923524760e-01,5.925435999999995040e-02,2.657859638191689688e-01,-2.685349290870132077e-01,1.773282963648772637e-01,1.379708346075769754e-01,1.000000000000000000e+00,4.352854493631114208e-01,2.927506229458700648e-01,1.536166992121630881e-01,-1.058053528637180607e-01,5.251058776762555086e-02
-1.812745509569217983e-01,-7.362426923454411243e-02,4.306577417806339847e-01,-2.470858544146781188e-01,3.866862319174754203e-01,4.277887309961330708e-01,2.121931290949418403e-01,4.132768942293351677e-01,6.552971218436891565e-01,3.075600586775252276e-01,3.546485481215899127e-01,4.752844651634763884e-01,2.452192707063402533e-01,-4.387884159353510061e-01,-2.756000099316530116e-01,9.715923562884241915e-02,3.994398214707231554e-02,1.231955876018227952e-01,-1.502874243215475136e-01,-6.119097438441099823e-02,2.438950376679675514e-01,-1.478560541469995659e-01,1.005039714325055566e-01,-2.718174705574445960e-01,-6.832287304294637487e-01,-7.471279806179494110e-02,-3.617878609285011399e-02,4.697070662300686372e-01,1.999089400000000349e-01,-7.738324524345790989e-02,-4.938832465912004754e-02,-8.108787701370238910e-02,-1.256334129659196497e-01,4.352854493631114208e-01,1.000000000000000000e+00,-1.827256114404642029e-01,4.576474467182493899e-02,-6.429951402338915378e-02,1.270593228488979543e-01
-2.781729038961030520e-01,2.592273633001904720e-01,-1.004493006058408966e-01,7.820575295785170411e-02,-8.976543315766594144e-02,-1.934994685632782374e-01,5.999956548899153946e-02,-7.188825859486391856e-02,-1.046386274071786637e-02,-7.318022369144294714e-02,1.256726888025854194e-01,-2.334543836270204231e-01,-8.131156447011951560e-02,-1.700569157616729221e-01,-5.220559500390471452e-01,-1.617704709871057578e-01,8.252348575524162677e-02,-5.692683404855155421e-02,-6.011011176268600265e-01,3.818826937421426204e-01,1.168640453947843577e-01,1.004730553007845278e-01,2.142200907366724472e-01,3.184492763224152645e-01,-3.919994881090310690e-02,8.744160253349741313e-03,1.618349346431993685e-01,5.391940450615671787e-02,-9.139549999999996288e-02,-1.693028022529389776e-01,2.313177156736955231e-01,-1.258013533903609982e-01,-7.123351082962953162e-02,2.927506229458700648e-01,-1.827256114404642029e-01,1.000000000000000000e+00,1.030593638564215875e-01,-3.068079871948564130e-01,-1.611332982884710607e-01
-5.736923283736534707e-01,2.897367774000815521e-02,2.741131354877263671e-01,-2.855523068456513602e-01,-4.974819511482928003e-01,4.113460532712824858e-01,3.714866639263370018e-01,4.112609559805707748e-02,1.422806841186305959e-01,1.484381500141238042e-01,-1.370943711786483943e-01,5.742213213261611049e-01,2.857873830031525952e-01,-4.012640507293226966e-01,-5.541361427539749362e-01,1.190540148606635540e-01,1.189799134391363034e-02,-6.690980505048430005e-02,2.194634929304337678e-01,-2.233700578630538336e-01,2.028519484484918867e-01,3.573232371362181636e-01,-7.592187460281356326e-02,3.469785155651242299e-03,2.910968643362002450e-01,2.116495136768735130e-01,4.437570404029756443e-01,2.018585244589495009e-01,-5.401297999999998822e-02,-2.598228385267002394e-01,-2.437260581738580345e-02,-2.884295906789143826e-01,-3.423424530590388204e-01,1.536166992121630881e-01,4.576474467182493899e-02,1.030593638564215875e-01,1.000000000000000000e+00,7.613248168762339063e-02,-2.120461261199283465e-01
4.999478526459911754e-01,6.200003518356328458e-01,4.815560658590614662e-01,-4.890976029644908407e-01,4.167140903101105298e-01,-2.659155480321665488e-01,-2.645454294695556152e-01,-7.193437684678840593e-01,-1.977250932051277665e-01,6.241358338185346577e-01,-7.862604434174381707e-01,-3.640783838835028319e-01,3.603497190966282737e-01,-9.199040413375227099e-02,6.414546718112762447e-02,8.268962730898913316e-01,-2.670841095866399034e-02,-7.358871080503456286e-01,7.874376862204475191e-01,2.823090654320839499e-01,5.963972614288476359e-01,6.847022702611306189e-01,2.355584803969329177e-01,-3.648763719997527022e-01,2.900417820311823602e-02,7.134795355082844681e-01,1.428347611977860976e-01,5.419054575306063715e-01,-6.795084799999999703e-01,9.701870960251357534e-02,4.881768507391752165e-01,1.032740276799292006e-01,-5.649778911082157240e-01,-1.058053528637180607e-01,-6.429951402338915378e-02,-3.068079871948564130e-01,7.613248168762339063e-02,1.000000000000000000e+00,-2.426525751777259265e-01
-3.000544997255059632e-01,-4.620482873344664565e-01,1.232470990534071109e-01,-1.415334387409037942e-01,3.495185773845800870e-01,-2.676326506046122419e-02,-5.902834376297562136e-01,5.747151588258280208e-01,-1.392995785282849230e-01,-2.983751773563970144e-01,1.911442574931777882e-01,3.358008871667851336e-01,-1.081336486807716185e-01,-4.133016856840346365e-01,2.245251826709775481e-02,-2.369414071900577401e-01,1.744160710404274728e-01,6.762560345492110159e-01,-2.352287889796771114e-02,-3.804304229430718332e-01,-2.663323271832579997e-01,-5.871755432628597005e-01,-4.604439586919658600e-01,-6.958609660629159199e-01,1.888101563533048088e-01,-6.087679998721153840e-01,-2.203869312283091852e-01,-2.375089493825534026e-01,7.746907999999999017e-01,7.696663184643962596e-01,-6.099445419573935601e-01,-5.921328976777383568e-01,6.473750449906843230e-01,5.251058776762555086e-02,1.270593228488979543e-01,-1.611332982884710607e-01,-2.120461261199283465e-01,-2.426525751777259265e-01,1.000000000000000000e+00
