1.000000000000000000e+00,-4.127082191217610885e-01,8.676510745480795483e-01,-1.253927973301569576e-01,5.309352400000000305e-01,-1.865914386194037489e-01,-2.964199875737004164e-01,7.697451535085577667e-01,7.704048558946732794e-02,4.731151686922406285e-01,-3.976500097686184731e-01,-5.812784949824225667e-01,-8.234453314402678803e-02,4.961723493301086751e-01,2.449353641301823051e-02,3.628059651738905211e-01,-7.060432521330798350e-01,-5.210024359814700023e-01,-2.034512875718547109e-01,-8.968113473731561536e-01,1.842131354627714601e-01,-3.349816822207937195e-01,6.832647541088452403e-01,2.954184217218581709e-01,2.077011202834018744e-01,7.163338323893276849e-01,-8.513744339030475672e-01,-3.844423449925726266e-01,7.541043620448912854e-01,6.243468421134933805e-02,-3.362532487755371946e-01,-1.682736617004801649e-01,3.821021819366668404e-01,5.451641819130488391e-03,-6.635987715629456662e-01,-4.115586380109739761e-01,5.655803933637677527e-01,-3.215645261896455942e-01,2.547275138719294341e-01
-4.127082191217610885e-01,1.000000000000000000e+00,-3.047339913018918822e-01,3.022528052675604315e-01,-8.226772000000004414e-02,3.383385921084658410e-02,-8.012560406340113461e-02,-1.006806029654559453e-01,5.574957070171582263e-04,-3.693678802117996707e-01,3.045514082593999694e-01,2.403625292756665921e-01,2.534671326572190408e-01,-1.156506577931557533e-01,5.658360124448134076e-01,-4.027401703041499914e-03,1.961549229332814337e-01,-1.980004761662051693e-01,2.233384797117001774e-01,3.678961385430674635e-01,-4.808927493548789123e-01,3.814623346147023031e-01,-5.693175469353111140e-01,-2.670884655365809435e-01,-7.330498599243098767e-02,-1.727988440588826280e-01,5.904479761046230735e-01,3.504083619925925097e-01,-4.116757247481318549e-01,8.256437084774612134e-02,-1.084160675352416892e-01,5.747662303718836796e-01,3.786732158446987073e-01,1.468307132667368009e-01,1.901509165205869101e-01,-4.070362440918465774e-01,-3.520597863618791790e-01,-2.429347594151504142e-02,-2.350035415159589247e-01
8.676510745480795483e-01,-3.047339913018918822e-01,1.000000000000000000e+00,2.348901963390968850e-01,8.704966400000000437e-01,-6.155423791161427349e-01,-6.336660930518278612e-01,9.218986317228100580e-01,4.099851919160186764e-01,6.135877745947015960e-01,-7.744503758127775639e-02,-1.580380591261453249e-01,-2.032935496857344870e-01,7.121465443988523880e-01,2.790881392279351281e-01,7.634394210802230019e-01,-8.938563687387306445e-01,-2.545417410511927048e-01,-6.039906341469643003e-01,-7.504681276225915187e-01,1.005523500683804528e-01,1.196753146955344821e-01,6.632166574994594610e-01,5.223588164047627824e-01,3.930666547806034861e-01,7.391895185592428641e-01,-7.524576384684809049e-01,-3.610082122237479041e-01,7.457873199387651253e-01,3.368150282865745027e-01,-5.703995056865694968e-01,-1.710984560709163105e-01,3.458759200780460730e-01,-9.619584060166885831e-02,-7.217374065383419524e-01,-4.340389583863240586e-01,3.353236776447902634e-01,-4.107482905891184366e-01,-1.378421001816346192e-01
-1.253927973301569576e-01,3.022528052675604315e-01,2.348901963390968850e-01,1.000000000000000000e+00,4.721066000000000429e-01,-5.097096559021448980e-01,-2.780828321777144563e-01,3.343498865681663879e-01,4.564720198172147470e-01,-1.871768641147043832e-01,8.034059348439011039e-01,5.229803832203241409e-01,-3.226540001786787903e-01,2.692102822676813167e-02,8.377268184400313844e-01,5.482389336709811989e-01,-3.695997051366952113e-01,7.129804073189582869e-02,-5.605269229303401213e-01,3.941426127506227894e-01,9.004822504666035177e-02,7.273340138076103134e-01,1.132101570037192528e-01,1.603433671714379616e-01,5.108667520647270921e-01,2.628286745497349780e-02,1.265187568826195985e-01,1.769190258445518804e-01,-2.755463219925004537e-01,5.422831911769027124e-01,-8.594519056411009661e-02,-2.094948763781736834e-01,-3.443190427240065965e-01,5.657651235379591165e-02,-2.361685992937357370e-01,-1.922224095350020742e-02,-7.671037246750183058e-01,-6.175798396454037498e-01,-6.237220304878462462e-01
5.309352400000000305e-01,-8.226772000000004414e-02,8.704966400000000437e-01,4.721066000000000429e-01,1.000000000000000000e+00,-9.094845400000000080e-01,-8.678633199999999936e-01,8.652559399999999457e-01,6.636784799999999596e-01,6.297227199999999581e-01,1.630352600000000152e-01,3.138293400000000677e-01,-2.802850799999999643e-01,7.930536200000000147e-01,4.610664399999999663e-01,9.813894999999999147e-01,-8.543649199999999722e-01,9.328007999999998745e-02,-8.397289999999999477e-01,-4.461074600000000112e-01,-1.098972200000000177e-01,5.271260200000000840e-01,4.440096600000000837e-01,6.135935800000000828e-01,3.977994600000001046e-01,6.461345999999998924e-01,-4.609378800000000220e-01,-2.810082600000000097e-01,6.044243400000000044e-01,5.244588800000000717e-01,-7.070230399999999360e-01,-6.523546000000002287e-02,3.069472799999999335e-01,-2.482494800000000224e-01,-5.773181199999999347e-01,-3.923318999999999557e-01,1.051794200000000234e-01,-3.047822599999999715e-01,-4.767681000000000280e-01
-1.865914386194037489e-01,3.383385921084658410e-02,-6.155423791161427349e-01,-5.097096559021448980e-01,-9.094845400000000080e-01,1.000000000000000000e+00,8.685649943378258575e-01,-6.478601082225777796e-01,-7.521126990080868602e-01,-5.823303634755370162e-01,-2.310682004650788379e-01,-6.511208126995601253e-01,3.566060075689120312e-01,-7.434069633321537252e-01,-4.370828206188700493e-01,-9.624161478492311295e-01,6.468796431377035194e-01,-4.427264748622850576e-01,9.073961749125031284e-01,1.342189377400239136e-01,1.894086311292654812e-01,-6.832759976161845161e-01,-2.184132851651083285e-01,-5.665216700527321292e-01,-2.854860869857194228e-01,-5.052856133639573866e-01,2.090852556630715398e-01,2.366801293479133539e-01,-4.384333966647299130e-01,-5.796852267322757379e-01,6.297609329458846439e-01,8.310667721490941351e-02,-1.672868446614326765e-01,3.108327446943404682e-01,3.816064749451180682e-01,1.974789080891857507e-01,4.737934938112840777e-02,6.694050361862650955e-02,6.046796652987711518e-01
-2.964199875737004164e-01,-8.012560406340113461e-02,-6.336660930518278612e-01,-2.780828321777144563e-01,-8.678633199999999936e-01,8.685649943378258575e-01,1.000000000000000000e+00,-6.542135156850701350e-01,-5.806060373866588353e-01,-6.297774888092945167e-01,-1.525892680446882532e-01,-4.260352184267774400e-01,1.404509258640945779e-01,-7.285729116437563713e-01,-3.560052845553128842e-01,-8.913403698339498193e-01,6.476092285449018826e-01,-2.044198216248283573e-01,6.428037897946676793e-01,3.887201165621967935e-01,4.985169325671209850e-01,-6.092574643749646413e-01,-1.128912660983108357e-01,-5.716356148131989112e-01,-2.711099496995222902e-01,-4.577931980180984795e-01,1.265664856531966975e-01,7.776475943883900954e-02,-4.786755763787197138e-01,-2.686825673796101599e-01,7.991815893864911979e-01,-3.287868928253242506e-01,-3.576940853376504581e-01,2.865555708785067490e-01,2.631581814662730667e-01,5.063685504860905295e-01,-1.826870926954036189e-01,1.291219764087832289e-01,6.238106546912064454e-01
7.697451535085577667e-01,-1.006806029654559453e-01,9.218986317228100580e-01,3.343498865681663879e-01,8.652559399999999457e-01,-6.478601082225777796e-01,-6.542135156850701350e-01,1.000000000000000000e+00,4.388746445857906187e-01,5.084726283710795380e-01,-6.637404271886143681e-02,-2.347235973062605091e-02,-1.141095618217157492e-01,7.639551353777238596e-01,4.433952066542335979e-01,7.847802533595245045e-01,-8.058520139543533523e-01,-2.538953697912756380e-01,-6.222358395901231853e-01,-6.222700625145660691e-01,7.740289616565457220e-02,2.261789315615003459e-01,5.712924133547752081e-01,3.555751677545573863e-01,3.894436122538746381e-01,7.351751240326477310e-01,-6.608867699768337101e-01,-2.988481234529548058e-01,6.444910585104969281e-01,4.158939722178871534e-01,-4.762727817284671539e-01,-2.007087559302859481e-01,4.221958570140477152e-01,-2.565628142707794823e-01,-6.363988241953428826e-01,-5.560622624179226703e-01,2.183327062284656783e-01,-3.411616287237260181e-01,-1.643408883942504839e-01
7.704048558946732794e-02,5.574957070171582263e-04,4.099851919160186764e-01,4.564720198172147470e-01,6.636784799999999596e-01,-7.521126990080868602e-01,-5.806060373866588353e-01,4.388746445857906187e-01,1.000000000000000000e+00,6.146124074583525498e-01,1.100764720112175493e-01,5.012858746872452809e-01,-7.024082067418119246e-01,3.564058902973447074e-01,2.539251191694061882e-01,6.956274994144742152e-01,-6.786116432073803217e-01,5.891750922333846008e-01,-7.899003316529275009e-01,1.154132868523368716e-01,-6.832711128784046961e-02,3.741518082248779797e-01,4.244181885268948351e-01,7.319983786969244122e-01,-2.254363132377797674e-01,6.010165668003086825e-01,-3.127994270416511458e-01,-6.215458802360718238e-01,5.000867962578406933e-01,8.381868977961567380e-01,-6.623547095971527021e-01,-8.612932705202260009e-02,1.507940752038219034e-01,-1.256232607725648043e-01,-3.947260342840646086e-01,5.175763176253648373e-02,2.661091625718651349e-02,4.734175983917361663e-02,-1.953462037353530800e-01
4.731151686922406285e-01,-3.693678802117996707e-01,6.135877745947015960e-01,-1.871768641147043832e-01,6.297227199999999581e-01,-5.823303634755370162e-01,-6.297774888092945167e-01,5.084726283710795380e-01,6.146124074583525498e-01,1.000000000000000000e+00,-3.390936407474414160e-01,2.010565597556675937e-02,-2.963257049108892205e-01,5.997527371214524949e-01,-2.989324521676631763e-01,5.725554712556123471e-01,-6.797336683344603614e-01,3.589644143837599777e-01,-5.593397370756598708e-01,-5.020510519063834387e-01,-1.588766566219601273e-01,-5.625579653026194921e-02,5.653556086191171559e-01,7.381347305895388233e-01,-2.488297139609383368e-01,6.392324714354040704e-01,-6.059732040260454866e-01,-6.441848712280614508e-01,8.595196968049860775e-01,4.034975204014222827e-01,-7.764143252677744300e-01,3.417043907169464712e-02,4.505234664003180400e-01,-1.114610998081752014e-01,-4.967003922877450961e-01,-2.382757192007454172e-01,6.470898497860032572e-01,1.986969367413982390e-01,5.290911208178414316e-02
-3.976500097686184731e-01,3.045514082593999694e-01,-7.744503758127775639e-02,8.034059348439011039e-01,1.630352600000000152e-01,-2.310682004650788379e-01,-1.525892680446882532e-01,-6.637404271886143681e-02,1.100764720112175493e-01,-3.390936407474414160e-01,1.000000000000000000e+00,4.546787917145377333e-01,-2.868849260677705168e-02,-2.587141917036850924e-01,5.771877536584774093e-01,2.666906110976984268e-01,-5.209523303067681299e-02,4.949887024633657651e-02,-2.248596032499187991e-01,4.735247848492334377e-01,-7.271079803044885881e-02,7.433429668912885369e-01,-1.658959130134718130e-01,6.322691752132311716e-02,5.909431055986366088e-01,-4.875378728229636249e-01,4.902623943405788332e-01,5.518439141644659873e-01,-6.000292948141735527e-01,9.492177928272382825e-02,2.898872880101958580e-03,8.383365623946226197e-02,-5.495082674653900545e-01,1.545265011850796288e-01,1.026975916033733005e-01,1.147014155132291408e-02,-8.368246480516567942e-01,-6.832614846824045518e-01,-7.661926066972070126e-01
-5.812784949824225667e-01,2.403625292756665921e-01,-1.580380591261453249e-01,5.229803832203241409e-01,3.138293400000000677e-01,-6.511208126995601253e-01,-4.260352184267774400e-01,-2.347235973062605091e-02,5.012858746872452809e-01,2.010565597556675937e-02,4.546787917145377333e-01,1.000000000000000000e+00,-1.883672886396347002e-01,2.557094544464325048e-01,3.805630190289229775e-01,4.837137293140443828e-01,7.268286671020872391e-02,7.264789190352820558e-01,-5.740051536842230018e-01,5.718917762927425708e-01,-1.850568532286375745e-01,8.104613418175597994e-01,-3.739720654230265784e-01,7.618607622287024150e-02,1.518144093554253393e-01,-1.282461749568836185e-01,4.640659768589829870e-01,1.267266980778017915e-01,-2.600595074314218103e-01,3.668470522923097943e-01,-1.142778331948690468e-01,-6.176819753056199402e-02,-2.122573479671521768e-01,-3.267576101397132171e-01,1.645433175492525824e-01,1.827363187530385291e-01,-5.349588870743322566e-01,2.036043648735969547e-01,-6.678928631546993122e-01
-8.234453314402678803e-02,2.534671326572190408e-01,-2.032935496857344870e-01,-3.226540001786787903e-01,-2.802850799999999643e-01,3.566060075689120312e-01,1.404509258640945779e-01,-1.141095618217157492e-01,-7.024082067418119246e-01,-2.963257049108892205e-01,-2.868849260677705168e-02,-1.883672886396347002e-01,1.000000000000000000e+00,1.092442903045366398e-01,-1.124642162281817986e-01,-2.766765516639662636e-01,5.011358221834225635e-01,-4.545755967589178992e-01,4.482909518157499607e-01,-1.881891682344040972e-01,-1.053975976624619976e-01,-5.893949637384347448e-03,-4.403667962216275544e-01,-6.058738059635300210e-01,3.348440815828419015e-01,-5.089206786349971257e-01,3.246192726712176513e-01,6.339049900326025888e-01,-3.490511894347718691e-01,-6.230157780907025211e-01,2.989368532994826078e-01,2.087972773547324967e-01,2.319393478879547832e-01,-1.953645978813109141e-01,2.381436312768279440e-01,-3.477841120979294209e-01,-8.657925147288214954e-03,2.771502232635732893e-02,-6.088771879734230369e-02
4.961723493301086751e-01,-1.156506577931557533e-01,7.121465443988523880e-01,2.692102822676813167e-02,7.930536200000000147e-01,-7.434069633321537252e-01,-7.285729116437563713e-01,7.639551353777238596e-01,3.564058902973447074e-01,5.997527371214524949e-01,-2.587141917036850924e-01,2.557094544464325048e-01,1.092442903045366398e-01,1.000000000000000000e+00,1.622685198089871272e-01,7.709895999038743897e-01,-4.963035660446130093e-01,7.813010005249594603e-02,-6.408164876780316765e-01,-5.694307340714945820e-01,-5.114488505633340426e-02,3.173201581187549691e-01,2.024582450482796114e-01,2.809341653005877348e-01,2.854553372907468467e-01,5.772261790613471000e-01,-4.334528224096241278e-01,-2.519948862000721546e-01,6.350374804187679523e-01,2.711079698559268891e-01,-4.843192169901978650e-01,-1.252715728161745701e-01,5.711890484117958522e-01,-4.887728874355387609e-01,-4.138177338546324968e-01,-4.078094568031754297e-01,3.508064894290225944e-01,1.576737068333016467e-01,-2.333567934931981280e-01
2.449353641301823051e-02,5.658360124448134076e-01,2.790881392279351281e-01,8.377268184400313844e-01,4.610664399999999663e-01,-4.370828206188700493e-01,-3.560052845553128842e-01,4.433952066542335979e-01,2.539251191694061882e-01,-2.989324521676631763e-01,5.771877536584774093e-01,3.805630190289229775e-01,-1.124642162281817986e-01,1.622685198089871272e-01,1.000000000000000000e+00,5.132066480660302243e-01,-3.040646039999290728e-01,-2.509047602311166858e-01,-3.272711709275047953e-01,1.647408559580505749e-01,-1.585926355933779952e-01,6.553504519269333084e-01,-1.272772016677904128e-01,-8.109476559077455349e-02,5.010009280691821720e-01,1.650469149240328670e-01,1.941433519264074425e-01,3.112940205374102876e-01,-2.366156793496066724e-01,3.308015957009344810e-01,-9.358708650719632649e-02,5.400514242097580880e-02,-1.654154336447969179e-02,7.450722918640337311e-02,-2.248188502807154376e-01,-3.354470560379432809e-01,-6.009239011422594645e-01,-5.363393830102748394e-01,-5.762439082195760509e-01
3.628059651738905211e-01,-4.027401703041499914e-03,7.634394210802230019e-01,5.482389336709811989e-01,9.813894999999999147e-01,-9.624161478492311295e-01,-8.913403698339498193e-01,7.847802533595245045e-01,6.956274994144742152e-01,5.725554712556123471e-01,2.666906110976984268e-01,4.837137293140443828e-01,-2.766765516639662636e-01,7.709895999038743897e-01,5.132066480660302243e-01,1.000000000000000000e+00,-7.686564990192618074e-01,2.129451730674715160e-01,-8.755825198359472594e-01,-2.945898654878291723e-01,-1.640043308479804118e-01,6.619077196984091138e-01,3.202494230031098787e-01,5.833479393411405978e-01,4.106398786741947138e-01,5.468991174197852523e-01,-3.084451366432974795e-01,-2.012930366221313827e-01,4.852346953013945696e-01,5.445742396268247187e-01,-6.822113596658865298e-01,-4.359678974963321352e-02,2.409112631610575150e-01,-2.835735602088587104e-01,-4.832261159243602666e-01,-3.419223267137700972e-01,-1.985915953037817316e-02,-2.624551451328382412e-01,-5.953692768378696654e-01
-7.060432521330798350e-01,1.961549229332814337e-01,-8.938563687387306445e-01,-3.695997051366952113e-01,-8.543649199999999722e-01,6.468796431377035194e-01,6.476092285449018826e-01,-8.058520139543533523e-01,-6.786116432073803217e-01,-6.797336683344603614e-01,-5.209523303067681299e-02,7.268286671020872391e-02,5.011358221834225635e-01,-4.963035660446130093e-01,-3.040646039999290728e-01,-7.686564990192618074e-01,1.000000000000000000e+00,5.770177035543597177e-02,6.667613147560356168e-01,5.195485487453261886e-01,2.273945051582071386e-02,-1.610132017849915109e-01,-7.419955305857012240e-01,-7.642374782855569926e-01,-1.549425504766684947e-01,-7.643721999918383636e-01,6.921523991230390527e-01,5.185633354087642033e-01,-7.386668317310494114e-01,-5.731084370260566274e-01,7.492821892790175742e-01,4.645203324925712557e-02,-2.795416182697685326e-01,-1.917838554661571715e-02,7.001266176119106399e-01,3.358520407411959008e-01,-2.793945854931839667e-01,4.345659022586618181e-01,1.436494555849082144e-01
-5.210024359814700023e-01,-1.980004761662051693e-01,-2.545417410511927048e-01,7.129804073189582869e-02,9.328007999999998745e-02,-4.427264748622850576e-01,-2.044198216248283573e-01,-2.538953697912756380e-01,5.891750922333846008e-01,3.589644143837599777e-01,4.949887024633657651e-02,7.264789190352820558e-01,-4.545755967589178992e-01,7.813010005249594603e-02,-2.509047602311166858e-01,2.129451730674715160e-01,5.770177035543597177e-02,1.000000000000000000e+00,-4.911710891919416344e-01,5.108468796744409790e-01,-4.974468136443528643e-02,2.960387015449179593e-01,-5.654504185134771183e-02,3.577214527477639572e-01,-3.640342356951637437e-01,-1.303885949272064887e-02,1.594779238968727086e-01,-3.459951452789576942e-01,5.966346695970536906e-02,4.180346177608511016e-01,-1.829017806493112852e-01,-1.679314872273663661e-01,-2.290637848352303219e-01,-2.458559675060856820e-01,1.531827025308016010e-01,4.945959165215211284e-01,-8.910323772696035483e-02,5.302621993652301136e-01,-1.876859008829942776e-01
-2.034512875718547109e-01,2.233384797117001774e-01,-6.039906341469643003e-01,-5.605269229303401213e-01,-8.397289999999999477e-01,9.073961749125031284e-01,6.428037897946676793e-01,-6.222358395901231853e-01,-7.899003316529275009e-01,-5.593397370756598708e-01,-2.248596032499187991e-01,-5.740051536842230018e-01,4.482909518157499607e-01,-6.408164876780316765e-01,-3.272711709275047953e-01,-8.755825198359472594e-01,6.667613147560356168e-01,-4.911710891919416344e-01,1.000000000000000000e+00,3.940246132888060304e-02,-1.128995437152936071e-01,-5.506577419931263373e-01,-4.752179708789810997e-01,-5.949156475592688453e-01,-2.573072891558211839e-01,-4.923986321962690038e-01,3.971711172590454697e-01,4.050778789451279227e-01,-4.533193396801789010e-01,-7.516620309241174303e-01,4.873226842387512470e-01,4.041440015811857966e-01,-2.238245824676140389e-02,3.788158176269571520e-01,4.604495172297708994e-01,-2.889392093034966885e-02,9.687240059366110378e-02,1.028440797107744858e-01,4.186479251397138834e-01
-8.968113473731561536e-01,3.678961385430674635e-01,-7.504681276225915187e-01,3.941426127506227894e-01,-4.461074600000000112e-01,1.342189377400239136e-01,3.887201165621967935e-01,-6.222700625145660691e-01,1.154132868523368716e-01,-5.020510519063834387e-01,4.735247848492334377e-01,5.718917762927425708e-01,-1.881891682344040972e-01,-5.694307340714945820e-01,1.647408559580505749e-01,-2.945898654878291723e-01,5.195485487453261886e-01,5.108468796744409790e-01,3.940246132888060304e-02,1.000000000000000000e+00,4.722314214839640201e-02,3.055879828922608010e-01,-4.186773980486211411e-01,-2.425110082038650638e-01,-2.110486591391860234e-01,-5.300939661806235437e-01,6.486361544849099658e-01,1.984969768422295555e-01,-7.093746161947971363e-01,2.381977201220696339e-01,3.995738549899750525e-01,-1.061591865358403886e-01,-5.025213140299051862e-01,9.064885125412042166e-02,4.354526238480528888e-01,5.094648877210069537e-01,-7.152587655278249690e-01,1.616426423096530840e-01,-1.664605724825794497e-01
1.842131354627714601e-01,-4.808927493548789123e-01,1.005523500683804528e-01,9.004822504666035177e-02,-1.098972200000000177e-01,1.894086311292654812e-01,4.985169325671209850e-01,7.740289616565457220e-02,-6.832711128784046961e-02,-1.588766566219601273e-01,-7.271079803044885881e-02,-1.850568532286375745e-01,-1.053975976624619976e-01,-5.114488505633340426e-02,-1.585926355933779952e-01,-1.640043308479804118e-01,2.273945051582071386e-02,-4.974468136443528643e-02,-1.128995437152936071e-01,4.722314214839640201e-02,1.000000000000000000e+00,-2.778185244563909362e-01,3.962942471717945669e-01,-1.231963691983972847e-01,1.750051795878653227e-01,2.557254410565183711e-02,-4.403983690029177334e-01,-2.668645471198539121e-01,1.549286737691252247e-02,1.622020942517228559e-01,5.152631218634411425e-01,-8.269751506816456210e-01,-3.071846320422854104e-01,2.117714448869931210e-02,-2.103979580818708672e-01,4.462719111933832195e-01,-1.827694886490704440e-01,-7.853835556043961552e-02,4.006187821858144815e-01
-3.349816822207937195e-01,3.814623346147023031e-01,1.196753146955344821e-01,7.273340138076103134e-01,5.271260200000000840e-01,-6.832759976161845161e-01,-6.092574643749646413e-01,2.261789315615003459e-01,3.741518082248779797e-01,-5.625579653026194921e-02,7.433429668912885369e-01,8.104613418175597994e-01,-5.893949637384347448e-03,3.173201581187549691e-01,6.553504519269333084e-01,6.619077196984091138e-01,-1.610132017849915109e-01,2.960387015449179593e-01,-5.506577419931263373e-01,3.055879828922608010e-01,-2.778185244563909362e-01,1.000000000000000000e+00,-3.061266853819549216e-01,1.455884589682334140e-01,5.667311591543288118e-01,-1.764218300014825380e-01,4.484222103445793528e-01,3.888297065543711573e-01,-2.966879694407322243e-01,2.323628161689311744e-01,-2.739358371892879340e-01,1.459753170139754253e-01,-1.572616104508897661e-01,-2.858643312017903337e-01,7.178791171495925438e-02,-1.631293621182271503e-01,-6.219853104126663590e-01,-3.031992305134842969e-01,-9.186108475064347356e-01
6.832647541088452403e-01,-5.693175469353111140e-01,6.632166574994594610e-01,1.132101570037192528e-01,4.440096600000000837e-01,-2.184132851651083285e-01,-1.128912660983108357e-01,5.712924133547752081e-01,4.244181885268948351e-01,5.653556086191171559e-01,-1.658959130134718130e-01,-3.739720654230265784e-01,-4.403667962216275544e-01,2.024582450482796114e-01,-1.272772016677904128e-01,3.202494230031098787e-01,-7.419955305857012240e-01,-5.654504185134771183e-02,-4.752179708789810997e-01,-4.186773980486211411e-01,3.962942471717945669e-01,-3.061266853819549216e-01,1.000000000000000000e+00,5.695612651230502754e-01,-1.760565775906073466e-02,5.849520101162448693e-01,-8.954192557462025137e-01,-6.494478166663995022e-01,6.695351573739525275e-01,5.142680490566923224e-01,-3.082648228735150875e-01,-4.813758315751157091e-01,3.397587903028637113e-02,-4.706659141587066220e-02,-6.018836272847272184e-01,-1.715134477975767402e-02,3.502005767460865115e-01,-3.141070364133466408e-01,3.192845752147092653e-01
2.954184217218581709e-01,-2.670884655365809435e-01,5.223588164047627824e-01,1.603433671714379616e-01,6.135935800000000828e-01,-5.665216700527321292e-01,-5.716356148131989112e-01,3.555751677545573863e-01,7.319983786969244122e-01,7.381347305895388233e-01,6.322691752132311716e-02,7.618607622287024150e-02,-6.058738059635300210e-01,2.809341653005877348e-01,-8.109476559077455349e-02,5.833479393411405978e-01,-7.642374782855569926e-01,3.577214527477639572e-01,-5.949156475592688453e-01,-2.425110082038650638e-01,-1.231963691983972847e-01,1.455884589682334140e-01,5.695612651230502754e-01,1.000000000000000000e+00,-1.519416366839050347e-01,4.861564357025160432e-01,-4.359445109038667665e-01,-5.450249470900111470e-01,6.338607898020165443e-01,5.428756101496795550e-01,-8.032623733982342529e-01,1.098112820462951722e-01,1.435240620217835827e-01,4.559524519163857433e-04,-2.858878847879642304e-01,1.949833831923486818e-02,3.434870008077903214e-01,-1.383188328576263060e-01,-1.437798546896338070e-01
2.077011202834018744e-01,-7.330498599243098767e-02,3.930666547806034861e-01,5.108667520647270921e-01,3.977994600000001046e-01,-2.854860869857194228e-01,-2.711099496995222902e-01,3.894436122538746381e-01,-2.254363132377797674e-01,-2.488297139609383368e-01,5.909431055986366088e-01,1.518144093554253393e-01,3.348440815828419015e-01,2.854553372907468467e-01,5.010009280691821720e-01,4.106398786741947138e-01,-1.549425504766684947e-01,-3.640342356951637437e-01,-2.573072891558211839e-01,-2.110486591391860234e-01,1.750051795878653227e-01,5.667311591543288118e-01,-1.760565775906073466e-02,-1.519416366839050347e-01,1.000000000000000000e+00,-2.309900438455344263e-01,6.327000588469396114e-02,5.757819990423159728e-01,-2.613869792387161217e-01,-2.195733112984079027e-01,1.290232217884640376e-01,-1.866027928591277862e-01,-3.134273224464695917e-01,-1.719192624136613168e-01,-1.094739037306519253e-01,-2.379315051519916846e-01,-4.850507059721341774e-01,-6.909895304833848506e-01,-6.539496380893009553e-01
7.163338323893276849e-01,-1.727988440588826280e-01,7.391895185592428641e-01,2.628286745497349780e-02,6.461345999999998924e-01,-5.052856133639573866e-01,-4.577931980180984795e-01,7.351751240326477310e-01,6.010165668003086825e-01,6.392324714354040704e-01,-4.875378728229636249e-01,-1.282461749568836185e-01,-5.089206786349971257e-01,5.772261790613471000e-01,1.650469149240328670e-01,5.468991174197852523e-01,-7.643721999918383636e-01,-1.303885949272064887e-02,-4.923986321962690038e-01,-5.300939661806235437e-01,2.557254410565183711e-02,-1.764218300014825380e-01,5.849520101162448693e-01,4.861564357025160432e-01,-2.309900438455344263e-01,1.000000000000000000e+00,-7.625165007783967219e-01,-7.383218887056378632e-01,8.714048811790897631e-01,5.607285558762280520e-01,-5.419160576974855204e-01,-1.501137572052951008e-01,5.345272453180974770e-01,-1.818494826643290985e-02,-6.731014100447380022e-01,-2.506711096978130882e-01,5.362437702132032413e-01,9.055075975500137542e-02,2.582781783675053844e-01
-8.513744339030475672e-01,5.904479761046230735e-01,-7.524576384684809049e-01,1.265187568826195985e-01,-4.609378800000000220e-01,2.090852556630715398e-01,1.265664856531966975e-01,-6.608867699768337101e-01,-3.127994270416511458e-01,-6.059732040260454866e-01,4.902623943405788332e-01,4.640659768589829870e-01,3.246192726712176513e-01,-4.334528224096241278e-01,1.941433519264074425e-01,-3.084451366432974795e-01,6.921523991230390527e-01,1.594779238968727086e-01,3.971711172590454697e-01,6.486361544849099658e-01,-4.403983690029177334e-01,4.484222103445793528e-01,-8.954192557462025137e-01,-4.359445109038667665e-01,6.327000588469396114e-02,-7.625165007783967219e-01,1.000000000000000000e+00,7.280509645877104585e-01,-8.399392608515905412e-01,-3.952226357516065436e-01,2.784393677152751656e-01,4.880285685001727325e-01,-2.936552730682286949e-01,8.121463482316561289e-02,6.784479260373010856e-01,9.029760065821290649e-02,-5.715730578432822728e-01,8.403162796255189693e-02,-4.786291499759530166e-01
-3.844423449925726266e-01,3.504083619925925097e-01,-3.610082122237479041e-01,1.769190258445518804e-01,-2.810082600000000097e-01,2.366801293479133539e-01,7.776475943883900954e-02,-2.988481234529548058e-01,-6.215458802360718238e-01,-6.441848712280614508e-01,5.518439141644659873e-01,1.267266980778017915e-01,6.339049900326025888e-01,-2.519948862000721546e-01,3.112940205374102876e-01,-2.012930366221313827e-01,5.185633354087642033e-01,-3.459951452789576942e-01,4.050778789451279227e-01,1.984969768422295555e-01,-2.668645471198539121e-01,3.888297065543711573e-01,-6.494478166663995022e-01,-5.450249470900111470e-01,5.757819990423159728e-01,-7.383218887056378632e-01,7.280509645877104585e-01,1.000000000000000000e+00,-7.800518572960044583e-01,-6.314531702223948884e-01,4.003074097751923577e-01,3.037153325164673734e-01,-3.547575322665985631e-01,5.731453652683515809e-02,4.787815443470110899e-01,-1.450847477534396579e-01,-5.428525538130091199e-01,-3.638468313754469330e-01,-5.646462437736518014e-01
7.541043620448912854e-01,-4.116757247481318549e-01,7.457873199387651253e-01,-2.755463219925004537e-01,6.044243400000000044e-01,-4.384333966647299130e-01,-4.786755763787197138e-01,6.444910585104969281e-01,5.000867962578406933e-01,8.595196968049860775e-01,-6.000292948141735527e-01,-2.600595074314218103e-01,-3.490511894347718691e-01,6.350374804187679523e-01,-2.366156793496066724e-01,4.852346953013945696e-01,-7.386668317310494114e-01,5.966346695970536906e-02,-4.533193396801789010e-01,-7.093746161947971363e-01,1.549286737691252247e-02,-2.966879694407322243e-01,6.695351573739525275e-01,6.338607898020165443e-01,-2.613869792387161217e-01,8.714048811790897631e-01,-8.399392608515905412e-01,-7.800518572960044583e-01,1.000000000000000000e+00,3.910961584222379384e-01,-6.533858122600997298e-01,-8.853221644217468267e-02,5.816091990735368089e-01,-1.421131979141370127e-01,-5.895780437816480202e-01,-2.354151419822393398e-01,7.924700635569297269e-01,1.835873829337802965e-01,3.251950991552459147e-01
6.243468421134933805e-02,8.256437084774612134e-02,3.368150282865745027e-01,5.422831911769027124e-01,5.244588800000000717e-01,-5.796852267322757379e-01,-2.686825673796101599e-01,4.158939722178871534e-01,8.381868977961567380e-01,4.034975204014222827e-01,9.492177928272382825e-02,3.668470522923097943e-01,-6.230157780907025211e-01,2.711079698559268891e-01,3.308015957009344810e-01,5.445742396268247187e-01,-5.731084370260566274e-01,4.180346177608511016e-01,-7.516620309241174303e-01,2.381977201220696339e-01,1.622020942517228559e-01,2.323628161689311744e-01,5.142680490566923224e-01,5.428756101496795550e-01,-2.195733112984079027e-01,5.607285558762280520e-01,-3.952226357516065436e-01,-6.314531702223948884e-01,3.910961584222379384e-01,1.000000000000000000e+00,-3.945996980566710555e-01,-3.620366907810217971e-01,1.665178298710932869e-01,-8.667984769946408818e-02,-4.371628178710317836e-01,1.127350253160273874e-01,-8.919946375128669225e-02,2.188044470271691827e-02,8.835781902663597531e-03
-3.362532487755371946e-01,-1.084160675352416892e-01,-5.703995056865694968e-01,-8.594519056411009661e-02,-7.070230399999999360e-01,6.297609329458846439e-01,7.991815893864911979e-01,-4.762727817284671539e-01,-6.623547095971527021e-01,-7.764143252677744300e-01,2.898872880101958580e-03,-1.142778331948690468e-01,2.989368532994826078e-01,-4.843192169901978650e-01,-9.358708650719632649e-02,-6.822113596658865298e-01,7.492821892790175742e-01,-1.829017806493112852e-01,4.873226842387512470e-01,3.995738549899750525e-01,5.152631218634411425e-01,-2.739358371892879340e-01,-3.082648228735150875e-01,-8.032623733982342529e-01,1.290232217884640376e-01,-5.419160576974855204e-01,2.784393677152751656e-01,4.003074097751923577e-01,-6.533858122600997298e-01,-3.945996980566710555e-01,1.000000000000000000e+00,-4.848628112021914349e-01,-5.273381487588947314e-01,3.511644321711315797e-02,3.899425005389916543e-01,4.135773742410679965e-01,-4.314832326381896066e-01,7.393643752107581513e-02,2.601024793132071800e-01
-1.682736617004801649e-01,5.747662303718836796e-01,-1.710984560709163105e-01,-2.094948763781736834e-01,-6.523546000000002287e-02,8.310667721490941351e-02,-3.287868928253242506e-01,-2.007087559302859481e-01,-8.612932705202260009e-02,3.417043907169464712e-02,8.383365623946226197e-02,-6.176819753056199402e-02,2.087972773547324967e-01,-1.252715728161745701e-01,5.400514242097580880e-02,-4.359678974963321352e-02,4.645203324925712557e-02,-1.679314872273663661e-01,4.041440015811857966e-01,-1.061591865358403886e-01,-8.269751506816456210e-01,1.459753170139754253e-01,-4.813758315751157091e-01,1.098112820462951722e-01,-1.866027928591277862e-01,-1.501137572052951008e-01,4.880285685001727325e-01,3.037153325164673734e-01,-8.853221644217468267e-02,-3.620366907810217971e-01,-4.848628112021914349e-01,1.000000000000000000e+00,3.737600670222815946e-01,2.159720114902440591e-01,2.781753732605674045e-01,-4.734384522154658215e-01,1.992453515023080990e-01,-1.115478693693875215e-02,-2.471155354369790058e-01
3.821021819366668404e-01,3.786732158446987073e-01,3.458759200780460730e-01,-3.443190427240065965e-01,3.069472799999999335e-01,-1.672868446614326765e-01,-3.576940853376504581e-01,4.221958570140477152e-01,1.507940752038219034e-01,4.505234664003180400e-01,-5.495082674653900545e-01,-2.122573479671521768e-01,2.319393478879547832e-01,5.711890484117958522e-01,-1.654154336447969179e-02,2.409112631610575150e-01,-2.795416182697685326e-01,-2.290637848352303219e-01,-2.238245824676140389e-02,-5.025213140299051862e-01,-3.071846320422854104e-01,-1.572616104508897661e-01,3.397587903028637113e-02,1.435240620217835827e-01,-3.134273224464695917e-01,5.345272453180974770e-01,-2.936552730682286949e-01,-3.547575322665985631e-01,5.816091990735368089e-01,1.665178298710932869e-01,-5.273381487588947314e-01,3.737600670222815946e-01,1.000000000000000000e+00,-1.286302882093491029e-01,-2.737109355807710309e-01,-5.913764390313276387e-01,6.242190147641367703e-01,3.536632900622666553e-01,2.938449864005148182e-01
5.451641819130488391e-03,1.468307132667368009e-01,-9.619584060166885831e-02,5.657651235379591165e-02,-2.482494800000000224e-01,3.108327446943404682e-01,2.865555708785067490e-01,-2.565628142707794823e-01,-1.256232607725648043e-01,-1.114610998081752014e-01,1.545265011850796288e-01,-3.267576101397132171e-01,-1.953645978813109141e-01,-4.887728874355387609e-01,7.450722918640337311e-02,-2.835735602088587104e-01,-1.917838554661571715e-02,-2.458559675060856820e-01,3.788158176269571520e-01,9.064885125412042166e-02,2.117714448869931210e-02,-2.858643312017903337e-01,-4.706659141587066220e-02,4.559524519163857433e-04,-1.719192624136613168e-01,-1.818494826643290985e-02,8.121463482316561289e-02,5.731453652683515809e-02,-1.421131979141370127e-01,-8.667984769946408818e-02,3.511644321711315797e-02,2.159720114902440591e-01,-1.286302882093491029e-01,1.000000000000000000e+00,-2.371956102525692167e-01,1.834932472821262234e-02,-1.024248494887552569e-01,-2.558806311286419555e-01,1.469040518309089882e-01
-6.635987715629456662e-01,1.901509165205869101e-01,-7.217374065383419524e-01,-2.361685992937357370e-01,-5.773181199999999347e-01,3.816064749451180682e-01,2.631581814662730667e-01,-6.363988241953428826e-01,-3.947260342840646086e-01,-4.967003922877450961e-01,1.026975916033733005e-01,1.645433175492525824e-01,2.381436312768279440e-01,-4.138177338546324968e-01,-2.248188502807154376e-01,-4.832261159243602666e-01,7.001266176119106399e-01,1.531827025308016010e-01,4.604495172297708994e-01,4.354526238480528888e-01,-2.103979580818708672e-01,7.178791171495925438e-02,-6.018836272847272184e-01,-2.858878847879642304e-01,-1.094739037306519253e-01,-6.731014100447380022e-01,6.784479260373010856e-01,4.787815443470110899e-01,-5.895780437816480202e-01,-4.371628178710317836e-01,3.899425005389916543e-01,2.781753732605674045e-01,-2.737109355807710309e-01,-2.371956102525692167e-01,1.000000000000000000e+00,2.136157017312256268e-01,-1.768056060950742026e-01,2.643831048371474424e-01,-9.648811000786429448e-02
-4.115586380109739761e-01,-4.070362440918465774e-01,-4.340389583863240586e-01,-1.922224095350020742e-02,-3.923318999999999557e-01,1.974789080891857507e-01,5.063685504860905295e-01,-5.560622624179226703e-01,5.175763176253648373e-02,-2.382757192007454172e-01,1.147014155132291408e-02,1.827363187530385291e-01,-3.477841120979294209e-01,-4.078094568031754297e-01,-3.354470560379432809e-01,-3.419223267137700972e-01,3.358520407411959008e-01,4.945959165215211284e-01,-2.889392093034966885e-02,5.094648877210069537e-01,4.462719111933832195e-01,-1.631293621182271503e-01,-1.715134477975767402e-02,1.949833831923486818e-02,-2.379315051519916846e-01,-2.506711096978130882e-01,9.029760065821290649e-02,-1.450847477534396579e-01,-2.354151419822393398e-01,1.127350253160273874e-01,4.135773742410679965e-01,-4.734384522154658215e-01,-5.913764390313276387e-01,1.834932472821262234e-02,2.136157017312256268e-01,1.000000000000000000e+00,-2.317170930797421702e-01,2.585907774069877707e-01,1.806116114572837994e-01
5.655803933637677527e-01,-3.520597863618791790e-01,3.353236776447902634e-01,-7.671037246750183058e-01,1.051794200000000234e-01,4.737934938112840777e-02,-1.826870926954036189e-01,2.183327062284656783e-01,2.661091625718651349e-02,6.470898497860032572e-01,-8.368246480516567942e-01,-5.349588870743322566e-01,-8.657925147288214954e-03,3.508064894290225944e-01,-6.009239011422594645e-01,-1.985915953037817316e-02,-2.793945854931839667e-01,-8.910323772696035483e-02,9.687240059366110378e-02,-7.152587655278249690e-01,-1.827694886490704440e-01,-6.219853104126663590e-01,3.502005767460865115e-01,3.434870008077903214e-01,-4.850507059721341774e-01,5.362437702132032413e-01,-5.715730578432822728e-01,-5.428525538130091199e-01,7.924700635569297269e-01,-8.919946375128669225e-02,-4.314832326381896066e-01,1.992453515023080990e-01,6.242190147641367703e-01,-1.024248494887552569e-01,-1.768056060950742026e-01,-2.317170930797421702e-01,1.000000000000000000e+00,4.224464061296007711e-01,5.501362235441016324e-01
-3.215645261896455942e-01,-2.429347594151504142e-02,-4.107482905891184366e-01,-6.175798396454037498e-01,-3.047822599999999715e-01,6.694050361862650955e-02,1.291219764087832289e-01,-3.411616287237260181e-01,4.734175983917361663e-02,1.986969367413982390e-01,-6.832614846824045518e-01,2.036043648735969547e-01,2.771502232635732893e-02,1.576737068333016467e-01,-5.363393830102748394e-01,-2.624551451328382412e-01,4.345659022586618181e-01,5.302621993652301136e-01,1.028440797107744858e-01,1.616426423096530840e-01,-7.853835556043961552e-02,-3.031992305134842969e-01,-3.141070364133466408e-01,-1.383188328576263060e-01,-6.909895304833848506e-01,9.055075975500137542e-02,8.403162796255189693e-02,-3.638468313754469330e-01,1.835873829337802965e-01,2.188044470271691827e-02,7.393643752107581513e-02,-1.115478693693875215e-02,3.536632900622666553e-01,-2.558806311286419555e-01,2.643831048371474424e-01,2.585907774069877707e-01,4.224464061296007711e-01,1.000000000000000000e+00,4.260775610519014767e-01
2.547275138719294341e-01,-2.350035415159589247e-01,-1.378421001816346192e-01,-6.237220304878462462e-01,-4.767681000000000280e-01,6.046796652987711518e-01,6.238106546912064454e-01,-1.643408883942504839e-01,-1.953462037353530800e-01,5.290911208178414316e-02,-7.661926066972070126e-01,-6.678928631546993122e-01,-6.088771879734230369e-02,-2.333567934931981280e-01,-5.762439082195760509e-01,-5.953692768378696654e-01,1.436494555849082144e-01,-1.876859008829942776e-01,4.186479251397138834e-01,-1.664605724825794497e-01,4.006187821858144815e-01,-9.186108475064347356e-01,3.192845752147092653e-01,-1.437798546896338070e-01,-6.539496380893009553e-01,2.582781783675053844e-01,-4.786291499759530166e-01,-5.646462437736518014e-01,3.251950991552459147e-01,8.835781902663597531e-03,2.601024793132071800e-01,-2.471155354369790058e-01,2.938449864005148182e-01,1.469040518309089882e-01,-9.648811000786429448e-02,1.806116114572837994e-01,5.501362235441016324e-01,4.260775610519014767e-01,1.000000000000000000e+00
