1.000000000000000000e+00,2.565062881544262208e-01,-8.744481687438565576e-01,9.101195510509590969e-01,7.657747725115100490e-01,3.614616122739547355e-01,8.042512872429510296e-01,-8.097680400000000223e-01,-8.384468662797613936e-01,6.778170421564039261e-01,-9.156568319973378278e-01,-3.478201736985124248e-01,7.796878360562854438e-01,8.269596849634016644e-01,8.289634357879471782e-02,3.266094848169486808e-01,7.819963676451292534e-01,-7.779937728426518095e-01,-8.349955592369797674e-01,-3.974141172003997635e-01,-8.362707630432308914e-01,-4.918434969012852598e-01,-3.933300427676924005e-01,-3.690811671816886241e-02,-1.087024630832368055e-01,3.601764100031055182e-01,4.632884975677348804e-01,1.143856115271204427e-01,4.609928103264825938e-01,-2.583972804570636161e-01,-7.715845996735577472e-01,3.241507533039406641e-01,-3.482070142877466967e-01,-7.285676625615090940e-02,-5.010494300657374334e-01,4.578844382297639903e-01,-3.859262123749107043e-01,1.278429748903048002e-01,-6.835862955381420969e-01
2.565062881544262208e-01,1.000000000000000000e+00,-3.142182116759418414e-02,3.569419499906263393e-01,-1.441921336388772568e-01,-2.988029872894222838e-01,2.019445307720543203e-01,-5.092083999999996724e-02,1.305239102684505603e-01,-2.185423042911848190e-01,-8.235985411071805595e-02,7.246292125272059403e-02,-1.798738686458470348e-01,-1.500528805836874036e-01,4.232978850124867742e-01,-6.330027505658494258e-01,-1.012129970631130416e-01,-4.944587064247137898e-01,-9.924717292325378748e-02,1.569155035022972156e-01,1.822278297445847906e-02,4.440746806784305334e-01,5.798000100284190772e-01,-6.245905009170296118e-01,4.658637196410168602e-01,2.528287899862906134e-03,-3.957460783473052968e-01,-4.352750067845904125e-01,3.560165245996224082e-01,-3.701454673701487508e-01,-1.122562501351909298e-01,-3.670739146484273685e-01,-1.068285231007403829e-01,-2.752863661210576685e-01,3.962559979772024843e-02,4.792824097672346850e-01,5.445952771563965233e-02,4.091530088967047507e-01,-7.445429124954704159e-02
-8.744481687438565576e-01,-3.142182116759418414e-02,1.000000000000000000e+00,-7.789028339006602852e-01,-7.772030833573615460e-01,-4.236730419107273549e-01,-7.578271644539962271e-01,8.751002800000000637e-01,7.443418975855926600e-01,-7.463819682760067797e-01,9.237844804163740653e-01,5.119805613300775216e-01,-8.146894892691555201e-01,-8.758178933738365313e-01,1.992690905487744524e-01,-4.130943186628400210e-01,-8.142924186473710080e-01,7.224092094287605237e-01,8.826901005722991300e-01,5.592312752969053058e-01,8.990807056160994293e-01,6.285413441546201518e-01,5.123958102985307628e-01,-1.165389769968682744e-02,3.469174067948148088e-01,-5.346240861585894732e-01,-4.850072424005378302e-01,-1.547030885037050940e-01,-5.198693207141871220e-01,2.031804314001204037e-01,8.385482759629423466e-01,-3.273530221758362835e-01,1.181969942721962930e-01,5.121873766077809226e-02,6.479863640103494804e-01,-4.803154861544972620e-01,2.974391631201517283e-01,-1.224641837747214301e-01,7.598229450038268551e-01
9.101195510509590969e-01,3.569419499906263393e-01,-7.789028339006602852e-01,1.000000000000000000e+00,7.948425331757719148e-01,5.356785144812279409e-01,8.440312542083663327e-01,-6.647572999999999954e-01,-6.913707462256160063e-01,7.104512225504473477e-01,-8.005034942540640852e-01,-2.195050750927187710e-01,6.120058673233834678e-01,7.434777759454141988e-01,2.595370942378293425e-02,3.905278513972006982e-01,7.715473666092239613e-01,-6.446617348299406025e-01,-6.735889585070951036e-01,-3.228789487805130420e-01,-7.177577100791668885e-01,-3.248324885316649091e-01,-2.763349198399090434e-01,-1.066904173767208377e-02,-1.257862205316884197e-01,2.140041471422186314e-01,3.874448930040178540e-01,1.987415997313667915e-01,3.354675448356665424e-01,-3.809216209888135474e-01,-6.289248442517400006e-01,3.676210534025775023e-01,-3.645065873078019436e-01,1.134620419739626324e-01,-3.385998027748901018e-01,3.667148508796331252e-01,-8.085431818308924656e-02,-8.111663440266632386e-02,-4.594985834233581423e-01
7.657747725115100490e-01,-1.441921336388772568e-01,-7.772030833573615460e-01,7.948425331757719148e-01,1.000000000000000000e+00,7.280310635060518454e-01,7.721872913846067332e-01,-6.892298399999999825e-01,-6.606853634724660917e-01,8.802260975232681917e-01,-8.060886047160279455e-01,-3.500274564979615199e-01,7.778295436352397063e-01,7.920665526115676647e-01,-3.378061869969559705e-01,6.812817173842431462e-01,9.167117503026838143e-01,-4.073822153628589571e-01,-7.032754383350894312e-01,-3.737047513937735710e-01,-7.819089006105722772e-01,-6.672440018929559624e-01,-5.463211165001079506e-01,4.846670272777913180e-01,-5.436460399874316618e-01,4.504503498567248854e-01,5.017240947597912948e-01,4.091186383715684771e-01,2.413614356617569956e-01,5.437674060036082856e-03,-6.327104329070967204e-01,4.087675383525965489e-01,-4.017217764067552155e-01,1.719139021076195595e-01,-4.404212446732327924e-01,2.145834544002387378e-01,-1.026419654095012124e-01,-1.124890787700989075e-01,-4.487906754101339546e-01
3.614616122739547355e-01,-2.988029872894222838e-01,-4.236730419107273549e-01,5.356785144812279409e-01,7.280310635060518454e-01,1.000000000000000000e+00,7.233749365612135440e-01,-3.615426800000000052e-01,-3.024721790443442027e-01,8.815983048159350410e-01,-4.771543148397295875e-01,-9.734300645060534052e-02,5.175408846557923992e-01,6.452091348649409142e-01,-6.203695314544074302e-01,7.242041108219109402e-01,7.708426308354986434e-01,-7.348305632130283649e-02,-2.701349253063408673e-01,-3.812741867998920009e-01,-5.004314971815424506e-01,-5.620670080399481350e-01,-4.797065998510858797e-01,4.241353619288250054e-01,-6.444418831551954607e-01,1.449087148650759875e-02,6.657896519594120877e-01,7.067237661197530718e-01,-6.036914442316695939e-02,2.006340218381489141e-02,-3.093019257108519104e-01,2.544150934617722681e-01,-3.918695653813707158e-02,6.270768352691383773e-01,-2.368572709772246709e-01,-8.314040769979365308e-02,2.655796074882467162e-01,-4.772322482664847487e-01,-4.105702044967712849e-02
8.042512872429510296e-01,2.019445307720543203e-01,-7.578271644539962271e-01,8.440312542083663327e-01,7.721872913846067332e-01,7.233749365612135440e-01,1.000000000000000000e+00,-7.280975599999999215e-01,-5.781436003986956118e-01,8.706838311746951664e-01,-8.503271388057338509e-01,-2.203768386652165678e-01,7.364256626480703005e-01,8.737439121868042502e-01,-3.241754994053927530e-01,3.728478137093666489e-01,9.022861373837676169e-01,-6.785849065616266218e-01,-6.843147015826405166e-01,-5.127794348111722744e-01,-8.030366069026608766e-01,-5.835042333520679136e-01,-2.678929394196567504e-01,-5.869262734244394542e-02,-3.581834779642172895e-01,2.843696288050023280e-01,5.669072150345992878e-01,4.691314502907014683e-01,3.581372458077709542e-01,-2.719996085092687421e-01,-7.013088317289462026e-01,8.143379162812522387e-02,-3.326476842444892057e-02,3.509392505934210149e-01,-5.974915258079707137e-01,3.637528687874959088e-01,-1.343358961547126973e-01,-4.809112101903539882e-02,-4.810817321001522040e-01
-8.097680400000000223e-01,-5.092083999999996724e-02,8.751002800000000637e-01,-6.647572999999999954e-01,-6.892298399999999825e-01,-3.615426800000000052e-01,-7.280975599999999215e-01,1.000000000000000000e+00,5.519841999999999249e-01,-7.079610400000000414e-01,9.517359999999999154e-01,7.653534200000000620e-01,-9.199689399999999573e-01,-8.332065399999999400e-01,3.906132600000000732e-01,-1.774786799999999998e-01,-7.773398000000000252e-01,8.625754000000001032e-01,9.828112600000000754e-01,7.022686399999999995e-01,9.850646199999999464e-01,7.703062599999999094e-01,4.991358599999999868e-01,-2.061310000000005083e-02,5.231231599999999204e-01,-5.255343800000000787e-01,-3.907707599999999948e-01,4.385558000000000511e-02,-7.947040400000000560e-01,-9.450540000000007268e-03,9.941115199999999152e-01,2.801599999999959678e-03,-7.571419999999995376e-03,2.334636000000001044e-01,7.236455399999999205e-01,-7.447456199999999971e-01,2.337536600000000853e-01,-3.866904599999999581e-01,9.389450200000000191e-01
-8.384468662797613936e-01,1.305239102684505603e-01,7.443418975855926600e-01,-6.913707462256160063e-01,-6.606853634724660917e-01,-3.024721790443442027e-01,-5.781436003986956118e-01,5.519841999999999249e-01,1.000000000000000000e+00,-5.727051875332805908e-01,7.125762648828475321e-01,4.715312636098031862e-02,-6.409134773372946459e-01,-7.777614219372576132e-01,-2.515867024832591503e-01,-5.998511165197313311e-01,-6.492434155545965258e-01,4.145627390395529854e-01,5.837549899522599395e-01,2.453430637799173253e-01,6.126294930718142462e-01,4.370828681334278376e-01,4.782146015475404188e-01,-6.792461399905824759e-02,-5.849873741501838975e-02,-2.148083167537583327e-01,-5.850615379043646591e-01,-3.725552761419573256e-01,-3.017822594687474824e-02,3.156377848919869056e-01,4.722699364160007351e-01,-6.670914677883084121e-01,3.558203397929108336e-01,-1.170463093339113581e-01,3.826190657785330518e-01,1.599636060374870494e-02,6.054722108019631177e-01,1.871434892147590956e-01,4.480319425812572254e-01
6.778170421564039261e-01,-2.185423042911848190e-01,-7.463819682760067797e-01,7.104512225504473477e-01,8.802260975232681917e-01,8.815983048159350410e-01,8.706838311746951664e-01,-7.079610400000000414e-01,-5.727051875332805908e-01,1.000000000000000000e+00,-8.135727473826964706e-01,-3.582393852287180103e-01,8.194769199768248136e-01,8.959623220116864628e-01,-5.607360143742042835e-01,6.882716174062500913e-01,9.656814301112675025e-01,-4.182793255636874097e-01,-6.495192116191357279e-01,-5.080624632117817230e-01,-8.157703654023071849e-01,-7.885588397107603509e-01,-6.052205927909987127e-01,3.279036077678832428e-01,-6.646030317722174674e-01,2.497533363151914487e-01,7.287969978639048385e-01,5.692227132430256464e-01,2.449452046309121278e-01,2.486593735940922575e-02,-6.544151317206677865e-01,2.836288127306582085e-01,-1.249505768618038998e-01,3.395421068694978173e-01,-4.816370240158929783e-01,2.005443535534134070e-01,-4.790063638184116623e-02,-1.800575195227301917e-01,-4.347979898234948237e-01
-9.156568319973378278e-01,-8.235985411071805595e-02,9.237844804163740653e-01,-8.005034942540640852e-01,-8.060886047160279455e-01,-4.771543148397295875e-01,-8.503271388057338509e-01,9.517359999999999154e-01,7.125762648828475321e-01,-8.135727473826964706e-01,1.000000000000000000e+00,5.680554478835714294e-01,-9.321388112516675317e-01,-9.182929505505642576e-01,2.811640858334937265e-01,-3.378078803478215542e-01,-8.934986052225897257e-01,8.169564779310608538e-01,9.488173566330531106e-01,5.995854815916968894e-01,9.764792837598309516e-01,7.602377941273629203e-01,4.752160217964120359e-01,-2.947954332299478758e-02,4.348216660978074799e-01,-4.819927117275329409e-01,-5.021657193871895686e-01,-1.658990981986172841e-01,-6.206980941199722324e-01,1.021995327699701112e-01,9.242958686732767326e-01,-1.675907916415631249e-01,1.217222457099129129e-01,8.707123479639006236e-02,6.965782632188403101e-01,-5.805569031882295006e-01,3.487651444515736943e-01,-2.560745588970780307e-01,8.207150165834264932e-01
-3.478201736985124248e-01,7.246292125272059403e-02,5.119805613300775216e-01,-2.195050750927187710e-01,-3.500274564979615199e-01,-9.734300645060534052e-02,-2.203768386652165678e-01,7.653534200000000620e-01,4.715312636098031862e-02,-3.582393852287180103e-01,5.680554478835714294e-01,1.000000000000000000e+00,-6.373320208604630333e-01,-3.700491125223059896e-01,5.299758522175008757e-01,6.348133670087802161e-02,-3.616733659241306298e-01,5.808422640683066351e-01,7.417168096883315354e-01,5.703436656499411006e-01,6.968808497730807350e-01,6.050367546666527430e-01,5.400378608568587868e-01,-2.069683177707989929e-01,6.686090825174570984e-01,-3.918786343686831430e-01,-1.135785361715687114e-01,4.731862293734265257e-01,-8.633465291508748418e-01,-4.257523747896306276e-01,7.929490061341050167e-01,2.309557361036891077e-01,-4.328048923959171984e-02,5.685580692633872557e-01,3.817878133120943818e-01,-8.102188920700851282e-01,-1.385876506041645861e-01,-5.444978399492681476e-01,8.228784714677277456e-01
7.796878360562854438e-01,-1.798738686458470348e-01,-8.146894892691555201e-01,6.120058673233834678e-01,7.778295436352397063e-01,5.175408846557923992e-01,7.364256626480703005e-01,-9.199689399999999573e-01,-6.409134773372946459e-01,8.194769199768248136e-01,-9.321388112516675317e-01,-6.373320208604630333e-01,1.000000000000000000e+00,8.787507920852891674e-01,-4.405876351073234609e-01,4.039682750787982335e-01,8.685588236158745534e-01,-6.743766849708160427e-01,-8.948475416397835280e-01,-6.038368166767353884e-01,-9.527991349043133384e-01,-9.141426411215555214e-01,-6.157571367378582572e-01,2.371886350365189355e-01,-6.097526412449491007e-01,4.699366604469949471e-01,5.620788654144148744e-01,2.024460152442235095e-01,5.859240115484685152e-01,1.676279793041276500e-01,-8.868274703154105376e-01,1.509349831863345537e-01,-9.780152306766694281e-02,-1.127893173595549275e-01,-6.752519327377277669e-01,5.065490765691753605e-01,-3.555312493809993368e-01,2.643400388017569935e-01,-8.031224068120769166e-01
8.269596849634016644e-01,-1.500528805836874036e-01,-8.758178933738365313e-01,7.434777759454141988e-01,7.920665526115676647e-01,6.452091348649409142e-01,8.737439121868042502e-01,-8.332065399999999400e-01,-7.777614219372576132e-01,8.959623220116864628e-01,-9.182929505505642576e-01,-3.700491125223059896e-01,8.787507920852891674e-01,1.000000000000000000e+00,-3.405092223184268962e-01,5.652181694737812290e-01,9.211009878841525111e-01,-6.273684625457929265e-01,-7.886633586043454436e-01,-6.037007793117526999e-01,-9.000075865122200147e-01,-7.678162754454063155e-01,-5.507790851150962119e-01,5.674958712075502121e-02,-4.298825900615925732e-01,3.262722817042170154e-01,6.943558749597881219e-01,4.680957718183254568e-01,3.557545007689962291e-01,-1.922248929044018950e-01,-7.810206327291475681e-01,3.213025452729071363e-01,-2.523024227795366697e-02,2.364723090097686498e-01,-6.607447451103479752e-01,2.965660430915834089e-01,-3.299981584619503527e-01,-7.823102330753167744e-02,-6.518360349289086253e-01
8.289634357879471782e-02,4.232978850124867742e-01,1.992690905487744524e-01,2.595370942378293425e-02,-3.378061869969559705e-01,-6.203695314544074302e-01,-3.241754994053927530e-01,3.906132600000000732e-01,-2.515867024832591503e-01,-5.607360143742042835e-01,2.811640858334937265e-01,5.299758522175008757e-01,-4.405876351073234609e-01,-3.405092223184268962e-01,1.000000000000000000e+00,-2.423686260722541785e-01,-4.548672406771037124e-01,8.534964516129225909e-02,2.895004240414660313e-01,5.367403375589250292e-01,4.314591705254436915e-01,6.662527391135500965e-01,3.656164842589149644e-01,-3.749156452079087098e-01,9.321585333025567133e-01,-2.498835132297600736e-01,-2.672892919174433279e-01,-2.631809260936410766e-01,-3.339367962453501648e-01,-3.942485580873126838e-01,4.024562982780130471e-01,2.984972008955718570e-01,-3.902498672628926246e-01,-1.996258111129041168e-01,3.918451957959466214e-01,-2.693014007615115446e-01,-3.790804734845095725e-01,-4.533684102491430251e-02,2.602521669089868928e-01
3.266094848169486808e-01,-6.330027505658494258e-01,-4.130943186628400210e-01,3.905278513972006982e-01,6.812817173842431462e-01,7.242041108219109402e-01,3.728478137093666489e-01,-1.774786799999999998e-01,-5.998511165197313311e-01,6.882716174062500913e-01,-3.378078803478215542e-01,6.348133670087802161e-02,4.039682750787982335e-01,5.652181694737812290e-01,-2.423686260722541785e-01,1.000000000000000000e+00,6.046270119335606097e-01,2.358016431768689414e-01,-1.519855838221147448e-01,-1.204611829300645531e-01,-3.208074845868636449e-01,-4.545230418686508900e-01,-6.532915294826263652e-01,6.066212783377803452e-01,-3.877862744030086684e-01,-4.807921042291412282e-03,6.658028489549517870e-01,7.102530941172434664e-01,-3.929573531977188505e-01,-4.409991598814053289e-03,-7.791287023128425082e-02,7.727285085784194596e-01,-3.208168834351129983e-01,4.926038988175606148e-01,-4.093283645750580430e-02,-4.589776182020619544e-01,-5.685678161016893828e-02,-6.516317041408170585e-01,5.730700332591707330e-02
7.819963676451292534e-01,-1.012129970631130416e-01,-8.142924186473710080e-01,7.715473666092239613e-01,9.167117503026838143e-01,7.708426308354986434e-01,9.022861373837676169e-01,-7.773398000000000252e-01,-6.492434155545965258e-01,9.656814301112675025e-01,-8.934986052225897257e-01,-3.616733659241306298e-01,8.685588236158745534e-01,9.211009878841525111e-01,-4.548672406771037124e-01,6.046270119335606097e-01,1.000000000000000000e+00,-5.362353507653115914e-01,-7.534609647198612370e-01,-4.914804895284888286e-01,-8.686945145336540941e-01,-7.872482207133185694e-01,-5.059231711885949778e-01,2.677496780109427377e-01,-5.797126231242224481e-01,4.170372342860941828e-01,6.142684580558945839e-01,5.041598508065214812e-01,3.295287311509788042e-01,-4.180844570511422359e-02,-7.290656626467586499e-01,2.699611360534105997e-01,-1.886738378617168754e-01,2.306223649410630017e-01,-5.855136303100422213e-01,2.891145915709584790e-01,-2.049428419782589050e-01,-3.322120250611457909e-02,-5.294829981146951248e-01
-7.779937728426518095e-01,-4.944587064247137898e-01,7.224092094287605237e-01,-6.446617348299406025e-01,-4.073822153628589571e-01,-7.348305632130283649e-02,-6.785849065616266218e-01,8.625754000000001032e-01,4.145627390395529854e-01,-4.182793255636874097e-01,8.169564779310608538e-01,5.808422640683066351e-01,-6.743766849708160427e-01,-6.273684625457929265e-01,8.534964516129225909e-02,2.358016431768689414e-01,-5.362353507653115914e-01,1.000000000000000000e+00,8.632320208613778467e-01,5.666365884858736157e-01,8.027236698632402856e-01,4.305041484706030874e-01,1.109534779587840608e-01,3.916689632247692399e-01,1.393146850033882278e-01,-4.347682192789874001e-01,-1.580345306120390370e-01,2.477279469270892986e-01,-8.415261081828598888e-01,2.096044975662921805e-01,8.911357995980715430e-01,2.551054168065973737e-01,-8.661729704172502209e-02,3.024785859729976489e-01,6.648397214074158734e-01,-8.511965341111218386e-01,2.643503822707150008e-01,-5.433851150015532872e-01,8.637740961020140551e-01
-8.349955592369797674e-01,-9.924717292325378748e-02,8.826901005722991300e-01,-6.735889585070951036e-01,-7.032754383350894312e-01,-2.701349253063408673e-01,-6.843147015826405166e-01,9.828112600000000754e-01,5.837549899522599395e-01,-6.495192116191357279e-01,9.488173566330531106e-01,7.417168096883315354e-01,-8.948475416397835280e-01,-7.886633586043454436e-01,2.895004240414660313e-01,-1.519855838221147448e-01,-7.534609647198612370e-01,8.632320208613778467e-01,1.000000000000000000e+00,6.270305347677326280e-01,9.609845792013345100e-01,7.272511850816664181e-01,4.425472679612114102e-01,-3.480356967556558212e-02,4.554211209267005067e-01,-6.089726574140663651e-01,-3.004770376419811928e-01,9.526217332300634943e-02,-7.875463629945956834e-01,1.224177160211719489e-02,9.769002603657289674e-01,-2.988084673689594961e-02,7.695748717456091237e-02,3.167797297480758889e-01,7.230953906830048794e-01,-7.438682812487749096e-01,3.145927052354101638e-01,-4.556802550046969991e-01,9.394623332854311615e-01
-3.974141172003997635e-01,1.569155035022972156e-01,5.592312752969053058e-01,-3.228789487805130420e-01,-3.737047513937735710e-01,-3.812741867998920009e-01,-5.127794348111722744e-01,7.022686399999999995e-01,2.453430637799173253e-01,-5.080624632117817230e-01,5.995854815916968894e-01,5.703436656499411006e-01,-6.038368166767353884e-01,-6.037007793117526999e-01,5.367403375589250292e-01,-1.204611829300645531e-01,-4.914804895284888286e-01,5.666365884858736157e-01,6.270305347677326280e-01,1.000000000000000000e+00,6.877234036761001867e-01,5.786490583526133769e-01,3.613597433246003021e-01,7.397134500532356882e-02,4.959386060654896178e-01,-2.850095876771934211e-01,-3.357524732891174479e-01,-6.872094473191055208e-02,-5.649630624902797216e-01,1.464283606813262528e-01,7.073135618984074391e-01,1.483379034913041017e-01,-4.603216498444627769e-01,-1.200082643467699217e-01,6.732083627866134456e-01,-5.039765721903038953e-01,-3.807656903352560351e-02,-9.743695581250914894e-02,6.693467854412654683e-01
-8.362707630432308914e-01,1.822278297445847906e-02,8.990807056160994293e-01,-7.177577100791668885e-01,-7.819089006105722772e-01,-5.004314971815424506e-01,-8.030366069026608766e-01,9.850646199999999464e-01,6.126294930718142462e-01,-8.157703654023071849e-01,9.764792837598309516e-01,6.968808497730807350e-01,-9.527991349043133384e-01,-9.000075865122200147e-01,4.314591705254436915e-01,-3.208074845868636449e-01,-8.686945145336540941e-01,8.027236698632402856e-01,9.609845792013345100e-01,6.877234036761001867e-01,1.000000000000000000e+00,8.189992955681643094e-01,5.552133258007596606e-01,-1.025621662117580102e-01,5.710437897961545550e-01,-4.989971362199182581e-01,-4.984950287868335495e-01,-1.096318928927623587e-01,-6.941607976822115056e-01,-7.172571577670150411e-03,9.651312334186082920e-01,-8.377016844488692493e-02,3.738609220739139150e-02,1.069128846048926912e-01,7.121852592811859228e-01,-6.417321946916474396e-01,2.291962488549744437e-01,-2.683979448474060336e-01,8.707373057511134107e-01
-4.918434969012852598e-01,4.440746806784305334e-01,6.285413441546201518e-01,-3.248324885316649091e-01,-6.672440018929559624e-01,-5.620670080399481350e-01,-5.835042333520679136e-01,7.703062599999999094e-01,4.370828681334278376e-01,-7.885588397107603509e-01,7.602377941273629203e-01,6.050367546666527430e-01,-9.141426411215555214e-01,-7.678162754454063155e-01,6.662527391135500965e-01,-4.545230418686508900e-01,-7.872482207133185694e-01,4.305041484706030874e-01,7.272511850816664181e-01,5.786490583526133769e-01,8.189992955681643094e-01,1.000000000000000000e+00,6.144066645205991106e-01,-3.577666427465787113e-01,7.838043546943485040e-01,-4.204358347289659514e-01,-5.652348954755150867e-01,-3.380078009071301182e-01,-4.476677085812940660e-01,-3.302144907597404644e-01,7.378472595237934861e-01,-6.964876958191604239e-02,-8.401829941006949687e-02,1.879520813431453941e-02,6.580789945584339939e-01,-3.400714569365305140e-01,3.098421787549200390e-01,-2.242466302458601402e-01,6.539507009192895293e-01
-3.933300427676924005e-01,5.798000100284190772e-01,5.123958102985307628e-01,-2.763349198399090434e-01,-5.463211165001079506e-01,-4.797065998510858797e-01,-2.678929394196567504e-01,4.991358599999999868e-01,4.782146015475404188e-01,-6.052205927909987127e-01,4.752160217964120359e-01,5.400378608568587868e-01,-6.157571367378582572e-01,-5.507790851150962119e-01,3.656164842589149644e-01,-6.532915294826263652e-01,-5.059231711885949778e-01,1.109534779587840608e-01,4.425472679612114102e-01,3.613597433246003021e-01,5.552133258007596606e-01,6.144066645205991106e-01,1.000000000000000000e+00,-5.803371419145668675e-01,5.691629950828044349e-01,-4.093304589287354717e-02,-7.527220119554027811e-01,-1.373569998963250494e-01,-1.566665246758729979e-01,-4.531280938775028577e-01,4.366891355423273557e-01,-3.834834432257440140e-01,2.988026591110637953e-01,1.918502285089224851e-02,4.710990848538005454e-02,-7.966242832374990923e-02,-5.252557875857560843e-02,2.172898564948267386e-01,4.068130660552877198e-01
-3.690811671816886241e-02,-6.245905009170296118e-01,-1.165389769968682744e-02,-1.066904173767208377e-02,4.846670272777913180e-01,4.241353619288250054e-01,-5.869262734244394542e-02,-2.061310000000005083e-02,-6.792461399905824759e-02,3.279036077678832428e-01,-2.947954332299478758e-02,-2.069683177707989929e-01,2.371886350365189355e-01,5.674958712075502121e-02,-3.749156452079087098e-01,6.066212783377803452e-01,2.677496780109427377e-01,3.916689632247692399e-01,-3.480356967556558212e-02,7.397134500532356882e-02,-1.025621662117580102e-01,-3.577666427465787113e-01,-5.803371419145668675e-01,1.000000000000000000e+00,-5.852353606401503594e-01,1.908530000915650282e-01,2.161342922220024221e-01,2.017584509138157234e-01,-1.934576934694115513e-01,6.072462810202186034e-01,2.841044792189108617e-02,2.986927720621959659e-01,-5.030385277603206529e-01,5.656435015500498042e-02,1.678438502983055913e-01,-2.387222627733584790e-01,2.366850722332480284e-01,-2.530151855844838815e-01,1.007819839985567151e-01
-1.087024630832368055e-01,4.658637196410168602e-01,3.469174067948148088e-01,-1.257862205316884197e-01,-5.436460399874316618e-01,-6.444418831551954607e-01,-3.581834779642172895e-01,5.231231599999999204e-01,-5.849873741501838975e-02,-6.646030317722174674e-01,4.348216660978074799e-01,6.686090825174570984e-01,-6.097526412449491007e-01,-4.298825900615925732e-01,9.321585333025567133e-01,-3.877862744030086684e-01,-5.797126231242224481e-01,1.393146850033882278e-01,4.554211209267005067e-01,4.959386060654896178e-01,5.710437897961545550e-01,7.838043546943485040e-01,5.691629950828044349e-01,-5.852353606401503594e-01,1.000000000000000000e+00,-3.317638817553159591e-01,-3.422102991922966742e-01,-1.928561252721922303e-01,-3.959751364974160581e-01,-5.201832745334165065e-01,5.170542307089797118e-01,1.176884776591517745e-01,-1.133659742850542385e-01,-2.403738288375795173e-02,3.636175605532108723e-01,-3.224570695632951733e-01,-2.913196526440536283e-01,-1.087462135162819699e-01,3.821216135645168488e-01
3.601764100031055182e-01,2.528287899862906134e-03,-5.346240861585894732e-01,2.140041471422186314e-01,4.504503498567248854e-01,1.449087148650759875e-02,2.843696288050023280e-01,-5.255343800000000787e-01,-2.148083167537583327e-01,2.497533363151914487e-01,-4.819927117275329409e-01,-3.918786343686831430e-01,4.699366604469949471e-01,3.262722817042170154e-01,-2.498835132297600736e-01,-4.807921042291412282e-03,4.170372342860941828e-01,-4.347682192789874001e-01,-6.089726574140663651e-01,-2.850095876771934211e-01,-4.989971362199182581e-01,-4.204358347289659514e-01,-4.093304589287354717e-02,1.908530000915650282e-01,-3.317638817553159591e-01,1.000000000000000000e+00,-1.923863117050948202e-01,-6.121507678361192556e-02,4.654647421606152857e-01,2.419439286738232081e-02,-5.382760677825597639e-01,-1.084119078881224801e-01,-1.452902982377585195e-02,-2.328148032337552242e-01,-6.947696358810054873e-01,4.334999478955710028e-01,-2.974987710255785345e-01,4.665307368203689409e-01,-5.372116513173532670e-01
4.632884975677348804e-01,-3.957460783473052968e-01,-4.850072424005378302e-01,3.874448930040178540e-01,5.017240947597912948e-01,6.657896519594120877e-01,5.669072150345992878e-01,-3.907707599999999948e-01,-5.850615379043646591e-01,7.287969978639048385e-01,-5.021657193871895686e-01,-1.135785361715687114e-01,5.620788654144148744e-01,6.943558749597881219e-01,-2.672892919174433279e-01,6.658028489549517870e-01,6.142684580558945839e-01,-1.580345306120390370e-01,-3.004770376419811928e-01,-3.357524732891174479e-01,-4.984950287868335495e-01,-5.652348954755150867e-01,-7.527220119554027811e-01,2.161342922220024221e-01,-3.422102991922966742e-01,-1.923863117050948202e-01,1.000000000000000000e+00,5.685284397465178996e-01,-8.727866033192321904e-02,1.370330722030309589e-01,-3.189726590282677687e-01,3.258195880685560430e-01,-1.037032023831481048e-01,4.208677190691733072e-01,-1.407401707029652949e-01,-1.345992047629658850e-01,-1.319579365592794540e-01,-4.060195078604103003e-01,-1.945884764722876914e-01
1.143856115271204427e-01,-4.352750067845904125e-01,-1.547030885037050940e-01,1.987415997313667915e-01,4.091186383715684771e-01,7.067237661197530718e-01,4.691314502907014683e-01,4.385558000000000511e-02,-3.725552761419573256e-01,5.692227132430256464e-01,-1.658990981986172841e-01,4.731862293734265257e-01,2.024460152442235095e-01,4.680957718183254568e-01,-2.631809260936410766e-01,7.102530941172434664e-01,5.041598508065214812e-01,2.477279469270892986e-01,9.526217332300634943e-02,-6.872094473191055208e-02,-1.096318928927623587e-01,-3.380078009071301182e-01,-1.373569998963250494e-01,2.017584509138157234e-01,-1.928561252721922303e-01,-6.121507678361192556e-02,5.685284397465178996e-01,1.000000000000000000e+00,-5.532917174481813971e-01,-2.284963716136878542e-01,1.152656596634035330e-01,3.878294145757829048e-01,8.779918400517348898e-02,8.427402063859907866e-01,-2.227289831982982582e-01,-5.919549654140583428e-01,-1.934366488294697595e-01,-6.275219124955101480e-01,3.019006797847046952e-01
4.609928103264825938e-01,3.560165245996224082e-01,-5.198693207141871220e-01,3.354675448356665424e-01,2.413614356617569956e-01,-6.036914442316695939e-02,3.581372458077709542e-01,-7.947040400000000560e-01,-3.017822594687474824e-02,2.449452046309121278e-01,-6.206980941199722324e-01,-8.633465291508748418e-01,5.859240115484685152e-01,3.557545007689962291e-01,-3.339367962453501648e-01,-3.929573531977188505e-01,3.295287311509788042e-01,-8.415261081828598888e-01,-7.875463629945956834e-01,-5.649630624902797216e-01,-6.941607976822115056e-01,-4.476677085812940660e-01,-1.566665246758729979e-01,-1.934576934694115513e-01,-3.959751364974160581e-01,4.654647421606152857e-01,-8.727866033192321904e-02,-5.532917174481813971e-01,1.000000000000000000e+00,1.490500000656528323e-01,-8.513344720101626573e-01,-4.395555312128635594e-01,1.479796514296265741e-01,-5.950050767578786148e-01,-5.306052650488112254e-01,9.871123039345067740e-01,-1.978175285521101973e-03,7.440031935897182258e-01,-8.754685195593662206e-01
-2.583972804570636161e-01,-3.701454673701487508e-01,2.031804314001204037e-01,-3.809216209888135474e-01,5.437674060036082856e-03,2.006340218381489141e-02,-2.719996085092687421e-01,-9.450540000000007268e-03,3.156377848919869056e-01,2.486593735940922575e-02,1.021995327699701112e-01,-4.257523747896306276e-01,1.676279793041276500e-01,-1.922248929044018950e-01,-3.942485580873126838e-01,-4.409991598814053289e-03,-4.180844570511422359e-02,2.096044975662921805e-01,1.224177160211719489e-02,1.464283606813262528e-01,-7.172571577670150411e-03,-3.302144907597404644e-01,-4.531280938775028577e-01,6.072462810202186034e-01,-5.201832745334165065e-01,2.419439286738232081e-02,1.370330722030309589e-01,-2.284963716136878542e-01,1.490500000656528323e-01,1.000000000000000000e+00,-1.822582328973603588e-02,-2.748464784652309700e-01,-2.888722536817147635e-01,-3.779173392414085786e-01,2.539001753268807504e-01,1.097983166293968471e-01,1.828153695904676246e-01,2.717089326444992459e-01,-3.872327443960428550e-02
-7.715845996735577472e-01,-1.122562501351909298e-01,8.385482759629423466e-01,-6.289248442517400006e-01,-6.327104329070967204e-01,-3.093019257108519104e-01,-7.013088317289462026e-01,9.941115199999999152e-01,4.722699364160007351e-01,-6.544151317206677865e-01,9.242958686732767326e-01,7.929490061341050167e-01,-8.868274703154105376e-01,-7.810206327291475681e-01,4.024562982780130471e-01,-7.791287023128425082e-02,-7.290656626467586499e-01,8.911357995980715430e-01,9.769002603657289674e-01,7.073135618984074391e-01,9.651312334186082920e-01,7.378472595237934861e-01,4.366891355423273557e-01,2.841044792189108617e-02,5.170542307089797118e-01,-5.382760677825597639e-01,-3.189726590282677687e-01,1.152656596634035330e-01,-8.513344720101626573e-01,-1.822582328973603588e-02,1.000000000000000000e+00,9.708539423836949622e-02,-5.242327272883672007e-02,2.785604420045104668e-01,7.299329724292178412e-01,-8.081735385169780406e-01,1.995943001287066865e-01,-4.559818110577433248e-01,9.516455843471820497e-01
3.241507533039406641e-01,-3.670739146484273685e-01,-3.273530221758362835e-01,3.676210534025775023e-01,4.087675383525965489e-01,2.544150934617722681e-01,8.143379162812522387e-02,2.801599999999959678e-03,-6.670914677883084121e-01,2.836288127306582085e-01,-1.675907916415631249e-01,2.309557361036891077e-01,1.509349831863345537e-01,3.213025452729071363e-01,2.984972008955718570e-01,7.727285085784194596e-01,2.699611360534105997e-01,2.551054168065973737e-01,-2.988084673689594961e-02,1.483379034913041017e-01,-8.377016844488692493e-02,-6.964876958191604239e-02,-3.834834432257440140e-01,2.986927720621959659e-01,1.176884776591517745e-01,-1.084119078881224801e-01,3.258195880685560430e-01,3.878294145757829048e-01,-4.395555312128635594e-01,-2.748464784652309700e-01,9.708539423836949622e-02,1.000000000000000000e+00,-4.285017986308816695e-01,1.774957844351801040e-01,1.479163554711343254e-01,-4.922073074382962155e-01,-2.604307980660454658e-01,-5.401918291691235607e-01,1.051389355917232704e-01
-3.482070142877466967e-01,-1.068285231007403829e-01,1.181969942721962930e-01,-3.645065873078019436e-01,-4.017217764067552155e-01,-3.918695653813707158e-02,-3.326476842444892057e-02,-7.571419999999995376e-03,3.558203397929108336e-01,-1.249505768618038998e-01,1.217222457099129129e-01,-4.328048923959171984e-02,-9.780152306766694281e-02,-2.523024227795366697e-02,-3.902498672628926246e-01,-3.208168834351129983e-01,-1.886738378617168754e-01,-8.661729704172502209e-02,7.695748717456091237e-02,-4.603216498444627769e-01,3.738609220739139150e-02,-8.401829941006949687e-02,2.988026591110637953e-01,-5.030385277603206529e-01,-1.133659742850542385e-01,-1.452902982377585195e-02,-1.037032023831481048e-01,8.779918400517348898e-02,1.479796514296265741e-01,-2.888722536817147635e-01,-5.242327272883672007e-02,-4.285017986308816695e-01,1.000000000000000000e+00,2.373887572443545979e-01,-4.391412499988933682e-01,1.050651658719364556e-01,4.267445838364036792e-02,1.018993507073990279e-01,-9.210414017331822190e-02
-7.285676625615090940e-02,-2.752863661210576685e-01,5.121873766077809226e-02,1.134620419739626324e-01,1.719139021076195595e-01,6.270768352691383773e-01,3.509392505934210149e-01,2.334636000000001044e-01,-1.170463093339113581e-01,3.395421068694978173e-01,8.707123479639006236e-02,5.685580692633872557e-01,-1.127893173595549275e-01,2.364723090097686498e-01,-1.996258111129041168e-01,4.926038988175606148e-01,2.306223649410630017e-01,3.024785859729976489e-01,3.167797297480758889e-01,-1.200082643467699217e-01,1.069128846048926912e-01,1.879520813431453941e-02,1.918502285089224851e-02,5.656435015500498042e-02,-2.403738288375795173e-02,-2.328148032337552242e-01,4.208677190691733072e-01,8.427402063859907866e-01,-5.950050767578786148e-01,-3.779173392414085786e-01,2.785604420045104668e-01,1.774957844351801040e-01,2.373887572443545979e-01,1.000000000000000000e+00,-6.376838725114784834e-02,-5.823741593309691433e-01,1.863043632928439441e-01,-8.018938371997974546e-01,4.607892851483055274e-01
-5.010494300657374334e-01,3.962559979772024843e-02,6.479863640103494804e-01,-3.385998027748901018e-01,-4.404212446732327924e-01,-2.368572709772246709e-01,-5.974915258079707137e-01,7.236455399999999205e-01,3.826190657785330518e-01,-4.816370240158929783e-01,6.965782632188403101e-01,3.817878133120943818e-01,-6.752519327377277669e-01,-6.607447451103479752e-01,3.918451957959466214e-01,-4.093283645750580430e-02,-5.855136303100422213e-01,6.648397214074158734e-01,7.230953906830048794e-01,6.732083627866134456e-01,7.121852592811859228e-01,6.580789945584339939e-01,4.710990848538005454e-02,1.678438502983055913e-01,3.636175605532108723e-01,-6.947696358810054873e-01,-1.407401707029652949e-01,-2.227289831982982582e-01,-5.306052650488112254e-01,2.539001753268807504e-01,7.299329724292178412e-01,1.479163554711343254e-01,-4.391412499988933682e-01,-6.376838725114784834e-02,1.000000000000000000e+00,-4.672210035310475074e-01,4.420663734650859267e-01,-3.627250927558536286e-01,6.974937100244623656e-01
4.578844382297639903e-01,4.792824097672346850e-01,-4.803154861544972620e-01,3.667148508796331252e-01,2.145834544002387378e-01,-8.314040769979365308e-02,3.637528687874959088e-01,-7.447456199999999971e-01,1.599636060374870494e-02,2.005443535534134070e-01,-5.805569031882295006e-01,-8.102188920700851282e-01,5.065490765691753605e-01,2.965660430915834089e-01,-2.693014007615115446e-01,-4.589776182020619544e-01,2.891145915709584790e-01,-8.511965341111218386e-01,-7.438682812487749096e-01,-5.039765721903038953e-01,-6.417321946916474396e-01,-3.400714569365305140e-01,-7.966242832374990923e-02,-2.387222627733584790e-01,-3.224570695632951733e-01,4.334999478955710028e-01,-1.345992047629658850e-01,-5.919549654140583428e-01,9.871123039345067740e-01,1.097983166293968471e-01,-8.081735385169780406e-01,-4.922073074382962155e-01,1.050651658719364556e-01,-5.823741593309691433e-01,-4.672210035310475074e-01,1.000000000000000000e+00,6.331103711089205999e-02,7.367405731462949303e-01,-8.177158327917282143e-01
-3.859262123749107043e-01,5.445952771563965233e-02,2.974391631201517283e-01,-8.085431818308924656e-02,-1.026419654095012124e-01,2.655796074882467162e-01,-1.343358961547126973e-01,2.337536600000000853e-01,6.054722108019631177e-01,-4.790063638184116623e-02,3.487651444515736943e-01,-1.385876506041645861e-01,-3.555312493809993368e-01,-3.299981584619503527e-01,-3.790804734845095725e-01,-5.685678161016893828e-02,-2.049428419782589050e-01,2.643503822707150008e-01,3.145927052354101638e-01,-3.807656903352560351e-02,2.291962488549744437e-01,3.098421787549200390e-01,-5.252557875857560843e-02,2.366850722332480284e-01,-2.913196526440536283e-01,-2.974987710255785345e-01,-1.319579365592794540e-01,-1.934366488294697595e-01,-1.978175285521101973e-03,1.828153695904676246e-01,1.995943001287066865e-01,-2.604307980660454658e-01,4.267445838364036792e-02,1.863043632928439441e-01,4.420663734650859267e-01,6.331103711089205999e-02,1.000000000000000000e+00,-3.188004025537283792e-01,3.080292662598514419e-01
1.278429748903048002e-01,4.091530088967047507e-01,-1.224641837747214301e-01,-8.111663440266632386e-02,-1.124890787700989075e-01,-4.772322482664847487e-01,-4.809112101903539882e-02,-3.866904599999999581e-01,1.871434892147590956e-01,-1.800575195227301917e-01,-2.560745588970780307e-01,-5.444978399492681476e-01,2.643400388017569935e-01,-7.823102330753167744e-02,-4.533684102491430251e-02,-6.516317041408170585e-01,-3.322120250611457909e-02,-5.433851150015532872e-01,-4.556802550046969991e-01,-9.743695581250914894e-02,-2.683979448474060336e-01,-2.242466302458601402e-01,2.172898564948267386e-01,-2.530151855844838815e-01,-1.087462135162819699e-01,4.665307368203689409e-01,-4.060195078604103003e-01,-6.275219124955101480e-01,7.440031935897182258e-01,2.717089326444992459e-01,-4.559818110577433248e-01,-5.401918291691235607e-01,1.018993507073990279e-01,-8.018938371997974546e-01,-3.627250927558536286e-01,7.367405731462949303e-01,-3.188004025537283792e-01,1.000000000000000000e+00,-5.623360146555980155e-01
-6.835862955381420969e-01,-7.445429124954704159e-02,7.598229450038268551e-01,-4.594985834233581423e-01,-4.487906754101339546e-01,-4.105702044967712849e-02,-4.810817321001522040e-01,9.389450200000000191e-01,4.480319425812572254e-01,-4.347979898234948237e-01,8.207150165834264932e-01,8.228784714677277456e-01,-8.031224068120769166e-01,-6.518360349289086253e-01,2.602521669089868928e-01,5.730700332591707330e-02,-5.294829981146951248e-01,8.637740961020140551e-01,9.394623332854311615e-01,6.693467854412654683e-01,8.707373057511134107e-01,6.539507009192895293e-01,4.068130660552877198e-01,1.007819839985567151e-01,3.821216135645168488e-01,-5.372116513173532670e-01,-1.945884764722876914e-01,3.019006797847046952e-01,-8.754685195593662206e-01,-3.872327443960428550e-02,9.516455843471820497e-01,1.051389355917232704e-01,-9.210414017331822190e-02,4.607892851483055274e-01,6.974937100244623656e-01,-8.177158327917282143e-01,3.080292662598514419e-01,-5.623360146555980155e-01,1.000000000000000000e+00
