1.0,-0.0973320178268543,-0.14739627510846015,-0.011770320944263649,0.26841817358912651,-0.25973977241640722,0.0091634163374294114,0.031513331452663947,-0.26685815573777566,0.45373625553730379,-0.28679409592261729,-0.13354396273589494,-0.06494764377975655,-0.0081771999999999956,-0.031603354904552697,-0.017564867545735295,-0.14016004857057174,0.33664559498208863,-0.14743336858937828,-0.20184242077758013,0.047009445985650503,-0.10552013407429689,0.010280590318400118,-0.43831167462415471,0.32905132597199105,-0.022874344904594175,-0.18538091290006622,-0.080450166498415049,-0.027388411646989876,-0.031748587153444884,0.051287276730438508,-0.18855099218127352,0.15054256473190841,-0.27986598226903153,-0.15880120504125647,0.041824565076266251,0.03879003144267118,-0.15683900635711673,0.39746053486065935
-0.0973320178268543,1.0,-0.33863950777104129,0.37304703190778643,0.36741308650081683,0.69405571938709554,-0.77745933554499991,-0.35761741926393376,-0.29327222261867958,-0.60677382544489289,-0.14467636392161431,0.70446980997759256,-0.26984884586118185,0.8068820000000001,-0.33822267103179349,-0.68178279123755503,-0.30167638723441448,-0.56735875688612603,0.22817464945955798,0.093234947168725629,-0.83194104757440868,0.84243697130656292,-0.73069895247184058,-0.1629116041228249,-0.50062120326134529,0.44374351319949001,0.23955448806420804,0.70132943934723702,-0.57192571529421554,0.6718652714648462,0.02513712130854881,0.052749095752354806,-0.31619592552423637,-0.36861105693158747,-0.6179821094185447,-0.78974721592012853,-0.76341191906338346,0.32005383050930997,0.50422472974021382
-0.14739627510846015,-0.33863950777104129,1.0,-0.62498644551393678,-0.58346329973163935,0.3315518214136573,0.45326261497290105,0.13875907255198164,0.2150902522311017,0.29666539733823322,0.63631444281465788,-0.65466392888246694,0.62150119595809394,-0.51615071999999995,-0.32297707677781673,0.49495328917307002,-0.21235263268389504,0.19491847179967209,-0.31579173284601758,-0.61771960896611799,0.55467296683914835,-0.28587362724323323,0.15632554722551512,0.34681653888142489,-0.28655119190371031,-0.46044060255820285,0.14499900825329048,-0.31202676862259571,-0.17918764127628567,-0.4014034900356146,0.74293906547695532,-0.55160545262669491,-0.43052346082563892,0.51660047408497889,0.73974983241446879,0.54739472529948741,0.62275152333370443,-0.6807742430492959,-0.08362838777976199
-0.011770320944263649,0.37304703190778643,-0.62498644551393678,1.0,0.84781811992616585,0.016422680535287417,-0.80737696720265584,0.15866317669511268,-0.71010931917698938,-0.51363609190912896,-0.21054407917508608,0.77171599391615098,-0.86192536269429376,0.76074752000000001,0.46991455549603711,-0.68408229552776834,-0.1393361653852013,0.083574450571839529,0.42596134611893788,0.50178593987101117,-0.5411987591747266,0.23985014522609902,0.082429132147231243,0.0082961682973984215,0.28329912281252817,0.89429281772445657,-0.58406689562760272,0.77220292845700222,-0.062478128745496207,0.79267413084189808,-0.62655775917725143,0.50898029071809248,0.23461760927095668,-0.042991642778365043,-0.82995919703313714,-0.83055197404825831,-0.65972679668386114,0.76884846699804144,0.09864614821158485
0.26841817358912651,0.36741308650081683,-0.58346329973163935,0.84781811992616585,1.0,0.042674568307514794,-0.73979578528729684,0.1075848659589841,-0.68742284995822878,-0.35788613117360596,-0.36344757737860461,0.56531385787876631,-0.92605292353272373,0.75165992000000004,0.52912170888959864,-0.73599619884789114,-0.18433334890803157,-0.0038204154967109694,-0.0069384310761101409,0.14753291024106119,-0.5639056255515662,0.32571090113995882,-0.089670941043453745,-0.39959848662071368,0.34355301469233229,0.8862657149919051,-0.68473932547841787,0.55935800744719177,-0.19434637747008762,0.79347793573284575,-0.47654999308669765,0.15877836708802701,0.053767600214013604,-0.21342248026177479,-0.81154827986222988,-0.6723239293559139,-0.6634253559424752,0.42652774548391714,0.4854535074711161
-0.25973977241640722,0.69405571938709554,0.3315518214136573,0.016422680535287417,0.042674568307514794,1.0,-0.50576288659349067,-0.029273326342342285,-0.28693659951384964,-0.41505315974339918,0.41406137641512453,0.16557871624650725,0.10491768230743427,0.45402353999999989,-0.47332832427849253,-0.3224869208673834,-0.60174741157579403,-0.34173558704166335,-0.17488190621202601,-0.44873012710189841,-0.35307132004575303,0.56279963704915525,-0.46689527099971773,0.11819350427843262,-0.41878492546884588,0.29576138857931483,0.093088487528493233,0.53484176173981779,-0.84350720334834917,0.48237853039419809,0.61602863147803089,-0.458306611000247,-0.67012007750275937,0.26296983620593961,-0.035748464828166654,-0.40334968577356095,-0.25145343336741766,-0.22787854939088809,0.48966500943534125
0.0091634163374294114,-0.77745933554499991,0.45326261497290105,-0.80737696720265584,-0.73979578528729684,-0.50576288659349067,1.0,0.11896084113930849,0.65981339589768018,0.73695002544060551,0.06692871943799332,-0.83529570859578595,0.62733896005077716,-0.97409212000000001,-0.12317647681219498,0.83328890538009348,0.31458499972837933,0.26372767835413519,-0.31370426051757588,-0.18687875218233413,0.80729865742798068,-0.68275570513288641,0.4044617870954173,0.12503760563663893,0.073252869739978882,-0.85924405226984291,0.28742692306710865,-0.93912662146920167,0.42311855271000731,-0.95318760389809876,0.2237408108415245,-0.13643695059358465,0.08452111019182991,0.14058270121183081,0.8001495923997084,0.96803001326057658,0.834102962207253,-0.55288717115153552,-0.48785812462767458
0.031513331452663947,-0.35761741926393376,0.13875907255198164,0.15866317669511268,0.1075848659589841,-0.029273326342342285,0.11896084113930849,1.0,-0.58484948987684393,0.49895836058327053,0.12706807697875649,-0.40533558489906285,-0.043624670039467947,-0.29647756000000003,-0.095952920480206025,0.2128963084514934,-0.66666471298984276,0.77336985858953455,-0.1811704915023179,-0.15963957463175377,0.61688505203141974,-0.69489321262152826,0.80479692543194814,0.4181665896330401,0.5508387891431874,0.17925879477030601,-0.65368708053040536,0.03123311289806974,-0.33109963173109619,-0.15594592670795102,0.20526854308508305,0.0051502685163163512,-0.30027356826693713,0.74511804817783933,0.18566405994276658,0.14932757695511678,0.55311309153095212,-0.20097929668282666,-0.2513759889102144
-0.26685815573777566,-0.29327222261867958,0.2150902522311017,-0.71010931917698938,-0.68742284995822878,-0.28693659951384964,0.65981339589768018,-0.58484948987684393,1.0,0.080214417921352435,-0.016184105471758619,-0.30152894224634197,0.49462335826329362,-0.51162163999999999,-0.056984917482552758,0.54963191210866036,0.74744649612147374,-0.49654324403495714,-0.13047200140345483,0.041828822425574959,0.14115564883292858,0.026960769036305468,-0.27506700683295704,-0.15482119052591226,-0.39252285101360679,-0.76594914228479594,0.7344348277567071,-0.71158063813298833,0.4970141502506461,-0.5787253143256651,-0.00048139576815372029,-0.067749542568742729,0.17874315812304081,-0.3302988266170872,0.50931060745435885,0.60331520096710223,0.21586141049019233,-0.22186718237362857,-0.29262743895709098
0.45373625553730379,-0.60677382544489289,0.29666539733823322,-0.51363609190912896,-0.35788613117360596,-0.41505315974339918,0.73695002544060551,0.49895836058327053,0.080214417921352435,1.0,-0.056014415057581278,-0.77776316546464097,0.38391616723008354,-0.79106222000000004,-0.26878533529076482,0.62814545197534755,-0.20221399419646829,0.64425995833448479,-0.30565071953486395,-0.2707188416556775,0.80420282248682995,-0.7870012438047187,0.57536676393235331,0.098330084787152855,0.29304810876253423,-0.56444232124030724,-0.080129064352837634,-0.65810777257546438,0.052986719314060904,-0.77108902170141602,0.26956967576025415,-0.084505984739502923,-0.1032591266220686,0.21596182261097949,0.48070255036263171,0.71316870730934445,0.80516388552809537,-0.52892444494280944,-0.29478667961233962
-0.28679409592261729,-0.14467636392161431,0.63631444281465788,-0.21054407917508608,-0.36344757737860461,0.41406137641512453,0.06692871943799332,0.12706807697875649,-0.016184105471758619,-0.056014415057581278,1.0,-0.25707975997502414,0.37362962682048584,-0.17375253999999996,-0.16428595310663974,0.321248109111827,-0.25789342974341323,0.1975302815976927,0.00095563499090151049,-0.37600774346346444,0.31333771901440488,-0.1355918843997263,0.19352762000641727,0.50627829554712656,-0.055878144683551317,-0.060933994659020829,-0.026929325590550873,0.11652244068009512,-0.21253321850217471,-0.038701893451726317,0.50968231385352336,-0.3082104922462171,-0.22444843603025444,0.6479689451500048,0.40377163212187317,0.13615071685302774,0.34360316655245826,-0.27627293549742421,-0.18240262555691839
-0.13354396273589494,0.70446980997759256,-0.65466392888246694,0.77171599391615098,0.56531385787876631,0.16557871624650725,-0.83529570859578595,-0.40533558489906285,-0.30152894224634197,-0.77776316546464097,-0.25707975997502414,1.0,-0.60965733375102915,0.8704577,0.19282343892327169,-0.70589755756968375,0.14529992124726937,-0.42276028165073282,0.63705220831247633,0.62798970927463482,-0.87392743253075167,0.66975412937476875,-0.44351825134138556,-0.086078117165138079,-0.23814600908082503,0.62053245718779282,0.03994417816946072,0.78007025496259375,0.0067453319577295001,0.76653251603483508,-0.59910972469647905,0.54268172146813254,0.26551462685864041,-0.44283637101408924,-0.85379460440706323,-0.92102697449613991,-0.91196629417320829,0.86602734668290471,0.14002265087470664
-0.06494764377975655,-0.26984884586118185,0.62150119595809394,-0.86192536269429376,-0.92605292353272373,0.10491768230743427,0.62733896005077716,-0.043624670039467947,0.49462335826329362,0.38391616723008354,0.37362962682048584,-0.60965733375102915,1.0,-0.66341508000000005,-0.65048943691385408,0.60783747030478308,-0.054684326023790975,0.071306040128654866,-0.086328096163387297,-0.38006340285325668,0.53804594238437975,-0.2532282892362212,0.0068371990458841875,0.32110247944562242,-0.29693430085839073,-0.81135117840861748,0.60831487798029837,-0.45712945897658869,-0.0019181698269101488,-0.71663977987555505,0.69682007365618115,-0.38440696268492835,-0.19499579940039252,0.23130120153962871,0.79715525817928834,0.61098752414818924,0.6564511494900338,-0.58605344975832419,-0.22221885537135241
-0.0081771999999999956,0.8068820000000001,-0.51615071999999995,0.76074752000000001,0.75165992000000004,0.45402353999999989,-0.97409212000000001,-0.29647756000000003,-0.51162163999999999,-0.79106222000000004,-0.17375253999999996,0.8704577,-0.66341508000000005,1.0,0.19276323999999989,-0.86210582000000002,-0.14797159999999998,-0.43386703999999998,0.26418458,0.20553709999999992,-0.91170784000000005,0.79503998000000009,-0.55278094,-0.28009424000000005,-0.14381619999999995,0.81532438000000007,-0.19177358,0.84951046000000008,-0.33709743999999997,0.95457196,-0.30066523999999994,0.12527054000000004,-0.037325179999999958,-0.32396214000000001,-0.83107735999999999,-0.94125325999999998,-0.93103942000000006,0.55579025999999998,0.55272711999999991
-0.031603354904552697,-0.33822267103179349,-0.32297707677781673,0.46991455549603711,0.52912170888959864,-0.47332832427849253,-0.12317647681219498,-0.095952920480206025,-0.056984917482552758,-0.26878533529076482,-0.16428595310663974,0.19282343892327169,-0.65048943691385408,0.19276323999999989,1.0,-0.29350000654047065,0.48781876404827851,0.024553238730015241,-0.080774044558910935,0.22460291051663434,-0.1378709352588289,-0.054450635148342919,0.18842294711814156,-0.25605080366356969,0.52124068288862679,0.47478643651435293,-0.56729869675255828,-0.035135618892947522,0.53544350433446308,0.31781786891482189,-0.63823859328935284,0.15721722141635588,0.56883832131630085,-0.10877795137961974,-0.26425318417826094,-0.060968931106453413,-0.27402172050434775,0.31399514098815373,0.046794731369274228
-0.017564867545735295,-0.68178279123755503,0.49495328917307002,-0.68408229552776834,-0.73599619884789114,-0.3224869208673834,0.83328890538009348,0.2128963084514934,0.54963191210866036,0.62814545197534755,0.321248109111827,-0.70589755756968375,0.60783747030478308,-0.86210582000000002,-0.29350000654047065,1.0,0.1926976277487541,0.26144842974251914,-0.19149166653899191,-0.11999294957864309,0.76136407791499983,-0.62970633100114237,0.45578272678097764,0.23845552529335592,0.021283183309119005,-0.77487887887688622,0.29105652221277334,-0.68401046669721555,0.20663379668063064,-0.7879096971912124,0.27638814639278941,-0.083581096693094603,-0.052425212357872904,0.37129106887145602,0.73273139628102302,0.78484017002287265,0.80064196254473297,-0.40793457315783693,-0.60952395343405952
-0.14016004857057174,-0.30167638723441448,-0.21235263268389504,-0.1393361653852013,-0.18433334890803157,-0.60174741157579403,0.31458499972837933,-0.66666471298984276,0.74744649612147374,-0.20221399419646829,-0.25789342974341323,0.14529992124726937,-0.054684326023790975,-0.14797159999999998,0.48781876404827851,0.1926976277487541,1.0,-0.44066509451122199,0.16964487448594581,0.45217912222581386,-0.15643875936244284,0.099915734972432155,-0.19946792178441891,-0.26984354743801953,-0.13455522125366606,-0.32262017279756594,0.39824464172991797,-0.42843096015155346,0.82882829244708711,-0.1959547183646391,-0.58376955551809462,0.29887613124147366,0.63493817070345282,-0.5377853996824985,0.032277560227909938,0.23493268680320722,-0.18302182678929044,0.3080888060337868,-0.28600111728454874
0.33664559498208863,-0.56735875688612603,0.19491847179967209,0.083574450571839529,-0.0038204154967109694,-0.34173558704166335,0.26372767835413519,0.77336985858953455,-0.49654324403495714,0.64425995833448479,0.1975302815976927,-0.42276028165073282,0.071306040128654866,-0.43386703999999998,0.024553238730015241,0.26144842974251914,-0.44066509451122199,1.0,0.081896018132677259,-0.062912189558415543,0.7124408349237209,-0.83949686172676208,0.87079619433921263,0.44054047156063819,0.59205575697357748,-0.0064084174252139409,-0.55598111551762575,-0.074525251078753865,0.063213877080011416,-0.33588695162473753,0.090923078695120327,0.1229581662682811,0.11598931136832775,0.559589150804508,0.20383856028493869,0.25297038450697401,0.62503827096391817,-0.12019552451329638,-0.35531527955740128
-0.14743336858937828,0.22817464945955798,-0.31579173284601758,0.42596134611893788,-0.0069384310761101409,-0.17488190621202601,-0.31370426051757588,-0.1811704915023179,-0.13047200140345483,-0.30565071953486395,0.00095563499090151049,0.63705220831247633,-0.086328096163387297,0.26418458,-0.080774044558910935,-0.19149166653899191,0.16964487448594581,0.081896018132677259,1.0,0.76333759763961395,-0.2702738013692168,0.063795468923150203,0.04273081740155904,0.48233887045107365,-0.28655135162044632,0.08072543517849394,0.25219096104891797,0.48036576718772239,0.35904992767120225,0.12507286878711601,-0.48442211230969823,0.78729881306846117,0.43282550931208452,-0.20171312830879909,-0.43850878997620929,-0.50567161228988855,-0.31593984138243447,0.78937873659200697,-0.49156024080902377
-0.20184242077758013,0.093234947168725629,-0.61771960896611799,0.50178593987101117,0.14753291024106119,-0.44873012710189841,-0.18687875218233413,-0.15963957463175377,0.041828822425574959,-0.2707188416556775,-0.37600774346346444,0.62798970927463482,-0.38006340285325668,0.20553709999999992,0.22460291051663434,-0.11999294957864309,0.45217912222581386,-0.062912189558415543,0.76333759763961395,1.0,-0.28694745127480253,-0.0024209147394213884,0.12283077138222753,0.23940235108227309,-0.052194032395416458,0.12429666190137569,0.13866913560899519,0.24127839661115105,0.5136805015274426,0.11372116755271139,-0.82857183518396982,0.92301172421953248,0.63385153056834476,-0.31736336670232324,-0.48453173472700489,-0.39144062402456603,-0.3668932396759832,0.8931381174110522,-0.55428732673196157
0.047009445985650503,-0.83194104757440868,0.55467296683914835,-0.5411987591747266,-0.5639056255515662,-0.35307132004575303,0.80729865742798068,0.61688505203141974,0.14115564883292858,0.80420282248682995,0.31333771901440488,-0.87392743253075167,0.53804594238437975,-0.91170784000000005,-0.1378709352588289,0.76136407791499983,-0.15643875936244284,0.7124408349237209,-0.2702738013692168,-0.28694745127480253,1.0,-0.92428883306624243,0.78584136319465803,0.4280808458404386,0.3684538504719102,-0.55081587528667486,-0.15487109365196322,-0.62995072667788166,0.16174968265645895,-0.79544776734450706,0.36964612208032827,-0.16142827507021101,-0.044434305164113022,0.61863297825650121,0.76984492367116175,0.81348915883844852,0.98452939962716546,-0.54758919425796915,-0.51631378585633259
-0.10552013407429689,0.84243697130656292,-0.28587362724323323,0.23985014522609902,0.32571090113995882,0.56279963704915525,-0.68275570513288641,-0.69489321262152826,0.026960769036305468,-0.7870012438047187,-0.1355918843997263,0.66975412937476875,-0.2532282892362212,0.79503998000000009,-0.054450635148342919,-0.62970633100114237,0.099915734972432155,-0.83949686172676208,0.063795468923150203,-0.0024209147394213884,-0.92428883306624243,1.0,-0.93143220360429935,-0.45095717180733425,-0.51270303600517453,0.36513453059808215,0.32982657256077735,0.51082908172380115,-0.30755877899079515,0.68812704340456443,-0.034600000403736023,-0.15514856791267689,-0.16264196591388891,-0.534857480230299,-0.50521207600608131,-0.64145733881973266,-0.85184629975761261,0.24543482012427614,0.63321413609866251
0.010280590318400118,-0.73069895247184058,0.15632554722551512,0.082429132147231243,-0.089670941043453745,-0.46689527099971773,0.4044617870954173,0.80479692543194814,-0.27506700683295704,0.57536676393235331,0.19352762000641727,-0.44351825134138556,0.0068371990458841875,-0.55278094,0.18842294711814156,0.45578272678097764,-0.19946792178441891,0.87079619433921263,0.04273081740155904,0.12283077138222753,0.78584136319465803,-0.93143220360429935,1.0,0.52704773531082139,0.62420168070972326,-0.045112642469623543,-0.54939726763763108,-0.21387804835147267,0.21292251863808886,-0.39914910425803285,-0.096099401453228234,0.26716170171576537,0.183349912754184,0.66940500920873514,0.29838774040744698,0.36956849427347938,0.67952020427835447,-0.020222241320518197,-0.62916009789298577
-0.43831167462415471,-0.1629116041228249,0.34681653888142489,0.0082961682973984215,-0.39959848662071368,0.11819350427843262,0.12503760563663893,0.4181665896330401,-0.15482119052591226,0.098330084787152855,0.50627829554712656,-0.086078117165138079,0.32110247944562242,-0.28009424000000005,-0.25605080366356969,0.23845552529335592,-0.26984354743801953,0.44054047156063819,0.48233887045107365,0.23940235108227309,0.4280808458404386,-0.45095717180733425,0.52704773531082139,1.0,-0.069315426505567351,-0.095821912986079699,0.0012079583674781255,0.16744983415009501,0.018800994792336063,-0.23000298418877396,0.13887284665758684,0.34378182609209218,0.040150780533115243,0.59194176736258164,0.27484750447980338,0.03583070377184925,0.40617034896342691,0.13297545980093933,-0.64072237760296691
0.32905132597199105,-0.50062120326134529,-0.28655119190371031,0.28329912281252817,0.34355301469233229,-0.41878492546884588,0.073252869739978882,0.5508387891431874,-0.39252285101360679,0.29304810876253423,-0.055878144683551317,-0.23814600908082503,-0.29693430085839073,-0.14381619999999995,0.52124068288862679,0.021283183309119005,-0.13455522125366606,0.59205575697357748,-0.28655135162044632,-0.052194032395416458,0.3684538504719102,-0.51270303600517453,0.62420168070972326,-0.069315426505567351,1.0,0.33739005979698605,-0.75213964079376328,-0.088236202475050471,0.11901443793283389,0.016505863993703008,-0.19018071275717716,-0.044378621245041681,0.36823437471736831,0.37303094164105671,0.034056618487008243,0.13851246084856605,0.2608321380823746,-0.023805084816185484,0.0079968439930344845
-0.022874344904594175,0.44374351319949001,-0.46044060255820285,0.89429281772445657,0.8862657149919051,0.29576138857931483,-0.85924405226984291,0.17925879477030601,-0.76594914228479594,-0.56444232124030724,-0.060933994659020829,0.62053245718779282,-0.81135117840861748,0.81532438000000007,0.47478643651435293,-0.77487887887688622,-0.32262017279756594,-0.0064084174252139409,0.08072543517849394,0.12429666190137569,-0.55081587528667486,0.36513453059808215,-0.045112642469623543,-0.095821912986079699,0.33739005979698605,1.0,-0.70048712393628199,0.77136345719238719,-0.32305325719177863,0.90352177398743871,-0.33013032957031674,0.1138614623993722,0.0099951331103775645,0.088495593986309254,-0.71183225474023548,-0.77878183378962529,-0.64071243235535036,0.45967036475281897,0.41609645999234984
-0.18538091290006622,0.23955448806420804,0.14499900825329048,-0.58406689562760272,-0.68473932547841787,0.093088487528493233,0.28742692306710865,-0.65368708053040536,0.7344348277567071,-0.080129064352837634,-0.026929325590550873,0.03994417816946072,0.60831487798029837,-0.19177358,-0.56729869675255828,0.29105652221277334,0.39824464172991797,-0.55598111551762575,0.25219096104891797,0.13866913560899519,-0.15487109365196322,0.32982657256077735,-0.54939726763763108,0.0012079583674781255,-0.75213964079376328,-0.70048712393628199,1.0,-0.25109333663082811,0.15538149178126717,-0.38373942576506548,0.16330541664345249,0.05123951146790337,-0.0091345101980881901,-0.44420596973172161,0.25202811365299232,0.16792999329986993,-0.025839150083695139,-0.031624445242695913,-0.1724178355238101
-0.080450166498415049,0.70132943934723702,-0.31202676862259571,0.77220292845700222,0.55935800744719177,0.53484176173981779,-0.93912662146920167,0.03123311289806974,-0.71158063813298833,-0.65810777257546438,0.11652244068009512,0.78007025496259375,-0.45712945897658869,0.84951046000000008,-0.035135618892947522,-0.68401046669721555,-0.42843096015155346,-0.074525251078753865,0.48036576718772239,0.24127839661115105,-0.62995072667788166,0.51082908172380115,-0.21387804835147267,0.16744983415009501,-0.088236202475050471,0.77136345719238719,-0.25109333663082811,1.0,-0.44093124803799022,0.84248181364805674,-0.12912270053361713,0.22132416339907238,-0.088758282415348569,0.085602688023370468,-0.67868299656088527,-0.94257842883144294,-0.65482276556063834,0.5825487583548562,0.26410837287409594
-0.027388411646989876,-0.57192571529421554,-0.17918764127628567,-0.062478128745496207,-0.19434637747008762,-0.84350720334834917,0.42311855271000731,-0.33109963173109619,0.4970141502506461,0.052986719314060904,-0.21253321850217471,0.0067453319577295001,-0.0019181698269101488,-0.33709743999999997,0.53544350433446308,0.20663379668063064,0.82882829244708711,0.063213877080011416,0.35904992767120225,0.5136805015274426,0.16174968265645895,-0.30755877899079515,0.21292251863808886,0.018800994792336063,0.11901443793283389,-0.32305325719177863,0.15538149178126717,-0.44093124803799022,1.0,-0.38422735879254305,-0.60810092500257695,0.44298600663848742,0.79234668935799646,-0.35277410531801262,0.086339969367358216,0.3203453536000534,0.079677425830766938,0.32312385130887755,-0.48959131017862156
-0.031748587153444884,0.6718652714648462,-0.4014034900356146,0.79267413084189808,0.79347793573284575,0.48237853039419809,-0.95318760389809876,-0.15594592670795102,-0.5787253143256651,-0.77108902170141602,-0.038701893451726317,0.76653251603483508,-0.71663977987555505,0.95457196,0.31781786891482189,-0.7879096971912124,-0.1959547183646391,-0.33588695162473753,0.12507286878711601,0.11372116755271139,-0.79544776734450706,0.68812704340456443,-0.39914910425803285,-0.23000298418877396,0.016505863993703008,0.90352177398743871,-0.38373942576506548,0.84248181364805674,-0.38422735879254305,1.0,-0.25267702491950461,0.02676616867373539,-0.051056524293711145,-0.10468382685418302,-0.73824833903031439,-0.87837660391824646,-0.83254198057821838,0.48524982701463781,0.54521778411134536
0.051287276730438508,0.02513712130854881,0.74293906547695532,-0.62655775917725143,-0.47654999308669765,0.61602863147803089,0.2237408108415245,0.20526854308508305,-0.00048139576815372029,0.26956967576025415,0.50968231385352336,-0.59910972469647905,0.69682007365618115,-0.30066523999999994,-0.63823859328935284,0.27638814639278941,-0.58376955551809462,0.090923078695120327,-0.48442211230969823,-0.82857183518396982,0.36964612208032827,-0.034600000403736023,-0.096099401453228234,0.13887284665758684,-0.19018071275717716,-0.33013032957031674,0.16330541664345249,-0.12912270053361713,-0.60810092500257695,-0.25267702491950461,1.0,-0.79671296262578783,-0.66565281656473674,0.45850325735641317,0.62359876051993512,0.35350805047452005,0.49288918620442063,-0.82258789988008085,0.31321651999543787
-0.18855099218127352,0.052749095752354806,-0.55160545262669491,0.50898029071809248,0.15877836708802701,-0.458306611000247,-0.13643695059358465,0.0051502685163163512,-0.067749542568742729,-0.084505984739502923,-0.3082104922462171,0.54268172146813254,-0.38440696268492835,0.12527054000000004,0.15721722141635588,-0.083581096693094603,0.29887613124147366,0.1229581662682811,0.78729881306846117,0.92301172421953248,-0.16142827507021101,-0.15514856791267689,0.26716170171576537,0.34378182609209218,-0.044378621245041681,0.1138614623993722,0.05123951146790337,0.22132416339907238,0.44298600663848742,0.02676616867373539,-0.79671296262578783,1.0,0.49163445807981465,-0.23911075203578552,-0.50206711771035384,-0.35342668548717049,-0.25217731800040599,0.83900587674247584,-0.65101276789776408
0.15054256473190841,-0.31619592552423637,-0.43052346082563892,0.23461760927095668,0.053767600214013604,-0.67012007750275937,0.08452111019182991,-0.30027356826693713,0.17874315812304081,-0.1032591266220686,-0.22444843603025444,0.26551462685864041,-0.19499579940039252,-0.037325179999999958,0.56883832131630085,-0.052425212357872904,0.63493817070345282,0.11598931136832775,0.43282550931208452,0.63385153056834476,-0.044434305164113022,-0.16264196591388891,0.183349912754184,0.040150780533115243,0.36823437471736831,0.0099951331103775645,-0.0091345101980881901,-0.088758282415348569,0.79234668935799646,-0.051056524293711145,-0.66565281656473674,0.49163445807981465,1.0,-0.30255995049088946,-0.14966716883876893,-0.01674501011514129,-0.13651058972377397,0.53723266890780486,-0.30001304313237809
-0.27986598226903153,-0.36861105693158747,0.51660047408497889,-0.042991642778365043,-0.21342248026177479,0.26296983620593961,0.14058270121183081,0.74511804817783933,-0.3302988266170872,0.21596182261097949,0.6479689451500048,-0.44283637101408924,0.23130120153962871,-0.32396214000000001,-0.10877795137961974,0.37129106887145602,-0.5377853996824985,0.559589150804508,-0.20171312830879909,-0.31736336670232324,0.61863297825650121,-0.534857480230299,0.66940500920873514,0.59194176736258164,0.37303094164105671,0.088495593986309254,-0.44420596973172161,0.085602688023370468,-0.35277410531801262,-0.10468382685418302,0.45850325735641317,-0.23911075203578552,-0.30255995049088946,1.0,0.47769375755680271,0.21299853473985714,0.59947344476918807,-0.29733749601114917,-0.29476547861644453
-0.15880120504125647,-0.6179821094185447,0.73974983241446879,-0.82995919703313714,-0.81154827986222988,-0.035748464828166654,0.8001495923997084,0.18566405994276658,0.50931060745435885,0.48070255036263171,0.40377163212187317,-0.85379460440706323,0.79715525817928834,-0.83107735999999999,-0.26425318417826094,0.73273139628102302,0.032277560227909938,0.20383856028493869,-0.43850878997620929,-0.48453173472700489,0.76984492367116175,-0.50521207600608131,0.29838774040744698,0.27484750447980338,0.034056618487008243,-0.71183225474023548,0.25202811365299232,-0.67868299656088527,0.086339969367358216,-0.73824833903031439,0.62359876051993512,-0.50206711771035384,-0.14966716883876893,0.47769375755680271,1.0,0.85169403595711746,0.83727280741384302,-0.72440136799753529,-0.25739718205611928
0.041824565076266251,-0.78974721592012853,0.54739472529948741,-0.83055197404825831,-0.6723239293559139,-0.40334968577356095,0.96803001326057658,0.14932757695511678,0.60331520096710223,0.71316870730934445,0.13615071685302774,-0.92102697449613991,0.61098752414818924,-0.94125325999999998,-0.060968931106453413,0.78484017002287265,0.23493268680320722,0.25297038450697401,-0.50567161228988855,-0.39144062402456603,0.81348915883844852,-0.64145733881973266,0.36956849427347938,0.03583070377184925,0.13851246084856605,-0.77878183378962529,0.16792999329986993,-0.94257842883144294,0.3203453536000534,-0.87837660391824646,0.35350805047452005,-0.35342668548717049,-0.01674501011514129,0.21299853473985714,0.85169403595711746,1.0,0.8441669896425128,-0.71043575582645146,-0.3103697334122873
0.03879003144267118,-0.76341191906338346,0.62275152333370443,-0.65972679668386114,-0.6634253559424752,-0.25145343336741766,0.834102962207253,0.55311309153095212,0.21586141049019233,0.80516388552809537,0.34360316655245826,-0.91196629417320829,0.6564511494900338,-0.93103942000000006,-0.27402172050434775,0.80064196254473297,-0.18302182678929044,0.62503827096391817,-0.31593984138243447,-0.3668932396759832,0.98452939962716546,-0.85184629975761261,0.67952020427835447,0.40617034896342691,0.2608321380823746,-0.64071243235535036,-0.025839150083695139,-0.65482276556063834,0.079677425830766938,-0.83254198057821838,0.49288918620442063,-0.25217731800040599,-0.13651058972377397,0.59947344476918807,0.83727280741384302,0.8441669896425128,1.0,-0.63591120225049758,-0.46607433836034534
-0.15683900635711673,0.32005383050930997,-0.6807742430492959,0.76884846699804144,0.42652774548391714,-0.22787854939088809,-0.55288717115153552,-0.20097929668282666,-0.22186718237362857,-0.52892444494280944,-0.27627293549742421,0.86602734668290471,-0.58605344975832419,0.55579025999999998,0.31399514098815373,-0.40793457315783693,0.3080888060337868,-0.12019552451329638,0.78937873659200697,0.8931381174110522,-0.54758919425796915,0.24543482012427614,-0.020222241320518197,0.13297545980093933,-0.023805084816185484,0.45967036475281897,-0.031624445242695913,0.5825487583548562,0.32312385130887755,0.48524982701463781,-0.82258789988008085,0.83900587674247584,0.53723266890780486,-0.29733749601114917,-0.72440136799753529,-0.71043575582645146,-0.63591120225049758,1.0,-0.30294696125454279
0.39746053486065935,0.50422472974021382,-0.08362838777976199,0.09864614821158485,0.4854535074711161,0.48966500943534125,-0.48785812462767458,-0.2513759889102144,-0.29262743895709098,-0.29478667961233962,-0.18240262555691839,0.14002265087470664,-0.22221885537135241,0.55272711999999991,0.046794731369274228,-0.60952395343405952,-0.28600111728454874,-0.35531527955740128,-0.49156024080902377,-0.55428732673196157,-0.51631378585633259,0.63321413609866251,-0.62916009789298577,-0.64072237760296691,0.0079968439930344845,0.41609645999234984,-0.1724178355238101,0.26410837287409594,-0.48959131017862156,0.54521778411134536,0.31321651999543787,-0.65101276789776408,-0.30001304313237809,-0.29476547861644453,-0.25739718205611928,-0.3103697334122873,-0.46607433836034534,-0.30294696125454279,1.0
