1.0,0.06849524556929841,0.18629790926780165,0.39799854426894515,0.23974661754063309,0.27186697963539053,0.096644239158948958,0.69512735282069127,0.20841283792718371,0.65917424279921055,-0.47739147668145049,0.79612485027470625,0.26627598932920576,-0.77429205141877855,0.40110972882757739,-0.23937178456250913,0.17843263516309171,-0.50149496000000005,-0.30691550297994691,-0.5066666861426864,-0.7552298397782975,-0.48031688406400597,-0.064073747959842414,0.045668681925967403,-0.43424724678904508,-0.15797102478587632,-0.34972109950635194,0.90268736883873113,-0.083118070357984325,0.63207434134942275,-0.50855751265681648,-0.048392885404807469,0.23906722275794007,0.51075575347554314,-0.47491745412056918,-0.57188043109495112,-0.49332356173141195,-0.78500047699122788,0.65812420430820229
0.06849524556929841,1.0,0.84885637144266912,0.87958847755442904,0.10874363524815853,0.49914790596905217,0.41749570947090581,0.66423302209335466,-0.52490466185217388,-0.51758883502383535,-0.64199890311235575,0.15196713101889822,0.76377053621906121,-0.40055296240935889,0.55374267393239462,-0.40759797079704474,-0.47679457492367411,0.57613197999999999,0.57357011337676922,-0.64730308625138344,-0.25174878845662074,0.80683172142804782,-0.75385511411761807,-0.84984423580903068,-0.43027476984979307,-0.89926749134320971,0.16773275593753351,0.31298004665872425,-0.5633690736529674,-0.32649391746314743,0.6754186322962058,-0.38914842663113453,0.071426422142086277,0.4540728694133867,-0.17338439440411088,0.10329843071893091,0.29583442708777896,0.077486847932246763,-0.23000980800514428
0.18629790926780165,0.84885637144266912,1.0,0.69817991846267191,0.16951937492804803,0.43957089869683535,0.25832451088739494,0.61846892738359371,-0.7524244097013838,-0.52367271405007543,-0.41599310695324593,0.4026334632225837,0.72427378601038084,-0.55680518452805061,0.45732502657018226,-0.035217164470785871,-0.73380008110518335,0.66916814000000002,0.75377588467876089,-0.42714388243070517,-0.10623592274369266,0.64517459219405826,-0.91185040831794872,-0.6181198032477474,-0.626089936514449,-0.80796918049504229,0.22424092976367097,0.43210297355080202,-0.8720040971211328,-0.4374517233003985,0.65751131019318254,0.010413786042498676,-0.31073097436819846,0.3711310556238081,-0.2610076290059431,-0.07565415961221246,0.25880675928842456,-0.0854023185619813,-0.36083353512045951
0.39799854426894515,0.87958847755442904,0.69817991846267191,1.0,0.30864083477269189,0.61591884360713811,0.43918657816420792,0.88614596242687882,-0.18250403618679065,-0.11607999107776877,-0.77833367124343267,0.31905416018501775,0.70953659729743457,-0.50944562604437982,0.72667950946799542,-0.70119010282441041,-0.16725510532981294,0.17847878000000006,0.25100423354027301,-0.87306061994334838,-0.64184965713776732,0.54006435291960653,-0.55407836591048731,-0.85558820551330328,-0.30935597150752636,-0.80690731522571846,-0.11527262528254573,0.58208517396095383,-0.31526935458833749,0.063972457740368194,0.27053488744050469,-0.52441478906207073,0.41752379522176003,0.66362387956018298,-0.35200619502827268,-0.061997428111507047,0.20016568458040884,-0.27252100674988644,0.16126648452777612
0.23974661754063309,0.10874363524815853,0.16951937492804803,0.30864083477269189,1.0,0.45489740732157768,0.32895461296045891,0.5528455147160547,0.33250948486997645,0.30423005171301198,-0.2587217961836466,0.1696827038979673,0.051371083398053859,-0.077533289707986813,0.65574696805132615,-0.50913815818666996,0.093600740552247624,-0.26282722000000003,-0.077025798390553638,-0.22416647338896431,-0.52137476565279683,-0.082907376558983614,-0.20416897469926343,-0.23841719187883414,0.21324908379149227,0.12031933654054339,-0.34615641599342983,0.32226422741033245,0.010642188588245756,0.33369031707254532,-0.32129355202398757,0.25025452295488815,0.32938876198461381,0.43092401888527859,-0.11654274347196165,0.22722923672377723,0.047844408980691741,-0.40634881019267022,0.32811837261340793
0.27186697963539053,0.49914790596905217,0.43957089869683535,0.61591884360713811,0.45489740732157768,1.0,0.66009356409003561,0.62885183292578239,0.074649441760531676,0.076070868986332557,-0.58289717854326484,0.18871406121303552,0.39587921573790502,-0.29097022264867184,0.374931908655878,-0.50852225030248699,0.0044818265498799961,-0.025330460000000055,0.063111977676653469,-0.66189972723492696,-0.53283073444634521,0.22487392041493573,-0.32666145775686084,-0.50380109217946967,-0.37655643819905404,-0.39407420082379946,-0.32082632062008326,0.44529748187029461,-0.10402963344206848,0.16045395241962224,0.12081413967539552,0.020404660280572622,0.34733431727525277,0.45325674922388004,-0.15350298874521268,0.10478324415500005,0.11144179618181316,-0.13326081787532562,0.25741898194731389
0.096644239158948958,0.41749570947090581,0.25832451088739494,0.43918657816420792,0.32895461296045891,0.66009356409003561,1.0,0.44599487341527566,0.22613385062415847,0.15641845027232937,-0.60121220402396114,-0.18949943304270078,0.15608925138195162,-0.27008733806438073,0.065154954999769782,-0.45867192160174008,0.28641402639232028,-0.13752370000000003,-0.17598203308745866,-0.49652207055232278,-0.48863013555573631,0.12003895438891649,-0.046706552118847097,-0.47719907476851242,-0.23421848038484047,-0.36473040058964101,-0.5097113676247248,0.34225667922364295,0.11819245250812388,0.33450148830688126,0.20472787188572231,-0.037930898252786865,0.43747625952021257,0.063019844047935897,-0.31384752638299213,0.18984740426121738,0.039097489888306747,-0.1121318882128111,0.38841006589749782
0.69512735282069127,0.66423302209335466,0.61846892738359371,0.88614596242687882,0.5528455147160547,0.62885183292578239,0.44599487341527566,1.0,0.00085917842323571074,0.21467648510156323,-0.7714004435753099,0.57196316595167962,0.63132062389697197,-0.67514833775047289,0.79380656910099501,-0.64149303549679937,-0.069465114527262145,-0.092319319999999983,0.073998886455721447,-0.7941073797923619,-0.81430614704627158,0.17273781358197959,-0.49877802590227005,-0.59862544847310506,-0.37142076690615256,-0.57532985324444463,-0.26064510260483503,0.80851363669232523,-0.29217082109174541,0.33714793333840049,-0.038464111872935337,-0.23783593554434787,0.3893733190853616,0.73608394609199379,-0.41892340057957339,-0.16961833220084288,-0.082443301820385506,-0.54155236328750422,0.40888992279629272
0.20841283792718371,-0.52490466185217388,-0.7524244097013838,-0.18250403618679065,0.33250948486997645,0.074649441760531676,0.22613385062415847,0.00085917842323571074,1.0,0.81552568428194128,-0.12670157243915173,-0.18765158603894078,-0.49092138439528094,0.23097769085885048,-0.0052820121607033135,-0.5096474078039922,0.92133591595172026,-0.91372843999999998,-0.90125214438859846,-0.10135662274842384,-0.51733297666044298,-0.64166984885295153,0.77033446151093299,0.24113860821958574,0.52295877431143067,0.56953149123824232,-0.58174775840766513,0.052743986918977498,0.912050040567433,0.81976269154291592,-0.79815502469724364,-0.12325235606441616,0.74792417587195414,0.054477035936022038,-0.0004802030265151358,0.10294529785700907,-0.30714150491105574,-0.2773391481686584,0.78940246774905343
0.65917424279921055,-0.51758883502383535,-0.52367271405007543,-0.11607999107776877,0.30423005171301198,0.076070868986332557,0.15641845027232937,0.21467648510156323,0.81552568428194128,1.0,-0.19533683969469925,0.22402167897084016,-0.38229061662874375,-0.26861981096694393,0.029809255652450586,-0.29774095024438124,0.7929992864486366,-0.9736496,-0.87849020135457623,-0.16978077466453417,-0.67980577560066691,-0.87334684000337348,0.64104354074368219,0.36027422126264075,0.14937613931943206,0.41582953606271605,-0.7038518216412275,0.50798282393765237,0.61232831029572687,0.95691271041812931,-0.88940765023893065,0.013634940368114549,0.56262323235400002,0.071799697898077414,-0.35065465731115275,-0.38034969863320456,-0.49326272612964661,-0.69896884271646176,0.92355083166757268
-0.47739147668145049,-0.64199890311235575,-0.41599310695324593,-0.77833367124343267,-0.2587217961836466,-0.58289717854326484,-0.60121220402396114,-0.7714004435753099,-0.12670157243915173,-0.19533683969469925,1.0,-0.26555157665195317,-0.37100399570238068,0.60741710329956822,-0.51727596142095644,0.64708320803673725,-0.1888743707472379,0.13828635999999994,0.14698040058184048,0.72367775077738217,0.73970802010108105,-0.19927787973545777,0.23329964299222178,0.51530075769671313,0.42626932719007715,0.6262504461681242,0.28186753816730276,-0.57071280354726772,0.055725367398036213,-0.36342483523245911,-0.1115258667169307,0.43888496626912471,-0.52076813644357201,-0.45198492234494847,0.31904276937826148,0.00086452550968888636,0.26197355838037906,0.26905238516341845,-0.51005987766886096
0.79612485027470625,0.15196713101889822,0.4026334632225837,0.31905416018501775,0.1696827038979673,0.18871406121303552,-0.18949943304270078,0.57196316595167962,-0.18765158603894078,0.22402167897084016,-0.26555157665195317,1.0,0.44595754719063102,-0.61351900613484023,0.42859571878850811,0.052240649047077203,-0.33170083397968969,-0.048184719999999959,0.1880325555637273,-0.27325032637057622,-0.35323602977426199,-0.20047499640554015,-0.46443891188304942,0.13884808154296321,-0.58624098788277901,-0.12886813188464885,0.21962970992458705,0.63452693281653649,-0.46277773307612241,0.11388049361553157,-0.23007189895399183,0.16938682439109287,-0.23625068140020403,0.66185089539394093,-0.11646327060073558,-0.28473241267856353,-0.46296311249799166,-0.41733445720084755,0.164750135328849
0.26627598932920576,0.76377053621906121,0.72427378601038084,0.70953659729743457,0.051371083398053859,0.39587921573790502,0.15608925138195162,0.63132062389697197,-0.49092138439528094,-0.38229061662874375,-0.37100399570238068,0.44595754719063102,1.0,-0.36427246998068752,0.50900693109761064,-0.22208496899387453,-0.53721663645925688,0.47339594000000007,0.56762687803470335,-0.52684227422491414,-0.18903327197601494,0.56121009101824026,-0.74556552429446743,-0.58862421252373176,-0.45092006994618139,-0.6297916585725607,0.26129179072385195,0.39725864893590346,-0.56836603191246748,-0.2580517501627454,0.4463521092840867,-0.17807881466747222,-0.10494299605195799,0.58362628901730129,-0.084731683659666754,-0.039393797674763205,0.14691579854936182,0.047869967443358696,-0.25489033151763429
-0.77429205141877855,-0.40055296240935889,-0.55680518452805061,-0.50944562604437982,-0.077533289707986813,-0.29097022264867184,-0.27008733806438073,-0.67514833775047289,0.23097769085885048,-0.26861981096694393,0.60741710329956822,-0.61351900613484023,-0.36427246998068752,1.0,-0.32792366701105863,0.048534359572494551,0.11562431082814456,0.078648480000000021,0.011881321140491188,0.41593551389279509,0.56191724796298892,0.1252588165986625,0.33478756356108796,0.14991314422074634,0.73041602959866481,0.59428852440451518,0.27381842274813195,-0.84513757275321999,0.46773949517642965,-0.31388521041107525,-0.0394748164583546,0.027732332336909065,-0.0039733199431246143,-0.20068425282913127,0.60036787787998858,0.63510107921091929,0.40328703818619099,0.63374292479649896,-0.40853750725253546
0.40110972882757739,0.55374267393239462,0.45732502657018226,0.72667950946799542,0.65574696805132615,0.374931908655878,0.065154954999769782,0.79380656910099501,-0.0052820121607033135,0.029809255652450586,-0.51727596142095644,0.42859571878850811,0.50900693109761064,-0.32792366701105863,1.0,-0.64052183189042389,-0.18483375353555484,0.024349380000000087,0.17062404495722111,-0.49442453532712322,-0.57398361919693397,0.29944142381351496,-0.51279425830010572,-0.50097431434776374,-0.0054761215461187965,-0.3553999487142715,0.01607151107471266,0.41647891767085943,-0.25751743953881912,0.12010295559275225,-0.081705268268176909,-0.22966730414124492,0.32423668013540918,0.73665578370886076,-0.035818957112216707,0.030942616579152992,-0.027547017173733923,-0.31279441905123151,0.18152974361173171
-0.23937178456250913,-0.40759797079704474,-0.035217164470785871,-0.70119010282441041,-0.50913815818666996,-0.50852225030248699,-0.45867192160174008,-0.64149303549679937,-0.5096474078039922,-0.29774095024438124,0.64708320803673725,0.052240649047077203,-0.22208496899387453,0.048534359572494551,-0.64052183189042389,1.0,-0.4533000291876591,0.36345535999999989,0.32536058591305295,0.74318803009460022,0.77055462350295578,-0.18517020487247646,-0.056858115499149674,0.65215619917387735,-0.30327701855380251,0.26791857493525278,0.40917894946376576,-0.30958663191136271,-0.40172375627164209,-0.46982908865395023,0.23696112750978537,0.60424141846529067,-0.89130677119421331,-0.56269537484207943,0.17580801534484511,-0.17446188163937498,-0.14292409101433931,0.26308640929453664,-0.52478257039430898
0.17843263516309171,-0.47679457492367411,-0.73380008110518335,-0.16725510532981294,0.093600740552247624,0.0044818265498799961,0.28641402639232028,-0.069465114527262145,0.92133591595172026,0.7929992864486366,-0.1888743707472379,-0.33170083397968969,-0.53721663645925688,0.11562431082814456,-0.18483375353555484,-0.4533000291876591,1.0,-0.89357799999999998,-0.96364750998290327,-0.14054576611410513,-0.50579008693722682,-0.61507942627009515,0.88144415958896682,0.1725231056250692,0.45434117202263358,0.37849851135501661,-0.71935326864848859,0.094794264648400225,0.91866793361255905,0.84038898026673525,-0.67509169019600357,-0.30037145127002396,0.78796784467265724,-0.18545406660383945,-0.22028610664316234,-0.097712822720364204,-0.23612260600509333,-0.32762197163124623,0.81426445529576064
-0.50149496000000005,0.57613197999999999,0.66916814000000002,0.17847878000000006,-0.26282722000000003,-0.025330460000000055,-0.13752370000000003,-0.092319319999999983,-0.91372843999999998,-0.9736496,0.13828635999999994,-0.048184719999999959,0.47339594000000007,0.078648480000000021,0.024349380000000087,0.36345535999999989,-0.89357799999999998,1.0,0.9454778399999999,0.13004192000000003,0.62014061999999992,0.83697131999999996,-0.76546811999999997,-0.34943745999999998,-0.32261313999999996,-0.49421479999999995,0.69604033999999992,-0.33734458,-0.77298971999999999,-0.94279513999999998,0.90327510000000011,0.075958360000000003,-0.65731504000000007,-0.016459019999999991,0.25146625999999994,0.26797556,0.42415540000000007,0.57623403999999989,-0.90418483999999999
-0.30691550297994691,0.57357011337676922,0.75377588467876089,0.25100423354027301,-0.077025798390553638,0.063111977676653469,-0.17598203308745866,0.073998886455721447,-0.90125214438859846,-0.87849020135457623,0.14698040058184048,0.1880325555637273,0.56762687803470335,0.011881321140491188,0.17062404495722111,0.32536058591305295,-0.96364750998290327,0.9454778399999999,1.0,0.03064770661362454,0.5042045372380457,0.75838137923094895,-0.87902086426422754,-0.35029236637126948,-0.35415374281602147,-0.43740476558397656,0.69240002953187796,-0.16113870778110873,-0.85123627590787698,-0.88464467807361546,0.76079154131813387,0.17351969398634964,-0.68214296780619799,0.20773413679570563,0.20777752940258643,0.2406646964163113,0.42821922633565679,0.40971286544225527,-0.86703339072957375
-0.5066666861426864,-0.64730308625138344,-0.42714388243070517,-0.87306061994334838,-0.22416647338896431,-0.66189972723492696,-0.49652207055232278,-0.7941073797923619,-0.10135662274842384,-0.16978077466453417,0.72367775077738217,-0.27325032637057622,-0.52684227422491414,0.41593551389279509,-0.49442453532712322,0.74318803009460022,-0.14054576611410513,0.13004192000000003,0.03064770661362454,1.0,0.74943283810277994,-0.26143572742627752,0.2311954697850955,0.74093099473359536,0.22452624358128268,0.60698068010020401,0.34108113953321906,-0.65703418680877823,-0.0030258653809453256,-0.31951515923134882,0.0041915071893178094,0.58068913947340883,-0.59894405779887139,-0.63998546014244029,0.4479514800734547,0.12852742165522693,-0.21413369105342112,0.39262404814377394,-0.37454383511571271
-0.7552298397782975,-0.25174878845662074,-0.10623592274369266,-0.64184965713776732,-0.52137476565279683,-0.53283073444634521,-0.48863013555573631,-0.81430614704627158,-0.51733297666044298,-0.67980577560066691,0.73970802010108105,-0.35323602977426199,-0.18903327197601494,0.56191724796298892,-0.57398361919693397,0.77055462350295578,-0.50579008693722682,0.62014061999999992,0.5042045372380457,0.74943283810277994,1.0,0.26136487371746681,-0.091174727443594561,0.36533798601840395,0.083194946976838491,0.26586928328468351,0.65291669780457395,-0.78908080457163843,-0.25369216547173767,-0.78705375805461153,0.47206287679667702,0.35310286341893837,-0.76312984838362541,-0.51487509463553449,0.52060913299789868,0.29171329614437091,0.22587347143921499,0.72554599521819085,-0.8403683528101078
-0.48031688406400597,0.80683172142804782,0.64517459219405826,0.54006435291960653,-0.082907376558983614,0.22487392041493573,0.12003895438891649,0.17273781358197959,-0.64166984885295153,-0.87334684000337348,-0.19927787973545777,-0.20047499640554015,0.56121009101824026,0.1252588165986625,0.29944142381351496,-0.18517020487247646,-0.61507942627009515,0.83697131999999996,0.75838137923094895,-0.26143572742627752,0.26136487371746681,1.0,-0.67830225928456911,-0.7366277907768648,-0.11365910701087334,-0.66700475820543137,0.48051499136171361,-0.26415426140975401,-0.50088352517206491,-0.73184001949456134,0.83978645121366902,-0.33197367225270347,-0.14280716309189456,0.20841625267806102,0.18026694513853037,0.3902681565259758,0.56004291554368524,0.52292628460149349,-0.65924170660372061
-0.064073747959842414,-0.75385511411761807,-0.91185040831794872,-0.55407836591048731,-0.20416897469926343,-0.32666145775686084,-0.046706552118847097,-0.49877802590227005,0.77033446151093299,0.64104354074368219,0.23329964299222178,-0.46443891188304942,-0.74556552429446743,0.33478756356108796,-0.51279425830010572,-0.056858115499149674,0.88144415958896682,-0.76546811999999997,-0.87902086426422754,0.2311954697850955,-0.091174727443594561,-0.67830225928456911,1.0,0.45881022861165449,0.54072435797169038,0.58587528550450163,-0.52714443811004064,-0.20217162852399106,0.89481488236718865,0.6067105063914392,-0.63518646565947046,-0.15631145223059567,0.47991244259521626,-0.49007836798738347,-0.070257372207793725,-0.15731987050198643,-0.17494184410533181,-0.14702849770783158,0.54059334204985465
0.045668681925967403,-0.84984423580903068,-0.6181198032477474,-0.85558820551330328,-0.23841719187883414,-0.50380109217946967,-0.47719907476851242,-0.59862544847310506,0.24113860821958574,0.36027422126264075,0.51530075769671313,0.13884808154296321,-0.58862421252373176,0.14991314422074634,-0.50097431434776374,0.65215619917387735,0.1725231056250692,-0.34943745999999998,-0.35029236637126948,0.74093099473359536,0.36533798601840395,-0.7366277907768648,0.45881022861165449,1.0,0.0076012825039213578,0.7643996612072077,0.14199239723340842,-0.26462600451303531,0.22191326011074181,0.13893642943724036,-0.46411099343620632,0.55825377969612422,-0.40351414911974381,-0.37892434772841288,0.32553117696525558,-0.097035441934834404,-0.62047594616485768,0.057082453087782099,0.10154003811992575
-0.43424724678904508,-0.43027476984979307,-0.626089936514449,-0.30935597150752636,0.21324908379149227,-0.37655643819905404,-0.23421848038484047,-0.37142076690615256,0.52295877431143067,0.14937613931943206,0.42626932719007715,-0.58624098788277901,-0.45092006994618139,0.73041602959866481,-0.0054761215461187965,-0.30327701855380251,0.45434117202263358,-0.32261313999999996,-0.35415374281602147,0.22452624358128268,0.083194946976838491,-0.11365910701087334,0.54072435797169038,0.0076012825039213578,1.0,0.53082087555847601,-0.18210063422905701,-0.4803056767866461,0.65360553432397051,0.1644555818974919,-0.41307303231901171,-0.2040202475337462,0.42055134090436591,-0.15995890703636392,0.20270954904668018,0.26031641167871528,0.37347479401685718,0.064425431527098898,0.044989217811716747
-0.15797102478587632,-0.89926749134320971,-0.80796918049504229,-0.80690731522571846,0.12031933654054339,-0.39407420082379946,-0.36473040058964101,-0.57532985324444463,0.56953149123824232,0.41582953606271605,0.6262504461681242,-0.12886813188464885,-0.6297916585725607,0.59428852440451518,-0.3553999487142715,0.26791857493525278,0.37849851135501661,-0.49421479999999995,-0.43740476558397656,0.60698068010020401,0.26586928328468351,-0.66700475820543137,0.58587528550450163,0.7643996612072077,0.53082087555847601,1.0,0.0010500268821914127,-0.41958788960089843,0.56145370183524235,0.23703108333379919,-0.65394689459004407,0.46523100445898574,-0.067427033329787597,-0.19689670431467676,0.42794362252423301,0.24481321553732299,-0.25742403669746872,0.099530775505956126,0.12549991316225095
-0.34972109950635194,0.16773275593753351,0.22424092976367097,-0.11527262528254573,-0.34615641599342983,-0.32082632062008326,-0.5097113676247248,-0.26064510260483503,-0.58174775840766513,-0.7038518216412275,0.28186753816730276,0.21962970992458705,0.26129179072385195,0.27381842274813195,0.01607151107471266,0.40917894946376576,-0.71935326864848859,0.69604033999999992,0.69240002953187796,0.34108113953321906,0.65291669780457395,0.48051499136171361,-0.52714443811004064,0.14199239723340842,-0.18210063422905701,0.0010500268821914127,1.0,-0.5151923745221838,-0.47455342881416451,-0.80239047332661073,0.45897548153219675,0.13099701812615175,-0.66584544697722381,0.22533315756926986,0.68221878224634769,0.4458323683904179,-0.060753037659619216,0.68443010501205126,-0.74675153337641065
0.90268736883873113,0.31298004665872425,0.43210297355080202,0.58208517396095383,0.32226422741033245,0.44529748187029461,0.34225667922364295,0.80851363669232523,0.052743986918977498,0.50798282393765237,-0.57071280354726772,0.63452693281653649,0.39725864893590346,-0.84513757275321999,0.41647891767085943,-0.30958663191136271,0.094794264648400225,-0.33734458,-0.16113870778110873,-0.65703418680877823,-0.78908080457163843,-0.26415426140975401,-0.20217162852399106,-0.26462600451303531,-0.4803056767866461,-0.41958788960089843,-0.5151923745221838,1.0,-0.22243318745873833,0.56132546654335769,-0.26552056948052927,-0.097860176761648321,0.27245156050201386,0.41998385579673919,-0.70700893556616773,-0.60347498920362264,-0.19413962639440574,-0.83232922541481791,0.57068260359381395
-0.083118070357984325,-0.5633690736529674,-0.8720040971211328,-0.31526935458833749,0.010642188588245756,-0.10402963344206848,0.11819245250812388,-0.29217082109174541,0.912050040567433,0.61232831029572687,0.055725367398036213,-0.46277773307612241,-0.56836603191246748,0.46773949517642965,-0.25751743953881912,-0.40172375627164209,0.91866793361255905,-0.77298971999999999,-0.85123627590787698,-0.0030258653809453256,-0.25369216547173767,-0.50088352517206491,0.89481488236718865,0.22191326011074181,0.65360553432397051,0.56145370183524235,-0.47455342881416451,-0.22243318745873833,1.0,0.62954863668677563,-0.64032538344910739,-0.2798686686544567,0.70262452741560344,-0.1601230790190328,0.090635567936040828,0.14296178189349182,-0.11300751810071509,-0.034200882744561158,0.5793908675735957
0.63207434134942275,-0.32649391746314743,-0.4374517233003985,0.063972457740368194,0.33369031707254532,0.16045395241962224,0.33450148830688126,0.33714793333840049,0.81976269154291592,0.95691271041812931,-0.36342483523245911,0.11388049361553157,-0.2580517501627454,-0.31388521041107525,0.12010295559275225,-0.46982908865395023,0.84038898026673525,-0.94279513999999998,-0.88464467807361546,-0.31951515923134882,-0.78705375805461153,-0.73184001949456134,0.6067105063914392,0.13893642943724036,0.1644555818974919,0.23703108333379919,-0.80239047332661073,0.56132546654335769,0.62954863668677563,1.0,-0.77652687964678779,-0.14782813646792833,0.71230270374290816,0.082206324093032079,-0.44077249983261085,-0.36537222557051874,-0.40905734111529424,-0.69556407177398716,0.96357008520908272
-0.50855751265681648,0.6754186322962058,0.65751131019318254,0.27053488744050469,-0.32129355202398757,0.12081413967539552,0.20472787188572231,-0.038464111872935337,-0.79815502469724364,-0.88940765023893065,-0.1115258667169307,-0.23007189895399183,0.4463521092840867,-0.0394748164583546,-0.081705268268176909,0.23696112750978537,-0.67509169019600357,0.90327510000000011,0.76079154131813387,0.0041915071893178094,0.47206287679667702,0.83978645121366902,-0.63518646565947046,-0.46411099343620632,-0.41307303231901171,-0.65394689459004407,0.45897548153219675,-0.26552056948052927,-0.64032538344910739,-0.77652687964678779,1.0,-0.037811209098458948,-0.45498609451201566,-0.16452323513024597,0.10274233199858647,0.25334860134364445,0.36539491131838631,0.57372828537565834,-0.70675833992578829
-0.048392885404807469,-0.38914842663113453,0.010413786042498676,-0.52441478906207073,0.25025452295488815,0.020404660280572622,-0.037930898252786865,-0.23783593554434787,-0.12325235606441616,0.013634940368114549,0.43888496626912471,0.16938682439109287,-0.17807881466747222,0.027732332336909065,-0.22966730414124492,0.60424141846529067,-0.30037145127002396,0.075958360000000003,0.17351969398634964,0.58068913947340883,0.35310286341893837,-0.33197367225270347,-0.15631145223059567,0.55825377969612422,-0.2040202475337462,0.46523100445898574,0.13099701812615175,-0.097860176761648321,-0.2798686686544567,-0.14782813646792833,-0.037811209098458948,1.0,-0.61346161471936678,-0.20502961961544147,0.28918005114119727,0.09876308131056423,-0.25907326559338972,0.07509030352979848,-0.18567235654115199
0.23906722275794007,0.071426422142086277,-0.31073097436819846,0.41752379522176003,0.32938876198461381,0.34733431727525277,0.43747625952021257,0.3893733190853616,0.74792417587195414,0.56262323235400002,-0.52076813644357201,-0.23625068140020403,-0.10494299605195799,-0.0039733199431246143,0.32423668013540918,-0.89130677119421331,0.78796784467265724,-0.65731504000000007,-0.68214296780619799,-0.59894405779887139,-0.76312984838362541,-0.14280716309189456,0.47991244259521626,-0.40351414911974381,0.42055134090436591,-0.067427033329787597,-0.66584544697722381,0.27245156050201386,0.70262452741560344,0.71230270374290816,-0.45498609451201566,-0.61346161471936678,1.0,0.23654931883089111,-0.28862178216373297,-0.021802242376957812,0.046970285910079242,-0.36483485995126402,0.73625276343268264
0.51075575347554314,0.4540728694133867,0.3711310556238081,0.66362387956018298,0.43092401888527859,0.45325674922388004,0.063019844047935897,0.73608394609199379,0.054477035936022038,0.071799697898077414,-0.45198492234494847,0.66185089539394093,0.58362628901730129,-0.20068425282913127,0.73665578370886076,-0.56269537484207943,-0.18545406660383945,-0.016459019999999991,0.20773413679570563,-0.63998546014244029,-0.51487509463553449,0.20841625267806102,-0.49007836798738347,-0.37892434772841288,-0.15995890703636392,-0.19689670431467676,0.22533315756926986,0.41998385579673919,-0.1601230790190328,0.082206324093032079,-0.16452323513024597,-0.20502961961544147,0.23654931883089111,1.0,0.11047842389623341,0.21820066642268271,-0.085108395726717523,-0.16536713426519861,0.1405268198264521
-0.47491745412056918,-0.17338439440411088,-0.2610076290059431,-0.35200619502827268,-0.11654274347196165,-0.15350298874521268,-0.31384752638299213,-0.41892340057957339,-0.0004802030265151358,-0.35065465731115275,0.31904276937826148,-0.11646327060073558,-0.084731683659666754,0.60036787787998858,-0.035818957112216707,0.17580801534484511,-0.22028610664316234,0.25146625999999994,0.20777752940258643,0.4479514800734547,0.52060913299789868,0.18026694513853037,-0.070257372207793725,0.32553117696525558,0.20270954904668018,0.42794362252423301,0.68221878224634769,-0.70700893556616773,0.090635567936040828,-0.44077249983261085,0.10274233199858647,0.28918005114119727,-0.28862178216373297,0.11047842389623341,1.0,0.64518131097704334,-0.19077804637139201,0.76609054751329331,-0.40875427611505477
-0.57188043109495112,0.10329843071893091,-0.07565415961221246,-0.061997428111507047,0.22722923672377723,0.10478324415500005,0.18984740426121738,-0.16961833220084288,0.10294529785700907,-0.38034969863320456,0.00086452550968888636,-0.28473241267856353,-0.039393797674763205,0.63510107921091929,0.030942616579152992,-0.17446188163937498,-0.097712822720364204,0.26797556,0.2406646964163113,0.12852742165522693,0.29171329614437091,0.3902681565259758,-0.15731987050198643,-0.097035441934834404,0.26031641167871528,0.24481321553732299,0.4458323683904179,-0.60347498920362264,0.14296178189349182,-0.36537222557051874,0.25334860134364445,0.09876308131056423,-0.021802242376957812,0.21820066642268271,0.64518131097704334,1.0,0.11351638711095408,0.6971888814019408,-0.32817069773991969
-0.49332356173141195,0.29583442708777896,0.25880675928842456,0.20016568458040884,0.047844408980691741,0.11144179618181316,0.039097489888306747,-0.082443301820385506,-0.30714150491105574,-0.49326272612964661,0.26197355838037906,-0.46296311249799166,0.14691579854936182,0.40328703818619099,-0.027547017173733923,-0.14292409101433931,-0.23612260600509333,0.42415540000000007,0.42821922633565679,-0.21413369105342112,0.22587347143921499,0.56004291554368524,-0.17494184410533181,-0.62047594616485768,0.37347479401685718,-0.25742403669746872,-0.060753037659619216,-0.19413962639440574,-0.11300751810071509,-0.40905734111529424,0.36539491131838631,-0.25907326559338972,0.046970285910079242,-0.085108395726717523,-0.19077804637139201,0.11351638711095408,1.0,0.11076615865483964,-0.50134527510485571
-0.78500047699122788,0.077486847932246763,-0.0854023185619813,-0.27252100674988644,-0.40634881019267022,-0.13326081787532562,-0.1121318882128111,-0.54155236328750422,-0.2773391481686584,-0.69896884271646176,0.26905238516341845,-0.41733445720084755,0.047869967443358696,0.63374292479649896,-0.31279441905123151,0.26308640929453664,-0.32762197163124623,0.57623403999999989,0.40971286544225527,0.39262404814377394,0.72554599521819085,0.52292628460149349,-0.14702849770783158,0.057082453087782099,0.064425431527098898,0.099530775505956126,0.68443010501205126,-0.83232922541481791,-0.034200882744561158,-0.69556407177398716,0.57372828537565834,0.07509030352979848,-0.36483485995126402,-0.16536713426519861,0.76609054751329331,0.6971888814019408,0.11076615865483964,1.0,-0.66204917169862509
0.65812420430820229,-0.23000980800514428,-0.36083353512045951,0.16126648452777612,0.32811837261340793,0.25741898194731389,0.38841006589749782,0.40888992279629272,0.78940246774905343,0.92355083166757268,-0.51005987766886096,0.164750135328849,-0.25489033151763429,-0.40853750725253546,0.18152974361173171,-0.52478257039430898,0.81426445529576064,-0.90418483999999999,-0.86703339072957375,-0.37454383511571271,-0.8403683528101078,-0.65924170660372061,0.54059334204985465,0.10154003811992575,0.044989217811716747,0.12549991316225095,-0.74675153337641065,0.57068260359381395,0.5793908675735957,0.96357008520908272,-0.70675833992578829,-0.18567235654115199,0.73625276343268264,0.1405268198264521,-0.40875427611505477,-0.32817069773991969,-0.50134527510485571,-0.66204917169862509,1.0
