1.000000000000000000e+00,-3.946626254701295355e-01,-5.628282936257587160e-02,2.330345568951497914e-01,-3.696611887746183989e-01,2.202091962952445192e-01,-2.829003047572150598e-01,2.853178575950734985e-01,1.024422070831764037e-01,4.526396496986833662e-01,-4.535769224184449944e-01,-4.689145472361052058e-01,1.199251089415425131e-01,-1.275821289265601510e-01,2.386544133988785232e-01,3.749596260562163552e-01,1.010095567882926398e-01,6.284115410814339331e-01,-1.523647902302742441e-01,-2.666683199999999587e-01,-4.406163294125420848e-01,2.945893415544024174e-01,7.488884226363498597e-02,-5.905534515616389646e-01,1.692477435902809968e-01,3.024526622039461210e-01,3.459335798801625450e-01,7.164459972544567901e-02,-1.284127244104892318e-01,-4.082599334361550758e-01,-2.680714471049133185e-01,-4.655141685510473248e-01,4.436624106824728631e-01,-9.946247507289474044e-02,-2.463922974554832168e-01,-9.127082109738669791e-02,2.945927997640174767e-01,-1.316937687434337478e-01,-1.418810618867016593e-01
-3.946626254701295355e-01,1.000000000000000000e+00,-6.392885379237454035e-01,3.606628456132532912e-01,6.307095893697814426e-02,-3.816452988689922887e-01,6.914113055493672499e-01,-4.499918258409867922e-01,-3.564529350753501413e-01,-2.951150551882011364e-01,5.863043088233035327e-01,6.076389902077660166e-01,5.327803971457367727e-01,7.220519185396288009e-01,-4.909043713890807736e-01,-9.314904052244433325e-03,-1.539227281091447574e-01,-1.161594433178879532e-01,4.084594576407640232e-01,-2.332513999999996646e-02,-2.276730315660546733e-02,6.259750961184593621e-01,2.940939070742886741e-01,3.947271645874200763e-01,9.770305908093912528e-04,1.131713990747229281e-01,5.363356434806683115e-01,-7.569170977217082319e-01,2.539560718740251355e-01,5.553448465231464182e-02,9.241878761265829301e-01,1.195711247593429505e-01,-9.232600670747005411e-01,7.996643160073314549e-01,3.045579760101739808e-01,1.264553035267595993e-01,-5.633306987916973929e-01,4.098366096396064973e-01,-5.053395388627959228e-01
-5.628282936257587160e-02,-6.392885379237454035e-01,1.000000000000000000e+00,-8.922156512560619479e-01,7.016940826916301388e-01,6.158983642039875805e-01,-4.884416557352653232e-01,-2.611762472749991071e-01,-2.061894998548166325e-01,2.994538314284030389e-01,1.977591191969517714e-01,-5.948042731783979020e-01,-6.232602016967481173e-01,-1.411448585101752196e-01,8.470910840546695963e-01,-7.043791375074309746e-01,-4.598201069141303332e-01,2.928131801125399836e-01,-5.133119151899673271e-01,7.635682599999999987e-01,5.973340783881683214e-01,-8.705704499125421769e-01,-8.096027279411194266e-01,-4.794775839661788996e-01,-6.993840441847345435e-01,-8.145122181473931633e-01,-8.128903164617145016e-01,9.732105619848829825e-01,3.097443628228351287e-01,6.571132951464073724e-01,-8.085549971650094481e-01,4.270547350874495107e-01,4.550047137582337586e-01,-5.296652198637844533e-01,4.892099988833488733e-01,1.715496827062046870e-01,-1.227771556901522711e-02,1.073202398802341750e-01,8.150904498996554004e-01
2.330345568951497914e-01,3.606628456132532912e-01,-8.922156512560619479e-01,1.000000000000000000e+00,-8.735377816722549316e-01,-5.378450839064079503e-01,1.727846371523828473e-01,5.079624755473447495e-01,4.491452533392520374e-01,-3.223431459270092447e-01,-4.445288581126368155e-01,4.817145254959047107e-01,5.855385913576757195e-01,-1.034087674958683728e-01,-7.430676864321077435e-01,7.888248577183608612e-01,6.115730334744824415e-01,-2.843683609601555529e-01,2.760927941187646395e-01,-8.829090400000000338e-01,-8.088936298593665253e-01,8.211011841620171614e-01,7.896648237534579229e-01,3.875261139551781642e-01,7.352500766353260442e-01,9.041082436567811076e-01,7.729331569838170379e-01,-8.550152888734507961e-01,-4.278745951336873077e-01,-7.625024932660742216e-01,5.419593348751898798e-01,-4.765883980698349953e-01,-1.699484647194069997e-01,2.537074858814672984e-01,-6.771828491241721482e-01,-1.316425464070344609e-01,2.296611855089880083e-01,-1.845068796421807100e-01,-6.677381188603157547e-01
-3.696611887746183989e-01,6.307095893697814426e-02,7.016940826916301388e-01,-8.735377816722549316e-01,1.000000000000000000e+00,3.826523179695924815e-01,-7.278117144974731619e-03,-7.643867098292986828e-01,-6.020850161691256863e-01,2.523440178992779059e-01,7.442849838668624818e-01,-3.185974973762051299e-01,-4.098141308985188691e-01,4.935256656088232718e-01,6.726734474280166021e-01,-8.982930583435627669e-01,-6.938688280838732902e-01,3.586389909839730605e-01,-2.343106026645829232e-01,9.691046400000000727e-01,7.784405510657107508e-01,-5.372283227607248524e-01,-7.612657175694919065e-01,-2.542863783313240034e-01,-8.580313423968076725e-01,-9.463240455145456309e-01,-5.417830264713608956e-01,5.985359251649355894e-01,5.609784365533301287e-01,8.542287738583520529e-01,-1.943574088703625968e-01,6.092768879034314855e-01,-2.749151341293250561e-01,1.190638727478807030e-01,8.966652645935739852e-01,3.053575109815253041e-01,-4.664702533641557070e-01,3.647502419622388192e-01,5.665029693436945957e-01
2.202091962952445192e-01,-3.816452988689922887e-01,6.158983642039875805e-01,-5.378450839064079503e-01,3.826523179695924815e-01,1.000000000000000000e+00,-1.548590346973912346e-01,-4.596240185930467459e-01,-4.727355589499497301e-01,4.743700804467695376e-01,2.269404087149613503e-01,-5.237068723150615224e-01,-2.754730757724425105e-01,1.722834702782594096e-01,6.247489363323205369e-01,-5.641805314583159259e-01,-7.340946112659562095e-01,3.562505600255454485e-01,-5.815905301118555748e-01,5.289028799999999642e-01,2.264480886193717679e-01,-5.336287751360382359e-01,-5.867558924577978008e-01,-7.752829343201287360e-01,-4.385609970339890973e-01,-4.610466760493563410e-01,-5.665199219709742273e-01,6.085813194622408107e-01,3.624837218621312362e-01,3.377343089213751259e-01,-5.715077481551815719e-01,-1.133115295962990460e-01,3.674612734583125317e-01,-1.968116655259384562e-01,4.579682912877787726e-01,3.212658762584134076e-01,-1.739792677299809853e-01,5.639065848260078617e-01,5.547717527706989005e-01
-2.829003047572150598e-01,6.914113055493672499e-01,-4.884416557352653232e-01,1.727846371523828473e-01,-7.278117144974731619e-03,-1.548590346973912346e-01,1.000000000000000000e+00,-2.772551450110390947e-01,-5.410780213297919916e-01,-3.822892552791094523e-01,5.072236378507817278e-01,6.906697799329953869e-01,5.542384667114838015e-01,3.653573459328674500e-01,-5.324310561307082912e-01,1.429244613073511472e-01,-2.884881925588206886e-01,-1.739364964156464299e-01,7.423863447412395455e-01,-5.475879999999988534e-03,2.540846562327410685e-01,2.888632549899144419e-01,1.543973942362642515e-01,1.229283179577481400e-01,9.007699709636364516e-02,4.374122057603650054e-02,2.983246191636612643e-01,-5.546203053070262179e-01,4.315429702256600164e-01,1.359500543623741731e-01,7.334609653276331631e-01,1.019232274087049916e-01,-4.941629739226964246e-01,5.333977659516843106e-01,2.558769950665978343e-01,-2.395506235617945179e-01,-6.838927127858653865e-01,4.379714236598395982e-01,-6.925300592962625457e-01
2.853178575950734985e-01,-4.499918258409867922e-01,-2.611762472749991071e-01,5.079624755473447495e-01,-7.643867098292986828e-01,-4.596240185930467459e-01,-2.772551450110390947e-01,1.000000000000000000e+00,7.384684273519374065e-01,-4.129969337171115473e-01,-7.720807816668078249e-01,1.995129599599812509e-01,2.094823844477602948e-01,-8.804513763209022015e-01,-3.862554274758847050e-01,7.828172064566590871e-01,7.640694542992764182e-01,-3.127506880126619815e-01,2.382628847893163149e-01,-7.265420400000000001e-01,-4.259020067326000358e-01,1.453955416487119623e-01,4.715561241725123587e-01,2.278256050453675574e-01,5.964723511115395116e-01,5.963624752872120904e-01,2.884827802937963148e-01,-1.729294026550415309e-01,-4.412247479886816093e-01,-5.095191719574957423e-01,-1.599853228135746930e-01,-1.600272834547804834e-01,6.053425606199716036e-01,-5.667362127673974959e-01,-8.458567379488648452e-01,-5.638393330217451593e-01,5.220534306555099091e-01,-6.275974230582567204e-01,-2.940904171047181159e-01
1.024422070831764037e-01,-3.564529350753501413e-01,-2.061894998548166325e-01,4.491452533392520374e-01,-6.020850161691256863e-01,-4.727355589499497301e-01,-5.410780213297919916e-01,7.384684273519374065e-01,1.000000000000000000e+00,-1.671919539498635809e-01,-8.024010868065414304e-01,2.088640603823872788e-02,-1.801940396826949564e-01,-6.067617538195183569e-01,-3.135635291116656842e-01,4.788459302131140016e-01,8.127659242493748826e-01,-4.699526509121196294e-01,-1.256075037463910415e-01,-6.774691600000000147e-01,-4.767907158607863072e-01,1.746875009923039845e-01,5.998317300097160132e-01,5.302383504775955991e-01,4.664955674230474303e-01,5.920903183830726890e-01,1.016930232379952975e-01,-1.265659167160551046e-01,-7.841311277209797037e-01,-6.183000020713402822e-01,-2.396473467320690276e-01,-3.143110980789786124e-01,3.179945392536210336e-01,-4.190241775141033687e-01,-8.125982539593555876e-01,-1.519963530043461630e-01,8.182365761977068441e-01,-6.153396957614041263e-01,4.040811041593629638e-02
4.526396496986833662e-01,-2.951150551882011364e-01,2.994538314284030389e-01,-3.223431459270092447e-01,2.523440178992779059e-01,4.743700804467695376e-01,-3.822892552791094523e-01,-4.129969337171115473e-01,-1.671919539498635809e-01,1.000000000000000000e+00,-1.458336203743781923e-01,-8.708443009527822021e-01,-5.333484018637204560e-01,3.144922431754015868e-01,5.707364253066936621e-01,-3.266811005668036616e-01,-2.793449117337730714e-01,5.626506434839448900e-01,-5.324484453158836450e-01,2.264108600000001026e-01,-1.456200155774879101e-01,-1.189312850929316184e-01,-2.348587168807241277e-01,-4.573242761157274017e-01,-6.108334611459891039e-02,-1.091687750734215978e-01,-2.510096677009314714e-01,4.211285180278135920e-01,-2.447074162703782862e-01,-1.663717488987899173e-01,-3.741571589565063083e-01,-4.781491955338019184e-01,8.006452442843595141e-02,2.239163815192817819e-01,1.558354351342794153e-01,4.974183169398540549e-01,3.358291499069567809e-01,-1.079238202219083703e-01,4.014731078655261465e-01
-4.535769224184449944e-01,5.863043088233035327e-01,1.977591191969517714e-01,-4.445288581126368155e-01,7.442849838668624818e-01,2.269404087149613503e-01,5.072236378507817278e-01,-7.720807816668078249e-01,-8.024010868065414304e-01,-1.458336203743781923e-01,1.000000000000000000e+00,2.111480071945196491e-01,2.409835637328194835e-01,6.967359510850485993e-01,2.511162672894346470e-01,-6.282573237469591954e-01,-7.568504663582298342e-01,2.591698865457104928e-01,1.288140589902465605e-01,7.609553600000000806e-01,6.053316135569090095e-01,-9.865084276940457031e-02,-5.347113408048603800e-01,-1.888746109559249486e-01,-6.919173167835916960e-01,-7.069141104857000757e-01,-7.379029471797542150e-02,2.007586607233733528e-02,8.372768875243163933e-01,8.126561352231957969e-01,3.784955254855751350e-01,6.422123830376704756e-01,-5.791253246697471990e-01,4.385925596096155732e-01,9.186801927399048662e-01,1.728012884665658666e-01,-8.994642072449691161e-01,7.063412450700370382e-01,7.107270048125627349e-02
-4.689145472361052058e-01,6.076389902077660166e-01,-5.948042731783979020e-01,4.817145254959047107e-01,-3.185974973762051299e-01,-5.237068723150615224e-01,6.906697799329953869e-01,1.995129599599812509e-01,2.088640603823872788e-02,-8.708443009527822021e-01,2.111480071945196491e-01,1.000000000000000000e+00,5.930903235955116148e-01,-1.672510185140410957e-02,-8.110942456940186673e-01,3.644340286140822505e-01,2.141358596752262755e-01,-6.115194529543903634e-01,6.663645768545917170e-01,-3.392093999999999943e-01,4.174893833286243139e-02,3.492329606076755577e-01,4.347274086616184086e-01,5.677730110111094408e-01,2.335492588453972340e-01,2.873871735702500096e-01,3.791267326830309314e-01,-7.000118218744912912e-01,1.546155966303464913e-01,-2.617191846968269786e-02,6.707528813384886490e-01,2.316919969797210099e-01,-3.896427120702563029e-01,1.572781206315639613e-01,-1.432400571815309054e-01,-3.307713876648475937e-01,-3.981918110574781955e-01,2.048710499174705713e-01,-6.586820957241550367e-01
1.199251089415425131e-01,5.327803971457367727e-01,-6.232602016967481173e-01,5.855385913576757195e-01,-4.098141308985188691e-01,-2.754730757724425105e-01,5.542384667114838015e-01,2.094823844477602948e-01,-1.801940396826949564e-01,-5.333484018637204560e-01,2.409835637328194835e-01,5.930903235955116148e-01,1.000000000000000000e+00,8.811095227112260286e-02,-4.305421175869697525e-01,5.124134582897215129e-01,-1.436031864715526726e-02,8.415289754170161840e-02,5.410886959489226156e-01,-3.112028199999999911e-01,-2.759695585282130881e-01,6.328149484026202032e-01,2.600280031994137153e-01,-6.941908774126495651e-02,2.139483653918861916e-01,3.207773413575683019e-01,7.661569404336220357e-01,-7.098172120297251420e-01,4.340276207542582698e-01,-3.529170994271169093e-02,6.888968050261198295e-01,1.373902689095776175e-01,-1.992123732071576225e-01,2.942978833910419034e-01,-3.538982697827727092e-02,-3.744422231804199197e-01,-5.416995897981838892e-01,3.129109692820024047e-01,-6.894810511544380294e-01
-1.275821289265601510e-01,7.220519185396288009e-01,-1.411448585101752196e-01,-1.034087674958683728e-01,4.935256656088232718e-01,1.722834702782594096e-01,3.653573459328674500e-01,-8.804513763209022015e-01,-6.067617538195183569e-01,3.144922431754015868e-01,6.967359510850485993e-01,-1.672510185140410957e-02,8.811095227112260286e-02,1.000000000000000000e+00,1.242380755409305398e-01,-5.117799932657134399e-01,-5.620269943717206562e-01,3.452836148254156967e-01,-1.147445124656497895e-01,4.309073199999999826e-01,1.238499191554062462e-01,3.284287251741073166e-01,-1.386606196311951644e-01,-7.464336892957357250e-02,-4.042871646884587666e-01,-2.762056624803014282e-01,1.650787854970815760e-01,-2.311472857574246309e-01,3.341516697129111590e-01,2.503912817691155701e-01,4.794484823838465748e-01,3.035672723658996638e-02,-8.199933969753825380e-01,7.905957747877555564e-01,6.805647680627808782e-01,5.246048699593238718e-01,-4.977963856614058824e-01,5.878985765099530303e-01,-3.135929489490514935e-03
2.386544133988785232e-01,-4.909043713890807736e-01,8.470910840546695963e-01,-7.430676864321077435e-01,6.726734474280166021e-01,6.247489363323205369e-01,-5.324310561307082912e-01,-3.862554274758847050e-01,-3.135635291116656842e-01,5.707364253066936621e-01,2.511162672894346470e-01,-8.110942456940186673e-01,-4.305421175869697525e-01,1.242380755409305398e-01,1.000000000000000000e+00,-6.405893173752423841e-01,-5.219432310156884025e-01,6.920106545702676692e-01,-5.825544840078131781e-01,7.490117400000000369e-01,3.291072212109161788e-01,-5.425175130986522598e-01,-8.242684348787761017e-01,-6.939816880750692141e-01,-6.806543429907383480e-01,-7.328536998604053831e-01,-5.009066517894605886e-01,8.332010336460711208e-01,3.612769716293052769e-01,5.627340134394905879e-01,-6.392831574715339693e-01,3.117361013716399287e-01,3.078424481372875610e-01,-2.274859361476094799e-01,5.741143100908155938e-01,3.196697317882640221e-01,-6.673299749934617775e-02,1.465095749166736572e-01,7.440969399231983639e-01
3.749596260562163552e-01,-9.314904052244433325e-03,-7.043791375074309746e-01,7.888248577183608612e-01,-8.982930583435627669e-01,-5.641805314583159259e-01,1.429244613073511472e-01,7.828172064566590871e-01,4.788459302131140016e-01,-3.266811005668036616e-01,-6.282573237469591954e-01,3.644340286140822505e-01,5.124134582897215129e-01,-5.117799932657134399e-01,-6.405893173752423841e-01,1.000000000000000000e+00,7.381815216783036426e-01,-2.294318691463403670e-01,5.494505671342972963e-01,-8.739429599999999354e-01,-5.961081957888102467e-01,5.391547245283198064e-01,6.550232096029365847e-01,2.373037817092128465e-01,7.856225705348874877e-01,8.230817074414548129e-01,6.427396296411341803e-01,-5.995361000185992495e-01,-3.937025543332649535e-01,-7.052451023608614644e-01,3.310731628169241714e-01,-4.006730662546154620e-01,2.238363082575399732e-01,-6.542965103121578530e-02,-7.947582096238828830e-01,-5.306198217720350385e-01,3.018657523288563183e-01,-4.486623411555295537e-01,-7.465223034939592051e-01
1.010095567882926398e-01,-1.539227281091447574e-01,-4.598201069141303332e-01,6.115730334744824415e-01,-6.938688280838732902e-01,-7.340946112659562095e-01,-2.884881925588206886e-01,7.640694542992764182e-01,8.127659242493748826e-01,-2.793449117337730714e-01,-7.568504663582298342e-01,2.141358596752262755e-01,-1.436031864715526726e-02,-5.620269943717206562e-01,-5.219432310156884025e-01,7.381815216783036426e-01,1.000000000000000000e+00,-4.426052415917031690e-01,2.333273480655879972e-01,-7.782725600000000021e-01,-5.200030301096043583e-01,3.238888791188577199e-01,6.247176174224773337e-01,6.107599618528151142e-01,6.499807462006218506e-01,6.924166997756791009e-01,3.392909493735957738e-01,-3.528643357903055167e-01,-7.349461765603853003e-01,-6.854050735306351783e-01,7.451438448186512020e-02,-2.891303769811358060e-01,1.408869294101257330e-01,-2.393946306302853766e-01,-8.471650268020519681e-01,-2.717233483916979830e-01,6.597196799872796502e-01,-7.368286943379418474e-01,-3.420183232164722975e-01
6.284115410814339331e-01,-1.161594433178879532e-01,2.928131801125399836e-01,-2.843683609601555529e-01,3.586389909839730605e-01,3.562505600255454485e-01,-1.739364964156464299e-01,-3.127506880126619815e-01,-4.699526509121196294e-01,5.626506434839448900e-01,2.591698865457104928e-01,-6.115194529543903634e-01,8.415289754170161840e-02,3.452836148254156967e-01,6.920106545702676692e-01,-2.294318691463403670e-01,-4.426052415917031690e-01,1.000000000000000000e+00,-2.231687510858206269e-01,4.447646199999999439e-01,4.949591011846959758e-03,8.043083378801905992e-02,-5.224733332050985890e-01,-7.741507226707301514e-01,-3.735161108936463914e-01,-3.742002240467489638e-01,1.726005671920825824e-01,3.113946865717314716e-01,4.343564408537072263e-01,2.841163011760756696e-01,-1.322612943038060374e-01,1.293975112402712957e-01,6.946649370915861099e-02,2.052140067445288041e-01,4.801317413296946612e-01,1.756314127538092795e-01,-2.591624151395345854e-01,1.155705089169951905e-01,1.521972161099051368e-01
-1.523647902302742441e-01,4.084594576407640232e-01,-5.133119151899673271e-01,2.760927941187646395e-01,-2.343106026645829232e-01,-5.815905301118555748e-01,7.423863447412395455e-01,2.382628847893163149e-01,-1.256075037463910415e-01,-5.324484453158836450e-01,1.288140589902465605e-01,6.663645768545917170e-01,5.410886959489226156e-01,-1.147445124656497895e-01,-5.825544840078131781e-01,5.494505671342972963e-01,2.333273480655879972e-01,-2.231687510858206269e-01,1.000000000000000000e+00,-2.574220799999999976e-01,1.862177377074128726e-01,2.994510841352729380e-01,2.791340258394530149e-01,3.000262376409044696e-01,2.820848495492736530e-01,1.996121219309253403e-01,4.224662132897109013e-01,-5.180222550523488900e-01,2.005639346488423957e-01,-1.650355565843669714e-02,6.422142008965530113e-01,1.949741628516811487e-01,-2.271684975033649301e-01,2.608430004207026864e-01,-1.112664792562030047e-01,-6.094858485909834256e-01,-3.814374491869347295e-01,-8.506167993443930486e-02,-8.239440481864171995e-01
-2.666683199999999587e-01,-2.332513999999996646e-02,7.635682599999999987e-01,-8.829090400000000338e-01,9.691046400000000727e-01,5.289028799999999642e-01,-5.475879999999988534e-03,-7.265420400000000001e-01,-6.774691600000000147e-01,2.264108600000001026e-01,7.609553600000000806e-01,-3.392093999999999943e-01,-3.112028199999999911e-01,4.309073199999999826e-01,7.490117400000000369e-01,-8.739429599999999354e-01,-7.782725600000000021e-01,4.447646199999999439e-01,-2.574220799999999976e-01,1.000000000000000000e+00,7.605592000000001018e-01,-5.891101400000000599e-01,-8.706057600000000063e-01,-4.470252999999999588e-01,-8.881286000000000458e-01,-9.814682200000000023e-01,-5.518386399999999359e-01,6.539558199999999655e-01,6.933501399999999482e-01,9.102102400000000593e-01,-2.658645600000000275e-01,6.348755999999999844e-01,-1.313865199999999511e-01,2.682548000000006816e-02,9.278395999999999866e-01,2.724799799999999550e-01,-5.515980799999999906e-01,4.673654400000000209e-01,5.688235999999999848e-01
-4.406163294125420848e-01,-2.276730315660546733e-02,5.973340783881683214e-01,-8.088936298593665253e-01,7.784405510657107508e-01,2.264480886193717679e-01,2.540846562327410685e-01,-4.259020067326000358e-01,-4.767907158607863072e-01,-1.456200155774879101e-01,6.053316135569090095e-01,4.174893833286243139e-02,-2.759695585282130881e-01,1.238499191554062462e-01,3.291072212109161788e-01,-5.961081957888102467e-01,-5.200030301096043583e-01,4.949591011846959758e-03,1.862177377074128726e-01,7.605592000000001018e-01,1.000000000000000000e+00,-6.207645068335496674e-01,-5.296011562417308749e-01,-8.719329453435525901e-02,-7.269506920543640227e-01,-8.158469324733818029e-01,-5.270094359428941777e-01,5.074677905598022898e-01,5.618134105531024103e-01,8.087673126659005174e-01,-1.670323861214644268e-01,6.204040171370960310e-01,-6.574566219261948619e-02,-1.457719069911589116e-01,6.643772551408478888e-01,-2.475039271595488310e-01,-4.712802179647545553e-01,3.185915045095296105e-01,2.791273706148842404e-01
2.945893415544024174e-01,6.259750961184593621e-01,-8.705704499125421769e-01,8.211011841620171614e-01,-5.372283227607248524e-01,-5.336287751360382359e-01,2.888632549899144419e-01,1.453955416487119623e-01,1.746875009923039845e-01,-1.189312850929316184e-01,-9.865084276940457031e-02,3.492329606076755577e-01,6.328149484026202032e-01,3.284287251741073166e-01,-5.425175130986522598e-01,5.391547245283198064e-01,3.238888791188577199e-01,8.043083378801905992e-02,2.994510841352729380e-01,-5.891101400000000599e-01,-6.207645068335496674e-01,1.000000000000000000e+00,6.787801496103452736e-01,2.751989872173373208e-01,4.376245347465061442e-01,6.657351367722904589e-01,9.228975918945376833e-01,-8.658464489290557120e-01,-1.973311182553302290e-01,-5.410212805111098699e-01,7.267476251991045189e-01,-3.372515936120312197e-01,-4.983833123527676712e-01,6.066938476287269122e-01,-2.944468535443209301e-01,-5.230148358881291093e-02,-7.923517381376865565e-03,-2.784167981755273150e-02,-6.383149343688448996e-01
7.488884226363498597e-02,2.940939070742886741e-01,-8.096027279411194266e-01,7.896648237534579229e-01,-7.612657175694919065e-01,-5.867558924577978008e-01,1.543973942362642515e-01,4.715561241725123587e-01,5.998317300097160132e-01,-2.348587168807241277e-01,-5.347113408048603800e-01,4.347274086616184086e-01,2.600280031994137153e-01,-1.386606196311951644e-01,-8.242684348787761017e-01,6.550232096029365847e-01,6.247176174224773337e-01,-5.224733332050985890e-01,2.791340258394530149e-01,-8.706057600000000063e-01,-5.296011562417308749e-01,6.787801496103452736e-01,1.000000000000000000e+00,6.416272039372541425e-01,6.919007502794369824e-01,8.802436604892046601e-01,5.761749793324927316e-01,-7.423169172323910159e-01,-6.597225138880613571e-01,-8.045182780748542095e-01,4.281106040075076669e-01,-5.987230970878800740e-01,-1.898951410409814855e-01,1.851283311613217131e-01,-7.379091662260872653e-01,-2.915242405872204290e-01,4.605778780862830324e-01,-3.105566374158092446e-01,-5.317486893385877655e-01
-5.905534515616389646e-01,3.947271645874200763e-01,-4.794775839661788996e-01,3.875261139551781642e-01,-2.542863783313240034e-01,-7.752829343201287360e-01,1.229283179577481400e-01,2.278256050453675574e-01,5.302383504775955991e-01,-4.573242761157274017e-01,-1.888746109559249486e-01,5.677730110111094408e-01,-6.941908774126495651e-02,-7.464336892957357250e-02,-6.939816880750692141e-01,2.373037817092128465e-01,6.107599618528151142e-01,-7.741507226707301514e-01,3.000262376409044696e-01,-4.470252999999999588e-01,-8.719329453435525901e-02,2.751989872173373208e-01,6.416272039372541425e-01,1.000000000000000000e+00,3.455251854495839936e-01,3.988233614033950269e-01,1.587249357050296850e-01,-4.993534512527396663e-01,-5.352315442126547307e-01,-3.291458800231005788e-01,4.136923163479863663e-01,-2.421923085799707748e-02,-4.600648537051322262e-01,1.312477266604204218e-01,-4.192641869151669254e-01,-7.874429204153185480e-02,2.966063788802094092e-01,-3.590409711979603569e-01,-2.529308230316063555e-01
1.692477435902809968e-01,9.770305908093912528e-04,-6.993840441847345435e-01,7.352500766353260442e-01,-8.580313423968076725e-01,-4.385609970339890973e-01,9.007699709636364516e-02,5.964723511115395116e-01,4.664955674230474303e-01,-6.108334611459891039e-02,-6.919173167835916960e-01,2.335492588453972340e-01,2.139483653918861916e-01,-4.042871646884587666e-01,-6.806543429907383480e-01,7.856225705348874877e-01,6.499807462006218506e-01,-3.735161108936463914e-01,2.820848495492736530e-01,-8.881286000000000458e-01,-7.269506920543640227e-01,4.376245347465061442e-01,6.919007502794369824e-01,3.455251854495839936e-01,1.000000000000000000e+00,8.897700340534099306e-01,4.066004175564680301e-01,-5.591819694726689605e-01,-6.452267309474797319e-01,-8.482972610693995108e-01,2.713743916442748483e-01,-6.263740598615807897e-01,1.393732816799595764e-01,8.720679929604256697e-02,-8.493684347880749996e-01,-1.388169879128932638e-01,4.632565968949131641e-01,-5.686843343731736722e-01,-5.427022012471476309e-01
3.024526622039461210e-01,1.131713990747229281e-01,-8.145122181473931633e-01,9.041082436567811076e-01,-9.463240455145456309e-01,-4.610466760493563410e-01,4.374122057603650054e-02,5.963624752872120904e-01,5.920903183830726890e-01,-1.091687750734215978e-01,-7.069141104857000757e-01,2.873871735702500096e-01,3.207773413575683019e-01,-2.762056624803014282e-01,-7.328536998604053831e-01,8.230817074414548129e-01,6.924166997756791009e-01,-3.742002240467489638e-01,1.996121219309253403e-01,-9.814682200000000023e-01,-8.158469324733818029e-01,6.657351367722904589e-01,8.802436604892046601e-01,3.988233614033950269e-01,8.897700340534099306e-01,1.000000000000000000e+00,5.913414939434542550e-01,-7.025918929009462577e-01,-6.898752772726389759e-01,-9.447678239653269916e-01,3.266474880939131964e-01,-7.272767879341648367e-01,3.270173363120246895e-02,1.134477082510997603e-01,-8.674367782518220826e-01,-1.650234835742112605e-01,5.203587984335990013e-01,-3.877967461786610004e-01,-5.707095627563697482e-01
3.459335798801625450e-01,5.363356434806683115e-01,-8.128903164617145016e-01,7.729331569838170379e-01,-5.417830264713608956e-01,-5.665199219709742273e-01,2.983246191636612643e-01,2.884827802937963148e-01,1.016930232379952975e-01,-2.510096677009314714e-01,-7.379029471797542150e-02,3.791267326830309314e-01,7.661569404336220357e-01,1.650787854970815760e-01,-5.009066517894605886e-01,6.427396296411341803e-01,3.392909493735957738e-01,1.726005671920825824e-01,4.224662132897109013e-01,-5.518386399999999359e-01,-5.270094359428941777e-01,9.228975918945376833e-01,5.761749793324927316e-01,1.587249357050296850e-01,4.066004175564680301e-01,5.913414939434542550e-01,1.000000000000000000e+00,-8.130715536943955435e-01,-2.557324804674390717e-02,-4.177966956548612165e-01,7.137731287146711345e-01,-1.765361321648196979e-01,-3.455937752273701702e-01,4.370487445845675500e-01,-2.869221929481791666e-01,-3.083492013890865024e-01,-1.182878715613921994e-01,-8.279047319545024264e-02,-7.141515883604352410e-01
7.164459972544567901e-02,-7.569170977217082319e-01,9.732105619848829825e-01,-8.550152888734507961e-01,5.985359251649355894e-01,6.085813194622408107e-01,-5.546203053070262179e-01,-1.729294026550415309e-01,-1.265659167160551046e-01,4.211285180278135920e-01,2.007586607233733528e-02,-7.000118218744912912e-01,-7.098172120297251420e-01,-2.311472857574246309e-01,8.332010336460711208e-01,-5.995361000185992495e-01,-3.528643357903055167e-01,3.113946865717314716e-01,-5.180222550523488900e-01,6.539558199999999655e-01,5.074677905598022898e-01,-8.658464489290557120e-01,-7.423169172323910159e-01,-4.993534512527396663e-01,-5.591819694726689605e-01,-7.025918929009462577e-01,-8.130715536943955435e-01,1.000000000000000000e+00,1.572400774185849504e-01,5.000043716860956833e-01,-8.796736056587518560e-01,2.642529763755119276e-01,5.560099323905249857e-01,-5.566883746649122777e-01,3.493939319990681525e-01,1.479108451232363786e-01,1.453766273316150492e-01,-4.419740054656740025e-02,7.897641996285469368e-01
-1.284127244104892318e-01,2.539560718740251355e-01,3.097443628228351287e-01,-4.278745951336873077e-01,5.609784365533301287e-01,3.624837218621312362e-01,4.315429702256600164e-01,-4.412247479886816093e-01,-7.841311277209797037e-01,-2.447074162703782862e-01,8.372768875243163933e-01,1.546155966303464913e-01,4.340276207542582698e-01,3.341516697129111590e-01,3.612769716293052769e-01,-3.937025543332649535e-01,-7.349461765603853003e-01,4.343564408537072263e-01,2.005639346488423957e-01,6.933501399999999482e-01,5.618134105531024103e-01,-1.973311182553302290e-01,-6.597225138880613571e-01,-5.352315442126547307e-01,-6.452267309474797319e-01,-6.898752772726389759e-01,-2.557324804674390717e-02,1.572400774185849504e-01,1.000000000000000000e+00,8.365683643153603022e-01,1.672974939982185549e-01,6.926820540644796909e-01,-1.201667688678246942e-01,1.057388348432544284e-01,7.980139712585384570e-01,-1.167651305176387461e-01,-9.236037597035603453e-01,6.660023895050232179e-01,8.369302997060740299e-05
-4.082599334361550758e-01,5.553448465231464182e-02,6.571132951464073724e-01,-7.625024932660742216e-01,8.542287738583520529e-01,3.377343089213751259e-01,1.359500543623741731e-01,-5.095191719574957423e-01,-6.183000020713402822e-01,-1.663717488987899173e-01,8.126561352231957969e-01,-2.617191846968269786e-02,-3.529170994271169093e-02,2.503912817691155701e-01,5.627340134394905879e-01,-7.052451023608614644e-01,-6.854050735306351783e-01,2.841163011760756696e-01,-1.650355565843669714e-02,9.102102400000000593e-01,8.087673126659005174e-01,-5.410212805111098699e-01,-8.045182780748542095e-01,-3.291458800231005788e-01,-8.482972610693995108e-01,-9.447678239653269916e-01,-4.177966956548612165e-01,5.000043716860956833e-01,8.365683643153603022e-01,1.000000000000000000e+00,-1.212243889549767667e-01,8.591349906550620474e-01,-9.741129593401365305e-02,-8.227846929388332731e-02,8.582657574230806441e-01,1.179664058242332891e-02,-7.049188409459467008e-01,4.756426899848463785e-01,3.990093465539891193e-01
-2.680714471049133185e-01,9.241878761265829301e-01,-8.085549971650094481e-01,5.419593348751898798e-01,-1.943574088703625968e-01,-5.715077481551815719e-01,7.334609653276331631e-01,-1.599853228135746930e-01,-2.396473467320690276e-01,-3.741571589565063083e-01,3.784955254855751350e-01,6.707528813384886490e-01,6.888968050261198295e-01,4.794484823838465748e-01,-6.392831574715339693e-01,3.310731628169241714e-01,7.451438448186512020e-02,-1.322612943038060374e-01,6.422142008965530113e-01,-2.658645600000000275e-01,-1.670323861214644268e-01,7.267476251991045189e-01,4.281106040075076669e-01,4.136923163479863663e-01,2.713743916442748483e-01,3.266474880939131964e-01,7.137731287146711345e-01,-8.796736056587518560e-01,1.672974939982185549e-01,-1.212243889549767667e-01,1.000000000000000000e+00,4.734979764374005334e-02,-7.737083584888327925e-01,7.460948889980804077e-01,5.456993283113466264e-02,-1.092532975642600129e-01,-4.835888860161723368e-01,1.766605703694300866e-01,-7.467233924911733656e-01
-4.655141685510473248e-01,1.195711247593429505e-01,4.270547350874495107e-01,-4.765883980698349953e-01,6.092768879034314855e-01,-1.133115295962990460e-01,1.019232274087049916e-01,-1.600272834547804834e-01,-3.143110980789786124e-01,-4.781491955338019184e-01,6.422123830376704756e-01,2.316919969797210099e-01,1.373902689095776175e-01,3.035672723658996638e-02,3.117361013716399287e-01,-4.006730662546154620e-01,-2.891303769811358060e-01,1.293975112402712957e-01,1.949741628516811487e-01,6.348755999999999844e-01,6.204040171370960310e-01,-3.372515936120312197e-01,-5.987230970878800740e-01,-2.421923085799707748e-02,-6.263740598615807897e-01,-7.272767879341648367e-01,-1.765361321648196979e-01,2.642529763755119276e-01,6.926820540644796909e-01,8.591349906550620474e-01,4.734979764374005334e-02,1.000000000000000000e+00,-1.258553896068925482e-01,-1.425639698461125537e-01,5.866529198551748703e-01,-1.016692249075289989e-01,-6.081316470055341261e-01,1.766364178399209006e-01,1.846015310300939127e-01
4.436624106824728631e-01,-9.232600670747005411e-01,4.550047137582337586e-01,-1.699484647194069997e-01,-2.749151341293250561e-01,3.674612734583125317e-01,-4.941629739226964246e-01,6.053425606199716036e-01,3.179945392536210336e-01,8.006452442843595141e-02,-5.791253246697471990e-01,-3.896427120702563029e-01,-1.992123732071576225e-01,-8.199933969753825380e-01,3.078424481372875610e-01,2.238363082575399732e-01,1.408869294101257330e-01,6.946649370915861099e-02,-2.271684975033649301e-01,-1.313865199999999511e-01,-6.574566219261948619e-02,-4.983833123527676712e-01,-1.898951410409814855e-01,-4.600648537051322262e-01,1.393732816799595764e-01,3.270173363120246895e-02,-3.455937752273701702e-01,5.560099323905249857e-01,-1.201667688678246942e-01,-9.741129593401365305e-02,-7.737083584888327925e-01,-1.258553896068925482e-01,1.000000000000000000e+00,-8.171668098974600447e-01,-3.938141951982146449e-01,-3.255535988602676345e-01,4.106702915182059432e-01,-3.090982361715223781e-01,2.788016973406869936e-01
-9.946247507289474044e-02,7.996643160073314549e-01,-5.296652198637844533e-01,2.537074858814672984e-01,1.190638727478807030e-01,-1.968116655259384562e-01,5.333977659516843106e-01,-5.667362127673974959e-01,-4.190241775141033687e-01,2.239163815192817819e-01,4.385925596096155732e-01,1.572781206315639613e-01,2.942978833910419034e-01,7.905957747877555564e-01,-2.274859361476094799e-01,-6.542965103121578530e-02,-2.393946306302853766e-01,2.052140067445288041e-01,2.608430004207026864e-01,2.682548000000006816e-02,-1.457719069911589116e-01,6.066938476287269122e-01,1.851283311613217131e-01,1.312477266604204218e-01,8.720679929604256697e-02,1.134477082510997603e-01,4.370487445845675500e-01,-5.566883746649122777e-01,1.057388348432544284e-01,-8.227846929388332731e-02,7.460948889980804077e-01,-1.425639698461125537e-01,-8.171668098974600447e-01,1.000000000000000000e+00,3.112948701348509650e-01,3.183108877537441650e-01,-3.793837757757114182e-01,2.372703404755109047e-01,-3.909082669153465250e-01
-2.463922974554832168e-01,3.045579760101739808e-01,4.892099988833488733e-01,-6.771828491241721482e-01,8.966652645935739852e-01,4.579682912877787726e-01,2.558769950665978343e-01,-8.458567379488648452e-01,-8.125982539593555876e-01,1.558354351342794153e-01,9.186801927399048662e-01,-1.432400571815309054e-01,-3.538982697827727092e-02,6.805647680627808782e-01,5.741143100908155938e-01,-7.947582096238828830e-01,-8.471650268020519681e-01,4.801317413296946612e-01,-1.112664792562030047e-01,9.278395999999999866e-01,6.643772551408478888e-01,-2.944468535443209301e-01,-7.379091662260872653e-01,-4.192641869151669254e-01,-8.493684347880749996e-01,-8.674367782518220826e-01,-2.869221929481791666e-01,3.493939319990681525e-01,7.980139712585384570e-01,8.582657574230806441e-01,5.456993283113466264e-02,5.866529198551748703e-01,-3.938141951982146449e-01,3.112948701348509650e-01,1.000000000000000000e+00,2.985264162940380883e-01,-7.505688227466030815e-01,6.666998329077994390e-01,3.230824987434497975e-01
-9.127082109738669791e-02,1.264553035267595993e-01,1.715496827062046870e-01,-1.316425464070344609e-01,3.053575109815253041e-01,3.212658762584134076e-01,-2.395506235617945179e-01,-5.638393330217451593e-01,-1.519963530043461630e-01,4.974183169398540549e-01,1.728012884665658666e-01,-3.307713876648475937e-01,-3.744422231804199197e-01,5.246048699593238718e-01,3.196697317882640221e-01,-5.306198217720350385e-01,-2.717233483916979830e-01,1.756314127538092795e-01,-6.094858485909834256e-01,2.724799799999999550e-01,-2.475039271595488310e-01,-5.230148358881291093e-02,-2.915242405872204290e-01,-7.874429204153185480e-02,-1.388169879128932638e-01,-1.650234835742112605e-01,-3.083492013890865024e-01,1.479108451232363786e-01,-1.167651305176387461e-01,1.179664058242332891e-02,-1.092532975642600129e-01,-1.016692249075289989e-01,-3.255535988602676345e-01,3.183108877537441650e-01,2.985264162940380883e-01,1.000000000000000000e+00,4.830216482657993804e-02,1.878936428428747696e-01,4.172415530180025867e-01
2.945927997640174767e-01,-5.633306987916973929e-01,-1.227771556901522711e-02,2.296611855089880083e-01,-4.664702533641557070e-01,-1.739792677299809853e-01,-6.838927127858653865e-01,5.220534306555099091e-01,8.182365761977068441e-01,3.358291499069567809e-01,-8.994642072449691161e-01,-3.981918110574781955e-01,-5.416995897981838892e-01,-4.977963856614058824e-01,-6.673299749934617775e-02,3.018657523288563183e-01,6.597196799872796502e-01,-2.591624151395345854e-01,-3.814374491869347295e-01,-5.515980799999999906e-01,-4.712802179647545553e-01,-7.923517381376865565e-03,4.605778780862830324e-01,2.966063788802094092e-01,4.632565968949131641e-01,5.203587984335990013e-01,-1.182878715613921994e-01,1.453766273316150492e-01,-9.236037597035603453e-01,-7.049188409459467008e-01,-4.835888860161723368e-01,-6.081316470055341261e-01,4.106702915182059432e-01,-3.793837757757114182e-01,-7.505688227466030815e-01,4.830216482657993804e-02,1.000000000000000000e+00,-6.829855869053839124e-01,2.330221475583432456e-01
-1.316937687434337478e-01,4.098366096396064973e-01,1.073202398802341750e-01,-1.845068796421807100e-01,3.647502419622388192e-01,5.639065848260078617e-01,4.379714236598395982e-01,-6.275974230582567204e-01,-6.153396957614041263e-01,-1.079238202219083703e-01,7.063412450700370382e-01,2.048710499174705713e-01,3.129109692820024047e-01,5.878985765099530303e-01,1.465095749166736572e-01,-4.486623411555295537e-01,-7.368286943379418474e-01,1.155705089169951905e-01,-8.506167993443930486e-02,4.673654400000000209e-01,3.185915045095296105e-01,-2.784167981755273150e-02,-3.105566374158092446e-01,-3.590409711979603569e-01,-5.686843343731736722e-01,-3.877967461786610004e-01,-8.279047319545024264e-02,-4.419740054656740025e-02,6.660023895050232179e-01,4.756426899848463785e-01,1.766605703694300866e-01,1.766364178399209006e-01,-3.090982361715223781e-01,2.372703404755109047e-01,6.666998329077994390e-01,1.878936428428747696e-01,-6.829855869053839124e-01,1.000000000000000000e+00,4.738771415058180836e-02
-1.418810618867016593e-01,-5.053395388627959228e-01,8.150904498996554004e-01,-6.677381188603157547e-01,5.665029693436945957e-01,5.547717527706989005e-01,-6.925300592962625457e-01,-2.940904171047181159e-01,4.040811041593629638e-02,4.014731078655261465e-01,7.107270048125627349e-02,-6.586820957241550367e-01,-6.894810511544380294e-01,-3.135929489490514935e-03,7.440969399231983639e-01,-7.465223034939592051e-01,-3.420183232164722975e-01,1.521972161099051368e-01,-8.239440481864171995e-01,5.688235999999999848e-01,2.791273706148842404e-01,-6.383149343688448996e-01,-5.317486893385877655e-01,-2.529308230316063555e-01,-5.427022012471476309e-01,-5.707095627563697482e-01,-7.141515883604352410e-01,7.897641996285469368e-01,8.369302997060740299e-05,3.990093465539891193e-01,-7.467233924911733656e-01,1.846015310300939127e-01,2.788016973406869936e-01,-3.909082669153465250e-01,3.230824987434497975e-01,4.172415530180025867e-01,2.330221475583432456e-01,4.738771415058180836e-02,1.000000000000000000e+00
