1.000000000000000000e+00,-2.725315657692345753e-02,5.263481400000000754e-01,5.051329933901761715e-02,5.361594994581836415e-01,6.795467039779629070e-01,-7.507042202198838110e-01,-2.322916721685366892e-01,-3.449777658111684575e-01,-4.266026199510589145e-01,-1.794600190275006668e-01,9.823259793955822772e-02,-2.992206291255781192e-01,4.876845408985350794e-01,5.052630124419515978e-01,4.056458870706607933e-01,-1.226607922805715012e-01,-2.790699659931692930e-02,-4.105846268908322494e-01,-4.974459187574974961e-01,3.162905481048742251e-01,3.172080339674034355e-01,-4.660447775339246479e-01,6.333049907695231795e-01,5.279748724994344222e-01,4.853051265257343760e-01,-5.964266902712357377e-01,-3.786483719421813721e-01,-2.253086427818676296e-02,4.695071253336285944e-01,-3.226794586231199191e-01,2.628842208008723702e-01,5.538659241767490693e-01,-9.028296798200800832e-02,5.240699214350045265e-01,2.851768531165072007e-01,3.675712478134516292e-01,-3.351063187265045928e-01,7.635059647817967754e-01
-2.725315657692345753e-02,1.000000000000000000e+00,3.519471999999999046e-01,7.086725744462545329e-01,1.551038648562513556e-01,-5.192496249621667559e-01,-9.947201053018561723e-02,-1.475030321026011004e-01,-5.203257310574110894e-01,-7.501571999359171183e-01,-7.460528519801016278e-01,6.009365924073583054e-01,6.184784468769292110e-01,-4.757289735498146932e-01,5.298748013788733280e-01,4.862279649807016435e-01,4.114568118849478151e-01,-3.106133277318816610e-01,-8.593196319659639204e-02,5.351339366531785435e-01,-9.285024346075010371e-01,-5.910068014149714166e-01,-5.557323732791209503e-01,1.860058904564043381e-01,3.999295838251317736e-01,-6.400645850829409511e-01,4.159188087070928574e-01,1.355978298188585326e-02,-7.278429699744128900e-01,3.171878067578480231e-01,-8.463553742650965495e-01,-8.482370976740812862e-01,-3.852046407298748698e-01,9.323592753931168042e-01,2.433027886570785225e-01,5.143261331694690686e-01,1.301118213446549876e-01,-6.127242698233057450e-01,-4.577912197651106130e-01
5.263481400000000754e-01,3.519471999999999046e-01,1.000000000000000000e+00,7.270815600000000156e-01,9.017513200000000229e-01,3.805942399999999726e-01,-3.836449800000000243e-01,4.778573600000000088e-01,-4.524225600000000291e-01,-3.544257200000000552e-01,-3.441771599999999820e-01,3.902276200000001083e-01,3.370004000000004218e-02,5.105082599999999360e-01,9.651956600000000108e-01,-3.076661999999996677e-02,5.904712000000000849e-01,2.907686599999999011e-01,-8.931486600000000387e-01,-3.956955199999999673e-01,-6.418405999999998723e-02,3.909854600000000069e-01,-9.669785199999999525e-01,9.302941799999999706e-01,9.521069799999999361e-01,-1.140064600000000317e-01,-6.985678200000000615e-01,1.276007999999999587e-01,1.553207800000000471e-01,9.873609199999999753e-01,-7.501720600000000294e-01,-1.279084799999999911e-01,6.584456400000000542e-01,4.701710999999999530e-01,9.732649200000000889e-01,6.406271199999999943e-01,2.844507999999998926e-01,-9.280607400000000506e-01,5.168695999999999291e-01
5.051329933901761715e-02,7.086725744462545329e-01,7.270815600000000156e-01,1.000000000000000000e+00,4.845565205634326800e-01,-2.823987620714293323e-01,-1.023649871251070126e-01,4.929981333333732230e-01,-2.893868475815036811e-01,-3.392946907959415448e-01,-7.358005746108826628e-01,6.039714755791582013e-01,5.206068795198901533e-01,6.766207779784165488e-02,7.285861334894405683e-01,-3.651909506061942756e-02,7.519315052864167237e-01,3.145118664860529489e-01,-6.149542454493318600e-01,1.297379302491633579e-01,-5.498503910129982630e-01,-1.883679436377030947e-01,-7.778550984146714864e-01,6.100438788422968273e-01,7.167550964733426788e-01,-6.521724274646416575e-01,-1.361794782228886724e-01,3.972415342905730729e-01,-1.349131080605075472e-01,7.450341642118775143e-01,-8.071848638459386827e-01,-4.460797980150508213e-01,9.980435917582479444e-02,8.022119615191070086e-01,7.318525816286630681e-01,4.215170741880824856e-01,4.984661841945179361e-01,-8.797347946942043473e-01,-4.015900882057454185e-02
5.361594994581836415e-01,1.551038648562513556e-01,9.017513200000000229e-01,4.845565205634326800e-01,1.000000000000000000e+00,5.777367646666444756e-01,-3.755922737542717327e-01,3.343264984172908960e-01,-5.406994256393731213e-01,-3.772875920204021294e-01,-1.776545669092241264e-01,1.784141369307843950e-01,-3.477363116542681598e-01,4.256191182854845989e-01,8.778038117367413795e-01,-1.536014645468388069e-02,4.828101763872573726e-01,2.097908482594073032e-01,-7.831256647339472909e-01,-3.288092554991435268e-01,1.384081285658408378e-01,4.353704989459714625e-01,-8.625407289991833260e-01,9.030459653931229846e-01,8.808843109832973362e-01,1.908747885992242155e-01,-7.788401975896305229e-01,-1.971376765174595036e-01,1.387243553842676391e-01,9.116381889161722096e-01,-6.002168670728907918e-01,2.562734544136410428e-02,6.260541432223869496e-01,1.915181058270410408e-01,8.363528187881470455e-01,5.214830591947824390e-01,1.176334300195378130e-01,-8.087790679323013654e-01,5.724004883722296766e-01
6.795467039779629070e-01,-5.192496249621667559e-01,3.805942399999999726e-01,-2.823987620714293323e-01,5.777367646666444756e-01,1.000000000000000000e+00,-4.084619981559882151e-01,3.870435808129401439e-02,-7.348949650085717655e-02,-1.987249184582503062e-02,3.165847345822540015e-01,-2.382558759327565445e-01,-7.435310072611945875e-01,5.828493613363007197e-01,2.802259973984542740e-01,-1.192916290654738587e-01,-1.996918963379240297e-01,2.676498004810199949e-01,-3.380230675891381931e-01,-6.269139665176233223e-01,7.449391258109060443e-01,7.304111812569693551e-01,-2.449376755138321649e-01,5.166727744189612004e-01,3.845009309620947557e-01,8.099213871170849455e-01,-8.150711889346782257e-01,-3.905318514167841482e-01,3.751835908572339617e-01,3.794278410958341619e-01,1.239562731695462577e-01,5.399131000782328993e-01,6.888644950789128973e-01,-5.440656251015560940e-01,3.713936026018587744e-01,1.028306304536942550e-01,3.794351701757581186e-02,-8.741116398691715916e-02,7.961906081130247781e-01
-7.507042202198838110e-01,-9.947201053018561723e-02,-3.836449800000000243e-01,-1.023649871251070126e-01,-3.755922737542717327e-01,-4.084619981559882151e-01,1.000000000000000000e+00,2.512219235227609593e-01,5.266514767208235748e-01,4.145394909089794577e-01,2.284595873241862529e-01,-2.144400403725199578e-01,9.923107307451754788e-02,-3.083725676791913006e-01,-4.010539845332292685e-01,-4.827634507993220359e-01,3.971314398839627391e-02,7.355749361957891752e-02,2.929654941984770611e-01,2.552799428410894023e-01,-1.003926537436697214e-01,-1.021171568905264171e-01,3.601639091127598613e-01,-5.389849735357910010e-01,-4.452004495077592217e-01,-2.406937961508833212e-01,3.440110840422485050e-01,3.103540057907619443e-01,1.188159438810424406e-01,-3.214275332079362668e-01,3.066419672763558424e-01,-1.455775315593531849e-01,-3.406768105654804923e-01,-4.595454794132537019e-02,-3.840374348927811932e-01,-3.227237085997403665e-01,-2.891649245836112603e-01,3.176226615809311649e-01,-5.395985973542520853e-01
-2.322916721685366892e-01,-1.475030321026011004e-01,4.778573600000000088e-01,4.929981333333732230e-01,3.343264984172908960e-01,3.870435808129401439e-02,2.512219235227609593e-01,1.000000000000000000e+00,2.560599768462217818e-01,5.327717197672716676e-01,7.057390041533392888e-02,1.766218076465172759e-01,1.712410502898134568e-01,5.242910527426369871e-01,3.000153277365311677e-01,-7.318922676286134799e-01,5.898395527870606836e-01,7.631569739907130279e-01,-6.426019462647644120e-01,-3.879480925268970481e-01,1.681669124633132228e-01,5.168768313559901628e-01,-3.435891760684792740e-01,3.852912743364337311e-01,3.356186990522514457e-01,-3.695032623712195541e-01,-4.966069625963400735e-01,7.001324855138125747e-01,7.167806811482462237e-01,5.284948120346705247e-01,-7.861115659213066542e-02,2.132763360962089683e-01,5.254906976732068857e-01,1.313743701189818147e-01,5.893679297527634198e-01,1.585834866656455067e-01,2.099158435585923299e-01,-4.177422933679484918e-01,2.539709284235977527e-01
-3.449777658111684575e-01,-5.203257310574110894e-01,-4.524225600000000291e-01,-2.893868475815036811e-01,-5.406994256393731213e-01,-7.348949650085717655e-02,5.266514767208235748e-01,2.560599768462217818e-01,1.000000000000000000e+00,7.103004677532200883e-01,2.318812007214741677e-01,-4.652747271085293512e-01,-4.110076641715432882e-02,1.877210689516696784e-01,-6.048293998262660454e-01,-6.875798671865790412e-01,-2.083863227688304287e-01,4.497469759689138868e-01,2.840238706320142859e-01,-1.800804343652613326e-01,4.077223798124111620e-01,1.526647916945761685e-01,5.554286967480069892e-01,-3.994047857090383125e-01,-4.877517803474726854e-01,7.770080872285227425e-02,7.563503127945669924e-02,4.429358820266149910e-01,4.320914861365481308e-01,-3.811162883310310612e-01,6.552374876603942466e-01,3.078752227551528886e-01,-7.102139913435406848e-02,-4.481379351083157325e-01,-3.307294254344678719e-01,-6.904636409800560815e-01,1.819910976113337797e-01,5.692452912641675633e-01,-1.305676177047662423e-01
-4.266026199510589145e-01,-7.501571999359171183e-01,-3.544257200000000552e-01,-3.392946907959415448e-01,-3.772875920204021294e-01,-1.987249184582503062e-02,4.145394909089794577e-01,5.327717197672716676e-01,7.103004677532200883e-01,1.000000000000000000e+00,6.122943573045944721e-01,-3.829146924090779947e-01,-4.643726593083637860e-02,4.395496517625151478e-01,-5.519760814357317358e-01,-7.377431136886848373e-01,-1.443214419826591155e-01,4.578831349279866569e-01,-2.241973158720301715e-02,-4.314609532207963616e-01,5.603357345764052866e-01,4.154883296307704810e-01,5.417153899929693095e-01,-3.184617543428593933e-01,-4.568350231784518711e-01,3.892816138960459443e-02,-1.565353310637301321e-01,5.977867953144262447e-01,8.363334960473318702e-01,-3.114667520102886722e-01,7.578300264049695478e-01,5.616176450218445249e-01,2.542162670444196859e-01,-5.295916194672577459e-01,-1.937991179553671950e-01,-4.601770326969207847e-01,-7.185383599201562721e-02,5.058824361513728496e-01,9.394136323438774527e-02
-1.794600190275006668e-01,-7.460528519801016278e-01,-3.441771599999999820e-01,-7.358005746108826628e-01,-1.776545669092241264e-01,3.165847345822540015e-01,2.284595873241862529e-01,7.057390041533392888e-02,2.318812007214741677e-01,6.122943573045944721e-01,1.000000000000000000e+00,-4.562653132038156367e-01,-3.635953228614315358e-01,3.313059986795223733e-01,-4.089240288469253581e-01,-2.748394526373688085e-01,-4.138428744834510842e-01,-1.445763926084778217e-01,8.007907790405857651e-02,-5.050244781524400040e-01,5.716357785756096543e-01,6.017270285812970076e-01,4.650388062212754692e-01,-3.529964241234337385e-01,-4.197377750009195219e-01,4.084448722738996951e-01,-2.027207221159738337e-01,4.207504056353555955e-02,6.080692332499246788e-01,-3.776822966559610362e-01,6.677887395250319269e-01,4.553588567680147414e-01,3.655410028223707863e-01,-6.033255006271712739e-01,-3.264530555750078111e-01,-7.272434822500560558e-02,-7.086832656132953101e-01,5.615032700112237984e-01,2.113183364597463199e-01
9.823259793955822772e-02,6.009365924073583054e-01,3.902276200000001083e-01,6.039714755791582013e-01,1.784141369307843950e-01,-2.382558759327565445e-01,-2.144400403725199578e-01,1.766218076465172759e-01,-4.652747271085293512e-01,-3.829146924090779947e-01,-4.562653132038156367e-01,1.000000000000000000e+00,6.184359004969630647e-01,-1.107295897438119597e-01,4.230356957523563888e-01,4.358545406002259370e-01,2.913375099017419534e-01,1.816678127507756826e-02,-3.225125388511405067e-01,1.703535265721497216e-01,-6.024138235064059321e-01,-2.201585202274087827e-01,-4.393936036807278844e-01,2.470939661090436612e-01,3.692007502972244892e-01,-5.605747679563894970e-01,9.627334882645688374e-02,1.725893689494351346e-01,-2.371864090194633068e-01,3.173609556645184404e-01,-6.104058318406303529e-01,-2.325527968417616664e-01,1.399715025701714355e-02,6.538659828016925024e-01,4.173263156829652987e-01,5.650625421589476893e-01,3.146324046560867171e-01,-5.562258183520483179e-01,5.323223899124043812e-02
-2.992206291255781192e-01,6.184784468769292110e-01,3.370004000000004218e-02,5.206068795198901533e-01,-3.477363116542681598e-01,-7.435310072611945875e-01,9.923107307451754788e-02,1.712410502898134568e-01,-4.110076641715432882e-02,-4.643726593083637860e-02,-3.635953228614315358e-01,6.184359004969630647e-01,1.000000000000000000e+00,-1.506038720494539407e-01,8.690748059640560075e-02,1.849602513614304888e-01,2.002762981743143045e-01,-1.054901136528591243e-01,-7.722009368749872815e-02,1.822208352278253674e-01,-7.464699491721333846e-01,-4.027367921276259199e-01,-1.143812429493389765e-01,-1.696462747493550360e-01,-1.232029262063554301e-02,-8.526238707043607423e-01,5.019114023737073493e-01,6.460777204394639872e-01,-1.861289383843962586e-01,-3.070263250038304803e-02,-3.655459166945690397e-01,-5.340155576160576789e-01,-2.312609567352400808e-01,7.617779276864805604e-01,8.062182752725469137e-02,3.480775033274878805e-01,1.500931458976985100e-01,-2.155609176086190348e-01,-4.309406385910231618e-01
4.876845408985350794e-01,-4.757289735498146932e-01,5.105082599999999360e-01,6.766207779784165488e-02,4.256191182854845989e-01,5.828493613363007197e-01,-3.083725676791913006e-01,5.242910527426369871e-01,1.877210689516696784e-01,4.395496517625151478e-01,3.313059986795223733e-01,-1.107295897438119597e-01,-1.506038720494539407e-01,1.000000000000000000e+00,3.226385260047821557e-01,-4.029710077119716405e-01,2.050741796370866149e-02,4.243490792552437330e-01,-7.364182932968044160e-01,-9.527140284653157210e-01,6.191071226478741529e-01,7.844970774906199207e-01,-3.001552980830634598e-01,5.609954507000199930e-01,4.095935516278578770e-01,2.829737873975011753e-01,-8.272772779749166805e-01,4.174928182161388168e-01,8.036656222782496695e-01,4.901470254450226438e-01,9.865463812273647659e-02,4.888856751656126542e-01,9.207083826369553137e-01,-2.377096748636869095e-01,6.185773052253742410e-01,1.615651165694210190e-01,1.852461872038123625e-01,-2.003092546083089232e-01,7.582657662063664317e-01
5.052630124419515978e-01,5.298748013788733280e-01,9.651956600000000108e-01,7.285861334894405683e-01,8.778038117367413795e-01,2.802259973984542740e-01,-4.010539845332292685e-01,3.000153277365311677e-01,-6.048293998262660454e-01,-5.519760814357317358e-01,-4.089240288469253581e-01,4.230356957523563888e-01,8.690748059640560075e-02,3.226385260047821557e-01,1.000000000000000000e+00,1.527788509061006328e-01,5.796180019395943406e-01,7.927467386492309531e-02,-7.870920997479694536e-01,-2.362384541101785751e-01,-2.488307545363087903e-01,2.404416722038382470e-01,-9.946590776206543083e-01,8.673871058720493687e-01,9.405301471551269499e-01,-1.662334534651235818e-01,-5.391884033396063813e-01,2.678592782832714923e-03,-6.996354002189449084e-02,9.378157150178841883e-01,-8.667744358334459331e-01,-3.231776823209492888e-01,5.100555409323633826e-01,6.001005308232363333e-01,8.886082702080009277e-01,7.320502705274372079e-01,1.661344563256347273e-01,-9.485023733463423534e-01,3.708080041440681707e-01
4.056458870706607933e-01,4.862279649807016435e-01,-3.076661999999996677e-02,-3.651909506061942756e-02,-1.536014645468388069e-02,-1.192916290654738587e-01,-4.827634507993220359e-01,-7.318922676286134799e-01,-6.875798671865790412e-01,-7.377431136886848373e-01,-2.748394526373688085e-01,4.358545406002259370e-01,1.849602513614304888e-01,-4.029710077119716405e-01,1.527788509061006328e-01,1.000000000000000000e+00,-2.130895286278949863e-01,-7.322962309635755451e-01,2.014845028939343807e-01,3.179458381815386536e-01,-4.666664362718694337e-01,-4.642353083554637827e-01,-1.056559183378979333e-01,-4.474781309677957480e-02,3.415069023966241929e-02,-3.043832836264954295e-02,3.423711160871432124e-01,-5.581678726355084885e-01,-7.014637207442642186e-01,-1.368129407725189317e-01,-4.226030699288864101e-01,-2.612763576940848043e-01,-2.704044666142862430e-01,3.124707101121617647e-01,-1.165150148100627669e-01,3.614145140515974131e-01,-6.108123098518759841e-02,-1.014195860987038705e-01,-1.403861514901321578e-02
-1.226607922805715012e-01,4.114568118849478151e-01,5.904712000000000849e-01,7.519315052864167237e-01,4.828101763872573726e-01,-1.996918963379240297e-01,3.971314398839627391e-02,5.898395527870606836e-01,-2.083863227688304287e-01,-1.443214419826591155e-01,-4.138428744834510842e-01,2.913375099017419534e-01,2.002762981743143045e-01,2.050741796370866149e-02,5.796180019395943406e-01,-2.130895286278949863e-01,1.000000000000000000e+00,3.755688419844444570e-01,-4.758344269321150843e-01,1.441854790139736331e-01,-2.919260712789886747e-01,4.604131514061520630e-02,-6.222668197424537917e-01,4.958732975015042177e-01,5.771880773563963229e-01,-6.054115035955693891e-01,-2.253180547050318561e-01,2.142604172957219000e-01,4.764444260622302529e-02,6.408332734511533735e-01,-6.297176633942097590e-01,-1.636547423067162554e-01,1.549632590646257135e-01,5.294421687883611449e-01,5.913718242801488945e-01,2.445543615645237312e-01,2.213499574272075887e-01,-7.404040335955559549e-01,5.602969671668392437e-02
-2.790699659931692930e-02,-3.106133277318816610e-01,2.907686599999999011e-01,3.145118664860529489e-01,2.097908482594073032e-01,2.676498004810199949e-01,7.355749361957891752e-02,7.631569739907130279e-01,4.497469759689138868e-01,4.578831349279866569e-01,-1.445763926084778217e-01,1.816678127507756826e-02,-1.054901136528591243e-01,4.243490792552437330e-01,7.927467386492309531e-02,-7.322962309635755451e-01,3.755688419844444570e-01,1.000000000000000000e+00,-3.376339994783989495e-01,-2.626696193061326401e-01,4.111715284129592862e-01,4.116763483807256985e-01,-1.439243353948054804e-01,3.601928092316764585e-01,2.288554131286427706e-01,-3.282560999371018223e-02,-4.893444747390012783e-01,4.103294512338660494e-01,5.631068127746267082e-01,3.836693997028683967e-01,1.278408689669071896e-01,4.328130347346449414e-01,3.505366626730020974e-01,-1.971851746313660336e-01,4.290445873456799064e-01,-2.040408927560390384e-01,5.901713778787439635e-01,-2.107266603307481889e-01,3.404069855308750059e-01
-4.105846268908322494e-01,-8.593196319659639204e-02,-8.931486600000000387e-01,-6.149542454493318600e-01,-7.831256647339472909e-01,-3.380230675891381931e-01,2.929654941984770611e-01,-6.426019462647644120e-01,2.840238706320142859e-01,-2.241973158720301715e-02,8.007907790405857651e-02,-3.225125388511405067e-01,-7.722009368749872815e-02,-7.364182932968044160e-01,-7.870920997479694536e-01,2.014845028939343807e-01,-4.758344269321150843e-01,-3.376339994783989495e-01,1.000000000000000000e+00,6.140994133721422443e-01,-1.112909135175872838e-01,-5.051730764727688783e-01,7.787202591957542719e-01,-8.359352233954696620e-01,-8.035660597373086578e-01,1.119278495485967057e-01,7.663387564257961859e-01,-3.881314868652852024e-01,-4.917697457222779400e-01,-8.753819147892127894e-01,4.873976311359629610e-01,-8.505111075019554379e-02,-8.003813027927446644e-01,-3.110418603238039870e-01,-9.331890038180153946e-01,-5.232247639835274633e-01,-2.296797486960576729e-01,7.596103681910590932e-01,-5.860916206408093299e-01
-4.974459187574974961e-01,5.351339366531785435e-01,-3.956955199999999673e-01,1.297379302491633579e-01,-3.288092554991435268e-01,-6.269139665176233223e-01,2.552799428410894023e-01,-3.879480925268970481e-01,-1.800804343652613326e-01,-4.314609532207963616e-01,-5.050244781524400040e-01,1.703535265721497216e-01,1.822208352278253674e-01,-9.527140284653157210e-01,-2.362384541101785751e-01,3.179458381815386536e-01,1.441854790139736331e-01,-2.626696193061326401e-01,6.140994133721422443e-01,1.000000000000000000e+00,-6.421856018825445878e-01,-8.432023275321945954e-01,1.969345588424575577e-01,-4.083574456922592355e-01,-2.869159062611474909e-01,-3.711315664230107614e-01,7.650284667514942738e-01,-3.389758423503566043e-01,-7.791714497196926548e-01,-3.491609847929994515e-01,-1.840634945265400002e-01,-4.786369651344465348e-01,-9.197386025421313560e-01,3.037369057078795342e-01,-4.811996346119932766e-01,-2.077793461855257096e-01,1.138741518219030940e-02,5.231358841841971669e-02,-7.439566101982743040e-01
3.162905481048742251e-01,-9.285024346075010371e-01,-6.418405999999998723e-02,-5.498503910129982630e-01,1.384081285658408378e-01,7.449391258109060443e-01,-1.003926537436697214e-01,1.681669124633132228e-01,4.077223798124111620e-01,5.603357345764052866e-01,5.716357785756096543e-01,-6.024138235064059321e-01,-7.464699491721333846e-01,6.191071226478741529e-01,-2.488307545363087903e-01,-4.666664362718694337e-01,-2.919260712789886747e-01,4.111715284129592862e-01,-1.112909135175872838e-01,-6.421856018825445878e-01,1.000000000000000000e+00,6.929502785679978460e-01,2.737780175185780540e-01,1.339950591279383818e-01,-9.871268093094448526e-02,7.595577502628095834e-01,-6.618465817720322608e-01,-1.207287971892075512e-01,6.966580339754830931e-01,-2.084466774161218561e-02,6.403828903132463557e-01,8.455165676234123184e-01,5.572334432941853377e-01,-8.880211817931376039e-01,2.599145162352737085e-02,-4.128874400668581801e-01,4.224846155304435441e-02,3.681121606575468719e-01,6.617354989247401509e-01
3.172080339674034355e-01,-5.910068014149714166e-01,3.909854600000000069e-01,-1.883679436377030947e-01,4.353704989459714625e-01,7.304111812569693551e-01,-1.021171568905264171e-01,5.168768313559901628e-01,1.526647916945761685e-01,4.154883296307704810e-01,6.017270285812970076e-01,-2.201585202274087827e-01,-4.027367921276259199e-01,7.844970774906199207e-01,2.404416722038382470e-01,-4.642353083554637827e-01,4.604131514061520630e-02,4.116763483807256985e-01,-5.051730764727688783e-01,-8.432023275321945954e-01,6.929502785679978460e-01,1.000000000000000000e+00,-2.141241640358405030e-01,3.817329276763384294e-01,2.663917620557948451e-01,3.926719211522331499e-01,-8.066093621028929128e-01,1.569837153709131572e-01,7.797517331502127336e-01,3.777392906482067159e-01,1.893690852362504007e-01,5.276970831116574168e-01,8.797843915771454970e-01,-3.910365996047723280e-01,4.385202676096708885e-01,2.470089978665989117e-01,-1.787604241603937272e-01,-8.462780913198164612e-02,7.187222549262080040e-01
-4.660447775339246479e-01,-5.557323732791209503e-01,-9.669785199999999525e-01,-7.778550984146714864e-01,-8.625407289991833260e-01,-2.449376755138321649e-01,3.601639091127598613e-01,-3.435891760684792740e-01,5.554286967480069892e-01,5.417153899929693095e-01,4.650388062212754692e-01,-4.393936036807278844e-01,-1.143812429493389765e-01,-3.001552980830634598e-01,-9.946590776206543083e-01,-1.056559183378979333e-01,-6.222668197424537917e-01,-1.439243353948054804e-01,7.787202591957542719e-01,1.969345588424575577e-01,2.737780175185780540e-01,-2.141241640358405030e-01,1.000000000000000000e+00,-8.662570059958826230e-01,-9.413421878727566972e-01,2.120238478724735254e-01,5.188949320575015900e-01,-3.960295238108282184e-02,7.804436612783670346e-02,-9.496550757392232534e-01,8.779998724728033110e-01,3.415498685584330008e-01,-4.756770940764810662e-01,-6.248509085140524499e-01,-8.966017036669677864e-01,-7.018687749336764981e-01,-2.222234001105979351e-01,9.652229214102686639e-01,-3.355798879150046488e-01
6.333049907695231795e-01,1.860058904564043381e-01,9.302941799999999706e-01,6.100438788422968273e-01,9.030459653931229846e-01,5.166727744189612004e-01,-5.389849735357910010e-01,3.852912743364337311e-01,-3.994047857090383125e-01,-3.184617543428593933e-01,-3.529964241234337385e-01,2.470939661090436612e-01,-1.696462747493550360e-01,5.609954507000199930e-01,8.673871058720493687e-01,-4.474781309677957480e-02,4.958732975015042177e-01,3.601928092316764585e-01,-8.359352233954696620e-01,-4.083574456922592355e-01,1.339950591279383818e-01,3.817329276763384294e-01,-8.662570059958826230e-01,1.000000000000000000e+00,9.171709165544003062e-01,9.335186138016632329e-02,-7.772635094144990653e-01,-1.188622963211103181e-02,1.794525882350036516e-01,9.387811335786859779e-01,-6.098080731952245648e-01,5.937916458087383331e-02,6.540069181896125405e-01,2.502233663844097844e-01,9.221798177958865361e-01,4.482803072027942703e-01,4.077260727444419475e-01,-8.281502650363901097e-01,6.255767579816593482e-01
5.279748724994344222e-01,3.999295838251317736e-01,9.521069799999999361e-01,7.167550964733426788e-01,8.808843109832973362e-01,3.845009309620947557e-01,-4.452004495077592217e-01,3.356186990522514457e-01,-4.877517803474726854e-01,-4.568350231784518711e-01,-4.197377750009195219e-01,3.692007502972244892e-01,-1.232029262063554301e-02,4.095935516278578770e-01,9.405301471551269499e-01,3.415069023966241929e-02,5.771880773563963229e-01,2.288554131286427706e-01,-8.035660597373086578e-01,-2.869159062611474909e-01,-9.871268093094448526e-02,2.663917620557948451e-01,-9.413421878727566972e-01,9.171709165544003062e-01,1.000000000000000000e+00,-6.180489338239331804e-02,-6.294249589252771671e-01,1.793649477174593179e-02,2.584144727652065709e-02,9.464825360866169213e-01,-7.534654237888633865e-01,-1.813279484344173242e-01,5.456357055554832414e-01,4.683167522439019570e-01,9.044331582613148734e-01,5.440749383239935622e-01,2.971602497839891388e-01,-9.096524409973442138e-01,4.496734455476272263e-01
4.853051265257343760e-01,-6.400645850829409511e-01,-1.140064600000000317e-01,-6.521724274646416575e-01,1.908747885992242155e-01,8.099213871170849455e-01,-2.406937961508833212e-01,-3.695032623712195541e-01,7.770080872285227425e-02,3.892816138960459443e-02,4.084448722738996951e-01,-5.605747679563894970e-01,-8.526238707043607423e-01,2.829737873975011753e-01,-1.662334534651235818e-01,-3.043832836264954295e-02,-6.054115035955693891e-01,-3.282560999371018223e-02,1.119278495485967057e-01,-3.711315664230107614e-01,7.595577502628095834e-01,3.926719211522331499e-01,2.120238478724735254e-01,9.335186138016632329e-02,-6.180489338239331804e-02,1.000000000000000000e+00,-4.464787892649247913e-01,-5.626802407417387242e-01,1.669897264515712298e-01,-9.888229639863711784e-02,4.728727615634240600e-01,4.914687777668322322e-01,2.765688310091195534e-01,-7.867069757463260871e-01,-1.465453247011788140e-01,-2.693618632103431110e-01,-1.093775488302483889e-01,3.741064598647473316e-01,4.595959999649184557e-01
-5.964266902712357377e-01,4.159188087070928574e-01,-6.985678200000000615e-01,-1.361794782228886724e-01,-7.788401975896305229e-01,-8.150711889346782257e-01,3.440110840422485050e-01,-4.966069625963400735e-01,7.563503127945669924e-02,-1.565353310637301321e-01,-2.027207221159738337e-01,9.627334882645688374e-02,5.019114023737073493e-01,-8.272772779749166805e-01,-5.391884033396063813e-01,3.423711160871432124e-01,-2.253180547050318561e-01,-4.893444747390012783e-01,7.663387564257961859e-01,7.650284667514942738e-01,-6.618465817720322608e-01,-8.066093621028929128e-01,5.188949320575015900e-01,-7.772635094144990653e-01,-6.294249589252771671e-01,-4.464787892649247913e-01,1.000000000000000000e+00,-1.479414040404580799e-02,-6.423089424303991546e-01,-7.134489760008869697e-01,9.449749743278232361e-02,-5.305096301761258459e-01,-9.102579098373160260e-01,2.852536389700792707e-01,-7.447898624701082548e-01,-2.140803506655258870e-01,-1.971433332751522105e-01,4.285480285460383509e-01,-8.723733339598610526e-01
-3.786483719421813721e-01,1.355978298188585326e-02,1.276007999999999587e-01,3.972415342905730729e-01,-1.971376765174595036e-01,-3.905318514167841482e-01,3.103540057907619443e-01,7.001324855138125747e-01,4.429358820266149910e-01,5.977867953144262447e-01,4.207504056353555955e-02,1.725893689494351346e-01,6.460777204394639872e-01,4.174928182161388168e-01,2.678592782832714923e-03,-5.581678726355084885e-01,2.142604172957219000e-01,4.103294512338660494e-01,-3.881314868652852024e-01,-3.389758423503566043e-01,-1.207287971892075512e-01,1.569837153709131572e-01,-3.960295238108282184e-02,-1.188622963211103181e-02,1.793649477174593179e-02,-5.626802407417387242e-01,-1.479414040404580799e-02,1.000000000000000000e+00,5.406803003860453094e-01,1.288452935431156077e-01,6.445834767318893432e-02,-1.058148063300229508e-01,2.327875005856193114e-01,3.119733823902843262e-01,2.542038079160111597e-01,6.603656712740545165e-02,1.574164458329031513e-01,-9.619481649736104367e-02,-1.391903998757673955e-01
-2.253086427818676296e-02,-7.278429699744128900e-01,1.553207800000000471e-01,-1.349131080605075472e-01,1.387243553842676391e-01,3.751835908572339617e-01,1.188159438810424406e-01,7.167806811482462237e-01,4.320914861365481308e-01,8.363334960473318702e-01,6.080692332499246788e-01,-2.371864090194633068e-01,-1.861289383843962586e-01,8.036656222782496695e-01,-6.996354002189449084e-02,-7.014637207442642186e-01,4.764444260622302529e-02,5.631068127746267082e-01,-4.917697457222779400e-01,-7.791714497196926548e-01,6.966580339754830931e-01,7.797517331502127336e-01,7.804436612783670346e-02,1.794525882350036516e-01,2.584144727652065709e-02,1.669897264515712298e-01,-6.423089424303991546e-01,5.406803003860453094e-01,1.000000000000000000e+00,1.747099862652933266e-01,4.572171905610456499e-01,6.532621485533182115e-01,7.323406139955868088e-01,-4.477466727215481668e-01,3.005019855218505342e-01,-1.012723082377627315e-01,-1.653886327647136056e-02,9.799145788274243873e-02,5.371128881980877789e-01
4.695071253336285944e-01,3.171878067578480231e-01,9.873609199999999753e-01,7.450341642118775143e-01,9.116381889161722096e-01,3.794278410958341619e-01,-3.214275332079362668e-01,5.284948120346705247e-01,-3.811162883310310612e-01,-3.114667520102886722e-01,-3.776822966559610362e-01,3.173609556645184404e-01,-3.070263250038304803e-02,4.901470254450226438e-01,9.378157150178841883e-01,-1.368129407725189317e-01,6.408332734511533735e-01,3.836693997028683967e-01,-8.753819147892127894e-01,-3.491609847929994515e-01,-2.084466774161218561e-02,3.777392906482067159e-01,-9.496550757392232534e-01,9.387811335786859779e-01,9.464825360866169213e-01,-9.888229639863711784e-02,-7.134489760008869697e-01,1.288452935431156077e-01,1.747099862652933266e-01,1.000000000000000000e+00,-7.136875018351160893e-01,-1.044477878565479301e-01,6.212008482528497133e-01,4.231484213624612245e-01,9.643742340882527353e-01,5.424518010499403964e-01,3.324008113026036271e-01,-9.231012944974880119e-01,4.867807046154420392e-01
-3.226794586231199191e-01,-8.463553742650965495e-01,-7.501720600000000294e-01,-8.071848638459386827e-01,-6.002168670728907918e-01,1.239562731695462577e-01,3.066419672763558424e-01,-7.861115659213066542e-02,6.552374876603942466e-01,7.578300264049695478e-01,6.677887395250319269e-01,-6.104058318406303529e-01,-3.655459166945690397e-01,9.865463812273647659e-02,-8.667744358334459331e-01,-4.226030699288864101e-01,-6.297176633942097590e-01,1.278408689669071896e-01,4.873976311359629610e-01,-1.840634945265400002e-01,6.403828903132463557e-01,1.893690852362504007e-01,8.779998724728033110e-01,-6.098080731952245648e-01,-7.534654237888633865e-01,4.728727615634240600e-01,9.449749743278232361e-02,6.445834767318893432e-02,4.572171905610456499e-01,-7.136875018351160893e-01,1.000000000000000000e+00,5.653275360569564034e-01,-8.604424369143244544e-02,-8.401315964978295359e-01,-6.575454961176310231e-01,-6.798170181045091187e-01,-2.131504472084777002e-01,8.994658201079628324e-01,-3.563554888844096269e-02
2.628842208008723702e-01,-8.482370976740812862e-01,-1.279084799999999911e-01,-4.460797980150508213e-01,2.562734544136410428e-02,5.399131000782328993e-01,-1.455775315593531849e-01,2.132763360962089683e-01,3.078752227551528886e-01,5.616176450218445249e-01,4.553588567680147414e-01,-2.325527968417616664e-01,-5.340155576160576789e-01,4.888856751656126542e-01,-3.231776823209492888e-01,-2.612763576940848043e-01,-1.636547423067162554e-01,4.328130347346449414e-01,-8.505111075019554379e-02,-4.786369651344465348e-01,8.455165676234123184e-01,5.276970831116574168e-01,3.415498685584330008e-01,5.937916458087383331e-02,-1.813279484344173242e-01,4.914687777668322322e-01,-5.305096301761258459e-01,-1.058148063300229508e-01,6.532621485533182115e-01,-1.044477878565479301e-01,5.653275360569564034e-01,1.000000000000000000e+00,4.613031903306551440e-01,-7.955659536885636429e-01,2.458627363949050793e-02,-4.133360377231512506e-01,2.201284178345712661e-01,3.250540868572462383e-01,7.127350800399974151e-01
5.538659241767490693e-01,-3.852046407298748698e-01,6.584456400000000542e-01,9.980435917582479444e-02,6.260541432223869496e-01,6.888644950789128973e-01,-3.406768105654804923e-01,5.254906976732068857e-01,-7.102139913435406848e-02,2.542162670444196859e-01,3.655410028223707863e-01,1.399715025701714355e-02,-2.312609567352400808e-01,9.207083826369553137e-01,5.100555409323633826e-01,-2.704044666142862430e-01,1.549632590646257135e-01,3.505366626730020974e-01,-8.003813027927446644e-01,-9.197386025421313560e-01,5.572334432941853377e-01,8.797843915771454970e-01,-4.756770940764810662e-01,6.540069181896125405e-01,5.456357055554832414e-01,2.765688310091195534e-01,-9.102579098373160260e-01,2.327875005856193114e-01,7.323406139955868088e-01,6.212008482528497133e-01,-8.604424369143244544e-02,4.613031903306551440e-01,1.000000000000000000e+00,-1.568976534721379101e-01,7.216539086274372794e-01,3.923652164541611143e-01,3.792545506300767921e-02,-3.676336417727169015e-01,8.508603076075782479e-01
-9.028296798200800832e-02,9.323592753931168042e-01,4.701710999999999530e-01,8.022119615191070086e-01,1.915181058270410408e-01,-5.440656251015560940e-01,-4.595454794132537019e-02,1.313743701189818147e-01,-4.481379351083157325e-01,-5.295916194672577459e-01,-6.033255006271712739e-01,6.538659828016925024e-01,7.617779276864805604e-01,-2.377096748636869095e-01,6.001005308232363333e-01,3.124707101121617647e-01,5.294421687883611449e-01,-1.971851746313660336e-01,-3.110418603238039870e-01,3.037369057078795342e-01,-8.880211817931376039e-01,-3.910365996047723280e-01,-6.248509085140524499e-01,2.502233663844097844e-01,4.683167522439019570e-01,-7.867069757463260871e-01,2.852536389700792707e-01,3.119733823902843262e-01,-4.477466727215481668e-01,4.231484213624612245e-01,-8.401315964978295359e-01,-7.955659536885636429e-01,-1.568976534721379101e-01,1.000000000000000000e+00,4.008479332051738120e-01,6.204314612362620274e-01,8.264601666638352051e-02,-6.865059715843599975e-01,-3.673008465520627430e-01
5.240699214350045265e-01,2.433027886570785225e-01,9.732649200000000889e-01,7.318525816286630681e-01,8.363528187881470455e-01,3.713936026018587744e-01,-3.840374348927811932e-01,5.893679297527634198e-01,-3.307294254344678719e-01,-1.937991179553671950e-01,-3.264530555750078111e-01,4.173263156829652987e-01,8.062182752725469137e-02,6.185773052253742410e-01,8.886082702080009277e-01,-1.165150148100627669e-01,5.913718242801488945e-01,4.290445873456799064e-01,-9.331890038180153946e-01,-4.811996346119932766e-01,2.599145162352737085e-02,4.385202676096708885e-01,-8.966017036669677864e-01,9.221798177958865361e-01,9.044331582613148734e-01,-1.465453247011788140e-01,-7.447898624701082548e-01,2.542038079160111597e-01,3.005019855218505342e-01,9.643742340882527353e-01,-6.575454961176310231e-01,2.458627363949050793e-02,7.216539086274372794e-01,4.008479332051738120e-01,1.000000000000000000e+00,5.543212426191073128e-01,4.138801010031206706e-01,-8.824923336688524911e-01,6.013814628367126769e-01
2.851768531165072007e-01,5.143261331694690686e-01,6.406271199999999943e-01,4.215170741880824856e-01,5.214830591947824390e-01,1.028306304536942550e-01,-3.227237085997403665e-01,1.585834866656455067e-01,-6.904636409800560815e-01,-4.601770326969207847e-01,-7.272434822500560558e-02,5.650625421589476893e-01,3.480775033274878805e-01,1.615651165694210190e-01,7.320502705274372079e-01,3.614145140515974131e-01,2.445543615645237312e-01,-2.040408927560390384e-01,-5.232247639835274633e-01,-2.077793461855257096e-01,-4.128874400668581801e-01,2.470089978665989117e-01,-7.018687749336764981e-01,4.482803072027942703e-01,5.440749383239935622e-01,-2.693618632103431110e-01,-2.140803506655258870e-01,6.603656712740545165e-02,-1.012723082377627315e-01,5.424518010499403964e-01,-6.798170181045091187e-01,-4.133360377231512506e-01,3.923652164541611143e-01,6.204314612362620274e-01,5.543212426191073128e-01,1.000000000000000000e+00,-2.278403297086029899e-01,-6.463849142494760835e-01,1.781336827127759093e-01
3.675712478134516292e-01,1.301118213446549876e-01,2.844507999999998926e-01,4.984661841945179361e-01,1.176334300195378130e-01,3.794351701757581186e-02,-2.891649245836112603e-01,2.099158435585923299e-01,1.819910976113337797e-01,-7.185383599201562721e-02,-7.086832656132953101e-01,3.146324046560867171e-01,1.500931458976985100e-01,1.852461872038123625e-01,1.661344563256347273e-01,-6.108123098518759841e-02,2.213499574272075887e-01,5.901713778787439635e-01,-2.296797486960576729e-01,1.138741518219030940e-02,4.224846155304435441e-02,-1.787604241603937272e-01,-2.222234001105979351e-01,4.077260727444419475e-01,2.971602497839891388e-01,-1.093775488302483889e-01,-1.971433332751522105e-01,1.574164458329031513e-01,-1.653886327647136056e-02,3.324008113026036271e-01,-2.131504472084777002e-01,2.201284178345712661e-01,3.792545506300767921e-02,8.264601666638352051e-02,4.138801010031206706e-01,-2.278403297086029899e-01,1.000000000000000000e+00,-3.140398404715009639e-01,2.834103896625934094e-01
-3.351063187265045928e-01,-6.127242698233057450e-01,-9.280607400000000506e-01,-8.797347946942043473e-01,-8.087790679323013654e-01,-8.741116398691715916e-02,3.176226615809311649e-01,-4.177422933679484918e-01,5.692452912641675633e-01,5.058824361513728496e-01,5.615032700112237984e-01,-5.562258183520483179e-01,-2.155609176086190348e-01,-2.003092546083089232e-01,-9.485023733463423534e-01,-1.014195860987038705e-01,-7.404040335955559549e-01,-2.107266603307481889e-01,7.596103681910590932e-01,5.231358841841971669e-02,3.681121606575468719e-01,-8.462780913198164612e-02,9.652229214102686639e-01,-8.281502650363901097e-01,-9.096524409973442138e-01,3.741064598647473316e-01,4.285480285460383509e-01,-9.619481649736104367e-02,9.799145788274243873e-02,-9.231012944974880119e-01,8.994658201079628324e-01,3.250540868572462383e-01,-3.676336417727169015e-01,-6.865059715843599975e-01,-8.824923336688524911e-01,-6.463849142494760835e-01,-3.140398404715009639e-01,1.000000000000000000e+00,-2.622359888939891359e-01
7.635059647817967754e-01,-4.577912197651106130e-01,5.168695999999999291e-01,-4.015900882057454185e-02,5.724004883722296766e-01,7.961906081130247781e-01,-5.395985973542520853e-01,2.539709284235977527e-01,-1.305676177047662423e-01,9.394136323438774527e-02,2.113183364597463199e-01,5.323223899124043812e-02,-4.309406385910231618e-01,7.582657662063664317e-01,3.708080041440681707e-01,-1.403861514901321578e-02,5.602969671668392437e-02,3.404069855308750059e-01,-5.860916206408093299e-01,-7.439566101982743040e-01,6.617354989247401509e-01,7.187222549262080040e-01,-3.355798879150046488e-01,6.255767579816593482e-01,4.496734455476272263e-01,4.595959999649184557e-01,-8.723733339598610526e-01,-1.391903998757673955e-01,5.371128881980877789e-01,4.867807046154420392e-01,-3.563554888844096269e-02,7.127350800399974151e-01,8.508603076075782479e-01,-3.673008465520627430e-01,6.013814628367126769e-01,1.781336827127759093e-01,2.834103896625934094e-01,-2.622359888939891359e-01,1.000000000000000000e+00
