1.0,-0.72052377200890849,-0.28368946054255478,0.44464575805010609,-0.31377748386070253,0.19029199261857327,-0.6189063359245478,-0.33425631828100405,-0.42301445521290787,0.17736093866337518,0.30169881951246913,-0.01296253040122885,-0.32882378346162794,-0.57853218000000006,0.25207203083323226,0.52500398802452963,-0.085691693920089587,-0.5748145595165679,-0.12349537242821015,0.35580545127613866,-0.47609850834804479,-0.316833511402416,0.58617315130478087,-0.28160161835115866,-0.028214632423940351,0.14450252358684604,-0.44133332479144982,-0.47853206022353934,-0.0010431670713065486,-0.50093721464624108,0.15719306885552298,-0.73879727692246189,0.45368309802075579,-0.021908663234145365,0.57548845208670185,0.46599719651765642,0.45934761345063396,-0.29925320833585917,0.36518739917509357
-0.72052377200890849,1.0,0.18539346688586505,-0.21289295470607283,-0.21264373654743496,-0.21193701160030923,0.7979223786318429,0.66064798764828203,0.65469958749439205,-0.38817601739576196,-0.3984668314958989,-0.03137928276350771,0.57666046949673944,0.83024366000000005,-0.60968400594850192,-0.47733953932960321,-0.095625213862664218,0.835142893638815,0.4319480132982092,-0.43625348180982804,0.56349076060938796,0.45606628424050855,-0.8787333171265328,0.49316444448492325,0.42472470587188293,-0.10900004619421802,0.78994449143767576,0.5955511761162795,-0.28794767583252917,0.28003035440295032,0.10549922093582811,0.49981355678322198,-0.78380348796906696,0.023430564487051719,-0.68278126709438636,-0.25325802374983053,-0.51378105269087238,0.56444972643462832,-0.30735750533984241
-0.28368946054255478,0.18539346688586505,1.0,0.032611765627198475,-0.34249630723509061,0.2790151418612965,0.094707681558673359,0.15951607532211151,0.092811659932881874,-0.25515638919717026,0.14682937162543172,-0.18851343132330328,0.18853344783305215,0.070215740000000082,-0.37028089108975515,0.0026264610149415481,-0.18405141254706928,0.060919468709178713,0.43018764808882753,-0.33622191596233741,0.11778371636884508,0.21210209938474336,-0.19652043128903712,0.29258976949659943,0.65061728553724207,-0.74807728134086016,-0.077453303034518653,0.43229824332274019,0.50362189528163603,-0.098435044193444704,0.39658164901679166,-0.20689092660692876,-0.17046207691726414,0.14340814688626669,-0.36113469136707654,-0.020229200523028078,0.49967006414834991,0.37736355468126109,-0.033804544070571874
0.44464575805010609,-0.21289295470607283,0.032611765627198475,1.0,-0.51254228952861358,-0.23161095809898752,-0.061564175972553273,0.066138876764916116,0.15550277760912626,-0.45729800544772148,-0.24684408472809538,0.44168290004076127,0.086446347779903218,-0.023705439999999967,-0.015075761806091437,0.92736219023570854,-0.36994131142992293,-0.013308325751204553,0.39978974996618727,-0.2226263860801504,0.19777357863434777,0.099473518561209701,-0.063802618184843507,-0.15972728343289999,0.006501646925034521,-0.57192675581082142,0.29765434975079419,-0.54364268660108261,0.21171995985530101,-0.65860997945851352,0.2043250257489394,-0.029244588450769826,-0.095473535453454966,-0.38913848772580029,0.32147214700262705,0.47523784786327516,0.44784054991578015,-0.16058815271638016,0.43755216509896999
-0.31377748386070253,-0.21264373654743496,-0.34249630723509061,-0.51254228952861358,1.0,-0.38951536437831569,0.053302843847649155,-0.19590205416375497,-0.079382993675242555,0.44065541999377233,-0.25329376807918941,0.28009991081652719,-0.069498405989560225,-0.014078600000000052,0.19811309298381927,-0.31891738725313373,0.66714720359387525,-0.0079860152534784457,-0.5512432093008045,0.29874004978394797,0.14028208978539114,0.10953227484404553,0.40236804632301532,-0.56460749665761312,-0.57593009833417008,0.46169746221662483,-0.20917028349430894,-0.34254932759145973,0.12737515522520421,0.27733274777205558,-0.32916879683686906,0.39324967833563002,0.18702036461273144,-0.28239695134795195,-0.072931366766032735,-0.59757678900210565,-0.48939445295686773,-0.60175877191399207,0.087777648471033809
0.19029199261857327,-0.21193701160030923,0.2790151418612965,-0.23161095809898752,-0.38951536437831569,1.0,-0.61570141102908793,-0.5818334509454719,-0.71457243807828863,0.010995230786443801,0.89398897178681147,-0.81641794877176566,-0.6553950994307105,-0.63131270000000006,0.44444997626614741,-0.22983143349979865,-0.57894181650192766,-0.62569319067668527,-0.24621626892494475,0.29106126224899537,-0.82393657422328492,-0.79634252974506292,0.23590194710613693,0.6519725556886572,0.062841256100546097,-0.031717132427294646,-0.55335948215519792,0.52857388635194835,0.020975198521155647,0.4369488334803438,-0.27770124530698287,-0.45425370311697333,0.58243606797078029,0.85011814622525417,0.45960488085457035,0.2499306001491394,0.50718971752411968,0.59740061680770395,-0.6136369462368001
-0.6189063359245478,0.7979223786318429,0.094707681558673359,-0.061564175972553273,0.053302843847649155,-0.61570141102908793,1.0,0.85271684986690421,0.90540934883400792,-0.41620483957265819,-0.83024122971840819,0.53419394551666988,0.9001950922600348,0.9889832999999999,-0.80249996987672945,-0.26715427382486623,0.39940926171623969,0.9830416600894164,0.59205558124619262,-0.55857575353981814,0.90711980614899035,0.79884680051446677,-0.7353605455952813,-0.074395385153870258,0.34627190231842725,-0.11491827414135235,0.81085561930303496,0.14422462225482363,0.041585694464601058,-0.17120832634822042,0.20135824451199594,0.49361439033213461,-0.95652877956462545,-0.55711157536974232,-0.82097401777291401,-0.40384210967391032,-0.64545994927996275,0.0023376886613562771,0.26805726081016612
-0.33425631828100405,0.66064798764828203,0.15951607532211151,0.066138876764916116,-0.19590205416375497,-0.5818334509454719,0.85271684986690421,1.0,0.92746185084357757,-0.29935180405965833,-0.69543669405264652,0.49600352063342384,0.950955714308102,0.87616859999999996,-0.83103852782044907,-0.06809174243202408,0.38468348547269982,0.83719190484758521,0.7855419064111786,-0.68526635862046759,0.79434229051392491,0.871867193388148,-0.74089021082099515,-0.10095885371177307,0.56673031217235759,-0.20030432209227172,0.63871887868186417,0.19240892061299836,-0.075766644953062845,-0.44937256506548173,0.43246765452548719,0.12612813484270999,-0.94191223376778677,-0.54937291536920863,-0.87402717141414987,-0.16279705898260818,-0.37321607606862695,-0.022121604878682803,0.45470581594276399
-0.42301445521290787,0.65469958749439205,0.092811659932881874,0.15550277760912626,-0.079382993675242555,-0.71457243807828863,0.90540934883400792,0.92746185084357757,1.0,-0.30591981972534132,-0.8320175856832599,0.63506318324070343,0.94118024913177656,0.92313142000000004,-0.75049035048787249,0.020555364451360122,0.38291565182214937,0.8911806480683625,0.72143438272458837,-0.69071172333778219,0.90165605672551086,0.87091017715411601,-0.76861129372699721,-0.17237437330845595,0.4107548022156034,-0.17276639836495522,0.75949064392485199,0.0064187080480111397,-0.0086662975590220473,-0.41834266139053927,0.43946281124079778,0.37864031746214727,-0.94541584253854394,-0.66129778825314278,-0.78381301354888278,-0.13973391002340579,-0.50573133407572957,-0.14148005990741835,0.46430583871344927
0.17736093866337518,-0.38817601739576196,-0.25515638919717026,-0.45729800544772148,0.44065541999377233,0.010995230786443801,-0.41620483957265819,-0.29935180405965833,-0.30591981972534132,1.0,0.31058834688439246,-0.2829363785474529,-0.33428948342607095,-0.39481962000000004,0.34267880308827814,-0.21077115951749897,0.28133400626600091,-0.41551157106131037,-0.43383236246738272,0.20073336383475607,-0.39400273286456339,-0.16556937251271336,0.42490504789827027,-0.18102918469142043,-0.17817838076263032,0.58793556574865202,-0.52721638551648597,-0.074678170134264379,-0.43236344861674508,0.24411936772183015,0.22325594129135395,-0.18667866882547002,0.4548977596678152,0.19850222790560268,0.13588458600863323,-0.12163164219952179,-0.11393537244508793,-0.28947921478764393,-0.08860954249852715
0.30169881951246913,-0.3984668314958989,0.14682937162543172,-0.24684408472809538,-0.25329376807918941,0.89398897178681147,-0.83024122971840819,-0.69543669405264652,-0.8320175856832599,0.31058834688439246,1.0,-0.86880782566164405,-0.81990061776629519,-0.82073671999999998,0.64797163453036843,-0.1293261938346694,-0.55940202547073659,-0.82458252120382114,-0.44870679852269174,0.4171427042711352,-0.94962912532359156,-0.83267154569571944,0.39879182637170407,0.52268736295386731,-0.071205640851979599,0.077102365488247102,-0.72753108414791889,0.42090828627587323,-0.1808571745851866,0.46320290863017,-0.22691007420828693,-0.48542322078315725,0.7836772360331169,0.88960840464306501,0.55894062201489914,0.34556662483622974,0.58765920654860782,0.46823582498989685,-0.61349553196226458
-0.01296253040122885,-0.03137928276350771,-0.18851343132330328,0.44168290004076127,0.28009991081652719,-0.81641794877176566,0.53419394551666988,0.49600352063342384,0.63506318324070343,-0.2829363785474529,-0.86880782566164405,1.0,0.64515705793706157,0.49662880000000009,-0.37566362590392333,0.45115425055519109,0.58917548943789233,0.48180165693826044,0.40312678788058193,-0.3599915082356589,0.75880229350998896,0.66686776393805192,-0.11373004506841716,-0.75378213898977808,-0.14472163741465721,-0.15706842752884745,0.40603257320440889,-0.68083442459567889,0.38064666654239027,-0.6993180562598651,0.107997448568234,0.28766121214251167,-0.50927202691010343,-0.97766835381026229,-0.29955744287906738,-0.18092546307316637,-0.29386608812418386,-0.74611877845142649,0.83849682353825017
-0.32882378346162794,0.57666046949673944,0.18853344783305215,0.086446347779903218,-0.069498405989560225,-0.6553950994307105,0.9001950922600348,0.950955714308102,0.94118024913177656,-0.33428948342607095,-0.81990061776629519,0.64515705793706157,1.0,0.89793593999999999,-0.88796974024691078,-0.051212144697075197,0.52873588839201646,0.8701197478760162,0.76180175328918021,-0.64467410391549329,0.8903302225708426,0.92176122373456149,-0.62268233176791787,-0.27107340185980577,0.53315010904974325,-0.20097675389217831,0.63434091151209981,0.021065992314189382,0.13994400208996069,-0.52777347908589101,0.45800161395099548,0.15456203372181784,-0.9483088691926449,-0.70698545041221239,-0.85783793026034616,-0.24915634122820127,-0.43268657366497071,-0.18526084706267884,0.58687846811624234
-0.57853218000000006,0.83024366000000005,0.070215740000000082,-0.023705439999999967,-0.014078600000000052,-0.63131270000000006,0.9889832999999999,0.87616859999999996,0.92313142000000004,-0.39481962000000004,-0.82073671999999998,0.49662880000000009,0.89793593999999999,1.0,-0.81363162,-0.24264374,0.3418158,0.99519175999999998,0.59912220000000005,-0.56078602,0.89918670000000001,0.80924025999999993,-0.77708582000000004,-0.028165679999999971,0.39299083999999995,-0.099466480000000024,0.85633924000000006,0.15497311999999996,-0.045185800000000054,-0.17196175999999996,0.26674722000000006,0.48155312000000006,-0.97231206000000003,-0.52811204,-0.81295583999999999,-0.34400606,-0.64578884000000003,0.047202919999999926,0.24276044000000008
0.25207203083323226,-0.60968400594850192,-0.37028089108975515,-0.015075761806091437,0.19811309298381927,0.44444997626614741,-0.80249996987672945,-0.83103852782044907,-0.75049035048787249,0.34267880308827814,0.64797163453036843,-0.37566362590392333,-0.88796974024691078,-0.81363162,1.0,0.190665222625546,-0.38872554750874305,-0.8158875348101573,-0.68046292929602081,0.46704912771168944,-0.75698269455922251,-0.83414094038795317,0.50159040049145209,0.093709623724380076,-0.7428874129658557,0.2533841213686937,-0.57946342983783583,-0.17494873557704468,-0.16395489290677412,0.41110922342990669,-0.53176517070178519,0.039777597170196632,0.87361738116131404,0.48779818613522513,0.82632003121142827,0.33094127747858698,0.30777587250023752,-0.060131813862720346,-0.41374744643544259
0.52500398802452963,-0.47733953932960321,0.0026264610149415481,0.92736219023570854,-0.31891738725313373,-0.22983143349979865,-0.26715427382486623,-0.06809174243202408,0.020555364451360122,-0.21077115951749897,-0.1293261938346694,0.45115425055519109,-0.051212144697075197,-0.24264374,0.190665222625546,1.0,-0.24580137217756731,-0.25152380657003814,0.25926128693192574,-0.15391401024715076,0.057761131025415031,0.037242726033187915,0.14315164538354813,-0.32546016526565535,-0.14456327443276518,-0.50855523190368568,0.011418068426272118,-0.6493640184993329,0.24583690694074961,-0.67871126604400389,0.17752916890611289,-0.11221161091773399,0.12427805394840451,-0.39475087235499018,0.39976497047748322,0.47357996262449698,0.55228483410967877,-0.37462132818833643,0.51406855199446044
-0.085691693920089587,-0.095625213862664218,-0.18405141254706928,-0.36994131142992293,0.66714720359387525,-0.57894181650192766,0.39940926171623969,0.38468348547269982,0.38291565182214937,0.28133400626600091,-0.55940202547073659,0.58917548943789233,0.52873588839201646,0.3418158,-0.38872554750874305,-0.24580137217756731,1.0,0.31601717590801731,0.042042808639364819,-0.074971176209133572,0.46659427001891929,0.58922760678830532,0.17956492025879739,-0.76838162510722907,-0.0067737315420708377,0.36528837228575373,-0.071498813461256638,-0.32651472491449002,0.24581393276306615,-0.33083939477513757,0.14789112546438984,-0.028004445715154695,-0.30064128729550255,-0.67158093353985904,-0.51142270626357023,-0.49136030728474833,-0.50879008846694795,-0.73522596815801522,0.64032344750433978
-0.5748145595165679,0.835142893638815,0.060919468709178713,-0.013308325751204553,-0.0079860152534784457,-0.62569319067668527,0.9830416600894164,0.83719190484758521,0.8911806480683625,-0.41551157106131037,-0.82458252120382114,0.48180165693826044,0.8701197478760162,0.99519175999999998,-0.8158875348101573,-0.25152380657003814,0.31601717590801731,1.0,0.56006890574772372,-0.51389132612228361,0.8969958938442153,0.78814931681793776,-0.74869550868939383,-0.018715762933697772,0.37950598622096654,-0.097907785741871964,0.87970533050123756,0.13648833273357827,-0.036363165768453262,-0.14273427952759676,0.24843518343356832,0.5004913516007512,-0.95808539644075896,-0.51562877803448703,-0.77903447066775333,-0.36599787682479745,-0.65429414016623144,0.06792694226320882,0.21252154746296736
-0.12349537242821015,0.4319480132982092,0.43018764808882753,0.39978974996618727,-0.5512432093008045,-0.24621626892494475,0.59205558124619262,0.7855419064111786,0.72143438272458837,-0.43383236246738272,-0.44870679852269174,0.40312678788058193,0.76180175328918021,0.59912220000000005,-0.68046292929602081,0.25926128693192574,0.042042808639364819,0.56006890574772372,1.0,-0.83496486963211103,0.56686126856464747,0.60628887236769724,-0.65827248138661032,0.083788213109550772,0.61590981852642201,-0.5485588189501176,0.47714691131661846,0.15911799950594141,0.11396611725269989,-0.60582312586496767,0.48065639238319546,-0.074233858777311632,-0.74441318469628892,-0.42156223362951839,-0.57666056584155634,0.038370000912285505,0.074380178598815128,0.09346556710976503,0.45935328195141117
0.35580545127613866,-0.43625348180982804,-0.33622191596233741,-0.2226263860801504,0.29874004978394797,0.29106126224899537,-0.55857575353981814,-0.68526635862046759,-0.69071172333778219,0.20073336383475607,0.4171427042711352,-0.3599915082356589,-0.64467410391549329,-0.56078602,0.46704912771168944,-0.15391401024715076,-0.074971176209133572,-0.51389132612228361,-0.83496486963211103,1.0,-0.53760366343834243,-0.53255768407185489,0.66959065517547189,-0.087369646517468452,-0.40811647349771163,0.4316803523277451,-0.42860981295647366,-0.19505435570610233,-0.0043200565276747538,0.36179576894973259,-0.40045859436414294,-0.19187090195214312,0.64022074451099853,0.35396260524345263,0.54656964617397474,0.022554692775371133,0.056060496482391156,-0.049015620448688547,-0.30018105903531656
-0.47609850834804479,0.56349076060938796,0.11778371636884508,0.19777357863434777,0.14028208978539114,-0.82393657422328492,0.90711980614899035,0.79434229051392491,0.90165605672551086,-0.39400273286456339,-0.94962912532359156,0.75880229350998896,0.8903302225708426,0.89918670000000001,-0.75698269455922251,0.057761131025415031,0.46659427001891929,0.8969958938442153,0.56686126856464747,-0.53760366343834243,1.0,0.90582373804024852,-0.55837149936580155,-0.36015939518546369,0.27259827920520208,-0.27167298549499386,0.76450289555112327,-0.19004834876264576,0.22057972055013292,-0.4072277811127103,0.32053519248966156,0.49404978361686297,-0.88022868731842308,-0.78906439180285348,-0.72137665093969972,-0.32545557609761044,-0.49327606556185499,-0.26770212027869739,0.51540564037089431
-0.316833511402416,0.45606628424050855,0.21210209938474336,0.099473518561209701,0.10953227484404553,-0.79634252974506292,0.79884680051446677,0.871867193388148,0.87091017715411601,-0.16556937251271336,-0.83267154569571944,0.66686776393805192,0.92176122373456149,0.80924025999999993,-0.83414094038795317,0.037242726033187915,0.58922760678830532,0.78814931681793776,0.60628887236769724,-0.53255768407185489,0.90582373804024852,1.0,-0.46445044804477631,-0.41918086183405706,0.47497331948619215,-0.24064184170272493,0.55252014028426122,-0.11478427589673906,0.15898804950520157,-0.52207601485272137,0.52591339966580919,0.18437170218176738,-0.83796553077259939,-0.75468286320028954,-0.84146023318593954,-0.31808544823196,-0.36314282073737902,-0.31467869123127451,0.62261303770390497
0.58617315130478087,-0.8787333171265328,-0.19652043128903712,-0.063802618184843507,0.40236804632301532,0.23590194710613693,-0.7353605455952813,-0.74089021082099515,-0.76861129372699721,0.42490504789827027,0.39879182637170407,-0.11373004506841716,-0.62268233176791787,-0.77708582000000004,0.50159040049145209,0.14315164538354813,0.17956492025879739,-0.74869550868939383,-0.65827248138661032,0.66959065517547189,-0.55837149936580155,-0.46445044804477631,1.0,-0.46709740394094668,-0.41765813281682407,0.251804701292074,-0.76932689293318379,-0.48452638950597188,0.26604411048075999,-0.025223744857083199,-0.21320351050192593,-0.45331743175010436,0.79271550105793587,0.082655430836086785,0.61138396203826539,-0.029524710250119584,0.34765286997099659,-0.44920568769052466,0.12332207536010215
-0.28160161835115866,0.49316444448492325,0.29258976949659943,-0.15972728343289999,-0.56460749665761312,0.6519725556886572,-0.074395385153870258,-0.10095885371177307,-0.17237437330845595,-0.18102918469142043,0.52268736295386731,-0.75378213898977808,-0.27107340185980577,-0.028165679999999971,0.093709623724380076,-0.32546016526565535,-0.76838162510722907,-0.018715762933697772,0.083788213109550772,-0.087369646517468452,-0.36015939518546369,-0.41918086183405706,-0.46709740394094668,1.0,0.26414960634909818,-0.1451453934163594,0.15149232895378761,0.77880760829594187,-0.36757180742532736,0.59205366028327833,-0.10614859012924249,0.063799873732068996,0.023669405683897582,0.79441036911867091,0.060428884311107392,0.13495292766525246,0.14452834643388141,0.93342191664209273,-0.81511225060788628
-0.028214632423940351,0.42472470587188293,0.65061728553724207,0.006501646925034521,-0.57593009833417008,0.062841256100546097,0.34627190231842725,0.56673031217235759,0.4107548022156034,-0.17817838076263032,-0.071205640851979599,-0.14472163741465721,0.53315010904974325,0.39299083999999995,-0.7428874129658557,-0.14456327443276518,-0.0067737315420708377,0.37950598622096654,0.61590981852642201,-0.40811647349771163,0.27259827920520208,0.47497331948619215,-0.41765813281682407,0.26414960634909818,1.0,-0.36044040578970316,0.20517321071506367,0.4712807847705221,0.093856522125738209,-0.30265045107710947,0.74999176932990053,-0.42529986045644674,-0.52546246892354453,0.0082843503870080326,-0.58616594890184959,0.13247118671001201,0.14654393034182259,0.39685902899344194,0.14286184415942293
0.14450252358684604,-0.10900004619421802,-0.74807728134086016,-0.57192675581082142,0.46169746221662483,-0.031717132427294646,-0.11491827414135235,-0.20030432209227172,-0.17276639836495522,0.58793556574865202,0.077102365488247102,-0.15706842752884745,-0.20097675389217831,-0.099466480000000024,0.2533841213686937,-0.50855523190368568,0.36528837228575373,-0.097907785741871964,-0.5485588189501176,0.4316803523277451,-0.27167298549499386,-0.24064184170272493,0.251804701292074,-0.1451453934163594,-0.36044040578970316,1.0,-0.17064827403689686,-0.082774751714585357,-0.50398425578261508,0.37002411553667391,-0.1817777307069588,0.0087990611578885845,0.22218094633735758,0.12505141836181277,0.15234897944493461,-0.1409631261189577,-0.6364071437271126,-0.23356079051556855,-0.16467239824486002
-0.44133332479144982,0.78994449143767576,-0.077453303034518653,0.29765434975079419,-0.20917028349430894,-0.55335948215519792,0.81085561930303496,0.63871887868186417,0.75949064392485199,-0.52721638551648597,-0.72753108414791889,0.40603257320440889,0.63434091151209981,0.85633924000000006,-0.57946342983783583,0.011418068426272118,-0.071498813461256638,0.87970533050123756,0.47714691131661846,-0.42860981295647366,0.76450289555112327,0.55252014028426122,-0.76932689293318379,0.15149232895378761,0.20517321071506367,-0.17064827403689686,1.0,0.016690020470103907,-0.16684355596391781,-0.084544757105871005,0.15130320662832253,0.62394792094449025,-0.81569259946250872,-0.38943142317809265,-0.43830816296076408,-0.1281763460732224,-0.52962353547768615,0.19779051637435083,0.04846703555224087
-0.47853206022353934,0.5955511761162795,0.43229824332274019,-0.54364268660108261,-0.34254932759145973,0.52857388635194835,0.14422462225482363,0.19240892061299836,0.0064187080480111397,-0.074678170134264379,0.42090828627587323,-0.68083442459567889,0.021065992314189382,0.15497311999999996,-0.17494873557704468,-0.6493640184993329,-0.32651472491449002,0.13648833273357827,0.15911799950594141,-0.19505435570610233,-0.19004834876264576,-0.11478427589673906,-0.48452638950597188,0.77880760829594187,0.4712807847705221,-0.082774751714585357,0.016690020470103907,1.0,-0.29590513456182821,0.5333822648755957,-0.028844453583809514,-0.072400378598571388,-0.17118215004227152,0.6668245678911815,-0.39439272774428996,-0.05243663548239072,0.028720981766723414,0.83127539083229007,-0.64091978756572443
-0.0010431670713065486,-0.28794767583252917,0.50362189528163603,0.21171995985530101,0.12737515522520421,0.020975198521155647,0.041585694464601058,-0.075766644953062845,-0.0086662975590220473,-0.43236344861674508,-0.1808571745851866,0.38064666654239027,0.13994400208996069,-0.045185800000000054,-0.16395489290677412,0.24583690694074961,0.24581393276306615,-0.036363165768453262,0.11396611725269989,-0.0043200565276747538,0.22057972055013292,0.15898804950520157,0.26604411048075999,-0.36757180742532736,0.093856522125738209,-0.50398425578261508,-0.16684355596391781,-0.29590513456182821,1.0,-0.37914233845521883,-0.0025830323840961896,-0.11420998208240379,-0.0018012837200655687,-0.36981434087736387,-0.033436061924242588,-0.10036124004386415,0.28809399792186985,-0.32336170705599582,0.42134478171740974
-0.50093721464624108,0.28003035440295032,-0.098435044193444704,-0.65860997945851352,0.27733274777205558,0.4369488334803438,-0.17120832634822042,-0.44937256506548173,-0.41834266139053927,0.24411936772183015,0.46320290863017,-0.6993180562598651,-0.52777347908589101,-0.17196175999999996,0.41110922342990669,-0.67871126604400389,-0.33083939477513757,-0.14273427952759676,-0.60582312586496767,0.36179576894973259,-0.4072277811127103,-0.52207601485272137,-0.025223744857083199,0.59205366028327833,-0.30265045107710947,0.37002411553667391,-0.084544757105871005,0.5333822648755957,-0.37914233845521883,1.0,-0.46589838122671196,0.39510049379082962,0.33794092735286957,0.73882604791406936,0.16583100424723604,-0.24607102775728171,-0.26446305846977569,0.54062112696280418,-0.92706101543006136
0.15719306885552298,0.10549922093582811,0.39658164901679166,0.2043250257489394,-0.32916879683686906,-0.27770124530698287,0.20135824451199594,0.43246765452548719,0.43946281124079778,0.22325594129135395,-0.22691007420828693,0.107997448568234,0.45800161395099548,0.26674722000000006,-0.53176517070178519,0.17752916890611289,0.14789112546438984,0.24843518343356832,0.48065639238319546,-0.40045859436414294,0.32053519248966156,0.52591339966580919,-0.21320351050192593,-0.10614859012924249,0.74999176932990053,-0.1817777307069588,0.15130320662832253,-0.028844453583809514,-0.0025830323840961896,-0.46589838122671196,1.0,-0.29291572732756055,-0.36456199553475377,-0.26075742958763393,-0.36935246392527138,0.25177951131594817,0.062206436388704101,-0.05847428296591186,0.38694408637696132
-0.73879727692246189,0.49981355678322198,-0.20689092660692876,-0.029244588450769826,0.39324967833563002,-0.45425370311697333,0.49361439033213461,0.12612813484270999,0.37864031746214727,-0.18667866882547002,-0.48542322078315725,0.28766121214251167,0.15456203372181784,0.48155312000000006,0.039777597170196632,-0.11221161091773399,-0.028004445715154695,0.5004913516007512,-0.074233858777311632,-0.19187090195214312,0.49404978361686297,0.18437170218176738,-0.45331743175010436,0.063799873732068996,-0.42529986045644674,0.0087990611578885845,0.62394792094449025,-0.072400378598571388,-0.11420998208240379,0.39510049379082962,-0.29291572732756055,1.0,-0.3120287566804188,-0.19468135533253261,-0.1428340851051105,-0.29254200712973805,-0.56786583820202097,0.0056517561705635771,-0.25492730277053566
0.45368309802075579,-0.78380348796906696,-0.17046207691726414,-0.095473535453454966,0.18702036461273144,0.58243606797078029,-0.95652877956462545,-0.94191223376778677,-0.94541584253854394,0.4548977596678152,0.7836772360331169,-0.50927202691010343,-0.9483088691926449,-0.97231206000000003,0.87361738116131404,0.12427805394840451,-0.30064128729550255,-0.95808539644075896,-0.74441318469628892,0.64022074451099853,-0.88022868731842308,-0.83796553077259939,0.79271550105793587,0.023669405683897582,-0.52546246892354453,0.22218094633735758,-0.81569259946250872,-0.17118215004227152,-0.0018012837200655687,0.33794092735286957,-0.36456199553475377,-0.3120287566804188,1.0,0.54723755860072443,0.82874517855473917,0.23179671821118697,0.48787092558846107,-0.065436716736043676,-0.34705228061428472
-0.021908663234145365,0.023430564487051719,0.14340814688626669,-0.38913848772580029,-0.28239695134795195,0.85011814622525417,-0.55711157536974232,-0.54937291536920863,-0.66129778825314278,0.19850222790560268,0.88960840464306501,-0.97766835381026229,-0.70698545041221239,-0.52811204,0.48779818613522513,-0.39475087235499018,-0.67158093353985904,-0.51562877803448703,-0.42156223362951839,0.35396260524345263,-0.78906439180285348,-0.75468286320028954,0.082655430836086785,0.79441036911867091,0.0082843503870080326,0.12505141836181277,-0.38943142317809265,0.6668245678911815,-0.36981434087736387,0.73882604791406936,-0.26075742958763393,-0.19468135533253261,0.54723755860072443,1.0,0.37943928203702576,0.205464658508552,0.31346890907808189,0.75779894254074809,-0.8876494619459776
0.57548845208670185,-0.68278126709438636,-0.36113469136707654,0.32147214700262705,-0.072931366766032735,0.45960488085457035,-0.82097401777291401,-0.87402717141414987,-0.78381301354888278,0.13588458600863323,0.55894062201489914,-0.29955744287906738,-0.85783793026034616,-0.81295583999999999,0.82632003121142827,0.39976497047748322,-0.51142270626357023,-0.77903447066775333,-0.57666056584155634,0.54656964617397474,-0.72137665093969972,-0.84146023318593954,0.61138396203826539,0.060428884311107392,-0.58616594890184959,0.15234897944493461,-0.43830816296076408,-0.39439272774428996,-0.033436061924242588,0.16583100424723604,-0.36935246392527138,-0.1428340851051105,0.82874517855473917,0.37943928203702576,1.0,0.43278732487373167,0.40771179040907979,-0.043468714138167705,-0.26497726277734002
0.46599719651765642,-0.25325802374983053,-0.020229200523028078,0.47523784786327516,-0.59757678900210565,0.2499306001491394,-0.40384210967391032,-0.16279705898260818,-0.13973391002340579,-0.12163164219952179,0.34556662483622974,-0.18092546307316637,-0.24915634122820127,-0.34400606,0.33094127747858698,0.47357996262449698,-0.49136030728474833,-0.36599787682479745,0.038370000912285505,0.022554692775371133,-0.32545557609761044,-0.31808544823196,-0.029524710250119584,0.13495292766525246,0.13247118671001201,-0.1409631261189577,-0.1281763460732224,-0.05243663548239072,-0.10036124004386415,-0.24607102775728171,0.25177951131594817,-0.29254200712973805,0.23179671821118697,0.205464658508552,0.43278732487373167,1.0,0.45324516315220154,0.16169379945468532,0.0073473361175258045
0.45934761345063396,-0.51378105269087238,0.49967006414834991,0.44784054991578015,-0.48939445295686773,0.50718971752411968,-0.64545994927996275,-0.37321607606862695,-0.50573133407572957,-0.11393537244508793,0.58765920654860782,-0.29386608812418386,-0.43268657366497071,-0.64578884000000003,0.30777587250023752,0.55228483410967877,-0.50879008846694795,-0.65429414016623144,0.074380178598815128,0.056060496482391156,-0.49327606556185499,-0.36314282073737902,0.34765286997099659,0.14452834643388141,0.14654393034182259,-0.6364071437271126,-0.52962353547768615,0.028720981766723414,0.28809399792186985,-0.26446305846977569,0.062206436388704101,-0.56786583820202097,0.48787092558846107,0.31346890907808189,0.40771179040907979,0.45324516315220154,1.0,0.18596688760083266,0.014268801241650475
-0.29925320833585917,0.56444972643462832,0.37736355468126109,-0.16058815271638016,-0.60175877191399207,0.59740061680770395,0.0023376886613562771,-0.022121604878682803,-0.14148005990741835,-0.28947921478764393,0.46823582498989685,-0.74611877845142649,-0.18526084706267884,0.047202919999999926,-0.060131813862720346,-0.37462132818833643,-0.73522596815801522,0.06792694226320882,0.09346556710976503,-0.049015620448688547,-0.26770212027869739,-0.31467869123127451,-0.44920568769052466,0.93342191664209273,0.39685902899344194,-0.23356079051556855,0.19779051637435083,0.83127539083229007,-0.32336170705599582,0.54062112696280418,-0.05847428296591186,0.0056517561705635771,-0.065436716736043676,0.75779894254074809,-0.043468714138167705,0.16169379945468532,0.18596688760083266,1.0,-0.77504665946743589
0.36518739917509357,-0.30735750533984241,-0.033804544070571874,0.43755216509896999,0.087777648471033809,-0.6136369462368001,0.26805726081016612,0.45470581594276399,0.46430583871344927,-0.08860954249852715,-0.61349553196226458,0.83849682353825017,0.58687846811624234,0.24276044000000008,-0.41374744643544259,0.51406855199446044,0.64032344750433978,0.21252154746296736,0.45935328195141117,-0.30018105903531656,0.51540564037089431,0.62261303770390497,0.12332207536010215,-0.81511225060788628,0.14286184415942293,-0.16467239824486002,0.04846703555224087,-0.64091978756572443,0.42134478171740974,-0.92706101543006136,0.38694408637696132,-0.25492730277053566,-0.34705228061428472,-0.8876494619459776,-0.26497726277734002,0.0073473361175258045,0.014268801241650475,-0.77504665946743589,1.0
