1.0,-0.5049231047307241,-0.137709434657387,0.39517199637032985,-0.36048406275522749,0.30533020303580038,0.43482268670508778,0.18646408709342238,-0.21834334869136457,-0.19230952122754891,-0.32986583968141264,0.032824300427532191,-0.2715095369610292,-0.088196706388116719,-0.31280524558232248,-0.090758493830283948,0.076848817374170361,0.14472082810677533,0.0075360733825086306,0.41682456393570544,0.3661563071570002,-0.37908083999999997,0.44116859137404407,0.14429776405125488,0.19290055816889809,0.27928937575093304,-0.49416684613325007,0.50151960735502432,0.064027717225855402,-0.54655558846506691,0.42500129649915674,0.41156162084662323,0.19900873203575892,0.011850680960458531,-0.73772027903273274,-0.31338826698712913,-0.37703914097110558,0.16415008763155023,-0.50138452761263874
-0.5049231047307241,1.0,0.10655470279835179,-0.38816842020271775,0.44481337766749834,-0.39199252013725866,-0.31072531332148129,-0.10825066143105321,-0.20926765606739553,0.064154438070806563,-0.080247466984561033,-0.16189028870396935,0.13884306491319348,0.38246564602835953,0.26915481368470268,-0.20158863442250249,-0.55279986809452764,-0.54015807943176619,0.26635426513177035,-0.31774620865794334,-0.025801805440336278,0.01942108000000009,-0.38368889172918746,0.15368592877908677,-0.57673890443485809,0.03144340744348114,0.1625026058153306,-0.49800950894615048,0.22967858020278867,0.66362870516560746,-0.35338950377504386,-0.34877027951426731,0.18273156613366162,0.073967592652629255,0.72251172167456823,0.32416892004086573,0.44384637000845611,-0.34062515306318708,0.35693945754269996
-0.137709434657387,0.10655470279835179,1.0,-0.74838475668509363,0.90672299122445199,-0.6615392073148999,-0.64883255211710422,-0.61270205197266681,0.13589887490094085,-0.7770132184904307,0.53067019182360209,0.048127564009796044,0.23217700237983435,-0.85822425278400039,-0.65333059597515786,-0.64645582823737102,-0.432661382670463,-0.6014914499666566,-0.077853101643576922,0.61369962551550039,-0.57321740691034639,0.57898844000000005,-0.84394025563493225,-0.61041053992312144,-0.17928737970447561,-0.3096968911949281,0.855053389034233,-0.62567256148386385,0.73357836980690794,0.15250354022374105,-0.53292922517130736,-0.8340443974358851,-0.63860144062571478,-0.3720597652533833,0.45776175910198769,0.20150679355841558,0.1301461306996323,-0.65779969084044365,0.23641863048926123
0.39517199637032985,-0.38816842020271775,-0.74838475668509363,1.0,-0.87804869164485166,0.40562751646129069,0.44279648692804885,0.71458310135889025,0.27798873298953064,0.28259129376078296,-0.31280808426475948,0.25329965902459733,-0.047871250207081162,0.54626416119618337,0.12179632754015249,0.34388955305424473,0.68989783367524293,0.79724061473971441,-0.1990675522608836,-0.22749290156185503,0.37557043620318037,-0.32362935999999998,0.7843604001908,0.20993318102514633,0.61891365051703173,0.6123718959241673,-0.62233706686051904,0.63451855698003234,-0.37457140001365252,-0.61228254506109669,0.61783932324229551,0.79789608752335384,0.15268800742249694,0.40026357016124459,-0.45574351359478465,-0.7739102552697964,-0.66063632911622527,0.37075420708483514,-0.72323305210375899
-0.36048406275522749,0.44481337766749834,0.90672299122445199,-0.87804869164485166,1.0,-0.64612213824135867,-0.67795687374713476,-0.71151103931129944,0.032676885471981172,-0.59828273193102166,0.43671021876815153,-0.0066924167978570214,0.21989517923462684,-0.64207380506344791,-0.43531426992115435,-0.5663630065786962,-0.6066976595306095,-0.75180013697384074,0.015025173768621999,0.3809372904241069,-0.54727089233719384,0.5375423399999999,-0.91338052105805878,-0.50073828216584315,-0.45871312273521969,-0.400850445842581,0.8253533103245636,-0.7998977166297272,0.6885379021276461,0.49079716505189208,-0.66320381774354376,-0.92216192900788863,-0.46505275556721726,-0.38296215184307142,0.6473565775282577,0.41448797406021537,0.37433894096625497,-0.67367049030867909,0.47803052582201649
0.30533020303580038,-0.39199252013725866,-0.6615392073148999,0.40562751646129069,-0.64612213824135867,1.0,0.69152661888211442,0.06002797361565182,-0.12216060998299856,0.49850697389365117,-0.70051019390577973,0.19728132921174049,-0.76703551618068289,0.44598375081456093,0.45739817840182051,0.52995502452735255,0.27820726453273936,0.37370847516035022,0.22587135136790817,-0.24199593914145184,0.60003365929195251,-0.55390766000000002,0.7287319443664606,0.47096279094847326,-0.19882710293366915,-0.19923298074135595,-0.66409111795629372,0.42510857413747977,-0.40810635642301968,-0.070994384235391297,0.50179190336017965,0.55364478115367477,0.56765560246580571,-0.14591443319347269,-0.65715438382246916,0.076223126338853198,-0.21847559500792288,0.67076058639946923,-0.10775099575905307
0.43482268670508778,-0.31072531332148129,-0.64883255211710422,0.44279648692804885,-0.67795687374713476,0.69152661888211442,1.0,0.46375876211606165,-0.56189418089030729,0.33515577277866321,-0.77550627778983539,-0.43863166201013298,-0.61087077106058885,0.45313336704832263,0.55038811977643753,0.66207238632272025,-0.071802463229548918,0.089506525359668077,0.22059140916285847,0.076501506047922593,0.91735136852272314,-0.93134888000000005,0.87435895306090095,0.82258289334736556,-0.085918062537824483,0.34961752189657103,-0.7996013433007757,0.78612610142921724,-0.39386679819419668,-0.44980617120779665,0.7960113618641721,0.7200108305701205,0.82200313502034728,0.45107698681774933,-0.78036959350456625,0.019741268167858022,-0.10518678569061207,0.91789012575753826,-0.37904355608589152
0.18646408709342238,-0.10825066143105321,-0.61270205197266681,0.71458310135889025,-0.71151103931129944,0.06002797361565182,0.46375876211606165,1.0,-0.14383886924681452,0.3525182781555613,-0.15444190507438671,-0.29884125114621712,0.1279097564187652,0.53900072344140626,0.35839525093508284,0.28383546447931546,0.38068246542217721,0.48474944307061008,0.044796818557111595,-0.2058157827981214,0.41798975571395325,-0.41248214000000005,0.62155471045282651,0.49862296372839737,0.57343664939226957,0.70143801052956345,-0.51743052689087465,0.69415545437786474,-0.49403158454321677,-0.54390818013277209,0.46536819040618332,0.80392728547874659,0.29658868242760789,0.62566361221965705,-0.24438993129414174,-0.45633090754313882,-0.28846226853539109,0.45662603066346735,-0.53062452203381694
-0.21834334869136457,-0.20926765606739553,0.13589887490094085,0.27798873298953064,0.032676885471981172,-0.12216060998299856,-0.56189418089030729,-0.14383886924681452,1.0,-0.25801338402706742,0.38328084320559275,0.81410193124803898,0.26632545614371306,-0.17393788827458401,-0.40566716108525963,-0.15815106885673916,0.63709704317930915,0.52805623739274721,-0.50189476014519641,-0.078767180697274217,-0.55308851985971719,0.66153919999999999,-0.19737930235004908,-0.74688836824103011,0.44117612414065971,-0.041251467160188397,0.45956831245999635,-0.36142158725012447,0.24933499100120873,-0.10599356903247611,-0.14956582998240106,-0.25095358649797062,-0.77670342564374595,-0.22416489031880019,0.34903788366260047,-0.62673593352433232,-0.58352072233003438,-0.44371427729472407,-0.24093686125034941
-0.19230952122754891,0.064154438070806563,-0.7770132184904307,0.28259129376078296,-0.59828273193102166,0.49850697389365117,0.33515577277866321,0.3525182781555613,-0.25801338402706742,1.0,-0.16470694328444979,-0.16903569903416332,-0.04401643791482035,0.69116510105057039,0.71747061998584483,0.4571503039250156,0.3375663878881256,0.44980616447219135,0.2825183820779813,-0.87155533221911852,0.20365581211926309,-0.26260285999999999,0.42839178634918479,0.5273600861795239,0.01797874662128035,-0.20538909205385897,-0.60094506688802773,0.34327132836006391,-0.91237395481802286,0.3358035720197905,0.016878150797793923,0.56422502694928123,0.54287684073178266,0.05323726715014554,-0.17840882592169494,0.30881552244339261,0.35520326109647526,0.47227369127766333,0.3792392331157719
-0.32986583968141264,-0.080247466984561033,0.53067019182360209,-0.31280808426475948,0.43671021876815153,-0.70051019390577973,-0.77550627778983539,-0.15444190507438671,0.38328084320559275,-0.16470694328444979,1.0,0.099973263332868115,0.81685788313090146,-0.59133677372652627,-0.48570280869781657,-0.46577240432604311,0.26015781135275945,0.11953055363495896,-0.31902601290663407,-0.04150382976815678,-0.92240866313598657,0.86998145999999998,-0.7180456312324307,-0.68370401767332967,0.49209792318202855,-0.2619587294895333,0.68381536874856541,-0.41469333208991921,-0.006469797551268832,0.14663254469490572,-0.72169998834500182,-0.42778051360948638,-0.77985539320857789,-0.26120338838761625,0.46961524692424861,-0.01275771314932939,0.21220046642737303,-0.61892488743506535,0.36191254221588898
0.032824300427532191,-0.16189028870396935,0.048127564009796044,0.25329965902459733,-0.0066924167978570214,0.19728132921174049,-0.43863166201013298,-0.29884125114621712,0.81410193124803898,-0.16903569903416332,0.099973263332868115,1.0,-0.075830810084499517,-0.054088893338281152,-0.39290610767630635,-0.27801733793380523,0.55331164351455087,0.46035653083734807,-0.29433159526272595,-0.12799543413328535,-0.38771313081817693,0.51459587999999989,-0.12572545208064398,-0.61371040412288846,0.14079229104467667,-0.23384097074177732,0.24986092612360247,-0.43889315237808707,0.28144002607874991,0.091075628923187379,-0.18605865159475771,-0.15372678305372997,-0.5506625998439364,-0.57229192222845837,0.17640937434918944,-0.459432678257025,-0.55372217280015168,-0.46548178587498545,-0.16827777590605636
-0.2715095369610292,0.13884306491319348,0.23217700237983435,-0.047871250207081162,0.21989517923462684,-0.76703551618068289,-0.61087077106058885,0.1279097564187652,0.26632545614371306,-0.04401643791482035,0.81685788313090146,-0.075830810084499517,1.0,-0.22755676042819206,-0.29407862863284134,-0.21793159597724251,0.1707800312613254,0.13515313700134823,-0.46390343841915094,-0.19404127725007803,-0.69990377993116271,0.59950020000000004,-0.48409676890288306,-0.46780455430185153,0.54849283813727923,0.17758484765148078,0.37426046271173108,-0.20853290043073219,-0.12212693400665649,0.042403355253351774,-0.45206820383142798,-0.25377974008539433,-0.51542507028308848,0.19990330209894475,0.41891756054084545,-0.21453497697061019,0.26020953197853758,-0.51001968344370263,0.15296810496276575
-0.088196706388116719,0.38246564602835953,-0.85822425278400039,0.54626416119618337,-0.64207380506344791,0.44598375081456093,0.45313336704832263,0.53900072344140626,-0.17393788827458401,0.69116510105057039,-0.59133677372652627,-0.054088893338281152,-0.22755676042819206,1.0,0.71526466331742866,0.45249541048054387,0.15628169245824514,0.31138124477182261,0.23769637352350931,-0.68235151175249065,0.56519582211872033,-0.54526564,0.62908773880418534,0.63889220855576134,-0.11679171930698831,0.33716632984684447,-0.70939991997399021,0.34863180136103944,-0.49306247562825972,0.12590568383624662,0.3865260900896742,0.61904001338740233,0.65495206290097452,0.37273580411460777,-0.060218288744276927,-0.10099868695570276,-0.023227232915864204,0.43384947811301866,-0.14150535286580054
-0.31280524558232248,0.26915481368470268,-0.65333059597515786,0.12179632754015249,-0.43531426992115435,0.45739817840182051,0.55038811977643753,0.35839525093508284,-0.40566716108525963,0.71747061998584483,-0.48570280869781657,-0.39290610767630635,-0.29407862863284134,0.71526466331742866,1.0,0.73091973502675989,-0.10080434054179144,0.029543569600314235,0.17805576525128894,-0.55851033826211482,0.55394362652464579,-0.58110265999999999,0.47538843417320448,0.76281427353795161,-0.29621492886502787,0.041038706325150373,-0.48939792379029612,0.29926487470711172,-0.61445640295171378,0.21111393185170485,0.30716630789386823,0.40153142562543648,0.73075733992058445,0.36035209905721666,-0.09529537756596905,0.35358769584125821,0.38252311420285567,0.71155889676363615,0.18996165635973747
-0.090758493830283948,-0.20158863442250249,-0.64645582823737102,0.34388955305424473,-0.5663630065786962,0.52995502452735255,0.66207238632272025,0.28383546447931546,-0.15815106885673916,0.4571503039250156,-0.46577240432604311,-0.27801733793380523,-0.21793159597724251,0.45249541048054387,0.73091973502675989,1.0,0.053024144261004817,0.20158433129355624,-0.27731030078797386,-0.24520625708954624,0.54661677043165424,-0.59330737999999994,0.64573716306557416,0.51889576460062137,-0.0042909359129180702,0.23168409293810865,-0.50025940993605844,0.48778774654330731,-0.52686147325638522,-0.23162497445898958,0.63231400641991298,0.37471516285067658,0.57105168851572474,0.55577189169040642,-0.45284518365267085,-0.0013530378196064006,0.10978611847144218,0.8203119573992943,-0.14912874488544894
0.076848817374170361,-0.55279986809452764,-0.432661382670463,0.68989783367524293,-0.6066976595306095,0.27820726453273936,-0.071802463229548918,0.38068246542217721,0.63709704317930915,0.3375663878881256,0.26015781135275945,0.55331164351455087,0.1707800312613254,0.15628169245824514,-0.10080434054179144,0.053024144261004817,1.0,0.97571169158249349,-0.241586445287818,-0.39324546236361785,-0.25465496496505319,0.31936257999999995,0.31804056195066333,-0.26975812777701724,0.75774771704634236,0.017308054316114267,-0.14359730565028661,0.24556973226065346,-0.45041322409877482,-0.30233394847699585,0.047669575236776549,0.48557530959231404,-0.3639615634456268,-0.14079873458452496,-0.165914694673196,-0.57192269336758883,-0.5436553092294274,0.032457594190485127,-0.2681083246089711
0.14472082810677533,-0.54015807943176619,-0.6014914499666566,0.79724061473971441,-0.75180013697384074,0.37370847516035022,0.089506525359668077,0.48474944307061008,0.52805623739274721,0.44980616447219135,0.11953055363495896,0.46035653083734807,0.13515313700134823,0.31138124477182261,0.029543569600314235,0.20158433129355624,0.97571169158249349,1.0,-0.23046185415524501,-0.45937245342565081,-0.095265348631980051,0.14072140000000011,0.48359253375971611,-0.10965494611994014,0.74428100327836333,0.12323388871743746,-0.33774153397026724,0.3949145704873851,-0.56086818628727675,-0.34762414267466657,0.19650903608001502,0.61634113487988818,-0.18113826061369942,0.0030870315361806178,-0.28663997930746749,-0.58379891812213591,-0.51580314804369509,0.17591025794815585,-0.32450368034873345
0.0075360733825086306,0.26635426513177035,-0.077853101643576922,-0.1990675522608836,0.015025173768621999,0.22587135136790817,0.22059140916285847,0.044796818557111595,-0.50189476014519641,0.2825183820779813,-0.31902601290663407,-0.29433159526272595,-0.46390343841915094,0.23769637352350931,0.17805576525128894,-0.27731030078797386,-0.241586445287818,-0.23046185415524501,1.0,-0.11811620904636934,0.31837412136967896,-0.29893345999999998,0.10698679652348528,0.43928327879136997,-0.43814767344552041,-0.30096190947349094,-0.26113285065146496,0.17840103177337838,-0.072947833040311563,0.32780202444342832,-0.07026703834708857,0.18697267296377912,0.41230947669292778,-0.16090294447127304,0.0042595071509319024,0.50110826087808813,0.095837110708146017,0.13704578449920646,0.3023360653948759
0.41682456393570544,-0.31774620865794334,0.61369962551550039,-0.22749290156185503,0.3809372904241069,-0.24199593914145184,0.076501506047922593,-0.2058157827981214,-0.078767180697274217,-0.87155533221911852,-0.04150382976815678,-0.12799543413328535,-0.19404127725007803,-0.68235151175249065,-0.55851033826211482,-0.24520625708954624,-0.39324546236361785,-0.45937245342565081,-0.11811620904636934,1.0,0.10974425776313221,-0.07916409999999996,-0.13847027532001166,-0.21661538109602924,-0.027679117891234908,0.22465763268934727,0.31961012052190635,0.01669152164491633,0.70651971430201554,-0.53121212022225439,0.22337707753537148,-0.2915545701424786,-0.23115252053936672,0.054403370498817633,-0.22075616052702324,-0.15913155435308973,-0.3095858048283881,-0.081385772512980986,-0.41993957635743645
0.3661563071570002,-0.025801805440336278,-0.57321740691034639,0.37557043620318037,-0.54727089233719384,0.60003365929195251,0.91735136852272314,0.41798975571395325,-0.55308851985971719,0.20365581211926309,-0.92240866313598657,-0.38771313081817693,-0.69990377993116271,0.56519582211872033,0.55394362652464579,0.54661677043165424,-0.25465496496505319,-0.095265348631980051,0.31837412136967896,0.10974425776313221,1.0,-0.97875526000000002,0.81051303823360743,0.83663119645649131,-0.29275130624708934,0.43958092849380198,-0.74897505278093079,0.6542819224535823,-0.15299363938573546,-0.35795858519425933,0.81745673195587198,0.59771170740038104,0.84665098996281352,0.48854626376820653,-0.57684331564319247,-0.0027174559351939992,-0.16028651698151689,0.78732915370165146,-0.44432163374430078
-0.37908083999999997,0.01942108000000009,0.57898844000000005,-0.32362935999999998,0.5375423399999999,-0.55390766000000002,-0.93134888000000005,-0.41248214000000005,0.66153919999999999,-0.26260285999999999,0.86998145999999998,0.51459587999999989,0.59950020000000004,-0.54526564,-0.58110265999999999,-0.59330737999999994,0.31936257999999995,0.14072140000000011,-0.29893345999999998,-0.07916409999999996,-0.97875526000000002,1.0,-0.78904458,-0.87250450000000002,0.28820950000000001,-0.43046008000000002,0.79070599999999991,-0.69681680000000001,0.24064489999999994,0.32885897999999991,-0.79383526000000004,-0.58465171999999999,-0.90599770000000002,-0.54784195999999996,0.62257053999999989,-0.080823320000000032,0.011710279999999962,-0.80844086000000004,0.35937247999999999
0.44116859137404407,-0.38368889172918746,-0.84394025563493225,0.7843604001908,-0.91338052105805878,0.7287319443664606,0.87435895306090095,0.62155471045282651,-0.19737930235004908,0.42839178634918479,-0.7180456312324307,-0.12572545208064398,-0.48409676890288306,0.62908773880418534,0.47538843417320448,0.64573716306557416,0.31804056195066333,0.48359253375971611,0.10698679652348528,-0.13847027532001166,0.81051303823360743,-0.78904458,1.0,0.65094451477037463,0.19757047059090743,0.46521216087981287,-0.87248145940864308,0.84887495968804061,-0.47523484720016779,-0.54758950054416911,0.86139300793275775,0.85472903246405851,0.64575688972907452,0.48914527256729085,-0.73322468010574793,-0.33804810654404094,-0.40922754062411831,0.81284469982492769,-0.56930485302319489
0.14429776405125488,0.15368592877908677,-0.61041053992312144,0.20993318102514633,-0.50073828216584315,0.47096279094847326,0.82258289334736556,0.49862296372839737,-0.74688836824103011,0.5273600861795239,-0.68370401767332967,-0.61371040412288846,-0.46780455430185153,0.63889220855576134,0.76281427353795161,0.51889576460062137,-0.26975812777701724,-0.10965494611994014,0.43928327879136997,-0.21661538109602924,0.83663119645649131,-0.87250450000000002,0.65094451477037463,1.0,-0.28638216993163423,0.25207249672574134,-0.71810020048989098,0.60675875865030826,-0.47885092021435255,-0.070652643598799761,0.50964664758077105,0.6220640965716373,0.91193072560922606,0.43691897249469236,-0.40304990682839825,0.29815541923420341,0.24030818234669873,0.79261420584939335,-0.081064413443429156
0.19290055816889809,-0.57673890443485809,-0.17928737970447561,0.61891365051703173,-0.45871312273521969,-0.19882710293366915,-0.085918062537824483,0.57343664939226957,0.44117612414065971,0.01797874662128035,0.49209792318202855,0.14079229104467667,0.54849283813727923,-0.11679171930698831,-0.29621492886502787,-0.0042909359129180702,0.75774771704634236,0.74428100327836333,-0.43814767344552041,-0.027679117891234908,-0.29275130624708934,0.28820950000000001,0.19757047059090743,-0.28638216993163423,1.0,0.4083182274045819,-0.02346943855225242,0.39872342967611807,-0.32547309398273871,-0.63725798696956937,0.1216492147895856,0.40994607570165276,-0.44859567738349576,0.25734741272277051,-0.19051299033845448,-0.69223031522651446,-0.44545085524882178,-0.019255165244994155,-0.46023904378504088
0.27928937575093304,0.03144340744348114,-0.3096968911949281,0.6123718959241673,-0.400850445842581,-0.19923298074135595,0.34961752189657103,0.70143801052956345,-0.041251467160188397,-0.20538909205385897,-0.2619587294895333,-0.23384097074177732,0.17758484765148078,0.33716632984684447,0.041038706325150373,0.23168409293810865,0.017308054316114267,0.12323388871743746,-0.30096190947349094,0.22465763268934727,0.43958092849380198,-0.43046008000000002,0.46521216087981287,0.25207249672574134,0.4083182274045819,1.0,-0.33825196154667286,0.47569257264991721,0.070026048942687394,-0.68595801891057251,0.62175059059865689,0.43386678194882278,0.17532236709020668,0.79544355341273132,-0.17282459547418252,-0.68512152319648301,-0.39392670206016134,0.21063906969101087,-0.80119603528054162
-0.49416684613325007,0.1625026058153306,0.855053389034233,-0.62233706686051904,0.8253533103245636,-0.66409111795629372,-0.7996013433007757,-0.51743052689087465,0.45956831245999635,-0.60094506688802773,0.68381536874856541,0.24986092612360247,0.37426046271173108,-0.70939991997399021,-0.48939792379029612,-0.50025940993605844,-0.14359730565028661,-0.33774153397026724,-0.26113285065146496,0.31961012052190635,-0.74897505278093079,0.79070599999999991,-0.87248145940864308,-0.71810020048989098,-0.02346943855225242,-0.33825196154667286,1.0,-0.77096724357050872,0.57816383747429456,0.25257656420667435,-0.6528638396802684,-0.81913047227801938,-0.80762404872809856,-0.38070691192203088,0.70747559340702415,0.080506047985898249,0.078922918427165492,-0.66624740340118105,0.28500165223799789
0.50151960735502432,-0.49800950894615048,-0.62567256148386385,0.63451855698003234,-0.7998977166297272,0.42510857413747977,0.78612610142921724,0.69415545437786474,-0.36142158725012447,0.34327132836006391,-0.41469333208991921,-0.43889315237808707,-0.20853290043073219,0.34863180136103944,0.29926487470711172,0.48778774654330731,0.24556973226065346,0.3949145704873851,0.17840103177337838,0.01669152164491633,0.6542819224535823,-0.69681680000000001,0.84887495968804061,0.60675875865030826,0.39872342967611807,0.47569257264991721,-0.77096724357050872,1.0,-0.52915324757363713,-0.67347902811598948,0.76266015820190936,0.79632518013441334,0.53300504227818402,0.60987651483109606,-0.76241644378036877,-0.25054761637677331,-0.26986121814800423,0.75186443988588059,-0.49506870340787063
0.064027717225855402,0.22967858020278867,0.73357836980690794,-0.37457140001365252,0.6885379021276461,-0.40810635642301968,-0.39386679819419668,-0.49403158454321677,0.24933499100120873,-0.91237395481802286,-0.006469797551268832,0.28144002607874991,-0.12212693400665649,-0.49306247562825972,-0.61445640295171378,-0.52686147325638522,-0.45041322409877482,-0.56086818628727675,-0.072947833040311563,0.70651971430201554,-0.15299363938573546,0.24064489999999994,-0.47523484720016779,-0.47885092021435255,-0.32547309398273871,0.070026048942687394,0.57816383747429456,-0.52915324757363713,1.0,-0.032425139175413932,-0.11010743433259662,-0.64885029533002536,-0.43654326778788671,-0.18827395377635278,0.36058480947867666,-0.17096520137899751,-0.30797516165006034,-0.55958523062644927,-0.23101358865751212
-0.54655558846506691,0.66362870516560746,0.15250354022374105,-0.61228254506109669,0.49079716505189208,-0.070994384235391297,-0.44980617120779665,-0.54390818013277209,-0.10599356903247611,0.3358035720197905,0.14663254469490572,0.091075628923187379,0.042403355253351774,0.12590568383624662,0.21111393185170485,-0.23162497445898958,-0.30233394847699585,-0.34762414267466657,0.32780202444342832,-0.53121212022225439,-0.35795858519425933,0.32885897999999991,-0.54758950054416911,-0.070652643598799761,-0.63725798696956937,-0.68595801891057251,0.25257656420667435,-0.67347902811598948,-0.032425139175413932,1.0,-0.71288600973366512,-0.46551224382261142,0.048896651131954523,-0.52311753246047232,0.57859051511841475,0.69508726602528914,0.64385860839889397,-0.37688613884581801,0.864303436703735
0.42500129649915674,-0.35338950377504386,-0.53292922517130736,0.61783932324229551,-0.66320381774354376,0.50179190336017965,0.7960113618641721,0.46536819040618332,-0.14956582998240106,0.016878150797793923,-0.72169998834500182,-0.18605865159475771,-0.45206820383142798,0.3865260900896742,0.30716630789386823,0.63231400641991298,0.047669575236776549,0.19650903608001502,-0.07026703834708857,0.22337707753537148,0.81745673195587198,-0.79383526000000004,0.86139300793275775,0.50964664758077105,0.1216492147895856,0.62175059059865689,-0.6528638396802684,0.76266015820190936,-0.11010743433259662,-0.71288600973366512,1.0,0.55677449065175366,0.51912541536445422,0.66168701552396791,-0.66746928929230143,-0.4268314221214895,-0.46431846370618163,0.71988816240074638,-0.73913624894050578
0.41156162084662323,-0.34877027951426731,-0.8340443974358851,0.79789608752335384,-0.92216192900788863,0.55364478115367477,0.7200108305701205,0.80392728547874659,-0.25095358649797062,0.56422502694928123,-0.42778051360948638,-0.15372678305372997,-0.25377974008539433,0.61904001338740233,0.40153142562543648,0.37471516285067658,0.48557530959231404,0.61634113487988818,0.18697267296377912,-0.2915545701424786,0.59771170740038104,-0.58465171999999999,0.85472903246405851,0.6220640965716373,0.40994607570165276,0.43386678194882278,-0.81913047227801938,0.79632518013441334,-0.64885029533002536,-0.46551224382261142,0.55677449065175366,1.0,0.52961517183594398,0.32802392321131552,-0.61088614385087314,-0.306883773077052,-0.30816840612926544,0.64449890460721027,-0.44380482150138617
0.19900873203575892,0.18273156613366162,-0.63860144062571478,0.15268800742249694,-0.46505275556721726,0.56765560246580571,0.82200313502034728,0.29658868242760789,-0.77670342564374595,0.54287684073178266,-0.77985539320857789,-0.5506625998439364,-0.51542507028308848,0.65495206290097452,0.73075733992058445,0.57105168851572474,-0.3639615634456268,-0.18113826061369942,0.41230947669292778,-0.23115252053936672,0.84665098996281352,-0.90599770000000002,0.64575688972907452,0.91193072560922606,-0.44859567738349576,0.17532236709020668,-0.80762404872809856,0.53300504227818402,-0.43654326778788671,0.048896651131954523,0.51912541536445422,0.52961517183594398,1.0,0.37600680828428312,-0.49006628083449949,0.37535489094362334,0.31793349720568281,0.73489575430327847,0.017061946594062169
0.011850680960458531,0.073967592652629255,-0.3720597652533833,0.40026357016124459,-0.38296215184307142,-0.14591443319347269,0.45107698681774933,0.62566361221965705,-0.22416489031880019,0.05323726715014554,-0.26120338838761625,-0.57229192222845837,0.19990330209894475,0.37273580411460777,0.36035209905721666,0.55577189169040642,-0.14079873458452496,0.0030870315361806178,-0.16090294447127304,0.054403370498817633,0.48854626376820653,-0.54784195999999996,0.48914527256729085,0.43691897249469236,0.25734741272277051,0.79544355341273132,-0.38070691192203088,0.60987651483109606,-0.18827395377635278,-0.52311753246047232,0.66168701552396791,0.32802392321131552,0.37600680828428312,1.0,-0.1832630334478596,-0.33551176778662528,-0.065438345555349775,0.47964325076143205,-0.48714570457032697
-0.73772027903273274,0.72251172167456823,0.45776175910198769,-0.45574351359478465,0.6473565775282577,-0.65715438382246916,-0.78036959350456625,-0.24438993129414174,0.34903788366260047,-0.17840882592169494,0.46961524692424861,0.17640937434918944,0.41891756054084545,-0.060218288744276927,-0.09529537756596905,-0.45284518365267085,-0.165914694673196,-0.28663997930746749,0.0042595071509319024,-0.22075616052702324,-0.57684331564319247,0.62257053999999989,-0.73322468010574793,-0.40304990682839825,-0.19051299033845448,-0.17282459547418252,0.70747559340702415,-0.76241644378036877,0.36058480947867666,0.57859051511841475,-0.66746928929230143,-0.61088614385087314,-0.49006628083449949,-0.1832630334478596,1.0,0.11419460207738087,0.2113490227796388,-0.6582327326015146,0.38062507233990717
-0.31338826698712913,0.32416892004086573,0.20150679355841558,-0.7739102552697964,0.41448797406021537,0.076223126338853198,0.019741268167858022,-0.45633090754313882,-0.62673593352433232,0.30881552244339261,-0.01275771314932939,-0.459432678257025,-0.21453497697061019,-0.10099868695570276,0.35358769584125821,-0.0013530378196064006,-0.57192269336758883,-0.58379891812213591,0.50110826087808813,-0.15913155435308973,-0.0027174559351939992,-0.080823320000000032,-0.33804810654404094,0.29815541923420341,-0.69223031522651446,-0.68512152319648301,0.080506047985898249,-0.25054761637677331,-0.17096520137899751,0.69508726602528914,-0.4268314221214895,-0.306883773077052,0.37535489094362334,-0.33551176778662528,0.11419460207738087,1.0,0.81739943105379453,0.10450773130434864,0.85019115365762632
-0.37703914097110558,0.44384637000845611,0.1301461306996323,-0.66063632911622527,0.37433894096625497,-0.21847559500792288,-0.10518678569061207,-0.28846226853539109,-0.58352072233003438,0.35520326109647526,0.21220046642737303,-0.55372217280015168,0.26020953197853758,-0.023227232915864204,0.38252311420285567,0.10978611847144218,-0.5436553092294274,-0.51580314804369509,0.095837110708146017,-0.3095858048283881,-0.16028651698151689,0.011710279999999962,-0.40922754062411831,0.24030818234669873,-0.44545085524882178,-0.39392670206016134,0.078922918427165492,-0.26986121814800423,-0.30797516165006034,0.64385860839889397,-0.46431846370618163,-0.30816840612926544,0.31793349720568281,-0.065438345555349775,0.2113490227796388,0.81739943105379453,1.0,0.00079753544396251631,0.79681706866922963
0.16415008763155023,-0.34062515306318708,-0.65779969084044365,0.37075420708483514,-0.67367049030867909,0.67076058639946923,0.91789012575753826,0.45662603066346735,-0.44371427729472407,0.47227369127766333,-0.61892488743506535,-0.46548178587498545,-0.51001968344370263,0.43384947811301866,0.71155889676363615,0.8203119573992943,0.032457594190485127,0.17591025794815585,0.13704578449920646,-0.081385772512980986,0.78732915370165146,-0.80844086000000004,0.81284469982492769,0.79261420584939335,-0.019255165244994155,0.21063906969101087,-0.66624740340118105,0.75186443988588059,-0.55958523062644927,-0.37688613884581801,0.71988816240074638,0.64449890460721027,0.73489575430327847,0.47964325076143205,-0.6582327326015146,0.10450773130434864,0.00079753544396251631,1.0,-0.22654401258290432
-0.50138452761263874,0.35693945754269996,0.23641863048926123,-0.72323305210375899,0.47803052582201649,-0.10775099575905307,-0.37904355608589152,-0.53062452203381694,-0.24093686125034941,0.3792392331157719,0.36191254221588898,-0.16827777590605636,0.15296810496276575,-0.14150535286580054,0.18996165635973747,-0.14912874488544894,-0.2681083246089711,-0.32450368034873345,0.3023360653948759,-0.41993957635743645,-0.44432163374430078,0.35937247999999999,-0.56930485302319489,-0.081064413443429156,-0.46023904378504088,-0.80119603528054162,0.28500165223799789,-0.49506870340787063,-0.23101358865751212,0.864303436703735,-0.73913624894050578,-0.44380482150138617,0.017061946594062169,-0.48714570457032697,0.38062507233990717,0.85019115365762632,0.79681706866922963,-0.22654401258290432,1.0
