1.000000000000000000e+00,-2.459096449210207702e-01,3.077178516765302074e-01,1.748197254231622089e-01,7.399462656991931953e-01,-2.228961906098472223e-01,-6.120133125907512017e-01,9.143261209640916876e-02,-2.238845007355372840e-01,1.149791393453289401e-02,1.199662749735935369e-01,-4.707295672530420472e-01,5.475461908216945339e-01,3.090816587573388952e-01,6.370718810705687518e-03,-1.440982984719421656e-01,1.040147119318268198e-01,4.948806148312107772e-02,2.686788617569980664e-01,3.240518661319046756e-01,5.624519045038838261e-01,-3.425835879376001175e-03,-1.709169309771137180e-02,7.977123573702789294e-02,4.588323903892415068e-01,-5.677289657577657689e-01,5.448180586787567670e-01,-2.379653529906790577e-01,-1.781819895429244127e-01,-4.825882438732325141e-01,-3.842815737861613457e-01,-6.322742688763778318e-01,3.746651786839441112e-01,-6.329288049355764612e-01,5.667986821168352618e-01,-3.258418593762730242e-01,2.551227816322816921e-01,-5.939057800000000498e-01,-3.177104674261340689e-01
-2.459096449210207702e-01,1.000000000000000000e+00,4.481515202618446825e-02,-1.636431077740018725e-01,1.568476171377855555e-01,2.165060197116854823e-01,-2.607072032164589603e-01,-1.408410018013822596e-02,-3.430612283540921403e-01,-1.342897896504675614e-01,2.933682841746857450e-01,4.150082905862566562e-01,-5.084979818255302986e-02,-1.005231087530887579e-01,-1.785885570568057634e-02,3.013614167692491574e-01,4.701324060674481053e-01,1.537798730401503666e-01,-7.194009973699654337e-01,1.884707745436933757e-01,-8.060064138583039606e-02,-3.566609289063784605e-01,1.900288859152093612e-01,-2.466473433061833198e-02,-4.916332762961606040e-03,-1.071159907140355472e-01,2.817094112196489308e-01,-1.138546068421522062e-01,-1.873819565651679842e-01,2.341669787265833746e-01,-3.990039592235559152e-01,-2.275568563193739180e-01,-2.936999627900590548e-01,-5.200196956465669151e-02,1.849932052632100865e-01,2.492395696397697868e-03,-1.299865197982161269e-02,-1.631880199999999892e-01,-2.395725492158166103e-01
3.077178516765302074e-01,4.481515202618446825e-02,1.000000000000000000e+00,6.820993943904479773e-01,3.685039941934830088e-01,-1.978694805186723693e-01,-2.206933679109873703e-01,-3.771365268267089510e-01,-5.857084077832143132e-01,-4.674329294467710616e-01,-2.267592644529743337e-02,1.039964854195304239e-02,-1.761800979040816506e-01,-2.941724244632817897e-01,3.406411909386897197e-03,1.674759725655863840e-01,7.834477760063134066e-02,1.616666594427668968e-01,3.030825829450271014e-01,5.439450090278391547e-01,7.441800793641396849e-02,-4.552752273031121510e-01,4.830880054992048867e-01,-1.479315200304217592e-01,-1.128720005954377270e-01,-1.184542641875149377e-01,2.048826486917099121e-01,5.127536604472805737e-02,5.056336334308854097e-01,2.989337710084412625e-01,-1.111057973539208432e-01,-3.345588605502597401e-01,2.122738053001954894e-01,-4.278507611310344294e-01,9.358569838777755501e-02,-3.380548465043509698e-01,-1.755920030235610246e-02,-9.786497999999999031e-02,-5.338615311128303009e-01
1.748197254231622089e-01,-1.636431077740018725e-01,6.820993943904479773e-01,1.000000000000000000e+00,6.330532237452848876e-02,2.801845010713125417e-01,-2.940069725461391115e-01,7.701317793659988309e-02,-3.427935027367342014e-01,-8.608113217894112212e-01,4.026078176007001908e-01,-2.715137843208516588e-01,-2.223192428369624996e-01,-5.873321036454032251e-02,4.652416968443138234e-01,-4.181093673219774542e-01,-1.845611503906124384e-01,-3.049768059360360994e-01,5.836060763140437507e-02,3.900970804020147953e-01,4.740410375234929696e-01,-2.387040801073080643e-01,4.014196652253951281e-01,3.490695082012670869e-01,2.138346998279062883e-01,8.687632559159461088e-02,1.814816372444615356e-01,-7.395978347177542545e-02,4.000327936133666329e-01,-2.769192662239205668e-02,-2.612343644519051766e-01,-3.953314279177708168e-01,5.879029506673366656e-01,-4.890251940470938807e-01,1.906517512370798917e-01,-8.614850916919361556e-02,-1.283528990767776601e-01,-2.578745199999999960e-01,-3.748847878070508122e-01
7.399462656991931953e-01,1.568476171377855555e-01,3.685039941934830088e-01,6.330532237452848876e-02,1.000000000000000000e+00,-2.740145566713554914e-01,-6.586813203867900590e-01,-1.529078734905043868e-01,-5.948065583921313682e-01,2.787998030963266538e-02,1.871424125654665496e-02,-1.537523669758758364e-02,4.394350520890398237e-01,1.402293996300129630e-01,-1.413302883687613809e-01,8.063015134168508014e-02,4.687979942231541575e-01,4.598608551853759774e-02,-3.088692290984951239e-02,5.427403781248387737e-01,4.702425736843075521e-01,-3.253863790802996592e-01,2.056730641246513336e-01,-4.950985186359455059e-02,2.982601585977937564e-01,-5.598724057505861662e-01,5.880059938565682653e-01,-1.561959359175889295e-01,-9.367448260896382717e-02,-2.872984520331310909e-01,-5.828664991696868025e-01,-6.973615861392054027e-01,1.449884945667040959e-01,-7.399271502930458988e-01,6.624245812559624857e-01,-5.647710031818837795e-01,1.829217043311718027e-01,-5.570353800000000799e-01,-5.396285316902048601e-01
-2.228961906098472223e-01,2.165060197116854823e-01,-1.978694805186723693e-01,2.801845010713125417e-01,-2.740145566713554914e-01,1.000000000000000000e+00,-1.801756760830777460e-01,5.874193370547529103e-01,1.606061923523791068e-01,-5.083300980344258591e-01,6.928071172202043826e-01,-1.481545728454883026e-01,1.075733457976848634e-01,1.687034184948872084e-01,7.060275165246477913e-01,-4.857429153248993825e-01,-3.872827331104697901e-01,-3.332463743271221190e-01,-5.612311409393345718e-01,-2.452576072758502201e-01,4.597843876410687702e-01,3.004232878956553665e-01,-1.400965358714054143e-02,6.954923516365117964e-01,4.683251470364815372e-01,2.018643712787329680e-01,4.486279132136503089e-02,-2.319836347699339996e-01,-2.160353658686821055e-01,-2.790695798676254280e-01,-4.310411577863369481e-01,-1.367142258708956837e-01,5.256054187718791626e-01,-1.277061059557529910e-01,7.160111547834782653e-02,5.683789172711152249e-01,-4.494776674987400328e-02,-2.844940799999999825e-01,2.159975965512573870e-01
-6.120133125907512017e-01,-2.607072032164589603e-01,-2.206933679109873703e-01,-2.940069725461391115e-01,-6.586813203867900590e-01,-1.801756760830777460e-01,1.000000000000000000e+00,-3.994616110015844490e-01,5.099969488980590215e-01,3.610656392210553345e-01,-4.335531489013078055e-01,3.218206835239893482e-01,-4.752620396043998330e-01,-4.634163943567162769e-01,-2.207294557343849883e-01,3.504861846819467552e-01,-4.783307740305072220e-01,3.036852457499025215e-01,4.102905203504297882e-01,-4.678182445395226430e-01,-8.253770246685431244e-01,1.953737121928681708e-01,-1.361523330847065894e-01,-2.373728345893424962e-01,-7.651725955365551446e-01,5.688493773829783606e-01,-9.577880432497480889e-01,4.239462401642296596e-01,5.379941026674520677e-01,5.849499147215394546e-01,7.726899263512617688e-01,9.875711189849715188e-01,-4.730295795716154550e-01,7.939011534309566853e-01,-8.750349449649770239e-01,3.322044917402715569e-01,3.588767956535520148e-03,9.476858399999998905e-01,5.056383600140204049e-01
9.143261209640916876e-02,-1.408410018013822596e-02,-3.771365268267089510e-01,7.701317793659988309e-02,-1.529078734905043868e-01,5.874193370547529103e-01,-3.994616110015844490e-01,1.000000000000000000e+00,4.741714614796701532e-01,-3.232955828301711798e-01,7.055020068295252411e-01,-6.069242553607765434e-01,4.937444278215364912e-01,7.180847296277758085e-01,6.692362783596136344e-01,-6.613126017553299096e-01,-7.220806558295689292e-02,-2.041792046236270974e-01,-3.292104636417531593e-01,-4.535996289925474656e-01,5.699293753240673999e-01,5.893971752068817294e-01,-4.830966304088400998e-01,7.756614002769904870e-01,8.041186497949175394e-01,-2.456915761446673285e-01,3.913176653914153258e-01,-6.006245151320221964e-01,-6.498845605815620763e-01,-7.055858633602546393e-01,-3.079264755598188352e-01,-3.002408075540474175e-01,3.844823933669142546e-01,-1.957636599193596574e-02,2.360254943971870634e-01,4.986962572171261265e-01,1.392773099849801688e-01,-5.900746599999999731e-01,4.090972771012578724e-01
-2.238845007355372840e-01,-3.430612283540921403e-01,-5.857084077832143132e-01,-3.427935027367342014e-01,-5.948065583921313682e-01,1.606061923523791068e-01,5.099969488980590215e-01,4.741714614796701532e-01,1.000000000000000000e+00,2.236669010963346360e-01,1.576627454729340461e-01,-4.241228492143890305e-01,2.441066347657541435e-01,3.875899358964471908e-01,3.171267990788032565e-01,-2.547948963588408389e-01,-4.026292477102484391e-01,2.728919663679856833e-01,2.548771980279838090e-01,-9.079391552841645785e-01,-2.712423520697463397e-01,8.356598253131100051e-01,-7.606591303314579333e-01,4.151715825910518576e-01,8.417148926161976963e-02,5.148500099385597273e-02,-4.444125982196970304e-01,-2.748186445525691024e-01,-1.700893785129887481e-01,-2.503839917662880055e-01,4.695896184847804800e-01,6.014350082130363040e-01,-2.098286796486068806e-01,7.351386202763466882e-01,-5.849158974286674528e-01,6.873230348506063070e-01,3.209639464556408028e-01,2.615876599999999996e-01,9.066522880574507948e-01
1.149791393453289401e-02,-1.342897896504675614e-01,-4.674329294467710616e-01,-8.608113217894112212e-01,2.787998030963266538e-02,-5.083300980344258591e-01,3.610656392210553345e-01,-3.232955828301711798e-01,2.236669010963346360e-01,1.000000000000000000e+00,-7.166827871355263557e-01,3.018369334255522340e-01,3.315039110708911663e-02,-1.863687868954032045e-01,-7.408016075288283986e-01,6.219254630483843638e-01,1.856506880386540881e-02,1.520567298942639978e-01,3.380654621512715896e-01,-1.321866535547922550e-01,-5.127494234630788350e-01,2.947873914953133209e-02,-1.283367194781358522e-01,-5.571118490253801347e-01,-4.219465181094135264e-01,1.022838134941439076e-01,-2.718948562259680402e-01,4.157328495406280577e-01,-2.453211287158265086e-01,1.921833061418683486e-01,4.783916706908560301e-01,4.227591954840664301e-01,-3.881171448728300000e-01,3.414664231479523360e-01,-1.301838736750711434e-01,-6.625969676308166023e-02,-9.687041771306292848e-02,4.089995399999999393e-01,1.364036098686218779e-01
1.199662749735935369e-01,2.933682841746857450e-01,-2.267592644529743337e-02,4.026078176007001908e-01,1.871424125654665496e-02,6.928071172202043826e-01,-4.335531489013078055e-01,7.055020068295252411e-01,1.576627454729340461e-01,-7.166827871355263557e-01,1.000000000000000000e+00,-4.696864405532409914e-01,3.927597699711077306e-01,4.815566512141606914e-01,8.609129971613096455e-01,-6.854245155781484300e-01,-5.684401547283982059e-02,-4.366490608517832259e-03,-5.548227561154404075e-01,-2.357191207049777193e-01,6.146605191613575547e-01,3.582646543688388641e-01,-2.775866652587514749e-01,8.264024692018108187e-01,6.951300910022171209e-01,-3.044461712993389302e-01,3.263721294308212229e-01,-6.588217295484364300e-01,-1.780966391680749439e-01,-5.213014720082347342e-01,-6.120772920717181265e-01,-4.062144173084316079e-01,3.006364798185039433e-01,-2.124069557987023071e-01,2.008999240717835033e-01,3.922278675763776201e-01,3.254418597908991240e-01,-5.818623400000000334e-01,2.099207432392120598e-01
-4.707295672530420472e-01,4.150082905862566562e-01,1.039964854195304239e-02,-2.715137843208516588e-01,-1.537523669758758364e-02,-1.481545728454883026e-01,3.218206835239893482e-01,-6.069242553607765434e-01,-4.241228492143890305e-01,3.018369334255522340e-01,-4.696864405532409914e-01,1.000000000000000000e+00,-6.336640625106797486e-01,-7.458996858648471173e-01,-5.800635872079259459e-01,6.670373982999275864e-01,7.151519577428448737e-02,-9.808353159828846202e-02,-1.787832401962312634e-01,3.895155784450606284e-01,-4.564011512640163692e-01,-6.379896013708066249e-01,5.963620067386744550e-01,-5.490678658001207912e-01,-6.933278097052010258e-01,5.334645341353451142e-01,-3.414000572795745092e-01,6.678793654893742104e-01,2.641807266687851707e-01,7.563861100745098431e-01,2.037117715475577073e-01,2.876130906605628423e-01,-2.665952105733846444e-01,3.881699227079653952e-02,-7.112107713513199370e-02,-3.846077693270105180e-01,-4.469492606572356141e-01,5.322278400000000076e-01,-3.880346442157825981e-01
5.475461908216945339e-01,-5.084979818255302986e-02,-1.761800979040816506e-01,-2.223192428369624996e-01,4.394350520890398237e-01,1.075733457976848634e-01,-4.752620396043998330e-01,4.937444278215364912e-01,2.441066347657541435e-01,3.315039110708911663e-02,3.927597699711077306e-01,-6.336640625106797486e-01,1.000000000000000000e+00,8.295001403448157840e-01,4.488443327513371717e-01,-4.570574787053545140e-01,2.969048093564073953e-01,3.563467104598974089e-01,-8.450994596416096238e-02,-4.029616610585127767e-01,4.539165124276040020e-01,6.426997726721623838e-01,-6.963304956350179209e-01,4.681794241813928004e-01,7.569590656218512237e-01,-8.509914727227722020e-01,4.880777303052447613e-01,-8.008653143819879361e-01,-4.445750714108974710e-01,-8.470475102352964525e-01,-5.091648120995235782e-01,-4.084114513851231920e-01,-1.169698016957474752e-02,-1.633095881603943977e-01,2.141370126751913905e-01,1.454900327527250403e-01,6.925820533569503334e-01,-6.789845800000000597e-01,3.892389117248872266e-01
3.090816587573388952e-01,-1.005231087530887579e-01,-2.941724244632817897e-01,-5.873321036454032251e-02,1.402293996300129630e-01,1.687034184948872084e-01,-4.634163943567162769e-01,7.180847296277758085e-01,3.875899358964471908e-01,-1.863687868954032045e-01,4.815566512141606914e-01,-7.458996858648471173e-01,8.295001403448157840e-01,1.000000000000000000e+00,5.750927430110233107e-01,-6.916831240839492745e-01,3.773169345449062795e-01,1.404434178337426453e-01,-1.591143955513141806e-01,-4.860037231447619233e-01,4.759939446043062738e-01,6.713396663035530176e-01,-7.657643071395753287e-01,5.906161662510984733e-01,8.346633224038711996e-01,-7.470192982037363594e-01,5.300952985469109535e-01,-8.852736082233326753e-01,-5.403119122359737458e-01,-9.041114854005534163e-01,-3.969307096390783940e-01,-3.847275325225876785e-01,-1.823657134403382750e-03,-1.162247987402787244e-02,1.810305486347335568e-01,1.786389452462262273e-01,5.683388419362289667e-01,-6.951771199999999817e-01,4.638641898621851389e-01
6.370718810705687518e-03,-1.785885570568057634e-02,3.406411909386897197e-03,4.652416968443138234e-01,-1.413302883687613809e-01,7.060275165246477913e-01,-2.207294557343849883e-01,6.692362783596136344e-01,3.171267990788032565e-01,-7.408016075288283986e-01,8.609129971613096455e-01,-5.800635872079259459e-01,4.488443327513371717e-01,5.750927430110233107e-01,1.000000000000000000e+00,-8.266331413574180553e-01,-1.686204122804876859e-01,7.015525921113094365e-02,-3.251926595435603029e-01,-4.645269255916865681e-01,5.195982837449203418e-01,6.046030113570914910e-01,-4.404333762630916471e-01,8.943246127528478029e-01,6.726038543684927928e-01,-2.913380569058285907e-01,1.323737547965092298e-01,-7.265032809338315412e-01,-2.558041135045541203e-03,-5.797746350879009469e-01,-4.796024241476053995e-01,-2.073108426422288764e-01,2.887187787517569992e-01,-6.141711494768212903e-02,-8.027876825107017889e-02,4.860417234292714328e-01,4.647725899997901533e-01,-4.532262000000000235e-01,4.579647085436989729e-01
-1.440982984719421656e-01,3.013614167692491574e-01,1.674759725655863840e-01,-4.181093673219774542e-01,8.063015134168508014e-02,-4.857429153248993825e-01,3.504861846819467552e-01,-6.613126017553299096e-01,-2.547948963588408389e-01,6.219254630483843638e-01,-6.854245155781484300e-01,6.670373982999275864e-01,-4.570574787053545140e-01,-6.916831240839492745e-01,-8.266331413574180553e-01,1.000000000000000000e+00,1.873197232776973101e-02,2.098704423140992370e-01,2.669426806502993577e-01,3.363671526366380782e-01,-6.551060204215355398e-01,-5.436772860916014860e-01,4.527200211256743323e-01,-7.152485509464422408e-01,-7.571763672840128301e-01,3.475024176506892881e-01,-2.899597805725722122e-01,6.843181297197248325e-01,1.653853762764061763e-01,7.774559545249205561e-01,4.423813892244486956e-01,3.380838579992810899e-01,-3.507387971254313785e-01,1.830329933271458709e-01,-1.047798298345080648e-01,-1.881317355136032654e-01,-3.099444520263321401e-01,5.628311999999999760e-01,-3.417839007965512987e-01
1.040147119318268198e-01,4.701324060674481053e-01,7.834477760063134066e-02,-1.845611503906124384e-01,4.687979942231541575e-01,-3.872827331104697901e-01,-4.783307740305072220e-01,-7.220806558295689292e-02,-4.026292477102484391e-01,1.856506880386540881e-02,-5.684401547283982059e-02,7.151519577428448737e-02,2.969048093564073953e-01,3.773169345449062795e-01,-1.686204122804876859e-01,1.873197232776973101e-02,1.000000000000000000e+00,1.254788195585149202e-01,-3.258655815311731208e-01,2.310990527352982937e-01,5.535093215789455706e-02,-2.476310594833395773e-01,-1.055119206382619801e-01,-1.978574446071612591e-01,2.163993945360325188e-01,-6.088319647893609687e-01,6.132021083789553906e-01,-3.888831814913725760e-01,-2.930122248688930564e-01,-2.228631512890707489e-01,-3.525353203495686372e-01,-4.641708413275147382e-01,-4.209096393157851224e-01,-1.941625765059353526e-01,3.270808070066729134e-01,-5.251765110922365087e-01,1.551327040312283079e-01,-4.295178400000000396e-01,-2.544871204248251306e-01
4.948806148312107772e-02,1.537798730401503666e-01,1.616666594427668968e-01,-3.049768059360360994e-01,4.598608551853759774e-02,-3.332463743271221190e-01,3.036852457499025215e-01,-2.041792046236270974e-01,2.728919663679856833e-01,1.520567298942639978e-01,-4.366490608517832259e-03,-9.808353159828846202e-02,3.563467104598974089e-01,1.404434178337426453e-01,7.015525921113094365e-02,2.098704423140992370e-01,1.254788195585149202e-01,1.000000000000000000e+00,2.265910579212557230e-01,-4.411992072581789048e-01,-4.633412278965114983e-01,3.652620615388498804e-01,-5.303456882334737221e-01,-7.558477575931292491e-02,-1.618286626813495443e-01,-4.937388444578081348e-01,-2.104744823616206406e-01,-3.972895629019776442e-01,3.163044352001597170e-01,9.918910644143034971e-02,1.173450292512958626e-01,3.041313309163931056e-01,-7.043013268140685401e-01,4.633662622514076457e-01,-5.118199803117167157e-01,1.184221462780828266e-01,7.767916112860340228e-01,1.807518599999999864e-01,4.491928133949112389e-01
2.686788617569980664e-01,-7.194009973699654337e-01,3.030825829450271014e-01,5.836060763140437507e-02,-3.088692290984951239e-02,-5.612311409393345718e-01,4.102905203504297882e-01,-3.292104636417531593e-01,2.548771980279838090e-01,3.380654621512715896e-01,-5.548227561154404075e-01,-1.787832401962312634e-01,-8.450994596416096238e-02,-1.591143955513141806e-01,-3.251926595435603029e-01,2.669426806502993577e-01,-3.258655815311731208e-01,2.265910579212557230e-01,1.000000000000000000e+00,-7.032463906080767269e-02,-3.465031066209521282e-01,1.160181187865035879e-01,-5.681981919520592839e-02,-2.624879516164843607e-01,-3.602366866435483539e-01,8.827469718194048964e-02,-3.473770888915138633e-01,2.706808315968357026e-01,3.428751267425340643e-01,1.876972762702089903e-01,6.690267427708066483e-01,3.664634771766242527e-01,-2.982379702629929779e-03,2.072815889924068400e-01,-3.489198677126360559e-01,-7.536410995604846119e-02,4.044723053317420686e-02,4.009930399999999118e-01,1.089965241480358449e-01
3.240518661319046756e-01,1.884707745436933757e-01,5.439450090278391547e-01,3.900970804020147953e-01,5.427403781248387737e-01,-2.452576072758502201e-01,-4.678182445395226430e-01,-4.535996289925474656e-01,-9.079391552841645785e-01,-1.321866535547922550e-01,-2.357191207049777193e-01,3.895155784450606284e-01,-4.029616610585127767e-01,-4.860037231447619233e-01,-4.645269255916865681e-01,3.363671526366380782e-01,2.310990527352982937e-01,-4.411992072581789048e-01,-7.032463906080767269e-02,1.000000000000000000e+00,2.781928060767648314e-01,-9.196568933557711656e-01,8.724988282845972387e-01,-4.517211668858874818e-01,-1.675520806375715710e-01,1.368452321983541775e-01,3.852468730595208779e-01,4.864384861363045820e-01,1.287292193946746877e-01,3.207924331381965533e-01,-2.747977762735414609e-01,-5.583029265190456725e-01,3.545384155386224201e-01,-7.480346530943137173e-01,6.649715760964902689e-01,-6.921664549379390463e-01,-5.175056937923260270e-01,-1.767178799999999939e-01,-9.964030662386292869e-01
5.624519045038838261e-01,-8.060064138583039606e-02,7.441800793641396849e-02,4.740410375234929696e-01,4.702425736843075521e-01,4.597843876410687702e-01,-8.253770246685431244e-01,5.699293753240673999e-01,-2.712423520697463397e-01,-5.127494234630788350e-01,6.146605191613575547e-01,-4.564011512640163692e-01,4.539165124276040020e-01,4.759939446043062738e-01,5.195982837449203418e-01,-6.551060204215355398e-01,5.535093215789455706e-02,-4.633412278965114983e-01,-3.465031066209521282e-01,2.781928060767648314e-01,1.000000000000000000e+00,5.054222024899700932e-02,6.863224007211478350e-02,5.685908944142464838e-01,8.289321095814530249e-01,-3.521174251760217366e-01,6.712920778055463389e-01,-3.976422623574742410e-01,-3.638991074716894092e-01,-7.107875461281070173e-01,-7.657323994465795591e-01,-8.281444948756976343e-01,7.227146250923185411e-01,-7.876754055000018129e-01,7.679924323957723065e-01,-1.203050485267982694e-01,3.210758137103287418e-02,-8.549966599999999639e-01,-2.900079526854149048e-01
-3.425835879376001175e-03,-3.566609289063784605e-01,-4.552752273031121510e-01,-2.387040801073080643e-01,-3.253863790802996592e-01,3.004232878956553665e-01,1.953737121928681708e-01,5.893971752068817294e-01,8.356598253131100051e-01,2.947873914953133209e-02,3.582646543688388641e-01,-6.379896013708066249e-01,6.426997726721623838e-01,6.713396663035530176e-01,6.046030113570914910e-01,-5.436772860916014860e-01,-2.476310594833395773e-01,3.652620615388498804e-01,1.160181187865035879e-01,-9.196568933557711656e-01,5.054222024899700932e-02,1.000000000000000000e+00,-8.989511798355108718e-01,5.885695497043315072e-01,4.538345219265396691e-01,-3.361511454031672064e-01,-1.560395393211004289e-01,-6.337018941608519862e-01,-2.223100088297644827e-01,-6.023010775893434809e-01,6.316464322423075151e-02,2.786780959861326901e-01,-1.007441965333921996e-01,4.676922737459774382e-01,-4.287394741621904926e-01,6.266826356795718311e-01,5.936266846500247718e-01,-1.182929200000000236e-01,9.190032293198520108e-01
-1.709169309771137180e-02,1.900288859152093612e-01,4.830880054992048867e-01,4.014196652253951281e-01,2.056730641246513336e-01,-1.400965358714054143e-02,-1.361523330847065894e-01,-4.830966304088400998e-01,-7.606591303314579333e-01,-1.283367194781358522e-01,-2.775866652587514749e-01,5.963620067386744550e-01,-6.963304956350179209e-01,-7.657643071395753287e-01,-4.404333762630916471e-01,4.527200211256743323e-01,-1.055119206382619801e-01,-5.303456882334737221e-01,-5.681981919520592839e-02,8.724988282845972387e-01,6.863224007211478350e-02,-8.989511798355108718e-01,1.000000000000000000e+00,-4.098090757646564719e-01,-4.071982367572418715e-01,5.607167526972095528e-01,2.660028201795373859e-02,7.410543612469915331e-01,2.671395583489993841e-01,5.992730779023599519e-01,-4.526203723219694719e-02,-2.238496124318505032e-01,4.247752687043592768e-01,-5.395126680312802847e-01,3.912883525399586393e-01,-4.223490486167376101e-01,-7.216317880409449659e-01,1.562854799999999766e-01,-8.691276256493968289e-01
7.977123573702789294e-02,-2.466473433061833198e-02,-1.479315200304217592e-01,3.490695082012670869e-01,-4.950985186359455059e-02,6.954923516365117964e-01,-2.373728345893424962e-01,7.756614002769904870e-01,4.151715825910518576e-01,-5.571118490253801347e-01,8.264024692018108187e-01,-5.490678658001207912e-01,4.681794241813928004e-01,5.906161662510984733e-01,8.943246127528478029e-01,-7.152485509464422408e-01,-1.978574446071612591e-01,-7.558477575931292491e-02,-2.624879516164843607e-01,-4.517211668858874818e-01,5.685908944142464838e-01,5.885695497043315072e-01,-4.098090757646564719e-01,1.000000000000000000e+00,6.783763535887314955e-01,-1.948361979486764872e-01,1.231458068933410227e-01,-6.095620869601409142e-01,-1.649577076095489758e-01,-6.206144856436596191e-01,-4.309289475877972064e-01,-1.986695334843596727e-01,3.832418696674452785e-01,-1.029966250854462417e-01,5.970999428391435271e-02,5.377985403131583242e-01,3.521084360553303760e-01,-4.496689400000000170e-01,4.401988692343499210e-01
4.588323903892415068e-01,-4.916332762961606040e-03,-1.128720005954377270e-01,2.138346998279062883e-01,2.982601585977937564e-01,4.683251470364815372e-01,-7.651725955365551446e-01,8.041186497949175394e-01,8.417148926161976963e-02,-4.219465181094135264e-01,6.951300910022171209e-01,-6.933278097052010258e-01,7.569590656218512237e-01,8.346633224038711996e-01,6.726038543684927928e-01,-7.571763672840128301e-01,2.163993945360325188e-01,-1.618286626813495443e-01,-3.602366866435483539e-01,-1.675520806375715710e-01,8.289321095814530249e-01,4.538345219265396691e-01,-4.071982367572418715e-01,6.783763535887314955e-01,1.000000000000000000e+00,-6.258693114318415462e-01,7.331832378179270471e-01,-7.709804532958960399e-01,-6.078383267077631658e-01,-9.131459846220834065e-01,-6.708968069037536397e-01,-7.044993888471310362e-01,4.462203283823960032e-01,-4.263187894673781675e-01,5.108342603550825034e-01,1.476591658835855747e-01,3.021952974911915057e-01,-9.225565399999999805e-01,1.335269399487853947e-01
-5.677289657577657689e-01,-1.071159907140355472e-01,-1.184542641875149377e-01,8.687632559159461088e-02,-5.598724057505861662e-01,2.018643712787329680e-01,5.688493773829783606e-01,-2.456915761446673285e-01,5.148500099385597273e-02,1.022838134941439076e-01,-3.044461712993389302e-01,5.334645341353451142e-01,-8.509914727227722020e-01,-7.470192982037363594e-01,-2.913380569058285907e-01,3.475024176506892881e-01,-6.088319647893609687e-01,-4.937388444578081348e-01,8.827469718194048964e-02,1.368452321983541775e-01,-3.521174251760217366e-01,-3.361511454031672064e-01,5.607167526972095528e-01,-1.948361979486764872e-01,-6.258693114318415462e-01,1.000000000000000000e+00,-6.420376766108141231e-01,8.221150312556497752e-01,2.766749777656406506e-01,6.673401302248859190e-01,5.201346699061097922e-01,5.447107174274461450e-01,2.337819776577481912e-01,2.144508946542569849e-01,-2.630858298940865758e-01,1.997246432511031733e-01,-7.172963555177389594e-01,6.959315600000000046e-01,-1.247576131644600461e-01
5.448180586787567670e-01,2.817094112196489308e-01,2.048826486917099121e-01,1.814816372444615356e-01,5.880059938565682653e-01,4.486279132136503089e-02,-9.577880432497480889e-01,3.913176653914153258e-01,-4.444125982196970304e-01,-2.718948562259680402e-01,3.263721294308212229e-01,-3.414000572795745092e-01,4.880777303052447613e-01,5.300952985469109535e-01,1.323737547965092298e-01,-2.899597805725722122e-01,6.132021083789553906e-01,-2.104744823616206406e-01,-3.473770888915138633e-01,3.852468730595208779e-01,6.712920778055463389e-01,-1.560395393211004289e-01,2.660028201795373859e-02,1.231458068933410227e-01,7.331832378179270471e-01,-6.420376766108141231e-01,1.000000000000000000e+00,-4.814017942762103264e-01,-6.250399714028572751e-01,-5.649917876364576319e-01,-6.330432402719036178e-01,-9.278185472005443524e-01,3.154389162702164184e-01,-6.328264209053096057e-01,7.769637287857907859e-01,-3.436556298977438417e-01,4.949062804647545374e-03,-9.167970199999999625e-01,-4.323483955092467523e-01
-2.379653529906790577e-01,-1.138546068421522062e-01,5.127536604472805737e-02,-7.395978347177542545e-02,-1.561959359175889295e-01,-2.319836347699339996e-01,4.239462401642296596e-01,-6.006245151320221964e-01,-2.748186445525691024e-01,4.157328495406280577e-01,-6.588217295484364300e-01,6.678793654893742104e-01,-8.008653143819879361e-01,-8.852736082233326753e-01,-7.265032809338315412e-01,6.843181297197248325e-01,-3.888831814913725760e-01,-3.972895629019776442e-01,2.706808315968357026e-01,4.864384861363045820e-01,-3.976422623574742410e-01,-6.337018941608519862e-01,7.410543612469915331e-01,-6.095620869601409142e-01,-7.709804532958960399e-01,8.221150312556497752e-01,-4.814017942762103264e-01,1.000000000000000000e+00,2.892372937927302212e-01,7.611366770943297499e-01,4.954992162135414269e-01,3.745694345631342403e-01,1.329826176774591140e-01,-1.104116253237749645e-02,-2.585074993316184566e-02,-1.971982008846968060e-01,-7.240356764834069425e-01,6.618244799999999373e-01,-4.651933263792988882e-01
-1.781819895429244127e-01,-1.873819565651679842e-01,5.056336334308854097e-01,4.000327936133666329e-01,-9.367448260896382717e-02,-2.160353658686821055e-01,5.379941026674520677e-01,-6.498845605815620763e-01,-1.700893785129887481e-01,-2.453211287158265086e-01,-1.780966391680749439e-01,2.641807266687851707e-01,-4.445750714108974710e-01,-5.403119122359737458e-01,-2.558041135045541203e-03,1.653853762764061763e-01,-2.930122248688930564e-01,3.163044352001597170e-01,3.428751267425340643e-01,1.287292193946746877e-01,-3.638991074716894092e-01,-2.223100088297644827e-01,2.671395583489993841e-01,-1.649577076095489758e-01,-6.078383267077631658e-01,2.766749777656406506e-01,-6.250399714028572751e-01,2.892372937927302212e-01,1.000000000000000000e+00,5.479380600365634235e-01,2.078559054194615285e-01,4.057403471478880363e-01,-2.121582079034713408e-01,1.015837734712106422e-01,-4.875805247951654486e-01,-1.364365307793412585e-01,1.742091914268297792e-01,5.775618799999999720e-01,-6.473313755176302031e-02
-4.825882438732325141e-01,2.341669787265833746e-01,2.989337710084412625e-01,-2.769192662239205668e-02,-2.872984520331310909e-01,-2.790695798676254280e-01,5.849499147215394546e-01,-7.055858633602546393e-01,-2.503839917662880055e-01,1.921833061418683486e-01,-5.213014720082347342e-01,7.563861100745098431e-01,-8.470475102352964525e-01,-9.041114854005534163e-01,-5.797746350879009469e-01,7.774559545249205561e-01,-2.228631512890707489e-01,9.918910644143034971e-02,1.876972762702089903e-01,3.207924331381965533e-01,-7.107875461281070173e-01,-6.023010775893434809e-01,5.992730779023599519e-01,-6.206144856436596191e-01,-9.131459846220834065e-01,6.673401302248859190e-01,-5.649917876364576319e-01,7.611366770943297499e-01,5.479380600365634235e-01,1.000000000000000000e+00,5.410382384259521116e-01,5.218331877887278925e-01,-2.850017530448085701e-01,2.877135009518079767e-01,-3.724455308881848836e-01,-1.331617973427381418e-01,-4.243552808681133048e-01,7.867645999999999251e-01,-3.099341735537847753e-01
-3.842815737861613457e-01,-3.990039592235559152e-01,-1.111057973539208432e-01,-2.612343644519051766e-01,-5.828664991696868025e-01,-4.310411577863369481e-01,7.726899263512617688e-01,-3.079264755598188352e-01,4.695896184847804800e-01,4.783916706908560301e-01,-6.120772920717181265e-01,2.037117715475577073e-01,-5.091648120995235782e-01,-3.969307096390783940e-01,-4.796024241476053995e-01,4.423813892244486956e-01,-3.525353203495686372e-01,1.173450292512958626e-01,6.690267427708066483e-01,-2.747977762735414609e-01,-7.657323994465795591e-01,6.316464322423075151e-02,-4.526203723219694719e-02,-4.309289475877972064e-01,-6.708968069037536397e-01,5.201346699061097922e-01,-6.330432402719036178e-01,4.954992162135414269e-01,2.078559054194615285e-01,5.410382384259521116e-01,1.000000000000000000e+00,7.810863785856755337e-01,-3.006744582375679431e-01,6.932828282404244202e-01,-6.457412425382953458e-01,1.266825400176552763e-01,-2.992287799898017409e-01,7.839028200000000002e-01,2.891878867924000396e-01
-6.322742688763778318e-01,-2.275568563193739180e-01,-3.345588605502597401e-01,-3.953314279177708168e-01,-6.973615861392054027e-01,-1.367142258708956837e-01,9.875711189849715188e-01,-3.002408075540474175e-01,6.014350082130363040e-01,4.227591954840664301e-01,-4.062144173084316079e-01,2.876130906605628423e-01,-4.084114513851231920e-01,-3.847275325225876785e-01,-2.073108426422288764e-01,3.380838579992810899e-01,-4.641708413275147382e-01,3.041313309163931056e-01,3.664634771766242527e-01,-5.583029265190456725e-01,-8.281444948756976343e-01,2.786780959861326901e-01,-2.238496124318505032e-01,-1.986695334843596727e-01,-7.044993888471310362e-01,5.447107174274461450e-01,-9.278185472005443524e-01,3.745694345631342403e-01,4.057403471478880363e-01,5.218331877887278925e-01,7.810863785856755337e-01,1.000000000000000000e+00,-4.900112728785317451e-01,8.542260340483269765e-01,-8.747458426092157291e-01,4.106571288040239964e-01,1.050184056188033406e-02,9.140594799999999243e-01,5.870676002926191739e-01
3.746651786839441112e-01,-2.936999627900590548e-01,2.122738053001954894e-01,5.879029506673366656e-01,1.449884945667040959e-01,5.256054187718791626e-01,-4.730295795716154550e-01,3.844823933669142546e-01,-2.098286796486068806e-01,-3.881171448728300000e-01,3.006364798185039433e-01,-2.665952105733846444e-01,-1.169698016957474752e-02,-1.823657134403382750e-03,2.887187787517569992e-01,-3.507387971254313785e-01,-4.209096393157851224e-01,-7.043013268140685401e-01,-2.982379702629929779e-03,3.545384155386224201e-01,7.227146250923185411e-01,-1.007441965333921996e-01,4.247752687043592768e-01,3.832418696674452785e-01,4.462203283823960032e-01,2.337819776577481912e-01,3.154389162702164184e-01,1.329826176774591140e-01,-2.121582079034713408e-01,-2.850017530448085701e-01,-3.006744582375679431e-01,-4.900112728785317451e-01,1.000000000000000000e+00,-6.592806143347198500e-01,5.255315216815029666e-01,8.221673017173419806e-02,-4.361619232071596297e-01,-4.265237400000000401e-01,-3.642042149061940348e-01
-6.329288049355764612e-01,-5.200196956465669151e-02,-4.278507611310344294e-01,-4.890251940470938807e-01,-7.399271502930458988e-01,-1.277061059557529910e-01,7.939011534309566853e-01,-1.957636599193596574e-02,7.351386202763466882e-01,3.414664231479523360e-01,-2.124069557987023071e-01,3.881699227079653952e-02,-1.633095881603943977e-01,-1.162247987402787244e-02,-6.141711494768212903e-02,1.830329933271458709e-01,-1.941625765059353526e-01,4.633662622514076457e-01,2.072815889924068400e-01,-7.480346530943137173e-01,-7.876754055000018129e-01,4.676922737459774382e-01,-5.395126680312802847e-01,-1.029966250854462417e-01,-4.263187894673781675e-01,2.144508946542569849e-01,-6.328264209053096057e-01,-1.104116253237749645e-02,1.015837734712106422e-01,2.877135009518079767e-01,6.932828282404244202e-01,8.542260340483269765e-01,-6.592806143347198500e-01,1.000000000000000000e+00,-8.401505710871324251e-01,4.986778249928417450e-01,2.032703874476836370e-01,6.514748400000001105e-01,7.481770848584023970e-01
5.667986821168352618e-01,1.849932052632100865e-01,9.358569838777755501e-02,1.906517512370798917e-01,6.624245812559624857e-01,7.160111547834782653e-02,-8.750349449649770239e-01,2.360254943971870634e-01,-5.849158974286674528e-01,-1.301838736750711434e-01,2.008999240717835033e-01,-7.112107713513199370e-02,2.141370126751913905e-01,1.810305486347335568e-01,-8.027876825107017889e-02,-1.047798298345080648e-01,3.270808070066729134e-01,-5.118199803117167157e-01,-3.489198677126360559e-01,6.649715760964902689e-01,7.679924323957723065e-01,-4.287394741621904926e-01,3.912883525399586393e-01,5.970999428391435271e-02,5.108342603550825034e-01,-2.630858298940865758e-01,7.769637287857907859e-01,-2.585074993316184566e-02,-4.875805247951654486e-01,-3.724455308881848836e-01,-6.457412425382953458e-01,-8.747458426092157291e-01,5.255315216815029666e-01,-8.401505710871324251e-01,1.000000000000000000e+00,-4.396283576889966072e-01,-2.557457144252980319e-01,-7.318932200000000110e-01,-6.899009180559810828e-01
-3.258418593762730242e-01,2.492395696397697868e-03,-3.380548465043509698e-01,-8.614850916919361556e-02,-5.647710031818837795e-01,5.683789172711152249e-01,3.322044917402715569e-01,4.986962572171261265e-01,6.873230348506063070e-01,-6.625969676308166023e-02,3.922278675763776201e-01,-3.846077693270105180e-01,1.454900327527250403e-01,1.786389452462262273e-01,4.860417234292714328e-01,-1.881317355136032654e-01,-5.251765110922365087e-01,1.184221462780828266e-01,-7.536410995604846119e-02,-6.921664549379390463e-01,-1.203050485267982694e-01,6.266826356795718311e-01,-4.223490486167376101e-01,5.377985403131583242e-01,1.476591658835855747e-01,1.997246432511031733e-01,-3.436556298977438417e-01,-1.971982008846968060e-01,-1.364365307793412585e-01,-1.331617973427381418e-01,1.266825400176552763e-01,4.106571288040239964e-01,8.221673017173419806e-02,4.986778249928417450e-01,-4.396283576889966072e-01,1.000000000000000000e+00,1.568211323111218525e-01,1.445994600000000130e-01,6.733465922239362245e-01
2.551227816322816921e-01,-1.299865197982161269e-02,-1.755920030235610246e-02,-1.283528990767776601e-01,1.829217043311718027e-01,-4.494776674987400328e-02,3.588767956535520148e-03,1.392773099849801688e-01,3.209639464556408028e-01,-9.687041771306292848e-02,3.254418597908991240e-01,-4.469492606572356141e-01,6.925820533569503334e-01,5.683388419362289667e-01,4.647725899997901533e-01,-3.099444520263321401e-01,1.551327040312283079e-01,7.767916112860340228e-01,4.044723053317420686e-02,-5.175056937923260270e-01,3.210758137103287418e-02,5.936266846500247718e-01,-7.216317880409449659e-01,3.521084360553303760e-01,3.021952974911915057e-01,-7.172963555177389594e-01,4.949062804647545374e-03,-7.240356764834069425e-01,1.742091914268297792e-01,-4.243552808681133048e-01,-2.992287799898017409e-01,1.050184056188033406e-02,-4.361619232071596297e-01,2.032703874476836370e-01,-2.557457144252980319e-01,1.568211323111218525e-01,1.000000000000000000e+00,-2.111565399999999482e-01,5.351403532914560390e-01
-5.939057800000000498e-01,-1.631880199999999892e-01,-9.786497999999999031e-02,-2.578745199999999960e-01,-5.570353800000000799e-01,-2.844940799999999825e-01,9.476858399999998905e-01,-5.900746599999999731e-01,2.615876599999999996e-01,4.089995399999999393e-01,-5.818623400000000334e-01,5.322278400000000076e-01,-6.789845800000000597e-01,-6.951771199999999817e-01,-4.532262000000000235e-01,5.628311999999999760e-01,-4.295178400000000396e-01,1.807518599999999864e-01,4.009930399999999118e-01,-1.767178799999999939e-01,-8.549966599999999639e-01,-1.182929200000000236e-01,1.562854799999999766e-01,-4.496689400000000170e-01,-9.225565399999999805e-01,6.959315600000000046e-01,-9.167970199999999625e-01,6.618244799999999373e-01,5.775618799999999720e-01,7.867645999999999251e-01,7.839028200000000002e-01,9.140594799999999243e-01,-4.265237400000000401e-01,6.514748400000001105e-01,-7.318932200000000110e-01,1.445994600000000130e-01,-2.111565399999999482e-01,1.000000000000000000e+00,2.132998600000000078e-01
-3.177104674261340689e-01,-2.395725492158166103e-01,-5.338615311128303009e-01,-3.748847878070508122e-01,-5.396285316902048601e-01,2.159975965512573870e-01,5.056383600140204049e-01,4.090972771012578724e-01,9.066522880574507948e-01,1.364036098686218779e-01,2.099207432392120598e-01,-3.880346442157825981e-01,3.892389117248872266e-01,4.638641898621851389e-01,4.579647085436989729e-01,-3.417839007965512987e-01,-2.544871204248251306e-01,4.491928133949112389e-01,1.089965241480358449e-01,-9.964030662386292869e-01,-2.900079526854149048e-01,9.190032293198520108e-01,-8.691276256493968289e-01,4.401988692343499210e-01,1.335269399487853947e-01,-1.247576131644600461e-01,-4.323483955092467523e-01,-4.651933263792988882e-01,-6.473313755176302031e-02,-3.099341735537847753e-01,2.891878867924000396e-01,5.870676002926191739e-01,-3.642042149061940348e-01,7.481770848584023970e-01,-6.899009180559810828e-01,6.733465922239362245e-01,5.351403532914560390e-01,2.132998600000000078e-01,1.000000000000000000e+00
