1.0,-0.22290243352382322,0.8117140614908529,0.12655165703905208,-0.59538483371324658,0.83793169965461878,-0.14079162069449661,-0.32571663992873723,-0.82931563000967068,-0.4775606488616273,0.17565436796826372,0.57627843846763471,0.20011766539122305,0.90266037216155792,0.10662229819079456,0.62396666978389914,-0.8332853419782601,0.2278047892255492,-0.58524280935584061,-0.066323054785849739,0.85466657715262351,0.039770695805490752,0.75805442981074533,-0.52283105653729367,0.82968405522110966,-0.50976022551993905,0.15859849879272314,-0.24250181956764527,-0.82186674243261171,-0.61288909794266,0.15283942580502441,-0.028995201057139725,-0.97674850000000002,0.15201438047709237,0.71603699149857791,-0.76403563997579971,0.84043558060122214,0.43921330124957036,0.15827038375823749
-0.22290243352382322,1.0,-0.60505378052690761,-0.19348614521768159,0.17252548708531112,-0.030859615105459398,0.049252290977131151,0.32461817642976687,-0.033813468904253199,0.11635232508417076,-0.57909089983977902,-0.0081375575214940182,-0.47377192669314017,-0.39227796220579325,0.20011251098649988,0.25646261333704407,0.50819561626874266,-0.14098149852738745,0.15757064119630598,-0.2604357102896333,-0.097255419240253549,0.18155522753132841,-0.30673233299587815,0.12937423026783634,-0.052601648961240782,0.68879017864914993,0.055451069460217363,0.57562741312973931,-0.21811398443737454,-0.17386162950135298,0.61907905821314957,0.50055266057757009,0.22634722000000007,0.41549128639045912,0.12510458713565248,-0.095393616880409274,-0.27105810981674555,0.052634832481332328,-0.35728774697668175
0.8117140614908529,-0.60505378052690761,1.0,0.28878065531995611,-0.34980828069937758,0.48251312406507135,-0.42668377418167341,-0.63278838738224652,-0.42124566804433594,-0.19428802128689271,0.62499175206169477,0.15041311359416559,0.26532440459421386,0.94342545935451438,-0.12728129515768674,0.35597252693747289,-0.94074651571364587,0.2147985489860221,-0.32815279664138997,0.15243076177823045,0.54357290120590673,-0.36516006559822567,0.78576855354409803,-0.38132279911478695,0.53678601268931114,-0.57564312513894134,0.17058841368722213,-0.28785778441648546,-0.42649440950188883,-0.13603912484159697,-0.35398702078773953,-0.2571340653743211,-0.79809847999999994,-0.33937146763876858,0.51323288290275515,-0.33393636077921213,0.67290018369813576,0.49872659265230895,0.060373494519708137
0.12655165703905208,-0.19348614521768159,0.28878065531995611,1.0,0.31114831598379949,-0.044380608423900403,0.038945883879503589,-0.74794035353490673,0.12878945899218602,-0.25257042066340657,0.22406168371065974,-0.24997394774092235,-0.6042253636114816,0.32865745962948589,-0.59577012679460872,0.15913341322868768,-0.43377163816801023,-0.035550650103541012,-0.47603986919505253,0.55446081017283033,0.1061561322401841,-0.27245407354471562,0.22811364446826662,0.27620903709723288,0.040507691830558343,-0.18067422375022135,-0.36729693435198907,-0.15607039795573327,0.046184230191175075,0.23202510845979196,-0.53504857299648156,0.19368276286922123,-0.15102749999999998,-0.32351064533594476,-0.0082384706849494629,0.10013523421965811,-0.04304077925200972,-0.16947062589094938,0.31157075120478195
-0.59538483371324658,0.17252548708531112,-0.34980828069937758,0.31114831598379949,1.0,-0.64814427334033553,-0.13788246553143726,-0.34971828551635603,0.69217438467355585,0.2806386305710154,0.13468867571054613,-0.57898291960750747,-0.39548781477132128,-0.40778449256943261,-0.29330252289556669,-0.24368677460940691,0.29594123948667511,-0.36702364155761297,0.29796935567241345,0.17863032244310606,-0.61939830258834838,-0.20428513847559981,-0.43826432303148688,0.56820377085083251,-0.61412610587014049,0.27546025012096947,-0.091770971078019181,0.18740169982113319,0.58623034547765096,0.62312478142760486,-0.47988439529283655,0.17518359049584351,0.5989487,-0.50332027972904148,-0.3450321212114521,0.64764758480369533,-0.65644785926601723,-0.17579718626842092,-0.059984362945745939
0.83793169965461878,-0.030859615105459398,0.48251312406507135,-0.044380608423900403,-0.64814427334033553,1.0,0.28752396500396249,-0.056057349962102952,-0.98081585842707009,-0.71708112241425359,-0.34067595044107274,0.74137342787244209,0.024286341005682499,0.66797676928695182,-0.038333088815771389,0.31382176791630173,-0.50738041100603892,0.4756078593644909,-0.57738873378553557,0.10153593476532445,0.98299622013968047,0.23911445781076041,0.66023932979598587,-0.76040520001957301,0.97660836157911968,-0.55948815889975001,-0.23312338154666579,-0.38563166060810633,-0.84426966353859811,-0.92416307679595688,0.54076479723912829,-0.058507501033903085,-0.89715171999999999,0.3011670173183808,0.49451872083414361,-0.98418465697427826,0.84164263475133516,0.0071338238692570275,0.32969933976371113
-0.14079162069449661,0.049252290977131151,-0.42668377418167341,0.038945883879503589,-0.13788246553143726,0.28752396500396249,1.0,0.38260444645888292,-0.2712928992616086,-0.5994493738915293,-0.77123496286105753,0.3974711023907615,-0.25276532486354392,-0.33466316602965807,-0.12258227995057031,-0.24966427459002161,0.39440193574877436,0.26842202931842357,-0.52436275020578305,0.2664023448173054,0.26497031620075484,0.59773219534122923,-0.14476328327303586,-0.12292907553400381,0.19842097006238749,-0.3044306902411969,-0.66246707236322055,-0.30075039378222895,-0.10799361585709689,-0.496314736011434,0.35847166554578513,0.16990586083694789,0.066997479999999943,0.44671434789036618,-0.43545660768107736,-0.37798060443882336,-0.059139128302343198,-0.85380643488592955,0.60859620528549341
-0.32571663992873723,0.32461817642976687,-0.63278838738224652,-0.74794035353490673,-0.34971828551635603,-0.056057349962102952,0.38260444645888292,1.0,-0.072530768260495343,0.046235924120461805,-0.52789392891434139,0.37139273090143882,0.38868505556343425,-0.63600399910529626,0.56035707213775354,-0.11530729964696328,0.65181500480712762,-0.14710204977253105,0.17751083498280662,-0.55881158336072034,-0.17940887226421404,0.62468036134931715,-0.46658977083865327,0.040603114676622747,-0.16239237855593155,0.31378919412574102,0.18950595722347705,0.11276516138995314,0.061333718673716162,-0.2655271472398284,0.58439726196534081,-0.023337075094438092,0.36274085999999994,0.66672456827968885,-0.13513546085009434,-0.075516000287571328,-0.13963447155849601,-0.18001774108898144,-0.0011124465018284568
-0.82931563000967068,-0.033813468904253199,-0.42124566804433594,0.12878945899218602,0.69217438467355585,-0.98081585842707009,-0.2712928992616086,-0.072530768260495343,1.0,0.71922561771429827,0.36063478846387625,-0.83528898118357831,-0.11970347737078395,-0.60039314967245538,-0.080050245663274275,-0.38610305847115478,0.47247864935749001,-0.33651598625531853,0.56205918845401381,0.07326975046312896,-0.94502130218291747,-0.36431601848921824,-0.57117326582014849,0.68288943951605707,-0.94655975064802822,0.47766054368586652,0.10262306311323666,0.37426593037165706,0.83467443337793756,0.94726816186019613,-0.59747482719497325,0.086219820429621258,0.86209730000000007,-0.40926205860357256,-0.58481247860373686,0.98581333245385472,-0.85512109370828759,-0.068937051677042532,-0.34445522561311187
-0.4775606488616273,0.11635232508417076,-0.19428802128689271,-0.25257042066340657,0.2806386305710154,-0.71708112241425359,-0.5994493738915293,0.046235924120461805,0.71922561771429827,1.0,0.47050470323819416,-0.76472051641593686,0.13252750581164041,-0.32543678618934624,0.32067192687530338,-0.076231693580886495,0.35411038253948457,-0.097619036054308564,0.6964255248745872,-0.18664388258705061,-0.72728787983610399,-0.55158345395886932,-0.2664710024896168,0.32208536381288821,-0.7033729461224153,0.62005036568150729,0.45624069690587171,0.71494212401335799,0.37297346046179314,0.75890033673535318,-0.29988423758482297,0.24457589073750732,0.53809891999999993,-0.15950258242281509,-0.25991270420772244,0.74485654039305149,-0.59698930540514417,0.4514803669877504,-0.85516858501812021
0.17565436796826372,-0.57909089983977902,0.62499175206169477,0.22406168371065974,0.13468867571054613,-0.34067595044107274,-0.77123496286105753,-0.52789392891434139,0.36063478846387625,0.47050470323819416,1.0,-0.40111753661938099,0.40169304011047791,0.41145776602442308,0.063795733954555123,0.18873806664785461,-0.55343227774099291,-0.24494507074073671,0.19901233486640621,-0.095782844310000864,-0.27530655430535028,-0.53909543655979397,0.20245278261417332,0.24430175325399484,-0.27833936707401585,-0.051261538481734724,0.54067844063961379,0.064261890850674339,0.22865126262999574,0.62722686871058764,-0.78763928353105495,-0.20151131851053727,-0.083838659999999954,-0.50356493668288749,0.21837029060629762,0.47881030921631867,0.021126856271446882,0.64201164911982278,-0.29358784855194858
0.57627843846763471,-0.0081375575214940182,0.15041311359416559,-0.24997394774092235,-0.57898291960750747,0.74137342787244209,0.3974711023907615,0.37139273090143882,-0.83528898118357831,-0.76472051641593686,-0.40111753661938099,1.0,0.36745144831570387,0.24350335168890572,0.25068100501469132,0.31455974218804178,-0.27145981238037786,-0.077222529324735514,-0.51833805539684819,-0.39276840457896739,0.67579727904307596,0.74733705272661921,0.17229628125901744,-0.32597115445840108,0.66824448890556865,-0.42256831656401772,0.074077501735211174,-0.53510109321428612,-0.51577708161660873,-0.84593364794729886,0.5219415103026388,-0.24803144985796316,-0.55109461999999998,0.533611421870122,0.53922408177282966,-0.79611521237582383,0.70820522758169635,-0.049602564403063674,0.60037493494134642
0.20011766539122305,-0.47377192669314017,0.26532440459421386,-0.6042253636114816,-0.39548781477132128,0.024286341005682499,-0.25276532486354392,0.38868505556343425,-0.11970347737078395,0.13252750581164041,0.40169304011047791,0.36745144831570387,1.0,0.061759778270471515,0.60358553390966774,0.075581642583746847,-0.16625470824756988,-0.27571081674539433,0.17198377806739998,-0.65165394150446276,-0.056866776020706583,0.26760317582610449,-0.064365784438787599,-0.040628062898991353,-0.044749992803642287,-0.21926538120246489,0.65854771117420785,-0.22397448892245905,0.044875328195007939,-0.024418942656062037,-0.095548009877782142,-0.47085873778230086,-0.090227680000000032,0.1603342754015554,0.26980275106247892,0.0076268577492420364,0.29650217968769021,0.41658169056743644,0.011189119281916127
0.90266037216155792,-0.39227796220579325,0.94342545935451438,0.32865745962948589,-0.40778449256943261,0.66797676928695182,-0.33466316602965807,-0.63600399910529626,-0.60039314967245538,-0.32543678618934624,0.41145776602442308,0.24350335168890572,0.061759778270471515,1.0,-0.18797030787428023,0.42241743216831257,-0.93057471391751501,0.33805656340386997,-0.41350013123991364,0.2298531641995018,0.73423430385501975,-0.33884847727973105,0.84557612297467588,-0.53222782664752255,0.72509225684217671,-0.53936117423953656,0.033530364883592463,-0.26103436529582591,-0.62426781430348388,-0.34253127031059716,-0.12032611790277228,-0.13032104457634724,-0.91908774000000004,-0.22612000009781918,0.57772072348213266,-0.5405039456071653,0.75283381095902469,0.44047375391921573,0.053607870352858931
0.10662229819079456,0.20011251098649988,-0.12728129515768674,-0.59577012679460872,-0.29330252289556669,-0.038333088815771389,-0.12258227995057031,0.56035707213775354,-0.080050245663274275,0.32067192687530338,0.063795733954555123,0.25068100501469132,0.60358553390966774,-0.18797030787428023,1.0,0.53579606026674453,0.18932078862892815,-0.35945674866603317,-0.012764559888248509,-0.84119238965442333,-0.13955914302148853,0.44054827989371892,-0.30059684803981801,0.20110109000312484,-0.2013846944749467,0.24399991203062979,0.74084994227160972,0.45761574349301498,-0.27894037796500615,-0.056179391867254069,0.21496898886627808,0.31137975894219677,0.061200820000000045,0.62984564197716297,0.19039632320972083,-0.011628538556112733,-0.1190148860236457,0.46198824202204142,-0.33607174542046248
0.62396666978389914,0.25646261333704407,0.35597252693747289,0.15913341322868768,-0.24368677460940691,0.31382176791630173,-0.24966427459002161,-0.11530729964696328,-0.38610305847115478,-0.076231693580886495,0.18873806664785461,0.31455974218804178,0.075581642583746847,0.42241743216831257,0.53579606026674453,1.0,-0.44816227682078141,-0.3406638289065706,-0.53227532164307967,-0.50772817276011895,0.30952205962345103,0.23246527967434055,0.23895926904433551,0.18699760494827083,0.24398344735692795,0.1232849938705394,0.56449229600371542,0.37188052953100226,-0.64624557996082921,-0.20502548933910369,0.058928336474633705,0.48768247582604618,-0.476553,0.44853811909467312,0.66139390132440601,-0.3171080790570161,0.23892184865009872,0.61954053571478784,-0.12877489069452042
-0.8332853419782601,0.50819561626874266,-0.94074651571364587,-0.43377163816801023,0.29594123948667511,-0.50738041100603892,0.39440193574877436,0.65181500480712762,0.47247864935749001,0.35411038253948457,-0.55343227774099291,-0.27145981238037786,-0.16625470824756988,-0.93057471391751501,0.18932078862892815,-0.44816227682078141,1.0,-0.036351969245865562,0.43138177511680542,-0.1044475467989015,-0.58984270737203948,0.22180803455565046,-0.69410048961226301,0.26936692472707841,-0.5698408357481084,0.53732706853730472,-0.16374896701064479,0.39264847174203082,0.41075857296720358,0.19381611188807868,0.31395327397505635,0.26125437152176201,0.80884946000000002,0.30232322395652106,-0.62757245419474539,0.38367929435048798,-0.70971749902920167,-0.45538760692807556,-0.22604869260005767
0.2278047892255492,-0.14098149852738745,0.2147985489860221,-0.035550650103541012,-0.36702364155761297,0.4756078593644909,0.26842202931842357,-0.14710204977253105,-0.33651598625531853,-0.097619036054308564,-0.24494507074073671,-0.077222529324735514,-0.27571081674539433,0.33805656340386997,-0.35945674866603317,-0.3406638289065706,-0.036351969245865562,1.0,-0.063162424017969968,0.68607323438682455,0.49950181962049311,-0.43525911591914496,0.5996992059176206,-0.81497334521061993,0.5099183219837754,-0.32028352241925234,-0.63586696466642356,-0.047157555534832647,-0.39807106125997999,-0.36701597700590338,0.29059216121790182,0.094496419621988362,-0.39068619999999998,-0.061676585734849659,-0.26779763131433226,-0.41888368771963053,0.26698099501969713,-0.2765946292647305,-0.1591936660515563
-0.58524280935584061,0.15757064119630598,-0.32815279664138997,-0.47603986919505253,0.29796935567241345,-0.57738873378553557,-0.52436275020578305,0.17751083498280662,0.56205918845401381,0.6964255248745872,0.19901233486640621,-0.51833805539684819,0.17198377806739998,-0.41350013123991364,-0.012764559888248509,-0.53227532164307967,0.43138177511680542,-0.063162424017969968,1.0,-0.11621114031544255,-0.62220235995822237,-0.45255680031869056,-0.35918214549517363,0.050782710478469079,-0.49949574300208061,0.48472814199910175,0.24008505526930801,0.23157937053512356,0.56899294078634632,0.50581203407860831,-0.028474600117636032,-0.33449524235182648,0.55616255999999997,-0.36862833721332033,-0.19527711324988489,0.57985038900432184,-0.33239215304664638,0.21929504336893857,-0.58264579374449765
-0.066323054785849739,-0.2604357102896333,0.15243076177823045,0.55446081017283033,0.17863032244310606,0.10153593476532445,0.2664023448173054,-0.55881158336072034,0.07326975046312896,-0.18664388258705061,-0.095782844310000864,-0.39276840457896739,-0.65165394150446276,0.2298531641995018,-0.84119238965442333,-0.50772817276011895,-0.1044475467989015,0.68607323438682455,-0.11621114031544255,1.0,0.21300865157275967,-0.53834956530554823,0.38524515407116977,-0.36613602805970707,0.20187002556490113,-0.33590554123686811,-0.86957389219134185,-0.22920200618050313,0.073029625537499476,0.038059492362652048,-0.18731903942930495,0.014477438279444033,-0.10937293999999997,-0.50743694918661864,-0.47479478348974202,-0.032215364906421157,-0.029297869410763455,-0.54412231128189226,0.14118640985706499
0.85466657715262351,-0.097255419240253549,0.54357290120590673,0.1061561322401841,-0.61939830258834838,0.98299622013968047,0.26497031620075484,-0.17940887226421404,-0.94502130218291747,-0.72728787983610399,-0.27530655430535028,0.67579727904307596,-0.056866776020706583,0.73423430385501975,-0.13955914302148853,0.30952205962345103,-0.58984270737203948,0.49950181962049311,-0.62220235995822237,0.21300865157275967,1.0,0.15621852771138428,0.7004202837216208,-0.74712907071774026,0.9745789471916243,-0.60143880631676006,-0.29694824951218268,-0.41957985604805548,-0.82206741090678637,-0.86768671709353085,0.45141400657196445,-0.044667018324969873,-0.92137444000000002,0.22496677028193302,0.46239423860494511,-0.95218475727231133,0.83098938356375407,-0.016015391137007635,0.35155112402890565
0.039770695805490752,0.18155522753132841,-0.36516006559822567,-0.27245407354471562,-0.20428513847559981,0.23911445781076041,0.59773219534122923,0.62468036134931715,-0.36431601848921824,-0.55158345395886932,-0.53909543655979397,0.74733705272661921,0.26760317582610449,-0.33884847727973105,0.44054827989371892,0.23246527967434055,0.22180803455565046,-0.43525911591914496,-0.45255680031869056,-0.53834956530554823,0.15621852771138428,1.0,-0.40902698027726386,0.21031097683825287,0.097283151837212353,-0.12765640256925789,0.10178523538136076,-0.26880025474010083,-0.1299783164608278,-0.50183940391446502,0.40470601878829554,-0.00098611788826945355,0.038557560000000102,0.62430030633458033,0.11038524781050098,-0.36262568826466485,0.086466113837671082,-0.31313722613253991,0.60497188138384228
0.75805442981074533,-0.30673233299587815,0.78576855354409803,0.22811364446826662,-0.43826432303148688,0.66023932979598587,-0.14476328327303586,-0.46658977083865327,-0.57117326582014849,-0.2664710024896168,0.20245278261417332,0.17229628125901744,-0.064365784438787599,0.84557612297467588,-0.30059684803981801,0.23895926904433551,-0.69410048961226301,0.5996992059176206,-0.35918214549517363,0.38524515407116977,0.7004202837216208,-0.40902698027726386,1.0,-0.62673718116652299,0.7338610537613145,-0.42992166971990825,-0.17151138406882607,-0.1514038384974446,-0.60591961452085885,-0.38189879463918541,0.0033242174763691771,-0.031392216338200919,-0.82645873999999997,-0.15026362650063779,0.43124298071574785,-0.55142959990427676,0.69398519148186921,0.28178058831197134,-0.010181943925216874
-0.52283105653729367,0.12937423026783634,-0.38132279911478695,0.27620903709723288,0.56820377085083251,-0.76040520001957301,-0.12292907553400381,0.040603114676622747,0.68288943951605707,0.32208536381288821,0.24430175325399484,-0.32597115445840108,-0.040628062898991353,-0.53222782664752255,0.20110109000312484,0.18699760494827083,0.26936692472707841,-0.81497334521061993,0.050782710478469079,-0.36613602805970707,-0.74712907071774026,0.21031097683825287,-0.62673718116652299,1.0,-0.7852692750971928,0.45812981868329861,0.38159299182782186,0.28987651455951791,0.5764219847462082,0.67009436402389144,-0.5146234147640395,0.20614591322111034,0.65854762,-0.020061253750594841,-0.13029418872491269,0.70915565572789441,-0.65065720868306831,0.05027814061355227,0.041038290851333814
0.82968405522110966,-0.052601648961240782,0.53678601268931114,0.040507691830558343,-0.61412610587014049,0.97660836157911968,0.19842097006238749,-0.16239237855593155,-0.94655975064802822,-0.7033729461224153,-0.27833936707401585,0.66824448890556865,-0.044749992803642287,0.72509225684217671,-0.2013846944749467,0.24398344735692795,-0.5698408357481084,0.5099183219837754,-0.49949574300208061,0.20187002556490113,0.9745789471916243,0.097283151837212353,0.7338610537613145,-0.7852692750971928,1.0,-0.52733499569468667,-0.27896593605775272,-0.43041628578895713,-0.78106792728217689,-0.87016441917796761,0.48492807771173158,-0.14945117213237763,-0.91223803999999997,0.16975667903361502,0.53986578476756109,-0.94646549449612272,0.89085543959716595,0.03220344538296286,0.31531561776127059
-0.50976022551993905,0.68879017864914993,-0.57564312513894134,-0.18067422375022135,0.27546025012096947,-0.55948815889975001,-0.3044306902411969,0.31378919412574102,0.47766054368586652,0.62005036568150729,-0.051261538481734724,-0.42256831656401772,-0.21926538120246489,-0.53936117423953656,0.24399991203062979,0.1232849938705394,0.53732706853730472,-0.32028352241925234,0.48472814199910175,-0.33590554123686811,-0.60143880631676006,-0.12765640256925789,-0.42992166971990825,0.45812981868329861,-0.52733499569468667,1.0,0.34201956339136186,0.73102902756382704,0.25276986838154603,0.41559244524451955,0.14854539047575321,0.39282809075902669,0.5591572199999999,0.19417045802862015,0.0099870337423685479,0.47524807796573043,-0.52779555083949681,0.26750376608704585,-0.5961502623316739
0.15859849879272314,0.055451069460217363,0.17058841368722213,-0.36729693435198907,-0.091770971078019181,-0.23312338154666579,-0.66246707236322055,0.18950595722347705,0.10262306311323666,0.45624069690587171,0.54067844063961379,0.074077501735211174,0.65854771117420785,0.033530364883592463,0.74084994227160972,0.56449229600371542,-0.16374896701064479,-0.63586696466642356,0.24008505526930801,-0.86957389219134185,-0.29694824951218268,0.10178523538136076,-0.17151138406882607,0.38159299182782186,-0.27896593605775272,0.34201956339136186,1.0,0.34609829416394833,-0.02563406580855259,0.26647939577714896,-0.15627173473875725,-0.026154382868491758,0.026535100000000034,0.19567239170662701,0.53607642140903566,0.24080702628254996,0.026026049186223463,0.84073342024355191,-0.39452345412862161
-0.24250181956764527,0.57562741312973931,-0.28785778441648546,-0.15607039795573327,0.18740169982113319,-0.38563166060810633,-0.30075039378222895,0.11276516138995314,0.37426593037165706,0.71494212401335799,0.064261890850674339,-0.53510109321428612,-0.22397448892245905,-0.26103436529582591,0.45761574349301498,0.37188052953100226,0.39264847174203082,-0.047157555534832647,0.23157937053512356,-0.22920200618050313,-0.41957985604805548,-0.26880025474010083,-0.1514038384974446,0.28987651455951791,-0.43041628578895713,0.73102902756382704,0.34609829416394833,1.0,-0.12785501312756678,0.37825072522541847,0.0674824381105322,0.7438992376333412,0.31420705999999998,0.25320761008671283,-0.11320532345463119,0.35468854368711999,-0.5715369020783081,0.39312109153768593,-0.81974585852723869
-0.82186674243261171,-0.21811398443737454,-0.42649440950188883,0.046184230191175075,0.58623034547765096,-0.84426966353859811,-0.10799361585709689,0.061333718673716162,0.83467443337793756,0.37297346046179314,0.22865126262999574,-0.51577708161660873,0.044875328195007939,-0.62426781430348388,-0.27894037796500615,-0.64624557996082921,0.41075857296720358,-0.39807106125997999,0.56899294078634632,0.073029625537499476,-0.82206741090678637,-0.1299783164608278,-0.60591961452085885,0.5764219847462082,-0.78106792728217689,0.25276986838154603,-0.02563406580855259,-0.12785501312756678,1.0,0.73753155744227661,-0.50863591825711951,-0.3798811166359482,0.81736848000000006,-0.49850107814691375,-0.50706214689744655,0.83357097780633393,-0.58350894257629338,-0.28834463161495955,0.079309420123611751
-0.61288909794266,-0.17386162950135298,-0.13603912484159697,0.23202510845979196,0.62312478142760486,-0.92416307679595688,-0.496314736011434,-0.2655271472398284,0.94726816186019613,0.75890033673535318,0.62722686871058764,-0.84593364794729886,-0.024418942656062037,-0.34253127031059716,-0.056179391867254069,-0.20502548933910369,0.19381611188807868,-0.36701597700590338,0.50581203407860831,0.038059492362652048,-0.86768671709353085,-0.50183940391446502,-0.38189879463918541,0.67009436402389144,-0.87016441917796761,0.41559244524451955,0.26647939577714896,0.37825072522541847,0.73753155744227661,1.0,-0.75565098832743871,0.055741894653045021,0.67258400000000007,-0.49262707481654466,-0.38515705139140965,0.97254204432492497,-0.7088139871775887,0.18138456348903431,-0.40679880729053458
0.15283942580502441,0.61907905821314957,-0.35398702078773953,-0.53504857299648156,-0.47988439529283655,0.54076479723912829,0.35847166554578513,0.58439726196534081,-0.59747482719497325,-0.29988423758482297,-0.78763928353105495,0.5219415103026388,-0.095548009877782142,-0.12032611790277228,0.21496898886627808,0.058928336474633705,0.31395327397505635,0.29059216121790182,-0.028474600117636032,-0.18731903942930495,0.45141400657196445,0.40470601878829554,0.0033242174763691771,-0.5146234147640395,0.48492807771173158,0.14854539047575321,-0.15627173473875725,0.0674824381105322,-0.50863591825711951,-0.75565098832743871,1.0,0.11848286528434765,-0.21152088000000002,0.58521322500773931,0.15917834613379345,-0.65266759191690049,0.28518771685681871,-0.14207187532493573,-0.04367149320915617
-0.028995201057139725,0.50055266057757009,-0.2571340653743211,0.19368276286922123,0.17518359049584351,-0.058507501033903085,0.16990586083694789,-0.023337075094438092,0.086219820429621258,0.24457589073750732,-0.20151131851053727,-0.24803144985796316,-0.47085873778230086,-0.13032104457634724,0.31137975894219677,0.48768247582604618,0.26125437152176201,0.094496419621988362,-0.33449524235182648,0.014477438279444033,-0.044667018324969873,-0.00098611788826945355,-0.031392216338200919,0.20614591322111034,-0.14945117213237763,0.39282809075902669,-0.026154382868491758,0.7438992376333412,-0.3798811166359482,0.055741894653045021,0.11848286528434765,1.0,0.077674519999999969,0.4368304463974742,-0.16475756805071137,0.016119117940619054,-0.45377002310080494,0.024050292944186084,-0.3845203096351606
-0.97674850000000002,0.22634722000000007,-0.79809847999999994,-0.15102749999999998,0.5989487,-0.89715171999999999,0.066997479999999943,0.36274085999999994,0.86209730000000007,0.53809891999999993,-0.083838659999999954,-0.55109461999999998,-0.090227680000000032,-0.91908774000000004,0.061200820000000045,-0.476553,0.80884946000000002,-0.39068619999999998,0.55616255999999997,-0.10937293999999997,-0.92137444000000002,0.038557560000000102,-0.82645873999999997,0.65854762,-0.91223803999999997,0.5591572199999999,0.026535100000000034,0.31420705999999998,0.81736848000000006,0.67258400000000007,-0.21152088000000002,0.077674519999999969,1.0,-0.08116599999999996,-0.64313131999999995,0.81968736000000009,-0.87778296,-0.31592741999999996,-0.18632181999999997
0.15201438047709237,0.41549128639045912,-0.33937146763876858,-0.32351064533594476,-0.50332027972904148,0.3011670173183808,0.44671434789036618,0.66672456827968885,-0.40926205860357256,-0.15950258242281509,-0.50356493668288749,0.533611421870122,0.1603342754015554,-0.22612000009781918,0.62984564197716297,0.44853811909467312,0.30232322395652106,-0.061676585734849659,-0.36862833721332033,-0.50743694918661864,0.22496677028193302,0.62430030633458033,-0.15026362650063779,-0.020061253750594841,0.16975667903361502,0.19417045802862015,0.19567239170662701,0.25320761008671283,-0.49850107814691375,-0.49262707481654466,0.58521322500773931,0.4368304463974742,-0.08116599999999996,1.0,0.16346336785450483,-0.41196229227837383,0.061180287704709707,0.0022561409492532093,-0.0052217066071869045
0.71603699149857791,0.12510458713565248,0.51323288290275515,-0.0082384706849494629,-0.3450321212114521,0.49451872083414361,-0.43545660768107736,-0.13513546085009434,-0.58481247860373686,-0.25991270420772244,0.21837029060629762,0.53922408177282966,0.26980275106247892,0.57772072348213266,0.19039632320972083,0.66139390132440601,-0.62757245419474539,-0.26779763131433226,-0.19527711324988489,-0.47479478348974202,0.46239423860494511,0.11038524781050098,0.43124298071574785,-0.13029418872491269,0.53986578476756109,0.0099870337423685479,0.53607642140903566,-0.11320532345463119,-0.50706214689744655,-0.38515705139140965,0.15917834613379345,-0.16475756805071137,-0.64313131999999995,0.16346336785450483,1.0,-0.47494061770407836,0.72398624215519991,0.69278090628481082,0.038362458894103169
-0.76403563997579971,-0.095393616880409274,-0.33393636077921213,0.10013523421965811,0.64764758480369533,-0.98418465697427826,-0.37798060443882336,-0.075516000287571328,0.98581333245385472,0.74485654039305149,0.47881030921631867,-0.79611521237582383,0.0076268577492420364,-0.5405039456071653,-0.011628538556112733,-0.3171080790570161,0.38367929435048798,-0.41888368771963053,0.57985038900432184,-0.032215364906421157,-0.95218475727231133,-0.36262568826466485,-0.55142959990427676,0.70915565572789441,-0.94646549449612272,0.47524807796573043,0.24080702628254996,0.35468854368711999,0.83357097780633393,0.97254204432492497,-0.65266759191690049,0.016119117940619054,0.81968736000000009,-0.41196229227837383,-0.47494061770407836,1.0,-0.7889671590288051,0.058319306777332255,-0.35739057587263218
0.84043558060122214,-0.27105810981674555,0.67290018369813576,-0.04304077925200972,-0.65644785926601723,0.84164263475133516,-0.059139128302343198,-0.13963447155849601,-0.85512109370828759,-0.59698930540514417,0.021126856271446882,0.70820522758169635,0.29650217968769021,0.75283381095902469,-0.1190148860236457,0.23892184865009872,-0.70971749902920167,0.26698099501969713,-0.33239215304664638,-0.029297869410763455,0.83098938356375407,0.086466113837671082,0.69398519148186921,-0.65065720868306831,0.89085543959716595,-0.52779555083949681,0.026026049186223463,-0.5715369020783081,-0.58350894257629338,-0.7088139871775887,0.28518771685681871,-0.45377002310080494,-0.87778296,0.061180287704709707,0.72398624215519991,-0.7889671590288051,1.0,0.26493649018943172,0.34042349026263535
0.43921330124957036,0.052634832481332328,0.49872659265230895,-0.16947062589094938,-0.17579718626842092,0.0071338238692570275,-0.85380643488592955,-0.18001774108898144,-0.068937051677042532,0.4514803669877504,0.64201164911982278,-0.049602564403063674,0.41658169056743644,0.44047375391921573,0.46198824202204142,0.61954053571478784,-0.45538760692807556,-0.2765946292647305,0.21929504336893857,-0.54412231128189226,-0.016015391137007635,-0.31313722613253991,0.28178058831197134,0.05027814061355227,0.03220344538296286,0.26750376608704585,0.84073342024355191,0.39312109153768593,-0.28834463161495955,0.18138456348903431,-0.14207187532493573,0.024050292944186084,-0.31592741999999996,0.0022561409492532093,0.69278090628481082,0.058319306777332255,0.26493649018943172,1.0,-0.57898320845368478
0.15827038375823749,-0.35728774697668175,0.060373494519708137,0.31157075120478195,-0.059984362945745939,0.32969933976371113,0.60859620528549341,-0.0011124465018284568,-0.34445522561311187,-0.85516858501812021,-0.29358784855194858,0.60037493494134642,0.011189119281916127,0.053607870352858931,-0.33607174542046248,-0.12877489069452042,-0.22604869260005767,-0.1591936660515563,-0.58264579374449765,0.14118640985706499,0.35155112402890565,0.60497188138384228,-0.010181943925216874,0.041038290851333814,0.31531561776127059,-0.5961502623316739,-0.39452345412862161,-0.81974585852723869,0.079309420123611751,-0.40679880729053458,-0.04367149320915617,-0.3845203096351606,-0.18632181999999997,-0.0052217066071869045,0.038362458894103169,-0.35739057587263218,0.34042349026263535,-0.57898320845368478,1.0
