1.0,-0.51725327463832682,0.23226241003353057,0.71252404751394904,-0.083815250354640825,-0.23514690262834292,0.1175635476857561,-0.5005379362672282,0.43246407096900608,0.097742388968819455,-0.11066479505118462,0.25578214333886012,-0.0050188737632485434,-0.032298194921019978,-0.10862391421832675,0.41109405782836916,-0.21820459784437743,0.13615854507119032,0.52405543755059769,0.47724848966083389,0.29622125493048063,0.69823478697086494,0.12960912582278139,0.69962831310735596,-0.3032178357711604,-0.21188677933631578,0.51768997138069239,-0.20673927515208831,0.27730561958669664,0.33066121097575557,-0.37119582082957103,0.38570527711756925,-0.19515705999999999,0.0080381093387671271,0.18157886491018677,-0.26015916354959101,0.06160576030310988,-0.135037899264978,-0.35411763021644865
-0.51725327463832682,1.0,0.25102299761429175,-0.58736278896783611,-0.24427810583656098,0.29927609600930005,-0.48820595979382092,0.8767578314551695,-0.47398124146584786,-0.76217377226253424,0.23286715702891242,-0.25501380835909027,0.14950319663224187,0.15564118770315902,-0.23947828523257947,0.23051408530512862,0.76492812385677955,-0.40652650499142545,-0.86379640645786293,-0.6370895446106577,0.33380333032759107,-0.16419168881217833,-0.1660846994856767,-0.59402610615598028,-0.1518264105189788,-0.16776278406351519,-0.79274498534390769,0.72768100930842183,-0.71565718379722565,-0.80811689497380879,0.92090745828065856,-0.95370154887319647,0.072559059999999898,-0.23180492455620896,-0.13060908512731878,0.73775592555659286,0.47749858224207692,-0.1158337061957963,0.22129299981665651
0.23226241003353057,0.25102299761429175,1.0,-0.041119574880553983,-0.16469476042277492,-0.10098614003991679,-0.28077131616642897,0.16973837616247872,-0.0015972709575549195,-0.32785145361544488,0.055437207325241142,0.059302473617455026,0.25561285932257982,0.1021074436745575,-0.28773322096308884,0.40582734554263328,0.33767128986130329,-0.099218545232031649,-0.14260329528377802,0.012872698783919849,0.45127933528221559,0.17494849943517068,-0.10437238068542064,0.21857061634309233,-0.43816212382369135,-0.33615055960152507,-0.15946097132353432,0.29418244227060703,-0.26193049031473892,-0.015152434305834461,0.30507983325964133,-0.3078496959758435,-0.12297327999999996,-0.31126562137335639,0.097473799780591258,0.34001230153603962,0.31675028658867854,-0.13294565108053719,-0.28807262372626646
0.71252404751394904,-0.58736278896783611,-0.041119574880553983,1.0,-0.27320464442433384,-0.26233298825402879,-0.17568106718141452,-0.58589899844802995,0.56955888603132587,0.014988644473827389,-0.39006283803590164,0.42789801316447068,-0.24803692414786738,0.1896719009712772,-0.18616988877908655,0.44138881266499569,-0.11452927014850484,-0.24972500480100607,0.70084785006750605,0.30722300872822839,0.40519418028001714,0.56949961391671799,0.26750899594191185,0.33428349439093302,0.072368739877141097,0.026038577472272117,0.47342925312027023,-0.39947233293229883,0.0515369068167068,0.41260009639816597,-0.32666232053610544,0.40817730498952892,-0.43248036000000001,0.29575576224735256,0.35158533763727734,-0.66061128615730236,-0.039537017935353871,-0.48216684459641518,-0.23437935094167697
-0.083815250354640825,-0.24427810583656098,-0.16469476042277492,-0.27320464442433384,1.0,0.62903886193376202,0.45503492009034213,-0.10646064647448231,-0.7058242405120656,0.60279613352292538,0.80631953969744652,-0.76387290832406829,0.72746773849053803,-0.95179524705487284,0.50970511587962342,-0.79841923229750433,-0.39937622379212639,0.83072435447707349,-0.2724323853849413,0.66889638190241374,-0.6570947109107349,-0.080304467149175884,0.45400068096126833,0.30775447495900737,-0.56733478896711387,-0.25840116316063844,0.6225953079965334,0.27600901010428369,0.70783009995855528,0.35997829682455146,-0.52059252650800225,0.50897916853220981,0.93851201999999989,0.11461997082492095,-0.85344811320121072,-0.011072178755311291,-0.75356100653144353,0.87219847269112472,-0.28712504477296447
-0.23514690262834292,0.29927609600930005,-0.10098614003991679,-0.26233298825402879,0.62903886193376202,1.0,-0.057309680212339592,0.27760265788144217,-0.78397765906253314,0.02490385734669695,0.7154234018954877,-0.74373260080446424,0.55782227808337859,-0.67356523115525269,0.29036084665764278,-0.35517585922768991,0.21172250820371821,0.20660839663454056,-0.62699158582005587,0.082812123172389548,-0.071605473102821005,-0.14776929258623148,0.61962970307616838,-0.29872830523912786,-0.61736315330288749,-0.16478570178542251,0.19232142065919286,0.67723709946865474,0.041134457472761926,-0.11137664444267159,0.1365200992340882,-0.12161652935287734,0.73717462,-0.0019385641684753763,-0.75001224774087705,0.13290800473714931,-0.46322585043319398,0.38632602810276284,-0.0028288354040820335
0.1175635476857561,-0.48820595979382092,-0.28077131616642897,-0.17568106718141452,0.45503492009034213,-0.057309680212339592,1.0,-0.27788952004590728,0.055648161004555614,0.74803557008077526,0.035254468055992222,-0.0489130158032198,0.013636898762804918,-0.24624336673035072,0.49561711162408834,-0.64590929016426712,-0.87208066174210841,0.5462309122383916,0.26868574111121357,0.32802175336784661,-0.48842602055135936,-0.29641332645913909,-0.27606094481186116,0.30501787158508642,-0.11389720975527022,0.26601230238053264,0.2867677827844764,-0.42331277540486228,0.85150270563941399,0.57430658424305869,-0.69164785531600537,0.57488806988739916,0.27282658000000004,-0.26282484851844762,-0.02354352087632279,0.10736200044607588,-0.38825086238485462,0.6591355083012107,0.069611366917787965
-0.5005379362672282,0.8767578314551695,0.16973837616247872,-0.58589899844802995,-0.10646064647448231,0.27760265788144217,-0.27788952004590728,1.0,-0.53579509117798207,-0.63305650369666966,0.32888448686082478,-0.4325795866317636,0.33645945841265551,0.044068569915629859,-0.35189030189516363,0.10447280990792235,0.49227019630556917,-0.29998486919065442,-0.81486172360672149,-0.50469786529582383,0.24833045613576249,-0.067211630964355354,-0.11564631452602681,-0.42561273906234254,-0.27747896018467244,-0.33682069269864745,-0.73419084385044919,0.59794895078512222,-0.49651739926391208,-0.69852255460073875,0.69568292630961637,-0.78540687946580012,0.19370678000000008,-0.098204726449038951,-0.21804910212932718,0.68552908500565568,0.48200253310781449,0.11850889173668495,-0.030387310504392372
0.43246407096900608,-0.47398124146584786,-0.0015972709575549195,0.56955888603132587,-0.7058242405120656,-0.78397765906253314,0.055648161004555614,-0.53579509117798207,1.0,0.05858551381987355,-0.91292347360401638,0.90063634359653211,-0.80605927475364425,0.7635428968717628,-0.15943192075858298,0.47865947215541832,-0.24376176275775271,-0.41685510756343291,0.83770582856018627,-0.17950092996226188,0.32563174177122689,0.077464020581503062,-0.43399871250575539,0.12998944752464578,0.62304377501641495,0.46157353662120293,-0.043991459478263661,-0.79503712746311506,-0.07097698359194482,0.24807343167949633,-0.19770499423690419,0.20656824086935421,-0.88396728000000002,-0.10903015106590776,0.89945513087000994,-0.39626927335265577,0.30082186872696881,-0.62611797710016048,0.22888428438838365
0.097742388968819455,-0.76217377226253424,-0.32785145361544488,0.014988644473827389,0.60279613352292538,0.02490385734669695,0.74803557008077526,-0.63305650369666966,0.05858551381987355,1.0,0.11035254718007489,-0.1392243064727938,0.088041351455624278,-0.42603363075672129,0.42986643837879396,-0.6559298688675359,-0.88158706367425566,0.69278916138008095,0.462896541563802,0.48991050014663817,-0.59777524353775913,-0.23189746650699905,0.16189769800896867,0.41951090156095061,0.0032097625978031799,0.15696703810902113,0.64218498921929146,-0.53009066874977695,0.83955873306430673,0.70237479514181267,-0.89650597422429323,0.85709093061439512,0.34007323999999994,-0.12748573695679982,-0.20291398206108302,-0.41655838472139006,-0.61471398621198547,0.56386686709050171,-0.12954136153251003
-0.11066479505118462,0.23286715702891242,0.055437207325241142,-0.39006283803590164,0.80631953969744652,0.7154234018954877,0.035254468055992222,0.32888448686082478,-0.91292347360401638,0.11035254718007489,1.0,-0.94747991498928208,0.93242300541184697,-0.90965068694733953,0.10350285118156395,-0.42097121264399717,0.079381769381922151,0.63550132118531677,-0.66527289484664176,0.42910633972949136,-0.35770575076190786,0.21194156810303905,0.55550326440616771,0.24939781297362396,-0.75039196302357303,-0.65470223501120584,0.31382012943803766,0.70160852032944121,0.26840999218635037,-0.15349944581985736,-0.045261112215761783,0.028678011359951839,0.94321772000000004,0.10188165467830741,-0.97221869724479115,0.25668782671056745,-0.32679543079633711,0.7217393514556012,-0.47039738053758928
0.25578214333886012,-0.25501380835909027,0.059302473617455026,0.42789801316447068,-0.76387290832406829,-0.74373260080446424,-0.0489130158032198,-0.4325795866317636,0.90063634359653211,-0.1392243064727938,-0.94747991498928208,1.0,-0.89914463774563935,0.83836002752646221,0.011074452927914775,0.4317502978957678,-0.011131797402703113,-0.52493158379136451,0.66180002172626717,-0.26667935652193553,0.31780376657712978,-0.13484513270774878,-0.60143505519292906,-0.13049261510153062,0.67591736604416874,0.63489473470246205,-0.20565907644596565,-0.59962581765082634,-0.2208491155514469,0.20372770268618931,0.052199670690712227,-0.0056411724178486297,-0.90922174,-0.083962624223337737,0.94075813841925227,-0.17685273656987227,0.2770886532314677,-0.71058834820567496,0.47506825853015
-0.0050188737632485434,0.14950319663224187,0.25561285932257982,-0.24803692414786738,0.72746773849053803,0.55782227808337859,0.013636898762804918,0.33645945841265551,-0.80605927475364425,0.088041351455624278,0.93242300541184697,-0.89914463774563935,1.0,-0.83364282051599026,-0.10020096541824085,-0.29862109023144279,0.017578403429780662,0.57714989350065526,-0.53645408780972847,0.48616660760443764,-0.21769837093076477,0.36146695752144248,0.5518758824752179,0.40559343598536673,-0.81771754063477842,-0.79473007639043391,0.31922608846434725,0.5942985010925359,0.27751469481790392,-0.043339477211228689,-0.11390272815724631,0.082497976575299808,0.83631283999999995,0.12729022944002033,-0.87329875061412121,0.19396367531459316,-0.20962085554585158,0.6803804105592739,-0.69549920846771451
-0.032298194921019978,0.15564118770315902,0.1021074436745575,0.1896719009712772,-0.95179524705487284,-0.67356523115525269,-0.24624336673035072,0.044068569915629859,0.7635428968717628,-0.42603363075672129,-0.90965068694733953,0.83836002752646221,-0.83364282051599026,1.0,-0.3443891923236288,0.60281604642396691,0.20557809379708217,-0.79847256038234815,0.35303087535092587,-0.69304022217946037,0.55314574617556911,-0.16581372515594603,-0.60403386699675865,-0.38719490309304749,0.66348979917601381,0.46901588900230207,-0.64741272765430402,-0.44307964165915814,-0.57171119994485453,-0.1939746200036952,0.39944985319039528,-0.41098589685762249,-0.9533393,-0.22020840171529552,0.94239649165534622,0.025227180021054986,0.633490515748385,-0.77986148120458232,0.42964697585541933
-0.10862391421832675,-0.23947828523257947,-0.28773322096308884,-0.18616988877908655,0.50970511587962342,0.29036084665764278,0.49561711162408834,-0.35189030189516363,-0.15943192075858298,0.42986643837879396,0.10350285118156395,0.011074452927914775,-0.10020096541824085,-0.3443891923236288,1.0,-0.73532634685555931,-0.29207497190113474,0.39657771301272782,-0.0082729977011209987,0.38065848830447302,-0.57719495622354589,-0.55265370514552203,-0.23787681237103109,-0.14501969812253676,0.02768196516450868,0.62111573438270773,0.34398134864505364,-0.022185212599417886,0.5361933101820614,0.39905925248033747,-0.31505064390507126,0.34792025628987105,0.36946614000000011,-0.027752087593738983,-0.17851841021679954,0.11132276812341242,-0.80808709988313032,0.41890513745844454,0.59550091231666902
0.41109405782836916,0.23051408530512862,0.40582734554263328,0.44138881266499569,-0.79841923229750433,-0.35517585922768991,-0.64590929016426712,0.10447280990792235,0.47865947215541832,-0.6559298688675359,-0.42097121264399717,0.4317502978957678,-0.29862109023144279,0.60281604642396691,-0.73532634685555931,1.0,0.54152915035976557,-0.65032456797297178,0.15866230500122702,-0.41607508067228061,0.80317746868065953,0.53277326411976422,0.024473106295700563,0.017972779018154531,0.09844377018029396,-0.23676813659777088,-0.3292908247281332,0.039292508562353556,-0.70579155286476369,-0.40814102872947378,0.5022097582391396,-0.46697412885329748,-0.68583240000000001,-0.031198426036816555,0.50179310029216229,-0.081917994150599291,0.77307661749918055,-0.80657453664156642,-0.16386443043824017
-0.21820459784437743,0.76492812385677955,0.33767128986130329,-0.11452927014850484,-0.39937622379212639,0.21172250820371821,-0.87208066174210841,0.49227019630556917,-0.24376176275775271,-0.88158706367425566,0.079381769381922151,-0.011131797402703113,0.017578403429780662,0.20557809379708217,-0.29207497190113474,0.54152915035976557,1.0,-0.52666759927541329,-0.56778847859085302,-0.42285769353064473,0.45080232228033379,0.1218633179779444,0.077262776084450646,-0.46984894363285878,-0.033999816836340443,-0.17173873895409081,-0.47226341968238444,0.69744853764939063,-0.85529799829395758,-0.70348552112995943,0.90522520595189704,-0.81165940572154771,-0.14453760000000004,0.11449216759351208,-0.038079753935029367,0.31410135987918825,0.39439372749897345,-0.52665241825266706,0.15678398964048509
0.13615854507119032,-0.40652650499142545,-0.099218545232031649,-0.24972500480100607,0.83072435447707349,0.20660839663454056,0.5462309122383916,-0.29998486919065442,-0.41685510756343291,0.69278916138008095,0.63550132118531677,-0.52493158379136451,0.57714989350065526,-0.79847256038234815,0.39657771301272782,-0.65032456797297178,-0.52666759927541329,1.0,-0.029664081999690506,0.73013970680918416,-0.73230145494827614,0.082626316230453356,0.23606356942636803,0.62295602953294271,-0.38676910458070546,-0.32032568052229143,0.64811506584820422,0.05144570540486211,0.77581651223237658,0.36426446798467743,-0.64048522895681947,0.61718710124840948,0.73338432000000009,0.047938285856163228,-0.64938075161345699,-0.024162928576616345,-0.52254326024669151,0.81823982662657202,-0.37576912229756115
0.52405543755059769,-0.86379640645786293,-0.14260329528377802,0.70084785006750605,-0.2724323853849413,-0.62699158582005587,0.26868574111121357,-0.81486172360672149,0.83770582856018627,0.462896541563802,-0.66527289484664176,0.66180002172626717,-0.53645408780972847,0.35303087535092587,-0.0082729977011209987,0.15866230500122702,-0.56778847859085302,-0.029664081999690506,1.0,0.27003995815924986,0.0089436874280727219,0.15155570385714312,-0.095769758900328905,0.4046236017280862,0.45089512610601817,0.33074574344793906,0.44573320437169373,-0.87924616392496735,0.34842686722101734,0.64614726253474242,-0.64633912323793985,0.68195147047052507,-0.5643068,0.13884717355942389,0.58927806048367515,-0.71183572803201034,-0.09460437657855747,-0.32912309162200626,-0.051656018843471596
0.47724848966083389,-0.6370895446106577,0.012872698783919849,0.30722300872822839,0.66889638190241374,0.082812123172389548,0.32802175336784661,-0.50469786529582383,-0.17950092996226188,0.48991050014663817,0.42910633972949136,-0.26667935652193553,0.48616660760443764,-0.69304022217946037,0.38065848830447302,-0.41607508067228061,-0.42285769353064473,0.73013970680918416,0.27003995815924986,1.0,-0.52370794570830914,0.37339401022348934,0.30187702863070559,0.7315602770088816,-0.390006940788927,-0.27034731420196817,0.87869563132774808,-0.045604044995730619,0.75135123724312181,0.59186893573204247,-0.70196507785013518,0.7583277795066955,0.50122267999999992,0.44746907613529552,-0.4639685396161552,-0.30929518213642077,-0.62453348356000116,0.51187336947338546,-0.44335234744085367
0.29622125493048063,0.33380333032759107,0.45127933528221559,0.40519418028001714,-0.6570947109107349,-0.071605473102821005,-0.48842602055135936,0.24833045613576249,0.32563174177122689,-0.59777524353775913,-0.35770575076190786,0.31780376657712978,-0.21769837093076477,0.55314574617556911,-0.57719495622354589,0.80317746868065953,0.45080232228033379,-0.73230145494827614,0.0089436874280727219,-0.52370794570830914,1.0,0.28635842466064892,0.01723540943600993,-0.22480628938875141,-0.13833214612301106,-0.086953458906386838,-0.43110798933007155,0.11613081504396319,-0.66060798197957504,-0.2436102080706232,0.52335028778906656,-0.53904239189166558,-0.55837694000000004,-0.32508367221523243,0.47030838735939595,0.10007984106106906,0.63166487389998249,-0.65392014581237079,-0.057029076040877091
0.69823478697086494,-0.16419168881217833,0.17494849943517068,0.56949961391671799,-0.080304467149175884,-0.14776929258623148,-0.29641332645913909,-0.067211630964355354,0.077464020581503062,-0.23189746650699905,0.21194156810303905,-0.13484513270774878,0.36146695752144248,-0.16581372515594603,-0.55265370514552203,0.53277326411976422,0.1218633179779444,0.082626316230453356,0.15155570385714312,0.37339401022348934,0.28635842466064892,1.0,0.39552358058880777,0.6696680152750546,-0.34733238335201311,-0.71598899576433994,0.3312930135416654,0.11344926639937274,-0.022379140377709602,-0.1280759668067642,-0.093041963177974668,0.11491511882565228,-0.014965180000000022,0.31310162547751846,-0.14225122912073707,-0.2332527390346468,0.31292196680518863,-0.11714753342982473,-0.7130840313649377
0.12960912582278139,-0.1660846994856767,-0.10437238068542064,0.26750899594191185,0.45400068096126833,0.61962970307616838,-0.27606094481186116,-0.11564631452602681,-0.43399871250575539,0.16189769800896867,0.55550326440616771,-0.60143505519292906,0.5518758824752179,-0.60403386699675865,-0.23787681237103109,0.024473106295700563,0.077262776084450646,0.23606356942636803,-0.095769758900328905,0.30187702863070559,0.01723540943600993,0.39552358058880777,1.0,0.18159580926844829,-0.45922954986686693,-0.53882109429450753,0.55056848710565442,0.32189747537510299,0.049702039217547657,0.073581595483310461,-0.18157447760731049,0.25206243107441634,0.46890896000000004,0.3363956654138297,-0.63948007891255709,-0.51424831168492813,-0.26382531840650153,0.093640478189911586,-0.57305202165190772
0.69962831310735596,-0.59402610615598028,0.21857061634309233,0.33428349439093302,0.30775447495900737,-0.29872830523912786,0.30501787158508642,-0.42561273906234254,0.12998944752464578,0.41951090156095061,0.24939781297362396,-0.13049261510153062,0.40559343598536673,-0.38719490309304749,-0.14501969812253676,0.017972779018154531,-0.46984894363285878,0.62295602953294271,0.4046236017280862,0.7315602770088816,-0.22480628938875141,0.6696680152750546,0.18159580926844829,1.0,-0.33455219170921624,-0.54704566444153391,0.63676423957858508,-0.23373917931605298,0.5826258960753854,0.35702773182234354,-0.64134624789023875,0.61951381364907743,0.1907025200000001,0.11420644265160085,-0.19652698625847065,-0.25035375599545068,-0.05999177905218997,0.35628242693366891,-0.70384962172021137
-0.3032178357711604,-0.1518264105189788,-0.43816212382369135,0.072368739877141097,-0.56733478896711387,-0.61736315330288749,-0.11389720975527022,-0.27747896018467244,0.62304377501641495,0.0032097625978031799,-0.75039196302357303,0.67591736604416874,-0.81771754063477842,0.66348979917601381,0.02768196516450868,0.09844377018029396,-0.033999816836340443,-0.38676910458070546,0.45089512610601817,-0.390006940788927,-0.13833214612301106,-0.34733238335201311,-0.45922954986686693,-0.33455219170921624,1.0,0.60799113519812897,-0.27800475520293988,-0.61676807588739768,-0.24169903463448525,-0.087081256472483326,0.032151983356334742,0.013358790328858202,-0.65043932000000004,0.11723514679810987,0.63073870958025968,-0.32878954306445052,0.13295957873901693,-0.51268225910101684,0.53216481117862025
-0.21188677933631578,-0.16776278406351519,-0.33615055960152507,0.026038577472272117,-0.25840116316063844,-0.16478570178542251,0.26601230238053264,-0.33682069269864745,0.46157353662120293,0.15696703810902113,-0.65470223501120584,0.63489473470246205,-0.79473007639043391,0.46901588900230207,0.62111573438270773,-0.23676813659777088,-0.17173873895409081,-0.32032568052229143,0.33074574344793906,-0.27034731420196817,-0.086953458906386838,-0.71598899576433994,-0.53882109429450753,-0.54704566444153391,0.60799113519812897,1.0,-0.1541642197943861,-0.44853249874937384,0.040425636241746055,0.26760178907885951,-0.037835283379826612,0.063268796982670433,-0.41343958000000003,-0.16718611478765988,0.56535438588226716,-0.054852197504406175,-0.31085225122392879,-0.27013270964349789,0.89551287256521228
0.51768997138069239,-0.79274498534390769,-0.15946097132353432,0.47342925312027023,0.6225953079965334,0.19232142065919286,0.2867677827844764,-0.73419084385044919,-0.043991459478263661,0.64218498921929146,0.31382012943803766,-0.20565907644596565,0.31922608846434725,-0.64741272765430402,0.34398134864505364,-0.3292908247281332,-0.47226341968238444,0.64811506584820422,0.44573320437169373,0.87869563132774808,-0.43110798933007155,0.3312930135416654,0.55056848710565442,0.63676423957858508,-0.27800475520293988,-0.1541642197943861,1.0,-0.17409389684378351,0.70418826572905702,0.65436500159626476,-0.78198910765119667,0.86278100988901218,0.40589268000000001,0.38534467918739673,-0.41176338989709776,-0.61559234308953303,-0.68651921941416683,0.33060357960261177,-0.38681602381421004
-0.20673927515208831,0.72768100930842183,0.29418244227060703,-0.39947233293229883,0.27600901010428369,0.67723709946865474,-0.42331277540486228,0.59794895078512222,-0.79503712746311506,-0.53009066874977695,0.70160852032944121,-0.59962581765082634,0.5942985010925359,-0.44307964165915814,-0.022185212599417886,0.039292508562353556,0.69744853764939063,0.05144570540486211,-0.87924616392496735,-0.045604044995730619,0.11613081504396319,0.11344926639937274,0.32189747537510299,-0.23373917931605298,-0.61676807588739768,-0.44853249874937384,-0.17409389684378351,1.0,-0.35354204921596966,-0.50818197601630577,0.62206246514825847,-0.58801968894145229,0.53748497999999989,0.034413416538767956,-0.62494151260192909,0.55645173941171677,0.051529438084509091,0.16714572366746311,-0.099961924444563102
0.27730561958669664,-0.71565718379722565,-0.26193049031473892,0.0515369068167068,0.70783009995855528,0.041134457472761926,0.85150270563941399,-0.49651739926391208,-0.07097698359194482,0.83955873306430673,0.26840999218635037,-0.2208491155514469,0.27751469481790392,-0.57171119994485453,0.5361933101820614,-0.70579155286476369,-0.85529799829395758,0.77581651223237658,0.34842686722101734,0.75135123724312181,-0.66060798197957504,-0.022379140377709602,0.049702039217547657,0.5826258960753854,-0.24169903463448525,0.040425636241746055,0.70418826572905702,-0.35354204921596966,1.0,0.71349140513174525,-0.89631517623002677,0.85035083814446688,0.48354607999999999,0.078021351853036214,-0.30536902389830861,-0.18824048836414226,-0.65722766647480713,0.73546676527875599,-0.20137794660219682
0.33066121097575557,-0.80811689497380879,-0.015152434305834461,0.41260009639816597,0.35997829682455146,-0.11137664444267159,0.57430658424305869,-0.69852255460073875,0.24807343167949633,0.70237479514181267,-0.15349944581985736,0.20372770268618931,-0.043339477211228689,-0.1939746200036952,0.39905925248033747,-0.40814102872947378,-0.70348552112995943,0.36426446798467743,0.64614726253474242,0.59186893573204247,-0.2436102080706232,-0.1280759668067642,0.073581595483310461,0.35702773182234354,-0.087081256472483326,0.26760178907885951,0.65436500159626476,-0.50818197601630577,0.71349140513174525,1.0,-0.77945154635145897,0.80391849764445789,0.039091100000000045,0.086336575136261029,0.097825905217291509,-0.43420229988125392,-0.56710274228327373,0.225633097445822,-0.13451877743872287
-0.37119582082957103,0.92090745828065856,0.30507983325964133,-0.32666232053610544,-0.52059252650800225,0.1365200992340882,-0.69164785531600537,0.69568292630961637,-0.19770499423690419,-0.89650597422429323,-0.045261112215761783,0.052199670690712227,-0.11390272815724631,0.39944985319039528,-0.31505064390507126,0.5022097582391396,0.90522520595189704,-0.64048522895681947,-0.64633912323793985,-0.70196507785013518,0.52335028778906656,-0.093041963177974668,-0.18157447760731049,-0.64134624789023875,0.032151983356334742,-0.037835283379826612,-0.78198910765119667,0.62206246514825847,-0.89631517623002677,-0.77945154635145897,1.0,-0.97783510371393112,-0.23773652000000001,-0.14690733543737813,0.12737755969606018,0.55783837301770545,0.56930667985466143,-0.47943913725586035,0.31151720887404466
0.38570527711756925,-0.95370154887319647,-0.3078496959758435,0.40817730498952892,0.50897916853220981,-0.12161652935287734,0.57488806988739916,-0.78540687946580012,0.20656824086935421,0.85709093061439512,0.028678011359951839,-0.0056411724178486297,0.082497976575299808,-0.41098589685762249,0.34792025628987105,-0.46697412885329748,-0.81165940572154771,0.61718710124840948,0.68195147047052507,0.7583277795066955,-0.53904239189166558,0.11491511882565228,0.25206243107441634,0.61951381364907743,0.013358790328858202,0.063268796982670433,0.86278100988901218,-0.58801968894145229,0.85035083814446688,0.80391849764445789,-0.97783510371393112,1.0,0.21392486000000011,0.27184089039048626,-0.13738938525241123,-0.65584533709642223,-0.63292080981736887,0.38024421678084247,-0.28939827966111181
-0.19515705999999999,0.072559059999999898,-0.12297327999999996,-0.43248036000000001,0.93851201999999989,0.73717462,0.27282658000000004,0.19370678000000008,-0.88396728000000002,0.34007323999999994,0.94321772000000004,-0.90922174,0.83631283999999995,-0.9533393,0.36946614000000011,-0.68583240000000001,-0.14453760000000004,0.73338432000000009,-0.5643068,0.50122267999999992,-0.55837694000000004,-0.014965180000000022,0.46890896000000004,0.1907025200000001,-0.65043932000000004,-0.41343958000000003,0.40589268000000001,0.53748497999999989,0.48354607999999999,0.039091100000000045,-0.23773652000000001,0.21392486000000011,1.0,0.095990100000000078,-0.95633208000000003,0.19917650000000009,-0.56795440000000008,0.85380728000000006,-0.29834738000000005
0.0080381093387671271,-0.23180492455620896,-0.31126562137335639,0.29575576224735256,0.11461997082492095,-0.0019385641684753763,-0.26282484851844762,-0.098204726449038951,-0.10903015106590776,-0.12748573695679982,0.10188165467830741,-0.083962624223337737,0.12729022944002033,-0.22020840171529552,-0.027752087593738983,-0.031198426036816555,0.11449216759351208,0.047938285856163228,0.13884717355942389,0.44746907613529552,-0.32508367221523243,0.31310162547751846,0.3363956654138297,0.11420644265160085,0.11723514679810987,-0.16718611478765988,0.38534467918739673,0.034413416538767956,0.078021351853036214,0.086336575136261029,-0.14690733543737813,0.27184089039048626,0.095990100000000078,1.0,-0.22186481559093085,-0.45958650194418044,-0.21611796757420171,-0.098493746863410114,-0.2315332707215251
0.18157886491018677,-0.13060908512731878,0.097473799780591258,0.35158533763727734,-0.85344811320121072,-0.75001224774087705,-0.02354352087632279,-0.21804910212932718,0.89945513087000994,-0.20291398206108302,-0.97221869724479115,0.94075813841925227,-0.87329875061412121,0.94239649165534622,-0.17851841021679954,0.50179310029216229,-0.038079753935029367,-0.64938075161345699,0.58927806048367515,-0.4639685396161552,0.47030838735939595,-0.14225122912073707,-0.63948007891255709,-0.19652698625847065,0.63073870958025968,0.56535438588226716,-0.41176338989709776,-0.62494151260192909,-0.30536902389830861,0.097825905217291509,0.12737755969606018,-0.13738938525241123,-0.95633208000000003,-0.22186481559093085,1.0,-0.08459926727351047,0.46095166702484147,-0.69742857563121663,0.41492214341103145
-0.26015916354959101,0.73775592555659286,0.34001230153603962,-0.66061128615730236,-0.011072178755311291,0.13290800473714931,0.10736200044607588,0.68552908500565568,-0.39626927335265577,-0.41655838472139006,0.25668782671056745,-0.17685273656987227,0.19396367531459316,0.025227180021054986,0.11132276812341242,-0.081917994150599291,0.31410135987918825,-0.024162928576616345,-0.71183572803201034,-0.30929518213642077,0.10007984106106906,-0.2332527390346468,-0.51424831168492813,-0.25035375599545068,-0.32878954306445052,-0.054852197504406175,-0.61559234308953303,0.55645173941171677,-0.18824048836414226,-0.43420229988125392,0.55783837301770545,-0.65584533709642223,0.19917650000000009,-0.45958650194418044,-0.08459926727351047,1.0,0.30527979618332107,0.28717447173421795,0.24249934456267042
0.06160576030310988,0.47749858224207692,0.31675028658867854,-0.039537017935353871,-0.75356100653144353,-0.46322585043319398,-0.38825086238485462,0.48200253310781449,0.30082186872696881,-0.61471398621198547,-0.32679543079633711,0.2770886532314677,-0.20962085554585158,0.633490515748385,-0.80808709988313032,0.77307661749918055,0.39439372749897345,-0.52254326024669151,-0.09460437657855747,-0.62453348356000116,0.63166487389998249,0.31292196680518863,-0.26382531840650153,-0.05999177905218997,0.13295957873901693,-0.31085225122392879,-0.68651921941416683,0.051529438084509091,-0.65722766647480713,-0.56710274228327373,0.56930667985466143,-0.63292080981736887,-0.56795440000000008,-0.21611796757420171,0.46095166702484147,0.30527979618332107,1.0,-0.49822736658357125,-0.17553556494828984
-0.135037899264978,-0.1158337061957963,-0.13294565108053719,-0.48216684459641518,0.87219847269112472,0.38632602810276284,0.6591355083012107,0.11850889173668495,-0.62611797710016048,0.56386686709050171,0.7217393514556012,-0.71058834820567496,0.6803804105592739,-0.77986148120458232,0.41890513745844454,-0.80657453664156642,-0.52665241825266706,0.81823982662657202,-0.32912309162200626,0.51187336947338546,-0.65392014581237079,-0.11714753342982473,0.093640478189911586,0.35628242693366891,-0.51268225910101684,-0.27013270964349789,0.33060357960261177,0.16714572366746311,0.73546676527875599,0.225633097445822,-0.47943913725586035,0.38024421678084247,0.85380728000000006,-0.098493746863410114,-0.69742857563121663,0.28717447173421795,-0.49822736658357125,1.0,-0.26185255485173897
-0.35411763021644865,0.22129299981665651,-0.28807262372626646,-0.23437935094167697,-0.28712504477296447,-0.0028288354040820335,0.069611366917787965,-0.030387310504392372,0.22888428438838365,-0.12954136153251003,-0.47039738053758928,0.47506825853015,-0.69549920846771451,0.42964697585541933,0.59550091231666902,-0.16386443043824017,0.15678398964048509,-0.37576912229756115,-0.051656018843471596,-0.44335234744085367,-0.057029076040877091,-0.7130840313649377,-0.57305202165190772,-0.70384962172021137,0.53216481117862025,0.89551287256521228,-0.38681602381421004,-0.099961924444563102,-0.20137794660219682,-0.13451877743872287,0.31151720887404466,-0.28939827966111181,-0.29834738000000005,-0.2315332707215251,0.41492214341103145,0.24249934456267042,-0.17553556494828984,-0.26185255485173897,1.0
