1.0,-0.58870413359087881,0.01413744348409726,0.15250719414240732,0.23334737498290684,0.084374271714337548,0.34979493801411321,-0.55381445970738208,0.21301031919162935,0.23019849694249728,0.16554527132961297,-0.46216379272457897,0.31409632076466903,-0.041452175458255643,0.25549583174585555,-0.53460873257980424,-0.20665045183843775,-0.34099791138349872,-0.19204486362964293,0.53648584224799267,0.16823351637184988,-0.30145532310729328,0.19349784847953222,0.43913280388124099,0.13332906000000011,0.3321527627162969,-0.23744107000804573,0.097702973921795361,-0.11271833933976391,-0.41348479358489459,0.41135717425910201,0.28120352798741849,0.04211990021914943,0.14349072427474729,-0.038235939083843221,-0.00094261445932890611,-0.098896303183062695,0.0076094968260752155,-0.37466507584507619
-0.58870413359087881,1.0,-0.0406032513502496,-0.058855395389746115,-0.42467989344313783,-0.21470360263624849,-0.39710961828140545,0.56722519023303386,-0.51487867747385752,0.059501012943160556,-0.042388379651950761,0.83846902331748019,-0.1227200546846355,0.35272175239110998,-0.80094572619373439,0.79689994716820289,-0.069310684041929957,0.65816187801649018,0.07255623549399326,-0.6942393053140159,-0.081301135200393018,0.68915961222752631,0.073825749606399982,-0.48646360802730448,-0.020012420000000031,0.14145090633036025,0.112028759530875,0.18089672997138706,0.41015103073911235,0.39007131627406999,-0.68726493465118188,-0.48200257177472311,-0.06927490159759167,0.093558504219263428,-0.062618796352804887,0.12348052874885007,0.21360970348276703,0.22281456969428534,-0.077247076184583527
0.01413744348409726,-0.0406032513502496,1.0,-0.39464376202429863,-0.040802935596577661,0.4899302415859304,0.46362933072721274,-0.27371272215815234,-0.51719163635667798,-0.40883155176155356,0.20956668811871235,0.07173449444162433,-0.34311585793830468,-0.57664304479740569,0.14636963703548989,-0.006225346311353957,0.34504152068863864,-0.15348473768249815,-0.25486606452365651,0.23164556606891643,0.13974170978367378,0.28199033835818166,0.59350461670322796,-0.34035710614267095,0.15947361999999998,0.31494779282082064,-0.12928443986792934,0.12706197225961899,0.11257805652640956,0.23098515776305856,-0.10664556964432692,-0.65330056131461101,0.15936802105639158,-0.34193605289224704,0.54058543680617688,0.1199737322337448,-0.90536296275183159,-0.5844416132336312,0.25421676778471264
0.15250719414240732,-0.058855395389746115,-0.39464376202429863,1.0,-0.14430808140043838,0.070031869066521091,-0.18684266576486902,0.01160082241003425,0.24703659750585563,0.47634580956458017,-0.090509425280832834,-0.18596844128704115,-0.19126080174048055,0.3451684835411693,0.11829496131969629,-0.037783275321591904,0.27607862986249471,0.028732267022274792,0.00048904332315469201,0.33101910005168661,-0.11534406801042359,-0.21661903754572256,-0.030114076680856638,-0.16835337199146061,-0.15750173999999995,0.13897275503652068,0.0072685245800353394,0.38828562877828143,0.13556693191076946,-0.51165152048635609,0.047739502384910315,0.27448342493058425,-0.28596719863614756,-0.034641408697692611,-0.30147464444480954,-0.33840591855429292,0.5138049174084619,0.11407733926715033,-0.1627326428442667
0.23334737498290684,-0.42467989344313783,-0.040802935596577661,-0.14430808140043838,1.0,0.59877892615346928,0.46044887783205901,-0.75311782125961879,0.25596826471323009,0.4238180793124901,0.78505040167276219,-0.6342926082735233,0.38469295796243236,-0.014925409500203133,0.14570810245821975,-0.71554683242965811,-0.25212622728504974,-0.88580865771245143,0.71232245594237442,0.16721970431230856,0.74719960256664564,-0.28580326510569515,0.055418018889588277,0.52192262901798403,0.70453147999999999,0.089528943681584455,-0.75911218923265134,-0.4693929745701893,-0.91337181759132857,-0.57108913973467235,0.90572044470595259,0.55169392981960574,0.84894176970364232,0.46545540257390144,-0.36374522064539522,0.49995897383061483,-0.31056553203361059,-0.32324000741873671,0.499609695438193
0.084374271714337548,-0.21470360263624849,0.4899302415859304,0.070031869066521091,0.59877892615346928,1.0,0.40126939508425358,-0.65189147122506874,0.035065297469409472,0.22093699612000495,0.75296069258772047,-0.49505637065967406,-0.27974795278222525,-0.38412466214166946,0.19227014476184562,-0.32294152200946147,0.34770918874314016,-0.75617937705027238,0.36908705137101422,0.44809968790614146,0.51933788268482672,-0.17292666592840159,0.65205661348590138,-0.13332234336341808,0.48222670000000001,0.30419291536300513,-0.66120268385742198,0.12302554176462896,-0.48201272347648688,-0.43670668503458776,0.58651667239299332,0.14655861532182662,0.71550370390078655,-0.058117443574238523,-0.085052841404493401,0.29815121004781747,-0.6153127870607783,-0.76517360005742985,0.49204346392609644
0.34979493801411321,-0.39710961828140545,0.46362933072721274,-0.18684266576486902,0.46044887783205901,0.40126939508425358,1.0,-0.55563857989602561,-0.096777694038563594,-0.039272443546603239,0.4664302925532528,-0.28383022731100949,0.058062700018191284,-0.013614679404923549,0.37750162441242463,-0.5403213244754228,0.12008737027819107,-0.5180817316865205,0.31781627498634185,0.14129203177224223,0.44285777174181407,-0.01599867897042467,0.15759716969850979,0.047709920569615621,0.42699562000000002,0.042049849729990672,-0.42732561990357482,-0.17033819113998153,-0.4750952923363827,-0.21693644784565597,0.41569392662854909,-0.062937829852679844,0.40500481798263788,0.068089773548609567,-0.10975998839144988,0.54908890450103298,-0.62994409430534504,-0.37223245373269426,0.49676069036089721
-0.55381445970738208,0.56722519023303386,-0.27371272215815234,0.01160082241003425,-0.75311782125961879,-0.65189147122506874,-0.55563857989602561,1.0,-0.037935927079971163,-0.46453859283592602,-0.66095292643968928,0.65719153274549869,-0.3765853641468665,0.21642152535899198,-0.21696456841551559,0.80526480860328209,0.23982387850509082,0.84464458352502625,-0.36458540728229027,-0.46792424671158694,-0.74161694033796433,0.17265823386880044,-0.20408733092207831,-0.53685388377987631,-0.70344287999999999,-0.47310727030664296,0.73002720492319739,0.33699057441232416,0.63807245108635136,0.62055224564185152,-0.81785513104253038,-0.2604951267645163,-0.596657560704138,-0.39506167732527975,0.067259315503569062,-0.33230023700628691,0.53983716244309421,0.30873646806943567,-0.33140842365309181
0.21301031919162935,-0.51487867747385752,-0.51719163635667798,0.24703659750585563,0.25596826471323009,0.035065297469409472,-0.096777694038563594,-0.037935927079971163,1.0,-0.12745705943557534,-0.066423902317041733,-0.6965350246002856,-0.14751509130368248,-0.20600380166063237,0.580886411385933,-0.21732478191625182,0.20786125048006646,-0.39711528145206176,-0.015092305364263259,0.43974286403986862,-0.33485813963101968,-0.93490919370162895,-0.023313142215924565,0.18965630716164128,-0.40238331999999999,-0.61131541331160388,0.043039834403852298,0.19647858501016852,-0.23092268537800362,-0.44399102745532104,0.49081952353346969,0.89408333422668729,0.045439219015014118,-0.30157921670204957,-0.44122293504520876,-0.21817502050606627,0.41011508062088775,0.023471383342082021,-0.20621849716466023
0.23019849694249728,0.059501012943160556,-0.40883155176155356,0.47634580956458017,0.4238180793124901,0.22093699612000495,-0.039272443546603239,-0.46453859283592602,-0.12745705943557534,1.0,0.43064051211846299,-0.13352552676485877,0.4916016612834368,0.53916940542418557,-0.38986910875702135,-0.37423592395225047,-0.4425881038712669,-0.26257806503808734,0.56500733555429938,-0.024838684330081066,0.64768513427909435,0.19389680247105204,-0.22024783777200224,0.39902555441512261,0.63630991999999997,0.5805825448023495,-0.50803816721491146,-0.28727034565030973,-0.38638688270817251,-0.52216341349835915,0.39808418427742248,0.26702283686241007,0.30289557181734056,0.74297561706828819,-0.32813894676885341,0.18784759763531572,0.24641279740665814,0.16019238914179895,0.1704845949192634
0.16554527132961297,-0.042388379651950761,0.20956668811871235,-0.090509425280832834,0.78505040167276219,0.75296069258772047,0.4664302925532528,-0.66095292643968928,-0.066423902317041733,0.43064051211846299,1.0,-0.29005395352866076,0.26298919552982875,0.097112708356161911,-0.22389860988470986,-0.34775705295576598,-0.18990024120627511,-0.67593160077882841,0.70466424397228566,-0.031292338136649667,0.84031026267703501,0.10220291594145793,0.46755672895144246,0.18505001734923013,0.81788860000000008,0.35027380794619983,-0.95407646229910825,-0.12427260281612341,-0.75054399364241065,-0.44812871118626263,0.62979787663538223,0.2068209912436893,0.94551689470399503,0.47499419751966543,-0.44319823136114372,0.73972236191141849,-0.48742102645899138,-0.52703243067154193,0.42119248229318684
-0.46216379272457897,0.83846902331748019,0.07173449444162433,-0.18596844128704115,-0.6342926082735233,-0.49505637065967406,-0.28383022731100949,0.65719153274549869,-0.6965350246002856,-0.13352552676485877,-0.29005395352866076,1.0,-0.048628770512069285,0.4288413165626902,-0.70151234199603352,0.75972123885016807,-0.099298947126380543,0.86265507103130912,-0.09731980491200326,-0.77395897780567013,-0.18563558830410715,0.82476141106947432,-0.12203927524737929,-0.46915491183104513,-0.11025081999999997,0.10525018673860864,0.35044215075895779,0.046388908663496833,0.54551767892123404,0.69896225517592181,-0.87763869571797892,-0.72353507841736475,-0.32144260088135129,0.064301607746119774,0.18263462645585679,0.12254110076612335,0.12848258292852655,0.30756492142537839,-0.092007159362110888
0.31409632076466903,-0.1227200546846355,-0.34311585793830468,-0.19126080174048055,0.38469295796243236,-0.27974795278222525,0.058062700018191284,-0.3765853641468665,-0.14751509130368248,0.4916016612834368,0.26298919552982875,-0.048628770512069285,1.0,0.42607426021215694,-0.39505043077181179,-0.46566994382253407,-0.96014795238449557,-0.13539070587896487,0.33891467973599443,-0.30892107211683639,0.60116826379679944,0.26308627662068257,-0.4305198392833518,0.87179736956988885,0.61100248000000001,0.33583960362776866,-0.44155373374259732,-0.59632421259886748,-0.45944480689763989,-0.23184592360537057,0.33147639573371923,0.1276845564583263,0.22422600729786324,0.89619429827484143,-0.22697510131549065,0.34103237033088668,0.079277418260503385,0.38433684715128119,-0.10869752940923345
-0.041452175458255643,0.35272175239110998,-0.57664304479740569,0.3451684835411693,-0.014925409500203133,-0.38412466214166946,-0.013614679404923549,0.21642152535899198,-0.20600380166063237,0.53916940542418557,0.097112708356161911,0.4288413165626902,0.42607426021215694,1.0,-0.50037238414413254,0.086437468154728594,-0.37227887165663531,0.33652183534220231,0.5222313892682362,-0.63915512524979201,0.2701911044283995,0.43500345745000474,-0.47756293685722156,0.063614539605195239,0.28715723999999998,0.077418402743776246,-0.12859212731620712,-0.20483958121421839,-0.16179464309284688,0.017590297866288723,-0.15299282760179433,0.030372763537239219,-0.0055954331674733706,0.61496285222768754,-0.50211238247230272,0.39400585014627376,0.49336148417164971,0.36779130004386285,0.081185149273167556
0.25549583174585555,-0.80094572619373439,0.14636963703548989,0.11829496131969629,0.14570810245821975,0.19227014476184562,0.37750162441242463,-0.21696456841551559,0.580886411385933,-0.38986910875702135,-0.22389860988470986,-0.70151234199603352,-0.39505043077181179,-0.50037238414413254,1.0,-0.48479299265104886,0.55658458482958506,-0.46702365805149926,-0.23980649593163211,0.70680955186008165,-0.32448846527561098,-0.78211983401010488,-0.020321297518612058,-0.0028003907937653033,-0.38077812,-0.4584089983341279,0.23550318485289382,0.062336924920385083,-0.12722361776779362,-0.21267339003215724,0.40074454759258393,0.36700956374457772,-0.15749906324026305,-0.5764618810895854,0.14252358385868874,-0.32857802005632575,-0.15898935417885243,-0.28227484547889231,0.16241213272303973
-0.53460873257980424,0.79689994716820289,-0.006225346311353957,-0.037783275321591904,-0.71554683242965811,-0.32294152200946147,-0.5403213244754228,0.80526480860328209,-0.21732478191625182,-0.37423592395225047,-0.34775705295576598,0.75972123885016807,-0.46566994382253407,0.086437468154728594,-0.48479299265104886,1.0,0.26418225939081846,0.78097592577923647,-0.29739978439553616,-0.48717050002586054,-0.54689428013595864,0.37140383592095516,0.2105314627475246,-0.70641520349320941,-0.50068447999999999,-0.19673207768675061,0.44379069267146426,0.47159370480368873,0.68287856431817973,0.57443114878459178,-0.83245154063020499,-0.40251406787736177,-0.32304399719556864,-0.38123184339358313,0.070384733226278806,-0.11541310860323449,0.27199460940489928,0.16090026325006657,-0.30287153364849856
-0.20665045183843775,-0.069310684041929957,0.34504152068863864,0.27607862986249471,-0.25212622728504974,0.34770918874314016,0.12008737027819107,0.23982387850509082,0.20786125048006646,-0.4425881038712669,-0.18990024120627511,-0.099298947126380543,-0.96014795238449557,-0.37227887165663531,0.55658458482958506,0.26418225939081846,1.0,-0.015681125391034004,-0.23977650715781351,0.39286160246255675,-0.50632399503046444,-0.35113046447248575,0.37918448266992799,-0.80530743765255408,-0.53087148000000006,-0.34772996210104268,0.36031524421007827,0.52707564304782384,0.30238185628653746,0.13428401156102321,-0.17137420205838783,-0.043948642727785876,-0.17040672950750568,-0.85735925824484971,0.18566711926928658,-0.26950291864141068,-0.13259383091484722,-0.45656880598773986,0.22839019664223073
-0.34099791138349872,0.65816187801649018,-0.15348473768249815,0.028732267022274792,-0.88580865771245143,-0.75617937705027238,-0.5180817316865205,0.84464458352502625,-0.39711528145206176,-0.26257806503808734,-0.67593160077882841,0.86265507103130912,-0.13539070587896487,0.33652183534220231,-0.46702365805149926,0.78097592577923647,-0.015681125391034004,1.0,-0.45185859255260857,-0.53578028377894082,-0.5763615089444134,0.51742022869568682,-0.23835654790687977,-0.42250145545648549,-0.51669816000000002,-0.074604251929367371,0.67618885233446913,0.24614316810554546,0.79490060982822563,0.65178950284490889,-0.95691914500836894,-0.55349687478094156,-0.71016236040051628,-0.16014132235572498,0.22915228073188076,-0.28326409706373801,0.4471500938247428,0.50531489374586902,-0.440232905105374
-0.19204486362964293,0.07255623549399326,-0.25486606452365651,0.00048904332315469201,0.71232245594237442,0.36908705137101422,0.31781627498634185,-0.36458540728229027,-0.015092305364263259,0.56500733555429938,0.70466424397228566,-0.09731980491200326,0.33891467973599443,0.5222313892682362,-0.23980649593163211,-0.29739978439553616,-0.23977650715781351,-0.45185859255260857,1.0,-0.41289876054752955,0.73984480390416574,0.15041347490560039,-0.20558415310467365,0.18957464864032397,0.72850919999999997,0.019866652456506095,-0.65274871257193157,-0.51897644707895774,-0.7998576201698977,-0.24666498387232716,0.51213256545108143,0.32649897053905463,0.74642368092501166,0.6195660010130335,-0.5438240062614772,0.73977624226959493,-0.070101828986062542,-0.16794322301677683,0.71136327913973685
0.53648584224799267,-0.6942393053140159,0.23164556606891643,0.33101910005168661,0.16721970431230856,0.44809968790614146,0.14129203177224223,-0.46792424671158694,0.43974286403986862,-0.024838684330081066,-0.031292338136649667,-0.77395897780567013,-0.30892107211683639,-0.63915512524979201,0.70680955186008165,-0.48717050002586054,0.39286160246255675,-0.53578028377894082,-0.41289876054752955,1.0,-0.15005385338592292,-0.68728016717133178,0.35755045831673471,0.1106648335765459,-0.20852930000000003,0.1117470644678461,-0.0023098205342631751,0.31576274623794454,0.017945265449555173,-0.5219533325068344,0.46079647950617675,0.32939027695796641,-0.084709849912463733,-0.42987717317461877,0.22762636666902422,-0.52298894797036155,-0.17433527054177142,-0.30675489887126001,-0.17363369447332619
0.16823351637184988,-0.081301135200393018,0.13974170978367378,-0.11534406801042359,0.74719960256664564,0.51933788268482672,0.44285777174181407,-0.74161694033796433,-0.33485813963101968,0.64768513427909435,0.84031026267703501,-0.18563558830410715,0.60116826379679944,0.2701911044283995,-0.32448846527561098,-0.54689428013595864,-0.50632399503046444,-0.5763615089444134,0.73984480390416574,-0.15005385338592292,1.0,0.34364204985795604,0.05142989672671576,0.47304172648215298,0.99629954000000009,0.55648898195764729,-0.87862516532630786,-0.50838194939582249,-0.76175758178788278,-0.37856485283322477,0.59300467143249203,0.03227715955390488,0.76661802803793577,0.79047809529283308,-0.24636692262586712,0.67984336489071395,-0.45061117844437465,-0.26999087199275396,0.50383260162796695
-0.30145532310729328,0.68915961222752631,0.28199033835818166,-0.21661903754572256,-0.28580326510569515,-0.17292666592840159,-0.01599867897042467,0.17265823386880044,-0.93490919370162895,0.19389680247105204,0.10220291594145793,0.82476141106947432,0.26308627662068257,0.43500345745000474,-0.78211983401010488,0.37140383592095516,-0.35113046447248575,0.51742022869568682,0.15041347490560039,-0.68728016717133178,0.34364204985795604,1.0,-0.052689919570079354,-0.17287944068738315,0.41559718000000001,0.52126889554525013,-0.099252315796993534,-0.19035415297125585,0.19687074027489546,0.45227922376126506,-0.54937623628541377,-0.80228049909553423,-0.0059743682766893466,0.44128587477317788,0.19344603015194026,0.35668684565404524,-0.21455029763120428,0.11340697956430591,0.13431277053651347
0.19349784847953222,0.073825749606399982,0.59350461670322796,-0.030114076680856638,0.055418018889588277,0.65205661348590138,0.15759716969850979,-0.20408733092207831,-0.023313142215924565,-0.22024783777200224,0.46755672895144246,-0.12203927524737929,-0.4305198392833518,-0.47756293685722156,-0.020321297518612058,0.2105314627475246,0.37918448266992799,-0.23835654790687977,-0.20558415310467365,0.35755045831673471,0.05142989672671576,-0.052689919570079354,1.0,-0.39505273412511732,0.036405360000000053,0.25809755575443682,-0.3762462325368498,0.66539479157876946,0.080532996628478709,-0.15208377527094247,0.052005266855830179,-0.12915012737400405,0.37454511016966663,-0.36664817049304999,-0.0068808044572258587,0.12751250875910103,-0.50511728351381224,-0.62903666222423238,-0.1705720538929153
0.43913280388124099,-0.48646360802730448,-0.34035710614267095,-0.16835337199146061,0.52192262901798403,-0.13332234336341808,0.047709920569615621,-0.53685388377987631,0.18965630716164128,0.39902555441512261,0.18505001734923013,-0.46915491183104513,0.87179736956988885,0.063614539605195239,-0.0028003907937653033,-0.70641520349320941,-0.80530743765255408,-0.42250145545648549,0.18957464864032397,0.1106648335765459,0.47304172648215298,-0.17287944068738315,-0.39505273412511732,1.0,0.4543823600000001,0.20558417227290249,-0.36969658948879752,-0.56928069841258144,-0.52017891915773495,-0.42051091047594397,0.60168810736858747,0.40491694772349462,0.20625846281406227,0.675132661997498,-0.1273008570856593,0.075002163599112326,0.060591189748924676,0.28772293163661095,-0.13346114449949442
0.13332906000000011,-0.020012420000000031,0.15947361999999998,-0.15750173999999995,0.70453147999999999,0.48222670000000001,0.42699562000000002,-0.70344287999999999,-0.40238331999999999,0.63630991999999997,0.81788860000000008,-0.11025081999999997,0.61100248000000001,0.28715723999999998,-0.38077812,-0.50068447999999999,-0.53087148000000006,-0.51669816000000002,0.72850919999999997,-0.20852930000000003,0.99629954000000009,0.41559718000000001,0.036405360000000053,0.4543823600000001,1.0,0.57611556000000008,-0.85296726,-0.52337968000000001,-0.72427532000000006,-0.31814673999999998,0.52998692000000003,-0.035024480000000024,0.74529277999999999,0.80435838000000004,-0.21553051999999995,0.68868609999999997,-0.45884183999999995,-0.24760724000000001,0.50216043999999993
0.3321527627162969,0.14145090633036025,0.31494779282082064,0.13897275503652068,0.089528943681584455,0.30419291536300513,0.042049849729990672,-0.47310727030664296,-0.61131541331160388,0.5805825448023495,0.35027380794619983,0.10525018673860864,0.33583960362776866,0.077418402743776246,-0.4584089983341279,-0.19673207768675061,-0.34772996210104268,-0.074604251929367371,0.019866652456506095,0.1117470644678461,0.55648898195764729,0.52126889554525013,0.25809755575443682,0.20558417227290249,0.57611556000000008,1.0,-0.41887582535029233,-0.0076411881481164221,-0.0097369319487211961,-0.19799308769909113,0.048440934307892869,-0.38872895026933701,0.14037126636496738,0.47632329263198286,0.21074542375225136,0.063268342875667724,-0.30149907237215923,-0.14037720645124246,-0.064181380464814239
-0.23744107000804573,0.112028759530875,-0.12928443986792934,0.0072685245800353394,-0.75911218923265134,-0.66120268385742198,-0.42732561990357482,0.73002720492319739,0.043039834403852298,-0.50803816721491146,-0.95407646229910825,0.35044215075895779,-0.44155373374259732,-0.12859212731620712,0.23550318485289382,0.44379069267146426,0.36031524421007827,0.67618885233446913,-0.65274871257193157,-0.0023098205342631751,-0.87862516532630786,-0.099252315796993534,-0.3762462325368498,-0.36969658948879752,-0.85296726,-0.41887582535029233,1.0,0.16422845167144315,0.7616060153935541,0.57300787239330941,-0.67249921594167061,-0.22645893198691133,-0.85709468884728091,-0.59685606363727239,0.49020799048303815,-0.67988184623957626,0.42550350158177641,0.40606505755717348,-0.3011178560095118
0.097702973921795361,0.18089672997138706,0.12706197225961899,0.38828562877828143,-0.4693929745701893,0.12302554176462896,-0.17033819113998153,0.33699057441232416,0.19647858501016852,-0.28727034565030973,-0.12427260281612341,0.046388908663496833,-0.59632421259886748,-0.20483958121421839,0.062336924920385083,0.47159370480368873,0.52707564304782384,0.24614316810554546,-0.51897644707895774,0.31576274623794454,-0.50838194939582249,-0.19035415297125585,0.66539479157876946,-0.56928069841258144,-0.52337968000000001,-0.0076411881481164221,0.16422845167144315,1.0,0.50611594874225152,-0.047587487856687455,-0.33094842695323734,-0.05179673471169504,-0.26120515267930139,-0.5784019616821815,-0.11846539846130588,-0.28548989075506537,0.13866481177939316,-0.24912674422768347,-0.53021443754872377
-0.11271833933976391,0.41015103073911235,0.11257805652640956,0.13556693191076946,-0.91337181759132857,-0.48201272347648688,-0.4750952923363827,0.63807245108635136,-0.23092268537800362,-0.38638688270817251,-0.75054399364241065,0.54551767892123404,-0.45944480689763989,-0.16179464309284688,-0.12722361776779362,0.68287856431817973,0.30238185628653746,0.79490060982822563,-0.7998576201698977,0.017945265449555173,-0.76175758178788278,0.19687074027489546,0.080532996628478709,-0.52017891915773495,-0.72427532000000006,-0.0097369319487211961,0.7616060153935541,0.50611594874225152,1.0,0.44749232598348748,-0.84521729677044366,-0.4988422094786174,-0.79567912506409666,-0.54712101552554593,0.49137392081004616,-0.61295807720998807,0.28197727420768354,0.38974636913448274,-0.56258966729163906
-0.41348479358489459,0.39007131627406999,0.23098515776305856,-0.51165152048635609,-0.57108913973467235,-0.43670668503458776,-0.21693644784565597,0.62055224564185152,-0.44399102745532104,-0.52216341349835915,-0.44812871118626263,0.69896225517592181,-0.23184592360537057,0.017590297866288723,-0.21267339003215724,0.57443114878459178,0.13428401156102321,0.65178950284490889,-0.24666498387232716,-0.5219533325068344,-0.37856485283322477,0.45227922376126506,-0.15208377527094247,-0.42051091047594397,-0.31814673999999998,-0.19799308769909113,0.57300787239330941,-0.047587487856687455,0.44749232598348748,1.0,-0.7052925169429497,-0.58464427765137361,-0.33034319678829671,-0.2591243151893356,0.49337194742088508,0.039132150361967613,-0.096205128990135655,0.018494050138804619,0.060073813325468531
0.41135717425910201,-0.68726493465118188,-0.10664556964432692,0.047739502384910315,0.90572044470595259,0.58651667239299332,0.41569392662854909,-0.81785513104253038,0.49081952353346969,0.39808418427742248,0.62979787663538223,-0.87763869571797892,0.33147639573371923,-0.15299282760179433,0.40074454759258393,-0.83245154063020499,-0.17137420205838783,-0.95691914500836894,0.51213256545108143,0.46079647950617675,0.59300467143249203,-0.54937623628541377,0.052005266855830179,0.60168810736858747,0.52998692000000003,0.048440934307892869,-0.67249921594167061,-0.33094842695323734,-0.84521729677044366,-0.7052925169429497,1.0,0.70087182855625285,0.66454004035595882,0.33065004228779371,-0.34735226708747236,0.28201475888699684,-0.23189323201092304,-0.32151310737161987,0.34133285388092283
0.28120352798741849,-0.48200257177472311,-0.65330056131461101,0.27448342493058425,0.55169392981960574,0.14655861532182662,-0.062937829852679844,-0.2604951267645163,0.89408333422668729,0.26702283686241007,0.2068209912436893,-0.72353507841736475,0.1276845564583263,0.030372763537239219,0.36700956374457772,-0.40251406787736177,-0.043948642727785876,-0.55349687478094156,0.32649897053905463,0.32939027695796641,0.03227715955390488,-0.80228049909553423,-0.12915012737400405,0.40491694772349462,-0.035024480000000024,-0.38872895026933701,-0.22645893198691133,-0.05179673471169504,-0.4988422094786174,-0.58464427765137361,0.70087182855625285,1.0,0.30907896605294294,0.081641111342953432,-0.55988639695252129,-0.0080958450957373876,0.43050174973696315,0.055844318074652129,-0.039017053860439598
0.04211990021914943,-0.06927490159759167,0.15936802105639158,-0.28596719863614756,0.84894176970364232,0.71550370390078655,0.40500481798263788,-0.596657560704138,0.045439219015014118,0.30289557181734056,0.94551689470399503,-0.32144260088135129,0.22422600729786324,-0.0055954331674733706,-0.15749906324026305,-0.32304399719556864,-0.17040672950750568,-0.71016236040051628,0.74642368092501166,-0.084709849912463733,0.76661802803793577,-0.0059743682766893466,0.37454511016966663,0.20625846281406227,0.74529277999999999,0.14037126636496738,-0.85709468884728091,-0.26120515267930139,-0.79567912506409666,-0.33034319678829671,0.66454004035595882,0.30907896605294294,1.0,0.40406743833470471,-0.39108237318730033,0.74116505366377738,-0.47516288241733134,-0.49956153427486349,0.51201433914284944
0.14349072427474729,0.093558504219263428,-0.34193605289224704,-0.034641408697692611,0.46545540257390144,-0.058117443574238523,0.068089773548609567,-0.39506167732527975,-0.30157921670204957,0.74297561706828819,0.47499419751966543,0.064301607746119774,0.89619429827484143,0.61496285222768754,-0.5764618810895854,-0.38123184339358313,-0.85735925824484971,-0.16014132235572498,0.6195660010130335,-0.42987717317461877,0.79047809529283308,0.44128587477317788,-0.36664817049304999,0.675132661997498,0.80435838000000004,0.47632329263198286,-0.59685606363727239,-0.5784019616821815,-0.54712101552554593,-0.2591243151893356,0.33065004228779371,0.081641111342953432,0.40406743833470471,1.0,-0.33585598449870591,0.5002198148023913,0.069655379549713792,0.24530319617163376,0.14406362605925405
-0.038235939083843221,-0.062618796352804887,0.54058543680617688,-0.30147464444480954,-0.36374522064539522,-0.085052841404493401,-0.10975998839144988,0.067259315503569062,-0.44122293504520876,-0.32813894676885341,-0.44319823136114372,0.18263462645585679,-0.22697510131549065,-0.50211238247230272,0.14252358385868874,0.070384733226278806,0.18566711926928658,0.22915228073188076,-0.5438240062614772,0.22762636666902422,-0.24636692262586712,0.19344603015194026,-0.0068808044572258587,-0.1273008570856593,-0.21553051999999995,0.21074542375225136,0.49020799048303815,-0.11846539846130588,0.49137392081004616,0.49337194742088508,-0.34735226708747236,-0.55988639695252129,-0.39108237318730033,-0.33585598449870591,1.0,-0.43125292665357523,-0.34999203093970177,0.022365223341080015,0.0065632686964924797
-0.00094261445932890611,0.12348052874885007,0.1199737322337448,-0.33840591855429292,0.49995897383061483,0.29815121004781747,0.54908890450103298,-0.33230023700628691,-0.21817502050606627,0.18784759763531572,0.73972236191141849,0.12254110076612335,0.34103237033088668,0.39400585014627376,-0.32857802005632575,-0.11541310860323449,-0.26950291864141068,-0.28326409706373801,0.73977624226959493,-0.52298894797036155,0.67984336489071395,0.35668684565404524,0.12751250875910103,0.075002163599112326,0.68868609999999997,0.063268342875667724,-0.67988184623957626,-0.28548989075506537,-0.61295807720998807,0.039132150361967613,0.28201475888699684,-0.0080958450957373876,0.74116505366377738,0.5002198148023913,-0.43125292665357523,1.0,-0.40789291047806714,-0.25789330466678334,0.50227410226786673
-0.098896303183062695,0.21360970348276703,-0.90536296275183159,0.5138049174084619,-0.31056553203361059,-0.6153127870607783,-0.62994409430534504,0.53983716244309421,0.41011508062088775,0.24641279740665814,-0.48742102645899138,0.12848258292852655,0.079277418260503385,0.49336148417164971,-0.15898935417885243,0.27199460940489928,-0.13259383091484722,0.4471500938247428,-0.070101828986062542,-0.17433527054177142,-0.45061117844437465,-0.21455029763120428,-0.50511728351381224,0.060591189748924676,-0.45884183999999995,-0.30149907237215923,0.42550350158177641,0.13866481177939316,0.28197727420768354,-0.096205128990135655,-0.23189323201092304,0.43050174973696315,-0.47516288241733134,0.069655379549713792,-0.34999203093970177,-0.40789291047806714,1.0,0.65770254848706,-0.4516023947625693
0.0076094968260752155,0.22281456969428534,-0.5844416132336312,0.11407733926715033,-0.32324000741873671,-0.76517360005742985,-0.37223245373269426,0.30873646806943567,0.023471383342082021,0.16019238914179895,-0.52703243067154193,0.30756492142537839,0.38433684715128119,0.36779130004386285,-0.28227484547889231,0.16090026325006657,-0.45656880598773986,0.50531489374586902,-0.16794322301677683,-0.30675489887126001,-0.26999087199275396,0.11340697956430591,-0.62903666222423238,0.28772293163661095,-0.24760724000000001,-0.14037720645124246,0.40606505755717348,-0.24912674422768347,0.38974636913448274,0.018494050138804619,-0.32151310737161987,0.055844318074652129,-0.49956153427486349,0.24530319617163376,0.022365223341080015,-0.25789330466678334,0.65770254848706,1.0,-0.39976085399653605
-0.37466507584507619,-0.077247076184583527,0.25421676778471264,-0.1627326428442667,0.499609695438193,0.49204346392609644,0.49676069036089721,-0.33140842365309181,-0.20621849716466023,0.1704845949192634,0.42119248229318684,-0.092007159362110888,-0.10869752940923345,0.081185149273167556,0.16241213272303973,-0.30287153364849856,0.22839019664223073,-0.440232905105374,0.71136327913973685,-0.17363369447332619,0.50383260162796695,0.13431277053651347,-0.1705720538929153,-0.13346114449949442,0.50216043999999993,-0.064181380464814239,-0.3011178560095118,-0.53021443754872377,-0.56258966729163906,0.060073813325468531,0.34133285388092283,-0.039017053860439598,0.51201433914284944,0.14406362605925405,0.0065632686964924797,0.50227410226786673,-0.4516023947625693,-0.39976085399653605,1.0
