1.0,0.58810452845007666,-0.7043492227170064,-0.52198080966183857,0.73091517833084907,0.2956559458980032,0.69866185692812988,-0.82852363848569355,0.60492151588829313,-0.64686759744360367,0.47709862144992859,0.79807203590638298,0.12233916956747577,-0.95278671788117264,-0.74613163989025855,-0.40664637789534258,-0.22757320816947071,0.30649197986798427,0.63414820459497645,-0.45115960039523145,-0.24623504313329808,0.25267981802170336,-0.044749682587017572,-0.93375685601625813,-0.96443862650494949,0.10494768189227648,-0.50088198133464723,-0.39634246688254193,-0.58420113505071358,0.71636146079736962,0.89419727604857235,0.71506825669216789,0.83919437372971772,0.30621010753903993,-0.68564233820747977,0.92931667698326859,0.97696713999999996,-0.39618489670147411,0.30137242649407414
0.58810452845007666,1.0,-0.45620454122936727,-0.21204339932496064,0.33379152645057719,0.0051327743756282244,0.44253360669672043,-0.3549982678633089,0.18814134407685335,-0.52920833419700963,0.4687472716959975,0.3225700264889787,0.30871627122624345,-0.63363485004695685,-0.51429389010723381,-0.20191491191019065,0.34751115190535808,-0.17186280682397978,-0.11034185222645114,-0.35184688103954859,-0.30189729899073259,0.4600588815738304,0.42641018454085616,-0.50627338088143303,-0.6661351210542712,-0.33698288984599722,-0.12439355053319527,-0.30148262512544538,0.068359016647888432,0.37841940966560311,0.32451317425523385,0.22329400916495498,0.60839359605663801,-0.091207451056378119,-0.59359456649751874,0.43866302155016512,0.54376416000000005,-0.21891519000997883,0.34501145387795101
-0.7043492227170064,-0.45620454122936727,1.0,0.62622615770954593,-0.52239677451237287,-0.28342453442119259,-0.39363762626904641,0.61795329986315284,-0.69903873764364455,0.23962603414414008,-0.33371110460740011,-0.8156430763959378,-0.13826779241422629,0.78659834269255802,0.74913757226912725,0.60600979952817036,0.19820025040420922,-0.54304693056759734,-0.44829181723233141,0.0015196322557444436,0.29468892243689981,-0.48515423586502471,-0.3101418144057152,0.57019682466373312,0.63193593143230875,-0.37256926909931204,0.64505719581084719,-0.031604201257381795,0.46710734417820654,-0.81739637930221454,-0.60910337735403086,-0.64642775167731115,-0.78681587241939688,-0.19963704916088665,0.68187804774139038,-0.61761448058869117,-0.74758848,0.21608884702860687,-0.42831344129039151
-0.52198080966183857,-0.21204339932496064,0.62622615770954593,1.0,-0.50772295370139153,0.25084154564094296,-0.33452988633067043,0.52762752538946001,-0.47234862749117923,0.26436644079865335,-0.47933815918671169,-0.60683257483601039,0.048156530276051129,0.50530114517273339,0.61818865303818249,0.27282073801560008,-0.10643442654871327,-0.70288733280313842,-0.48473370172255204,-0.15228798331861165,0.63613542034963932,-0.36882042960298711,0.24983387134092089,0.44672969637049692,0.41520666696415143,-0.040613898931794762,0.41193697289583614,0.013919681320840519,0.13385817153648924,-0.6955891572524211,-0.33636217744961439,-0.26923777472121507,-0.65228286571728178,-0.565982931883666,0.68429328393451316,-0.42749170991687124,-0.56467968000000002,-0.11607688065578348,-0.027241813368834456
0.73091517833084907,0.33379152645057719,-0.52239677451237287,-0.50772295370139153,1.0,0.1272172892475989,0.59979797176844163,-0.88317363642875835,0.18321724935289799,-0.85094060232923996,0.48604326576383167,0.42821260174601589,0.24210416373773078,-0.6310348573511495,-0.3612259263362797,-0.032593410223728886,9.0124040507838857e-05,0.33129885261318054,0.69283803475683137,-0.34590807434087301,-0.34364722597642172,0.47565928171351224,-0.37163806318122361,-0.88119086437924976,-0.81554364570694704,-0.19416580176087739,-0.0347079659283374,-0.74317321498843025,-0.37249586439532917,0.39049241234556437,0.72155215491897584,0.22752348664651009,0.63136587453622917,0.59197153557624227,-0.42588436468262358,0.85831854369876392,0.75653254000000003,-0.17891471735675976,-0.36786090660261528
0.2956559458980032,0.0051327743756282244,-0.28342453442119259,0.25084154564094296,0.1272172892475989,1.0,0.088995059490272505,-0.21280171863834574,0.36060271035319885,0.047663580445450382,-0.38294803020771517,0.34801921918236639,0.20290070909211544,-0.38990602628980486,-0.10008582767011961,-0.56357585295510659,-0.67861763208976167,-0.080729356559854221,0.19745888398371891,-0.513708782905688,0.62191018954606747,0.050956203557994684,0.30464797502115071,-0.23003502510184465,-0.28655329167155202,0.62916949330863925,-0.36214729382091393,0.019145663734403288,-0.71828368178809021,0.18786767480475669,0.51898497795656739,0.63456807253343139,-0.10529816957071261,-0.40963218478269564,0.17243920231591861,0.30606416924557162,0.28372029999999993,-0.55059886771786581,0.43782255265187076
0.69866185692812988,0.44253360669672043,-0.39363762626904641,-0.33452988633067043,0.59979797176844163,0.088995059490272505,1.0,-0.39185067415309743,0.45152801402094978,-0.48219259344550813,0.36137265305769417,0.60407376799479628,-0.46137741159430523,-0.62500649166381772,-0.38100284724286493,0.017882070560595893,0.015988352082766989,0.43553966314519804,0.53375243034799802,-0.53288701320572252,-0.5036857555629406,0.52897045546722765,-0.21337782803420577,-0.72455845609748903,-0.7094395039554896,-0.25149712572489746,-0.41007467591285507,-0.27772699856024091,-0.16390109224655564,0.229630013389021,0.58138213362921876,0.37102733053397419,0.69566389221437608,0.51294545576359329,-0.40316093857898549,0.74650162287221511,0.7519050599999999,-0.46658899040473473,0.02059049531518703
-0.82852363848569355,-0.3549982678633089,0.61795329986315284,0.52762752538946001,-0.88317363642875835,-0.21280171863834574,-0.39185067415309743,1.0,-0.35406944892991371,0.76268261402840576,-0.54736970074392577,-0.5501339869854629,-0.43893221517470116,0.77143709789440096,0.56770154320642341,0.21077675270178356,0.24240409317257861,-0.20385718205834344,-0.72384716948238925,0.29240635296015016,0.13967752893501545,-0.20801743405514483,0.20323590156317123,0.8998296113610551,0.85364512468138687,-0.088651622938155317,0.19099592911870972,0.62939112649940687,0.61999268635162075,-0.65748437288356831,-0.8508089057865007,-0.48261759558399664,-0.65839474036239443,-0.37363517485929826,0.58337609812182489,-0.87513299639583941,-0.81940553999999999,0.072971444560002013,0.096090642411569449
0.60492151588829313,0.18814134407685335,-0.69903873764364455,-0.47234862749117923,0.18321724935289799,0.36060271035319885,0.45152801402094978,-0.35406944892991371,1.0,0.16339033664418268,0.35836555763573164,0.94160322639117489,-0.27875450869262519,-0.73144247892716496,-0.78165176112927603,-0.42668361933643145,-0.57155630433557247,0.52403915034612436,0.61280203960245361,-0.28402751344136423,-0.18477002526748434,0.24779686907958753,0.21417557528059439,-0.44906472738732389,-0.44269901577255161,0.5977833671850824,-0.98069772787964105,0.42172660001995793,-0.61129900817071603,0.8063527279777819,0.6255712844974386,0.86716586533506557,0.57514202857742502,0.066160827989812127,-0.66665660302689034,0.53558293676328728,0.69493125999999994,-0.076121929527154963,0.60091092016335179
-0.64686759744360367,-0.52920833419700963,0.23962603414414008,0.26436644079865335,-0.85094060232923996,0.047663580445450382,-0.48219259344550813,0.76268261402840576,0.16339033664418268,1.0,-0.44610582047521263,-0.11287225547105029,-0.40313335681366785,0.49161127664325144,0.21304498020774382,-0.06952782603970431,-0.28115827683872913,0.051885501359601793,-0.34723677875557835,0.33809505774266257,0.26525332632624699,-0.23955577345779677,0.34099563413432477,0.7921627903269286,0.78768202736464077,0.50226670310962751,-0.30852809234089268,0.93478440610728475,0.1197529105012401,-0.16231483538907054,-0.53675698375659264,0.0028872767023431223,-0.52422519870849271,-0.42666859510573851,0.31638122863500379,-0.70501430499968587,-0.58901673999999993,0.21764513871813385,0.37776645454530944
0.47709862144992859,0.4687472716959975,-0.33371110460740011,-0.47933815918671169,0.48604326576383167,-0.38294803020771517,0.36137265305769417,-0.54736970074392577,0.35836555763573164,-0.44610582047521263,1.0,0.37757726651687074,0.12164274530014683,-0.49177569660207943,-0.57307358345881898,0.34114342099667799,0.1468922167132177,0.14180768435152724,0.49331702674117789,-0.19356416357061931,-0.60499121365694419,0.33611283473187292,-0.1066324542702114,-0.57202396619109885,-0.50299825404212395,-0.27887452006511093,-0.21130852029751609,-0.2541998942788728,-0.02327007377891141,0.55529579777637184,0.37439686976065883,0.12104485568758687,0.61468023537900418,0.37956657653286519,-0.83967919322729434,0.52035560510018453,0.55237862000000004,0.53525786978841994,-0.17768799750759176
0.79807203590638298,0.3225700264889787,-0.8156430763959378,-0.60683257483601039,0.42821260174601589,0.34801921918236639,0.60407376799479628,-0.5501339869854629,0.94160322639117489,-0.11287225547105029,0.37757726651687074,1.0,-0.19685153282282825,-0.86966238781640726,-0.845080913566016,-0.51826446933060222,-0.4595721492097134,0.58849837671718197,0.67993409946414962,-0.31579045079979934,-0.2743227410296788,0.3229307525741501,0.10034857812597113,-0.65451670875047596,-0.66234271639379771,0.4780365410437929,-0.90170792662107557,0.173619831973894,-0.6341294075081424,0.84598979477812764,0.75882163601129482,0.87237387542987133,0.74538419260108768,0.20515928058546287,-0.71207646262949487,0.72265213764347136,0.86161292,-0.24836045060493006,0.52871791101172871
0.12233916956747577,0.30871627122624345,-0.13826779241422629,0.048156530276051129,0.24210416373773078,0.20290070909211544,-0.46137741159430523,-0.43893221517470116,-0.27875450869262519,-0.40313335681366785,0.12164274530014683,-0.19685153282282825,1.0,-0.16286213458264501,-0.089654320793893919,-0.21172536898404259,0.011708809740903995,-0.51591860613395357,-0.1507232335997124,-0.013429352315481367,0.37990144661128233,-0.068996533552034778,0.27690789520041448,-0.1595215501592811,-0.22905730597729057,0.063845332991584208,0.37971343742378943,-0.46916198584037111,-0.21377563758918283,0.20482593843990513,0.1681378929073292,-0.017589773405208172,-0.06924332231135244,-0.35857075477504752,-0.091994135159823021,0.091497507552310217,0.029538620000000071,0.16343717175075911,-0.034368312537017914
-0.95278671788117264,-0.63363485004695685,0.78659834269255802,0.50530114517273339,-0.6310348573511495,-0.38990602628980486,-0.62500649166381772,0.77143709789440096,-0.73144247892716496,0.49161127664325144,-0.49177569660207943,-0.86966238781640726,-0.16286213458264501,1.0,0.82212544731986126,0.46320483749275165,0.33722364778715214,-0.24984351079797312,-0.59826145809560938,0.50113594159225539,0.16663515675245114,-0.35856777215362634,-0.16898598311730897,0.86584091609748826,0.91394025081268893,-0.25879845883157432,0.63487734951202124,0.22862844871472213,0.64461917166695104,-0.80937987605329575,-0.89186419320444799,-0.81190124526117646,-0.79029742455904706,-0.10735264480619537,0.73827265526765151,-0.88084679699427026,-0.95955846,0.31619815975967558,-0.44019743642424841
-0.74613163989025855,-0.51429389010723381,0.74913757226912725,0.61818865303818249,-0.3612259263362797,-0.10008582767011961,-0.38100284724286493,0.56770154320642341,-0.78165176112927603,0.21304498020774382,-0.57307358345881898,-0.845080913566016,-0.089654320793893919,0.82212544731986126,1.0,0.49338579275336247,0.1989849005705438,-0.39036746700012198,-0.49471030094471047,0.24203737215290677,0.36452719999621686,-0.20387112368233218,-0.11991455041222526,0.60108669173403562,0.6424681120964425,-0.27586910377748136,0.71157270463124145,-0.087751913450315924,0.44476390765426732,-0.91363264433868685,-0.61517791490477192,-0.69982842766444853,-0.7396786920720525,-0.12094390904143579,0.89539555914288149,-0.6080081471902985,-0.78097055999999998,-0.041014365102630748,-0.51652116508234491
-0.40664637789534258,-0.20191491191019065,0.60600979952817036,0.27282073801560008,-0.032593410223728886,-0.56357585295510659,0.017882070560595893,0.21077675270178356,-0.42668361933643145,-0.06952782603970431,0.34114342099667799,-0.51826446933060222,-0.21172536898404259,0.46320483749275165,0.49338579275336247,1.0,0.261959115559112,-0.28044782032303334,0.01292496951812816,-0.036927915859185721,-0.19740331418652018,0.077980498574167972,-0.30041991629821052,0.13568261664838507,0.28393201451728356,-0.57357823648437367,0.46891161867396375,-0.22092230142109603,0.45241999429759683,-0.53036408738184271,-0.31397026643294018,-0.61024216287150768,-0.24884663131110851,0.24026930743387648,0.17966578177495474,-0.17231230746940435,-0.33939021999999996,0.53248433042775623,-0.72825420179227651
-0.22757320816947071,0.34751115190535808,0.19820025040420922,-0.10643442654871327,9.0124040507838857e-05,-0.67861763208976167,0.015988352082766989,0.24240409317257861,-0.57155630433557247,-0.28115827683872913,0.1468922167132177,-0.4595721492097134,0.011708809740903995,0.33722364778715214,0.1989849005705438,0.261959115559112,1.0,0.0039554622610609097,-0.52460621068535795,0.33810747030001548,-0.60890825008466554,0.19731055492810817,-0.15829470503849691,0.19913155428383833,0.12774452459556396,-0.84794342367912157,0.56423108821558909,-0.24018496544823073,0.8895641729943331,-0.33458100082152376,-0.5755329627660063,-0.74695270412999304,0.085396404519241645,0.31042501942929168,-0.03283647932558742,-0.3089966589240109,-0.26303933999999995,0.12157999849265232,-0.35236061725938922
0.30649197986798427,-0.17186280682397978,-0.54304693056759734,-0.70288733280313842,0.33129885261318054,-0.080729356559854221,0.43553966314519804,-0.20385718205834344,0.52403915034612436,0.051885501359601793,0.14180768435152724,0.58849837671718197,-0.51591860613395357,-0.24984351079797312,-0.39036746700012198,-0.28044782032303334,0.0039554622610609097,1.0,0.51060517158486018,0.23947109792545529,-0.63901348865275187,0.30181503248654107,-0.35901268228814825,-0.22514691324779176,-0.16036267234212098,0.15275075195745227,-0.53698339441371723,0.25274273508042933,-0.085517471673245068,0.42218134538906049,0.18495785715230798,0.23938372394569643,0.52256663606609721,0.70706247491336061,-0.37393181927847596,0.28171326738909053,0.40140946,-0.094472329922801454,0.022593812356077166
0.63414820459497645,-0.11034185222645114,-0.44829181723233141,-0.48473370172255204,0.69283803475683137,0.19745888398371891,0.53375243034799802,-0.72384716948238925,0.61280203960245361,-0.34723677875557835,0.49331702674117789,0.67993409946414962,-0.1507232335997124,-0.59826145809560938,-0.49471030094471047,0.01292496951812816,-0.52460621068535795,0.51060517158486018,1.0,-0.36332587554002038,-0.22370241590175366,0.19038254678721606,-0.44193512908629135,-0.7430898838955784,-0.58146280648934556,0.27846223105273293,-0.49935075811944946,-0.24094320241472383,-0.67204295352924959,0.55435474626744996,0.7911364496701081,0.55340874489685454,0.51144005482312904,0.52206347647550344,-0.47081569120357797,0.79506880714801398,0.7302064399999999,0.047707132819354681,-0.16759987073418131
-0.45115960039523145,-0.35184688103954859,0.0015196322557444436,-0.15228798331861165,-0.34590807434087301,-0.513708782905688,-0.53288701320572252,0.29240635296015016,-0.28402751344136423,0.33809505774266257,-0.19356416357061931,-0.31579045079979934,-0.013429352315481367,0.50113594159225539,0.24203737215290677,-0.036927915859185721,0.33810747030001548,0.23947109792545529,-0.36332587554002038,1.0,-0.17042654441109958,-0.28752871711553019,0.043752555287882341,0.54868670004302755,0.54127477831991988,0.014463297086696117,0.21928807287685481,0.31602380435499339,0.42022763514976103,-0.091833669666533169,-0.5852524248361205,-0.41512701081697695,-0.079642173946774364,0.16585266773285007,0.13090220657489746,-0.55216113866241068,-0.48360665999999997,0.27698395452584612,-0.081868412809815508
-0.24623504313329808,-0.30189729899073259,0.29468892243689981,0.63613542034963932,-0.34364722597642172,0.62191018954606747,-0.5036857555629406,0.13967752893501545,-0.18477002526748434,0.26525332632624699,-0.60499121365694419,-0.2743227410296788,0.37990144661128233,0.16663515675245114,0.36452719999621686,-0.19740331418652018,-0.60890825008466554,-0.63901348865275187,-0.22370241590175366,-0.17042654441109958,1.0,-0.44651979660576696,0.34707748900673879,0.25652575309518222,0.22341937563229231,0.53033379781296752,0.14642697674702096,0.034931430970365329,-0.4651852213444499,-0.25638433286672585,0.062152131932353638,0.20775546929749447,-0.61444379501603685,-0.73609807782869952,0.59422472283400951,-0.21430330898893335,-0.32738385999999997,-0.22856743575282037,0.23326707251165765
0.25267981802170336,0.4600588815738304,-0.48515423586502471,-0.36882042960298711,0.47565928171351224,0.050956203557994684,0.52897045546722765,-0.20801743405514483,0.24779686907958753,-0.23955577345779677,0.33611283473187292,0.3229307525741501,-0.068996533552034778,-0.35856777215362634,-0.20387112368233218,0.077980498574167972,0.19731055492810817,0.30181503248654107,0.19038254678721606,-0.28752871711553019,-0.44651979660576696,1.0,0.21927143604299942,-0.33192474164143149,-0.34653360366811609,-0.21387514998334778,-0.20921577816615261,-0.10190836469764827,0.089924300513840538,0.1695768070053506,0.20215870372189212,0.028637580593678959,0.400941495915902,0.24097368279776105,-0.32360150231019852,0.35380625423547596,0.37179319999999993,-0.056371712597760193,-0.12914045819183675
-0.044749682587017572,0.42641018454085616,-0.3101418144057152,0.24983387134092089,-0.37163806318122361,0.30464797502115071,-0.21337782803420577,0.20323590156317123,0.21417557528059439,0.34099563413432477,-0.1066324542702114,0.10034857812597113,0.27690789520041448,-0.16898598311730897,-0.11991455041222526,-0.30041991629821052,-0.15829470503849691,-0.35901268228814825,-0.44193512908629135,0.043752555287882341,0.34707748900673879,0.21927143604299942,1.0,0.21627234594480205,0.050357039762273542,0.34413531737046515,-0.26629937296682182,0.40519099503372796,-0.070019591651023144,0.1630746315429813,-0.050707795404761065,0.27716600615310549,0.011740428924926868,-0.67274985136055687,-0.086461967342048265,-0.17349272117464154,-0.065286419999999956,-0.091870343820880329,0.6438027752504244
-0.93375685601625813,-0.50627338088143303,0.57019682466373312,0.44672969637049692,-0.88119086437924976,-0.23003502510184465,-0.72455845609748903,0.8998296113610551,-0.44906472738732389,0.7921627903269286,-0.57202396619109885,-0.65451670875047596,-0.1595215501592811,0.86584091609748826,0.60108669173403562,0.13568261664838507,0.19913155428383833,-0.22514691324779176,-0.7430898838955784,0.54868670004302755,0.25652575309518222,-0.33192474164143149,0.21627234594480205,1.0,0.96882105219570491,0.052225210336484959,0.30768215595018905,0.6134341153656766,0.55347669608458361,-0.56935259965761953,-0.90902945684382974,-0.54738931080053188,-0.75796011493757143,-0.40495234999596796,0.60269937179227839,-0.98568989199750401,-0.93989725999999996,0.26865347950020857,0.02093499628689164
-0.96443862650494949,-0.6661351210542712,0.63193593143230875,0.41520666696415143,-0.81554364570694704,-0.28655329167155202,-0.7094395039554896,0.85364512468138687,-0.44269901577255161,0.78768202736464077,-0.50299825404212395,-0.66234271639379771,-0.22905730597729057,0.91394025081268893,0.6424681120964425,0.28393201451728356,0.12774452459556396,-0.16036267234212098,-0.58146280648934556,0.54127477831991988,0.22341937563229231,-0.34653360366811609,0.050357039762273542,0.96882105219570491,1.0,0.054027732632186964,0.31820199271489924,0.57912225827294728,0.51061554279596932,-0.5901260326688158,-0.87703153613739981,-0.58092108664021769,-0.78750982688545856,-0.28107590594631943,0.61672785156584919,-0.94668291141394334,-0.94225787999999999,0.38733252787570938,-0.1478163638831147
0.10494768189227648,-0.33698288984599722,-0.37256926909931204,-0.040613898931794762,-0.19416580176087739,0.62916949330863925,-0.25149712572489746,-0.088651622938155317,0.5977833671850824,0.50226670310962751,-0.27887452006511093,0.4780365410437929,0.063845332991584208,-0.25879845883157432,-0.27586910377748136,-0.57357823648437367,-0.84794342367912157,0.15275075195745227,0.27846223105273293,0.014463297086696117,0.53033379781296752,-0.21387514998334778,0.34413531737046515,0.052225210336484959,0.054027732632186964,1.0,-0.63514943922625766,0.51648470984269224,-0.74326920588014023,0.46383325857570318,0.34043305545456831,0.71176470219292798,-0.081489314795865408,-0.41004133926832437,-0.013268161497327329,0.062315347763511796,0.12773181999999994,-0.10275884218222325,0.57280741697973259
-0.50088198133464723,-0.12439355053319527,0.64505719581084719,0.41193697289583614,-0.0347079659283374,-0.36214729382091393,-0.41007467591285507,0.19099592911870972,-0.98069772787964105,-0.30852809234089268,-0.21130852029751609,-0.90170792662107557,0.37971343742378943,0.63487734951202124,0.71157270463124145,0.46891161867396375,0.56423108821558909,-0.53698339441371723,-0.49935075811944946,0.21928807287685481,0.14642697674702096,-0.20921577816615261,-0.26629937296682182,0.30768215595018905,0.31820199271489924,-0.63514943922625766,1.0,-0.55683850720235795,0.54762689221443306,-0.72056138303035366,-0.51121999353218861,-0.84340794461981283,-0.49596121490410922,-0.0035590270564227443,0.5618136477133816,-0.40682427321368247,-0.58649028000000003,0.14056024963883917,-0.67753374073712858
-0.39634246688254193,-0.30148262512544538,-0.031604201257381795,0.013919681320840519,-0.74317321498843025,0.019145663734403288,-0.27772699856024091,0.62939112649940687,0.42172660001995793,0.93478440610728475,-0.2541998942788728,0.173619831973894,-0.46916198584037111,0.22862844871472213,-0.087751913450315924,-0.22092230142109603,-0.24018496544823073,0.25274273508042933,-0.24094320241472383,0.31602380435499339,0.034931430970365329,-0.10190836469764827,0.40519099503372796,0.6134341153656766,0.57912225827294728,0.51648470984269224,-0.55683850720235795,1.0,0.082176389315116991,0.114255937768982,-0.39190718719377687,0.19184450692062163,-0.21440841145569547,-0.31750535686139564,0.0054336469356055898,-0.52672990317825963,-0.32843933999999997,0.17200224434783429,0.56556011502687742
-0.58420113505071358,0.068359016647888432,0.46710734417820654,0.13385817153648924,-0.37249586439532917,-0.71828368178809021,-0.16390109224655564,0.61999268635162075,-0.61129900817071603,0.1197529105012401,-0.02327007377891141,-0.6341294075081424,-0.21377563758918283,0.64461917166695104,0.44476390765426732,0.45241999429759683,0.8895641729943331,-0.085517471673245068,-0.67204295352924959,0.42022763514976103,-0.4651852213444499,0.089924300513840538,-0.070019591651023144,0.55347669608458361,0.51061554279596932,-0.74326920588014023,0.54762689221443306,0.082176389315116991,1.0,-0.56674808216638328,-0.84272480713217657,-0.85470795794312315,-0.22401982383213648,0.14197997954470859,0.20522051612702749,-0.62958158598605474,-0.58836253999999999,0.25813521676308637,-0.34167237502026832
0.71636146079736962,0.37841940966560311,-0.81739637930221454,-0.6955891572524211,0.39049241234556437,0.18786767480475669,0.229630013389021,-0.65748437288356831,0.8063527279777819,-0.16231483538907054,0.55529579777637184,0.84598979477812764,0.20482593843990513,-0.80937987605329575,-0.91363264433868685,-0.53036408738184271,-0.33458100082152376,0.42218134538906049,0.55435474626744996,-0.091833669666533169,-0.25638433286672585,0.1695768070053506,0.1630746315429813,-0.56935259965761953,-0.5901260326688158,0.46383325857570318,-0.72056138303035366,0.114255937768982,-0.56674808216638328,1.0,0.64396018919646036,0.73971700527988338,0.68784198336994307,0.1063752539137844,-0.8618161531874905,0.58571133735823655,0.74948454000000009,0.10142476657065291,0.48569233307399784
0.89419727604857235,0.32451317425523385,-0.60910337735403086,-0.33636217744961439,0.72155215491897584,0.51898497795656739,0.58138213362921876,-0.8508089057865007,0.6255712844974386,-0.53675698375659264,0.37439686976065883,0.75882163601129482,0.1681378929073292,-0.89186419320444799,-0.61517791490477192,-0.31397026643294018,-0.5755329627660063,0.18495785715230798,0.7911364496701081,-0.5852524248361205,0.062152131932353638,0.20215870372189212,-0.050707795404761065,-0.90902945684382974,-0.87703153613739981,0.34043305545456831,-0.51121999353218861,-0.39190718719377687,-0.84272480713217657,0.64396018919646036,1.0,0.80008399598878799,0.61162602077968942,0.16527522497035599,-0.4965277697172284,0.94302857743833601,0.90365407999999992,-0.3275731860231415,0.20402703324346874
0.71506825669216789,0.22329400916495498,-0.64642775167731115,-0.26923777472121507,0.22752348664651009,0.63456807253343139,0.37102733053397419,-0.48261759558399664,0.86716586533506557,0.0028872767023431223,0.12104485568758687,0.87237387542987133,-0.017589773405208172,-0.81190124526117646,-0.69982842766444853,-0.61024216287150768,-0.74695270412999304,0.23938372394569643,0.55340874489685454,-0.41512701081697695,0.20775546929749447,0.028637580593678959,0.27716600615310549,-0.54738931080053188,-0.58092108664021769,0.71176470219292798,-0.84340794461981283,0.19184450692062163,-0.85470795794312315,0.73971700527988338,0.80008399598878799,1.0,0.47650289684800307,-0.16370023896763666,-0.46620539849708548,0.62613441836504047,0.72406816000000007,-0.36241334346772375,0.698009929985277
0.83919437372971772,0.60839359605663801,-0.78681587241939688,-0.65228286571728178,0.63136587453622917,-0.10529816957071261,0.69566389221437608,-0.65839474036239443,0.57514202857742502,-0.52422519870849271,0.61468023537900418,0.74538419260108768,-0.06924332231135244,-0.79029742455904706,-0.7396786920720525,-0.24884663131110851,0.085396404519241645,0.52256663606609721,0.51144005482312904,-0.079642173946774364,-0.61444379501603685,0.400941495915902,0.011740428924926868,-0.75796011493757143,-0.78750982688545856,-0.081489314795865408,-0.49596121490410922,-0.21440841145569547,-0.22401982383213648,0.68784198336994307,0.61162602077968942,0.47650289684800307,1.0,0.50821118471278581,-0.80960697278573879,0.75323718975793386,0.85687730000000006,-0.1895916283588911,0.22153273780160301
0.30621010753903993,-0.091207451056378119,-0.19963704916088665,-0.565982931883666,0.59197153557624227,-0.40963218478269564,0.51294545576359329,-0.37363517485929826,0.066160827989812127,-0.42666859510573851,0.37956657653286519,0.20515928058546287,-0.35857075477504752,-0.10735264480619537,-0.12094390904143579,0.24026930743387648,0.31042501942929168,0.70706247491336061,0.52206347647550344,0.16585266773285007,-0.73609807782869952,0.24097368279776105,-0.67274985136055687,-0.40495234999596796,-0.28107590594631943,-0.41004133926832437,-0.0035590270564227443,-0.31750535686139564,0.14197997954470859,0.1063752539137844,0.16527522497035599,-0.16370023896763666,0.50821118471278581,1.0,-0.2948357933583528,0.38992621305699859,0.35656080000000001,0.045286820560007268,-0.5109363820506122
-0.68564233820747977,-0.59359456649751874,0.68187804774139038,0.68429328393451316,-0.42588436468262358,0.17243920231591861,-0.40316093857898549,0.58337609812182489,-0.66665660302689034,0.31638122863500379,-0.83967919322729434,-0.71207646262949487,-0.091994135159823021,0.73827265526765151,0.89539555914288149,0.17966578177495474,-0.03283647932558742,-0.37393181927847596,-0.47081569120357797,0.13090220657489746,0.59422472283400951,-0.32360150231019852,-0.086461967342048265,0.60269937179227839,0.61672785156584919,-0.013268161497327329,0.5618136477133816,0.0054336469356055898,0.20522051612702749,-0.8618161531874905,-0.4965277697172284,-0.46620539849708548,-0.80960697278573879,-0.2948357933583528,1.0,-0.57601837789828081,-0.73656348000000005,-0.27150790536241287,-0.28616639536932131
0.92931667698326859,0.43866302155016512,-0.61761448058869117,-0.42749170991687124,0.85831854369876392,0.30606416924557162,0.74650162287221511,-0.87513299639583941,0.53558293676328728,-0.70501430499968587,0.52035560510018453,0.72265213764347136,0.091497507552310217,-0.88084679699427026,-0.6080081471902985,-0.17231230746940435,-0.3089966589240109,0.28171326738909053,0.79506880714801398,-0.55216113866241068,-0.21430330898893335,0.35380625423547596,-0.17349272117464154,-0.98568989199750401,-0.94668291141394334,0.062315347763511796,-0.40682427321368247,-0.52672990317825963,-0.62958158598605474,0.58571133735823655,0.94302857743833601,0.62613441836504047,0.75323718975793386,0.38992621305699859,-0.57601837789828081,1.0,0.95150399999999991,-0.30527039269798084,0.028151757030656126
0.97696713999999996,0.54376416000000005,-0.74758848,-0.56467968000000002,0.75653254000000003,0.28372029999999993,0.7519050599999999,-0.81940553999999999,0.69493125999999994,-0.58901673999999993,0.55237862000000004,0.86161292,0.029538620000000071,-0.95955846,-0.78097055999999998,-0.33939021999999996,-0.26303933999999995,0.40140946,0.7302064399999999,-0.48360665999999997,-0.32738385999999997,0.37179319999999993,-0.065286419999999956,-0.93989725999999996,-0.94225787999999999,0.12773181999999994,-0.58649028000000003,-0.32843933999999997,-0.58836253999999999,0.74948454000000009,0.90365407999999992,0.72406816000000007,0.85687730000000006,0.35656080000000001,-0.73656348000000005,0.95150399999999991,1.0,-0.30612746000000002,0.25187650000000006
-0.39618489670147411,-0.21891519000997883,0.21608884702860687,-0.11607688065578348,-0.17891471735675976,-0.55059886771786581,-0.46658899040473473,0.072971444560002013,-0.076121929527154963,0.21764513871813385,0.53525786978841994,-0.24836045060493006,0.16343717175075911,0.31619815975967558,-0.041014365102630748,0.53248433042775623,0.12157999849265232,-0.094472329922801454,0.047707132819354681,0.27698395452584612,-0.22856743575282037,-0.056371712597760193,-0.091870343820880329,0.26865347950020857,0.38733252787570938,-0.10275884218222325,0.14056024963883917,0.17200224434783429,0.25813521676308637,0.10142476657065291,-0.3275731860231415,-0.36241334346772375,-0.1895916283588911,0.045286820560007268,-0.27150790536241287,-0.30527039269798084,-0.30612746000000002,1.0,-0.3676896765848181
0.30137242649407414,0.34501145387795101,-0.42831344129039151,-0.027241813368834456,-0.36786090660261528,0.43782255265187076,0.02059049531518703,0.096090642411569449,0.60091092016335179,0.37776645454530944,-0.17768799750759176,0.52871791101172871,-0.034368312537017914,-0.44019743642424841,-0.51652116508234491,-0.72825420179227651,-0.35236061725938922,0.022593812356077166,-0.16759987073418131,-0.081868412809815508,0.23326707251165765,-0.12914045819183675,0.6438027752504244,0.02093499628689164,-0.1478163638831147,0.57280741697973259,-0.67753374073712858,0.56556011502687742,-0.34167237502026832,0.48569233307399784,0.20402703324346874,0.698009929985277,0.22153273780160301,-0.5109363820506122,-0.28616639536932131,0.028151757030656126,0.25187650000000006,-0.3676896765848181,1.0
