1.000000000000000000e+00,3.801203838952492697e-01,-7.455729704879636710e-01,3.076869226388133649e-01,7.244745360323696648e-01,3.731636283914672170e-01,3.854601496447674670e-03,3.048449086789957463e-02,2.517910521103138288e-01,9.549598731701124110e-02,-6.217365236391257932e-01,3.560517639626082920e-01,7.813350560384147991e-01,-4.966909165442396357e-01,5.279720090965392965e-01,-1.629951856945256738e-01,-7.083471929002184142e-01,3.876473492181932712e-01,9.047092117599723204e-01,-5.808017993622025532e-01,-5.200963297541583152e-01,-6.350656499272087085e-01,5.762812079451974379e-01,9.296683199999999925e-01,1.875826297225964001e-01,8.029483600263975784e-01,6.748395616054079227e-01,-7.428884983921313356e-01,-7.505844525683308746e-03,6.720268453219001570e-01,-6.418740025117165571e-01,5.343892143147033202e-01,-3.403347369824506474e-01,5.592899063630831780e-01,-4.246874127963389811e-01,5.636294036462543566e-01,-7.456225293952686295e-01,5.993805207999477469e-01,6.586921505482787875e-01
3.801203838952492697e-01,1.000000000000000000e+00,-3.705127932174581140e-01,-6.057624574110268556e-01,5.170597849959904790e-01,2.358523316258246405e-01,-4.195274320442645144e-01,3.947480123194732071e-01,1.348180637147029515e-01,-9.569631725189585436e-02,-2.786680723966352691e-01,2.565352047657206563e-02,2.260093046153056617e-01,-1.231083305188868104e-01,1.037415117397343101e-01,-3.556832230734249811e-01,8.732492657586123086e-02,4.262342471092685492e-01,3.352895187781037012e-01,-3.248451181764726303e-02,-1.862052760233855742e-01,-5.655007100950196763e-01,1.605806532385139762e-01,3.069676800000000760e-01,5.418292062608356940e-02,7.695464361631285666e-01,-1.473102066337350913e-01,-3.424555982606776738e-01,-1.302294263610423997e-01,3.634803475874455181e-01,-3.350916111032622990e-01,8.262245393858698161e-01,2.303949131650888382e-01,-4.621286874776821541e-01,-9.984476367477443381e-02,5.051194348873966344e-01,-1.921065956352395743e-01,5.150877875890330637e-02,2.386251761001600968e-01
-7.455729704879636710e-01,-3.705127932174581140e-01,1.000000000000000000e+00,-8.899716438108745686e-02,-3.984141720724889146e-01,-6.763308446087631376e-01,-2.020236916394561599e-01,1.001675519387666136e-01,-4.370485045471123042e-01,-4.835032679828661362e-01,7.635167829268189876e-02,-1.173106243964501527e-01,-4.810124254966871571e-01,7.190700891701851116e-01,-1.068749665171918051e-01,3.877858999114959793e-01,5.865042015651926732e-01,-6.992065562359603970e-01,-7.460917094104103642e-01,3.311595572730186010e-02,6.860347760697693698e-02,4.247282715381830442e-01,-6.433552088890117648e-01,-8.395294600000000607e-01,1.358788334360735428e-01,-6.354354147331972014e-01,-4.219091637252838090e-01,3.809089636117129474e-01,-9.997182117677123891e-02,-8.311980578090142346e-01,5.549531269509295761e-01,-6.504491417032027822e-01,1.549256535060279383e-01,-3.662535571176671612e-01,7.101365395367482680e-01,-4.923897239105778922e-01,7.811855643729577192e-01,-3.918476543000226631e-01,-4.412314430924081932e-01
3.076869226388133649e-01,-6.057624574110268556e-01,-8.899716438108745686e-02,1.000000000000000000e+00,3.849333830684700114e-02,-1.393984302600867198e-01,5.701290926976273488e-01,-6.994874353324322114e-02,3.974308977629881223e-01,2.419550396008912918e-01,-4.291527316993647423e-01,-1.603636285612632661e-01,3.496890221806915333e-01,1.008393535033479393e-01,1.741513238383246565e-02,6.157496190659850210e-01,-6.102539038668606253e-01,-2.552856539952724768e-01,2.170436267082045401e-01,-4.974804502248824645e-01,-1.320578716299043442e-01,-1.248397519709192917e-02,5.405096927065076162e-01,2.586416199999999055e-01,8.930126205334863732e-02,-2.585228844586324737e-01,5.790545742430120990e-01,-2.304616603008547218e-02,-4.625091923011750983e-02,-5.513701479233658331e-02,2.281218247394290743e-01,-3.602713799933789374e-01,-3.028898187028675748e-01,6.443215843335700077e-01,-2.441685753544454995e-01,-2.707055316094131303e-01,-2.865103878006776128e-01,1.949722876693777973e-01,5.150596124388047148e-01
7.244745360323696648e-01,5.170597849959904790e-01,-3.984141720724889146e-01,3.849333830684700114e-02,1.000000000000000000e+00,-5.735913698527464466e-02,-2.925929940010756902e-01,2.135047518162438984e-01,-1.447460796951194339e-02,-2.532492115617380191e-01,-5.918490951320425353e-01,3.530981681881790735e-01,4.884160215647675440e-01,-1.875841868262989598e-01,5.982671467548441591e-01,-3.070777923323552705e-01,-4.420355027123287761e-01,4.021923682264558209e-01,4.227066012887514823e-01,-5.135235106069322430e-01,-5.726566596619675487e-01,-6.287937222093884504e-01,2.152559529560329199e-01,5.568629400000000285e-01,3.060870799141062748e-01,7.566910305489725763e-01,3.281949185367486477e-01,-7.074146107664658345e-01,2.683417099063598044e-01,2.662160108493064614e-01,-3.759709886810052581e-01,4.866287574928747084e-01,-1.445712812545097703e-01,2.315943728624442477e-01,-1.540935522117944378e-01,6.046844869605297879e-01,-3.517144707013347138e-01,4.849685997028090334e-01,3.434835316481986700e-01
3.731636283914672170e-01,2.358523316258246405e-01,-6.763308446087631376e-01,-1.393984302600867198e-01,-5.735913698527464466e-02,1.000000000000000000e+00,-1.048529868417024530e-01,-4.291705219338213251e-01,3.365807226846184719e-02,9.296878617922302301e-02,1.581395859984449648e-01,3.393471507993740532e-01,3.796171963012584527e-01,-6.731733937121554545e-01,-5.165449190577488942e-02,-2.718715552677788971e-01,-5.374895930898138802e-02,3.319392442319367142e-01,4.834060337834348853e-01,-3.143599092036852144e-02,-8.802247737223098389e-02,-8.944297674007109511e-02,2.577009286349611350e-01,5.761137800000000198e-01,2.637155415615561327e-01,2.624116585566628745e-01,3.375988885693493313e-01,-2.410661284778890523e-01,-3.473163308187169895e-01,7.799654544692178337e-01,-6.004938283525194098e-01,2.054095575902010751e-01,-4.038816786408866433e-01,3.051136057326331863e-01,-1.518346443527328893e-01,-1.448344595763462195e-02,-5.578143783893776408e-01,1.572327113472649640e-01,1.343960282434030207e-01
3.854601496447674670e-03,-4.195274320442645144e-01,-2.020236916394561599e-01,5.701290926976273488e-01,-2.925929940010756902e-01,-1.048529868417024530e-01,1.000000000000000000e+00,2.545697981812359845e-01,6.652929974097857579e-01,5.721829066889012605e-01,-3.580895975504282125e-02,-6.003309676267613026e-01,2.664843051909565608e-02,1.921941183343950921e-01,-5.361360419112770614e-01,4.477754095687335734e-01,-2.834830032662271071e-01,-3.685129541275254661e-02,9.745302616833870224e-02,9.474664045083716624e-02,5.033821169951957497e-01,1.211865912749913038e-01,5.955531476869864171e-01,-3.044698000000001237e-02,-3.995762693054003556e-01,-2.549677809923727168e-01,2.107637851752966751e-01,5.484266443860452700e-01,-6.415552038095355403e-02,-1.269998519801518802e-02,4.500246668508763315e-01,-2.577088683441713934e-02,2.632969127004050058e-01,2.096492534942455688e-01,-5.110506995630906824e-01,-1.519931368846483000e-01,-1.935519310924024156e-02,8.547723001691592826e-02,3.697277952800134271e-01
3.048449086789957463e-02,3.947480123194732071e-01,1.001675519387666136e-01,-6.994874353324322114e-02,2.135047518162438984e-01,-4.291705219338213251e-01,2.545697981812359845e-01,1.000000000000000000e+00,2.921997056287706229e-01,-2.038708248802467357e-02,-4.751485364182329030e-01,-4.018869627861668126e-01,-8.017682203334386415e-02,6.068549762822148530e-01,-2.508327967055443697e-01,2.138831792859604009e-01,1.951606990534333064e-01,-2.710715448585860332e-01,4.431986935308430270e-02,-1.699378509059053799e-01,3.223866405645195998e-01,-6.046425146975140663e-01,1.922531390513539662e-01,-2.357703799999999461e-01,-2.362061615892362132e-01,2.920289563608303163e-01,3.739672476290534231e-02,8.382056786974724505e-02,-8.778125001065403832e-02,-3.704408993558155894e-01,3.233768881478002455e-01,3.578569749672145806e-01,3.263405504798272405e-01,-4.729471710607715540e-01,5.147018181999700459e-02,1.872749392316246098e-01,3.801885385924176353e-01,-2.128000988333753618e-01,2.862260218684463120e-01
2.517910521103138288e-01,1.348180637147029515e-01,-4.370485045471123042e-01,3.974308977629881223e-01,-1.447460796951194339e-02,3.365807226846184719e-02,6.652929974097857579e-01,2.921997056287706229e-01,1.000000000000000000e+00,7.046908376977178978e-01,-2.401005900919538361e-01,-7.903127448812967693e-01,1.550449102115104560e-01,9.121036993156528272e-02,-5.135997668655982729e-01,4.500989330480812400e-01,-4.634629345462879524e-01,3.168735707547092328e-01,2.705723534749656101e-01,9.487808509445905258e-02,2.391929904053393674e-01,-1.135188962000913682e-01,9.090472722903235603e-01,2.376479000000000230e-01,-3.488825370444885721e-01,7.808660995626881540e-02,-1.506113117298457649e-02,3.488303591830195227e-01,-1.583707187386849125e-01,2.314299726021317727e-01,3.798870755820465961e-01,4.854467450288005859e-01,4.318337114233071761e-01,-1.055170133503523511e-01,-7.299422470248585482e-01,-4.380589732918771517e-02,-3.524307325388054135e-01,-6.388900412545139851e-03,7.183390464397613195e-01
9.549598731701124110e-02,-9.569631725189585436e-02,-4.835032679828661362e-01,2.419550396008912918e-01,-2.532492115617380191e-01,9.296878617922302301e-02,5.721829066889012605e-01,-2.038708248802467357e-02,7.046908376977178978e-01,1.000000000000000000e+00,3.036223058568975341e-01,-5.184316949214894388e-01,-7.142453499473906675e-02,-3.445240676377949174e-01,-2.561338292251408855e-01,-3.940895098566997434e-02,-5.563338834986338854e-01,4.570436471375055043e-01,2.518598414412206443e-01,5.223036348724134914e-01,3.665323833901993900e-01,9.753939830155980428e-02,5.575730204888810215e-01,2.614813600000001070e-01,-7.887761834959247098e-01,4.536395746048434326e-03,-9.115780157280564677e-02,2.599910068326053980e-01,3.349855963246780033e-01,2.228394187549447569e-01,8.432624122319518079e-02,3.954707002315367426e-01,2.844970783376964962e-01,-2.528543953803100847e-02,-8.714586636365224681e-01,2.189939131063793343e-01,-4.656539718982766751e-01,-8.552667935920620079e-02,2.255063120376477881e-01
-6.217365236391257932e-01,-2.786680723966352691e-01,7.635167829268189876e-02,-4.291527316993647423e-01,-5.918490951320425353e-01,1.581395859984449648e-01,-3.580895975504282125e-02,-4.751485364182329030e-01,-2.401005900919538361e-01,3.036223058568975341e-01,1.000000000000000000e+00,-2.778171964338612895e-02,-6.153781978161161348e-01,-3.334545383262008666e-01,-2.512736122342446587e-01,-4.648275897511964239e-01,2.942411382935511965e-01,2.737150357032455128e-01,-4.665850259068768935e-01,8.757308706151757383e-01,4.451538555060588487e-01,6.308764767277031948e-01,-4.533107196822251939e-01,-3.544209200000000282e-01,-4.444328990655269096e-01,-4.520941614982557644e-01,-5.623782438333249090e-01,4.386693592610956260e-01,3.480724854738482255e-01,-1.935657649772627373e-02,4.810485890303409229e-02,-1.921315243969285436e-01,1.989019584103841887e-01,-2.135406145138527279e-01,-1.043578726654296879e-01,-7.857088728858208082e-02,1.414613884374387454e-01,-2.454743018274504474e-01,-7.293173885099930587e-01
3.560517639626082920e-01,2.565352047657206563e-02,-1.173106243964501527e-01,-1.603636285612632661e-01,3.530981681881790735e-01,3.393471507993740532e-01,-6.003309676267613026e-01,-4.018869627861668126e-01,-7.903127448812967693e-01,-5.184316949214894388e-01,-2.778171964338612895e-02,1.000000000000000000e+00,3.312834387520144364e-01,-5.276159917124347842e-01,7.849271277977681871e-01,-5.600236906459433728e-01,-3.121576964743270205e-02,-1.716859783154658231e-02,3.159646042314811498e-01,-3.734983698911239491e-01,-5.338318953013965196e-01,-1.851821279880039028e-01,-4.919173504844527867e-01,4.005162600000000683e-01,4.233554548381959770e-01,3.511230518114336618e-01,4.542065447440740145e-01,-7.636368698471778238e-01,1.444291395156860891e-01,2.659748767442556838e-01,-8.060660172196368878e-01,-1.827104881947065329e-01,-7.009842827567511758e-01,5.201023138827710612e-01,3.759901582166896294e-01,3.388924315613446869e-01,-2.257598832199180228e-01,3.719801400778851019e-01,-3.189953422244086734e-01
7.813350560384147991e-01,2.260093046153056617e-01,-4.810124254966871571e-01,3.496890221806915333e-01,4.884160215647675440e-01,3.796171963012584527e-01,2.664843051909565608e-02,-8.017682203334386415e-02,1.550449102115104560e-01,-7.142453499473906675e-02,-6.153781978161161348e-01,3.312834387520144364e-01,1.000000000000000000e+00,-3.137378193479961608e-01,3.873045142627014048e-01,9.146627212321403744e-02,-4.973192070297627887e-01,1.271932385621196704e-01,6.829178147589360925e-01,-6.681917958523257983e-01,-4.947791758928391515e-01,-3.293562230532620649e-01,4.737490375182104585e-01,7.279776399999999814e-01,3.930499992286947131e-01,5.345994941737335360e-01,6.527801411006632915e-01,-5.075714806516210542e-01,-3.101328698939980200e-01,5.327323239895843665e-01,-4.724764220946582882e-01,2.375261482873347596e-01,-4.918746180400837553e-01,5.759387628049061902e-01,-1.858270509399168324e-01,2.854104242897630428e-01,-5.602385046846580785e-01,5.598692370329292345e-01,5.186692988500146706e-01
-4.966909165442396357e-01,-1.231083305188868104e-01,7.190700891701851116e-01,1.008393535033479393e-01,-1.875841868262989598e-01,-6.731733937121554545e-01,1.921941183343950921e-01,6.068549762822148530e-01,9.121036993156528272e-02,-3.445240676377949174e-01,-3.334545383262008666e-01,-5.276159917124347842e-01,-3.137378193479961608e-01,1.000000000000000000e+00,-4.713881551689820260e-01,6.751544774486113454e-01,5.048738411075031074e-01,-6.755780567268844239e-01,-5.565042644062714317e-01,-1.852911620385207792e-01,3.150613767798541853e-01,-9.678688102748855826e-05,-9.726617512122723297e-02,-7.480402400000000229e-01,1.208959843424335379e-01,-4.210446578735336232e-01,-2.269735995529412742e-01,4.996926599385031476e-01,-3.113987120832143463e-01,-7.444428251542183350e-01,7.892726547069031096e-01,-3.179848713572054897e-01,3.446975431461326012e-01,-4.763799500838556966e-01,4.851497055389033530e-01,-5.073908452122951607e-01,7.912378816229506118e-01,-4.234316663945281167e-01,5.374675839000764288e-02
5.279720090965392965e-01,1.037415117397343101e-01,-1.068749665171918051e-01,1.741513238383246565e-02,5.982671467548441591e-01,-5.165449190577488942e-02,-5.361360419112770614e-01,-2.508327967055443697e-01,-5.135997668655982729e-01,-2.561338292251408855e-01,-2.512736122342446587e-01,7.849271277977681871e-01,3.873045142627014048e-01,-4.713881551689820260e-01,1.000000000000000000e+00,-4.820885787799108479e-01,-4.400211667495333434e-01,1.467985342948624206e-01,4.186887510846903360e-01,-3.763750508830480124e-01,-7.307232246438001289e-01,-2.660517973200900443e-01,-2.869295877035333286e-01,5.186976400000000709e-01,1.737672322881832210e-01,5.159019775830218091e-01,3.556779204721253196e-01,-8.627598732005234972e-01,4.288350215429351242e-01,1.543546250564009625e-01,-7.011739854648055825e-01,7.250578833885718000e-02,-4.656300385079830129e-01,4.522574007701141707e-01,6.131666431944483853e-02,6.040866977026539963e-01,-3.994385621069588277e-01,4.401834601904393574e-01,-7.575908880182108396e-02
-1.629951856945256738e-01,-3.556832230734249811e-01,3.877858999114959793e-01,6.157496190659850210e-01,-3.070777923323552705e-01,-2.718715552677788971e-01,4.477754095687335734e-01,2.138831792859604009e-01,4.500989330480812400e-01,-3.940895098566997434e-02,-4.648275897511964239e-01,-5.600236906459433728e-01,9.146627212321403744e-02,6.751544774486113454e-01,-4.820885787799108479e-01,1.000000000000000000e+00,3.014128283227156951e-02,-5.820434899883025759e-01,-1.723795470497282989e-01,-3.873092353321744286e-01,5.331871730774322832e-02,1.563600969742298119e-01,4.051988783363246749e-01,-2.821859799999999474e-01,2.557020689298802330e-01,-4.963500317970153120e-01,1.057953916544317613e-01,4.399095538321920462e-01,-5.940670088175534769e-01,-3.486077258623677677e-01,6.614254184777521584e-01,-3.846642932962904271e-01,8.002676819838044908e-02,1.324284812503136177e-02,1.659659395330193021e-01,-7.068810020033113872e-01,2.182437149793566566e-01,-1.771427544178253433e-01,5.028022469569722874e-01
-7.083471929002184142e-01,8.732492657586123086e-02,5.865042015651926732e-01,-6.102539038668606253e-01,-4.420355027123287761e-01,-5.374895930898138802e-02,-2.834830032662271071e-01,1.951606990534333064e-01,-4.634629345462879524e-01,-5.563338834986338854e-01,2.942411382935511965e-01,-3.121576964743270205e-02,-4.973192070297627887e-01,5.048738411075031074e-01,-4.400211667495333434e-01,3.014128283227156951e-02,1.000000000000000000e+00,-4.771553661337756269e-01,-6.204611278835665544e-01,2.092072636443052525e-01,4.104218991258844484e-01,1.741627927993378289e-01,-6.222220997060967651e-01,-7.578059600000000007e-01,2.099084028054655215e-01,-3.694503863541522271e-01,-4.119996252364050426e-01,4.229021437704741926e-01,-3.636115917740547210e-01,-3.947742245996708199e-01,2.830868004967043716e-01,-3.236460292415469508e-01,1.771291781066021420e-01,-5.858654664424183256e-01,7.490063405578084588e-01,-4.395205609132912805e-01,8.012028644993521853e-01,-4.912673026670420495e-01,-5.286285783801135674e-01
3.876473492181932712e-01,4.262342471092685492e-01,-6.992065562359603970e-01,-2.552856539952724768e-01,4.021923682264558209e-01,3.319392442319367142e-01,-3.685129541275254661e-02,-2.710715448585860332e-01,3.168735707547092328e-01,4.570436471375055043e-01,2.737150357032455128e-01,-1.716859783154658231e-02,1.271932385621196704e-01,-6.755780567268844239e-01,1.467985342948624206e-01,-5.820434899883025759e-01,-4.771553661337756269e-01,1.000000000000000000e+00,3.015420076422227202e-01,4.167816778999861027e-01,-1.701918681676896361e-01,4.991028619923645188e-03,3.298177068067666418e-01,5.325089599999999201e-01,-2.558882341206120126e-01,4.837860887962989187e-01,-2.371675775615632586e-01,-1.573051656780669605e-01,3.887825396232897357e-01,6.376216486986816534e-01,-3.191498011446441962e-01,6.902358071848810894e-01,2.785180989069854784e-01,4.262902174899659696e-02,-7.405355293577777775e-01,5.709819110238226747e-01,-6.151807444061578867e-01,4.102172676200503965e-01,1.121437186687620352e-01
9.047092117599723204e-01,3.352895187781037012e-01,-7.460917094104103642e-01,2.170436267082045401e-01,4.227066012887514823e-01,4.834060337834348853e-01,9.745302616833870224e-02,4.431986935308430270e-02,2.705723534749656101e-01,2.518598414412206443e-01,-4.665850259068768935e-01,3.159646042314811498e-01,6.829178147589360925e-01,-5.565042644062714317e-01,4.186887510846903360e-01,-1.723795470497282989e-01,-6.204611278835665544e-01,3.015420076422227202e-01,1.000000000000000000e+00,-4.127163429686478424e-01,-3.543991835357803155e-01,-5.618869454773538497e-01,5.459830442489113089e-01,8.916379400000000732e-01,-2.247135630661194552e-02,7.570082777426193621e-01,6.454698800074727405e-01,-6.390768904142175577e-01,-1.130170899637043397e-01,6.974278914193482448e-01,-7.063600907575329213e-01,5.416829416763324634e-01,-3.240220794035261198e-01,5.015622732934242878e-01,-4.547154299412820566e-01,5.497684730980088030e-01,-7.426592453935364491e-01,5.296414159560454138e-01,6.168533449959666681e-01
-5.808017993622025532e-01,-3.248451181764726303e-02,3.311595572730186010e-02,-4.974804502248824645e-01,-5.135235106069322430e-01,-3.143599092036852144e-02,9.474664045083716624e-02,-1.699378509059053799e-01,9.487808509445905258e-02,5.223036348724134914e-01,8.757308706151757383e-01,-3.734983698911239491e-01,-6.681917958523257983e-01,-1.852911620385207792e-01,-3.763750508830480124e-01,-3.873092353321744286e-01,2.092072636443052525e-01,4.167816778999861027e-01,-4.127163429686478424e-01,1.000000000000000000e+00,5.184165108500594643e-01,5.093472149773018431e-01,-2.305400380376416425e-01,-3.718578200000000056e-01,-6.796554755155630456e-01,-2.930663268736134475e-01,-7.538222381003423234e-01,5.508141106516880603e-01,3.815284273042161001e-01,-4.884702004662734576e-02,2.138717831009394055e-01,1.589279596843388154e-01,5.728139211171280332e-01,-5.046245352427096709e-01,-3.386203319762888242e-01,6.549789109300961643e-02,1.294172114492628811e-01,-3.077650177441131896e-01,-5.008774452392894538e-01
-5.200963297541583152e-01,-1.862052760233855742e-01,6.860347760697693698e-02,-1.320578716299043442e-01,-5.726566596619675487e-01,-8.802247737223098389e-02,5.033821169951957497e-01,3.223866405645195998e-01,2.391929904053393674e-01,3.665323833901993900e-01,4.451538555060588487e-01,-5.338318953013965196e-01,-4.947791758928391515e-01,3.150613767798541853e-01,-7.307232246438001289e-01,5.331871730774322832e-02,4.104218991258844484e-01,-1.701918681676896361e-01,-3.543991835357803155e-01,5.184165108500594643e-01,1.000000000000000000e+00,7.190434241402035576e-02,-7.105837916628478246e-03,-5.336373400000000711e-01,-5.680075196955247652e-01,-3.769534345616170623e-01,-2.493448982693288185e-01,6.698818687615322176e-01,4.531069395481100714e-02,-2.238347893230290542e-01,4.387981992614495286e-01,-5.472874694648943716e-02,3.721657344013717950e-01,-4.221998167208041997e-01,-9.842590107274523659e-02,-2.121001488653839750e-01,5.178286130432457890e-01,-5.326094920188818582e-01,-2.764937735793177587e-01
-6.350656499272087085e-01,-5.655007100950196763e-01,4.247282715381830442e-01,-1.248397519709192917e-02,-6.287937222093884504e-01,-8.944297674007109511e-02,1.211865912749913038e-01,-6.046425146975140663e-01,-1.135188962000913682e-01,9.753939830155980428e-02,6.308764767277031948e-01,-1.851821279880039028e-01,-3.293562230532620649e-01,-9.678688102748855826e-05,-2.660517973200900443e-01,1.563600969742298119e-01,1.741627927993378289e-01,4.991028619923645188e-03,-5.618869454773538497e-01,5.093472149773018431e-01,7.190434241402035576e-02,1.000000000000000000e+00,-2.904099327815675702e-01,-4.308879399999999693e-01,-4.552588902887085009e-02,-7.280884132974119183e-01,-5.249014274444001593e-01,6.181799711562825372e-01,-2.717123418593406572e-02,-2.147601019357576468e-01,3.838248285207976340e-01,-5.187496840749807880e-01,1.596208443106537089e-01,2.147044135438382767e-02,3.039869121667248403e-02,-4.563312024382077392e-01,1.775297058372047598e-01,6.658421777201106728e-03,-4.376712176687422295e-01
5.762812079451974379e-01,1.605806532385139762e-01,-6.433552088890117648e-01,5.405096927065076162e-01,2.152559529560329199e-01,2.577009286349611350e-01,5.955531476869864171e-01,1.922531390513539662e-01,9.090472722903235603e-01,5.575730204888810215e-01,-4.533107196822251939e-01,-4.919173504844527867e-01,4.737490375182104585e-01,-9.726617512122723297e-02,-2.869295877035333286e-01,4.051988783363246749e-01,-6.222220997060967651e-01,3.298177068067666418e-01,5.459830442489113089e-01,-2.305400380376416425e-01,-7.105837916628478246e-03,-2.904099327815675702e-01,1.000000000000000000e+00,5.494768199999999769e-01,-8.780367577129162548e-02,2.764117911382177883e-01,3.392555812453650343e-01,3.785375344972342904e-02,-2.442054266180611610e-01,4.505133775860689638e-01,9.986305961977129386e-02,4.752294800619186743e-01,1.079155331302847909e-01,2.266994402934351949e-01,-6.974663566110586022e-01,3.407376370180167924e-02,-5.731849006557607762e-01,2.352535051271157918e-01,8.603393320572280123e-01
9.296683199999999925e-01,3.069676800000000760e-01,-8.395294600000000607e-01,2.586416199999999055e-01,5.568629400000000285e-01,5.761137800000000198e-01,-3.044698000000001237e-02,-2.357703799999999461e-01,2.376479000000000230e-01,2.614813600000001070e-01,-3.544209200000000282e-01,4.005162600000000683e-01,7.279776399999999814e-01,-7.480402400000000229e-01,5.186976400000000709e-01,-2.821859799999999474e-01,-7.578059600000000007e-01,5.325089599999999201e-01,8.916379400000000732e-01,-3.718578200000000056e-01,-5.336373400000000711e-01,-4.308879399999999693e-01,5.494768199999999769e-01,1.000000000000000000e+00,1.121901000000000703e-01,7.075615399999999333e-01,6.011659199999999093e-01,-7.042040000000000521e-01,4.909837999999999703e-02,7.848889999999999478e-01,-7.349742200000000114e-01,5.048789199999998978e-01,-4.036252000000000173e-01,6.017677999999999638e-01,-5.317753800000000197e-01,5.283180999999999017e-01,-9.198833200000000598e-01,5.730002000000000706e-01,5.389330199999999849e-01
1.875826297225964001e-01,5.418292062608356940e-02,1.358788334360735428e-01,8.930126205334863732e-02,3.060870799141062748e-01,2.637155415615561327e-01,-3.995762693054003556e-01,-2.362061615892362132e-01,-3.488825370444885721e-01,-7.887761834959247098e-01,-4.444328990655269096e-01,4.233554548381959770e-01,3.930499992286947131e-01,1.208959843424335379e-01,1.737672322881832210e-01,2.557020689298802330e-01,2.099084028054655215e-01,-2.558882341206120126e-01,-2.247135630661194552e-02,-6.796554755155630456e-01,-5.680075196955247652e-01,-4.552588902887085009e-02,-8.780367577129162548e-02,1.121901000000000703e-01,1.000000000000000000e+00,1.387283701219511932e-03,3.160894809786791160e-01,-2.910598451957620014e-01,-5.057324122662303356e-01,1.075121764655954104e-01,-1.296957620582683268e-01,-3.278481290738962106e-01,-4.300905034191708776e-01,2.967136101497291900e-01,5.941529670926948281e-01,-4.025904315019513957e-01,2.332351824231738632e-02,1.955764043637691074e-01,1.540255927285082149e-01
8.029483600263975784e-01,7.695464361631285666e-01,-6.354354147331972014e-01,-2.585228844586324737e-01,7.566910305489725763e-01,2.624116585566628745e-01,-2.549677809923727168e-01,2.920289563608303163e-01,7.808660995626881540e-02,4.536395746048434326e-03,-4.520941614982557644e-01,3.511230518114336618e-01,5.345994941737335360e-01,-4.210446578735336232e-01,5.159019775830218091e-01,-4.963500317970153120e-01,-3.694503863541522271e-01,4.837860887962989187e-01,7.570082777426193621e-01,-2.930663268736134475e-01,-3.769534345616170623e-01,-7.280884132974119183e-01,2.764117911382177883e-01,7.075615399999999333e-01,1.387283701219511932e-03,1.000000000000000000e+00,3.263768134502735285e-01,-7.096561901791097471e-01,1.074577684471391126e-01,5.443586927648790263e-01,-6.751043408034186344e-01,8.078855421648183377e-01,-9.241455475251579565e-02,8.469518332670984695e-02,-3.129541284898660902e-01,8.125456250604592423e-01,-4.951388236116798791e-01,4.406373613270395673e-01,3.761839153564426885e-01
6.748395616054079227e-01,-1.473102066337350913e-01,-4.219091637252838090e-01,5.790545742430120990e-01,3.281949185367486477e-01,3.375988885693493313e-01,2.107637851752966751e-01,3.739672476290534231e-02,-1.506113117298457649e-02,-9.115780157280564677e-02,-5.623782438333249090e-01,4.542065447440740145e-01,6.527801411006632915e-01,-2.269735995529412742e-01,3.556779204721253196e-01,1.057953916544317613e-01,-4.119996252364050426e-01,-2.371675775615632586e-01,6.454698800074727405e-01,-7.538222381003423234e-01,-2.493448982693288185e-01,-5.249014274444001593e-01,3.392555812453650343e-01,6.011659199999999093e-01,3.160894809786791160e-01,3.263768134502735285e-01,1.000000000000000000e+00,-5.504060075903731697e-01,-1.363232890495899019e-01,2.993797615365068054e-01,-4.664222220873046054e-01,-9.463810849049225649e-02,-6.917232714087213630e-01,7.253488444601262630e-01,2.427680099066110986e-04,1.093422267083844213e-01,-3.967751203492334011e-01,3.016588204821361030e-01,4.132011181767022423e-01
-7.428884983921313356e-01,-3.424555982606776738e-01,3.809089636117129474e-01,-2.304616603008547218e-02,-7.074146107664658345e-01,-2.410661284778890523e-01,5.484266443860452700e-01,8.382056786974724505e-02,3.488303591830195227e-01,2.599910068326053980e-01,4.386693592610956260e-01,-7.636368698471778238e-01,-5.075714806516210542e-01,4.996926599385031476e-01,-8.627598732005234972e-01,4.399095538321920462e-01,4.229021437704741926e-01,-1.573051656780669605e-01,-6.390768904142175577e-01,5.508141106516880603e-01,6.698818687615322176e-01,6.181799711562825372e-01,3.785375344972342904e-02,-7.042040000000000521e-01,-2.910598451957620014e-01,-7.096561901791097471e-01,-5.504060075903731697e-01,1.000000000000000000e+00,-2.220982331793564524e-01,-3.569993183015865434e-01,8.089931708053897941e-01,-2.605752101813649801e-01,5.768654825516704721e-01,-4.217816504972310976e-01,-4.523394492920484317e-02,-5.634136488604466475e-01,5.153249773366300746e-01,-3.576795895594994112e-01,-1.726944910378786779e-01
-7.505844525683308746e-03,-1.302294263610423997e-01,-9.997182117677123891e-02,-4.625091923011750983e-02,2.683417099063598044e-01,-3.473163308187169895e-01,-6.415552038095355403e-02,-8.778125001065403832e-02,-1.583707187386849125e-01,3.349855963246780033e-01,3.480724854738482255e-01,1.444291395156860891e-01,-3.101328698939980200e-01,-3.113987120832143463e-01,4.288350215429351242e-01,-5.940670088175534769e-01,-3.636115917740547210e-01,3.887825396232897357e-01,-1.130170899637043397e-01,3.815284273042161001e-01,4.531069395481100714e-02,-2.717123418593406572e-02,-2.442054266180611610e-01,4.909837999999999703e-02,-5.057324122662303356e-01,1.074577684471391126e-01,-1.363232890495899019e-01,-2.220982331793564524e-01,1.000000000000000000e+00,-1.662952514406559335e-01,-1.358372002839604020e-01,1.271436744128769947e-01,9.538584955616336014e-02,-1.458213630216829981e-04,-3.423111788392022015e-01,5.117708436450918441e-01,-9.141054411643155519e-02,-6.885266234864578783e-02,-3.930960080122830602e-01
6.720268453219001570e-01,3.634803475874455181e-01,-8.311980578090142346e-01,-5.513701479233658331e-02,2.662160108493064614e-01,7.799654544692178337e-01,-1.269998519801518802e-02,-3.704408993558155894e-01,2.314299726021317727e-01,2.228394187549447569e-01,-1.935657649772627373e-02,2.659748767442556838e-01,5.327323239895843665e-01,-7.444428251542183350e-01,1.543546250564009625e-01,-3.486077258623677677e-01,-3.947742245996708199e-01,6.376216486986816534e-01,6.974278914193482448e-01,-4.884702004662734576e-02,-2.238347893230290542e-01,-2.147601019357576468e-01,4.505133775860689638e-01,7.848889999999999478e-01,1.075121764655954104e-01,5.443586927648790263e-01,2.993797615365068054e-01,-3.569993183015865434e-01,-1.662952514406559335e-01,1.000000000000000000e+00,-6.545925422895630952e-01,5.151492172300088379e-01,-9.074562879718038599e-02,3.954555018304967140e-01,-4.769061383684533029e-01,3.612257062966087728e-01,-7.311102264727314948e-01,4.812770996323968986e-01,3.924259497587007650e-01
-6.418740025117165571e-01,-3.350916111032622990e-01,5.549531269509295761e-01,2.281218247394290743e-01,-3.759709886810052581e-01,-6.004938283525194098e-01,4.500246668508763315e-01,3.233768881478002455e-01,3.798870755820465961e-01,8.432624122319518079e-02,4.810485890303409229e-02,-8.060660172196368878e-01,-4.724764220946582882e-01,7.892726547069031096e-01,-7.011739854648055825e-01,6.614254184777521584e-01,2.830868004967043716e-01,-3.191498011446441962e-01,-7.063600907575329213e-01,2.138717831009394055e-01,4.387981992614495286e-01,3.838248285207976340e-01,9.986305961977129386e-02,-7.349742200000000114e-01,-1.296957620582683268e-01,-6.751043408034186344e-01,-4.664222220873046054e-01,8.089931708053897941e-01,-1.358372002839604020e-01,-6.545925422895630952e-01,1.000000000000000000e+00,-3.189458449628312375e-01,5.093532188954087436e-01,-4.235123680505621935e-01,7.122223125371991703e-02,-5.901166459651095986e-01,5.805485149058985384e-01,-3.755962338315956828e-01,1.162455609277874766e-02
5.343892143147033202e-01,8.262245393858698161e-01,-6.504491417032027822e-01,-3.602713799933789374e-01,4.866287574928747084e-01,2.054095575902010751e-01,-2.577088683441713934e-02,3.578569749672145806e-01,4.854467450288005859e-01,3.954707002315367426e-01,-1.921315243969285436e-01,-1.827104881947065329e-01,2.375261482873347596e-01,-3.179848713572054897e-01,7.250578833885718000e-02,-3.846642932962904271e-01,-3.236460292415469508e-01,6.902358071848810894e-01,5.416829416763324634e-01,1.589279596843388154e-01,-5.472874694648943716e-02,-5.187496840749807880e-01,4.752294800619186743e-01,5.048789199999998978e-01,-3.278481290738962106e-01,8.078855421648183377e-01,-9.463810849049225649e-02,-2.605752101813649801e-01,1.271436744128769947e-01,5.151492172300088379e-01,-3.189458449628312375e-01,1.000000000000000000e+00,3.809729605229706939e-01,-2.993573227932229686e-01,-6.049748866720285889e-01,6.786945804099796531e-01,-4.529874001721013732e-01,1.783449513532960329e-01,4.215963932997053298e-01
-3.403347369824506474e-01,2.303949131650888382e-01,1.549256535060279383e-01,-3.028898187028675748e-01,-1.445712812545097703e-01,-4.038816786408866433e-01,2.632969127004050058e-01,3.263405504798272405e-01,4.318337114233071761e-01,2.844970783376964962e-01,1.989019584103841887e-01,-7.009842827567511758e-01,-4.918746180400837553e-01,3.446975431461326012e-01,-4.656300385079830129e-01,8.002676819838044908e-02,1.771291781066021420e-01,2.785180989069854784e-01,-3.240220794035261198e-01,5.728139211171280332e-01,3.721657344013717950e-01,1.596208443106537089e-01,1.079155331302847909e-01,-4.036252000000000173e-01,-4.300905034191708776e-01,-9.241455475251579565e-02,-6.917232714087213630e-01,5.768654825516704721e-01,9.538584955616336014e-02,-9.074562879718038599e-02,5.093532188954087436e-01,3.809729605229706939e-01,1.000000000000000000e+00,-6.414058741350339155e-01,-2.772940594781679313e-01,4.042190006437448163e-02,2.834513002250170777e-01,-2.083305320119303028e-01,8.929878794098967953e-02
5.592899063630831780e-01,-4.621286874776821541e-01,-3.662535571176671612e-01,6.443215843335700077e-01,2.315943728624442477e-01,3.051136057326331863e-01,2.096492534942455688e-01,-4.729471710607715540e-01,-1.055170133503523511e-01,-2.528543953803100847e-02,-2.135406145138527279e-01,5.201023138827710612e-01,5.759387628049061902e-01,-4.763799500838556966e-01,4.522574007701141707e-01,1.324284812503136177e-02,-5.858654664424183256e-01,4.262902174899659696e-02,5.015622732934242878e-01,-5.046245352427096709e-01,-4.221998167208041997e-01,2.147044135438382767e-02,2.266994402934351949e-01,6.017677999999999638e-01,2.967136101497291900e-01,8.469518332670984695e-02,7.253488444601262630e-01,-4.217816504972310976e-01,-1.458213630216829981e-04,3.954555018304967140e-01,-4.235123680505621935e-01,-2.993573227932229686e-01,-6.414058741350339155e-01,1.000000000000000000e+00,-1.715304350979135750e-01,9.860056762531563268e-02,-5.185056006450189381e-01,6.782082713613561964e-01,2.279069450579784273e-01
-4.246874127963389811e-01,-9.984476367477443381e-02,7.101365395367482680e-01,-2.441685753544454995e-01,-1.540935522117944378e-01,-1.518346443527328893e-01,-5.110506995630906824e-01,5.147018181999700459e-02,-7.299422470248585482e-01,-8.714586636365224681e-01,-1.043578726654296879e-01,3.759901582166896294e-01,-1.858270509399168324e-01,4.851497055389033530e-01,6.131666431944483853e-02,1.659659395330193021e-01,7.490063405578084588e-01,-7.405355293577777775e-01,-4.547154299412820566e-01,-3.386203319762888242e-01,-9.842590107274523659e-02,3.039869121667248403e-02,-6.974663566110586022e-01,-5.317753800000000197e-01,5.941529670926948281e-01,-3.129541284898660902e-01,2.427680099066110986e-04,-4.523394492920484317e-02,-3.423111788392022015e-01,-4.769061383684533029e-01,7.122223125371991703e-02,-6.049748866720285889e-01,-2.772940594781679313e-01,-1.715304350979135750e-01,1.000000000000000000e+00,-4.575266849043372330e-01,6.499084423456026327e-01,-3.177206110835143482e-01,-4.034803464749636137e-01
5.636294036462543566e-01,5.051194348873966344e-01,-4.923897239105778922e-01,-2.707055316094131303e-01,6.046844869605297879e-01,-1.448344595763462195e-02,-1.519931368846483000e-01,1.872749392316246098e-01,-4.380589732918771517e-02,2.189939131063793343e-01,-7.857088728858208082e-02,3.388924315613446869e-01,2.854104242897630428e-01,-5.073908452122951607e-01,6.040866977026539963e-01,-7.068810020033113872e-01,-4.395205609132912805e-01,5.709819110238226747e-01,5.497684730980088030e-01,6.549789109300961643e-02,-2.121001488653839750e-01,-4.563312024382077392e-01,3.407376370180167924e-02,5.283180999999999017e-01,-4.025904315019513957e-01,8.125456250604592423e-01,1.093422267083844213e-01,-5.634136488604466475e-01,5.117708436450918441e-01,3.612257062966087728e-01,-5.901166459651095986e-01,6.786945804099796531e-01,4.042190006437448163e-02,9.860056762531563268e-02,-4.575266849043372330e-01,1.000000000000000000e+00,-4.024844622165392738e-01,4.702637659947848658e-01,2.297839170213847662e-02
-7.456225293952686295e-01,-1.921065956352395743e-01,7.811855643729577192e-01,-2.865103878006776128e-01,-3.517144707013347138e-01,-5.578143783893776408e-01,-1.935519310924024156e-02,3.801885385924176353e-01,-3.524307325388054135e-01,-4.656539718982766751e-01,1.414613884374387454e-01,-2.257598832199180228e-01,-5.602385046846580785e-01,7.912378816229506118e-01,-3.994385621069588277e-01,2.182437149793566566e-01,8.012028644993521853e-01,-6.151807444061578867e-01,-7.426592453935364491e-01,1.294172114492628811e-01,5.178286130432457890e-01,1.775297058372047598e-01,-5.731849006557607762e-01,-9.198833200000000598e-01,2.332351824231738632e-02,-4.951388236116798791e-01,-3.967751203492334011e-01,5.153249773366300746e-01,-9.141054411643155519e-02,-7.311102264727314948e-01,5.805485149058985384e-01,-4.529874001721013732e-01,2.834513002250170777e-01,-5.185056006450189381e-01,6.499084423456026327e-01,-4.024844622165392738e-01,1.000000000000000000e+00,-4.765087287094851298e-01,-5.007746607683295492e-01
5.993805207999477469e-01,5.150877875890330637e-02,-3.918476543000226631e-01,1.949722876693777973e-01,4.849685997028090334e-01,1.572327113472649640e-01,8.547723001691592826e-02,-2.128000988333753618e-01,-6.388900412545139851e-03,-8.552667935920620079e-02,-2.454743018274504474e-01,3.719801400778851019e-01,5.598692370329292345e-01,-4.234316663945281167e-01,4.401834601904393574e-01,-1.771427544178253433e-01,-4.912673026670420495e-01,4.102172676200503965e-01,5.296414159560454138e-01,-3.077650177441131896e-01,-5.326094920188818582e-01,6.658421777201106728e-03,2.352535051271157918e-01,5.730002000000000706e-01,1.955764043637691074e-01,4.406373613270395673e-01,3.016588204821361030e-01,-3.576795895594994112e-01,-6.885266234864578783e-02,4.812770996323968986e-01,-3.755962338315956828e-01,1.783449513532960329e-01,-2.083305320119303028e-01,6.782082713613561964e-01,-3.177206110835143482e-01,4.702637659947848658e-01,-4.765087287094851298e-01,1.000000000000000000e+00,2.909775979278975688e-01
6.586921505482787875e-01,2.386251761001600968e-01,-4.412314430924081932e-01,5.150596124388047148e-01,3.434835316481986700e-01,1.343960282434030207e-01,3.697277952800134271e-01,2.862260218684463120e-01,7.183390464397613195e-01,2.255063120376477881e-01,-7.293173885099930587e-01,-3.189953422244086734e-01,5.186692988500146706e-01,5.374675839000764288e-02,-7.575908880182108396e-02,5.028022469569722874e-01,-5.286285783801135674e-01,1.121437186687620352e-01,6.168533449959666681e-01,-5.008774452392894538e-01,-2.764937735793177587e-01,-4.376712176687422295e-01,8.603393320572280123e-01,5.389330199999999849e-01,1.540255927285082149e-01,3.761839153564426885e-01,4.132011181767022423e-01,-1.726944910378786779e-01,-3.930960080122830602e-01,3.924259497587007650e-01,1.162455609277874766e-02,4.215963932997053298e-01,8.929878794098967953e-02,2.279069450579784273e-01,-4.034803464749636137e-01,2.297839170213847662e-02,-5.007746607683295492e-01,2.909775979278975688e-01,1.000000000000000000e+00
