1.0,-0.44314462812243816,0.53513274264703148,-0.01704880961418621,0.41124249573288979,-0.18588197891160177,0.81944606148790367,0.57344657549807565,0.43112524351251691,-0.19767774960740703,0.56269859819515411,-0.88289200594966155,0.35661743621594166,0.66086017960603904,-0.51506874547460613,-0.41901675542918276,0.35095663927150922,0.057478402614967672,0.053047073032254852,-0.2394213340643595,-0.19178215656539374,-0.32047264499809536,-0.024445297089910497,0.84886340226398038,0.19782922213779408,-0.78426421222404741,0.57895998449145292,0.028806700000000074,-0.0162147029734378,-0.21892379975676618,-0.44401795122610294,0.41480005769349609,-0.65296957557645463,0.30196632253580791,0.73607276395607313,-0.2104887986971036,0.19179058913770031,0.71884321502507342,-0.089054653161333472
-0.44314462812243816,1.0,0.12844612181955495,-0.24857746512443057,0.40222264104236422,0.24003465512636657,-0.11167875498471687,-0.14379993228447377,-0.52237507134583705,-0.31439445967626495,-0.1909839058609116,0.60229946381158361,0.42287061585554603,-0.28723538186892078,0.36672743039816824,0.72661901793096662,0.42357382625892703,0.40279430437349817,0.49788450571753007,-0.30747593420127578,0.15622146881973822,0.1023331596380499,-0.48264551622915203,-0.46871692408628862,-0.43644561177628616,0.067955134857537389,-0.50174914911462198,0.38909020000000005,0.10028506606256937,0.35627893641763247,0.75975721739323177,-0.069371106135759683,0.50542925201279454,-0.015513979362064821,-0.52231160945841759,-0.1751240425662805,-0.44333787663515578,-0.082889361539014828,0.65230512427533183
0.53513274264703148,0.12844612181955495,1.0,0.087399501799331702,0.75798434971057249,-0.39336250767287334,0.72919563611567384,0.64761531534119643,0.27881669105055423,-0.28372849079778006,0.48248099395494587,-0.20296494535996337,0.43164701980552611,0.57668011461998225,-0.5965386255633327,-0.20026833570512906,0.35878718320050002,0.073696536953368447,0.55217396092805116,-0.31671935652334221,-0.2332322759435852,-0.36630101148105443,-0.10857917155354156,0.64424388196744065,0.15064461550774316,-0.73758279573947128,0.4278980887835358,0.11652665999999989,0.15013861204818701,-0.13859462684270032,-0.0054443894792073752,0.42865005796481348,-0.5299548576826989,0.29801594915313068,0.51859464778890974,-0.31122964400810671,0.082804235825032893,0.65240824091882199,0.27198061415086522
-0.01704880961418621,-0.24857746512443057,0.087399501799331702,1.0,0.2598492843928949,-0.55718048592219604,-0.25721885227309127,0.34418071107337211,0.2119879933485514,0.83598711007038828,-0.0046598498932455996,-0.060146947278475998,-0.67702023480197626,0.17700287545046164,-0.36942765583277848,-0.062683950340960651,-0.092349099990595776,-0.31345146980155403,-0.29694243967296552,0.72829206735940344,-0.86895589809455176,0.30362192044902253,0.928978683520858,0.25183242073923084,0.94011128185931603,0.25041464755950532,0.75386290170172177,-0.921574,0.64583392289273522,-0.78438642438614747,-0.68612227856681018,-0.69285321513368892,-0.19860264099470798,-0.43672349954043416,0.18450365419097792,-0.11555111591309215,0.88110705991537352,-0.32728339325792261,0.28521671181890967
0.41124249573288979,0.40222264104236422,0.75798434971057249,0.2598492843928949,1.0,-0.35097389345223035,0.53304836186524918,0.72682656211326313,0.22999706734175726,-0.0048824113933635402,0.16116200599173217,-0.14809190996951616,0.29671714409736816,0.27761079859053234,-0.52619723220355896,0.19458745417704773,0.43652643303677557,0.37655016682843268,0.40588563112633957,-0.25356660572482365,-0.56896051191474517,0.10498887782373259,0.027450744058730277,0.42932684437382151,0.30249869969998472,-0.57430489964086051,0.45088994822941647,-0.13340870000000005,0.23156148484688754,-0.13203669695920553,-0.03101261504166232,-0.023740309247071434,-0.12132248525626177,-0.12960762566303025,0.18956939456178878,-0.6158479554420806,0.24535759744397917,0.32850867595640942,0.54932093377467639
-0.18588197891160177,0.24003465512636657,-0.39336250767287334,-0.55718048592219604,-0.35097389345223035,1.0,-0.11245125876883473,-0.64610187649199968,-0.61154104022747791,-0.48117167290484397,-0.22787249255217007,0.27214918005706767,0.30853396204217759,-0.31858883599265753,0.61783802743728278,0.28925619395556179,-0.036514338105196269,0.028566981847148128,-0.094174619006381577,-0.15417572461572987,0.56590782653133709,-0.15594793783326705,-0.54349284771038209,-0.50386448164081299,-0.69474504750243604,0.25239539879525419,-0.72487559693057368,0.5671920399999999,-0.29881543603351263,0.55624346177191486,0.63540422122594131,0.35126778514969764,0.30094603170330508,0.2689882871210974,-0.49388055723207036,0.3609352737667017,-0.45931323086777764,-0.088501305154043253,-0.042869067372573538
0.81944606148790367,-0.11167875498471687,0.72919563611567384,-0.25721885227309127,0.53304836186524918,-0.11245125876883473,1.0,0.5725790019262903,0.32678927185623408,-0.51926028136905389,0.62540006731133402,-0.61118500344839521,0.70315349244842551,0.67082110217084423,-0.47950401361012751,-0.26944613063907413,0.50153095695821748,0.17180838305654167,0.34609760621939833,-0.57765326683110996,0.043815055139913392,-0.47993055144708546,-0.37311892477221897,0.79228184352302178,-0.10116611945305624,-0.94498971517739438,0.35273150571666062,0.3717063599999999,-0.10305308236419716,0.0011227623093248058,-0.071591095163498306,0.68087195314807669,-0.62010169340845034,0.51852588932670263,0.66388861357037299,-0.26077872106958944,-0.14693742276757016,0.9038383847820517,0.0111581925693985
0.57344657549807565,-0.14379993228447377,0.64761531534119643,0.34418071107337211,0.72682656211326313,-0.64610187649199968,0.5725790019262903,1.0,0.80123066482994365,0.28433511364107056,0.083101059911948522,-0.50288662181124844,0.074499183563029231,0.26701393739285512,-0.93401894101207661,-0.28554942388880983,0.16923859374229477,0.46927050888720573,-0.037118602502630237,-0.31895781088484654,-0.55621678238921557,0.28264038145080156,0.23961356808860557,0.66166273470285075,0.54058980210033225,-0.68955579095583486,0.71431670458272412,-0.34743776000000004,-0.092549916046186648,-0.15232198798223262,-0.43436649042557079,0.015073059177992962,-0.23363608477071082,-0.29546953997187353,0.4521313503080977,-0.81744436320107405,0.49761305393507155,0.33061534085322819,-0.063221929646326835
0.43112524351251691,-0.52237507134583705,0.27881669105055423,0.2119879933485514,0.22999706734175726,-0.61154104022747791,0.32678927185623408,0.80123066482994365,1.0,0.39857703507526876,-0.1420446792538787,-0.50159273679809102,-0.2121863845551267,0.0045136587521155212,-0.89253984916964202,-0.53750221118643082,-0.31003075878707831,0.39935264257114489,-0.30618782729563493,-0.26069518056956037,-0.34816367456709407,0.40260656715980381,0.31716776575094846,0.47252529123560866,0.48530507590851357,-0.43911259457283719,0.55909255681890069,-0.38750859999999998,-0.4281817371397737,0.0075391844441621992,-0.53940847808451164,-0.0024534897042801699,-0.10773375042806416,-0.43406053480266571,0.33041642055127396,-0.69201398209144815,0.47791548283842666,0.087185492033255874,-0.59180470331712187
-0.19767774960740703,-0.31439445967626495,-0.28372849079778006,0.83598711007038828,-0.0048824113933635402,-0.48117167290484397,-0.51926028136905389,0.28433511364107056,0.39857703507526876,1.0,-0.44087568377874736,-0.027460293201587025,-0.86179142625352678,-0.28284396293649217,-0.35573053339189858,-0.074002456223631802,-0.38952282875705185,0.00013171351007733052,-0.61199097356792065,0.61465308033929378,-0.72738995927731931,0.70493229778415589,0.89836724116235767,-0.059719912710765523,0.84736700766465045,0.44526966570091814,0.53105312663488802,-0.94932402000000005,0.23015603931437073,-0.45725087824514499,-0.63903869617107434,-0.82604822664281752,0.22062339294987313,-0.77066527242295257,-0.11335148308850777,-0.30838967440035414,0.86938949175289992,-0.65717870580281956,-0.08646349842712904
0.56269859819515411,-0.1909839058609116,0.48248099395494587,-0.0046598498932455996,0.16116200599173217,-0.22787249255217007,0.62540006731133402,0.083101059911948522,-0.1420446792538787,-0.44087568377874736,1.0,-0.48149505179893681,0.47896267024201916,0.96293396573399326,0.012094725126699291,-0.21258733911344901,0.63081810754936618,-0.51298789006531931,0.48003803519213317,0.019352689721761813,0.062818564713234978,-0.85636403110863224,-0.11378223576841595,0.74563081650877006,0.0069889506827942142,-0.53438509639956866,0.39543578004377095,0.23325506000000007,0.52454263621462194,-0.55125278141347644,-0.25217590997140538,0.40642574621845118,-0.8969467693381602,0.79678554480936692,0.82007311429003538,0.42015760812803243,-0.19629754838748467,0.83280980545557903,0.32157879554091096
-0.88289200594966155,0.60229946381158361,-0.20296494535996337,-0.060146947278475998,-0.14809190996951616,0.27214918005706767,-0.61118500344839521,-0.50288662181124844,-0.50159273679809102,-0.027460293201587025,-0.48149505179893681,1.0,-0.17610553665837425,-0.56589318777823594,0.44863417297835434,0.47009102471787534,-0.31835618036390978,-0.063126018895332772,0.21216229085504915,0.11012043284219411,0.17312453827718882,0.16241851615077393,-0.11661895209973692,-0.78783273615122218,-0.29530567618399067,0.62139045083397648,-0.61607819037780964,0.12371537999999993,0.033022304566343474,0.30829200885496716,0.62698047881140551,-0.20321262687674266,0.56576700294812521,-0.17987550328390073,-0.74818569607136187,0.19217444165753647,-0.27232845713373183,-0.55901193871680643,0.24592589447315472
0.35661743621594166,0.42287061585554603,0.43164701980552611,-0.67702023480197626,0.29671714409736816,0.30853396204217759,0.70315349244842551,0.074499183563029231,-0.2121863845551267,-0.86179142625352678,0.47896267024201916,-0.17610553665837425,1.0,0.38498863648937748,0.103432789846475,0.1434395796054905,0.69522171753077966,0.2906661719883229,0.52861457586026073,-0.75680296472682362,0.55036772199436979,-0.54774984405028282,-0.86296914424614313,0.27728645877625346,-0.67672580650906944,-0.68773332636676332,-0.28419323006453856,0.84496396000000007,-0.17653814660484507,0.37705446019350458,0.54331320308176667,0.74818623481102897,-0.23828443280783956,0.66381087809592865,0.24213877066815687,-0.047298067450332111,-0.70285033038691846,0.79180089878262694,0.20065116956752521
0.66086017960603904,-0.28723538186892078,0.57668011461998225,0.17700287545046164,0.27761079859053234,-0.31858883599265753,0.67082110217084423,0.26701393739285512,0.0045136587521155212,-0.28284396293649217,0.96293396573399326,-0.56589318777823594,0.38498863648937748,1.0,-0.19443269180671754,-0.30888483529270355,0.59092209042905741,-0.49000670886456549,0.35670246850944087,0.067979859442933291,-0.1267277958562161,-0.76421264215530404,0.044791683019423358,0.86562866684780293,0.20655733500317,-0.59690372643064282,0.58770077505459695,0.06024238000000004,0.5480024215786542,-0.63677016788173979,-0.40021084593024353,0.36361711957473686,-0.95578968088459815,0.68368229437241979,0.89558634998854036,0.28553045733357912,0.027269853061157725,0.82133456565919916,0.29561886722973668
-0.51506874547460613,0.36672743039816824,-0.5965386255633327,-0.36942765583277848,-0.52619723220355896,0.61783802743728278,-0.47950401361012751,-0.93401894101207661,-0.89253984916964202,-0.35573053339189858,0.012094725126699291,0.44863417297835434,0.103432789846475,-0.19443269180671754,1.0,0.49617000488280594,0.11974282148667453,-0.34088380512451161,0.17872235270166509,0.23019207903766109,0.50601751520713512,-0.27786346682887686,-0.33852222872688842,-0.61591939809126817,-0.57845191750962766,0.57960602934813021,-0.69383937716159316,0.40526569999999995,0.21587239742456418,0.11385955888424874,0.48821489801123685,-0.078790253627901888,0.26618839918488291,0.3221124369627289,-0.43762913045492058,0.72441379697533315,-0.58582248182570262,-0.22859010240164757,0.32006907728206735
-0.41901675542918276,0.72661901793096662,-0.20026833570512906,-0.062683950340960651,0.19458745417704773,0.28925619395556179,-0.26944613063907413,-0.28554942388880983,-0.53750221118643082,-0.074002456223631802,-0.21258733911344901,0.47009102471787534,0.1434395796054905,-0.30888483529270355,0.49617000488280594,1.0,0.28876330650175303,0.2334245206023558,0.26529982970621446,-0.0009710095146297995,-0.00053195990705222351,0.21324515063023067,-0.1978602549721768,-0.48753520060026062,-0.25033770959208329,0.3184261735357376,-0.37968913182682112,0.12851137999999995,0.22700293299799945,0.12469028770441404,0.47519223641500774,-0.32721405576829998,0.49987449324474148,-0.11731488521655409,-0.56759384007291347,-0.021135536409055283,-0.24129342424230982,-0.27272562591359994,0.60637847065502726
0.35095663927150922,0.42357382625892703,0.35878718320050002,-0.092349099990595776,0.43652643303677557,-0.036514338105196269,0.50153095695821748,0.16923859374229477,-0.31003075878707831,-0.38952282875705185,0.63081810754936618,-0.31835618036390978,0.69522171753077966,0.59092209042905741,0.11974282148667453,0.28876330650175303,1.0,0.102744688559101,0.39090829514984882,-0.25149104106258674,0.070255607678065102,-0.41712787909080601,-0.36145964966311278,0.42750919920796054,-0.15757944370082941,-0.51801552682109431,0.15809062365053561,0.33013702,0.42308184832949935,-0.23968063728236644,0.12041320462556107,0.2044892665806006,-0.35049116927009455,0.52028126562638288,0.43400455259119108,-0.018455365487580516,-0.27305547290996246,0.64957332862069994,0.6207768608997003
0.057478402614967672,0.40279430437349817,0.073696536953368447,-0.31345146980155403,0.37655016682843268,0.028566981847148128,0.17180838305654167,0.46927050888720573,0.39935264257114489,0.00013171351007733052,-0.51298789006531931,-0.063126018895332772,0.2906661719883229,-0.49000670886456549,-0.34088380512451161,0.2334245206023558,0.102744688559101,1.0,-0.11811069976841612,-0.68444793872821907,0.070271516165378356,0.61323188601564294,-0.36630274101113874,-0.16038443895683227,-0.19875186799830691,-0.31506541205521205,-0.18660369395591572,0.17570269999999999,-0.63033384710800067,0.64395012867570867,0.33101468912791177,0.029435215849664215,0.59451618247516569,-0.44033234761237244,-0.3372005136831816,-0.85155612634009004,-0.066785298571329046,-0.060685240318802514,-0.1703048535780792
0.053047073032254852,0.49788450571753007,0.55217396092805116,-0.29694243967296552,0.40588563112633957,-0.094174619006381577,0.34609760621939833,-0.037118602502630237,-0.30618782729563493,-0.61199097356792065,0.48003803519213317,0.21216229085504915,0.52861457586026073,0.35670246850944087,0.17872235270166509,0.26529982970621446,0.39090829514984882,-0.11811069976841612,1.0,-0.23235417366674593,0.16548406438171187,-0.53637418650883384,-0.42377589315352648,0.11182215230184231,-0.35072974367130172,-0.28996000935592875,-0.16854279697173383,0.47199097999999995,0.26069310254930489,0.016525867289965253,0.41838633457972396,0.28819075145239126,-0.22806576821037736,0.44115659955567699,0.1028043729676081,0.17409753153971522,-0.52350911148887946,0.4546907287629206,0.52938800087480786
-0.2394213340643595,-0.30747593420127578,-0.31671935652334221,0.72829206735940344,-0.25356660572482365,-0.15417572461572987,-0.57765326683110996,-0.31895781088484654,-0.26069518056956037,0.61465308033929378,0.019352689721761813,0.11012043284219411,-0.75680296472682362,0.067979859442933291,0.23019207903766109,-0.0009710095146297995,-0.25149104106258674,-0.68444793872821907,-0.23235417366674593,1.0,-0.50046976583606417,0.04691761400807113,0.79809411239896844,-0.10186793503355054,0.59970403366587666,0.66109401947152868,0.33050245300756009,-0.69692883999999999,0.67815571904509198,-0.71439115407993148,-0.49618762709990599,-0.66674995867524922,-0.13771079267103051,-0.18610891215673547,-0.0076275299699903182,0.48986726461221597,0.5757042777889162,-0.49083602859337111,0.24816827100527181
-0.19178215656539374,0.15622146881973822,-0.2332322759435852,-0.86895589809455176,-0.56896051191474517,0.56590782653133709,0.043815055139913392,-0.55621678238921557,-0.34816367456709407,-0.72738995927731931,0.062818564713234978,0.17312453827718882,0.55036772199436979,-0.1267277958562161,0.50601751520713512,-0.00053195990705222351,0.070255607678065102,0.070271516165378356,0.16548406438171187,-0.50046976583606417,1.0,-0.42090043993745463,-0.81391359636113791,-0.31855288058054188,-0.90618033559418509,-0.021380004374779681,-0.77927687824659664,0.87128248000000008,-0.499086297708975,0.62907174248621645,0.66509408997632014,0.64420412381321968,0.10591286176109195,0.54493501961460478,-0.15138442843939032,0.37897355455923509,-0.8365656867214013,0.2497451813159148,-0.3434230005585755
-0.32047264499809536,0.1023331596380499,-0.36630101148105443,0.30362192044902253,0.10498887782373259,-0.15594793783326705,-0.47993055144708546,0.28264038145080156,0.40260656715980381,0.70493229778415589,-0.85636403110863224,0.16241851615077393,-0.54774984405028282,-0.76421264215530404,-0.27786346682887686,0.21324515063023067,-0.41712787909080601,0.61323188601564294,-0.53637418650883384,0.04691761400807113,-0.42090043993745463,1.0,0.37593620763675234,-0.42938755033712406,0.36163906896738951,0.34779444449075808,0.033113667308617839,-0.54039239999999999,-0.32209647966709887,0.23091818369774175,-0.11848958050514613,-0.64874097833190048,0.7655536004530713,-0.94132009931917315,-0.56451812096599197,-0.67580095125773543,0.48039681658500594,-0.74257437365804824,-0.19089727499318845
-0.024445297089910497,-0.48264551622915203,-0.10857917155354156,0.928978683520858,0.027450744058730277,-0.54349284771038209,-0.37311892477221897,0.23961356808860557,0.31716776575094846,0.89836724116235767,-0.11378223576841595,-0.11661895209973692,-0.86296914424614313,0.044791683019423358,-0.33852222872688842,-0.1978602549721768,-0.36145964966311278,-0.36630274101113874,-0.42377589315352648,0.79809411239896844,-0.81391359636113791,0.37593620763675234,1.0,0.16742304259193955,0.9375923689926815,0.37709941191950547,0.69885145265218163,-0.97494745999999999,0.48200186408883894,-0.72547834311155235,-0.79348734585878888,-0.7311053100283047,-0.13655671567760316,-0.52131265276590821,0.13576017835297605,-0.038428437064335047,0.8951552748950371,-0.46560956875194781,0.028368751501599319
0.84886340226398038,-0.46871692408628862,0.64424388196744065,0.25183242073923084,0.42932684437382151,-0.50386448164081299,0.79228184352302178,0.66166273470285075,0.47252529123560866,-0.059719912710765523,0.74563081650877006,-0.78783273615122218,0.27728645877625346,0.86562866684780293,-0.61591939809126817,-0.48753520060026062,0.42750919920796054,-0.16038443895683227,0.11182215230184231,-0.10186793503355054,-0.31855288058054188,-0.42938755033712406,0.16742304259193955,1.0,0.41400285138534493,-0.78400700764175146,0.79648357458372665,-0.13206150000000005,0.25663665575100741,-0.52434020202310749,-0.60204439228193629,0.32635979947953236,-0.85894985904788235,0.37369055469695028,0.9327653997819052,-0.15121070401082989,0.28321254487566955,0.77417226579954779,0.01222153959552204
0.19782922213779408,-0.43644561177628616,0.15064461550774316,0.94011128185931603,0.30249869969998472,-0.69474504750243604,-0.10116611945305624,0.54058980210033225,0.48530507590851357,0.84736700766465045,0.0069889506827942142,-0.29530567618399067,-0.67672580650906944,0.20655733500317,-0.57845191750962766,-0.25033770959208329,-0.15757944370082941,-0.19875186799830691,-0.35072974367130172,0.59970403366587666,-0.90618033559418509,0.36163906896738951,0.9375923689926815,0.41400285138534493,1.0,0.06150542215053189,0.87695684411566999,-0.95091758000000004,0.46976781393208816,-0.74218778107939964,-0.84497081148436404,-0.62087651899532514,-0.25328605328764076,-0.48953336120211777,0.32877937898949378,-0.27458640722550676,0.92911811132012578,-0.23541349171985004,0.087861070176474154
-0.78426421222404741,0.067955134857537389,-0.73758279573947128,0.25041464755950532,-0.57430489964086051,0.25239539879525419,-0.94498971517739438,-0.68955579095583486,-0.43911259457283719,0.44526966570091814,-0.53438509639956866,0.62139045083397648,-0.68773332636676332,-0.59690372643064282,0.57960602934813021,0.3184261735357376,-0.51801552682109431,-0.31506541205521205,-0.28996000935592875,0.66109401947152868,-0.021380004374779681,0.34779444449075808,0.37709941191950547,-0.78400700764175146,0.06150542215053189,1.0,-0.37792449511230897,-0.33317134000000004,0.17785799928742277,-0.051653683717674058,0.093943007470690787,-0.6376568034020953,0.52958650227767101,-0.40322064945903563,-0.67518383679443372,0.42290820759964526,0.13030930702915075,-0.86895464810171286,0.033637038503570776
0.57895998449145292,-0.50174914911462198,0.4278980887835358,0.75386290170172177,0.45088994822941647,-0.72487559693057368,0.35273150571666062,0.71431670458272412,0.55909255681890069,0.53105312663488802,0.39543578004377095,-0.61607819037780964,-0.28419323006453856,0.58770077505459695,-0.69383937716159316,-0.37968913182682112,0.15809062365053561,-0.18660369395591572,-0.16854279697173383,0.33050245300756009,-0.77927687824659664,0.033113667308617839,0.69885145265218163,0.79648357458372665,0.87695684411566999,-0.37792449511230897,1.0,-0.69851774,0.4589609825389756,-0.76889979504991124,-0.8712431036354098,-0.26246248737877059,-0.59850913843117914,-0.13960016195326838,0.69709014753693666,-0.2834874838270276,0.75516444994830612,0.25187977875371903,0.098960245384884404
0.028806700000000074,0.38909020000000005,0.11652665999999989,-0.921574,-0.13340870000000005,0.5671920399999999,0.3717063599999999,-0.34743776000000004,-0.38750859999999998,-0.94932402000000005,0.23325506000000007,0.12371537999999993,0.84496396000000007,0.06024238000000004,0.40526569999999995,0.12851137999999995,0.33013702,0.17570269999999999,0.47199097999999995,-0.69692883999999999,0.87128248000000008,-0.54039239999999999,-0.97494745999999999,-0.13206150000000005,-0.95091758000000004,-0.33317134000000004,-0.69851774,1.0,-0.40474266000000003,0.64202873999999999,0.77077174000000004,0.7891295599999999,-0.00017294000000001031,0.65567266000000002,-0.064961920000000006,0.22641442000000001,-0.9174158,0.51399232000000006,-0.04402322000000003
-0.0162147029734378,0.10028506606256937,0.15013861204818701,0.64583392289273522,0.23156148484688754,-0.29881543603351263,-0.10305308236419716,-0.092549916046186648,-0.4281817371397737,0.23015603931437073,0.52454263621462194,0.033022304566343474,-0.17653814660484507,0.5480024215786542,0.21587239742456418,0.22700293299799945,0.42308184832949935,-0.63033384710800067,0.26069310254930489,0.67815571904509198,-0.499086297708975,-0.32209647966709887,0.48200186408883894,0.25663665575100741,0.46976781393208816,0.17785799928742277,0.4589609825389756,-0.40474266000000003,1.0,-0.865627778563266,-0.34349491546215538,-0.4328643443711227,-0.43975636166409127,0.19880509657321771,0.30276479421543462,0.41354951190278849,0.28400991135661457,0.063820201757700756,0.77346376243848836
-0.21892379975676618,0.35627893641763247,-0.13859462684270032,-0.78438642438614747,-0.13203669695920553,0.55624346177191486,0.0011227623093248058,-0.15232198798223262,0.0075391844441621992,-0.45725087824514499,-0.55125278141347644,0.30829200885496716,0.37705446019350458,-0.63677016788173979,0.11385955888424874,0.12469028770441404,-0.23968063728236644,0.64395012867570867,0.016525867289965253,-0.71439115407993148,0.62907174248621645,0.23091818369774175,-0.72547834311155235,-0.52434020202310749,-0.74218778107939964,-0.051653683717674058,-0.76889979504991124,0.64202873999999999,-0.865627778563266,1.0,0.7487071083704292,0.43831325345935307,0.61545536509091336,-0.097465852484997062,-0.5724593369833505,-0.29044571068395253,-0.54915446822354819,-0.1020470693141573,-0.41110871089065909
-0.44401795122610294,0.75975721739323177,-0.0054443894792073752,-0.68612227856681018,-0.03101261504166232,0.63540422122594131,-0.071591095163498306,-0.43436649042557079,-0.53940847808451164,-0.63903869617107434,-0.25217590997140538,0.62698047881140551,0.54331320308176667,-0.40021084593024353,0.48821489801123685,0.47519223641500774,0.12041320462556107,0.33101468912791177,0.41838633457972396,-0.49618762709990599,0.66509408997632014,-0.11848958050514613,-0.79348734585878888,-0.60204439228193629,-0.84497081148436404,0.093943007470690787,-0.8712431036354098,0.77077174000000004,-0.34349491546215538,0.7487071083704292,1.0,0.38317304939237512,0.48103064335106543,0.22360520533425735,-0.59521580648755301,0.072102953998442229,-0.7257631777150616,-0.01044210115469496,0.1636851321903145
0.41480005769349609,-0.069371106135759683,0.42865005796481348,-0.69285321513368892,-0.023740309247071434,0.35126778514969764,0.68087195314807669,0.015073059177992962,-0.0024534897042801699,-0.82604822664281752,0.40642574621845118,-0.20321262687674266,0.74818623481102897,0.36361711957473686,-0.078790253627901888,-0.32721405576829998,0.2044892665806006,0.029435215849664215,0.28819075145239126,-0.66674995867524922,0.64420412381321968,-0.64874097833190048,-0.7311053100283047,0.32635979947953236,-0.62087651899532514,-0.6376568034020953,-0.26246248737877059,0.7891295599999999,-0.4328643443711227,0.43831325345935307,0.38317304939237512,1.0,-0.41649954519157756,0.71487713904339245,0.35865651473294774,0.12664617361534333,-0.56931458245045552,0.74250850688024306,-0.29823123684380759
-0.65296957557645463,0.50542925201279454,-0.5299548576826989,-0.19860264099470798,-0.12132248525626177,0.30094603170330508,-0.62010169340845034,-0.23363608477071082,-0.10773375042806416,0.22062339294987313,-0.8969467693381602,0.56576700294812521,-0.23828443280783956,-0.95578968088459815,0.26618839918488291,0.49987449324474148,-0.35049116927009455,0.59451618247516569,-0.22806576821037736,-0.13771079267103051,0.10591286176109195,0.7655536004530713,-0.13655671567760316,-0.85894985904788235,-0.25328605328764076,0.52958650227767101,-0.59850913843117914,-0.00017294000000001031,-0.43975636166409127,0.61545536509091336,0.48103064335106543,-0.41649954519157756,1.0,-0.65736880566483891,-0.90579644186501529,-0.35083213769351951,-0.11109788963305943,-0.75291739252167589,-0.069595519827399657
0.30196632253580791,-0.015513979362064821,0.29801594915313068,-0.43672349954043416,-0.12960762566303025,0.2689882871210974,0.51852588932670263,-0.29546953997187353,-0.43406053480266571,-0.77066527242295257,0.79678554480936692,-0.17987550328390073,0.66381087809592865,0.68368229437241979,0.3221124369627289,-0.11731488521655409,0.52028126562638288,-0.44033234761237244,0.44115659955567699,-0.18610891215673547,0.54493501961460478,-0.94132009931917315,-0.52131265276590821,0.37369055469695028,-0.48953336120211777,-0.40322064945903563,-0.13960016195326838,0.65567266000000002,0.19880509657321771,-0.097465852484997062,0.22360520533425735,0.71487713904339245,-0.65736880566483891,1.0,0.52095728754449211,0.59990986507636856,-0.56524132987826781,0.76196450423336171,0.15381518232714628
0.73607276395607313,-0.52231160945841759,0.51859464778890974,0.18450365419097792,0.18956939456178878,-0.49388055723207036,0.66388861357037299,0.4521313503080977,0.33041642055127396,-0.11335148308850777,0.82007311429003538,-0.74818569607136187,0.24213877066815687,0.89558634998854036,-0.43762913045492058,-0.56759384007291347,0.43400455259119108,-0.3372005136831816,0.1028043729676081,-0.0076275299699903182,-0.15138442843939032,-0.56451812096599197,0.13576017835297605,0.9327653997819052,0.32877937898949378,-0.67518383679443372,0.69709014753693666,-0.064961920000000006,0.30276479421543462,-0.5724593369833505,-0.59521580648755301,0.35865651473294774,-0.90579644186501529,0.52095728754449211,1.0,0.083340181037690253,0.16565193663606789,0.76173548438505301,-0.028136734615951637
-0.2104887986971036,-0.1751240425662805,-0.31122964400810671,-0.11555111591309215,-0.6158479554420806,0.3609352737667017,-0.26077872106958944,-0.81744436320107405,-0.69201398209144815,-0.30838967440035414,0.42015760812803243,0.19217444165753647,-0.047298067450332111,0.28553045733357912,0.72441379697533315,-0.021135536409055283,-0.018455365487580516,-0.85155612634009004,0.17409753153971522,0.48986726461221597,0.37897355455923509,-0.67580095125773543,-0.038428437064335047,-0.15121070401082989,-0.27458640722550676,0.42290820759964526,-0.2834874838270276,0.22641442000000001,0.41354951190278849,-0.29044571068395253,0.072102953998442229,0.12664617361534333,-0.35083213769351951,0.59990986507636856,0.083340181037690253,1.0,-0.33319468777280137,0.04348005387479803,0.13265629946298746
0.19179058913770031,-0.44333787663515578,0.082804235825032893,0.88110705991537352,0.24535759744397917,-0.45931323086777764,-0.14693742276757016,0.49761305393507155,0.47791548283842666,0.86938949175289992,-0.19629754838748467,-0.27232845713373183,-0.70285033038691846,0.027269853061157725,-0.58582248182570262,-0.24129342424230982,-0.27305547290996246,-0.066785298571329046,-0.52350911148887946,0.5757042777889162,-0.8365656867214013,0.48039681658500594,0.8951552748950371,0.28321254487566955,0.92911811132012578,0.13030930702915075,0.75516444994830612,-0.9174158,0.28400991135661457,-0.54915446822354819,-0.7257631777150616,-0.56931458245045552,-0.11109788963305943,-0.56524132987826781,0.16565193663606789,-0.33319468777280137,1.0,-0.34627236636982506,-0.044252444368868049
0.71884321502507342,-0.082889361539014828,0.65240824091882199,-0.32728339325792261,0.32850867595640942,-0.088501305154043253,0.9038383847820517,0.33061534085322819,0.087185492033255874,-0.65717870580281956,0.83280980545557903,-0.55901193871680643,0.79180089878262694,0.82133456565919916,-0.22859010240164757,-0.27272562591359994,0.64957332862069994,-0.060685240318802514,0.4546907287629206,-0.49083602859337111,0.2497451813159148,-0.74257437365804824,-0.46560956875194781,0.77417226579954779,-0.23541349171985004,-0.86895464810171286,0.25187977875371903,0.51399232000000006,0.063820201757700756,-0.1020470693141573,-0.01044210115469496,0.74250850688024306,-0.75291739252167589,0.76196450423336171,0.76173548438505301,0.04348005387479803,-0.34627236636982506,1.0,0.094774299357021086
-0.089054653161333472,0.65230512427533183,0.27198061415086522,0.28521671181890967,0.54932093377467639,-0.042869067372573538,0.0111581925693985,-0.063221929646326835,-0.59180470331712187,-0.08646349842712904,0.32157879554091096,0.24592589447315472,0.20065116956752521,0.29561886722973668,0.32006907728206735,0.60637847065502726,0.6207768608997003,-0.1703048535780792,0.52938800087480786,0.24816827100527181,-0.3434230005585755,-0.19089727499318845,0.028368751501599319,0.01222153959552204,0.087861070176474154,0.033637038503570776,0.098960245384884404,-0.04402322000000003,0.77346376243848836,-0.41110871089065909,0.1636851321903145,-0.29823123684380759,-0.069595519827399657,0.15381518232714628,-0.028136734615951637,0.13265629946298746,-0.044252444368868049,0.094774299357021086,1.0
