1.000000000000000000e+00,-3.279399200000000514e-01,4.831985199999999647e-01,5.883738599999999153e-01,-2.055057200000000028e-01,-1.889990799999999860e-01,-8.999333200000000366e-01,9.200790999999999276e-01,-9.159693799999999442e-01,-6.608175999999998940e-02,-8.191948799999999586e-01,7.661565999999999654e-01,4.127593199999999296e-01,-8.010322599999999404e-01,-1.369358000000000519e-01,-1.216850600000000115e-01,-2.404678799999999672e-01,-5.156123400000000023e-01,-9.058923199999999731e-01,8.579267600000000105e-01,4.421651999999998139e-02,3.029058600000000823e-01,4.828706599999998961e-01,-4.456661200000000544e-01,-7.623617999999999784e-01,-6.001266199999999440e-01,-2.875513600000000336e-01,2.615586999999999218e-01,2.535339999999997040e-02,-5.012765800000000826e-01,-2.090094200000000013e-01,5.812111399999999595e-01,9.048406399999999739e-01,4.169702799999999154e-01,3.340895800000001081e-01,4.013853599999999133e-01,-4.137963999999999531e-01,-8.334984000000000837e-02,-1.088756400000000513e-01
-3.279399200000000514e-01,1.000000000000000000e+00,1.600539643115416188e-01,-4.597872058426622499e-01,1.454865780362166738e-01,5.315236030582640714e-01,3.510568950881128858e-01,9.226836374168767563e-04,-6.660693626601635331e-02,8.217904554039321408e-01,-6.766514075553853313e-02,-7.131207248701663115e-01,-6.044492299045358674e-01,6.803510319362804371e-01,-3.904480449314366997e-01,-6.164415318337017613e-01,-5.317061884265541494e-01,7.615715833970400084e-01,4.630549075668760617e-02,3.115197373018732674e-02,6.244112798380574425e-01,1.976407021283059784e-01,-6.426323149575000615e-01,-4.107729912249588056e-01,6.884561516085554445e-01,3.029181888918486276e-01,1.845748873640645216e-01,-2.228996926923401123e-01,2.267330486326796235e-01,-8.617171413125246371e-02,1.537155803210470406e-01,3.376990132222967844e-02,-3.377126363231136019e-01,-3.529570196833295981e-01,3.133118210327823228e-02,-1.372448503803935793e-01,6.607493946250407868e-01,-8.845871076225281238e-01,2.548110509918033451e-02
4.831985199999999647e-01,1.600539643115416188e-01,1.000000000000000000e+00,-2.050590871792026260e-01,-1.640076630527327883e-01,4.817238126521982133e-01,-3.243806906182715721e-01,3.887153966988621812e-01,-5.173916170101223733e-01,4.471552755495128983e-01,-6.759450684208900828e-01,1.942137842703422768e-01,-1.334420386601482822e-01,-2.661488427206833429e-01,-2.916770044792891259e-01,-3.773667420754625024e-01,-2.758947198364061215e-01,5.697011913533708144e-02,-5.345918211315814350e-01,6.667583989805349054e-01,1.923599751221340415e-01,-5.299188458830440818e-02,1.904960108763883997e-01,-5.642965094001094473e-01,-3.210327079596461131e-01,-5.070584766978977198e-01,-4.231701303550118309e-01,6.228231202768287345e-01,2.381287942994706752e-01,-3.106214508756999226e-01,-3.385842597799000597e-02,5.280652497497259068e-01,5.457469786678198487e-01,-2.974225150063252721e-01,-2.620094068782253816e-01,-1.544199431604955930e-01,1.654005771933403368e-01,-3.883688089076858252e-01,-2.835929823238083625e-01
5.883738599999999153e-01,-4.597872058426622499e-01,-2.050590871792026260e-01,1.000000000000000000e+00,-2.280562809154126347e-01,-2.950877670438670775e-01,-7.338862473869415259e-01,5.656964386691616387e-01,-4.952834649558498503e-01,-2.111721674136027294e-01,-2.235018387120892014e-01,7.846159621208237400e-01,8.078268093899829694e-01,-4.200060231131598210e-01,4.133029359540586478e-01,2.597550780511859170e-01,1.985182501203616168e-01,-7.800761124187676199e-01,-5.387052993986031213e-01,1.697405144219755468e-01,-4.342190124409295859e-01,5.758627781896897835e-01,1.374343881952357418e-02,3.319743118336580534e-01,-7.309301552093822041e-01,-3.463702387476598199e-01,-3.215094209748977638e-01,-7.879330342711199364e-02,-5.461680071500557565e-01,1.006186012160818349e-01,1.899886765406619271e-01,1.707848162417820170e-01,2.777239736193712893e-01,8.730897405595038352e-01,6.625444452927126138e-01,3.648331983438796167e-01,-8.162700486346469164e-01,1.443973710614533668e-01,4.903710205873246242e-01
-2.055057200000000028e-01,1.454865780362166738e-01,-1.640076630527327883e-01,-2.280562809154126347e-01,1.000000000000000000e+00,2.592141289238802937e-01,5.334972593934372495e-04,-1.000745248615445560e-01,1.304597386975176743e-01,-1.104883190955921607e-01,3.905540014185754361e-01,-1.542303309461648675e-01,6.644463663266528264e-02,2.821908289536108061e-01,-7.801322886812536717e-02,1.439121160474082228e-01,2.930640228212522125e-01,3.953838941538868057e-01,3.753290772848241752e-01,-2.359614813389994958e-01,7.669754939202333074e-03,2.942189032569795248e-01,-1.887580804782417465e-01,5.829362871899361129e-03,2.811751434361104418e-01,-2.505402189449825179e-01,4.333426636456693681e-01,-5.309332922404440547e-01,-5.512108343200929073e-02,2.379822591189960646e-01,2.302596847543355307e-01,1.015946545674119433e-01,-2.291021768848784668e-01,1.358373622818057624e-01,2.417092338250907690e-01,-4.286733294354636570e-01,-2.687474820523105823e-02,9.247037312736389181e-02,2.583609601629830999e-01
-1.889990799999999860e-01,5.315236030582640714e-01,4.817238126521982133e-01,-2.950877670438670775e-01,2.592141289238802937e-01,1.000000000000000000e+00,8.587603464858252489e-02,-9.233508340586274454e-02,-2.201758936038904213e-02,7.726925260097478043e-01,9.753725161717041736e-02,-2.011073418879938679e-01,-3.647248267280037148e-02,5.521235357401319543e-01,7.434774702118272793e-02,-2.472680412747931544e-01,-5.564780938540222349e-02,4.621900896444028350e-01,-1.152847395288768631e-02,-7.586023137746442102e-02,-5.169860008150376635e-02,3.092321096624308097e-01,-5.951617965891599082e-01,-1.709861192001762772e-02,1.126147683266145727e-01,-2.292587963177321886e-01,-3.558465841647177053e-01,8.630539961725949838e-02,-2.700237231159040019e-01,3.880660069998628225e-01,4.576979999742504801e-01,3.763406643262357659e-02,-2.848230230879583158e-01,-9.703434273499958462e-02,5.367023372340106596e-02,-6.221009436919366919e-01,1.079297697389949295e-01,-5.077768575576717680e-01,3.591482994162000231e-01
-8.999333200000000366e-01,3.510568950881128858e-01,-3.243806906182715721e-01,-7.338862473869415259e-01,5.334972593934372495e-04,8.587603464858252489e-02,1.000000000000000000e+00,-8.599345629195505047e-01,8.333389211723423173e-01,6.609335991496252671e-02,6.077106117681806419e-01,-8.414831417149546411e-01,-6.513452757300521867e-01,6.510023731643571621e-01,-4.812911157796293665e-02,-2.002903068176625778e-02,-4.644279129934715186e-03,6.128894804240004879e-01,7.869242456666556418e-01,-6.275907374236818770e-01,1.638982375498314881e-01,-5.361884293560751358e-01,-2.478221808734689113e-01,1.596319680446764977e-01,7.969348356842954617e-01,6.338869773757997983e-01,3.394821828654872031e-01,-8.615708713836249533e-02,3.140225052113387871e-01,1.933764432406742118e-01,-4.048211846560234584e-02,-5.637916602875152616e-01,-6.829742845923354455e-01,-6.754580064808273221e-01,-5.552263103859860216e-01,-3.269624333664973292e-01,6.402434569496846528e-01,3.392248720782573695e-02,-2.241959166687643723e-01
9.200790999999999276e-01,9.226836374168767563e-04,3.887153966988621812e-01,5.656964386691616387e-01,-1.000745248615445560e-01,-9.233508340586274454e-02,-8.599345629195505047e-01,1.000000000000000000e+00,-9.862279314395969720e-01,1.625859541889814186e-01,-8.109145211814210441e-01,5.643117127341570338e-01,2.944445278704243552e-01,-5.780700681976893573e-01,-2.150954246923719726e-01,-3.107496744994663329e-01,-4.260383008173723729e-01,-2.987363098388572946e-01,-9.042563531734543192e-01,8.430123706353914725e-01,2.586054673673083282e-01,4.934228670211330270e-01,2.229552023357660451e-01,-5.388018557579468126e-01,-5.313637157527717481e-01,-4.592789795593034685e-01,-1.437532815594592672e-01,1.364838536553630161e-02,3.047284374004341143e-02,-5.155077701627552855e-01,-1.446686239919726669e-01,5.620815451323915024e-01,7.717180570121122685e-01,4.561970526063578446e-01,5.031141147907063349e-01,4.536455967051998273e-01,-2.768700664837033809e-01,-3.795503086039498375e-01,-1.055704839847760798e-02
-9.159693799999999442e-01,-6.660693626601635331e-02,-5.173916170101223733e-01,-4.952834649558498503e-01,1.304597386975176743e-01,-2.201758936038904213e-02,8.333389211723423173e-01,-9.862279314395969720e-01,1.000000000000000000e+00,-2.693032781690941624e-01,8.564646401988962321e-01,-5.386571868981493427e-01,-2.493788593313485680e-01,5.357064641461566357e-01,2.508344482167885192e-01,3.570153223629941586e-01,4.500814304338482397e-01,2.543540684818771380e-01,9.348215469562319857e-01,-8.788163429460161824e-01,-2.658952767684206742e-01,-4.780702880570233404e-01,-1.875077637136782771e-01,5.828022843916609297e-01,5.330649290558153730e-01,5.110724041786175453e-01,2.280920481704795111e-01,-1.238512192036489989e-01,-4.938412163866875981e-02,5.120265793562657208e-01,1.037180122262899296e-01,-6.124802838400338345e-01,-7.753285918410598443e-01,-3.790861375011303491e-01,-4.431712032625180209e-01,-3.813686530198180380e-01,2.248735119072973465e-01,4.552232496731681843e-01,2.184501412495790801e-02
-6.608175999999998940e-02,8.217904554039321408e-01,4.471552755495128983e-01,-2.111721674136027294e-01,-1.104883190955921607e-01,7.726925260097478043e-01,6.609335991496252671e-02,1.625859541889814186e-01,-2.693032781690941624e-01,1.000000000000000000e+00,-2.221769792054728576e-01,-3.593780416450405579e-01,-2.867909724507302638e-01,5.286209179303973382e-01,-2.128805535609757382e-01,-5.271102299263924484e-01,-4.997332258199758126e-01,4.843448265277643383e-01,-2.745494835602749206e-01,1.752967165955168771e-01,3.228956231951778388e-01,3.394460363402393988e-01,-6.485162637313952594e-01,-2.945701688623449388e-01,2.548202936181836464e-01,4.887268391902377385e-02,-3.082546112437043462e-01,1.172273376856455274e-01,-9.551754209277425745e-02,5.113731797038464227e-02,2.893893995862775737e-01,1.616473434744346571e-01,-1.613213128427280763e-01,-1.664643417864535291e-01,9.888232766548323005e-02,-1.739634313559753620e-01,3.494720342903635535e-01,-8.858010463379116795e-01,2.001799677617032980e-01
-8.191948799999999586e-01,-6.766514075553853313e-02,-6.759450684208900828e-01,-2.235018387120892014e-01,3.905540014185754361e-01,9.753725161717041736e-02,6.077106117681806419e-01,-8.109145211814210441e-01,8.564646401988962321e-01,-2.221769792054728576e-01,1.000000000000000000e+00,-3.790852563837195932e-01,9.178930366060363000e-02,6.262081890738427914e-01,3.737126133568578479e-01,5.444131939316937396e-01,5.142534669983852558e-01,2.144977076015904816e-01,8.430881694193534948e-01,-9.394984427938370963e-01,-4.460676365715324776e-01,-2.308813290209818861e-02,-4.166464231202504642e-01,7.293022142873292202e-01,4.150444642656467842e-01,3.184966226105039322e-01,2.031604607522325967e-01,-3.453094869517855936e-01,-3.873511721934821406e-01,6.983686993607616245e-01,3.442020583802374301e-01,-5.235074200204927752e-01,-8.283789645641703725e-01,4.561400085907656166e-02,-2.560719065141334183e-02,-3.607162878276642393e-01,-9.646519867668065795e-02,4.436686684092951971e-01,4.169483247083843325e-01
7.661565999999999654e-01,-7.131207248701663115e-01,1.942137842703422768e-01,7.846159621208237400e-01,-1.542303309461648675e-01,-2.011073418879938679e-01,-8.414831417149546411e-01,5.643117127341570338e-01,-5.386571868981493427e-01,-3.593780416450405579e-01,-3.790852563837195932e-01,1.000000000000000000e+00,8.314370202533164500e-01,-7.024749289880608538e-01,3.398812464931623700e-01,3.004775211485151698e-01,3.115194700121252103e-01,-8.467676038420038909e-01,-6.022731287041209747e-01,3.613077961311610409e-01,-5.435119771443176484e-01,3.372350247415238922e-01,3.643680363059935146e-01,1.924665300230155307e-01,-9.749567042383768811e-01,-6.951776676673705468e-01,-4.746546270140566959e-01,2.528525521028046619e-01,-4.132478055303923647e-01,-6.100422371926763135e-03,9.325550745808443287e-02,3.335331816699277363e-01,5.521080470161525700e-01,6.861646740914784104e-01,4.344774101348086170e-01,1.886446157967210657e-01,-8.416022288371780569e-01,3.477191716664042032e-01,2.805353378241054463e-01
4.127593199999999296e-01,-6.044492299045358674e-01,-1.334420386601482822e-01,8.078268093899829694e-01,6.644463663266528264e-02,-3.647248267280037148e-02,-6.513452757300521867e-01,2.944445278704243552e-01,-2.493788593313485680e-01,-2.867909724507302638e-01,9.178930366060363000e-02,8.314370202533164500e-01,1.000000000000000000e+00,-2.615472068233385960e-01,5.913795175542614357e-01,6.044376018032749931e-01,4.920436035690345378e-01,-7.432442487183196222e-01,-2.991361973731307411e-01,-8.716084538445904861e-02,-8.101244890836608592e-01,6.264964076104326818e-01,-6.814993872111275997e-02,5.881424502441392477e-01,-7.939401978142148764e-01,-5.969891696435757344e-01,-4.762362858541655530e-01,4.813755570741105883e-02,-7.941734705318629350e-01,4.702585892392942002e-01,5.057616497540705636e-01,2.208281214594495223e-01,9.586727027501175391e-02,9.059221240578384515e-01,5.797123880884986757e-01,1.185577270148117507e-01,-9.963294735413268377e-01,4.004794815967796517e-01,7.136460884974827890e-01
-8.010322599999999404e-01,6.803510319362804371e-01,-2.661488427206833429e-01,-4.200060231131598210e-01,2.821908289536108061e-01,5.521235357401319543e-01,6.510023731643571621e-01,-5.780700681976893573e-01,5.357064641461566357e-01,5.286209179303973382e-01,6.262081890738427914e-01,-7.024749289880608538e-01,-2.615472068233385960e-01,1.000000000000000000e+00,1.004990146741779056e-01,-2.476927441771498151e-03,4.006693902772966165e-02,5.948547042039937782e-01,5.634965896561364707e-01,-6.633881592108615832e-01,-1.881573389688592085e-02,2.255476509395209772e-01,-8.731327398330306355e-01,3.246571021610082375e-01,6.795535104092362833e-01,3.338305270070184849e-01,5.639817854388175233e-02,-2.477741513912903315e-01,-2.464889816012778845e-01,5.725019359778131811e-01,5.679708193383541381e-01,-2.607673808593516940e-01,-8.787069137274489128e-01,-1.544897691302796194e-01,1.110246140638483994e-03,-3.652401502139999145e-01,3.060859523695784734e-01,-3.724452723930017917e-01,4.559500847245455679e-01
-1.369358000000000519e-01,-3.904480449314366997e-01,-2.916770044792891259e-01,4.133029359540586478e-01,-7.801322886812536717e-02,7.434774702118272793e-02,-4.812911157796293665e-02,-2.150954246923719726e-01,2.508344482167885192e-01,-2.128805535609757382e-01,3.737126133568578479e-01,3.398812464931623700e-01,5.913795175542614357e-01,1.004990146741779056e-01,1.000000000000000000e+00,3.594262505904451954e-01,3.533724645780027540e-01,-3.616461125804929511e-01,2.018728228541863956e-01,-4.830886929632217663e-01,-6.655019495946672414e-01,2.260699137828742489e-01,-1.919092293214662015e-01,7.247350340517125789e-01,-3.242999005878858809e-01,-3.555729479319303960e-03,-2.309646879908548445e-01,-1.919763469774199982e-01,-5.753237191211773016e-01,7.105941751796045480e-01,4.766623583125559893e-01,-4.238058361595313794e-01,-3.396602149704753271e-01,5.046859801531050627e-01,1.240625630713361183e-01,-7.468920672414061657e-02,-5.944761874116413214e-01,3.726138972419393847e-01,5.067459049024709561e-01
-1.216850600000000115e-01,-6.164415318337017613e-01,-3.773667420754625024e-01,2.597550780511859170e-01,1.439121160474082228e-01,-2.472680412747931544e-01,-2.002903068176625778e-02,-3.107496744994663329e-01,3.570153223629941586e-01,-5.271102299263924484e-01,5.444131939316937396e-01,3.004775211485151698e-01,6.044376018032749931e-01,-2.476927441771498151e-03,3.594262505904451954e-01,1.000000000000000000e+00,5.832245135931619640e-01,-4.461868955231090283e-01,2.562685784578696002e-01,-4.430055060097159991e-01,-8.086984032136058653e-01,1.968430997171221608e-01,3.229308329654040355e-02,6.668662867314041343e-01,-3.089371113539078340e-01,-2.476920311771138028e-01,-2.486665502593248256e-01,2.103642176482398984e-01,-5.731062535707219796e-01,5.677331752897398776e-01,4.452789398685951250e-01,1.603298248767390244e-01,-1.769023188404571789e-01,4.333699345388596913e-01,8.767804852663763082e-04,1.401927456067461053e-01,-6.342131359591597350e-01,7.515352787849997052e-01,4.344724706108491485e-01
-2.404678799999999672e-01,-5.317061884265541494e-01,-2.758947198364061215e-01,1.985182501203616168e-01,2.930640228212522125e-01,-5.564780938540222349e-02,-4.644279129934715186e-03,-4.260383008173723729e-01,4.500814304338482397e-01,-4.997332258199758126e-01,5.142534669983852558e-01,3.115194700121252103e-01,4.920436035690345378e-01,4.006693902772966165e-02,3.533724645780027540e-01,5.832245135931619640e-01,1.000000000000000000e+00,-4.190082376170307654e-01,4.015757498685044724e-01,-5.210458290491281064e-01,-6.726414255117466601e-01,3.044775899800003603e-03,-1.537156133147195118e-02,6.896070750902187907e-01,-2.615484016693127578e-01,-2.843291851409130988e-01,-1.738338031556746210e-01,1.410047367675730176e-02,-4.355954986560985343e-01,5.379146474346367945e-01,3.163251945861805803e-01,-1.143510150424942029e-01,-3.394610957338348167e-01,2.752017044444951543e-01,5.433620115711179643e-02,-4.192345474558173968e-01,-5.021382399183128564e-01,6.247685949393084748e-01,4.009494281937419080e-01
-5.156123400000000023e-01,7.615715833970400084e-01,5.697011913533708144e-02,-7.800761124187676199e-01,3.953838941538868057e-01,4.621900896444028350e-01,6.128894804240004879e-01,-2.987363098388572946e-01,2.543540684818771380e-01,4.843448265277643383e-01,2.144977076015904816e-01,-8.467676038420038909e-01,-7.432442487183196222e-01,5.948547042039937782e-01,-3.616461125804929511e-01,-4.461868955231090283e-01,-4.190082376170307654e-01,1.000000000000000000e+00,4.026785035142197433e-01,-1.214728541845914306e-01,6.121025052305932856e-01,-1.646638019848572221e-01,-3.027757310854302109e-01,-4.242669995248735115e-01,8.330178015066211916e-01,3.935061296953185073e-01,4.990916664220645393e-01,-3.338106567721400020e-01,4.515646212489550781e-01,-8.232535832401491338e-02,-1.071805864586020812e-01,-2.194608428530142596e-01,-3.264239015546741562e-01,-6.001215392297759577e-01,-2.938436281842857767e-01,-3.543381614753975395e-01,7.801354840253874601e-01,-4.683557827222148973e-01,-2.555697303382731267e-01
-9.058923199999999731e-01,4.630549075668760617e-02,-5.345918211315814350e-01,-5.387052993986031213e-01,3.753290772848241752e-01,-1.152847395288768631e-02,7.869242456666556418e-01,-9.042563531734543192e-01,9.348215469562319857e-01,-2.745494835602749206e-01,8.430881694193534948e-01,-6.022731287041209747e-01,-2.991361973731307411e-01,5.634965896561364707e-01,2.018728228541863956e-01,2.562685784578696002e-01,4.015757498685044724e-01,4.026785035142197433e-01,1.000000000000000000e+00,-8.562627821420049079e-01,-1.070514417941697966e-01,-3.911479652688820141e-01,-2.127661081146557942e-01,4.629705420016783646e-01,6.427679813540553289e-01,4.852716963269110839e-01,4.898731327212106357e-01,-3.441506562302218408e-01,4.277118997554719276e-02,4.655139980276281064e-01,1.013473510575014225e-01,-5.562215118597363395e-01,-7.738357554568973118e-01,-3.521678033712212219e-01,-3.644248432904927393e-01,-3.887771385971296456e-01,2.870709638048979384e-01,3.780125753957040979e-01,1.679273649717621247e-02
8.579267600000000105e-01,3.115197373018732674e-02,6.667583989805349054e-01,1.697405144219755468e-01,-2.359614813389994958e-01,-7.586023137746442102e-02,-6.275907374236818770e-01,8.430123706353914725e-01,-8.788163429460161824e-01,1.752967165955168771e-01,-9.394984427938370963e-01,3.613077961311610409e-01,-8.716084538445904861e-02,-6.633881592108615832e-01,-4.830886929632217663e-01,-4.430055060097159991e-01,-5.210458290491281064e-01,-1.214728541845914306e-01,-8.562627821420049079e-01,1.000000000000000000e+00,4.632571097953199213e-01,5.041523036600226854e-02,4.918021679618854169e-01,-8.111081664544430581e-01,-3.933431807704689809e-01,-3.737988745176322736e-01,-1.492997070085195499e-01,3.101237685960357982e-01,4.097100036698330117e-01,-7.472664097711935183e-01,-4.178896945462413082e-01,5.702266436138990757e-01,9.185898716585434443e-01,-3.899057934428040717e-02,4.012085250441310702e-02,3.324591259346042493e-01,9.137468020332373264e-02,-3.617729322207582365e-01,-4.573539160719438113e-01
4.421651999999998139e-02,6.244112798380574425e-01,1.923599751221340415e-01,-4.342190124409295859e-01,7.669754939202333074e-03,-5.169860008150376635e-02,1.638982375498314881e-01,2.586054673673083282e-01,-2.658952767684206742e-01,3.228956231951778388e-01,-4.460676365715324776e-01,-5.435119771443176484e-01,-8.101244890836608592e-01,-1.881573389688592085e-02,-6.655019495946672414e-01,-8.086984032136058653e-01,-6.726414255117466601e-01,6.121025052305932856e-01,-1.070514417941697966e-01,4.632571097953199213e-01,1.000000000000000000e+00,-2.937123448844782825e-01,1.329233978523316761e-01,-8.370413439091551888e-01,5.688191355230431956e-01,4.056925607303556447e-01,5.754820164193668042e-01,-2.715924723457495138e-01,7.900919931682847119e-01,-7.321463154500127413e-01,-6.094089533922805169e-01,-1.202478840936255233e-02,2.457771710510593122e-01,-5.643690698855872157e-01,-1.661581069856593040e-01,1.061392924258056231e-01,8.191713492029156773e-01,-6.029723474210735290e-01,-6.571872882513664083e-01
3.029058600000000823e-01,1.976407021283059784e-01,-5.299188458830440818e-02,5.758627781896897835e-01,2.942189032569795248e-01,3.092321096624308097e-01,-5.361884293560751358e-01,4.934228670211330270e-01,-4.780702880570233404e-01,3.394460363402393988e-01,-2.308813290209818861e-02,3.372350247415238922e-01,6.264964076104326818e-01,2.255476509395209772e-01,2.260699137828742489e-01,1.968430997171221608e-01,3.044775899800003603e-03,-1.646638019848572221e-01,-3.911479652688820141e-01,5.041523036600226854e-02,-2.937123448844782825e-01,1.000000000000000000e+00,-5.822449270437056734e-01,1.879095369675219118e-01,-2.934672273694961531e-01,-4.542878773032595352e-01,-2.806513264248797768e-01,-2.110180893095188193e-01,-6.603398264686256569e-01,3.583970340008105770e-01,6.839421166494024096e-01,4.288510551017916117e-01,-6.030553670934189064e-02,8.104195311011781477e-01,7.592756610403252893e-01,1.804187854640592614e-01,-5.745807808228038382e-01,-3.253219779315417171e-01,8.133683650897244322e-01
4.828706599999998961e-01,-6.426323149575000615e-01,1.904960108763883997e-01,1.374343881952357418e-02,-1.887580804782417465e-01,-5.951617965891599082e-01,-2.478221808734689113e-01,2.229552023357660451e-01,-1.875077637136782771e-01,-6.485162637313952594e-01,-4.166464231202504642e-01,3.643680363059935146e-01,-6.814993872111275997e-02,-8.731327398330306355e-01,-1.919092293214662015e-01,3.229308329654040355e-02,-1.537156133147195118e-02,-3.027757310854302109e-01,-2.127661081146557942e-01,4.918021679618854169e-01,1.329233978523316761e-01,-5.822449270437056734e-01,1.000000000000000000e+00,-3.737673812211458335e-01,-3.529782959270223452e-01,-9.990342558619430546e-02,1.664420359354187862e-01,2.321118284127096087e-01,5.153500812314975033e-01,-5.726907409799468773e-01,-7.116876483817056176e-01,7.382994095952333247e-02,7.398682088948967950e-01,-2.242696881319319602e-01,-3.895999260728429392e-01,2.188133735053676421e-01,1.011591127258237854e-02,5.244582857960108369e-01,-7.248776142918433862e-01
-4.456661200000000544e-01,-4.107729912249588056e-01,-5.642965094001094473e-01,3.319743118336580534e-01,5.829362871899361129e-03,-1.709861192001762772e-02,1.596319680446764977e-01,-5.388018557579468126e-01,5.828022843916609297e-01,-2.945701688623449388e-01,7.293022142873292202e-01,1.924665300230155307e-01,5.881424502441392477e-01,3.246571021610082375e-01,7.247350340517125789e-01,6.668662867314041343e-01,6.896070750902187907e-01,-4.242669995248735115e-01,4.629705420016783646e-01,-8.111081664544430581e-01,-8.370413439091551888e-01,1.879095369675219118e-01,-3.737673812211458335e-01,1.000000000000000000e+00,-1.740198634587433180e-01,5.161455429769602754e-02,-2.834412309379569783e-01,-8.595225664412477207e-02,-7.584302859666067764e-01,8.294526879649845030e-01,5.555815558732160042e-01,-3.704056628446909527e-01,-6.486022406358805670e-01,4.624662978530473811e-01,1.823454021670308511e-01,-1.454556855261391612e-01,-6.011262224188610448e-01,5.214377003787596943e-01,6.786928892632763111e-01
-7.623617999999999784e-01,6.884561516085554445e-01,-3.210327079596461131e-01,-7.309301552093822041e-01,2.811751434361104418e-01,1.126147683266145727e-01,7.969348356842954617e-01,-5.313637157527717481e-01,5.330649290558153730e-01,2.548202936181836464e-01,4.150444642656467842e-01,-9.749567042383768811e-01,-7.939401978142148764e-01,6.795535104092362833e-01,-3.242999005878858809e-01,-3.089371113539078340e-01,-2.615484016693127578e-01,8.330178015066211916e-01,6.427679813540553289e-01,-3.933431807704689809e-01,5.688191355230431956e-01,-2.934672273694961531e-01,-3.529782959270223452e-01,-1.740198634587433180e-01,1.000000000000000000e+00,7.039709059608032504e-01,6.005802013763638092e-01,-4.302148911464526160e-01,4.192575390482130016e-01,-1.054708485328553769e-02,-1.195307495656590113e-01,-3.776941780334853727e-01,-5.726858306500705043e-01,-6.012006660278153003e-01,-3.193606338288874080e-01,-1.773420930289602571e-01,8.038417633576568910e-01,-3.103818006429713283e-01,-2.483666381793840083e-01
-6.001266199999999440e-01,3.029181888918486276e-01,-5.070584766978977198e-01,-3.463702387476598199e-01,-2.505402189449825179e-01,-2.292587963177321886e-01,6.338869773757997983e-01,-4.592789795593034685e-01,5.110724041786175453e-01,4.887268391902377385e-02,3.184966226105039322e-01,-6.951776676673705468e-01,-5.969891696435757344e-01,3.338305270070184849e-01,-3.555729479319303960e-03,-2.476920311771138028e-01,-2.843291851409130988e-01,3.935061296953185073e-01,4.852716963269110839e-01,-3.737988745176322736e-01,4.056925607303556447e-01,-4.542878773032595352e-01,-9.990342558619430546e-02,5.161455429769602754e-02,7.039709059608032504e-01,1.000000000000000000e+00,4.115429082468421984e-01,-3.899527312635059917e-01,2.473090973799889347e-01,-3.181697429696989186e-03,-3.496645600681402288e-01,-6.521634956415762741e-01,-4.247584832335237204e-01,-4.283949396114464792e-01,-3.509963675284545892e-01,1.579863492371282319e-01,5.641277355255345238e-01,-7.493209778339500471e-02,-3.323882275650206219e-01
-2.875513600000000336e-01,1.845748873640645216e-01,-4.231701303550118309e-01,-3.215094209748977638e-01,4.333426636456693681e-01,-3.558465841647177053e-01,3.394821828654872031e-01,-1.437532815594592672e-01,2.280920481704795111e-01,-3.082546112437043462e-01,2.031604607522325967e-01,-4.746546270140566959e-01,-4.762362858541655530e-01,5.639817854388175233e-02,-2.309646879908548445e-01,-2.486665502593248256e-01,-1.738338031556746210e-01,4.990916664220645393e-01,4.898731327212106357e-01,-1.492997070085195499e-01,5.754820164193668042e-01,-2.806513264248797768e-01,1.664420359354187862e-01,-2.834412309379569783e-01,6.005802013763638092e-01,4.115429082468421984e-01,1.000000000000000000e+00,-6.712594972093961498e-01,5.783386227944106173e-01,-3.232633738743854179e-01,-4.464790637820844066e-01,-3.052539266099812409e-01,-1.199617872724557943e-01,-2.740621883083537713e-01,-6.507406965410185429e-02,3.949044683281096278e-03,4.652167128432251886e-01,5.391370259037780999e-02,-3.932453906010041633e-01
2.615586999999999218e-01,-2.228996926923401123e-01,6.228231202768287345e-01,-7.879330342711199364e-02,-5.309332922404440547e-01,8.630539961725949838e-02,-8.615708713836249533e-02,1.364838536553630161e-02,-1.238512192036489989e-01,1.172273376856455274e-01,-3.453094869517855936e-01,2.528525521028046619e-01,4.813755570741105883e-02,-2.477741513912903315e-01,-1.919763469774199982e-01,2.103642176482398984e-01,1.410047367675730176e-02,-3.338106567721400020e-01,-3.441506562302218408e-01,3.101237685960357982e-01,-2.715924723457495138e-01,-2.110180893095188193e-01,2.321118284127096087e-01,-8.595225664412477207e-02,-4.302148911464526160e-01,-3.899527312635059917e-01,-6.712594972093961498e-01,1.000000000000000000e+00,-1.483194689246509525e-02,-9.128781284315694300e-02,8.816339976209638940e-02,4.941636001519123522e-01,3.405975537383327811e-01,-2.458824610506238351e-01,-4.113628878729601035e-01,7.824124366716195267e-02,-6.166454261918841162e-02,6.525411078086730543e-02,-1.631409919944843134e-01
2.535339999999997040e-02,2.267330486326796235e-01,2.381287942994706752e-01,-5.461680071500557565e-01,-5.512108343200929073e-02,-2.700237231159040019e-01,3.140225052113387871e-01,3.047284374004341143e-02,-4.938412163866875981e-02,-9.551754209277425745e-02,-3.873511721934821406e-01,-4.132478055303923647e-01,-7.941734705318629350e-01,-2.464889816012778845e-01,-5.753237191211773016e-01,-5.731062535707219796e-01,-4.355954986560985343e-01,4.515646212489550781e-01,4.277118997554719276e-02,4.097100036698330117e-01,7.900919931682847119e-01,-6.603398264686256569e-01,5.153500812314975033e-01,-7.584302859666067764e-01,4.192575390482130016e-01,2.473090973799889347e-01,5.783386227944106173e-01,-1.483194689246509525e-02,1.000000000000000000e+00,-7.739366776444693841e-01,-7.230303813469173280e-01,-7.642382614515079442e-02,3.477325100439557226e-01,-7.470500348934567825e-01,-4.902959772887014456e-01,-3.043565124120296839e-02,7.756858639051653626e-01,-1.659182332470922061e-01,-8.914967442677755871e-01
-5.012765800000000826e-01,-8.617171413125246371e-02,-3.106214508756999226e-01,1.006186012160818349e-01,2.379822591189960646e-01,3.880660069998628225e-01,1.933764432406742118e-01,-5.155077701627552855e-01,5.120265793562657208e-01,5.113731797038464227e-02,6.983686993607616245e-01,-6.100422371926763135e-03,4.702585892392942002e-01,5.725019359778131811e-01,7.105941751796045480e-01,5.677331752897398776e-01,5.379146474346367945e-01,-8.232535832401491338e-02,4.655139980276281064e-01,-7.472664097711935183e-01,-7.321463154500127413e-01,3.583970340008105770e-01,-5.726907409799468773e-01,8.294526879649845030e-01,-1.054708485328553769e-02,-3.181697429696989186e-03,-3.232633738743854179e-01,-9.128781284315694300e-02,-7.739366776444693841e-01,1.000000000000000000e+00,7.983594207647199958e-01,-1.958602282246288961e-01,-6.890980149609589045e-01,3.704285784196414411e-01,5.119225677339107883e-02,-2.862988052374872971e-01,-4.505445534938644636e-01,2.652128129843948634e-01,7.381369615896897773e-01
-2.090094200000000013e-01,1.537155803210470406e-01,-3.385842597799000597e-02,1.899886765406619271e-01,2.302596847543355307e-01,4.576979999742504801e-01,-4.048211846560234584e-02,-1.446686239919726669e-01,1.037180122262899296e-01,2.893893995862775737e-01,3.442020583802374301e-01,9.325550745808443287e-02,5.057616497540705636e-01,5.679708193383541381e-01,4.766623583125559893e-01,4.452789398685951250e-01,3.163251945861805803e-01,-1.071805864586020812e-01,1.013473510575014225e-01,-4.178896945462413082e-01,-6.094089533922805169e-01,6.839421166494024096e-01,-7.116876483817056176e-01,5.555815558732160042e-01,-1.195307495656590113e-01,-3.496645600681402288e-01,-4.464790637820844066e-01,8.816339976209638940e-02,-7.230303813469173280e-01,7.983594207647199958e-01,1.000000000000000000e+00,2.715539100364844916e-01,-4.975396857875149514e-01,4.835992157458159357e-01,2.649144748728159970e-01,-9.431848174152736297e-02,-4.603984628233651621e-01,-9.522578018279520551e-02,8.426949274823249958e-01
5.812111399999999595e-01,3.376990132222967844e-02,5.280652497497259068e-01,1.707848162417820170e-01,1.015946545674119433e-01,3.763406643262357659e-02,-5.637916602875152616e-01,5.620815451323915024e-01,-6.124802838400338345e-01,1.616473434744346571e-01,-5.235074200204927752e-01,3.335331816699277363e-01,2.208281214594495223e-01,-2.607673808593516940e-01,-4.238058361595313794e-01,1.603298248767390244e-01,-1.143510150424942029e-01,-2.194608428530142596e-01,-5.562215118597363395e-01,5.702266436138990757e-01,-1.202478840936255233e-02,4.288510551017916117e-01,7.382994095952333247e-02,-3.704056628446909527e-01,-3.776941780334853727e-01,-6.521634956415762741e-01,-3.052539266099812409e-01,4.941636001519123522e-01,-7.642382614515079442e-02,-1.958602282246288961e-01,2.715539100364844916e-01,1.000000000000000000e+00,5.155024200108151433e-01,2.068581970250286950e-01,1.172129840386385152e-01,3.291021386315686748e-01,-1.993172515246443011e-01,-2.011761796311037909e-01,9.155890888034104447e-02
9.048406399999999739e-01,-3.377126363231136019e-01,5.457469786678198487e-01,2.777239736193712893e-01,-2.291021768848784668e-01,-2.848230230879583158e-01,-6.829742845923354455e-01,7.717180570121122685e-01,-7.753285918410598443e-01,-1.613213128427280763e-01,-8.283789645641703725e-01,5.521080470161525700e-01,9.586727027501175391e-02,-8.787069137274489128e-01,-3.396602149704753271e-01,-1.769023188404571789e-01,-3.394610957338348167e-01,-3.264239015546741562e-01,-7.738357554568973118e-01,9.185898716585434443e-01,2.457771710510593122e-01,-6.030553670934189064e-02,7.398682088948967950e-01,-6.486022406358805670e-01,-5.726858306500705043e-01,-4.247584832335237204e-01,-1.199617872724557943e-01,3.405975537383327811e-01,3.477325100439557226e-01,-6.890980149609589045e-01,-4.975396857875149514e-01,5.155024200108151433e-01,1.000000000000000000e+00,5.426823630382551084e-02,-1.782318324237398485e-02,3.701941960073415472e-01,-1.148296845715577330e-01,1.638676708611479585e-02,-4.901511254906847914e-01
4.169702799999999154e-01,-3.529570196833295981e-01,-2.974225150063252721e-01,8.730897405595038352e-01,1.358373622818057624e-01,-9.703434273499958462e-02,-6.754580064808273221e-01,4.561970526063578446e-01,-3.790861375011303491e-01,-1.664643417864535291e-01,4.561400085907656166e-02,6.861646740914784104e-01,9.059221240578384515e-01,-1.544897691302796194e-01,5.046859801531050627e-01,4.333699345388596913e-01,2.752017044444951543e-01,-6.001215392297759577e-01,-3.521678033712212219e-01,-3.899057934428040717e-02,-5.643690698855872157e-01,8.104195311011781477e-01,-2.242696881319319602e-01,4.624662978530473811e-01,-6.012006660278153003e-01,-4.283949396114464792e-01,-2.740621883083537713e-01,-2.458824610506238351e-01,-7.470500348934567825e-01,3.704285784196414411e-01,4.835992157458159357e-01,2.068581970250286950e-01,5.426823630382551084e-02,1.000000000000000000e+00,7.784512615686949299e-01,2.954964740382313715e-01,-8.936666514191308197e-01,1.602165132696601879e-01,7.563000031498131603e-01
3.340895800000001081e-01,3.133118210327823228e-02,-2.620094068782253816e-01,6.625444452927126138e-01,2.417092338250907690e-01,5.367023372340106596e-02,-5.552263103859860216e-01,5.031141147907063349e-01,-4.431712032625180209e-01,9.888232766548323005e-02,-2.560719065141334183e-02,4.344774101348086170e-01,5.797123880884986757e-01,1.110246140638483994e-03,1.240625630713361183e-01,8.767804852663763082e-04,5.433620115711179643e-02,-2.938436281842857767e-01,-3.644248432904927393e-01,4.012085250441310702e-02,-1.661581069856593040e-01,7.592756610403252893e-01,-3.895999260728429392e-01,1.823454021670308511e-01,-3.193606338288874080e-01,-3.509963675284545892e-01,-6.507406965410185429e-02,-4.113628878729601035e-01,-4.902959772887014456e-01,5.119225677339107883e-02,2.649144748728159970e-01,1.172129840386385152e-01,-1.782318324237398485e-02,7.784512615686949299e-01,1.000000000000000000e+00,1.017420922597551819e-01,-5.458527911379156272e-01,-2.210938114773143004e-01,6.491084948561609558e-01
4.013853599999999133e-01,-1.372448503803935793e-01,-1.544199431604955930e-01,3.648331983438796167e-01,-4.286733294354636570e-01,-6.221009436919366919e-01,-3.269624333664973292e-01,4.536455967051998273e-01,-3.813686530198180380e-01,-1.739634313559753620e-01,-3.607162878276642393e-01,1.886446157967210657e-01,1.185577270148117507e-01,-3.652401502139999145e-01,-7.468920672414061657e-02,1.401927456067461053e-01,-4.192345474558173968e-01,-3.543381614753975395e-01,-3.887771385971296456e-01,3.324591259346042493e-01,1.061392924258056231e-01,1.804187854640592614e-01,2.188133735053676421e-01,-1.454556855261391612e-01,-1.773420930289602571e-01,1.579863492371282319e-01,3.949044683281096278e-03,7.824124366716195267e-02,-3.043565124120296839e-02,-2.862988052374872971e-01,-9.431848174152736297e-02,3.291021386315686748e-01,3.701941960073415472e-01,2.954964740382313715e-01,1.017420922597551819e-01,1.000000000000000000e+00,-1.563733767338424396e-01,-3.931033779714460108e-03,-9.424864185148076889e-02
-4.137963999999999531e-01,6.607493946250407868e-01,1.654005771933403368e-01,-8.162700486346469164e-01,-2.687474820523105823e-02,1.079297697389949295e-01,6.402434569496846528e-01,-2.768700664837033809e-01,2.248735119072973465e-01,3.494720342903635535e-01,-9.646519867668065795e-02,-8.416022288371780569e-01,-9.963294735413268377e-01,3.060859523695784734e-01,-5.944761874116413214e-01,-6.342131359591597350e-01,-5.021382399183128564e-01,7.801354840253874601e-01,2.870709638048979384e-01,9.137468020332373264e-02,8.191713492029156773e-01,-5.745807808228038382e-01,1.011591127258237854e-02,-6.011262224188610448e-01,8.038417633576568910e-01,5.641277355255345238e-01,4.652167128432251886e-01,-6.166454261918841162e-02,7.756858639051653626e-01,-4.505445534938644636e-01,-4.603984628233651621e-01,-1.993172515246443011e-01,-1.148296845715577330e-01,-8.936666514191308197e-01,-5.458527911379156272e-01,-1.563733767338424396e-01,1.000000000000000000e+00,-4.588762223043530430e-01,-6.718828304041670751e-01
-8.334984000000000837e-02,-8.845871076225281238e-01,-3.883688089076858252e-01,1.443973710614533668e-01,9.247037312736389181e-02,-5.077768575576717680e-01,3.392248720782573695e-02,-3.795503086039498375e-01,4.552232496731681843e-01,-8.858010463379116795e-01,4.436686684092951971e-01,3.477191716664042032e-01,4.004794815967796517e-01,-3.724452723930017917e-01,3.726138972419393847e-01,7.515352787849997052e-01,6.247685949393084748e-01,-4.683557827222148973e-01,3.780125753957040979e-01,-3.617729322207582365e-01,-6.029723474210735290e-01,-3.253219779315417171e-01,5.244582857960108369e-01,5.214377003787596943e-01,-3.103818006429713283e-01,-7.493209778339500471e-02,5.391370259037780999e-02,6.525411078086730543e-02,-1.659182332470922061e-01,2.652128129843948634e-01,-9.522578018279520551e-02,-2.011761796311037909e-01,1.638676708611479585e-02,1.602165132696601879e-01,-2.210938114773143004e-01,-3.931033779714460108e-03,-4.588762223043530430e-01,1.000000000000000000e+00,-4.251408688313711853e-02
-1.088756400000000513e-01,2.548110509918033451e-02,-2.835929823238083625e-01,4.903710205873246242e-01,2.583609601629830999e-01,3.591482994162000231e-01,-2.241959166687643723e-01,-1.055704839847760798e-02,2.184501412495790801e-02,2.001799677617032980e-01,4.169483247083843325e-01,2.805353378241054463e-01,7.136460884974827890e-01,4.559500847245455679e-01,5.067459049024709561e-01,4.344724706108491485e-01,4.009494281937419080e-01,-2.555697303382731267e-01,1.679273649717621247e-02,-4.573539160719438113e-01,-6.571872882513664083e-01,8.133683650897244322e-01,-7.248776142918433862e-01,6.786928892632763111e-01,-2.483666381793840083e-01,-3.323882275650206219e-01,-3.932453906010041633e-01,-1.631409919944843134e-01,-8.914967442677755871e-01,7.381369615896897773e-01,8.426949274823249958e-01,9.155890888034104447e-02,-4.901511254906847914e-01,7.563000031498131603e-01,6.491084948561609558e-01,-9.424864185148076889e-02,-6.718828304041670751e-01,-4.251408688313711853e-02,1.000000000000000000e+00
