1.0,-0.085648728729645116,0.086287762062372264,0.7080492754822163,-0.1675419157918917,0.1605598708675908,-0.58548310120977498,-0.064865322083962645,-0.95167836226544444,0.67468621295351927,-0.47933726160712936,-0.12403789467243398,-0.7363933367974721,0.25288163422860654,-0.32334994467732542,0.63267633447464666,-0.63945931136762257,0.99512518000000005,0.53063434437340917,-0.074102133352174179,0.81983438562401423,0.77782154479002741,-0.93759918192712388,0.71256754847873227,0.11583167656777238,0.93485052633045607,-0.029352424282750422,0.42995810828882558,-0.01468925438241063,0.33055926424457666,0.36269197479856846,-0.89792226187906221,0.67210403738804803,0.79975920111612953,-0.83863507981819152,0.74578454432987507,0.27410506364309351,-0.053040404275643147,0.69619373878595814
-0.085648728729645116,1.0,0.9282349868283386,0.24689852307017035,0.46990457629275584,-0.92458169624036324,-0.057761479676438784,-0.84296997790903772,0.12413004674742373,-0.21620103104909874,-0.54466944806054252,-0.49557796701822304,-0.2521015867621797,-0.51788159867375649,-0.089988957740513159,0.40281641454677275,0.50213643674728603,-0.03008489999999997,-0.54704028825721185,-0.085024990455956601,0.13097785573284085,-0.42289985307668349,-0.06307881114292771,-0.44081656703832117,-0.3564812149516236,-0.0059614308515603554,0.668303802484016,0.15733053780462852,0.5972732930009127,-0.83564142722446255,-0.60516301956338581,0.24186055499050713,0.1593415716592686,0.076183553561865971,0.31861216408793908,-0.11707900926083671,-0.77491500849993744,0.0331585651408677,-0.34852104754698793
0.086287762062372264,0.9282349868283386,1.0,0.34932802548474001,0.49121143846621579,-0.85595421696917739,-0.18096502267029785,-0.82768190433105826,-0.072007453709848582,-0.18789366013156425,-0.51551716217852073,-0.66259136010351594,-0.44007807419461353,-0.39726416668384601,-0.03943310470158487,0.36592807889811407,0.35435701181851637,0.16003915999999996,-0.57713060742140887,0.058879370341833576,0.23522264096037837,-0.30195432243694004,-0.29181495999925217,-0.45826588511511523,-0.35725587851701762,0.057527373948222632,0.46214007410180613,0.32314351671484576,0.74912932046230463,-0.79664832886460735,-0.69574181740714736,0.13569659874084389,0.41957271096570803,0.21061289194322438,0.24412640108160763,-0.088779645425566545,-0.66110197970440843,0.252474954504111,-0.28908464847753179
0.7080492754822163,0.24689852307017035,0.34932802548474001,1.0,-0.28223157690446476,-0.19937006499718984,-0.83447637007933473,-0.61441062952956482,-0.51811422319655087,0.77973476688545418,-0.34554204176694092,0.045177284044398192,-0.49764373575118231,-0.16106741445209605,0.040404096928602695,0.83087809083042141,-0.14626484343321811,0.69717557999999991,-0.046901508857416861,0.35108889815203415,0.40380432870745764,0.12898426960836878,-0.61094186458709188,0.52202996504758636,-0.45244665756031055,0.70907933300746806,0.3090173146244749,0.33194420390944857,-0.040783777354989614,0.0340365114557451,0.30008509357676477,-0.75647763821781366,0.73027672519052222,0.47926971528292572,-0.76319377029287216,0.42934452546482721,0.28772409408118371,-0.39569924621706754,0.56552804938961021
-0.1675419157918917,0.46990457629275584,0.49121143846621579,-0.28223157690446476,1.0,-0.51487697384992259,0.62127762191265057,-0.25978487544774875,0.038655687411316648,-0.54446286959740486,-0.30486179879609493,-0.8387691496942794,-0.28860446631106662,-0.20063393555918407,-0.15273933530099243,-0.28118918218274153,-0.0067847636423921266,-0.10857868000000004,-0.18457475804806786,-0.25574516056833213,0.30522117512616775,-0.059199242481470467,-0.047517926197517067,-0.52727756411547544,-0.084733815705053186,-0.20824340519283605,0.18742915391290602,0.34758454533511524,0.46057493816410755,-0.52092009079866464,-0.61933475703826235,0.38808676745987036,-0.18625421700796793,0.026479783262512904,0.42913549560648634,-0.45867902431149388,-0.76934813470350782,0.41755307325402097,-0.24459584051422095
0.1605598708675908,-0.92458169624036324,-0.85595421696917739,-0.19937006499718984,-0.51487697384992259,1.0,-0.030209548440094366,0.77411195567935565,-0.25591366901699508,0.27026874637515735,0.61637315180532626,0.40856112440188375,0.11552263763588086,0.69993960054625204,0.27186008398759176,-0.32952890754260716,-0.62702335175138135,0.11781731999999989,0.49091887439766335,0.07407637940176838,-0.010928891326023852,0.43838262409596845,-0.06657918420579681,0.39214139344486387,0.33384962972990323,0.081683229296481391,-0.78879368300792618,0.081765355884492158,-0.60836189612569636,0.94318235447762011,0.48079483751000263,-0.30291142231977908,-0.12850531657312206,0.054745816498232215,-0.30698619497137636,0.20129521913881243,0.72826977705162765,0.10257459552844343,0.34250179189528529
-0.58548310120977498,-0.057761479676438784,-0.18096502267029785,-0.83447637007933473,0.62127762191265057,-0.030209548440094366,1.0,0.37572348312026704,0.42273137198371885,-0.76879168821272725,0.083554866230954247,-0.27360779813242014,0.26341878743475666,-0.10316423930196456,-0.1494478848707467,-0.75656020139532809,0.046124425209651806,-0.57050266000000005,0.061401387272368019,-0.29333539271443149,-0.20020916920785869,-0.09312346023396835,0.47710237817522394,-0.49029450307498895,0.19382477906197537,-0.59033982137798313,-0.099357339567564623,-0.12471956471213552,0.12366203738736627,-0.18620161323779846,-0.31435332247932896,0.62848125132551957,-0.65924073084147505,-0.32432662144554758,0.62302933243504077,-0.57600160328126104,-0.50846059703777846,0.33908781087781914,-0.33632652346087671
-0.064865322083962645,-0.84296997790903772,-0.82768190433105826,-0.61441062952956482,-0.25978487544774875,0.77411195567935565,0.37572348312026704,1.0,-0.056017494520568256,-0.15328941167721735,0.337633675553767,0.34460935382325286,0.28875054170828274,0.52555023491952479,-0.21204743427415948,-0.54963357781093891,-0.39452729083832022,-0.10061814000000002,0.65020843228255953,-0.28169129202944809,-0.094735360397582194,0.50474110223940616,0.14507668567449614,0.2405755436669885,0.6867329662519791,-0.12125604804423219,-0.5885381511295773,-0.31868213088480146,-0.33090739064984687,0.60275625514741493,0.37280506349110715,0.046075183088935483,-0.3520015668908878,-0.083967853432773562,0.018222330256949346,0.16205113323403761,0.41113035273616011,0.17626348855150029,0.072229563364228574
-0.95167836226544444,0.12413004674742373,-0.072007453709848582,-0.51811422319655087,0.038655687411316648,-0.25591366901699508,0.42273137198371885,-0.056017494520568256,1.0,-0.49879718145957991,0.38803374765718168,0.29144526019265504,0.80630076728035882,-0.42745842410839785,0.26288964264544523,-0.45120866239473023,0.75896062414550414,-0.96364640000000001,-0.54393119705450377,0.14028505933464636,-0.8730014377305757,-0.83688861603587639,0.96510942638014041,-0.5624709138421462,-0.22190490034221111,-0.85660259686873863,0.22622184914762941,-0.55554939608770293,-0.060163446279341219,-0.38408974966014409,-0.19122717796970351,0.78818474783371884,-0.59439785830432146,-0.82141176599095367,0.68438124481587259,-0.69653929256576208,-0.18706439093253235,-0.20364615798103006,-0.59538992462407569
0.67468621295351927,-0.21620103104909874,-0.18789366013156425,0.77973476688545418,-0.54446286959740486,0.27026874637515735,-0.76879168821272725,-0.15328941167721735,-0.49879718145957991,1.0,-0.058831968681713726,0.38488191882084322,-0.23506558278083783,0.2052468030133088,0.077831338466580025,0.71893558584098549,-0.4021834127069821,0.62271636000000008,0.30181527997420649,0.095942003745780699,0.40116791162840476,0.33089685190045964,-0.46658765811416775,0.79880890907796509,-0.19979850149415512,0.70792394540909498,0.11381147246818074,0.20822300708748076,-0.54835542959931416,0.52293853798548617,0.65808212356864404,-0.82892878904664857,0.41312336185127552,0.38879939680286768,-0.86472481229141762,0.57755129145772222,0.57817319243917586,-0.57877388350837089,0.74692699466024015
-0.47933726160712936,-0.54466944806054252,-0.51551716217852073,-0.34554204176694092,-0.30486179879609493,0.61637315180532626,0.083554866230954247,0.337633675553767,0.38803374765718168,-0.058831968681713726,1.0,0.25588853116375193,0.44539136189888046,0.44992475533832593,0.81056477427449103,-0.56243511883496144,-0.071795999906356656,-0.49207515999999996,-0.31280393484767255,0.39765569033768255,-0.54981878264376915,-0.38319482308973524,0.45336863506253977,-0.28447280985262063,-0.16377741051223821,-0.56322219413237296,-0.67794019400331695,0.069144829318020379,-0.42956381771211272,0.52519901847833106,-0.026019316245908745,0.27872255590762374,-0.30460952712841238,-0.528855471886443,0.2688142177531111,-0.43724455579007238,0.4841909892288398,0.17927057022662896,-0.17640504566383183
-0.12403789467243398,-0.49557796701822304,-0.66259136010351594,0.045177284044398192,-0.8387691496942794,0.40856112440188375,-0.27360779813242014,0.34460935382325286,0.29144526019265504,0.38488191882084322,0.25588853116375193,1.0,0.59888457421229091,-0.025031331608010292,-0.031214451846556551,0.15229033661294036,0.20647476291281969,-0.21002947999999999,0.27734452948778504,0.10107347729615741,-0.4930261584702687,-0.068589455289395071,0.42489742855279489,0.52884671067510358,0.11001973061046411,0.024087885838087325,0.080476024800648319,-0.66986856097588587,-0.62256320230653273,0.40922569171621265,0.77956335219614392,-0.17355046167791902,-0.19967187239131426,-0.29153289790476883,-0.3096091252156089,0.26800515426541188,0.64892978994656536,-0.6981141561334,0.17337724896047829
-0.7363933367974721,-0.2521015867621797,-0.44007807419461353,-0.49764373575118231,-0.28860446631106662,0.11552263763588086,0.26341878743475666,0.28875054170828274,0.80630076728035882,-0.23506558278083783,0.44539136189888046,0.59888457421229091,1.0,-0.13751697688334685,0.12527232792356838,-0.36998472548136863,0.58346548723909275,-0.78066772000000006,-0.16414712419733257,-0.071895149032027122,-0.77454489288481099,-0.49488956948411061,0.86443695109846919,-0.172009237269451,0.13819811069579468,-0.63914345338856748,0.083139588959784627,-0.69944856936545918,-0.38877511739258341,-0.0071505477107196343,0.19866331706189752,0.50939894172172628,-0.63688300086851046,-0.78404627604551902,0.39951852023048745,-0.34758525983367206,0.14325441970611524,-0.35479715376221621,-0.45318641738734528
0.25288163422860654,-0.51788159867375649,-0.39726416668384601,-0.16106741445209605,-0.20063393555918407,0.69993960054625204,-0.10316423930196456,0.52555023491952479,-0.42745842410839785,0.2052468030133088,0.44992475533832593,-0.025031331608010292,-0.13751697688334685,1.0,0.26020819954229285,-0.11171427252661939,-0.63284831393941543,0.25442253999999997,0.33155476808475015,-0.14835228385902188,0.29014302910655848,0.44908061853409587,-0.29175927462453244,0.1585148553281511,0.4208897353284522,0.15778831592857553,-0.6650394892648166,0.29733442453758691,-0.24356833220559482,0.69340954056192472,0.05871130221659368,-0.18172166045206509,0.03754645488713268,0.18359988005570355,-0.089966721469007971,0.38667075808004775,0.41133773851429672,0.35700686943274479,0.15553182267726767
-0.32334994467732542,-0.089988957740513159,-0.03943310470158487,0.040404096928602695,-0.15273933530099243,0.27186008398759176,-0.1494478848707467,-0.21204743427415948,0.26288964264544523,0.077831338466580025,0.81056477427449103,-0.031214451846556551,0.12527232792356838,0.26020819954229285,1.0,-0.24776768021484258,-0.048515810204373191,-0.30758887999999995,-0.64214571009160304,0.58578765472824557,-0.35803942473289002,-0.55994783791151759,0.21411328113237044,-0.4038444819252936,-0.56476523231272502,-0.40889066003108249,-0.47726796926738324,0.45336315426544882,-0.23391056780767311,0.28850870051760685,-0.28764646790230852,0.15270438725568489,-0.024446087229591795,-0.27436089951692649,0.20233140078396961,-0.48465368398494846,0.25209286157974126,0.20817526302475969,-0.092362030323493327
0.63267633447464666,0.40281641454677275,0.36592807889811407,0.83087809083042141,-0.28118918218274153,-0.32952890754260716,-0.75656020139532809,-0.54963357781093891,-0.45120866239473023,0.71893558584098549,-0.56243511883496144,0.15229033661294036,-0.36998472548136863,-0.11171427252661939,-0.24776768021484258,1.0,0.0027911034893047084,0.61221454000000008,0.13659588581628682,-0.083961830728513528,0.46657923384650779,0.18700787443364855,-0.4898404425794452,0.58027220993725159,-0.14147139666748298,0.77605980232993244,0.59847912142161797,0.065079578824727938,-0.062697808260148383,-0.075687787189794076,0.33858714884729446,-0.61507982533052885,0.48807658493272227,0.45584418442660496,-0.62910990664084887,0.68695742832724893,0.076092069327369685,-0.56102668891783636,0.4041089773495119
-0.63945931136762257,0.50213643674728603,0.35435701181851637,-0.14626484343321811,-0.0067847636423921266,-0.62702335175138135,0.046124425209651806,-0.39452729083832022,0.75896062414550414,-0.4021834127069821,-0.071795999906356656,0.20647476291281969,0.58346548723909275,-0.63284831393941543,-0.048515810204373191,0.0027911034893047084,1.0,-0.6347469,-0.57251337978787575,0.040345542131291851,-0.66712705381934212,-0.7437581337908068,0.65505652796289282,-0.44467699826410745,-0.15917049386714915,-0.5104632158667497,0.55854305257235803,-0.62256715439440313,0.25717678289063212,-0.7138376318002706,-0.23410494945570703,0.57803443859231152,-0.25821050671639417,-0.6500707453004011,0.51627327385299071,-0.34154502786874352,-0.32694031032773624,-0.27579375299963799,-0.7180831745688997
0.99512518000000005,-0.03008489999999997,0.16003915999999996,0.69717557999999991,-0.10857868000000004,0.11781731999999989,-0.57050266000000005,-0.10061814000000002,-0.96364640000000001,0.62271636000000008,-0.49207515999999996,-0.21002947999999999,-0.78066772000000006,0.25442253999999997,-0.30758887999999995,0.61221454000000008,-0.6347469,1.0,0.47918957999999989,-0.067538839999999989,0.83902045999999997,0.76317583999999994,-0.96626038000000003,0.64060739999999994,0.10459302000000004,0.9126512,-0.046375920000000015,0.48069615999999993,0.065488299999999944,0.27864183999999992,0.26992273999999994,-0.86479176000000002,0.70023363999999999,0.81754281999999989,-0.78717269999999995,0.71842249999999996,0.21502373999999991,0.028320619999999908,0.65343449999999992
0.53063434437340917,-0.54704028825721185,-0.57713060742140887,-0.046901508857416861,-0.18457475804806786,0.49091887439766335,0.061401387272368019,0.65020843228255953,-0.54393119705450377,0.30181527997420649,-0.31280393484767255,0.27734452948778504,-0.16414712419733257,0.33155476808475015,-0.64214571009160304,0.13659588581628682,-0.57251337978787575,0.47918957999999989,1.0,-0.51198456186696029,0.49895507056947203,0.87633154014694126,-0.34698785229835338,0.76235530521042139,0.67051987057337703,0.59454718271678764,-0.07841415875933759,-0.16786038457657512,-0.37599596798499885,0.53099040820513288,0.67254780101438782,-0.48586135950024067,-0.071076980658133601,0.40177237618278827,-0.54587524060740333,0.64308878567566063,0.28382890785908721,-0.21484084903782086,0.51244804899233254
-0.074102133352174179,-0.085024990455956601,0.058879370341833576,0.35108889815203415,-0.25574516056833213,0.07407637940176838,-0.29333539271443149,-0.28169129202944809,0.14028505933464636,0.095942003745780699,0.39765569033768255,0.10107347729615741,-0.071895149032027122,-0.14835228385902188,0.58578765472824557,-0.083961830728513528,0.040345542131291851,-0.067538839999999989,-0.51198456186696029,1.0,-0.43735576116777503,-0.42825670929656651,0.045390610599688068,-0.16672026673750226,-0.6261471085944057,-0.20711240564198166,-0.28586340633108259,0.17267952948256787,0.12224480397530151,0.031815816165561964,-0.058772813272314366,-0.042570737355531033,0.50161052823414098,-0.034103742993293128,-0.10160336667636778,-0.3720014049403359,0.44682843186523935,0.075808161939109192,0.19242852406182606
0.81983438562401423,0.13097785573284085,0.23522264096037837,0.40380432870745764,0.30522117512616775,-0.010928891326023852,-0.20020916920785869,-0.094735360397582194,-0.8730014377305757,0.40116791162840476,-0.54981878264376915,-0.4930261584702687,-0.77454489288481099,0.29014302910655848,-0.35803942473289002,0.46657923384650779,-0.66712705381934212,0.83902045999999997,0.49895507056947203,-0.43735576116777503,1.0,0.75164652557006195,-0.86220006915822933,0.43346253020289932,0.19607562346897511,0.78910848403579803,0.056045579402847441,0.59867003805155927,0.050414085456935001,0.17301123952940284,0.045359914948136675,-0.62063657689815643,0.33344941042441434,0.76574697802846714,-0.51796112865956601,0.56151691463072551,-0.19066894776042889,0.13089253822513774,0.49532188564177859
0.77782154479002741,-0.42289985307668349,-0.30195432243694004,0.12898426960836878,-0.059199242481470467,0.43838262409596845,-0.09312346023396835,0.50474110223940616,-0.83688861603587639,0.33089685190045964,-0.38319482308973524,-0.068589455289395071,-0.49488956948411061,0.44908061853409587,-0.55994783791151759,0.18700787443364855,-0.7437581337908068,0.76317583999999994,0.87633154014694126,-0.42825670929656651,0.75164652557006195,1.0,-0.71265797196837055,0.66373844770861401,0.58890542906197885,0.71480650782157218,-0.24542122316791171,0.18691225939120865,-0.10547586809287231,0.48024701687971921,0.41173672616442375,-0.63849703123958979,0.24829733183292643,0.66176548375310862,-0.59106008059422932,0.69706632497101573,0.21773552447513905,0.11451260340867593,0.54406212914518126
-0.93759918192712388,-0.06307881114292771,-0.29181495999925217,-0.61094186458709188,-0.047517926197517067,-0.06657918420579681,0.47710237817522394,0.14507668567449614,0.96510942638014041,-0.46658765811416775,0.45336863506253977,0.42489742855279489,0.86443695109846919,-0.29175927462453244,0.21411328113237044,-0.4898404425794452,0.65505652796289282,-0.96626038000000003,-0.34698785229835338,0.045390610599688068,-0.86220006915822933,-0.71265797196837055,1.0,-0.43043892306474929,-0.071545306372792133,-0.80622602041239722,0.14903872162899343,-0.63247210343092808,-0.22537728795436038,-0.19677605186438943,-0.027018249191983233,0.7508583997142424,-0.71448282873709035,-0.83485514583602671,0.62488950711386748,-0.59792636638074059,-0.073004428166561622,-0.26209133877615221,-0.54289539262629827
0.71256754847873227,-0.44081656703832117,-0.45826588511511523,0.52202996504758636,-0.52727756411547544,0.39214139344486387,-0.49029450307498895,0.2405755436669885,-0.5624709138421462,0.79880890907796509,-0.28447280985262063,0.52884671067510358,-0.172009237269451,0.1585148553281511,-0.4038444819252936,0.58027220993725159,-0.44467699826410745,0.64060739999999994,0.76235530521042139,-0.16672026673750226,0.43346253020289932,0.66373844770861401,-0.43043892306474929,1.0,0.22754060210643431,0.80026740920995687,0.12919700665381828,-0.11933510450800708,-0.5529619636242965,0.5621888357376108,0.90183516015534038,-0.82270605166668875,0.23693503454162812,0.42618700737512377,-0.91122432323427127,0.74216665051541897,0.57445746707713274,-0.6115176076507669,0.74275113010984528
0.11583167656777238,-0.3564812149516236,-0.35725587851701762,-0.45244665756031055,-0.084733815705053186,0.33384962972990323,0.19382477906197537,0.6867329662519791,-0.22190490034221111,-0.19979850149415512,-0.16377741051223821,0.11001973061046411,0.13819811069579468,0.4208897353284522,-0.56476523231272502,-0.14147139666748298,-0.15917049386714915,0.10459302000000004,0.67051987057337703,-0.6261471085944057,0.19607562346897511,0.58890542906197885,-0.071545306372792133,0.22754060210643431,1.0,0.15822923633436306,-0.17163576144536918,-0.36930254549284963,-0.045397540144365374,0.20555650789740873,0.1875699628548218,0.079305521347855512,-0.23190538296144925,0.071175459264556734,0.055235013382703202,0.46594444786981754,0.037313304060645612,0.14626229400160198,-0.16817958631506955
0.93485052633045607,-0.0059614308515603554,0.057527373948222632,0.70907933300746806,-0.20824340519283605,0.081683229296481391,-0.59033982137798313,-0.12125604804423219,-0.85660259686873863,0.70792394540909498,-0.56322219413237296,0.024087885838087325,-0.63914345338856748,0.15778831592857553,-0.40889066003108249,0.77605980232993244,-0.5104632158667497,0.9126512,0.59454718271678764,-0.20711240564198166,0.78910848403579803,0.71480650782157218,-0.80622602041239722,0.80026740920995687,0.15822923633436306,1.0,0.19483770886146312,0.27418627576109317,-0.15419391113489592,0.29604945814123529,0.48655263383843739,-0.85856169831292994,0.49978441626278425,0.73975475052062489,-0.84955961573765681,0.82208386660380262,0.22040066940204539,-0.29588186672179195,0.65084912922452265
-0.029352424282750422,0.668303802484016,0.46214007410180613,0.3090173146244749,0.18742915391290602,-0.78879368300792618,-0.099357339567564623,-0.5885381511295773,0.22622184914762941,0.11381147246818074,-0.67794019400331695,0.080476024800648319,0.083139588959784627,-0.6650394892648166,-0.47726796926738324,0.59847912142161797,0.55854305257235803,-0.046375920000000015,-0.07841415875933759,-0.28586340633108259,0.056045579402847441,-0.24542122316791171,0.14903872162899343,0.12919700665381828,-0.17163576144536918,0.19483770886146312,1.0,-0.36657801792917738,0.10381098473302755,-0.63639946031077599,0.10424273141022988,0.03806690597832306,-0.05762890935294402,-0.056018540806532041,-0.057640658609575887,0.11556337159487248,-0.45358642919410497,-0.64852066784417395,-0.054548606790490971
0.42995810828882558,0.15733053780462852,0.32314351671484576,0.33194420390944857,0.34758454533511524,0.081765355884492158,-0.12471956471213552,-0.31868213088480146,-0.55554939608770293,0.20822300708748076,0.069144829318020379,-0.66986856097588587,-0.69944856936545918,0.29733442453758691,0.45336315426544882,0.065079578824727938,-0.62256715439440313,0.48069615999999993,-0.16786038457657512,0.17267952948256787,0.59867003805155927,0.18691225939120865,-0.63247210343092808,-0.11933510450800708,-0.36930254549284963,0.27418627576109317,-0.36657801792917738,1.0,0.091025448882881652,0.21140620770074545,-0.3883743825315138,-0.34833821836450157,0.33890315558579825,0.51553652402362915,-0.18789628090712437,-0.076396521114501778,-0.15262570155990821,0.48784870310846906,0.32688704267302804
-0.01468925438241063,0.5972732930009127,0.74912932046230463,-0.040783777354989614,0.46057493816410755,-0.60836189612569636,0.12366203738736627,-0.33090739064984687,-0.060163446279341219,-0.54835542959931416,-0.42956381771211272,-0.62256320230653273,-0.38877511739258341,-0.24356833220559482,-0.23391056780767311,-0.062697808260148383,0.25717678289063212,0.065488299999999944,-0.37599596798499885,0.12224480397530151,0.050414085456935001,-0.10547586809287231,-0.22537728795436038,-0.5529619636242965,-0.045397540144365374,-0.15419391113489592,0.10381098473302755,0.091025448882881652,1.0,-0.73818408777607458,-0.72469851564397947,0.30866802709768681,0.45240746065594245,0.18772709964615605,0.42770323791587223,-0.10935697878322757,-0.52927902068570531,0.59747324904157217,-0.360885208304212
0.33055926424457666,-0.83564142722446255,-0.79664832886460735,0.0340365114557451,-0.52092009079866464,0.94318235447762011,-0.18620161323779846,0.60275625514741493,-0.38408974966014409,0.52293853798548617,0.52519901847833106,0.40922569171621265,-0.0071505477107196343,0.69340954056192472,0.28850870051760685,-0.075687787189794076,-0.7138376318002706,0.27864183999999992,0.53099040820513288,0.031815816165561964,0.17301123952940284,0.48024701687971921,-0.19677605186438943,0.5621888357376108,0.20555650789740873,0.29604945814123529,-0.63639946031077599,0.21140620770074545,-0.73818408777607458,1.0,0.59013304725539262,-0.49979365146648053,-0.068474565674320212,0.15969802887557347,-0.50942066374383277,0.3220901058046523,0.73180521825957723,-0.081316256553995922,0.52612865200283565
0.36269197479856846,-0.60516301956338581,-0.69574181740714736,0.30008509357676477,-0.61933475703826235,0.48079483751000263,-0.31435332247932896,0.37280506349110715,-0.19122717796970351,0.65808212356864404,-0.026019316245908745,0.77956335219614392,0.19866331706189752,0.05871130221659368,-0.28764646790230852,0.33858714884729446,-0.23410494945570703,0.26992273999999994,0.67254780101438782,-0.058772813272314366,0.045359914948136675,0.41173672616442375,-0.027018249191983233,0.90183516015534038,0.1875699628548218,0.48655263383843739,0.10424273141022988,-0.3883743825315138,-0.72469851564397947,0.59013304725539262,1.0,-0.58946078955317849,-0.031203119905224244,0.067674833547824609,-0.74884645883940126,0.48684040446995608,0.68393359959952116,-0.74590599046772177,0.59562829498864545
-0.89792226187906221,0.24186055499050713,0.13569659874084389,-0.75647763821781366,0.38808676745987036,-0.30291142231977908,0.62848125132551957,0.046075183088935483,0.78818474783371884,-0.82892878904664857,0.27872255590762374,-0.17355046167791902,0.50939894172172628,-0.18172166045206509,0.15270438725568489,-0.61507982533052885,0.57803443859231152,-0.86479176000000002,-0.48586135950024067,-0.042570737355531033,-0.62063657689815643,-0.63849703123958979,0.7508583997142424,-0.82270605166668875,0.079305521347855512,-0.85856169831292994,0.03806690597832306,-0.34833821836450157,0.30866802709768681,-0.49979365146648053,-0.58946078955317849,1.0,-0.53055952286652019,-0.64419186555371766,0.94432743341939474,-0.65732806143553679,-0.46589812320060436,0.28927056618619246,-0.77131182926241904
0.67210403738804803,0.1593415716592686,0.41957271096570803,0.73027672519052222,-0.18625421700796793,-0.12850531657312206,-0.65924073084147505,-0.3520015668908878,-0.59439785830432146,0.41312336185127552,-0.30460952712841238,-0.19967187239131426,-0.63688300086851046,0.03754645488713268,-0.024446087229591795,0.48807658493272227,-0.25821050671639417,0.70023363999999999,-0.071076980658133601,0.50161052823414098,0.33344941042441434,0.24829733183292643,-0.71448282873709035,0.23693503454162812,-0.23190538296144925,0.49978441626278425,-0.05762890935294402,0.33890315558579825,0.45240746065594245,-0.068474565674320212,-0.031203119905224244,-0.53055952286652019,1.0,0.57723478407796569,-0.48643499354351111,0.37890842156019922,0.28005011223232107,0.15328491374540534,0.45650172505505709
0.79975920111612953,0.076183553561865971,0.21061289194322438,0.47926971528292572,0.026479783262512904,0.054745816498232215,-0.32432662144554758,-0.083967853432773562,-0.82141176599095367,0.38879939680286768,-0.528855471886443,-0.29153289790476883,-0.78404627604551902,0.18359988005570355,-0.27436089951692649,0.45584418442660496,-0.6500707453004011,0.81754281999999989,0.40177237618278827,-0.034103742993293128,0.76574697802846714,0.66176548375310862,-0.83485514583602671,0.42618700737512377,0.071175459264556734,0.73975475052062489,-0.056018540806532041,0.51553652402362915,0.18772709964615605,0.15969802887557347,0.067674833547824609,-0.64419186555371766,0.57723478407796569,1.0,-0.53894007662754173,0.56060617332466722,0.0099393701510819225,0.17077397818172713,0.62745556900183297
-0.83863507981819152,0.31861216408793908,0.24412640108160763,-0.76319377029287216,0.42913549560648634,-0.30698619497137636,0.62302933243504077,0.018222330256949346,0.68438124481587259,-0.86472481229141762,0.2688142177531111,-0.3096091252156089,0.39951852023048745,-0.089966721469007971,0.20233140078396961,-0.62910990664084887,0.51627327385299071,-0.78717269999999995,-0.54587524060740333,-0.10160336667636778,-0.51796112865956601,-0.59106008059422932,0.62488950711386748,-0.91122432323427127,0.055235013382703202,-0.84955961573765681,-0.057640658609575887,-0.18789628090712437,0.42770323791587223,-0.50942066374383277,-0.74884645883940126,0.94432743341939474,-0.48643499354351111,-0.53894007662754173,1.0,-0.61617709239722918,-0.56633663129140543,0.47890626616253801,-0.82635079709092829
0.74578454432987507,-0.11707900926083671,-0.088779645425566545,0.42934452546482721,-0.45867902431149388,0.20129521913881243,-0.57600160328126104,0.16205113323403761,-0.69653929256576208,0.57755129145772222,-0.43724455579007238,0.26800515426541188,-0.34758525983367206,0.38667075808004775,-0.48465368398494846,0.68695742832724893,-0.34154502786874352,0.71842249999999996,0.64308878567566063,-0.3720014049403359,0.56151691463072551,0.69706632497101573,-0.59792636638074059,0.74216665051541897,0.46594444786981754,0.82208386660380262,0.11556337159487248,-0.076396521114501778,-0.10935697878322757,0.3220901058046523,0.48684040446995608,-0.65732806143553679,0.37890842156019922,0.56060617332466722,-0.61617709239722918,1.0,0.30745182308938063,-0.25136419490982637,0.39523659867647604
0.27410506364309351,-0.77491500849993744,-0.66110197970440843,0.28772409408118371,-0.76934813470350782,0.72826977705162765,-0.50846059703777846,0.41113035273616011,-0.18706439093253235,0.57817319243917586,0.4841909892288398,0.64892978994656536,0.14325441970611524,0.41133773851429672,0.25209286157974126,0.076092069327369685,-0.32694031032773624,0.21502373999999991,0.28382890785908721,0.44682843186523935,-0.19066894776042889,0.21773552447513905,-0.073004428166561622,0.57445746707713274,0.037313304060645612,0.22040066940204539,-0.45358642919410497,-0.15262570155990821,-0.52927902068570531,0.73180521825957723,0.68393359959952116,-0.46589812320060436,0.28005011223232107,0.0099393701510819225,-0.56633663129140543,0.30745182308938063,1.0,-0.28895674150927075,0.47131518345099116
-0.053040404275643147,0.0331585651408677,0.252474954504111,-0.39569924621706754,0.41755307325402097,0.10257459552844343,0.33908781087781914,0.17626348855150029,-0.20364615798103006,-0.57877388350837089,0.17927057022662896,-0.6981141561334,-0.35479715376221621,0.35700686943274479,0.20817526302475969,-0.56102668891783636,-0.27579375299963799,0.028320619999999908,-0.21484084903782086,0.075808161939109192,0.13089253822513774,0.11451260340867593,-0.26209133877615221,-0.6115176076507669,0.14626229400160198,-0.29588186672179195,-0.64852066784417395,0.48784870310846906,0.59747324904157217,-0.081316256553995922,-0.74590599046772177,0.28927056618619246,0.15328491374540534,0.17077397818172713,0.47890626616253801,-0.25136419490982637,-0.28895674150927075,1.0,-0.3191924881619882
0.69619373878595814,-0.34852104754698793,-0.28908464847753179,0.56552804938961021,-0.24459584051422095,0.34250179189528529,-0.33632652346087671,0.072229563364228574,-0.59538992462407569,0.74692699466024015,-0.17640504566383183,0.17337724896047829,-0.45318641738734528,0.15553182267726767,-0.092362030323493327,0.4041089773495119,-0.7180831745688997,0.65343449999999992,0.51244804899233254,0.19242852406182606,0.49532188564177859,0.54406212914518126,-0.54289539262629827,0.74275113010984528,-0.16817958631506955,0.65084912922452265,-0.054548606790490971,0.32688704267302804,-0.360885208304212,0.52612865200283565,0.59562829498864545,-0.77131182926241904,0.45650172505505709,0.62745556900183297,-0.82635079709092829,0.39523659867647604,0.47131518345099116,-0.3191924881619882,1.0
