1.0,-0.27159495896682107,0.16374747583998561,0.57547734598785583,-0.046751266208577134,0.078045193619454264,0.2528156471096476,0.5199863717054829,0.59907053395240362,-0.64459895467447126,0.36047359165069826,0.12174352220115288,-0.38918457235754939,0.57645005858283949,-0.66345337985764863,0.44329512993497977,-0.14527534577790907,-0.16229579914129372,-0.096339281467327759,0.75992739388922093,0.17579528109831036,-0.25289278012096833,-0.38606088433821351,-0.59173447019202663,-0.49985823082617037,0.077118899221097187,-0.56308254000000002,0.17242023884210025,-0.20541761159347496,-0.78436049829198584,0.31710826604951603,-0.68541819263097203,-0.47769706210900736,0.55571304642454744,-0.45496811253557734,0.43929329853902954,0.28416894380115904,-0.1369235823877385,-0.38816977095775285
-0.27159495896682107,1.0,0.55014106228803628,-0.2259204705131711,0.23612016146773146,-0.50457637819397172,0.43276256955312697,-0.50291378300695022,-0.10226750818825367,-0.094340461166633097,0.063577977523516779,-0.34473922720227418,-0.39120445951824101,-0.53051227058967187,0.42888654167119949,0.17208353137823462,-0.4961576623428039,0.72937230631613093,-0.09238635187395193,-0.088124394720371341,0.39550618427709272,0.33147767562090735,-0.38122291029670829,0.25237741650067064,-0.051100057494281738,0.24089277567477654,0.083232799999999996,-0.49275210520614632,-0.28846227885036518,0.22081303190265011,-0.11152112050832699,-0.11636512076945175,0.02705155823000184,-0.57983717849034244,-0.3210446263949791,-0.42045710177098572,0.22347808126731147,0.22480988306182359,-0.35800476941856613
0.16374747583998561,0.55014106228803628,1.0,0.24797846158051887,0.15795871888511728,-0.82117874653703704,0.04075029304541139,-0.08875017284789434,0.25038267117609864,-0.5128707543263451,0.1834546553333635,-0.61013017042684925,-0.7414088439906551,-0.34988719296789561,0.18641190607899705,0.50674376425683942,-0.89448478000669984,0.74633442245519432,-0.35666410419288991,0.2569236998183308,0.68621324925792304,0.058762658561579285,-0.88363453004843029,-0.22724841523448006,-0.54298912356139162,0.52163394432814691,-0.38980395999999995,-0.48456730904278172,-0.19182811396025173,-0.30095071125993617,-0.3376748030193954,-0.69909504703038028,-0.18866075067777055,-0.35340489729754648,-0.77635355408836781,-0.2811380214388105,-0.044878137019042016,0.47112663615655959,-0.87616743734020097
0.57547734598785583,-0.2259204705131711,0.24797846158051887,1.0,0.2098703185232848,-0.12948822442069896,-0.12518004744232736,0.73232157791388208,0.83325442434216102,-0.66165059375385038,0.38689693929608021,-0.27504282931784801,-0.56922009631319792,0.63893024989533587,-0.64843805648304365,0.73778946147858293,-0.39736393659677682,-0.329902905651064,-0.56596877320734085,0.77629337490621397,0.54562288072125809,-0.66087728776472932,-0.57361969386649092,-0.92128048971298693,-0.72578450874751355,0.49341492925775965,-0.85122848000000007,0.29462262004804002,0.42750795844104339,-0.89172668191892845,0.25561984740807209,-0.74723717746782425,-0.42869048569475787,0.35532367956104144,-0.58497082550770985,0.016358096076101961,-0.21391930884300886,-0.25287962922779555,-0.43878799583093275
-0.046751266208577134,0.23612016146773146,0.15795871888511728,0.2098703185232848,1.0,-0.29159060451450125,0.06513663929779856,0.058465015916755805,0.33480589866272842,0.09859066307495043,0.68690868299213936,-0.31179328321249944,-0.44973584336480565,-0.2088059761575693,0.29222306281308941,0.28931569393613488,-0.31702350424693665,0.044844316989204033,-0.39349383894780177,0.24328891106734299,0.48027990483959548,-0.10133545764672883,-0.26717025384248838,-0.17042110366662055,-0.12988582374767518,0.15726821350324399,-0.26606171999999995,0.32694458961470363,0.42866738264362392,-0.097399148361415722,-0.074970381922733489,-0.12097664868896063,-0.35066689210654811,-0.13382522235820296,-0.23602587786305423,-0.55789818131506708,-0.16779791145149278,0.063578505802524776,-0.050064484639848694
0.078045193619454264,-0.50457637819397172,-0.82117874653703704,-0.12948822442069896,-0.29159060451450125,1.0,0.19337497674158832,0.0039631520817134096,-0.20591395106791499,0.19399448598427887,-0.32083750615900369,0.85046192444278157,0.62684690244970265,0.37547230338828436,-0.48971288867514179,-0.35477551750460329,0.782195543730835,-0.58381675800604282,0.48622260189323074,-0.072087034582757475,-0.69516720522563791,0.034243798982258947,0.75958473064688359,0.1873737149491834,0.46872373996665395,-0.68593137903668355,0.3492536799999999,0.34656183188998496,0.13171307288860426,0.097337140506445652,0.44378477070832884,0.43937876734437481,-0.047088237041117698,0.54488525864843795,0.7258373833896915,0.60518419484249919,0.42472079242151756,-0.61660604507141237,0.76601048154155826
0.2528156471096476,0.43276256955312697,0.04075029304541139,-0.12518004744232736,0.06513663929779856,0.19337497674158832,1.0,-0.16853501450067843,0.24847071432510823,-0.10207199229831931,0.32703260055778749,0.072396098159530423,-0.34665803435128528,0.051779895856241542,-0.042681473072356757,0.26193592453264303,-0.10242671287690541,0.12970270141545248,-0.046963297361235737,0.15316013052793118,0.17716414379269585,0.058889042502205537,-0.13692734407571194,-0.023563467106935021,-0.21408148513658978,-0.095903317178906711,-0.13100842000000001,0.17517304144995771,-0.3797318787278367,-0.17438246368185373,0.60651981878929218,-0.22561022513368101,-0.37288129550311955,0.0090993813167599413,-0.0036809301854386356,-0.063865055392706704,0.56800833130466588,-0.37097787062586607,-0.04402262459258445
0.5199863717054829,-0.50291378300695022,-0.08875017284789434,0.73232157791388208,0.058465015916755805,0.0039631520817134096,-0.16853501450067843,1.0,0.72990096794405002,-0.27316372707108394,0.28315278996755894,-0.21198508140020367,-0.34935973783811347,0.73712313891599324,-0.41366374280300189,0.62669812862840524,-0.19814325391015397,-0.69788691957981908,-0.66958343799872722,0.46973599153085133,0.42478344965786313,-0.91415691601772742,-0.26478684897596727,-0.84763231944372197,-0.65657733000507734,0.3155675192163751,-0.77467907999999996,0.367373600526682,0.2400554598696269,-0.77061689682821821,0.30449021607900661,-0.47963904762610465,-0.50832879838870126,0.55596372345261991,-0.23837838330924718,-0.043671449886604007,-0.26129169537506358,-0.38571869781947737,-0.068815300730903875
0.59907053395240362,-0.10226750818825367,0.25038267117609864,0.83325442434216102,0.33480589866272842,-0.20591395106791499,0.24847071432510823,0.72990096794405002,1.0,-0.56905757451847738,0.66005252628043976,-0.47567332841106669,-0.74460351324444285,0.63197197370624658,-0.40638607544485639,0.86101824602510657,-0.47336002810952138,-0.31946286785216677,-0.74888447287220672,0.77247209610380341,0.70259252747336542,-0.73806532415839277,-0.66109194215257372,-0.92051044475116339,-0.87910667291094924,0.56817800909274652,-0.96722905999999997,0.53576436146507622,0.29351745662574669,-0.9030125245209023,0.54465685361314997,-0.77043740073027012,-0.50095490389595265,0.17376641039516996,-0.60654896562865834,-0.29281641537868053,-0.10378371003325865,-0.36686115787639317,-0.46938284482698733
-0.64459895467447126,-0.094340461166633097,-0.5128707543263451,-0.66165059375385038,0.09859066307495043,0.19399448598427887,-0.10207199229831931,-0.27316372707108394,-0.56905757451847738,1.0,-0.045460263384585947,0.10912928933875961,0.48950783300655581,-0.4198391361092294,0.59493388109426848,-0.61870555811125161,0.42447757171939993,-0.23798254658096535,0.15385812923559766,-0.85221204700925779,-0.33479044614297621,0.1683179096579546,0.64186496079333655,0.52286380454820958,0.53561696509498924,-0.26524414777365535,0.56900719999999994,0.061529020277868801,-0.10392771237135139,0.71451238447201326,-0.24813783990983024,0.75700555017560045,0.16015914790081281,-0.04684981464228611,0.67449729900629907,-0.26370780052259596,-0.35964348645544364,0.18445425682135219,0.67321608128260391
0.36047359165069826,0.063577977523516779,0.1834546553333635,0.38689693929608021,0.68690868299213936,-0.32083750615900369,0.32703260055778749,0.28315278996755894,0.66005252628043976,-0.045460263384585947,1.0,-0.4944741208031963,-0.63371352577049678,0.14567719999775142,0.026646456700522347,0.39144992702785464,-0.31043541456569956,-0.103484334462698,-0.48722946916604659,0.42611417997327539,0.55534092057792528,-0.25363553873374162,-0.4739604135105478,-0.51730913539616041,-0.52106119275871066,0.47261124783280284,-0.58210817999999998,0.57164614518885648,0.073361290237970944,-0.4345017579467908,0.23880211129672499,-0.43953307694179949,-0.3611383569629647,-0.025817442510472636,-0.47983975019532765,-0.48046403337165833,-0.31753853190817638,0.11949780849755016,-0.35632908975940641
0.12174352220115288,-0.34473922720227418,-0.61013017042684925,-0.27504282931784801,-0.31179328321249944,0.85046192444278157,0.072396098159530423,-0.21198508140020367,-0.47567332841106669,0.10912928933875961,-0.4944741208031963,1.0,0.66863877603123856,0.093973583637857225,-0.41024000205556505,-0.49928376268111124,0.70674214408096814,-0.23876914147992973,0.74558659789562687,-0.092935172507941963,-0.78452495029874325,0.36874334900415967,0.73304057520318389,0.42868461386682466,0.66817128936415171,-0.8792083854020305,0.57458301999999994,-0.057932422961877068,-0.060398331836518243,0.23585119179931463,0.077016881817454586,0.43691713974410828,-0.029172009711110707,0.56155341119449631,0.66434470347520391,0.8240520176867856,0.57983922214511963,-0.3280916765409187,0.66121613382896915
-0.38918457235754939,-0.39120445951824101,-0.7414088439906551,-0.56922009631319792,-0.44973584336480565,0.62684690244970265,-0.34665803435128528,-0.34935973783811347,-0.74460351324444285,0.48950783300655581,-0.63371352577049678,0.66863877603123856,1.0,-0.07791584399125405,-0.0064352901017395298,-0.85706484137039607,0.89250387674773179,-0.261106627627682,0.74768626860144083,-0.51653147013404443,-0.93947157629035827,0.41489535745490697,0.9244696975690303,0.6636862681155542,0.86310528436519562,-0.59487271625612992,0.80652798000000003,-0.033506313878246187,-0.023793425483988859,0.68428944546013637,-0.11052842414598089,0.87159937366680607,0.59741651130526607,0.065175591432192287,0.76081177749044981,0.46017604390033379,0.087304420987404444,-0.043321068414608442,0.7274588628067179
0.57645005858283949,-0.53051227058967187,-0.34988719296789561,0.63893024989533587,-0.2088059761575693,0.37547230338828436,0.051779895856241542,0.73712313891599324,0.63197197370624658,-0.4198391361092294,0.14567719999775142,0.093973583637857225,-0.07791584399125405,1.0,-0.75105489010823157,0.39235507255565882,0.18952367835500805,-0.69188838657854945,-0.25824587320563852,0.59292178683835217,0.01567075221356316,-0.63624883113166464,-0.036058171245513582,-0.70429539844241973,-0.42667983410734517,0.15367608858295742,-0.56740988000000003,0.49870969802781839,0.22624348864626451,-0.68131915456823633,0.57260233918938597,-0.32733744848057478,-0.18479350547887916,0.45414791267968219,-0.13863637959463537,0.26128183549961836,0.0055378035842909498,-0.5544066442878961,0.0093433284472690357
-0.66345337985764863,0.42888654167119949,0.18641190607899705,-0.64843805648304365,0.29222306281308941,-0.48971288867514179,-0.042681473072356757,-0.41366374280300189,-0.40638607544485639,0.59493388109426848,0.026646456700522347,-0.41024000205556505,-0.0064352901017395298,-0.75105489010823157,1.0,-0.22789042805628201,-0.21363876084232308,0.38927700905305229,-0.13055936242713523,-0.6358119745995976,0.1745414299763354,0.23951096376902223,0.029697688631496189,0.51662627026787022,0.21929875575891239,0.033021413590253193,0.34104639999999997,-0.23121764509981987,-0.14044659551329181,0.62639178171498644,-0.41474795015696564,0.39126780885908513,0.19771881411907241,-0.56688762885010313,0.17405236474000021,-0.65934778513095149,-0.21666068144518036,0.35970443242851041,0.07480826237750958
0.44329512993497977,0.17208353137823462,0.50674376425683942,0.73778946147858293,0.28931569393613488,-0.35477551750460329,0.26193592453264303,0.62669812862840524,0.86101824602510657,-0.61870555811125161,0.39144992702785464,-0.49928376268111124,-0.85706484137039607,0.39235507255565882,-0.22789042805628201,1.0,-0.76087883324280214,-0.059830194442793735,-0.82914065628448075,0.63154356526757516,0.85939828321194367,-0.71870118543027761,-0.77894594336736422,-0.79793318658588719,-0.89053539949415661,0.49202234829252539,-0.90758985999999997,0.1449329546186236,0.25675783210778358,-0.83748545657234574,0.36250518867024717,-0.83341371928716534,-0.64750426433421737,0.12286410845535696,-0.60127883463602316,-0.33602363717406197,0.066421508979782343,-0.37363025110075448,-0.51242822521184417
-0.14527534577790907,-0.4961576623428039,-0.89448478000669984,-0.39736393659677682,-0.31702350424693665,0.782195543730835,-0.10242671287690541,-0.19814325391015397,-0.47336002810952138,0.42447757171939993,-0.31043541456569956,0.70674214408096814,0.89250387674773179,0.18952367835500805,-0.21363876084232308,-0.76087883324280214,1.0,-0.47441256368052764,0.69692773647923711,-0.27006353668169164,-0.90966074146082787,0.30724905903972832,0.9116285580481156,0.44607167783433221,0.73225658236276214,-0.57162823469799906,0.61749078000000002,0.31228324666711249,-0.0078680841607555729,0.46492813667563221,0.18297949300866248,0.75965981474653022,0.46859912319739438,0.20866427118820763,0.71567446098291365,0.48403123568710915,0.1167865464305633,-0.21300283076809018,0.7368710643981683
-0.16229579914129372,0.72937230631613093,0.74633442245519432,-0.329902905651064,0.044844316989204033,-0.58381675800604282,0.12970270141545248,-0.69788691957981908,-0.31946286785216677,-0.23798254658096535,-0.103484334462698,-0.23876914147992973,-0.261106627627682,-0.69188838657854945,0.38927700905305229,-0.059830194442793735,-0.47441256368052764,1.0,0.23334843555949178,-0.070856348787963389,0.1633822009546963,0.6628209745938447,-0.42862195819576276,0.42650212962357703,0.085358671833498725,0.10472176946227883,0.25553819999999994,-0.63467664137281965,-0.33662337280789328,0.29211045089384052,-0.44263222151910248,-0.16575509533565963,0.21708532283384052,-0.59921112628888029,-0.40461699953840352,-0.11255826558885276,0.23114101194450509,0.57437934868335572,-0.56835901887646412
-0.096339281467327759,-0.09238635187395193,-0.35666410419288991,-0.56596877320734085,-0.39349383894780177,0.48622260189323074,-0.046963297361235737,-0.66958343799872722,-0.74888447287220672,0.15385812923559766,-0.48722946916604659,0.74558659789562687,0.74768626860144083,-0.25824587320563852,-0.13055936242713523,-0.82914065628448075,0.69692773647923711,0.23334843555949178,1.0,-0.25679278233434816,-0.89122751033651137,0.83685247809453112,0.63475913436798614,0.73434338330658644,0.83023239593690523,-0.65398552474544314,0.83180641999999994,-0.24595679169301127,-0.29740013155560135,0.58647286714051994,-0.20801668676829685,0.56119225640791992,0.50879521245070825,0.019176612900324169,0.45100344882605015,0.68882403391382319,0.38418188169832185,0.20402899765496443,0.34010484394037799
0.75992739388922093,-0.088124394720371341,0.2569236998183308,0.77629337490621397,0.24328891106734299,-0.072087034582757475,0.15316013052793118,0.46973599153085133,0.77247209610380341,-0.85221204700925779,0.42611417997327539,-0.092935172507941963,-0.51653147013404443,0.59292178683835217,-0.6358119745995976,0.63154356526757516,-0.27006353668169164,-0.070856348787963389,-0.25679278233434816,1.0,0.35591665860331911,-0.31319206620034423,-0.54285060863229007,-0.67568444337190681,-0.54751600688068469,0.2620526157980177,-0.69280644000000002,0.32785670794232141,0.25520814170885153,-0.80905829838353949,0.39320885666862404,-0.70390600137346904,-0.29923713399465213,0.19374901335203021,-0.61896273621832898,0.15222854847304682,0.24463936465778571,-0.27444583781295245,-0.50411090737901498
0.17579528109831036,0.39550618427709272,0.68621324925792304,0.54562288072125809,0.48027990483959548,-0.69516720522563791,0.17716414379269585,0.42478344965786313,0.70259252747336542,-0.33479044614297621,0.55534092057792528,-0.78452495029874325,-0.93947157629035827,0.01567075221356316,0.1745414299763354,0.85939828321194367,-0.90966074146082787,0.1633822009546963,-0.89122751033651137,0.35591665860331911,1.0,-0.55610256234303279,-0.86358251077237447,-0.65022229392283137,-0.84748923192774428,0.66827975891116187,-0.79691323999999997,0.013178182578080613,0.13507580189005997,-0.5866069330891639,0.044750142223365048,-0.74257024093689694,-0.54115986814533601,-0.13272789833605772,-0.67135790996293021,-0.64291839398737372,-0.25161144246775896,0.01624420665816953,-0.61805058425915649
-0.25289278012096833,0.33147767562090735,0.058762658561579285,-0.66087728776472932,-0.10133545764672883,0.034243798982258947,0.058889042502205537,-0.91415691601772742,-0.73806532415839277,0.1683179096579546,-0.25363553873374162,0.36874334900415967,0.41489535745490697,-0.63624883113166464,0.23951096376902223,-0.71870118543027761,0.30724905903972832,0.6628209745938447,0.83685247809453112,-0.31319206620034423,-0.55610256234303279,1.0,0.29506410160871038,0.80842421988105817,0.70738301059006081,-0.41692013989423238,0.78692739999999994,-0.39987892098977867,-0.35971946100902197,0.68032186869528788,-0.41443670162358887,0.42122780465614124,0.49735996426340257,-0.35186174199132025,0.17332887885800416,0.31153756095962748,0.28462003787751411,0.50874774377124277,0.022739400111832644
-0.38606088433821351,-0.38122291029670829,-0.88363453004843029,-0.57361969386649092,-0.26717025384248838,0.75958473064688359,-0.13692734407571194,-0.26478684897596727,-0.66109194215257372,0.64186496079333655,-0.4739604135105478,0.73304057520318389,0.9244696975690303,-0.036058171245513582,0.029697688631496189,-0.77894594336736422,0.9116285580481156,-0.42862195819576276,0.63475913436798614,-0.54285060863229007,-0.86358251077237447,0.29506410160871038,1.0,0.61055682519544652,0.83919142360355403,-0.70293702657296009,0.75622879999999992,0.1121789924408586,0.0062133139758639988,0.64174026470688439,0.019740912230964525,0.89466553299742579,0.34472642811738829,0.22380057688971544,0.90191119678759168,0.38242543396724371,0.13741422845760942,-0.22272696696827823,0.91577788644369251
-0.59173447019202663,0.25237741650067064,-0.22724841523448006,-0.92128048971298693,-0.17042110366662055,0.1873737149491834,-0.023563467106935021,-0.84763231944372197,-0.92051044475116339,0.52286380454820958,-0.51730913539616041,0.42868461386682466,0.6636862681155542,-0.70429539844241973,0.51662627026787022,-0.79793318658588719,0.44607167783433221,0.42650212962357703,0.73434338330658644,-0.67568444337190681,-0.65022229392283137,0.80842421988105817,0.61055682519544652,1.0,0.87771019498946179,-0.58440985283653535,0.95262844000000002,-0.38416867437506402,-0.25784328398276751,0.92750432509492564,-0.34819224975083579,0.77736668987197111,0.50723404355744217,-0.35259535329751385,0.57575325833727498,0.1398072229885895,0.29854007494629942,0.26729395736942885,0.44364175421461488
-0.49985823082617037,-0.051100057494281738,-0.54298912356139162,-0.72578450874751355,-0.12988582374767518,0.46872373996665395,-0.21408148513658978,-0.65657733000507734,-0.87910667291094924,0.53561696509498924,-0.52106119275871066,0.66817128936415171,0.86310528436519562,-0.42667983410734517,0.21929875575891239,-0.89053539949415661,0.73225658236276214,0.085358671833498725,0.83023239593690523,-0.54751600688068469,-0.84748923192774428,0.70738301059006081,0.83919142360355403,0.87771019498946179,1.0,-0.69913437808465129,0.95430367999999999,-0.20189689877908074,-0.044699388635774322,0.84927715395704506,-0.31347335613882371,0.88355074835459735,0.50997055909848277,-0.085515067360998467,0.7046307974842364,0.3537111574130633,0.21450763272084586,0.13656448968887308,0.67004802542657771
0.077118899221097187,0.24089277567477654,0.52163394432814691,0.49341492925775965,0.15726821350324399,-0.68593137903668355,-0.095903317178906711,0.3155675192163751,0.56817800909274652,-0.26524414777365535,0.47261124783280284,-0.8792083854020305,-0.59487271625612992,0.15367608858295742,0.033021413590253193,0.49202234829252539,-0.57162823469799906,0.10472176946227883,-0.65398552474544314,0.2620526157980177,0.66827975891116187,-0.41692013989423238,-0.70293702657296009,-0.58440985283653535,-0.69913437808465129,1.0,-0.64215055999999993,0.088826785223970181,0.036216756352654499,-0.38689154009207044,0.076300360253831939,-0.50972781452415805,0.070447254528046357,-0.41757607951659542,-0.74104279914025339,-0.60659947076632958,-0.59081484847822585,0.30602730423796098,-0.6888167767159693
-0.56308254000000002,0.083232799999999996,-0.38980395999999995,-0.85122848000000007,-0.26606171999999995,0.3492536799999999,-0.13100842000000001,-0.77467907999999996,-0.96722905999999997,0.56900719999999994,-0.58210817999999998,0.57458301999999994,0.80652798000000003,-0.56740988000000003,0.34104639999999997,-0.90758985999999997,0.61749078000000002,0.25553819999999994,0.83180641999999994,-0.69280644000000002,-0.79691323999999997,0.78692739999999994,0.75622879999999992,0.95262844000000002,0.95430367999999999,-0.64215055999999993,1.0,-0.36748444000000002,-0.24392760000000002,0.91674667999999992,-0.38343565999999996,0.84241001999999998,0.53482724000000004,-0.18126710000000001,0.66938213999999996,0.31626347999999993,0.20811855999999995,0.25517235999999999,0.55855234000000009
0.17242023884210025,-0.49275210520614632,-0.48456730904278172,0.29462262004804002,0.32694458961470363,0.34656183188998496,0.17517304144995771,0.367373600526682,0.53576436146507622,0.061529020277868801,0.57164614518885648,-0.057932422961877068,-0.033506313878246187,0.49870969802781839,-0.23121764509981987,0.1449329546186236,0.31228324666711249,-0.63467664137281965,-0.24595679169301127,0.32785670794232141,0.013178182578080613,-0.39987892098977867,0.1121789924408586,-0.38416867437506402,-0.20189689877908074,0.088826785223970181,-0.36748444000000002,1.0,0.46479279659054945,-0.30184299871657472,0.65566846991976058,0.011159563700057582,-0.0671790030608935,0.1059227635875758,0.086666021207190858,-0.21488825997683456,-0.15375752812503227,-0.46447470156312459,0.20892427735915053
-0.20541761159347496,-0.28846227885036518,-0.19182811396025173,0.42750795844104339,0.42866738264362392,0.13171307288860426,-0.3797318787278367,0.2400554598696269,0.29351745662574669,-0.10392771237135139,0.073361290237970944,-0.060398331836518243,-0.023793425483988859,0.22624348864626451,-0.14044659551329181,0.25675783210778358,-0.0078680841607555729,-0.33662337280789328,-0.29740013155560135,0.25520814170885153,0.13507580189005997,-0.35971946100902197,0.0062133139758639988,-0.25784328398276751,-0.044699388635774322,0.036216756352654499,-0.24392760000000002,0.46479279659054945,1.0,-0.16813434787089987,0.10804551595411747,0.028597183539210987,-0.042285265551902859,-0.018675705340468338,0.053762694613356941,-0.22903182852921594,-0.18762444897078598,-0.39789853189561064,0.1842468051294931
-0.78436049829198584,0.22081303190265011,-0.30095071125993617,-0.89172668191892845,-0.097399148361415722,0.097337140506445652,-0.17438246368185373,-0.77061689682821821,-0.9030125245209023,0.71451238447201326,-0.4345017579467908,0.23585119179931463,0.68428944546013637,-0.68131915456823633,0.62639178171498644,-0.83748545657234574,0.46492813667563221,0.29211045089384052,0.58647286714051994,-0.80905829838353949,-0.5866069330891639,0.68032186869528788,0.64174026470688439,0.92750432509492564,0.84927715395704506,-0.38689154009207044,0.91674667999999992,-0.30184299871657472,-0.16813434787089987,1.0,-0.41290062347611195,0.87936725158996354,0.61714457832841929,-0.45522712885225175,0.58409379637395908,-0.078047641785505856,-0.029483190432936235,0.34398661221716703,0.48760569166677947
0.31710826604951603,-0.11152112050832699,-0.3376748030193954,0.25561984740807209,-0.074970381922733489,0.44378477070832884,0.60651981878929218,0.30449021607900661,0.54465685361314997,-0.24813783990983024,0.23880211129672499,0.077016881817454586,-0.11052842414598089,0.57260233918938597,-0.41474795015696564,0.36250518867024717,0.18297949300866248,-0.44263222151910248,-0.20801668676829685,0.39320885666862404,0.044750142223365048,-0.41443670162358887,0.019740912230964525,-0.34819224975083579,-0.31347335613882371,0.076300360253831939,-0.38343565999999996,0.65566846991976058,0.10804551595411747,-0.41290062347611195,1.0,-0.15192454152612794,-0.17256383169807113,0.11581005016752621,0.039625256680624846,-0.037178763601796581,0.36837965626737612,-0.73237398792658481,0.12115845157351912
-0.68541819263097203,-0.11636512076945175,-0.69909504703038028,-0.74723717746782425,-0.12097664868896063,0.43937876734437481,-0.22561022513368101,-0.47963904762610465,-0.77043740073027012,0.75700555017560045,-0.43953307694179949,0.43691713974410828,0.87159937366680607,-0.32733744848057478,0.39126780885908513,-0.83341371928716534,0.75965981474653022,-0.16575509533565963,0.56119225640791992,-0.70390600137346904,-0.74257024093689694,0.42122780465614124,0.89466553299742579,0.77736668987197111,0.88355074835459735,-0.50972781452415805,0.84241001999999998,0.011159563700057582,0.028597183539210987,0.87936725158996354,-0.15192454152612794,1.0,0.5691138611630846,-0.19207592868870418,0.79683268543753516,0.038088630460077502,-0.018744311804103266,0.0075664604692015991,0.78922955799556227
-0.47769706210900736,0.02705155823000184,-0.18866075067777055,-0.42869048569475787,-0.35066689210654811,-0.047088237041117698,-0.37288129550311955,-0.50832879838870126,-0.50095490389595265,0.16015914790081281,-0.3611383569629647,-0.029172009711110707,0.59741651130526607,-0.18479350547887916,0.19771881411907241,-0.64750426433421737,0.46859912319739438,0.21708532283384052,0.50879521245070825,-0.29923713399465213,-0.54115986814533601,0.49735996426340257,0.34472642811738829,0.50723404355744217,0.50997055909848277,0.070447254528046357,0.53482724000000004,-0.0671790030608935,-0.042285265551902859,0.61714457832841929,-0.17256383169807113,0.5691138611630846,1.0,-0.64320694008610979,0.12035424907212906,-0.0075174620575588769,-0.20324526556178663,0.31839896641896176,0.025095500513237737
0.55571304642454744,-0.57983717849034244,-0.35340489729754648,0.35532367956104144,-0.13382522235820296,0.54488525864843795,0.0090993813167599413,0.55596372345261991,0.17376641039516996,-0.04684981464228611,-0.025817442510472636,0.56155341119449631,0.065175591432192287,0.45414791267968219,-0.56688762885010313,0.12286410845535696,0.20866427118820763,-0.59921112628888029,0.019176612900324169,0.19374901335203021,-0.13272789833605772,-0.35186174199132025,0.22380057688971544,-0.35259535329751385,-0.085515067360998467,-0.41757607951659542,-0.18126710000000001,0.1059227635875758,-0.018675705340468338,-0.45522712885225175,0.11581005016752621,-0.19207592868870418,-0.64320694008610979,1.0,0.26867247481219364,0.61790625048317016,0.14878725143105687,-0.35517462333031385,0.34621452233477357
-0.45496811253557734,-0.3210446263949791,-0.77635355408836781,-0.58497082550770985,-0.23602587786305423,0.7258373833896915,-0.0036809301854386356,-0.23837838330924718,-0.60654896562865834,0.67449729900629907,-0.47983975019532765,0.66434470347520391,0.76081177749044981,-0.13863637959463537,0.17405236474000021,-0.60127883463602316,0.71567446098291365,-0.40461699953840352,0.45100344882605015,-0.61896273621832898,-0.67135790996293021,0.17332887885800416,0.90191119678759168,0.57575325833727498,0.7046307974842364,-0.74104279914025339,0.66938213999999996,0.086666021207190858,0.053762694613356941,0.58409379637395908,0.039625256680624846,0.79683268543753516,0.12035424907212906,0.26867247481219364,1.0,0.26647052003860006,0.20516661020091467,-0.3665928444594963,0.92736175865557036
0.43929329853902954,-0.42045710177098572,-0.2811380214388105,0.016358096076101961,-0.55789818131506708,0.60518419484249919,-0.063865055392706704,-0.043671449886604007,-0.29281641537868053,-0.26370780052259596,-0.48046403337165833,0.8240520176867856,0.46017604390033379,0.26128183549961836,-0.65934778513095149,-0.33602363717406197,0.48403123568710915,-0.11255826558885276,0.68882403391382319,0.15222854847304682,-0.64291839398737372,0.31153756095962748,0.38242543396724371,0.1398072229885895,0.3537111574130633,-0.60659947076632958,0.31626347999999993,-0.21488825997683456,-0.22903182852921594,-0.078047641785505856,-0.037178763601796581,0.038088630460077502,-0.0075174620575588769,0.61790625048317016,0.26647052003860006,1.0,0.44431247908978044,-0.10915520374070878,0.20585933358853445
0.28416894380115904,0.22347808126731147,-0.044878137019042016,-0.21391930884300886,-0.16779791145149278,0.42472079242151756,0.56800833130466588,-0.26129169537506358,-0.10378371003325865,-0.35964348645544364,-0.31753853190817638,0.57983922214511963,0.087304420987404444,0.0055378035842909498,-0.21666068144518036,0.066421508979782343,0.1167865464305633,0.23114101194450509,0.38418188169832185,0.24463936465778571,-0.25161144246775896,0.28462003787751411,0.13741422845760942,0.29854007494629942,0.21450763272084586,-0.59081484847822585,0.20811855999999995,-0.15375752812503227,-0.18762444897078598,-0.029483190432936235,0.36837965626737612,-0.018744311804103266,-0.20324526556178663,0.14878725143105687,0.20516661020091467,0.44431247908978044,1.0,-0.4697979404724375,0.15389043495795696
-0.1369235823877385,0.22480988306182359,0.47112663615655959,-0.25287962922779555,0.063578505802524776,-0.61660604507141237,-0.37097787062586607,-0.38571869781947737,-0.36686115787639317,0.18445425682135219,0.11949780849755016,-0.3280916765409187,-0.043321068414608442,-0.5544066442878961,0.35970443242851041,-0.37363025110075448,-0.21300283076809018,0.57437934868335572,0.20402899765496443,-0.27444583781295245,0.01624420665816953,0.50874774377124277,-0.22272696696827823,0.26729395736942885,0.13656448968887308,0.30602730423796098,0.25517235999999999,-0.46447470156312459,-0.39789853189561064,0.34398661221716703,-0.73237398792658481,0.0075664604692015991,0.31839896641896176,-0.35517462333031385,-0.3665928444594963,-0.10915520374070878,-0.4697979404724375,1.0,-0.43422310240180095
-0.38816977095775285,-0.35800476941856613,-0.87616743734020097,-0.43878799583093275,-0.050064484639848694,0.76601048154155826,-0.04402262459258445,-0.068815300730903875,-0.46938284482698733,0.67321608128260391,-0.35632908975940641,0.66121613382896915,0.7274588628067179,0.0093433284472690357,0.07480826237750958,-0.51242822521184417,0.7368710643981683,-0.56835901887646412,0.34010484394037799,-0.50411090737901498,-0.61805058425915649,0.022739400111832644,0.91577788644369251,0.44364175421461488,0.67004802542657771,-0.6888167767159693,0.55855234000000009,0.20892427735915053,0.1842468051294931,0.48760569166677947,0.12115845157351912,0.78922955799556227,0.025095500513237737,0.34621452233477357,0.92736175865557036,0.20585933358853445,0.15389043495795696,-0.43422310240180095,1.0
