1.000000000000000000e+00,3.098580989078311143e-01,4.938204057959582477e-02,-2.141420098567019814e-01,7.966100299009118979e-01,3.236823771873144628e-01,2.026956948810711145e-01,-9.793482140482850928e-02,4.712388561275025478e-01,4.783744728473938168e-01,-8.803309746254232016e-01,-1.054686350074196394e-01,-6.382893503850289862e-02,9.065437386857058688e-02,6.437525412502845823e-01,1.509236199999999251e-01,-4.302093193805057170e-01,7.796737993811152512e-01,-3.496312082186273096e-01,6.341645568753201401e-01,-4.152717472412869593e-01,-1.362631525854061387e-01,-8.776572984663498500e-02,-6.274268321754257194e-01,-5.650682697201547811e-01,2.046583023477447361e-01,2.172304096457380318e-01,-2.516770287221005153e-01,-1.607166096045419268e-01,-8.922534291578173571e-01,4.298391320746947075e-01,4.156127511550828935e-01,7.978666549233693894e-01,3.355364333694350609e-01,-1.479520364231451668e-01,-4.516342582975235165e-01,-3.826519510520993705e-01,-8.820184617171825670e-01,-4.627574970359007445e-01
3.098580989078311143e-01,1.000000000000000000e+00,-4.330605894223569785e-01,-7.479742400934369373e-02,3.588999279217857108e-01,-3.862534406334304782e-01,1.745181662475394080e-01,4.782186886914501223e-01,-4.005730830523612229e-01,1.593442593381859396e-01,-5.216471623109503186e-01,-2.197145501076747942e-01,2.864621136450538619e-01,3.427627113793251801e-01,4.060215076105265219e-01,4.584406000000000869e-01,-5.763460024674408322e-01,4.557155548540567369e-01,-5.531283561888562517e-01,6.911184551790339192e-01,-3.006286019667005482e-01,4.952743959002814389e-02,-8.574642986359860553e-01,-6.785444475396945618e-01,3.357228908707492361e-03,4.961900740589790249e-01,-4.416912787787662387e-01,-1.454412596804234847e-01,-4.638865252291469732e-01,-1.038995811804709346e-01,7.330079054852461917e-01,7.642023160293718309e-01,3.009554593530773259e-01,3.367930340349652441e-01,7.920558848829165055e-02,8.773465258181198378e-02,6.197382438087014472e-02,-1.717747160891060776e-01,-4.731624291103126434e-01
4.938204057959582477e-02,-4.330605894223569785e-01,1.000000000000000000e+00,-6.004248641322850188e-01,-1.636942139401763585e-01,6.720941686885408828e-01,-5.691279784498894934e-01,-8.219110086366157031e-01,8.496520478010284594e-02,4.076911369867414203e-01,-7.344475646072595731e-02,-3.929884659487338228e-01,2.030110028803762401e-02,-4.578437185841243151e-01,-4.500856286969356912e-01,-6.414002599999999443e-01,2.478832477582880722e-01,-4.277522731369844400e-01,4.501396541850252730e-01,3.622707956300597054e-03,-1.328244232944900127e-02,5.247709303706470374e-01,4.643623611037482890e-01,-1.447213301397387852e-01,2.117669488029151337e-01,-6.686430370510966226e-01,-1.326791487072865594e-01,5.506015292547875584e-01,5.285545282531072253e-01,-1.210476898244463584e-01,-4.731325931317770239e-01,-7.625751370873677937e-01,6.196968974154486859e-02,-6.417999717783628988e-01,1.555959739876764392e-01,-3.177051933715985266e-01,-1.948677476473153480e-01,7.275035242268465541e-02,6.138373665232260690e-01
-2.141420098567019814e-01,-7.479742400934369373e-02,-6.004248641322850188e-01,1.000000000000000000e+00,-7.734874862608761420e-03,-4.445485718479448844e-01,5.179891872222790461e-01,5.631452239258535331e-01,2.967945379566955810e-01,-5.773091714964325716e-01,3.242845101194658519e-01,5.365108282023997033e-01,-2.312729423381441607e-01,1.933891463872447758e-01,8.423216311166840942e-02,3.750847799999998955e-01,-2.338127475464468752e-01,2.234644451765173401e-01,-2.936352216268948156e-01,-4.244231749739079129e-01,-1.042195795544763846e-02,-4.946530720055517527e-01,2.396883696767125593e-01,4.107371512318178652e-01,-2.912467048761118171e-01,3.869943752470328957e-01,3.702580105643853980e-01,-3.738214048247637811e-01,-7.192416561413757237e-02,6.727941567158324254e-02,-7.758866160274619644e-03,3.673498869604123751e-01,-4.048629761001147909e-01,4.884734722733050649e-01,-1.803147650994867401e-01,2.645456030073564113e-01,3.125310016475565944e-01,-1.272676878672593936e-01,-2.281004683372230557e-01
7.966100299009118979e-01,3.588999279217857108e-01,-1.636942139401763585e-01,-7.734874862608761420e-03,1.000000000000000000e+00,-1.019186529311125050e-01,6.348049485076574516e-01,3.370437713500474275e-01,3.629974738296320447e-01,5.867676416178007059e-01,-7.241910100097083136e-01,3.942328675217273148e-01,-5.096555064961264536e-01,5.527504499384540138e-01,8.223988189023879736e-01,6.167040800000000988e-01,-6.104127057264130407e-01,8.873858191820011010e-01,-7.296417703029964841e-01,7.013441387861270027e-01,-7.098384368556192037e-01,-3.171624164687733005e-01,-1.356822893154909504e-01,-6.679760999073044436e-01,-8.714481187081482005e-01,6.417271153937141870e-01,3.735234814460654529e-01,-5.901247448214054225e-01,-4.258051055086706782e-01,-7.453408446418140487e-01,4.661437606502571440e-01,5.221848059473450654e-01,5.966257302971893495e-01,7.294122455203783106e-01,-6.345985855929070496e-01,-2.741533885263217757e-02,-2.032890594042137677e-01,-8.532372557926526380e-01,-7.484732480734269666e-01
3.236823771873144628e-01,-3.862534406334304782e-01,6.720941686885408828e-01,-4.445485718479448844e-01,-1.019186529311125050e-01,1.000000000000000000e+00,-6.963829809652050118e-01,-7.508111294507691102e-01,4.019048196602948431e-01,2.309025834788204223e-01,-3.286428912854638118e-01,-4.451061301586613506e-01,3.761122935466696404e-01,-7.893328379648817394e-01,-2.793491782785555433e-01,-8.413464600000000182e-01,4.989918174827307484e-01,-1.333667348089943305e-01,6.655352526041452554e-01,-2.380457063390217787e-02,3.685388370547272863e-01,3.494505760004948391e-01,3.511809878311200617e-01,6.650081983209239767e-02,2.015169392003375859e-01,-8.224638069357158576e-01,2.419371474256723775e-01,6.882269827606029011e-01,3.247709832811800368e-01,-4.931102542504586794e-01,-4.672151025958020676e-01,-5.330555494381362669e-01,7.579673405892413396e-02,-6.738748739964519618e-01,5.219157075810900714e-01,-7.436870362391608813e-01,-5.399269364684218253e-01,-2.141785188364780934e-01,5.607512420169319389e-01
2.026956948810711145e-01,1.745181662475394080e-01,-5.691279784498894934e-01,5.179891872222790461e-01,6.348049485076574516e-01,-6.963829809652050118e-01,1.000000000000000000e+00,7.112906527058467931e-01,2.639569013022753929e-01,1.866980876134013284e-02,4.912273752227470404e-03,7.874660346666954025e-01,-7.742840277040135000e-01,7.711177256666584823e-01,5.726240056361538988e-01,9.069630600000000431e-01,-6.247495461258912863e-01,6.425006906473714752e-01,-8.528079619696889990e-01,1.293611457084137273e-01,-6.979146125386911370e-01,-5.442830664357136694e-01,1.242193633502853764e-02,-2.091781470817642707e-01,-8.117703223852246186e-01,9.069268103307190909e-01,2.890820339893326318e-01,-8.666021654672034780e-01,-4.829345582815808835e-01,-1.739757830864712695e-01,3.400820810505022496e-01,5.537526479183795258e-01,1.666057244611997279e-01,9.629295722307323890e-01,-7.973402867464858268e-01,4.078642103116398299e-01,3.896274500256386997e-01,-4.556307486236506610e-01,-7.150748805901705474e-01
-9.793482140482850928e-02,4.782186886914501223e-01,-8.219110086366157031e-01,5.631452239258535331e-01,3.370437713500474275e-01,-7.508111294507691102e-01,7.112906527058467931e-01,1.000000000000000000e+00,-6.793854139061399067e-02,-2.361307748445123644e-01,2.290236118492736117e-02,6.230741867200220163e-01,-2.652860708087813046e-01,6.278792238941034443e-01,4.244089441874830393e-01,7.926748599999999811e-01,-4.347564606713797963e-01,4.987150844532565741e-01,-6.300329155600850051e-01,1.161855218327945694e-01,-2.781381565081598728e-01,-4.506584543558597167e-01,-4.498543156981248403e-01,-2.478809762686303222e-02,-4.076914416088008308e-01,8.048958673002847286e-01,2.090325230112131116e-01,-5.440814197343645242e-01,-6.851683263335964780e-01,6.557525155261378913e-02,3.826708798305706871e-01,7.390323247191290523e-01,-1.199740356971733535e-01,7.715924175614832237e-01,-4.126321261195015633e-01,4.029157788747535496e-01,3.142805081567018322e-01,-1.508606732663989314e-01,-6.514663088652460354e-01
4.712388561275025478e-01,-4.005730830523612229e-01,8.496520478010284594e-02,2.967945379566955810e-01,3.629974738296320447e-01,4.019048196602948431e-01,2.639569013022753929e-01,-6.793854139061399067e-02,1.000000000000000000e+00,-1.715054930461742122e-01,-1.610754545528179371e-01,4.157181196218792674e-01,-3.195082607656082874e-01,-2.677614457780504442e-01,3.106306425354679601e-02,-1.088111999999999968e-01,-1.157901061943862192e-01,5.176290486755141806e-01,1.441938112121472423e-02,-2.816001515945099065e-01,-2.313848620769792808e-01,-1.635528853839869345e-01,5.857524132396209060e-01,1.422466062421611777e-01,-6.007960250157123872e-01,-7.064364677164258755e-02,6.746320001452784654e-01,-4.276608357204220862e-02,-8.249180230942405878e-02,-7.342372519637135886e-01,-4.228908124462185114e-01,1.754577812952555146e-02,1.564214255707866985e-01,2.433581865782905307e-01,-8.563344259336802544e-02,-6.343668189702550420e-01,8.515444211236604388e-02,-7.368979739916738936e-01,1.615823025817115718e-02
4.783744728473938168e-01,1.593442593381859396e-01,4.076911369867414203e-01,-5.773091714964325716e-01,5.867676416178007059e-01,2.309025834788204223e-01,1.866980876134013284e-02,-2.361307748445123644e-01,-1.715054930461742122e-01,1.000000000000000000e+00,-5.875348636438824101e-01,-1.092215788414261229e-01,-2.918642769115156743e-01,2.788873085145107122e-01,4.873650099252324064e-01,1.330469400000000579e-01,-9.898246950896907870e-02,1.978009787320836321e-01,-3.016095350110458706e-01,7.973448280413272249e-01,-3.969132268469755531e-01,1.154155651042130387e-01,-1.141230258749898197e-01,-6.960298030707023909e-01,-3.013615739968065754e-01,1.093085179722203676e-01,-1.638085594862579569e-02,-1.356901053805952551e-01,-7.662157802822006959e-03,-3.578528675052473629e-01,3.075938414814937683e-01,-1.549420171034045501e-01,4.006740834234784887e-01,4.162503894652382769e-02,-4.054224882497525773e-01,1.440254549039742815e-01,-5.405025299797405758e-01,-2.896862945320839433e-01,-2.362988370304791863e-01
-8.803309746254232016e-01,-5.216471623109503186e-01,-7.344475646072595731e-02,3.242845101194658519e-01,-7.241910100097083136e-01,-3.286428912854638118e-01,4.912273752227470404e-03,2.290236118492736117e-02,-1.610754545528179371e-01,-5.875348636438824101e-01,1.000000000000000000e+00,2.656428916681195518e-01,-1.771949540001207246e-01,-1.005688815626881588e-01,-6.385742607798425841e-01,-1.050499599999999978e-01,3.762432176117646021e-01,-6.670901294382801661e-01,2.848236048566549772e-01,-8.281678934797351843e-01,2.608083349314219701e-01,3.729816978160181706e-02,3.607354602755883932e-01,6.962171917190074222e-01,3.579366298771657906e-01,-1.543587521038515820e-01,-1.247774178110781784e-01,7.555447523639370611e-02,1.896884180687747889e-01,7.751473824514182320e-01,-5.274670834719827894e-01,-4.483565339209889533e-01,-6.883708022981089858e-01,-1.931734686125099465e-01,3.510270695920025830e-02,3.455643496758972755e-01,5.657514234626854766e-01,7.118083818850599043e-01,4.636294808208686891e-01
-1.054686350074196394e-01,-2.197145501076747942e-01,-3.929884659487338228e-01,5.365108282023997033e-01,3.942328675217273148e-01,-4.451061301586613506e-01,7.874660346666954025e-01,6.230741867200220163e-01,4.157181196218792674e-01,-1.092215788414261229e-01,2.656428916681195518e-01,1.000000000000000000e+00,-7.791324956576674010e-01,5.072156232124281905e-01,2.614045368628359900e-01,6.087344800000000777e-01,-2.077773329615646425e-01,4.103227125205672343e-01,-4.703578892297239356e-01,-2.124108497923462291e-01,-4.246739081903418422e-01,-4.678577651035617513e-01,2.620038774999658426e-01,1.986447214700321207e-01,-7.321270285344064765e-01,5.914224797785473386e-01,6.476764149677574078e-01,-5.574382159803139558e-01,-4.828253102477714220e-01,-1.118658709460854661e-01,-2.092617170994512388e-01,1.920086949038817270e-01,-2.492549322032741044e-01,7.166818074288210383e-01,-7.058691788814136503e-01,2.540459999853296180e-01,3.462035501720871489e-01,-2.959453812874350831e-01,-4.160349897715587830e-01
-6.382893503850289862e-02,2.864621136450538619e-01,2.030110028803762401e-02,-2.312729423381441607e-01,-5.096555064961264536e-01,3.761122935466696404e-01,-7.742840277040135000e-01,-2.652860708087813046e-01,-3.195082607656082874e-01,-2.918642769115156743e-01,-1.771949540001207246e-01,-7.791324956576674010e-01,1.000000000000000000e+00,-5.840748272104773209e-01,-2.846018443568037459e-01,-5.939163000000000636e-01,3.513673920451546584e-01,-3.001791150991800494e-01,5.878358134418297798e-01,-6.507577702639211203e-03,7.275900381530717720e-01,2.467910026181599215e-01,-4.206058434753829900e-01,1.550046131567953955e-01,7.676787099587435437e-01,-5.548230571591244997e-01,-3.324059848330526146e-01,6.424997948980397666e-01,1.454257045385433100e-01,1.268538073380780506e-01,9.408374221667871462e-02,6.269350905971238230e-02,-4.339891690919164824e-02,-6.323735733962659866e-01,8.855102471644972217e-01,-3.764387348714345327e-01,-3.223556889547707915e-01,3.149311333279521397e-01,3.357356922635540974e-01
9.065437386857058688e-02,3.427627113793251801e-01,-4.578437185841243151e-01,1.933891463872447758e-01,5.527504499384540138e-01,-7.893328379648817394e-01,7.711177256666584823e-01,6.278792238941034443e-01,-2.677614457780504442e-01,2.788873085145107122e-01,-1.005688815626881588e-01,5.072156232124281905e-01,-5.840748272104773209e-01,1.000000000000000000e+00,6.666478602079857207e-01,9.232053399999999854e-01,-5.506685073867756408e-01,3.924201434466141891e-01,-7.919686812711403956e-01,4.161935458633765350e-01,-5.661054624843269156e-01,-4.739459422837796199e-01,-2.736296430021556425e-01,-3.457427524127920093e-01,-5.581304152087120940e-01,9.027274616070973812e-01,2.714383288954971135e-02,-8.751727697285668350e-01,-3.433757581187523722e-01,1.050550029043050282e-01,5.893723470617838744e-01,5.056844845636165875e-01,2.788417859644025110e-01,7.982725033822435368e-01,-8.402379029832806046e-01,7.126882904720120981e-01,1.396165020736509499e-01,-1.433621834734500333e-01,-8.232414879385827611e-01
6.437525412502845823e-01,4.060215076105265219e-01,-4.500856286969356912e-01,8.423216311166840942e-02,8.223988189023879736e-01,-2.793491782785555433e-01,5.726240056361538988e-01,4.244089441874830393e-01,3.106306425354679601e-02,4.873650099252324064e-01,-6.385742607798425841e-01,2.614045368628359900e-01,-2.846018443568037459e-01,6.666478602079857207e-01,1.000000000000000000e+00,6.778496800000000100e-01,-4.090724763702527356e-01,7.314420093207463225e-01,-6.620560808491735560e-01,6.902643748064962725e-01,-3.441291229292919307e-01,-6.025474221549510512e-01,-3.277678055629048015e-01,-4.550312133149646554e-01,-6.491409668351724171e-01,6.991810852394043652e-01,3.160759709190178457e-01,-7.270999987905405471e-01,-3.898507977746081821e-01,-4.567492169022344117e-01,7.472904242668183539e-01,6.329921161452503053e-01,5.345547787294681052e-01,7.038048561888501364e-01,-5.777751066326829443e-01,2.691346160199129534e-01,-4.427543803166211211e-01,-5.849841871740946164e-01,-9.112283266364561429e-01
1.509236199999999251e-01,4.584406000000000869e-01,-6.414002599999999443e-01,3.750847799999998955e-01,6.167040800000000988e-01,-8.413464600000000182e-01,9.069630600000000431e-01,7.926748599999999811e-01,-1.088111999999999968e-01,1.330469400000000579e-01,-1.050499599999999978e-01,6.087344800000000777e-01,-5.939163000000000636e-01,9.232053399999999854e-01,6.778496800000000100e-01,1.000000000000000000e+00,-6.751789400000000052e-01,5.791851800000000772e-01,-9.102553399999999684e-01,3.729179000000000244e-01,-6.431909599999999783e-01,-4.926586200000000471e-01,-3.267522800000000061e-01,-3.650118999999999447e-01,-6.440264799999999568e-01,9.963573800000000702e-01,6.758047999999994282e-02,-8.734946599999999783e-01,-5.080841600000000069e-01,-7.413459999999982841e-03,5.979222200000000598e-01,6.845466600000000845e-01,2.168050800000000944e-01,9.335185200000000183e-01,-7.722311200000000486e-01,5.924609999999999044e-01,2.881554399999999294e-01,-2.850163999999999476e-01,-8.495140399999999703e-01
-4.302093193805057170e-01,-5.763460024674408322e-01,2.478832477582880722e-01,-2.338127475464468752e-01,-6.104127057264130407e-01,4.989918174827307484e-01,-6.247495461258912863e-01,-4.347564606713797963e-01,-1.157901061943862192e-01,-9.898246950896907870e-02,3.762432176117646021e-01,-2.077773329615646425e-01,3.513673920451546584e-01,-5.506685073867756408e-01,-4.090724763702527356e-01,-6.751789400000000052e-01,1.000000000000000000e+00,-6.287128204240255425e-01,8.063461678545807976e-01,-4.330266574461565376e-01,7.966521468721833310e-01,9.923488044616887715e-02,2.038050259892984217e-01,6.544820454177130431e-01,5.401342093634686758e-01,-7.016233379842313767e-01,1.803299266616256169e-01,5.201158551479745373e-01,1.616947440712951101e-01,3.033966600876011332e-01,-5.038491198937774529e-01,-6.564745846742394697e-01,-4.282610723205552694e-01,-6.877064716869392136e-01,4.328925423102002457e-01,-1.429062643314709391e-01,-4.030770148520215757e-01,5.148080077962353673e-01,5.686015997305603475e-01
7.796737993811152512e-01,4.557155548540567369e-01,-4.277522731369844400e-01,2.234644451765173401e-01,8.873858191820011010e-01,-1.333667348089943305e-01,6.425006906473714752e-01,4.987150844532565741e-01,5.176290486755141806e-01,1.978009787320836321e-01,-6.670901294382801661e-01,4.103227125205672343e-01,-3.001791150991800494e-01,3.924201434466141891e-01,7.314420093207463225e-01,5.791851800000000772e-01,-6.287128204240255425e-01,1.000000000000000000e+00,-6.625170118966547950e-01,4.988897265219448540e-01,-5.672298611722604855e-01,-3.753927944478825385e-01,-2.204048448060737797e-01,-4.897273827934612855e-01,-8.051059395719251111e-01,6.331334253419833580e-01,4.218209403597007467e-01,-5.130002661866722713e-01,-5.708072689633630903e-01,-7.823260552335723483e-01,4.313598654031255419e-01,7.518262275857583443e-01,5.209455213479039504e-01,7.719169340824212355e-01,-3.829859065258221507e-01,-2.404893032016953147e-01,-4.115679986786596051e-02,-9.030025000086635556e-01,-7.292174502590664797e-01
-3.496312082186273096e-01,-5.531283561888562517e-01,4.501396541850252730e-01,-2.936352216268948156e-01,-7.296417703029964841e-01,6.655352526041452554e-01,-8.528079619696889990e-01,-6.300329155600850051e-01,1.441938112121472423e-02,-3.016095350110458706e-01,2.848236048566549772e-01,-4.703578892297239356e-01,5.878358134418297798e-01,-7.919686812711403956e-01,-6.620560808491735560e-01,-9.102553399999999684e-01,8.063461678545807976e-01,-6.625170118966547950e-01,1.000000000000000000e+00,-5.322240755784201083e-01,8.000748755475557417e-01,3.813598143657651041e-01,2.670316708614135504e-01,6.225431662899036933e-01,6.726910033846741355e-01,-9.148057219973888543e-01,2.896469247782470363e-02,7.561841978196772729e-01,4.497980608799205249e-01,2.104993967193122262e-01,-6.170912656708120725e-01,-6.502829744858986682e-01,-2.708673065987159401e-01,-8.679132884777706058e-01,6.859416130259164968e-01,-4.518379511283676098e-01,-2.569279040883685195e-01,4.562395616772224605e-01,7.354413569701105935e-01
6.341645568753201401e-01,6.911184551790339192e-01,3.622707956300597054e-03,-4.244231749739079129e-01,7.013441387861270027e-01,-2.380457063390217787e-02,1.293611457084137273e-01,1.161855218327945694e-01,-2.816001515945099065e-01,7.973448280413272249e-01,-8.281678934797351843e-01,-2.124108497923462291e-01,-6.507577702639211203e-03,4.161935458633765350e-01,6.902643748064962725e-01,3.729179000000000244e-01,-4.330266574461565376e-01,4.988897265219448540e-01,-5.322240755784201083e-01,1.000000000000000000e+00,-4.246676236858306641e-01,1.280134309858627084e-02,-5.705629093231017190e-01,-8.757652199558677575e-01,-2.804139061921118170e-01,3.875983623341624495e-01,-1.728853435536789052e-01,-2.383816305323492868e-01,-2.636222255253395375e-01,-4.172891235093372231e-01,7.071106532256351551e-01,4.140047948899365782e-01,5.627997900026636691e-01,2.743825165550345391e-01,-2.588406594651166959e-01,1.072328384887281105e-01,-4.469998329637451806e-01,-4.115989465218002907e-01,-5.439136990247950276e-01
-4.152717472412869593e-01,-3.006286019667005482e-01,-1.328244232944900127e-02,-1.042195795544763846e-02,-7.098384368556192037e-01,3.685388370547272863e-01,-6.979146125386911370e-01,-2.781381565081598728e-01,-2.313848620769792808e-01,-3.969132268469755531e-01,2.608083349314219701e-01,-4.246739081903418422e-01,7.275900381530717720e-01,-5.661054624843269156e-01,-3.441291229292919307e-01,-6.431909599999999783e-01,7.966521468721833310e-01,-5.672298611722604855e-01,8.000748755475557417e-01,-4.246676236858306641e-01,1.000000000000000000e+00,-4.840861458522843774e-02,-1.052735373172960023e-02,7.058239338238452287e-01,7.103687761578988402e-01,-6.397713835368035173e-01,6.964530254453538127e-02,5.215785296188589770e-01,2.409841600765750824e-01,3.560914406691795264e-01,-2.350567699408011024e-01,-2.983309292751222808e-01,-4.054978195323657442e-01,-6.594332390453353510e-01,6.657572620681748710e-01,-1.292795072332678930e-01,-4.340611119298766751e-01,5.329141988082903847e-01,4.224950428977481409e-01
-1.362631525854061387e-01,4.952743959002814389e-02,5.247709303706470374e-01,-4.946530720055517527e-01,-3.171624164687733005e-01,3.494505760004948391e-01,-5.442830664357136694e-01,-4.506584543558597167e-01,-1.635528853839869345e-01,1.154155651042130387e-01,3.729816978160181706e-02,-4.678577651035617513e-01,2.467910026181599215e-01,-4.739459422837796199e-01,-6.025474221549510512e-01,-4.926586200000000471e-01,9.923488044616887715e-02,-3.753927944478825385e-01,3.813598143657651041e-01,1.280134309858627084e-02,-4.840861458522843774e-02,1.000000000000000000e+00,-1.072782557893336014e-01,-2.331873428209635390e-01,4.455086116422006803e-01,-5.049634435710883551e-01,-5.141467579336548299e-01,6.576087455356942613e-01,3.470872041463141655e-01,1.072769296043774023e-01,-3.472429685201756655e-01,-4.307100115086812675e-01,8.184038836802725453e-03,-5.735505885003941984e-01,4.235998869514832066e-01,-3.547857854087023699e-01,2.193638362225435734e-01,2.666587970284444165e-01,5.997929809277163793e-01
-8.776572984663498500e-02,-8.574642986359860553e-01,4.643623611037482890e-01,2.396883696767125593e-01,-1.356822893154909504e-01,3.511809878311200617e-01,1.242193633502853764e-02,-4.498543156981248403e-01,5.857524132396209060e-01,-1.141230258749898197e-01,3.607354602755883932e-01,2.620038774999658426e-01,-4.206058434753829900e-01,-2.736296430021556425e-01,-3.277678055629048015e-01,-3.267522800000000061e-01,2.038050259892984217e-01,-2.204048448060737797e-01,2.670316708614135504e-01,-5.705629093231017190e-01,-1.052735373172960023e-02,-1.072782557893336014e-01,1.000000000000000000e+00,4.197589885331824977e-01,-2.167019055781496673e-01,-3.500010618481677604e-01,4.137476126539318955e-01,2.734770671881039256e-02,4.877559240633753124e-01,-1.226577697139767942e-01,-6.428645466915310358e-01,-6.053889005621725383e-01,-2.174179420292042808e-01,-1.525270407522217042e-01,-1.600886301451564520e-01,-1.293316691349958858e-01,6.656267994291262258e-02,-1.131617545396349372e-01,4.030993983412776149e-01
-6.274268321754257194e-01,-6.785444475396945618e-01,-1.447213301397387852e-01,4.107371512318178652e-01,-6.679760999073044436e-01,6.650081983209239767e-02,-2.091781470817642707e-01,-2.478809762686303222e-02,1.422466062421611777e-01,-6.960298030707023909e-01,6.962171917190074222e-01,1.986447214700321207e-01,1.550046131567953955e-01,-3.457427524127920093e-01,-4.550312133149646554e-01,-3.650118999999999447e-01,6.544820454177130431e-01,-4.897273827934612855e-01,6.225431662899036933e-01,-8.757652199558677575e-01,7.058239338238452287e-01,-2.331873428209635390e-01,4.197589885331824977e-01,1.000000000000000000e+00,3.135063501265372699e-01,-3.795467235840955245e-01,3.755192114317408292e-01,1.950918896647227119e-01,1.762165732381076877e-01,4.210008471015032061e-01,-5.665233305320881430e-01,-3.503525230608726115e-01,-5.829961138211421368e-01,-2.877939661927567672e-01,2.476837706069456579e-01,3.378089530935832543e-03,5.700163580928589713e-02,4.516405027283767470e-01,3.670485013203914071e-01
-5.650682697201547811e-01,3.357228908707492361e-03,2.117669488029151337e-01,-2.912467048761118171e-01,-8.714481187081482005e-01,2.015169392003375859e-01,-8.117703223852246186e-01,-4.076914416088008308e-01,-6.007960250157123872e-01,-3.013615739968065754e-01,3.579366298771657906e-01,-7.321270285344064765e-01,7.676787099587435437e-01,-5.581304152087120940e-01,-6.491409668351724171e-01,-6.440264799999999568e-01,5.401342093634686758e-01,-8.051059395719251111e-01,6.726910033846741355e-01,-2.804139061921118170e-01,7.103687761578988402e-01,4.455086116422006803e-01,-2.167019055781496673e-01,3.135063501265372699e-01,1.000000000000000000e+00,-6.561266380144475940e-01,-6.076904434866544635e-01,6.888868199267069725e-01,3.712636518578728562e-01,6.378318380565154433e-01,-1.519761120437408963e-01,-3.830755152374489270e-01,-3.700601505345471609e-01,-8.253922225492702491e-01,7.807970094254287341e-01,-2.416727179949024543e-02,-4.548311880725031120e-02,8.055291977337387666e-01,6.634311597612323474e-01
2.046583023477447361e-01,4.961900740589790249e-01,-6.686430370510966226e-01,3.869943752470328957e-01,6.417271153937141870e-01,-8.224638069357158576e-01,9.069268103307190909e-01,8.048958673002847286e-01,-7.064364677164258755e-02,1.093085179722203676e-01,-1.543587521038515820e-01,5.914224797785473386e-01,-5.548230571591244997e-01,9.027274616070973812e-01,6.991810852394043652e-01,9.963573800000000702e-01,-7.016233379842313767e-01,6.331334253419833580e-01,-9.148057219973888543e-01,3.875983623341624495e-01,-6.397713835368035173e-01,-5.049634435710883551e-01,-3.500010618481677604e-01,-3.795467235840955245e-01,-6.561266380144475940e-01,1.000000000000000000e+00,7.950309174251972422e-02,-8.686763471937662962e-01,-5.327457969950003536e-01,-6.081857144136356558e-02,6.216387266291122371e-01,7.398602761107057058e-01,2.529394936241377567e-01,9.486696419956008874e-01,-7.371660086615188234e-01,5.369109815146854148e-01,2.809136852690176100e-01,-3.368108492505256235e-01,-8.701526028578223659e-01
2.172304096457380318e-01,-4.416912787787662387e-01,-1.326791487072865594e-01,3.702580105643853980e-01,3.735234814460654529e-01,2.419371474256723775e-01,2.890820339893326318e-01,2.090325230112131116e-01,6.746320001452784654e-01,-1.638085594862579569e-02,-1.247774178110781784e-01,6.476764149677574078e-01,-3.324059848330526146e-01,2.714383288954971135e-02,3.160759709190178457e-01,6.758047999999994282e-02,1.803299266616256169e-01,4.218209403597007467e-01,2.896469247782470363e-02,-1.728853435536789052e-01,6.964530254453538127e-02,-5.141467579336548299e-01,4.137476126539318955e-01,3.755192114317408292e-01,-6.076904434866544635e-01,7.950309174251972422e-02,1.000000000000000000e+00,-1.950386536293818029e-01,-2.526367999870628989e-01,-5.153093072304930633e-01,-3.293138327101429730e-01,2.913493638857256318e-02,-1.220110090061089919e-01,3.199116969193823157e-01,-3.235791506844642451e-01,-2.121878449679811540e-01,-3.192734948910339599e-01,-5.134849799504925816e-01,-2.631098126907287504e-01
-2.516770287221005153e-01,-1.454412596804234847e-01,5.506015292547875584e-01,-3.738214048247637811e-01,-5.901247448214054225e-01,6.882269827606029011e-01,-8.666021654672034780e-01,-5.440814197343645242e-01,-4.276608357204220862e-02,-1.356901053805952551e-01,7.555447523639370611e-02,-5.574382159803139558e-01,6.424997948980397666e-01,-8.751727697285668350e-01,-7.270999987905405471e-01,-8.734946599999999783e-01,5.201158551479745373e-01,-5.130002661866722713e-01,7.561841978196772729e-01,-2.383816305323492868e-01,5.215785296188589770e-01,6.576087455356942613e-01,2.734770671881039256e-02,1.950918896647227119e-01,6.888868199267069725e-01,-8.686763471937662962e-01,-1.950386536293818029e-01,1.000000000000000000e+00,2.598625180054369155e-01,6.487117916728424305e-02,-5.458425033726399533e-01,-5.197615027474195015e-01,-3.591995071065094969e-01,-8.673067466171148210e-01,8.168566871997025025e-01,-5.655161686271490407e-01,-1.216566482684706407e-01,3.349991558609518028e-01,8.287353796811085527e-01
-1.607166096045419268e-01,-4.638865252291469732e-01,5.285545282531072253e-01,-7.192416561413757237e-02,-4.258051055086706782e-01,3.247709832811800368e-01,-4.829345582815808835e-01,-6.851683263335964780e-01,-8.249180230942405878e-02,-7.662157802822006959e-03,1.896884180687747889e-01,-4.828253102477714220e-01,1.454257045385433100e-01,-3.433757581187523722e-01,-3.898507977746081821e-01,-5.080841600000000069e-01,1.616947440712951101e-01,-5.708072689633630903e-01,4.497980608799205249e-01,-2.636222255253395375e-01,2.409841600765750824e-01,3.470872041463141655e-01,4.877559240633753124e-01,1.762165732381076877e-01,3.712636518578728562e-01,-5.327457969950003536e-01,-2.526367999870628989e-01,2.598625180054369155e-01,1.000000000000000000e+00,2.232608830744321482e-01,-2.427588160059420130e-01,-5.776088528046231518e-01,-2.434941492881647490e-02,-5.463924550446122019e-01,1.984189150427343451e-01,4.325408233807930686e-02,-1.351116442629604342e-01,2.960640894537895362e-01,4.614503618502673876e-01
-8.922534291578173571e-01,-1.038995811804709346e-01,-1.210476898244463584e-01,6.727941567158324254e-02,-7.453408446418140487e-01,-4.931102542504586794e-01,-1.739757830864712695e-01,6.557525155261378913e-02,-7.342372519637135886e-01,-3.578528675052473629e-01,7.751473824514182320e-01,-1.118658709460854661e-01,1.268538073380780506e-01,1.050550029043050282e-01,-4.567492169022344117e-01,-7.413459999999982841e-03,3.033966600876011332e-01,-7.823260552335723483e-01,2.104993967193122262e-01,-4.172891235093372231e-01,3.560914406691795264e-01,1.072769296043774023e-01,-1.226577697139767942e-01,4.210008471015032061e-01,6.378318380565154433e-01,-6.081857144136356558e-02,-5.153093072304930633e-01,6.487117916728424305e-02,2.232608830744321482e-01,1.000000000000000000e+00,-6.693691512374611019e-02,-2.772318079509457078e-01,-5.244193900399595210e-01,-2.811706716164785735e-01,9.530877606556420467e-02,6.294540000319457373e-01,3.367476204210158031e-01,9.494557729019112990e-01,2.824861963140870014e-01
4.298391320746947075e-01,7.330079054852461917e-01,-4.731325931317770239e-01,-7.758866160274619644e-03,4.661437606502571440e-01,-4.672151025958020676e-01,3.400820810505022496e-01,3.826708798305706871e-01,-4.228908124462185114e-01,3.075938414814937683e-01,-5.274670834719827894e-01,-2.092617170994512388e-01,9.408374221667871462e-02,5.893723470617838744e-01,7.472904242668183539e-01,5.979222200000000598e-01,-5.038491198937774529e-01,4.313598654031255419e-01,-6.170912656708120725e-01,7.071106532256351551e-01,-2.350567699408011024e-01,-3.472429685201756655e-01,-6.428645466915310358e-01,-5.665233305320881430e-01,-1.519761120437408963e-01,6.216387266291122371e-01,-3.293138327101429730e-01,-5.458425033726399533e-01,-2.427588160059420130e-01,-6.693691512374611019e-02,1.000000000000000000e+00,7.115330546137269563e-01,5.426859695020392893e-01,4.728933223349927606e-01,-2.346970063064215128e-01,4.037737417378627347e-01,-2.363181351596848889e-01,-2.028371119811330225e-01,-7.222980160166355690e-01
4.156127511550828935e-01,7.642023160293718309e-01,-7.625751370873677937e-01,3.673498869604123751e-01,5.221848059473450654e-01,-5.330555494381362669e-01,5.537526479183795258e-01,7.390323247191290523e-01,1.754577812952555146e-02,-1.549420171034045501e-01,-4.483565339209889533e-01,1.920086949038817270e-01,6.269350905971238230e-02,5.056844845636165875e-01,6.329921161452503053e-01,6.845466600000000845e-01,-6.564745846742394697e-01,7.518262275857583443e-01,-6.502829744858986682e-01,4.140047948899365782e-01,-2.983309292751222808e-01,-4.307100115086812675e-01,-6.053889005621725383e-01,-3.503525230608726115e-01,-3.830755152374489270e-01,7.398602761107057058e-01,2.913493638857256318e-02,-5.197615027474195015e-01,-5.776088528046231518e-01,-2.772318079509457078e-01,7.115330546137269563e-01,1.000000000000000000e+00,3.640531478643368457e-01,7.249082479692144920e-01,-1.662708369997336622e-01,7.098481766797937187e-02,1.192941909429071634e-01,-4.554045352255866597e-01,-7.793543442954541378e-01
7.978666549233693894e-01,3.009554593530773259e-01,6.196968974154486859e-02,-4.048629761001147909e-01,5.966257302971893495e-01,7.579673405892413396e-02,1.666057244611997279e-01,-1.199740356971733535e-01,1.564214255707866985e-01,4.006740834234784887e-01,-6.883708022981089858e-01,-2.492549322032741044e-01,-4.339891690919164824e-02,2.788417859644025110e-01,5.345547787294681052e-01,2.168050800000000944e-01,-4.282610723205552694e-01,5.209455213479039504e-01,-2.708673065987159401e-01,5.627997900026636691e-01,-4.054978195323657442e-01,8.184038836802725453e-03,-2.174179420292042808e-01,-5.829961138211421368e-01,-3.700601505345471609e-01,2.529394936241377567e-01,-1.220110090061089919e-01,-3.591995071065094969e-01,-2.434941492881647490e-02,-5.244193900399595210e-01,5.426859695020392893e-01,3.640531478643368457e-01,1.000000000000000000e+00,2.840569103994944333e-01,-2.221749589758341692e-01,-2.344712900101801611e-01,-1.982944460044426538e-01,-5.577127298571110670e-01,-4.840883484736033249e-01
3.355364333694350609e-01,3.367930340349652441e-01,-6.417999717783628988e-01,4.884734722733050649e-01,7.294122455203783106e-01,-6.738748739964519618e-01,9.629295722307323890e-01,7.715924175614832237e-01,2.433581865782905307e-01,4.162503894652382769e-02,-1.931734686125099465e-01,7.166818074288210383e-01,-6.323735733962659866e-01,7.982725033822435368e-01,7.038048561888501364e-01,9.335185200000000183e-01,-6.877064716869392136e-01,7.719169340824212355e-01,-8.679132884777706058e-01,2.743825165550345391e-01,-6.594332390453353510e-01,-5.735505885003941984e-01,-1.525270407522217042e-01,-2.877939661927567672e-01,-8.253922225492702491e-01,9.486696419956008874e-01,3.199116969193823157e-01,-8.673067466171148210e-01,-5.463924550446122019e-01,-2.811706716164785735e-01,4.728933223349927606e-01,7.249082479692144920e-01,2.840569103994944333e-01,1.000000000000000000e+00,-7.477882879805717309e-01,3.358598205950043547e-01,2.716226834004085711e-01,-5.499496396538320342e-01,-8.533858760058825599e-01
-1.479520364231451668e-01,7.920558848829165055e-02,1.555959739876764392e-01,-1.803147650994867401e-01,-6.345985855929070496e-01,5.219157075810900714e-01,-7.973402867464858268e-01,-4.126321261195015633e-01,-8.563344259336802544e-02,-4.054224882497525773e-01,3.510270695920025830e-02,-7.058691788814136503e-01,8.855102471644972217e-01,-8.402379029832806046e-01,-5.777751066326829443e-01,-7.722311200000000486e-01,4.328925423102002457e-01,-3.829859065258221507e-01,6.859416130259164968e-01,-2.588406594651166959e-01,6.657572620681748710e-01,4.235998869514832066e-01,-1.600886301451564520e-01,2.476837706069456579e-01,7.807970094254287341e-01,-7.371660086615188234e-01,-3.235791506844642451e-01,8.168566871997025025e-01,1.984189150427343451e-01,9.530877606556420467e-02,-2.346970063064215128e-01,-1.662708369997336622e-01,-2.221749589758341692e-01,-7.477882879805717309e-01,1.000000000000000000e+00,-5.652738253748158526e-01,-9.704131327692640252e-02,3.081915500982506662e-01,6.555369678680929013e-01
-4.516342582975235165e-01,8.773465258181198378e-02,-3.177051933715985266e-01,2.645456030073564113e-01,-2.741533885263217757e-02,-7.436870362391608813e-01,4.078642103116398299e-01,4.029157788747535496e-01,-6.343668189702550420e-01,1.440254549039742815e-01,3.455643496758972755e-01,2.540459999853296180e-01,-3.764387348714345327e-01,7.126882904720120981e-01,2.691346160199129534e-01,5.924609999999999044e-01,-1.429062643314709391e-01,-2.404893032016953147e-01,-4.518379511283676098e-01,1.072328384887281105e-01,-1.292795072332678930e-01,-3.547857854087023699e-01,-1.293316691349958858e-01,3.378089530935832543e-03,-2.416727179949024543e-02,5.369109815146854148e-01,-2.121878449679811540e-01,-5.655161686271490407e-01,4.325408233807930686e-02,6.294540000319457373e-01,4.037737417378627347e-01,7.098481766797937187e-02,-2.344712900101801611e-01,3.358598205950043547e-01,-5.652738253748158526e-01,1.000000000000000000e+00,7.073946130349918759e-02,4.403761354706529629e-01,-3.619651603834172504e-01
-3.826519510520993705e-01,6.197382438087014472e-02,-1.948677476473153480e-01,3.125310016475565944e-01,-2.032890594042137677e-01,-5.399269364684218253e-01,3.896274500256386997e-01,3.142805081567018322e-01,8.515444211236604388e-02,-5.405025299797405758e-01,5.657514234626854766e-01,3.462035501720871489e-01,-3.223556889547707915e-01,1.396165020736509499e-01,-4.427543803166211211e-01,2.881554399999999294e-01,-4.030770148520215757e-01,-4.115679986786596051e-02,-2.569279040883685195e-01,-4.469998329637451806e-01,-4.340611119298766751e-01,2.193638362225435734e-01,6.656267994291262258e-02,5.700163580928589713e-02,-4.548311880725031120e-02,2.809136852690176100e-01,-3.192734948910339599e-01,-1.216566482684706407e-01,-1.351116442629604342e-01,3.367476204210158031e-01,-2.363181351596848889e-01,1.192941909429071634e-01,-1.982944460044426538e-01,2.716226834004085711e-01,-9.704131327692640252e-02,7.073946130349918759e-02,1.000000000000000000e+00,1.693677697065616439e-01,1.323671019556894868e-01
-8.820184617171825670e-01,-1.717747160891060776e-01,7.275035242268465541e-02,-1.272676878672593936e-01,-8.532372557926526380e-01,-2.141785188364780934e-01,-4.556307486236506610e-01,-1.508606732663989314e-01,-7.368979739916738936e-01,-2.896862945320839433e-01,7.118083818850599043e-01,-2.959453812874350831e-01,3.149311333279521397e-01,-1.433621834734500333e-01,-5.849841871740946164e-01,-2.850163999999999476e-01,5.148080077962353673e-01,-9.030025000086635556e-01,4.562395616772224605e-01,-4.115989465218002907e-01,5.329141988082903847e-01,2.666587970284444165e-01,-1.131617545396349372e-01,4.516405027283767470e-01,8.055291977337387666e-01,-3.368108492505256235e-01,-5.134849799504925816e-01,3.349991558609518028e-01,2.960640894537895362e-01,9.494557729019112990e-01,-2.028371119811330225e-01,-4.554045352255866597e-01,-5.577127298571110670e-01,-5.499496396538320342e-01,3.081915500982506662e-01,4.403761354706529629e-01,1.693677697065616439e-01,1.000000000000000000e+00,4.844646321136197309e-01
-4.627574970359007445e-01,-4.731624291103126434e-01,6.138373665232260690e-01,-2.281004683372230557e-01,-7.484732480734269666e-01,5.607512420169319389e-01,-7.150748805901705474e-01,-6.514663088652460354e-01,1.615823025817115718e-02,-2.362988370304791863e-01,4.636294808208686891e-01,-4.160349897715587830e-01,3.357356922635540974e-01,-8.232414879385827611e-01,-9.112283266364561429e-01,-8.495140399999999703e-01,5.686015997305603475e-01,-7.292174502590664797e-01,7.354413569701105935e-01,-5.439136990247950276e-01,4.224950428977481409e-01,5.997929809277163793e-01,4.030993983412776149e-01,3.670485013203914071e-01,6.634311597612323474e-01,-8.701526028578223659e-01,-2.631098126907287504e-01,8.287353796811085527e-01,4.614503618502673876e-01,2.824861963140870014e-01,-7.222980160166355690e-01,-7.793543442954541378e-01,-4.840883484736033249e-01,-8.533858760058825599e-01,6.555369678680929013e-01,-3.619651603834172504e-01,1.323671019556894868e-01,4.844646321136197309e-01,1.000000000000000000e+00
