1.0,-0.50850298531295823,0.19423846731056574,0.41103178971772258,0.049957057856279199,-0.11067514343630888,-0.5164679336200968,-0.11720291641315721,-0.72231513274920289,0.39348197215888869,-0.68265630623165485,-0.10659967480338955,0.34402072443139298,-0.13775878006161232,-0.31411671486494497,0.84649528000000007,-0.57000637731254911,0.55877837481162063,-0.57146815614245161,0.76383153725385888,0.8153427671174186,-0.22265032524874667,0.43465202742877262,-0.84006550825684179,-0.5605972600026714,0.23399659112049076,0.80598996105497045,-0.18213402873296539,-0.22876830218781935,0.11861989137794315,-0.82044604912247121,-0.55348457385791061,-0.60464807571040446,0.74372858124235397,0.1381945159436645,0.65214140937157739,0.24364775380530296,0.50963148197759545,0.11687157158694057
-0.50850298531295823,1.0,-0.76312636968375902,-0.10060142988617264,0.21482462905949187,0.41989857522195978,0.60875107272620721,0.30740667735805566,0.27143553026537426,0.28755363773231529,0.50433273390289801,0.19328372305676544,-0.71016889964134244,-0.27990654531719172,0.36118300650515639,-0.6671165,0.67820642633971406,0.10427593130878374,0.89970139430901153,-0.87116789702863207,-0.60470869069064936,0.24706638614691812,0.21057839730158584,0.66109923377417856,0.79288926162218765,0.47404813606010177,-0.62258568370007494,0.09852289278290427,0.61601739851578619,0.05499341087956184,0.59373223917224716,0.4957094653851965,0.55196882903011413,-0.16782089753497639,-0.46961348405936176,-0.27167093615588928,-0.16166494128479586,-0.74815306216566424,-0.33016513389823032
0.19423846731056574,-0.76312636968375902,1.0,0.2980688146309009,-0.45763956432936759,-0.71573433186316293,-0.61191272201264546,-0.22870760823060507,0.20789959566761151,-0.43403212943617425,-0.11011649784487627,-0.29057904644729743,0.65885853105354886,0.14533746313618523,-0.60061671414434714,0.46377487999999989,-0.63880084306502194,-0.0605702915710193,-0.7414984343254204,0.53283092250068897,0.42101685705641773,-0.59279899043329809,-0.61767585673857162,-0.45930756156203389,-0.43470806140901413,-0.43744542387976315,0.17345441989758154,0.32444845634050401,-0.59091043760277928,-0.39054256814842048,-0.41535094324917898,-0.083563492612644411,-0.21053589805376294,-0.27247130018391053,0.86189370511850694,0.22169615856731659,0.054282651335850175,0.68839044434154084,0.45163993289830157
0.41103178971772258,-0.10060142988617264,0.2980688146309009,1.0,-0.15748308062629005,-0.62161835647096308,-0.55566477097148015,0.34048564198709796,0.031165231278784934,0.050194729487761984,0.16068687844752677,-0.066650881624761807,0.0073084096720149819,-0.66419809178777911,-0.84533378786736579,0.62194101999999996,-0.11843116683315824,0.83246810897581058,-0.16943997032800417,0.10102566765618611,0.49498164571046904,-0.79852565477559712,-0.052364210011873427,-0.61707458357311085,0.22431680550031485,0.67760730712619233,-0.02053610334529184,0.68193174269285795,-0.18848978632551783,-0.27185806391146117,-0.67273243017177842,0.21002590352487735,0.078251611271239613,0.34279215119645107,0.62179675374682697,0.60245551212255188,0.52458465594542059,0.21237802299090444,0.67029451328451151
0.049957057856279199,0.21482462905949187,-0.45763956432936759,-0.15748308062629005,1.0,0.70065389329561945,0.031344789382334384,0.18985622729384521,-0.090159510766153861,0.19819615420128431,-0.29052620129958395,-0.1207576975071452,-0.22318897699943457,0.18357626435766736,0.12862788416705717,-0.19610094,0.11946798854014162,-0.056397430114418418,0.24167233481393824,-0.18231900791143585,-0.10166373957998442,0.14874128891776309,0.66029327090312151,0.15638428803032242,0.26285671474548261,0.02859802665365517,-0.046354051574057656,-0.17794651311909493,0.19635878375254473,0.74149208112331877,0.13390159926825787,0.07471134934829067,-0.15028264113423206,0.1279691684664703,-0.48833964150912401,-0.1148975856658004,0.54390978752590968,0.14430980043367664,-0.17347422915009603
-0.11067514343630888,0.41989857522195978,-0.71573433186316293,-0.62161835647096308,0.70065389329561945,1.0,0.59791978627132647,0.028330400490528124,-0.33762801772541107,0.15251930319619647,-0.20252435125698764,0.23307812516987989,-0.24231334084324427,0.25469426630406689,0.7654722577647185,-0.51173341999999999,0.30574748427029752,-0.38711005759678346,0.51620262122913885,-0.27348621216482072,-0.42779596580010698,0.74391331026981078,0.50251401251340144,0.50104553511033312,0.17123881181561429,-0.066663619911904129,0.07156124876748117,-0.69863306443302553,0.59706249243642373,0.64505200091594039,0.51464783975049544,-0.24871584413248271,0.033383059680527752,0.075633559594525973,-0.85704445747149005,-0.49609581207862052,-0.015169895815795651,-0.28403543744388093,-0.75173288238369973
-0.5164679336200968,0.60875107272620721,-0.61191272201264546,-0.55566477097148015,0.031344789382334384,0.59791978627132647,1.0,0.086539592556901301,-0.091480176715550462,-0.10419573596536945,0.43095479017053057,0.61674592416930263,-0.30821558859782044,-0.16484335980076456,0.83802184491516662,-0.72625994000000005,0.4850513769616247,-0.43297766990019221,0.78620401319174094,-0.56301860632909306,-0.78852518232529178,0.79486278482563466,-0.11380460724922727,0.75114387333186661,0.40744078649698234,0.09211396301065243,-0.24753032468014549,-0.53995838148621245,0.79766505678107424,0.078023016426868999,0.772281443659943,-0.17459837958533078,0.61372944908983329,-0.18408415329467653,-0.59893131202584748,-0.74545363142940457,-0.43014606397695693,-0.75667452542546587,-0.75083798883058894
-0.11720291641315721,0.30740667735805566,-0.22870760823060507,0.34048564198709796,0.18985622729384521,0.028330400490528124,0.086539592556901301,1.0,0.16470015433965227,-0.14109834554670952,0.35328986780164456,0.4815920770057544,0.0064789606256971735,-0.50721047961797461,-0.1543931255780509,-0.13817091999999997,0.56076750933451835,0.17367166474416249,0.4085220466116618,-0.40734522892791841,-0.22258017478362138,-0.11216217898138035,0.086634193777052532,0.14279968312408658,0.55200918450429592,0.46018862849152914,-0.34103356679350727,0.25997459168965642,0.30078115160033225,-0.081696277640061987,0.10245144267755545,0.24206449897660598,0.44996274944808157,-0.027578860302408113,0.037872393627479128,-0.15999553862747301,0.37928726319470718,-0.11084792850057834,0.16087900668875468
-0.72231513274920289,0.27143553026537426,0.20789959566761151,0.031165231278784934,-0.090159510766153861,-0.33762801772541107,-0.091480176715550462,0.16470015433965227,1.0,-0.33436352646244621,0.60456955513921418,-0.27439786698268342,-0.10587730443023956,0.13238753168098838,-0.31219838806697253,-0.51155576000000003,0.29586948627437459,-0.23896111522325061,0.19683564304547441,-0.60791459731704156,-0.45544930553275265,-0.39723325891382061,-0.38157744904059393,0.48899998015851481,0.51370608855302258,-0.23081113354376881,-0.89130586719049243,0.71246660280392604,-0.25512435812049661,-0.24888641859168786,0.44162973820168744,0.87447566176227409,0.38599153831772781,-0.82008023650194706,0.35978078596202367,-0.22248896001293497,0.038436750576048825,-0.011208004666826301,0.42070640546557114
0.39348197215888869,0.28755363773231529,-0.43403212943617425,0.050194729487761984,0.19819615420128431,0.15251930319619647,-0.10419573596536945,-0.14109834554670952,-0.33436352646244621,1.0,-0.43632132598817358,-0.35386411013294738,-0.4052251400896088,-0.050154555507970516,0.042544066412853271,0.23881781999999996,-0.090678630476388022,0.52966048407188604,0.0021724857880353055,0.098886922773797681,0.39824026884277253,-0.0095427206356353874,0.69289423118962523,-0.25955047216876509,-0.1176776483828559,0.34499837181767867,0.24766743769917982,-0.051677119179239561,-0.089923270001387098,-0.0089131712782591285,-0.29711043418439509,0.02235731157848439,-0.4162614262832055,0.55310987431993142,-0.36392503278889066,0.54005020605438847,-0.22864831132844662,-0.093680968112441282,-0.023448356698109081
-0.68265630623165485,0.50433273390289801,-0.11011649784487627,0.16068687844752677,-0.29052620129958395,-0.20252435125698764,0.43095479017053057,0.35328986780164456,0.60456955513921418,-0.43632132598817358,1.0,0.41558523933312702,-0.15491765114642914,-0.48841366804515812,-0.0016863598285989795,-0.55876605999999995,0.54896967633060034,-0.11631911369234683,0.6512790927754033,-0.7708500955846882,-0.71936532152657473,-0.026266093398377283,-0.49561799399967826,0.58306320470790851,0.766809473688156,0.30288177557369689,-0.78772413068461677,0.40540252468845539,0.365562122108883,-0.35710176035043628,0.55047145470283732,0.47061486604048963,0.91613227123040486,-0.53352685721280924,0.1801780442594309,-0.50357290309141389,-0.046520693550296921,-0.48918387419952281,0.096809528398032071
-0.10659967480338955,0.19328372305676544,-0.29057904644729743,-0.066650881624761807,-0.1207576975071452,0.23307812516987989,0.61674592416930263,0.4815920770057544,-0.27439786698268342,-0.35386411013294738,0.41558523933312702,1.0,0.15117444463728097,-0.46865211573203236,0.41299145128669751,-0.23938492,0.38979013879943292,-0.1613263617868054,0.47082525671562808,-0.21326456006353178,-0.46411744340817884,0.52478726044394108,-0.16735685823284274,0.28085791693518075,0.26956780808349784,0.29358976588910507,0.006124592313155203,-0.39290253258848784,0.70613294663442439,0.030669556342773397,0.31862908448227223,-0.40042360497264312,0.57733305628323772,0.029040847224754102,-0.15838729648412239,-0.50449461635895665,0.010061907898008447,-0.40990727704611035,-0.43474943593577153
0.34402072443139298,-0.71016889964134244,0.65885853105354886,0.0073084096720149819,-0.22318897699943457,-0.24231334084324427,-0.30821558859782044,0.0064789606256971735,-0.10587730443023956,-0.4052251400896088,-0.15491765114642914,0.15117444463728097,1.0,0.15327547596946825,-0.16836680162029147,0.28735102000000001,-0.41922759136500404,-0.30440033603354694,-0.53252295495744584,0.50890302767328954,0.18018641892022147,-0.088210438233607191,-0.30203351320333527,-0.27206546822946998,-0.45294252885133074,-0.43343718638572887,0.32592992420117206,-0.15752570234652108,-0.30236898995550432,-0.2148877517137881,-0.19366432595530766,-0.42961125601395589,-0.13683640364420713,-0.18617532529116412,0.44377593035699547,-0.14078802987188863,0.0092931502400119582,0.7197735223667785,0.10005717161419017
-0.13775878006161232,-0.27990654531719172,0.14533746313618523,-0.66419809178777911,0.18357626435766736,0.25469426630406689,-0.16484335980076456,-0.50721047961797461,0.13238753168098838,-0.050154555507970516,-0.48841366804515812,-0.46865211573203236,0.15327547596946825,1.0,0.2444861648573784,-0.18412550000000005,-0.21064391281920938,-0.57555756973179495,-0.40447044013193678,0.26052536427117462,0.010688135163174468,0.19965670469448316,0.083562703581973347,0.14637708813541139,-0.50760753100384548,-0.8636116400973799,0.11549271360880548,-0.26387839827238857,-0.38424546436868656,0.37743854571311924,0.18666754348280698,0.022136735001973648,-0.59624786430555798,-0.34624949432341379,-0.18399342757179737,-0.057625397917385385,-0.16478525074725603,0.31587481487835256,-0.18786041060454042
-0.31411671486494497,0.36118300650515639,-0.60061671414434714,-0.84533378786736579,0.12862788416705717,0.7654722577647185,0.83802184491516662,-0.1543931255780509,-0.31219838806697253,0.042544066412853271,-0.0016863598285989795,0.41299145128669751,-0.16836680162029147,0.2444861648573784,1.0,-0.61498597999999993,0.3175640430588037,-0.6069574412645018,0.4976297227785017,-0.24007047178075544,-0.57402673307658769,0.96736831377793964,0.12695854595734471,0.6325991220251953,-0.010004728955538391,-0.22395801240169336,0.088677382172425628,-0.82482829034499439,0.59366641425716593,0.24201013445914007,0.67694597943170931,-0.38492239831265901,0.18791173649079745,-0.064307577984136388,-0.7994861310853203,-0.65730134877749413,-0.53660110992789822,-0.53578278926347644,-0.86297317793338379
0.84649528000000007,-0.6671165,0.46377487999999989,0.62194101999999996,-0.19610094,-0.51173341999999999,-0.72625994000000005,-0.13817091999999997,-0.51155576000000003,0.23881781999999996,-0.55876605999999995,-0.23938492,0.28735102000000001,-0.18412550000000005,-0.61498597999999993,1.0,-0.58210340000000005,0.65052281999999995,-0.75543090000000002,0.82278764000000004,0.93996016000000004,-0.52058964000000008,0.1260685399999999,-0.99733976000000002,-0.59667654000000003,0.22376478,0.70072815999999993,0.13949221999999994,-0.49701076,-0.11849779999999999,-0.98833203999999997,-0.38736411999999998,-0.60280467999999998,0.6942310599999999,0.44004807999999995,0.80211747999999994,0.28539135999999998,0.52445230000000009,0.47877455999999996
-0.57000637731254911,0.67820642633971406,-0.63880084306502194,-0.11843116683315824,0.11946798854014162,0.30574748427029752,0.4850513769616247,0.56076750933451835,0.29586948627437459,-0.090678630476388022,0.54896967633060034,0.38979013879943292,-0.41922759136500404,-0.21064391281920938,0.3175640430588037,-0.58210340000000005,1.0,-0.096754775865345338,0.72279837286710347,-0.73232482538045562,-0.61996003266596378,0.28801629148719599,0.05435199560500252,0.57942109395423136,0.6182742611357821,0.33751391810216563,-0.59149575011232047,0.10236988685877058,0.37109287977346789,-0.044995768455967096,0.52677282327263508,0.41015228597465392,0.51982984755369444,-0.16480562808069721,-0.46590553841456916,-0.42021801082688565,-0.053773060659629758,-0.56493866698818507,-0.055794382384357195
0.55877837481162063,0.10427593130878374,-0.0605702915710193,0.83246810897581058,-0.056397430114418418,-0.38711005759678346,-0.43297766990019221,0.17367166474416249,-0.23896111522325061,0.52966048407188604,-0.11631911369234683,-0.1613263617868054,-0.30440033603354694,-0.57555756973179495,-0.6069574412645018,0.65052281999999995,-0.096754775865345338,1.0,-0.11113274496909631,0.1533098607554943,0.60869058033254997,-0.58890231939595672,0.31530645497618343,-0.65602701918411133,0.095542364983059638,0.78178915842487529,0.16383318965274349,0.46561870401982364,-0.11942006559885705,-0.13760791399885094,-0.71998610384415374,0.12464639376586271,-0.17645414405323906,0.64813951424507821,0.25758198897878326,0.80561308000139065,0.31718804867997208,0.00086487814531306054,0.45865570266372829
-0.57146815614245161,0.89970139430901153,-0.7414984343254204,-0.16943997032800417,0.24167233481393824,0.51620262122913885,0.78620401319174094,0.4085220466116618,0.19683564304547441,0.0021724857880353055,0.6512790927754033,0.47082525671562808,-0.53252295495744584,-0.40447044013193678,0.4976297227785017,-0.75543090000000002,0.72279837286710347,-0.11113274496909631,1.0,-0.89423122118224752,-0.78763529652922537,0.43384619310299538,0.076913257127314227,0.76829319180446221,0.84697157273263701,0.45258360085841542,-0.5946334411028239,-0.078051609552049039,0.78844815639266441,0.078827096262152341,0.72409636190516469,0.2893751045862123,0.78124996430547478,-0.21020409781710947,-0.50545654511549321,-0.58437851915148231,-0.095073806299708186,-0.7573495789016329,-0.43501629288792976
0.76383153725385888,-0.87116789702863207,0.53283092250068897,0.10102566765618611,-0.18231900791143585,-0.27348621216482072,-0.56301860632909306,-0.40734522892791841,-0.60791459731704156,0.098886922773797681,-0.7708500955846882,-0.21326456006353178,0.50890302767328954,0.26052536427117462,-0.24007047178075544,0.82278764000000004,-0.73232482538045562,0.1533098607554943,-0.89423122118224752,1.0,0.81037699397465879,-0.14525804158087385,0.060023198933133098,-0.81980386717396503,-0.91988326212147498,-0.28855792712665868,0.88406040256680407,-0.2830673970674803,-0.49727676884950472,0.039544238785254038,-0.75635681078681682,-0.6597318675674213,-0.76967389159294486,0.50898518254857816,0.26733365512894253,0.52784866408923548,0.046946323886881101,0.60858260019796151,0.13559822078135897
0.8153427671174186,-0.60470869069064936,0.42101685705641773,0.49498164571046904,-0.10166373957998442,-0.42779596580010698,-0.78852518232529178,-0.22258017478362138,-0.45544930553275265,0.39824026884277253,-0.71936532152657473,-0.46411744340817884,0.18018641892022147,0.010688135163174468,-0.57402673307658769,0.93996016000000004,-0.61996003266596378,0.60869058033254997,-0.78763529652922537,0.81037699397465879,1.0,-0.52383059492720785,0.25315569420753653,-0.94909453388285092,-0.64209169948057698,0.10232722495482088,0.69285986789057608,0.13940681288691584,-0.57872478107596648,-0.07502090576256204,-0.95130161845066041,-0.27444744925419134,-0.75683496010789031,0.65099691248125702,0.3483627608496116,0.86779157448677802,0.20380234050356513,0.54926013404268348,0.43970194173853711
-0.22265032524874667,0.24706638614691812,-0.59279899043329809,-0.79852565477559712,0.14874128891776309,0.74391331026981078,0.79486278482563466,-0.11216217898138035,-0.39723325891382061,-0.0095427206356353874,-0.026266093398377283,0.52478726044394108,-0.088210438233607191,0.19965670469448316,0.96736831377793964,-0.52058964000000008,0.28801629148719599,-0.58890231939595672,0.43384619310299538,-0.14525804158087385,-0.52383059492720785,1.0,0.18441277910969422,0.54323477075311044,-0.069677028052819306,-0.19862456839256518,0.17897980211903072,-0.8594793548197448,0.58534991469818998,0.32023209546182979,0.59416788845872237,-0.47896968635103981,0.15882418448794311,0.024617419647727647,-0.78353413196733457,-0.63602157878016552,-0.40503345197109547,-0.4920534472800438,-0.81735203964814362
0.43465202742877262,0.21057839730158584,-0.61767585673857162,-0.052364210011873427,0.66029327090312151,0.50251401251340144,-0.11380460724922727,0.086634193777052532,-0.38157744904059393,0.69289423118962523,-0.49561799399967826,-0.16735685823284274,-0.30203351320333527,0.083562703581973347,0.12695854595734471,0.1260685399999999,0.05435199560500252,0.31530645497618343,0.076913257127314227,0.060023198933133098,0.25315569420753653,0.18441277910969422,1.0,-0.14925443127240526,-0.035862004956531093,0.26464299827288906,0.26206658853597053,-0.20184491872283405,0.040396727389786752,0.54418377534640017,-0.18735919031406123,-0.020712877361126904,-0.43106371770832186,0.53968095573843278,-0.57513728019364008,0.33688275811233603,0.2819638170439222,0.025632835878879094,-0.096756904362443427
-0.84006550825684179,0.66109923377417856,-0.45930756156203389,-0.61707458357311085,0.15638428803032242,0.50104553511033312,0.75114387333186661,0.14279968312408658,0.48899998015851481,-0.25955047216876509,0.58306320470790851,0.28085791693518075,-0.27206546822946998,0.14637708813541139,0.6325991220251953,-0.99733976000000002,0.57942109395423136,-0.65602701918411133,0.76829319180446221,-0.81980386717396503,-0.94909453388285092,0.54323477075311044,-0.14925443127240526,1.0,0.59657747435241593,-0.20587026772395597,-0.68380013285760721,-0.16006483472167285,0.52637849444591933,0.0932590473199576,0.99300287608141513,0.35453392810825241,0.63772262625164011,-0.6859955153917342,-0.43411832800535971,-0.82261519078137935,-0.30366797575731208,-0.54640968528814071,-0.49740149289007729
-0.5605972600026714,0.79288926162218765,-0.43470806140901413,0.22431680550031485,0.26285671474548261,0.17123881181561429,0.40744078649698234,0.55200918450429592,0.51370608855302258,-0.1176776483828559,0.766809473688156,0.26956780808349784,-0.45294252885133074,-0.50760753100384548,-0.010004728955538391,-0.59667654000000003,0.6182742611357821,0.095542364983059638,0.84697157273263701,-0.91988326212147498,-0.64209169948057698,-0.069677028052819306,-0.035862004956531093,0.59657747435241593,1.0,0.51557041447414753,-0.8049497553822712,0.40116888655688365,0.5395307128399951,-0.0050026306432060744,0.52609622505033227,0.60373605639918748,0.80531018902274976,-0.35071140162051112,-0.07643359086928532,-0.37755561254689024,0.23560350122341928,-0.48722236060804519,-0.0097965207366352697
0.23399659112049076,0.47404813606010177,-0.43744542387976315,0.67760730712619233,0.02859802665365517,-0.066663619911904129,0.09211396301065243,0.46018862849152914,-0.23081113354376881,0.34499837181767867,0.30288177557369689,0.29358976588910507,-0.43343718638572887,-0.8636116400973799,-0.22395801240169336,0.22376478,0.33751391810216563,0.78178915842487529,0.45258360085841542,-0.28855792712665868,0.10232722495482088,-0.19862456839256518,0.26464299827288906,-0.20587026772395597,0.51557041447414753,1.0,-0.076583189126721241,0.2695259623523597,0.38395473403591518,-0.13515249452622646,-0.27503455231477641,0.093353093399322781,0.36349569814306154,0.54885790780454757,-0.058431095399883171,0.29165102744084292,0.25656336581712602,-0.40558436522885033,0.16511898203928191
0.80598996105497045,-0.62258568370007494,0.17345441989758154,-0.02053610334529184,-0.046354051574057656,0.07156124876748117,-0.24753032468014549,-0.34103356679350727,-0.89130586719049243,0.24766743769917982,-0.78772413068461677,0.006124592313155203,0.32592992420117206,0.11549271360880548,0.088677382172425628,0.70072815999999993,-0.59149575011232047,0.16383318965274349,-0.5946334411028239,0.88406040256680407,0.69285986789057608,0.17897980211903072,0.26206658853597053,-0.68380013285760721,-0.8049497553822712,-0.076583189126721241,1.0,-0.59048331071908144,-0.11312014645429404,0.17203315462659696,-0.62251364718863811,-0.85222687962247923,-0.6446786464048343,0.70869094074920569,-0.079116689962623415,0.3917143696830333,-0.031214400656572841,0.33131012144469751,-0.2157651408724848
-0.18213402873296539,0.09852289278290427,0.32444845634050401,0.68193174269285795,-0.17794651311909493,-0.69863306443302553,-0.53995838148621245,0.25997459168965642,0.71246660280392604,-0.051677119179239561,0.40540252468845539,-0.39290253258848784,-0.15752570234652108,-0.26387839827238857,-0.82482829034499439,0.13949221999999994,0.10236988685877058,0.46561870401982364,-0.078051609552049039,-0.2830673970674803,0.13940681288691584,-0.8594793548197448,-0.20184491872283405,-0.16006483472167285,0.40116888655688365,0.2695259623523597,-0.59048331071908144,1.0,-0.45690475650485546,-0.36473764793693053,-0.23958846615647289,0.80632882875627365,0.15156891246918625,-0.25866971906628833,0.62915741553467064,0.40479971868730269,0.33379932363656628,0.15135381480990606,0.8307311903539536
-0.22876830218781935,0.61601739851578619,-0.59091043760277928,-0.18848978632551783,0.19635878375254473,0.59706249243642373,0.79766505678107424,0.30078115160033225,-0.25512435812049661,-0.089923270001387098,0.365562122108883,0.70613294663442439,-0.30236898995550432,-0.38424546436868656,0.59366641425716593,-0.49701076,0.37109287977346789,-0.11942006559885705,0.78844815639266441,-0.49727676884950472,-0.57872478107596648,0.58534991469818998,0.040396727389786752,0.52637849444591933,0.5395307128399951,0.38395473403591518,-0.11312014645429404,-0.45690475650485546,1.0,0.2959751617012536,0.53281144946034675,-0.22795147064506238,0.62114072714690471,-0.0016389900581814053,-0.42070680102118152,-0.52187617036845069,-0.014264011738580412,-0.66838041388803293,-0.75482270752224045
0.11861989137794315,0.05499341087956184,-0.39054256814842048,-0.27185806391146117,0.74149208112331877,0.64505200091594039,0.078023016426868999,-0.081696277640061987,-0.24888641859168786,-0.0089131712782591285,-0.35710176035043628,0.030669556342773397,-0.2148877517137881,0.37743854571311924,0.24201013445914007,-0.11849779999999999,-0.044995768455967096,-0.13760791399885094,0.078827096262152341,0.039544238785254038,-0.07502090576256204,0.32023209546182979,0.54418377534640017,0.0932590473199576,-0.0050026306432060744,-0.13515249452622646,0.17203315462659696,-0.36473764793693053,0.2959751617012536,1.0,0.10016504695977096,-0.13325668407629315,-0.28616458718314114,0.13231566404012182,-0.41909760036720523,-0.03847816387626965,0.56587835341031023,-0.016022533822140105,-0.3807407477928465
-0.82044604912247121,0.59373223917224716,-0.41535094324917898,-0.67273243017177842,0.13390159926825787,0.51464783975049544,0.772281443659943,0.10245144267755545,0.44162973820168744,-0.29711043418439509,0.55047145470283732,0.31862908448227223,-0.19366432595530766,0.18666754348280698,0.67694597943170931,-0.98833203999999997,0.52677282327263508,-0.71998610384415374,0.72409636190516469,-0.75635681078681682,-0.95130161845066041,0.59416788845872237,-0.18735919031406123,0.99300287608141513,0.52609622505033227,-0.27503455231477641,-0.62251364718863811,-0.23958846615647289,0.53281144946034675,0.10016504695977096,1.0,0.26426785666723174,0.61730600414468273,-0.69620487853004287,-0.42702536453754131,-0.86052260467181918,-0.33750532430138791,-0.51312785693543927,-0.55152008786496676
-0.55348457385791061,0.4957094653851965,-0.083563492612644411,0.21002590352487735,0.07471134934829067,-0.24871584413248271,-0.17459837958533078,0.24206449897660598,0.87447566176227409,0.02235731157848439,0.47061486604048963,-0.40042360497264312,-0.42961125601395589,0.022136735001973648,-0.38492239831265901,-0.38736411999999998,0.41015228597465392,0.12464639376586271,0.2893751045862123,-0.6597318675674213,-0.27444744925419134,-0.47896968635103981,-0.020712877361126904,0.35453392810825241,0.60373605639918748,0.093353093399322781,-0.85222687962247923,0.80632882875627365,-0.22795147064506238,-0.13325668407629315,0.26426785666723174,1.0,0.2471777022859975,-0.51165144401211748,0.17996824394057453,0.074295617791240526,0.1545187632001927,-0.13831744610169952,0.48594550963197947
-0.60464807571040446,0.55196882903011413,-0.21053589805376294,0.078251611271239613,-0.15028264113423206,0.033383059680527752,0.61372944908983329,0.44996274944808157,0.38599153831772781,-0.4162614262832055,0.91613227123040486,0.57733305628323772,-0.13683640364420713,-0.59624786430555798,0.18791173649079745,-0.60280467999999998,0.51982984755369444,-0.17645414405323906,0.78124996430547478,-0.76967389159294486,-0.75683496010789031,0.15882418448794311,-0.43106371770832186,0.63772262625164011,0.80531018902274976,0.36349569814306154,-0.6446786464048343,0.15156891246918625,0.62114072714690471,-0.28616458718314114,0.61730600414468273,0.2471777022859975,1.0,-0.43309500861478761,0.033136825514990309,-0.65221863022589532,-0.064977467569722058,-0.53427780602734642,-0.16342799279449644
0.74372858124235397,-0.16782089753497639,-0.27247130018391053,0.34279215119645107,0.1279691684664703,0.075633559594525973,-0.18408415329467653,-0.027578860302408113,-0.82008023650194706,0.55310987431993142,-0.53352685721280924,0.029040847224754102,-0.18617532529116412,-0.34624949432341379,-0.064307577984136388,0.6942310599999999,-0.16480562808069721,0.64813951424507821,-0.21020409781710947,0.50898518254857816,0.65099691248125702,0.024617419647727647,0.53968095573843278,-0.6859955153917342,-0.35071140162051112,0.54885790780454757,0.70869094074920569,-0.25866971906628833,-0.0016389900581814053,0.13231566404012182,-0.69620487853004287,-0.51165144401211748,-0.43309500861478761,1.0,-0.26869658688789805,0.56932707278801098,0.15990353928991005,-0.0084003858972248671,0.050397541859303299
0.1381945159436645,-0.46961348405936176,0.86189370511850694,0.62179675374682697,-0.48833964150912401,-0.85704445747149005,-0.59893131202584748,0.037872393627479128,0.35978078596202367,-0.36392503278889066,0.1801780442594309,-0.15838729648412239,0.44377593035699547,-0.18399342757179737,-0.7994861310853203,0.44004807999999995,-0.46590553841456916,0.25758198897878326,-0.50545654511549321,0.26733365512894253,0.3483627608496116,-0.78353413196733457,-0.57513728019364008,-0.43411832800535971,-0.07643359086928532,-0.058431095399883171,-0.079116689962623415,0.62915741553467064,-0.42070680102118152,-0.41909760036720523,-0.42702536453754131,0.17996824394057453,0.033136825514990309,-0.26869658688789805,1.0,0.35494812178262192,0.24050777805890863,0.47244301547604028,0.57569809075024514
0.65214140937157739,-0.27167093615588928,0.22169615856731659,0.60245551212255188,-0.1148975856658004,-0.49609581207862052,-0.74545363142940457,-0.15999553862747301,-0.22248896001293497,0.54005020605438847,-0.50357290309141389,-0.50449461635895665,-0.14078802987188863,-0.057625397917385385,-0.65730134877749413,0.80211747999999994,-0.42021801082688565,0.80561308000139065,-0.58437851915148231,0.52784866408923548,0.86779157448677802,-0.63602157878016552,0.33688275811233603,-0.82261519078137935,-0.37755561254689024,0.29165102744084292,0.3917143696830333,0.40479971868730269,-0.52187617036845069,-0.03847816387626965,-0.86052260467181918,0.074295617791240526,-0.65221863022589532,0.56932707278801098,0.35494812178262192,1.0,0.24182290390281355,0.30527978622865676,0.51733560131276002
0.24364775380530296,-0.16166494128479586,0.054282651335850175,0.52458465594542059,0.54390978752590968,-0.015169895815795651,-0.43014606397695693,0.37928726319470718,0.038436750576048825,-0.22864831132844662,-0.046520693550296921,0.010061907898008447,0.0092931502400119582,-0.16478525074725603,-0.53660110992789822,0.28539135999999998,-0.053773060659629758,0.31718804867997208,-0.095073806299708186,0.046946323886881101,0.20380234050356513,-0.40503345197109547,0.2819638170439222,-0.30366797575731208,0.23560350122341928,0.25656336581712602,-0.031214400656572841,0.33379932363656628,-0.014264011738580412,0.56587835341031023,-0.33750532430138791,0.1545187632001927,-0.064977467569722058,0.15990353928991005,0.24050777805890863,0.24182290390281355,1.0,0.30181854322076501,0.36683315288320179
0.50963148197759545,-0.74815306216566424,0.68839044434154084,0.21237802299090444,0.14430980043367664,-0.28403543744388093,-0.75667452542546587,-0.11084792850057834,-0.011208004666826301,-0.093680968112441282,-0.48918387419952281,-0.40990727704611035,0.7197735223667785,0.31587481487835256,-0.53578278926347644,0.52445230000000009,-0.56493866698818507,0.00086487814531306054,-0.7573495789016329,0.60858260019796151,0.54926013404268348,-0.4920534472800438,0.025632835878879094,-0.54640968528814071,-0.48722236060804519,-0.40558436522885033,0.33131012144469751,0.15135381480990606,-0.66838041388803293,-0.016022533822140105,-0.51312785693543927,-0.13831744610169952,-0.53427780602734642,-0.0084003858972248671,0.47244301547604028,0.30527978622865676,0.30181854322076501,1.0,0.43443462913274977
0.11687157158694057,-0.33016513389823032,0.45163993289830157,0.67029451328451151,-0.17347422915009603,-0.75173288238369973,-0.75083798883058894,0.16087900668875468,0.42070640546557114,-0.023448356698109081,0.096809528398032071,-0.43474943593577153,0.10005717161419017,-0.18786041060454042,-0.86297317793338379,0.47877455999999996,-0.055794382384357195,0.45865570266372829,-0.43501629288792976,0.13559822078135897,0.43970194173853711,-0.81735203964814362,-0.096756904362443427,-0.49740149289007729,-0.0097965207366352697,0.16511898203928191,-0.2157651408724848,0.8307311903539536,-0.75482270752224045,-0.3807407477928465,-0.55152008786496676,0.48594550963197947,-0.16342799279449644,0.050397541859303299,0.57569809075024514,0.51733560131276002,0.36683315288320179,0.43443462913274977,1.0
