1.0,0.48405723564107811,-0.10426594544832372,0.31427977465430135,-0.73737905557526939,0.21805460336728077,0.49880474442606187,-0.16531277040226139,0.2208795817432713,0.54931271866054465,-0.36211025386387902,0.41774985114565027,0.63914602266193932,0.65082796844106461,0.51304836091970363,-0.036622589122006471,-0.0061268687412161515,-0.20071567215690081,0.27166921004304428,0.15791732675492323,0.5655694,0.18782093675576106,-0.72006178372946883,-0.23708390619173972,-0.29480583797030963,-0.064695056433105483,0.42741183865755084,0.56016433141407496,-0.52654696458208783,-0.50439918623873004,0.064727491462308259,-0.20150437629249487,-0.64408465709279217,-0.53789558555465455,0.38452034645873734,-0.68509210656979769,0.069810897187427876,-0.34506468780287314,0.14164223205906493
0.48405723564107811,1.0,0.16080038910151814,0.36791188948658321,-0.51686943362165916,-0.2535251177486566,0.34054835674888689,-0.088475922500103166,-0.1082940723991581,0.97879002570237394,0.12404213749937976,0.24720853781192451,0.1340412293291201,0.46301653801389359,0.41318461976544557,0.45370507881939459,-0.65333937939862541,0.063668880143916293,0.68370655578540762,0.39678134211259353,0.40659664000000006,0.4218483766558202,-0.77301829813520251,-0.8051497702085908,0.019925376337207375,-0.31212657654031312,-0.069250377749687578,0.81634520216008066,-0.261515208295511,-0.88218338260491924,0.83106871427777407,0.28344599811091237,-0.58411322451745951,-0.28611837746572044,-0.12535595069182884,-0.28452474901011832,0.4839004598131828,-0.37764062622663153,-0.29078752219371817
-0.10426594544832372,0.16080038910151814,1.0,-0.70761157486651849,-0.12871701103055549,-0.76072220349260111,-0.62657627095050927,-0.32648238240731564,0.24070522351897519,0.21534559323525526,0.088040023983146212,0.051600283695271955,-0.1527815313382539,0.0674709184282173,0.061091742152098623,-0.29475244840726222,-0.17168123607460972,-0.29241260740453495,0.55659879290767877,0.72373202690406135,0.080192920000000001,0.070672950669541421,0.24372787037988627,-0.31602841993859748,-0.082408349561638075,0.0037172993704930671,0.032588348140786524,-0.30145513262795331,-0.45393115510956855,-0.21599732109120046,0.28197376756800813,0.51279884978409918,0.46741350564283551,-0.0012956634788772548,-0.32257139537050461,0.3707395905677271,0.19874462758967748,-0.15624641533698225,0.054468422971359551
0.31427977465430135,0.36791188948658321,-0.70761157486651849,1.0,0.061423090539842073,0.45756117458274614,0.80729906810208374,0.1062265860351812,-0.60483690041783134,0.24573479359884012,0.24256864357970956,-0.18072161897248365,-0.086049319203469171,-0.14177713629782387,-0.12606282138724489,0.38779702177554337,-0.4370782401696599,0.31037306223676275,-0.21972609713531785,-0.63504151898671068,-0.18106818000000002,0.37250508290519219,-0.40915674428972376,-0.27129745992054527,0.36777841173476711,-0.13262744089304368,-0.38018476684871011,0.58636036377694267,0.50464076662918589,-0.14290436108825746,0.33462077921862882,-0.12802248723526549,-0.7793655038446734,0.18799980227013716,-0.13309941701721278,-0.15990629597674111,0.18878303015903722,0.20927587552920984,-0.39486929625768596
-0.73737905557526939,-0.51686943362165916,-0.12871701103055549,0.061423090539842073,1.0,-0.12614646592664883,0.0072366836274006148,-0.11585034938091027,-0.58926404857240011,-0.65871557484589294,0.65985898769599161,-0.79059205381028042,-0.78410943266261368,-0.95179989275926702,-0.86068647897964046,-0.040429435473153183,-0.24442633742571934,0.29871820176975244,-0.4517837956570232,-0.55312750919467335,-0.92864144000000004,0.21064657140029511,0.76649986135421566,0.35878910014679377,0.72328084958678396,0.30246401775138088,-0.76008948959384826,-0.49991263455662693,0.82118379396810082,0.5952760763348709,-0.03330011251741527,0.0088499474106778706,0.32901297894779213,0.90809869084934558,-0.6300590737164905,0.84094117254402301,-0.078249513261168913,0.50929096104528815,-0.2618376558857638
0.21805460336728077,-0.2535251177486566,-0.76072220349260111,0.45756117458274614,-0.12614646592664883,1.0,0.4812201494172561,0.18532223257993652,0.069549237472154357,-0.26785114628149376,-0.22847659121210784,0.22411754601495507,0.23728464108672764,0.10768267701448914,-0.026147789438650593,-0.1563478707535586,0.45109728561567164,-0.22179779698128399,-0.29746602545582779,-0.58894870356629914,0.1198941200000001,-0.51646022018815207,-0.232131159202971,0.3176868102311462,-0.22897889565794782,-0.16662795007782571,0.32896588540246896,0.07922118543781298,0.2289462511835707,0.44410742443408119,-0.42962054742855377,-0.4676504067768118,-0.15129663319657677,-0.23478649856948774,0.48452859548679478,-0.51118715959321503,0.066721988862929793,0.42887263067249504,0.11479380088691887
0.49880474442606187,0.34054835674888689,-0.62657627095050927,0.80729906810208374,0.0072366836274006148,0.4812201494172561,1.0,-0.16086900279831362,-0.35858266326084248,0.2390563414973457,0.28432466554922403,-0.12584448930910841,0.029921290917116372,-0.022258797970147744,-0.15986935649034645,0.2137891004389979,-0.340176871126462,0.1395393171592888,-0.022383531426352563,-0.5034462114135797,-0.094964620000000055,0.38431687050901797,-0.46834335640707303,-0.019100846280977829,0.415081578990942,-0.054300611699714972,-0.23079922646537732,0.51728499986067489,0.36330382640074438,-0.14792363542872503,0.22868900224255437,-0.38807684588039265,-0.70123946346099042,0.10522934414080744,-0.017337937288569305,-0.26147298758696441,0.1580670235200729,0.12349648945322833,-0.1758126181430601
-0.16531277040226139,-0.088475922500103166,-0.32648238240731564,0.1062265860351812,-0.11585034938091027,0.18532223257993652,-0.16086900279831362,1.0,0.16147667107570768,-0.030937841449415311,-0.40338474084102099,0.48448769052919205,0.12088836342771889,0.16852265815693249,0.51001748624556953,0.33157796030624853,0.35935428710468897,0.51218840482142325,-0.46205777402138398,0.039677276823287838,0.30741828000000004,-0.31672378493681302,0.011330132358386091,-0.13211979817614664,-0.294233942768514,-0.41671305823387,0.28974669880495535,0.050194832118129196,0.12525858562268216,0.026810385263676864,-0.17788622235971099,0.083783474058669705,-0.10457000101337074,-0.34356864907265022,0.3776672442351518,-0.21993051412668707,-0.45955219019603266,-0.10887418931707282,0.079379440047453204
0.2208795817432713,-0.1082940723991581,0.24070522351897519,-0.60483690041783134,-0.58926404857240011,0.069549237472154357,-0.35858266326084248,0.16147667107570768,1.0,0.061334669396806846,-0.71397192047055502,0.74550630743500346,0.72262017613554463,0.72580442920754451,0.62556801579367805,-0.041595310408116537,0.7346763530372451,-0.25601330352458135,0.184684950187398,0.59784597409844498,0.77883794000000006,-0.47689523899335257,-0.22593437060011257,0.21304179311539598,-0.57959816867251013,-0.33293439015865817,0.88799003947872124,-0.21645958156367279,-0.6597723197836306,-0.12818869544032341,-0.46178777094995033,-0.40706144126079519,0.32307834412255093,-0.8080159506087482,0.81054110468470286,-0.58034690386377386,-0.35222931232419197,-0.5222125973534586,0.79745700936149311
0.54931271866054465,0.97879002570237394,0.21534559323525526,0.24573479359884012,-0.65871557484589294,-0.26785114628149376,0.2390563414973457,-0.030937841449415311,0.061334669396806846,1.0,-0.034737253569161061,0.38724368208311882,0.28475903928819724,0.61861493835597037,0.5718871903566024,0.42119763442151054,-0.51319030018519651,0.010879362645841892,0.69960914864474633,0.51905235133620242,0.56609613999999997,0.33024511337300527,-0.81561323500538208,-0.7732681361863093,-0.14193219105531704,-0.3121297206728062,0.10254959616292163,0.80046338485090152,-0.43684685729833606,-0.92568734596612545,0.72628582666034902,0.26946968868206261,-0.55519659378604203,-0.45062420829116545,0.022795686915607058,-0.40728725928620968,0.39718835623516507,-0.49458285646312705,-0.18876341872230123
-0.36211025386387902,0.12404213749937976,0.088040023983146212,0.24256864357970956,0.65985898769599161,-0.22847659121210784,0.28432466554922403,-0.40338474084102099,-0.71397192047055502,-0.034737253569161061,1.0,-0.71472504040626805,-0.83620158041624704,-0.68356290892479477,-0.74865158753950156,-0.087857453223690499,-0.72575204364756896,-0.07447429330869039,0.18762182022584672,-0.38535592106171096,-0.73969657999999994,0.31678252990922801,0.29507008728389506,-0.10659594284337449,0.6899761024810247,0.34280363362683614,-0.86803217034400371,-0.028649336966821405,0.57667465057919176,0.13415233013359629,0.4791414995047954,0.37676148057711534,0.0040080595979495219,0.79763697459565486,-0.84778773193027024,0.69804446948972643,0.48581354101677443,0.49868009624766407,-0.65384879342840563
0.41774985114565027,0.24720853781192451,0.051600283695271955,-0.18072161897248365,-0.79059205381028042,0.22411754601495507,-0.12584448930910841,0.48448769052919205,0.74550630743500346,0.38724368208311882,-0.71472504040626805,1.0,0.69812451893942595,0.81408880319981403,0.82521927401984141,0.085424420195684289,0.51695518740700486,-0.056845880099086893,0.17025793035409148,0.53645686939723547,0.90063888000000003,-0.4222491297627875,-0.48349329025969306,-0.25542363033763105,-0.70063289901271231,-0.64681174434429012,0.86708712168889401,0.1488450905684861,-0.53922741783679629,-0.32056851302954009,-0.1395467708214278,-0.13101454777187774,-0.043764483458667132,-0.90962695293851725,0.76513579933982245,-0.71539977067213789,-0.19348146468232183,-0.4177898714044761,0.53736608617556125
0.63914602266193932,0.1340412293291201,-0.1527815313382539,-0.086049319203469171,-0.78410943266261368,0.23728464108672764,0.029921290917116372,0.12088836342771889,0.72262017613554463,0.28475903928819724,-0.83620158041624704,0.69812451893942595,1.0,0.85462885217177686,0.7556717352399368,0.19485043690448678,0.55122074795525622,-0.069008321185499197,0.012294851122674874,0.33340846956248282,0.83606862000000004,-0.13733567327111504,-0.61345976968823468,0.088857633969021091,-0.61770654762022381,-0.23413558363796974,0.82154295722162718,0.25736807371558401,-0.68490312030927403,-0.40296313665083527,-0.37621691853169364,-0.52907004295408622,-0.25972668517474523,-0.85624272179812189,0.88342141133020058,-0.87139093150601155,-0.39596563167167814,-0.69182217816796954,0.65718590785269015
0.65082796844106461,0.46301653801389359,0.0674709184282173,-0.14177713629782387,-0.95179989275926702,0.10768267701448914,-0.022258797970147744,0.16852265815693249,0.72580442920754451,0.61861493835597037,-0.68356290892479477,0.81408880319981403,0.85462885217177686,1.0,0.89586674484382611,0.17603189208443651,0.33677063595248546,-0.23197713146719315,0.41833440977690078,0.58387846702772128,0.9802315399999999,-0.23804226550181795,-0.77782605356390111,-0.2212804512377613,-0.69130838654687654,-0.29739081441596005,0.80149307769187716,0.46169139125786307,-0.81944951888362116,-0.62222099275928966,-0.057951761973680987,-0.17389775274580374,-0.2801427830498241,-0.96085572257646468,0.75058900762498881,-0.88439646507374137,-0.063595416396152543,-0.66267304667277183,0.39441012490876159
0.51304836091970363,0.41318461976544557,0.061091742152098623,-0.12606282138724489,-0.86068647897964046,-0.026147789438650593,-0.15986935649034645,0.51001748624556953,0.62556801579367805,0.5718871903566024,-0.74865158753950156,0.82521927401984141,0.7556717352399368,0.89586674484382611,1.0,0.3119853972769171,0.33012054866159563,0.092985918840761184,0.18616343919008266,0.61590759450367749,0.92762666000000005,-0.17239547376810199,-0.62367407984007472,-0.32851969154993943,-0.68083843637519237,-0.3724463043608095,0.7382733220531964,0.44061110573127604,-0.7075860783884409,-0.61586094055288632,-0.032201705362412729,-0.014518217549486942,-0.30490462798365187,-0.90496402764421446,0.68639178269233636,-0.75475822677042714,-0.26756256980361054,-0.68941211267639679,0.3283657950380518
-0.036622589122006471,0.45370507881939459,-0.29475244840726222,0.38779702177554337,-0.040429435473153183,-0.1563478707535586,0.2137891004389979,0.33157796030624853,-0.041595310408116537,0.42119763442151054,-0.087857453223690499,0.085424420195684289,0.19485043690448678,0.17603189208443651,0.3119853972769171,1.0,-0.27413025822447945,0.69436188213876404,-0.080297923628736931,0.055474131328412314,0.19507775999999999,0.45853655675229482,-0.42535629460769697,-0.28443043190821604,0.23148346312546328,-0.38430353169073839,-0.13662029557051436,0.49012740332558341,0.17316593542742026,-0.57141361430545712,0.38606388218492593,-0.27246150502295108,-0.45010510204974208,-0.13448718347750127,0.13640158186855153,-0.16799451178796518,-0.25822049444838457,-0.56511471994777029,0.091213211632242094
-0.0061268687412161515,-0.65333937939862541,-0.17168123607460972,-0.4370782401696599,-0.24442633742571934,0.45109728561567164,-0.340176871126462,0.35935428710468897,0.7346763530372451,-0.51319030018519651,-0.72575204364756896,0.51695518740700486,0.55122074795525622,0.33677063595248546,0.33012054866159563,-0.27413025822447945,1.0,-0.18336353224918989,-0.41138101981054381,0.049502607743737992,0.41618029999999995,-0.69473550152814978,0.16189621010941013,0.59200945859670351,-0.58348177286346348,-0.12114876912684569,0.77901493757328288,-0.49156300788625851,-0.29803888470595641,0.45169625275039604,-0.88974126045532953,-0.4727882364529043,0.39692323016337949,-0.53335134590765687,0.79980880847185698,-0.44867608379880464,-0.55921415190015744,-0.090866670113207926,0.68874817776642772
-0.20071567215690081,0.063668880143916293,-0.29241260740453495,0.31037306223676275,0.29871820176975244,-0.22179779698128399,0.1395393171592888,0.51218840482142325,-0.25601330352458135,0.010879362645841892,-0.07447429330869039,-0.056845880099086893,-0.069008321185499197,-0.23197713146719315,0.092985918840761184,0.69436188213876404,-0.18336353224918989,1.0,-0.50132211994518938,-0.046324706032909016,-0.15363320000000003,0.54369086763688079,0.085447407004923301,-0.14605497394721764,0.36189544647434935,-0.32859183381449564,-0.25265082459737165,0.15046500691967532,0.45304724312734224,-0.18997142549607043,0.21328095648053982,-0.16446944794629229,-0.27636054308344615,0.18375506545879222,-0.066813653826952202,0.19343079112648387,-0.52556034361739956,-0.29948274872647318,0.086170707269643237
0.27166921004304428,0.68370655578540762,0.55659879290767877,-0.21972609713531785,-0.4517837956570232,-0.29746602545582779,-0.022383531426352563,-0.46205777402138398,0.184684950187398,0.69960914864474633,0.18762182022584672,0.17025793035409148,0.012294851122674874,0.41833440977690078,0.18616343919008266,-0.080297923628736931,-0.41138101981054381,-0.50132211994518938,1.0,0.59276174401326154,0.34635649999999996,0.016464279164889309,-0.4852054426989596,-0.48467827663948376,-0.11738903926976439,-0.072971134703915669,0.081782422955217093,0.39286936322095445,-0.48593848766903691,-0.55000908418622974,0.59395092183262022,0.32730712111025551,0.024164196826898316,-0.25823007907841883,-0.1575069501838823,-0.13997340119206633,0.71420933017224009,-0.15338568762939797,-0.18208095735575308
0.15791732675492323,0.39678134211259353,0.72373202690406135,-0.63504151898671068,-0.55312750919467335,-0.58894870356629914,-0.5034462114135797,0.039677276823287838,0.59784597409844498,0.51905235133620242,-0.38535592106171096,0.53645686939723547,0.33340846956248282,0.58387846702772128,0.61590759450367749,0.055474131328412314,0.049502607743737992,-0.046324706032909016,0.59276174401326154,1.0,0.61602960000000007,0.0027721935113993752,-0.23044327654189786,-0.38626192305451779,-0.37250100986930257,-0.30357946753268022,0.46976015568148344,0.077759533301138814,-0.6989281590718307,-0.57133393409889777,0.25733631268276236,0.2353688737892824,0.22800339882859474,-0.5417196056579936,0.19824981147728318,-0.17967289834824168,0.0073203749839875314,-0.59891052022756819,0.31666787162907095
0.5655694,0.40659664000000006,0.080192920000000001,-0.18106818000000002,-0.92864144000000004,0.1198941200000001,-0.094964620000000055,0.30741828000000004,0.77883794000000006,0.56609613999999997,-0.73969657999999994,0.90063888000000003,0.83606862000000004,0.9802315399999999,0.92762666000000005,0.19507775999999999,0.41618029999999995,-0.15363320000000003,0.34635649999999996,0.61602960000000007,1.0,-0.30412380000000006,-0.70093238000000002,-0.24409780000000003,-0.70939898000000001,-0.43690289999999998,0.85424206000000003,0.36946696000000001,-0.76166407999999997,-0.55920758000000004,-0.085809899999999995,-0.16947358000000001,-0.19904677999999998,-0.98812489999999997,0.79072502,-0.853715,-0.13302013999999995,-0.63695464000000002,0.47033773999999995
0.18782093675576106,0.4218483766558202,0.070672950669541421,0.37250508290519219,0.21064657140029511,-0.51646022018815207,0.38431687050901797,-0.31672378493681302,-0.47689523899335257,0.33024511337300527,0.31678252990922801,-0.4222491297627875,-0.13733567327111504,-0.23804226550181795,-0.17239547376810199,0.45853655675229482,-0.69473550152814978,0.54369086763688079,0.016464279164889309,0.0027721935113993752,-0.30412380000000006,1.0,-0.11035761061098831,-0.28267917087162781,0.64425289505428407,0.066332931162383438,-0.55594238696989462,0.33963348472260568,0.20440071758286432,-0.4874780765318707,0.55118085497563563,-0.031733097879097588,-0.48713191785932336,0.4055366758964648,-0.46714485292919333,0.30481025592205341,-0.075906307308457863,-0.32543215496225009,-0.16497438568370323
-0.72006178372946883,-0.77301829813520251,0.24372787037988627,-0.40915674428972376,0.76649986135421566,-0.232131159202971,-0.46834335640707303,0.011330132358386091,-0.22593437060011257,-0.81561323500538208,0.29507008728389506,-0.48349329025969306,-0.61345976968823468,-0.77782605356390111,-0.62367407984007472,-0.42535629460769697,0.16189621010941013,0.085447407004923301,-0.4852054426989596,-0.23044327654189786,-0.70093238000000002,-0.11035761061098831,1.0,0.42263311587996788,0.31183647544634779,0.2671330787750742,-0.36203245231305287,-0.85650131636968518,0.44999555998485735,0.75581937492534923,-0.34501845883346721,0.18517310793385666,0.65317863017753897,0.65216856674915447,-0.43349584688501963,0.79508925205167391,-0.26298447093173144,0.48974160248737619,-0.024128313561104068
-0.23708390619173972,-0.8051497702085908,-0.31602841993859748,-0.27129745992054527,0.35878910014679377,0.3176868102311462,-0.019100846280977829,-0.13211979817614664,0.21304179311539598,-0.7732681361863093,-0.10659594284337449,-0.25542363033763105,0.088857633969021091,-0.2212804512377613,-0.32851969154993943,-0.28443043190821604,0.59200945859670351,-0.14605497394721764,-0.48467827663948376,-0.38626192305451779,-0.24409780000000003,-0.28267917087162781,0.42263311587996788,1.0,0.030137239310253722,0.47874497049620024,0.10306043625779839,-0.5271159286481889,0.086959962989331369,0.61972803663083487,-0.80985542388923415,-0.55876371290376803,0.29805997667790562,0.13941909174066203,0.28449575023447166,-0.0080369806226940621,-0.4921588290825491,0.11167176286871211,0.303721005878962
-0.29480583797030963,0.019925376337207375,-0.082408349561638075,0.36777841173476711,0.72328084958678396,-0.22897889565794782,0.415081578990942,-0.294233942768514,-0.57959816867251013,-0.14193219105531704,0.6899761024810247,-0.70063289901271231,-0.61770654762022381,-0.69130838654687654,-0.68083843637519237,0.23148346312546328,-0.58348177286346348,0.36189544647434935,-0.11738903926976439,-0.37250100986930257,-0.70939898000000001,0.64425289505428407,0.31183647544634779,0.030137239310253722,1.0,0.083449650718147556,-0.79136788003161684,-0.097202246060502859,0.70871277744851968,0.098363533651551302,0.36573335125285183,-0.10843744233104662,-0.12429487438976347,0.75494153202470737,-0.63418442970366218,0.63720817477788783,0.072560074917313117,0.22701868680989584,-0.24392915398555096
-0.064695056433105483,-0.31212657654031312,0.0037172993704930671,-0.13262744089304368,0.30246401775138088,-0.16662795007782571,-0.054300611699714972,-0.41671305823387,-0.33293439015865817,-0.3121297206728062,0.34280363362683614,-0.64681174434429012,-0.23413558363796974,-0.29739081441596005,-0.3724463043608095,-0.38430353169073839,-0.12114876912684569,-0.32859183381449564,-0.072971134703915669,-0.30357946753268022,-0.43690289999999998,0.066332931162383438,0.2671330787750742,0.47874497049620024,0.083449650718147556,1.0,-0.38264034257168356,-0.060976771139191893,-0.109892166170606,0.19586142661974376,-0.26476012589485831,0.18856276773571815,-0.015206621579629133,0.42332230029218626,-0.34042413493430851,0.23623746384928765,0.022156910042314466,0.13153490984790678,-0.46662396586989996
0.42741183865755084,-0.069250377749687578,0.032588348140786524,-0.38018476684871011,-0.76008948959384826,0.32896588540246896,-0.23079922646537732,0.28974669880495535,0.88799003947872124,0.10254959616292163,-0.86803217034400371,0.86708712168889401,0.82154295722162718,0.80149307769187716,0.7382733220531964,-0.13662029557051436,0.77901493757328288,-0.25265082459737165,0.081782422955217093,0.46976015568148344,0.85424206000000003,-0.55594238696989462,-0.36203245231305287,0.10306043625779839,-0.79136788003161684,-0.38264034257168356,1.0,-0.032683410445153473,-0.67088146006316618,-0.093511507211625322,-0.48426614222718278,-0.34243306846731331,0.14607298548657313,-0.90887178218511433,0.89472385623326611,-0.76826713574629157,-0.28046895920176096,-0.38452418623779877,0.69150163598195069
0.56016433141407496,0.81634520216008066,-0.30145513262795331,0.58636036377694267,-0.49991263455662693,0.07922118543781298,0.51728499986067489,0.050194832118129196,-0.21645958156367279,0.80046338485090152,-0.028649336966821405,0.1488450905684861,0.25736807371558401,0.46169139125786307,0.44061110573127604,0.49012740332558341,-0.49156300788625851,0.15046500691967532,0.39286936322095445,0.077759533301138814,0.36946696000000001,0.33963348472260568,-0.85650131636968518,-0.5271159286481889,-0.097202246060502859,-0.060976771139191893,-0.032683410445153473,1.0,-0.20536542868509824,-0.74628015975757922,0.56982256517750307,0.095457738573135456,-0.77738011405107144,-0.30311495842600478,0.048281991721201158,-0.5039966662220644,0.34465959331127594,-0.3266705596721477,-0.39504403542829708
-0.52654696458208783,-0.261515208295511,-0.45393115510956855,0.50464076662918589,0.82118379396810082,0.2289462511835707,0.36330382640074438,0.12525858562268216,-0.6597723197836306,-0.43684685729833606,0.57667465057919176,-0.53922741783679629,-0.68490312030927403,-0.81944951888362116,-0.7075860783884409,0.17316593542742026,-0.29803888470595641,0.45304724312734224,-0.48593848766903691,-0.6989281590718307,-0.76166407999999997,0.20440071758286432,0.44999555998485735,0.086959962989331369,0.70871277744851968,-0.109892166170606,-0.67088146006316618,-0.20536542868509824,1.0,0.49690728284540575,0.14239481899007833,-0.089095516723381465,0.020909732839165772,0.73583797215379498,-0.48102012532005251,0.58600610204506887,0.030193397190914635,0.59497119493989059,-0.26854093945262897
-0.50439918623873004,-0.88218338260491924,-0.21599732109120046,-0.14290436108825746,0.5952760763348709,0.44410742443408119,-0.14792363542872503,0.026810385263676864,-0.12818869544032341,-0.92568734596612545,0.13415233013359629,-0.32056851302954009,-0.40296313665083527,-0.62222099275928966,-0.61586094055288632,-0.57141361430545712,0.45169625275039604,-0.18997142549607043,-0.55000908418622974,-0.57133393409889777,-0.55920758000000004,-0.4874780765318707,0.75581937492534923,0.61972803663083487,0.098363533651551302,0.19586142661974376,-0.093511507211625322,-0.74628015975757922,0.49690728284540575,1.0,-0.60983788039710618,-0.12833220814287274,0.56527252625584767,0.43729457329467819,-0.088517441974453187,0.3869679259813924,-0.11412932786022829,0.75660204354315685,0.049051430399226922
0.064727491462308259,0.83106871427777407,0.28197376756800813,0.33462077921862882,-0.03330011251741527,-0.42962054742855377,0.22868900224255437,-0.17788622235971099,-0.46178777094995033,0.72628582666034902,0.4791414995047954,-0.1395467708214278,-0.37621691853169364,-0.057951761973680987,-0.032201705362412729,0.38606388218492593,-0.88974126045532953,0.21328095648053982,0.59395092183262022,0.25733631268276236,-0.085809899999999995,0.55118085497563563,-0.34501845883346721,-0.80985542388923415,0.36573335125285183,-0.26476012589485831,-0.48426614222718278,0.56982256517750307,0.14239481899007833,-0.60983788039710618,1.0,0.47249606034647096,-0.32604034269172244,0.20999048761920833,-0.58449477827075647,0.25279572090205438,0.60586319788444243,-0.038714354952755548,-0.49731791430815692
-0.20150437629249487,0.28344599811091237,0.51279884978409918,-0.12802248723526549,0.0088499474106778706,-0.4676504067768118,-0.38807684588039265,0.083783474058669705,-0.40706144126079519,0.26946968868206261,0.37676148057711534,-0.13101454777187774,-0.52907004295408622,-0.17389775274580374,-0.014518217549486942,-0.27246150502295108,-0.4727882364529043,-0.16446944794629229,0.32730712111025551,0.2353688737892824,-0.16947358000000001,-0.031733097879097588,0.18517310793385666,-0.55876371290376803,-0.10843744233104662,0.18856276773571815,-0.34243306846731331,0.095457738573135456,-0.089095516723381465,-0.12833220814287274,0.47249606034647096,1.0,0.068105082759281677,0.23106899181523816,-0.60913120618125349,0.41147206699266614,0.45783969398012364,0.27480909092442407,-0.71044877823104235
-0.64408465709279217,-0.58411322451745951,0.46741350564283551,-0.7793655038446734,0.32901297894779213,-0.15129663319657677,-0.70123946346099042,-0.10457000101337074,0.32307834412255093,-0.55519659378604203,0.0040080595979495219,-0.043764483458667132,-0.25972668517474523,-0.2801427830498241,-0.30490462798365187,-0.45010510204974208,0.39692323016337949,-0.27636054308344615,0.024164196826898316,0.22800339882859474,-0.19904677999999998,-0.48713191785932336,0.65317863017753897,0.29805997667790562,-0.12429487438976347,-0.015206621579629133,0.14607298548657313,-0.77738011405107144,0.020909732839165772,0.56527252625584767,-0.32604034269172244,0.068105082759281677,1.0,0.15017826681164487,-0.059382006740505242,0.42581638284604484,0.013662017145576981,0.28743296835250676,0.31361619670356911
-0.53789558555465455,-0.28611837746572044,-0.0012956634788772548,0.18799980227013716,0.90809869084934558,-0.23478649856948774,0.10522934414080744,-0.34356864907265022,-0.8080159506087482,-0.45062420829116545,0.79763697459565486,-0.90962695293851725,-0.85624272179812189,-0.96085572257646468,-0.90496402764421446,-0.13448718347750127,-0.53335134590765687,0.18375506545879222,-0.25823007907841883,-0.5417196056579936,-0.98812489999999997,0.4055366758964648,0.65216856674915447,0.13941909174066203,0.75494153202470737,0.42332230029218626,-0.90887178218511433,-0.30311495842600478,0.73583797215379498,0.43729457329467819,0.20999048761920833,0.23106899181523816,0.15017826681164487,1.0,-0.85933429995162658,0.88599802987658249,0.17286775365631282,0.56804167864184918,-0.50899226842485545
0.38452034645873734,-0.12535595069182884,-0.32257139537050461,-0.13309941701721278,-0.6300590737164905,0.48452859548679478,-0.017337937288569305,0.3776672442351518,0.81054110468470286,0.022795686915607058,-0.84778773193027024,0.76513579933982245,0.88342141133020058,0.75058900762498881,0.68639178269233636,0.13640158186855153,0.79980880847185698,-0.066813653826952202,-0.1575069501838823,0.19824981147728318,0.79072502,-0.46714485292919333,-0.43349584688501963,0.28449575023447166,-0.63418442970366218,-0.34042413493430851,0.89472385623326611,0.048281991721201158,-0.48102012532005251,-0.088517441974453187,-0.58449477827075647,-0.60913120618125349,-0.059382006740505242,-0.85933429995162658,1.0,-0.85210282772118884,-0.47003174953278765,-0.47318843038761899,0.71410032079493269
-0.68509210656979769,-0.28452474901011832,0.3707395905677271,-0.15990629597674111,0.84094117254402301,-0.51118715959321503,-0.26147298758696441,-0.21993051412668707,-0.58034690386377386,-0.40728725928620968,0.69804446948972643,-0.71539977067213789,-0.87139093150601155,-0.88439646507374137,-0.75475822677042714,-0.16799451178796518,-0.44867608379880464,0.19343079112648387,-0.13997340119206633,-0.17967289834824168,-0.853715,0.30481025592205341,0.79508925205167391,-0.0080369806226940621,0.63720817477788783,0.23623746384928765,-0.76826713574629157,-0.5039966662220644,0.58600610204506887,0.3869679259813924,0.25279572090205438,0.41147206699266614,0.42581638284604484,0.88599802987658249,-0.85210282772118884,1.0,0.11599518339935404,0.457920229487907,-0.35583097395094382
0.069810897187427876,0.4839004598131828,0.19874462758967748,0.18878303015903722,-0.078249513261168913,0.066721988862929793,0.1580670235200729,-0.45955219019603266,-0.35222931232419197,0.39718835623516507,0.48581354101677443,-0.19348146468232183,-0.39596563167167814,-0.063595416396152543,-0.26756256980361054,-0.25822049444838457,-0.55921415190015744,-0.52556034361739956,0.71420933017224009,0.0073203749839875314,-0.13302013999999995,-0.075906307308457863,-0.26298447093173144,-0.4921588290825491,0.072560074917313117,0.022156910042314466,-0.28046895920176096,0.34465959331127594,0.030193397190914635,-0.11412932786022829,0.60586319788444243,0.45783969398012364,0.013662017145576981,0.17286775365631282,-0.47003174953278765,0.11599518339935404,1.0,0.4643959757188445,-0.56107157589079859
-0.34506468780287314,-0.37764062622663153,-0.15624641533698225,0.20927587552920984,0.50929096104528815,0.42887263067249504,0.12349648945322833,-0.10887418931707282,-0.5222125973534586,-0.49458285646312705,0.49868009624766407,-0.4177898714044761,-0.69182217816796954,-0.66267304667277183,-0.68941211267639679,-0.56511471994777029,-0.090866670113207926,-0.29948274872647318,-0.15338568762939797,-0.59891052022756819,-0.63695464000000002,-0.32543215496225009,0.48974160248737619,0.11167176286871211,0.22701868680989584,0.13153490984790678,-0.38452418623779877,-0.3266705596721477,0.59497119493989059,0.75660204354315685,-0.038714354952755548,0.27480909092442407,0.28743296835250676,0.56804167864184918,-0.47318843038761899,0.457920229487907,0.4643959757188445,1.0,-0.45376846364622847
0.14164223205906493,-0.29078752219371817,0.054468422971359551,-0.39486929625768596,-0.2618376558857638,0.11479380088691887,-0.1758126181430601,0.079379440047453204,0.79745700936149311,-0.18876341872230123,-0.65384879342840563,0.53736608617556125,0.65718590785269015,0.39441012490876159,0.3283657950380518,0.091213211632242094,0.68874817776642772,0.086170707269643237,-0.18208095735575308,0.31666787162907095,0.47033773999999995,-0.16497438568370323,-0.024128313561104068,0.303721005878962,-0.24392915398555096,-0.46662396586989996,0.69150163598195069,-0.39504403542829708,-0.26854093945262897,0.049051430399226922,-0.49731791430815692,-0.71044877823104235,0.31361619670356911,-0.50899226842485545,0.71410032079493269,-0.35583097395094382,-0.56107157589079859,-0.45376846364622847,1.0
