1.000000000000000000e+00,4.214670749623705692e-01,-2.932034597009396393e-01,-7.642255756193418181e-02,6.794780038776840891e-01,-8.863276497592124936e-02,7.071251162377231170e-01,7.362155106538379457e-01,4.920900284868678365e-01,6.912352562632351205e-01,1.989952863175591113e-01,9.626169386847795509e-03,1.437968301495903545e-01,-3.531426080403786694e-01,-2.990481109105765922e-01,5.979804738970794231e-01,1.438828571818978521e-04,-5.266067199999999726e-01,-3.053597578813551650e-01,3.470577684471465307e-01,5.650771941901777673e-01,4.045573100626318475e-01,-6.203319194225311861e-01,-5.036898868278716357e-01,-3.455856096882851114e-01,-7.629517527239678687e-01,7.997775219389693380e-01,-2.347257988118053862e-01,-2.741818223035151214e-01,6.512819896930935881e-01,5.173952364211670263e-01,-8.798504525067645243e-01,6.942155825320425189e-01,-2.650979202270005719e-01,-7.719338564873666486e-02,1.462214857076399033e-01,-3.253276670530643178e-01,-7.153578090176498927e-01,2.497169949437810510e-01
4.214670749623705692e-01,1.000000000000000000e+00,2.259133028288812239e-01,-2.337995364299035039e-01,5.834877510843206050e-01,3.826205928362132469e-01,-4.475949766272524499e-02,5.740667137594446245e-01,-1.769582694537478740e-01,4.779823109871650377e-01,5.760943109541994955e-01,1.431644619202678270e-01,5.646405234552631658e-01,7.310506441890717022e-02,-1.755978743305960099e-01,-4.172534201677597504e-02,4.928061873521574765e-01,1.538806399999999019e-01,4.437092955348395651e-01,-1.061260771849723977e-01,-1.775936978062316873e-01,3.584514210046508831e-01,-1.642501993388104098e-01,-4.260246440178279692e-01,-5.940180349941984739e-01,1.841557166075381002e-01,-1.071227696203952556e-01,-5.553551079177575511e-01,-3.242870312657917808e-01,7.047169716547528884e-01,-2.017965001099379929e-01,-3.764773068529193578e-01,3.322992723088641909e-01,4.427145890883569801e-01,5.470999327442155336e-01,1.083215806444689788e-01,-2.762492727652028357e-01,-6.942853288275400991e-02,-1.877212392358948087e-02
-2.932034597009396393e-01,2.259133028288812239e-01,1.000000000000000000e+00,6.099490781177165089e-02,2.505446229004462122e-01,2.860204320490798979e-01,-6.461744060958792835e-01,1.977974566279837310e-01,9.355880094117299817e-02,4.252826530404768546e-01,1.753871525970001621e-01,9.743888410335294070e-02,6.492195052658359389e-01,2.908235493084031509e-01,-6.952197021820260003e-01,8.190667215224825548e-02,7.659269871286041864e-01,1.411366999999998928e-01,3.542431299708114767e-01,1.773580624297111386e-01,-1.931203111856685251e-01,3.016355086328215487e-02,-3.217778678973925999e-01,-2.977920560130489780e-02,-5.730046027919931673e-01,4.103841028253366607e-01,-2.060399954193291305e-01,-1.667022574699885962e-01,-7.643275739224806298e-01,-7.065525578958224695e-02,-7.304551815355145306e-02,1.298112751426018551e-03,-5.558918012125421138e-01,2.502021382099166025e-01,5.007383024973371954e-01,-3.933660249010586391e-02,7.021375422007954947e-01,4.834666162672954237e-02,-6.476099728285089618e-01
-7.642255756193418181e-02,-2.337995364299035039e-01,6.099490781177165089e-02,1.000000000000000000e+00,1.755511735837194942e-01,7.225135072512435253e-01,-4.329977255834461802e-01,-4.235883587260999006e-01,-3.395419450058360100e-01,5.803027622179295075e-02,2.399266495391820242e-01,8.654584213643606860e-01,3.856691872285766126e-02,4.120169200693041822e-01,-2.028327802602990226e-01,1.336360571294423760e-01,-5.085025750929734745e-01,5.880975399999999187e-01,1.350165032278946298e-01,-1.971095364386769508e-02,-5.290340501772657911e-01,-7.215561978956959166e-01,-5.922157448608731528e-02,5.357820817437715100e-01,-3.661697035761962704e-01,6.679982097895886817e-02,1.000625536177556472e-02,-1.507662473826862637e-01,-2.072309976622243588e-01,-5.209371457242343295e-01,-5.080443445155383708e-01,-1.108833722208116442e-02,2.054686463325073320e-01,5.016231710033024482e-01,5.240988803055189882e-01,-8.235812834910148927e-01,3.564239221828801596e-01,4.782626742524429542e-01,-4.878426159328909106e-01
6.794780038776840891e-01,5.834877510843206050e-01,2.505446229004462122e-01,1.755511735837194942e-01,1.000000000000000000e+00,2.838285779326071845e-01,1.934852690210427384e-01,6.101646982258985830e-01,2.843596942507754521e-01,7.275438442821814400e-01,3.784873270156577929e-01,2.684468958495523361e-01,5.014935617631317566e-01,-1.920528727216658516e-01,-5.590703233011505846e-01,4.298708006597924403e-01,2.559856213468451047e-01,-1.771496799999999761e-01,8.099838653550213430e-02,3.984819138486538348e-01,1.904241553789770558e-01,2.373005353585509458e-01,-5.930033116388371273e-01,-4.322623011996433728e-01,-6.597545105114146491e-01,-3.616752822118557420e-01,4.810766549710704387e-01,-4.651729485550837317e-01,-6.033739797220067924e-01,3.611012181056926229e-01,1.967866982657441866e-01,-7.653519915348623304e-01,3.440707571383542218e-01,7.565333668506418752e-02,3.317736821441988337e-01,-2.081080126608268466e-01,-1.273213433688068219e-02,-4.143507909662543787e-01,-9.680098383542039275e-02
-8.863276497592124936e-02,3.826205928362132469e-01,2.860204320490798979e-01,7.225135072512435253e-01,2.838285779326071845e-01,1.000000000000000000e+00,-6.394498191319279989e-01,-1.278763591291776081e-01,-5.612600469007550386e-01,2.021040261917257941e-01,6.638453553009798780e-01,9.366280604354624284e-01,4.968126636369058491e-01,5.894120784682609360e-01,-2.589482134003024405e-01,-2.307808459674548507e-02,-6.846440779034360102e-02,8.211532800000000965e-01,4.447382847344328871e-01,-3.783030988394002203e-01,-7.955702200018933690e-01,-4.185953049714360441e-01,-3.224211642261602673e-02,4.542734455415205486e-01,-7.077226597012177267e-01,4.126797702095419407e-01,-3.091914259446441049e-01,-5.785770590373271460e-01,-3.555584114470112800e-01,-6.219237624289840338e-02,-7.801937003752770217e-01,-3.842766393504271766e-02,3.038979321055386706e-01,8.374744183339968284e-01,9.463096406594752041e-01,-6.217935960579737964e-01,1.765790786551354186e-01,5.967066672717419307e-01,-5.555916002282599298e-01
7.071251162377231170e-01,-4.475949766272524499e-02,-6.461744060958792835e-01,-4.329977255834461802e-01,1.934852690210427384e-01,-6.394498191319279989e-01,1.000000000000000000e+00,4.729207791993936816e-01,6.039049836902429247e-01,1.393743674245699615e-01,-2.319084910361161045e-01,-4.630423121352835181e-01,-2.767437892912912867e-01,-6.172836100731409203e-01,1.318243327720085012e-01,3.988930070139423134e-01,-2.290976646592194632e-01,-7.986077000000000314e-01,-6.354741480611685311e-01,3.014253358082523149e-01,8.181973940980151738e-01,5.545888994808521044e-01,-2.710050287622490783e-01,-4.546768160474027320e-01,3.205748548350282334e-01,-8.554692163814668904e-01,7.297806565676127066e-01,4.699059094666796499e-02,2.574245104030342124e-01,4.147244166560025147e-01,7.481306715634694626e-01,-5.580376670339957101e-01,4.625683360425801860e-01,-7.502839539400576463e-01,-6.936563333419958344e-01,3.685066043175568851e-01,-6.020853060013241498e-01,-7.777104346898140452e-01,6.907711491777672741e-01
7.362155106538379457e-01,5.740667137594446245e-01,1.977974566279837310e-01,-4.235883587260999006e-01,6.101646982258985830e-01,-1.278763591291776081e-01,4.729207791993936816e-01,1.000000000000000000e+00,6.651614985371187005e-01,8.166960236647669014e-01,3.666958876192041861e-01,-1.642692144778524488e-01,6.195878358936391939e-01,-2.411871567332452559e-01,-6.138130306241427192e-01,6.424799811329133803e-01,6.057617905261676317e-01,-5.920880399999999266e-01,-2.572273587029142994e-01,2.164011465734761719e-01,5.826977139942561834e-01,8.078561451373825752e-01,-7.808469888867459741e-01,-5.170676595358476568e-01,-5.489704322600506003e-01,-5.392954640255213095e-01,6.266553435618775758e-01,-4.629426060610746241e-01,-5.976302745714900944e-01,8.373641097236208530e-01,5.898909711212019236e-01,-8.477620595296855299e-01,3.664198141682207810e-01,-3.479240748560835650e-01,6.477369372870307729e-02,4.867591929125117400e-01,-1.564479460221671059e-01,-7.980622063826032786e-01,1.074778838054766400e-01
4.920900284868678365e-01,-1.769582694537478740e-01,9.355880094117299817e-02,-3.395419450058360100e-01,2.843596942507754521e-01,-5.612600469007550386e-01,6.039049836902429247e-01,6.651614985371187005e-01,1.000000000000000000e+00,5.567307826897259782e-01,-1.634169263499358482e-01,-4.143673274020866493e-01,2.023795203614350002e-01,-4.447947403880971318e-01,-5.727230116266417426e-01,8.039785229703224623e-01,3.412303576825040929e-01,-8.919439399999999907e-01,-6.913343146366468517e-01,4.665901967405589601e-01,9.060297204101001034e-01,6.321756928733696101e-01,-7.284447031373652015e-01,-3.644989653098602012e-01,-9.435628402200263443e-02,-7.894600770366967391e-01,8.254786693151626720e-01,1.793934645161671809e-02,-4.205731883968600870e-01,3.443021053076403271e-01,9.298838486810296899e-01,-6.696272047411800932e-01,-2.732709688218588288e-04,-8.246111139404461721e-01,-4.585324655236602265e-01,4.961480621597684215e-01,2.551664146372849967e-02,-9.178204260645924650e-01,2.576854064671031397e-01
6.912352562632351205e-01,4.779823109871650377e-01,4.252826530404768546e-01,5.803027622179295075e-02,7.275438442821814400e-01,2.021040261917257941e-01,1.393743674245699615e-01,8.166960236647669014e-01,5.567307826897259782e-01,1.000000000000000000e+00,4.125717456764206870e-01,1.964173217063842625e-01,6.268852980826596921e-01,-7.853308477590714709e-02,-8.459993974778151626e-01,7.489518177316516478e-01,5.354204510063138578e-01,-3.360480399999999923e-01,-1.282972454966869458e-01,2.800056972765348484e-01,3.573935112618679133e-01,3.522812699565907035e-01,-8.645344720708227904e-01,-2.983351660318617760e-01,-7.995808138807435350e-01,-4.373195982261723902e-01,6.280870621322377501e-01,-3.387020472032411522e-01,-8.343662050461387869e-01,6.023212499479740911e-01,3.945145147486845971e-01,-8.303162715806011729e-01,3.189305025457263021e-01,-3.464935168859898523e-02,3.616823088698153943e-01,1.774517652982834925e-01,2.200458973856458944e-01,-5.948246055648225283e-01,-2.605065463272950299e-01
1.989952863175591113e-01,5.760943109541994955e-01,1.753871525970001621e-01,2.399266495391820242e-01,3.784873270156577929e-01,6.638453553009798780e-01,-2.319084910361161045e-01,3.666958876192041861e-01,-1.634169263499358482e-01,4.125717456764206870e-01,1.000000000000000000e+00,5.936744554401127694e-01,6.720833581111967936e-01,3.355624056789251464e-01,-3.503335791574512803e-01,2.311404490520269916e-01,2.160354449446214575e-01,3.734132800000000696e-01,2.726885162029449305e-01,-3.332967458264127214e-01,-3.510855182709265998e-01,1.810600988028349956e-01,-3.506910443322682758e-01,1.606383745910086591e-01,-7.123964341918888055e-01,9.640251766404978051e-02,-1.129948884340025404e-02,-7.232386167937381316e-01,-4.194040779876422320e-01,4.599317220851734667e-01,-3.613708291366549141e-01,-3.643715530716344353e-01,4.684704954186050263e-01,4.321164796008877262e-01,7.108284177044884578e-01,-9.105276088622409059e-02,-8.995647915223259350e-02,1.299680064010199643e-01,-1.425923143628590739e-01
9.626169386847795509e-03,1.431644619202678270e-01,9.743888410335294070e-02,8.654584213643606860e-01,2.684468958495523361e-01,9.366280604354624284e-01,-4.630423121352835181e-01,-1.642692144778524488e-01,-4.143673274020866493e-01,1.964173217063842625e-01,5.936744554401127694e-01,1.000000000000000000e+00,3.748663252939924417e-01,5.096265029715092432e-01,-2.768206467215670874e-01,1.674065351954828196e-01,-3.028282071353440852e-01,7.063239599999999729e-01,1.932701090011585410e-01,-3.274803047445179471e-01,-6.554015046387167143e-01,-4.608167982349216651e-01,-1.258925287554480410e-01,5.643857490611654537e-01,-6.320898634841303210e-01,1.514598463477443424e-01,-7.563350626116695230e-02,-5.356098236531042778e-01,-3.036248606823463425e-01,-1.555922043796049148e-01,-6.493084395400727793e-01,-1.490931767839203115e-01,4.347849826503967785e-01,6.596600893124204834e-01,8.019477551065243848e-01,-6.890945796336548357e-01,1.386938604251417573e-01,4.926830735380678949e-01,-4.792198544633365365e-01
1.437968301495903545e-01,5.646405234552631658e-01,6.492195052658359389e-01,3.856691872285766126e-02,5.014935617631317566e-01,4.968126636369058491e-01,-2.767437892912912867e-01,6.195878358936391939e-01,2.023795203614350002e-01,6.268852980826596921e-01,6.720833581111967936e-01,3.748663252939924417e-01,1.000000000000000000e+00,3.501686143154684738e-01,-7.495199496078547297e-01,4.153184485259565073e-01,6.586740996064436304e-01,9.848004000000010194e-02,1.425091028332906296e-01,-6.617171808988543680e-02,-1.233227023967500002e-01,4.799554162303588112e-01,-5.923646553962571559e-01,-6.889120806358531302e-02,-8.622866040003374088e-01,5.253576138919804905e-02,8.495640569405676912e-02,-8.162137318729996149e-01,-8.129580099592218501e-01,4.250927907940872941e-01,-6.228399831937889153e-02,-4.998524716013083569e-01,9.700928521451414321e-02,1.771993856582577409e-01,6.707480862748983474e-01,7.837847807371877903e-03,1.749008761656808686e-01,-1.529632315689099242e-01,-3.558153907963135243e-01
-3.531426080403786694e-01,7.310506441890717022e-02,2.908235493084031509e-01,4.120169200693041822e-01,-1.920528727216658516e-01,5.894120784682609360e-01,-6.172836100731409203e-01,-2.411871567332452559e-01,-4.447947403880971318e-01,-7.853308477590714709e-02,3.355624056789251464e-01,5.096265029715092432e-01,3.501686143154684738e-01,1.000000000000000000e+00,-7.391688440493815460e-02,-1.327817690778917981e-01,-2.865857285298922807e-03,6.218547800000000514e-01,5.650388007901794296e-01,-9.641239538119934782e-02,-6.262286681718896020e-01,-2.495721411962414371e-01,1.474205039438335196e-02,2.418003641791419134e-01,-3.435693886069817182e-01,4.752985176683840463e-01,-3.979466689342644470e-01,-3.374835321093363483e-01,-2.521192150487291950e-01,-1.792635398377404043e-01,-5.890129448746372898e-01,2.340980209640445842e-01,-5.911024585520142233e-02,4.996869942521468544e-01,5.926100235679988559e-01,-3.419066901512055612e-01,3.707386712051214950e-01,5.491259222585416211e-01,-4.144008333361385299e-01
-2.990481109105765922e-01,-1.755978743305960099e-01,-6.952197021820260003e-01,-2.028327802602990226e-01,-5.590703233011505846e-01,-2.589482134003024405e-01,1.318243327720085012e-01,-6.138130306241427192e-01,-5.727230116266417426e-01,-8.459993974778151626e-01,-3.503335791574512803e-01,-2.768206467215670874e-01,-7.495199496078547297e-01,-7.391688440493815460e-02,1.000000000000000000e+00,-7.346110379817782920e-01,-5.772903002526480476e-01,2.298480599999999097e-01,1.809356700512725347e-01,-2.632831097491877270e-01,-2.325249132738192726e-01,-2.777774033161203859e-01,8.467646835960588314e-01,1.527684238773906883e-02,7.905963118010336244e-01,2.909211915491320966e-01,-4.907800482187036351e-01,3.847847955760763661e-01,9.434502930810987342e-01,-2.363770260586005867e-01,-3.229800447605452041e-01,6.366082126508426642e-01,8.926107060247347224e-04,8.974083193311353790e-02,-4.038037275296836315e-01,-1.972058506383388490e-02,-4.868611952823646560e-01,4.436100383228054334e-01,4.734777592125558043e-01
5.979804738970794231e-01,-4.172534201677597504e-02,8.190667215224825548e-02,1.336360571294423760e-01,4.298708006597924403e-01,-2.307808459674548507e-02,3.988930070139423134e-01,6.424799811329133803e-01,8.039785229703224623e-01,7.489518177316516478e-01,2.311404490520269916e-01,1.674065351954828196e-01,4.153184485259565073e-01,-1.327817690778917981e-01,-7.346110379817782920e-01,1.000000000000000000e+00,1.721071018577953748e-01,-5.171355200000000707e-01,-6.119077952797793429e-01,2.389315241846354521e-01,5.737001475683208840e-01,4.000285180495916082e-01,-8.414369547634826807e-01,-7.088904043926874676e-02,-4.951704075713168618e-01,-7.646146726590286047e-01,8.438012185433123591e-01,-2.865831262718842032e-01,-5.931469524925572223e-01,3.937438061906408659e-01,5.864271749543368273e-01,-8.290969073339345963e-01,3.606480487826673742e-01,-4.418643039342778356e-01,1.551463020255553459e-02,1.961168185535328012e-01,2.609043156489336893e-02,-6.851687545332625362e-01,6.056829020985785017e-02
1.438828571818978521e-04,4.928061873521574765e-01,7.659269871286041864e-01,-5.085025750929734745e-01,2.559856213468451047e-01,-6.846440779034360102e-02,-2.290976646592194632e-01,6.057617905261676317e-01,3.412303576825040929e-01,5.354204510063138578e-01,2.160354449446214575e-01,-3.028282071353440852e-01,6.586740996064436304e-01,-2.865857285298922807e-03,-5.772903002526480476e-01,1.721071018577953748e-01,1.000000000000000000e+00,-2.325439000000000256e-01,1.872917596873371893e-01,6.242267016620320352e-02,1.759031573692899642e-01,5.352352964723727791e-01,-4.036174230343991254e-01,-3.660855041859658598e-01,-4.651792248318665779e-01,2.011599635065281499e-01,-5.221295447437112464e-02,-1.901637254216533290e-01,-6.420000984155743717e-01,4.927023152027016906e-01,2.466939298121380020e-01,-2.024344081849864807e-01,-3.617977930071956116e-01,-2.638733894438457378e-02,2.489282523581234918e-01,5.317298662075262694e-01,3.049368459077496651e-01,-3.225206281832157518e-01,-2.471162503553278877e-01
-5.266067199999999726e-01,1.538806399999999019e-01,1.411366999999998928e-01,5.880975399999999187e-01,-1.771496799999999761e-01,8.211532800000000965e-01,-7.986077000000000314e-01,-5.920880399999999266e-01,-8.919439399999999907e-01,-3.360480399999999923e-01,3.734132800000000696e-01,7.063239599999999729e-01,9.848004000000010194e-02,6.218547800000000514e-01,2.298480599999999097e-01,-5.171355200000000707e-01,-2.325439000000000256e-01,1.000000000000000000e+00,6.200247599999999526e-01,-5.232864799999999983e-01,-9.914918200000000237e-01,-6.525353400000000192e-01,4.908389399999999458e-01,5.507012600000000813e-01,-2.313843199999999767e-01,7.712566199999999483e-01,-7.457861800000000763e-01,-2.289219399999999904e-01,9.936374000000003370e-02,-3.557767200000000463e-01,-9.917871799999999904e-01,5.208395200000000003e-01,-1.223920000000044972e-03,9.071371399999998975e-01,7.334703399999999984e-01,-5.894885400000000608e-01,1.517697000000000074e-01,9.449533999999999434e-01,-4.519033000000000078e-01
-3.053597578813551650e-01,4.437092955348395651e-01,3.542431299708114767e-01,1.350165032278946298e-01,8.099838653550213430e-02,4.447382847344328871e-01,-6.354741480611685311e-01,-2.572273587029142994e-01,-6.913343146366468517e-01,-1.282972454966869458e-01,2.726885162029449305e-01,1.932701090011585410e-01,1.425091028332906296e-01,5.650388007901794296e-01,1.809356700512725347e-01,-6.119077952797793429e-01,1.872917596873371893e-01,6.200247599999999526e-01,1.000000000000000000e+00,-1.376673401752825932e-02,-6.638444693296831067e-01,-3.356170556745997069e-01,2.996777482008307070e-01,-1.585094724288917123e-01,-1.972485914817802000e-01,7.442030341816864292e-01,-6.524674616932829574e-01,-6.272531334135150738e-02,-9.194156722698827722e-02,-1.026721541418888772e-01,-6.364144451653287460e-01,3.926941588371770653e-01,-1.953086581041790226e-01,7.048411941985144313e-01,5.146233284296577448e-01,-2.693587820902879071e-01,3.086826402737519182e-01,5.930482794151280546e-01,-3.465856108860308482e-01
3.470577684471465307e-01,-1.061260771849723977e-01,1.773580624297111386e-01,-1.971095364386769508e-02,3.984819138486538348e-01,-3.783030988394002203e-01,3.014253358082523149e-01,2.164011465734761719e-01,4.665901967405589601e-01,2.800056972765348484e-01,-3.332967458264127214e-01,-3.274803047445179471e-01,-6.617171808988543680e-02,-9.641239538119934782e-02,-2.632831097491877270e-01,2.389315241846354521e-01,6.242267016620320352e-02,-5.232864799999999983e-01,-1.376673401752825932e-02,1.000000000000000000e+00,5.195705559752141767e-01,1.066730188269082447e-01,-4.065096782130732667e-01,-6.086875893118282033e-01,3.221314872473524105e-02,-4.049514466942852331e-01,4.889483645154737435e-01,2.183912739102700784e-01,-3.087622916598803391e-01,-1.505587149557324200e-01,5.508300608421179412e-01,-3.276579418807420985e-01,-2.779905174493524367e-01,-4.262118440627761240e-01,-3.557208458309003563e-01,-9.058315116834847469e-02,3.276310344334705249e-01,-4.986580652064532271e-01,6.283955880271602235e-02
5.650771941901777673e-01,-1.775936978062316873e-01,-1.931203111856685251e-01,-5.290340501772657911e-01,1.904241553789770558e-01,-7.955702200018933690e-01,8.181973940980151738e-01,5.826977139942561834e-01,9.060297204101001034e-01,3.573935112618679133e-01,-3.510855182709265998e-01,-6.554015046387167143e-01,-1.233227023967500002e-01,-6.262286681718896020e-01,-2.325249132738192726e-01,5.737001475683208840e-01,1.759031573692899642e-01,-9.914918200000000237e-01,-6.638444693296831067e-01,5.195705559752141767e-01,1.000000000000000000e+00,6.156444127174858227e-01,-5.167950822699665103e-01,-5.200821880605316361e-01,2.181749405273654685e-01,-8.168469206243511582e-01,7.927603019822669905e-01,2.375929225323571981e-01,-9.484301182393124752e-02,3.641669634229695030e-01,9.882509462727006033e-01,-5.536143860268717409e-01,4.543934390096546205e-02,-8.989555102633310923e-01,-7.251552248859436389e-01,5.809316127441934707e-01,-1.654736412609302265e-01,-9.439363513783269877e-01,4.722828232450784758e-01
4.045573100626318475e-01,3.584514210046508831e-01,3.016355086328215487e-02,-7.215561978956959166e-01,2.373005353585509458e-01,-4.185953049714360441e-01,5.545888994808521044e-01,8.078561451373825752e-01,6.321756928733696101e-01,3.522812699565907035e-01,1.810600988028349956e-01,-4.608167982349216651e-01,4.799554162303588112e-01,-2.495721411962414371e-01,-2.777774033161203859e-01,4.000285180495916082e-01,5.352352964723727791e-01,-6.525353400000000192e-01,-3.356170556745997069e-01,1.066730188269082447e-01,6.156444127174858227e-01,1.000000000000000000e+00,-4.740475778441524124e-01,-5.147504163840630476e-01,-1.367764812017873699e-01,-4.392882016596313943e-01,4.035316318640625455e-01,-4.432692791429706514e-01,-2.511962246133379595e-01,6.933162973214718194e-01,6.092176256926263855e-01,-5.521389020230423883e-01,1.467772110773037098e-01,-6.022653967504527639e-01,-2.449577749811007454e-01,6.284499932196159211e-01,-3.761607666957041407e-01,-7.202413484074976502e-01,4.135317361307711548e-01
-6.203319194225311861e-01,-1.642501993388104098e-01,-3.217778678973925999e-01,-5.922157448608731528e-02,-5.930033116388371273e-01,-3.224211642261602673e-02,-2.710050287622490783e-01,-7.808469888867459741e-01,-7.284447031373652015e-01,-8.645344720708227904e-01,-3.506910443322682758e-01,-1.258925287554480410e-01,-5.923646553962571559e-01,1.474205039438335196e-02,8.467646835960588314e-01,-8.414369547634826807e-01,-4.036174230343991254e-01,4.908389399999999458e-01,2.996777482008307070e-01,-4.065096782130732667e-01,-5.167950822699665103e-01,-4.740475778441524124e-01,1.000000000000000000e+00,2.387539498135410054e-01,6.409248790551289598e-01,6.199199887603032977e-01,-7.791092109500774576e-01,3.575272391100157710e-01,8.155937884545184646e-01,-4.506826914372680792e-01,-5.595236155107519149e-01,8.384974668705935663e-01,-2.711857498933804567e-01,3.461876862941769550e-01,-1.409321498757858671e-01,-1.973223655609599725e-01,-3.041543452679567605e-01,6.947446021105816438e-01,2.169061513061021629e-01
-5.036898868278716357e-01,-4.260246440178279692e-01,-2.977920560130489780e-02,5.357820817437715100e-01,-4.322623011996433728e-01,4.542734455415205486e-01,-4.546768160474027320e-01,-5.170676595358476568e-01,-3.644989653098602012e-01,-2.983351660318617760e-01,1.606383745910086591e-01,5.643857490611654537e-01,-6.889120806358531302e-02,2.418003641791419134e-01,1.527684238773906883e-02,-7.088904043926874676e-02,-3.660855041859658598e-01,5.507012600000000813e-01,-1.585094724288917123e-01,-6.086875893118282033e-01,-5.200821880605316361e-01,-5.147504163840630476e-01,2.387539498135410054e-01,1.000000000000000000e+00,-1.771803458975540480e-02,2.704961803109752205e-01,-2.870896080777043391e-01,-2.166590023361980588e-02,1.675607418022753703e-01,-4.326103547210640721e-01,-5.029229902413605569e-01,3.866883104041859420e-01,4.877587647039613450e-02,3.348312669368962990e-01,3.058869618575083549e-01,-3.233622665861366485e-01,1.396200708576660066e-01,5.565130236219227866e-01,-3.558419034852125518e-01
-3.455856096882851114e-01,-5.940180349941984739e-01,-5.730046027919931673e-01,-3.661697035761962704e-01,-6.597545105114146491e-01,-7.077226597012177267e-01,3.205748548350282334e-01,-5.489704322600506003e-01,-9.435628402200263443e-02,-7.995808138807435350e-01,-7.123964341918888055e-01,-6.320898634841303210e-01,-8.622866040003374088e-01,-3.435693886069817182e-01,7.905963118010336244e-01,-4.951704075713168618e-01,-4.651792248318665779e-01,-2.313843199999999767e-01,-1.972485914817802000e-01,3.221314872473524105e-02,2.181749405273654685e-01,-1.367764812017873699e-01,6.409248790551289598e-01,-1.771803458975540480e-02,1.000000000000000000e+00,6.086543509030706289e-03,-1.974881529549068482e-01,6.812882504813474460e-01,8.536860948382144487e-01,-4.022763287654488873e-01,1.705650160022360307e-01,5.890527630619430965e-01,-3.045620630007209728e-01,-4.194922221446728550e-01,-8.246966345048254432e-01,1.891577662070625943e-01,-2.675525979928803366e-01,7.831677095550637624e-02,5.052082570029047259e-01
-7.629517527239678687e-01,1.841557166075381002e-01,4.103841028253366607e-01,6.679982097895886817e-02,-3.616752822118557420e-01,4.126797702095419407e-01,-8.554692163814668904e-01,-5.392954640255213095e-01,-7.894600770366967391e-01,-4.373195982261723902e-01,9.640251766404978051e-02,1.514598463477443424e-01,5.253576138919804905e-02,4.752985176683840463e-01,2.909211915491320966e-01,-7.646146726590286047e-01,2.011599635065281499e-01,7.712566199999999483e-01,7.442030341816864292e-01,-4.049514466942852331e-01,-8.168469206243511582e-01,-4.392882016596313943e-01,6.199199887603032977e-01,2.704961803109752205e-01,6.086543509030706289e-03,1.000000000000000000e+00,-9.635466622708142026e-01,5.749293381246925461e-02,1.281411344045243206e-01,-3.098706436337788084e-01,-7.866547180351953772e-01,7.754897408989203100e-01,-4.876466980180063082e-01,7.304895357504490594e-01,4.805395752349718719e-01,-1.900864236559369203e-01,2.823918062293369058e-01,8.321267071965801065e-01,-4.058592149571864094e-01
7.997775219389693380e-01,-1.071227696203952556e-01,-2.060399954193291305e-01,1.000625536177556472e-02,4.810766549710704387e-01,-3.091914259446441049e-01,7.297806565676127066e-01,6.266553435618775758e-01,8.254786693151626720e-01,6.280870621322377501e-01,-1.129948884340025404e-02,-7.563350626116695230e-02,8.495640569405676912e-02,-3.979466689342644470e-01,-4.907800482187036351e-01,8.438012185433123591e-01,-5.221295447437112464e-02,-7.457861800000000763e-01,-6.524674616932829574e-01,4.889483645154737435e-01,7.927603019822669905e-01,4.035316318640625455e-01,-7.791092109500774576e-01,-2.870896080777043391e-01,-1.974881529549068482e-01,-9.635466622708142026e-01,1.000000000000000000e+00,-7.281330368159982802e-02,-3.529498040604336362e-01,3.436470561621321473e-01,7.846270052942814210e-01,-8.474750877487768896e-01,4.378440397459087974e-01,-6.412561225064309367e-01,-3.330456879778236901e-01,1.767561465972574408e-01,-7.650200158020123431e-02,-8.525201752692264101e-01,2.199775885211980586e-01
-2.347257988118053862e-01,-5.553551079177575511e-01,-1.667022574699885962e-01,-1.507662473826862637e-01,-4.651729485550837317e-01,-5.785770590373271460e-01,4.699059094666796499e-02,-4.629426060610746241e-01,1.793934645161671809e-02,-3.387020472032411522e-01,-7.232386167937381316e-01,-5.356098236531042778e-01,-8.162137318729996149e-01,-3.374835321093363483e-01,3.847847955760763661e-01,-2.865831262718842032e-01,-1.901637254216533290e-01,-2.289219399999999904e-01,-6.272531334135150738e-02,2.183912739102700784e-01,2.375929225323571981e-01,-4.432692791429706514e-01,3.575272391100157710e-01,-2.166590023361980588e-02,6.812882504813474460e-01,5.749293381246925461e-02,-7.281330368159982802e-02,1.000000000000000000e+00,4.349688234752913107e-01,-3.722658371041346892e-01,2.350703961170916845e-01,4.983082929647998927e-01,-4.454207505754557150e-01,-1.982308029724656473e-01,-6.014247020386697118e-01,2.280617586965143218e-01,2.615697409496462456e-01,1.964316111474062251e-02,7.676563214667161961e-02
-2.741818223035151214e-01,-3.242870312657917808e-01,-7.643275739224806298e-01,-2.072309976622243588e-01,-6.033739797220067924e-01,-3.555584114470112800e-01,2.574245104030342124e-01,-5.976302745714900944e-01,-4.205731883968600870e-01,-8.343662050461387869e-01,-4.194040779876422320e-01,-3.036248606823463425e-01,-8.129580099592218501e-01,-2.521192150487291950e-01,9.434502930810987342e-01,-5.931469524925572223e-01,-6.420000984155743717e-01,9.936374000000003370e-02,-9.194156722698827722e-02,-3.087622916598803391e-01,-9.484301182393124752e-02,-2.511962246133379595e-01,8.155937884545184646e-01,1.675607418022753703e-01,8.536860948382144487e-01,1.281411344045243206e-01,-3.529498040604336362e-01,4.349688234752913107e-01,1.000000000000000000e+00,-2.630285636040292085e-01,-1.842589806209367631e-01,5.812285596920193642e-01,3.849996043031287535e-02,-6.694260773227553307e-02,-5.289496645514976114e-01,2.587644103315936764e-02,-5.723097222760610281e-01,3.253991416959244320e-01,5.531058059606809296e-01
6.512819896930935881e-01,7.047169716547528884e-01,-7.065525578958224695e-02,-5.209371457242343295e-01,3.611012181056926229e-01,-6.219237624289840338e-02,4.147244166560025147e-01,8.373641097236208530e-01,3.443021053076403271e-01,6.023212499479740911e-01,4.599317220851734667e-01,-1.555922043796049148e-01,4.250927907940872941e-01,-1.792635398377404043e-01,-2.363770260586005867e-01,3.937438061906408659e-01,4.927023152027016906e-01,-3.557767200000000463e-01,-1.026721541418888772e-01,-1.505587149557324200e-01,3.641669634229695030e-01,6.933162973214718194e-01,-4.506826914372680792e-01,-4.326103547210640721e-01,-4.022763287654488873e-01,-3.098706436337788084e-01,3.436470561621321473e-01,-3.722658371041346892e-01,-2.630285636040292085e-01,1.000000000000000000e+00,3.152105344943932352e-01,-6.098633569983217262e-01,5.041287896986296202e-01,-9.843667495660071709e-02,1.226348134401803042e-01,6.362171034213192078e-01,-4.153701730525498625e-01,-5.319125143570961889e-01,2.825135985487601809e-01
5.173952364211670263e-01,-2.017965001099379929e-01,-7.304551815355145306e-02,-5.080443445155383708e-01,1.967866982657441866e-01,-7.801937003752770217e-01,7.481306715634694626e-01,5.898909711212019236e-01,9.298838486810296899e-01,3.945145147486845971e-01,-3.613708291366549141e-01,-6.493084395400727793e-01,-6.228399831937889153e-02,-5.890129448746372898e-01,-3.229800447605452041e-01,5.864271749543368273e-01,2.466939298121380020e-01,-9.917871799999999904e-01,-6.364144451653287460e-01,5.508300608421179412e-01,9.882509462727006033e-01,6.092176256926263855e-01,-5.595236155107519149e-01,-5.029229902413605569e-01,1.705650160022360307e-01,-7.866547180351953772e-01,7.846270052942814210e-01,2.350703961170916845e-01,-1.842589806209367631e-01,3.152105344943932352e-01,1.000000000000000000e+00,-5.456722948007673990e-01,-2.128652019064998513e-02,-9.000826744914361965e-01,-6.924066356485701901e-01,5.557486307399279735e-01,-5.475438157037779141e-02,-9.478899703242122943e-01,3.739003713729183165e-01
-8.798504525067645243e-01,-3.764773068529193578e-01,1.298112751426018551e-03,-1.108833722208116442e-02,-7.653519915348623304e-01,-3.842766393504271766e-02,-5.580376670339957101e-01,-8.477620595296855299e-01,-6.696272047411800932e-01,-8.303162715806011729e-01,-3.643715530716344353e-01,-1.490931767839203115e-01,-4.998524716013083569e-01,2.340980209640445842e-01,6.366082126508426642e-01,-8.290969073339345963e-01,-2.024344081849864807e-01,5.208395200000000003e-01,3.926941588371770653e-01,-3.276579418807420985e-01,-5.536143860268717409e-01,-5.521389020230423883e-01,8.384974668705935663e-01,3.866883104041859420e-01,5.890527630619430965e-01,7.754897408989203100e-01,-8.474750877487768896e-01,4.983082929647998927e-01,5.812285596920193642e-01,-6.098633569983217262e-01,-5.456722948007673990e-01,1.000000000000000000e+00,-5.803529447054275314e-01,3.324315045977287997e-01,-8.673695986333176955e-02,-1.125245672100778638e-01,1.825898362531876984e-01,7.576251130465894157e-01,-1.264345387573907187e-01
6.942155825320425189e-01,3.322992723088641909e-01,-5.558918012125421138e-01,2.054686463325073320e-01,3.440707571383542218e-01,3.038979321055386706e-01,4.625683360425801860e-01,3.664198141682207810e-01,-2.732709688218588288e-04,3.189305025457263021e-01,4.684704954186050263e-01,4.347849826503967785e-01,9.700928521451414321e-02,-5.911024585520142233e-02,8.926107060247347224e-04,3.606480487826673742e-01,-3.617977930071956116e-01,-1.223920000000044972e-03,-1.953086581041790226e-01,-2.779905174493524367e-01,4.543934390096546205e-02,1.467772110773037098e-01,-2.711857498933804567e-01,4.877587647039613450e-02,-3.045620630007209728e-01,-4.876466980180063082e-01,4.378440397459087974e-01,-4.454207505754557150e-01,3.849996043031287535e-02,5.041287896986296202e-01,-2.128652019064998513e-02,-5.803529447054275314e-01,1.000000000000000000e+00,8.146897816356771238e-02,1.911958796240774971e-01,-8.777510030312719869e-02,-5.259017138355015497e-01,-1.963453623008392379e-01,1.771572466349914110e-01
-2.650979202270005719e-01,4.427145890883569801e-01,2.502021382099166025e-01,5.016231710033024482e-01,7.565333668506418752e-02,8.374744183339968284e-01,-7.502839539400576463e-01,-3.479240748560835650e-01,-8.246111139404461721e-01,-3.464935168859898523e-02,4.321164796008877262e-01,6.596600893124204834e-01,1.771993856582577409e-01,4.996869942521468544e-01,8.974083193311353790e-02,-4.418643039342778356e-01,-2.638733894438457378e-02,9.071371399999998975e-01,7.048411941985144313e-01,-4.262118440627761240e-01,-8.989555102633310923e-01,-6.022653967504527639e-01,3.461876862941769550e-01,3.348312669368962990e-01,-4.194922221446728550e-01,7.304895357504490594e-01,-6.412561225064309367e-01,-1.982308029724656473e-01,-6.694260773227553307e-02,-9.843667495660071709e-02,-9.000826744914361965e-01,3.324315045977287997e-01,8.146897816356771238e-02,1.000000000000000000e+00,8.254417171254784247e-01,-4.799857977480396221e-01,1.735499619636083901e-01,7.844405853259596162e-01,-5.076043448681886172e-01
-7.719338564873666486e-02,5.470999327442155336e-01,5.007383024973371954e-01,5.240988803055189882e-01,3.317736821441988337e-01,9.463096406594752041e-01,-6.936563333419958344e-01,6.477369372870307729e-02,-4.585324655236602265e-01,3.616823088698153943e-01,7.108284177044884578e-01,8.019477551065243848e-01,6.707480862748983474e-01,5.926100235679988559e-01,-4.038037275296836315e-01,1.551463020255553459e-02,2.489282523581234918e-01,7.334703399999999984e-01,5.146233284296577448e-01,-3.557208458309003563e-01,-7.251552248859436389e-01,-2.449577749811007454e-01,-1.409321498757858671e-01,3.058869618575083549e-01,-8.246966345048254432e-01,4.805395752349718719e-01,-3.330456879778236901e-01,-6.014247020386697118e-01,-5.289496645514976114e-01,1.226348134401803042e-01,-6.924066356485701901e-01,-8.673695986333176955e-02,1.911958796240774971e-01,8.254417171254784247e-01,1.000000000000000000e+00,-4.128658206487248461e-01,2.580688990573914432e-01,4.887593431382324938e-01,-6.073690927307753284e-01
1.462214857076399033e-01,1.083215806444689788e-01,-3.933660249010586391e-02,-8.235812834910148927e-01,-2.081080126608268466e-01,-6.217935960579737964e-01,3.685066043175568851e-01,4.867591929125117400e-01,4.961480621597684215e-01,1.774517652982834925e-01,-9.105276088622409059e-02,-6.890945796336548357e-01,7.837847807371877903e-03,-3.419066901512055612e-01,-1.972058506383388490e-02,1.961168185535328012e-01,5.317298662075262694e-01,-5.894885400000000608e-01,-2.693587820902879071e-01,-9.058315116834847469e-02,5.809316127441934707e-01,6.284499932196159211e-01,-1.973223655609599725e-01,-3.233622665861366485e-01,1.891577662070625943e-01,-1.900864236559369203e-01,1.767561465972574408e-01,2.280617586965143218e-01,2.587644103315936764e-02,6.362171034213192078e-01,5.557486307399279735e-01,-1.125245672100778638e-01,-8.777510030312719869e-02,-4.799857977480396221e-01,-4.128658206487248461e-01,1.000000000000000000e+00,-1.866220110388751574e-01,-5.221004955340732279e-01,3.820989033922727596e-01
-3.253276670530643178e-01,-2.762492727652028357e-01,7.021375422007954947e-01,3.564239221828801596e-01,-1.273213433688068219e-02,1.765790786551354186e-01,-6.020853060013241498e-01,-1.564479460221671059e-01,2.551664146372849967e-02,2.200458973856458944e-01,-8.995647915223259350e-02,1.386938604251417573e-01,1.749008761656808686e-01,3.707386712051214950e-01,-4.868611952823646560e-01,2.609043156489336893e-02,3.049368459077496651e-01,1.517697000000000074e-01,3.086826402737519182e-01,3.276310344334705249e-01,-1.654736412609302265e-01,-3.761607666957041407e-01,-3.041543452679567605e-01,1.396200708576660066e-01,-2.675525979928803366e-01,2.823918062293369058e-01,-7.650200158020123431e-02,2.615697409496462456e-01,-5.723097222760610281e-01,-4.153701730525498625e-01,-5.475438157037779141e-02,1.825898362531876984e-01,-5.259017138355015497e-01,1.735499619636083901e-01,2.580688990573914432e-01,-1.866220110388751574e-01,1.000000000000000000e+00,1.552352755124228045e-01,-7.944048541530368546e-01
-7.153578090176498927e-01,-6.942853288275400991e-02,4.834666162672954237e-02,4.782626742524429542e-01,-4.143507909662543787e-01,5.967066672717419307e-01,-7.777104346898140452e-01,-7.980622063826032786e-01,-9.178204260645924650e-01,-5.948246055648225283e-01,1.299680064010199643e-01,4.926830735380678949e-01,-1.529632315689099242e-01,5.491259222585416211e-01,4.436100383228054334e-01,-6.851687545332625362e-01,-3.225206281832157518e-01,9.449533999999999434e-01,5.930482794151280546e-01,-4.986580652064532271e-01,-9.439363513783269877e-01,-7.202413484074976502e-01,6.947446021105816438e-01,5.565130236219227866e-01,7.831677095550637624e-02,8.321267071965801065e-01,-8.525201752692264101e-01,1.964316111474062251e-02,3.253991416959244320e-01,-5.319125143570961889e-01,-9.478899703242122943e-01,7.576251130465894157e-01,-1.963453623008392379e-01,7.844405853259596162e-01,4.887593431382324938e-01,-5.221004955340732279e-01,1.552352755124228045e-01,1.000000000000000000e+00,-3.424346196387677010e-01
2.497169949437810510e-01,-1.877212392358948087e-02,-6.476099728285089618e-01,-4.878426159328909106e-01,-9.680098383542039275e-02,-5.555916002282599298e-01,6.907711491777672741e-01,1.074778838054766400e-01,2.576854064671031397e-01,-2.605065463272950299e-01,-1.425923143628590739e-01,-4.792198544633365365e-01,-3.558153907963135243e-01,-4.144008333361385299e-01,4.734777592125558043e-01,6.056829020985785017e-02,-2.471162503553278877e-01,-4.519033000000000078e-01,-3.465856108860308482e-01,6.283955880271602235e-02,4.722828232450784758e-01,4.135317361307711548e-01,2.169061513061021629e-01,-3.558419034852125518e-01,5.052082570029047259e-01,-4.058592149571864094e-01,2.199775885211980586e-01,7.676563214667161961e-02,5.531058059606809296e-01,2.825135985487601809e-01,3.739003713729183165e-01,-1.264345387573907187e-01,1.771572466349914110e-01,-5.076043448681886172e-01,-6.073690927307753284e-01,3.820989033922727596e-01,-7.944048541530368546e-01,-3.424346196387677010e-01,1.000000000000000000e+00
