1.0,-0.46234078541141899,-0.39244240866340452,0.20444388237198208,0.21690481552729274,-0.50387778724027266,0.242907391352159,0.14655347611730751,-0.11652821594515478,-0.38408504504040875,0.21238982825272135,0.13139329737908548,-0.061779773146555764,-0.50261089994896557,0.024028190774659484,0.072367230325558946,0.55423888016857781,0.2220656869796209,-0.15547256240923599,0.064231075410735181,0.11497555015277892,0.75737597374812737,0.36854019420232903,0.49223155415723097,0.41095972500269717,-0.29952724394059932,0.52360687599173461,-0.4446916645429228,0.59327242669067048,-0.65216890172492248,-0.53953063226754072,-0.12874184545617628,-0.76634788285055144,-0.61117052173614583,0.1698346799999999,0.47727739155617505,-0.090746995698868058,0.25196892370666479,0.46733441784103447
-0.46234078541141899,1.0,-0.081069116726958823,0.52287403736513438,0.6570955644002231,0.81085697319427408,0.51590912367078001,0.7450821618044069,0.74029444251892018,-0.33688276786366356,-0.055242463523901941,-0.76831729539678539,-0.31495933228775985,-0.13678148543922308,0.59380868465083447,-0.5145989384676124,-0.1368941953467443,0.44681449968741399,0.85721855123977786,0.032857260061706528,0.76867895955679022,0.018580970015352111,-0.94336277815041347,-0.56318777936256892,0.178008348509192,-0.21826752004010941,-0.21457645465568492,-0.39376423059576282,-0.062257201037071219,-0.084699337456921264,0.94751833341406932,-0.49985277141508794,0.79990268986904611,0.7408949912667544,0.70481057999999996,0.33553365764127824,0.70859731101404932,-0.5117266807780172,-0.54179733263206908
-0.39244240866340452,-0.081069116726958823,1.0,-0.8231018152302626,-0.68657099253461429,0.036769222430617483,-0.7015737572544527,-0.60879294168790554,-0.45707123580627118,0.92238368341989219,-0.27634263833555778,0.66415970643325473,0.67889570554251977,0.93231248473229011,-0.59062957721134346,-0.055099711882408017,-0.52925911392960612,-0.57393841620733743,-0.51867741603443829,0.21595831349078429,-0.59774652984923682,-0.62680552584447613,0.18015171129716723,-0.51963897371921564,-0.26907275830446137,0.88715333290831577,-0.091164897452524596,0.85571984009062285,-0.71054773663542647,0.82996241621164002,-0.12286091176489515,0.34603777817843656,0.18518491414221749,-0.20523581549045172,-0.67068060000000007,-0.86071321210346674,0.073276818462809798,-0.30370528214367465,-0.29957755587477802
0.20444388237198208,0.52287403736513438,-0.8231018152302626,1.0,0.9490351037883038,0.41810637862268052,0.80977577276996737,0.894056557009549,0.70130658274620084,-0.94154660464525952,0.38212379941500335,-0.87829479389348908,-0.61039562973247052,-0.87076561311195955,0.86626728553404719,-0.18082313049990406,0.56286491847626696,0.80477298021841071,0.84664941303940089,-0.15807392015472793,0.873176111368129,0.58500410206773967,-0.53555890445017107,0.075689737229509127,0.36802504166214173,-0.87437600586555819,0.12979376911263624,-0.94574165574439306,0.70552528620787913,-0.77440342201785817,0.48269898651664184,-0.48762715830331549,0.12992730902419342,0.32590031097662131,0.9034168199999999,0.84159577044378731,0.33090935934237597,0.092074703513826864,0.14843217703869871
0.21690481552729274,0.6570955644002231,-0.68657099253461429,0.9490351037883038,1.0,0.5387557098332163,0.79500818656291794,0.96223591634549011,0.78035642736286792,-0.877974693924367,0.36285063564517861,-0.87409160282390441,-0.52328394309603632,-0.77804655051578442,0.86628239557142805,-0.32154768295511854,0.51567005586679349,0.85994253066499182,0.90561044365328691,-0.12458187841051267,0.94062779360842563,0.5750578352866843,-0.64477996035771945,-0.088935264986907861,0.381391483268953,-0.79039140040713129,0.11999123161292727,-0.92325941722472027,0.6391876358451285,-0.72588651601816057,0.58048956745989799,-0.53322255418003306,0.2222258232675699,0.33815313399972707,0.94964690000000007,0.827287894631209,0.48511381530614461,-0.079380198952584066,0.048073052903383151
-0.50387778724027266,0.81085697319427408,0.036769222430617483,0.41810637862268052,0.5387557098332163,1.0,0.1088079744112561,0.49135055970946445,0.75282400588324239,-0.17284946067604545,0.44815968557310165,-0.58053710009361714,0.10220915942991941,-0.059910779255704809,0.64855667557689112,-0.32026186378742683,0.084668063818508679,0.60520441590345042,0.69604293036465748,-0.25400710009577993,0.48132111774653569,-0.27320550620113948,-0.67733566009631774,-0.78046048925155009,-0.14651316944301943,-0.23568031881187088,-0.35340320111612933,-0.22667904928167143,0.15760867899479011,0.17082934395498334,0.67449365502822556,-0.017198942664311611,0.71154000468715362,0.46116471188375296,0.41469124000000002,0.062994189937797193,0.53255258536789774,-0.1347198502224933,-0.065057023986928697
0.242907391352159,0.51590912367078001,-0.7015737572544527,0.80977577276996737,0.79500818656291794,0.1088079744112561,1.0,0.8898521940666827,0.48621571411592962,-0.85750929172492207,-0.13581678289010948,-0.79312695838566638,-0.86488949858999076,-0.74304221185430053,0.55766538933140775,-0.36994202756237904,0.32479253644122447,0.45616943138933103,0.7749303298521526,0.063650455920046325,0.89606256780428162,0.68693679289400855,-0.56909779001893912,0.29230081433447469,0.58390706013102911,-0.64272755080366539,0.18990920515068049,-0.86277050640061437,0.31989139120203364,-0.82735321612314194,0.57921952815469435,-0.88250938393755107,0.1392218003055706,0.48610524082411338,0.92568248000000009,0.88234630671309588,0.34547972356094431,-0.19739455829752114,-0.26607364078219198
0.14655347611730751,0.7450821618044069,-0.60879294168790554,0.894056557009549,0.96223591634549011,0.49135055970946445,0.8898521940666827,1.0,0.74299140684178255,-0.83895791339036507,0.1317668105610732,-0.89190550969424287,-0.64433952547530959,-0.70332697295414448,0.78394990981970025,-0.41072398202230254,0.37784925221836646,0.72446931552385985,0.93391682381745655,-0.042574590528096985,0.99274899801726479,0.58185481581157827,-0.74095430682974417,-0.065118732789040248,0.4586132081231995,-0.68945054094554059,0.10117681142403126,-0.8890202382881528,0.44155966316497297,-0.71225506103300118,0.7071151069839996,-0.71834173189372008,0.30633500386750312,0.48028142896507908,0.9933359799999999,0.82925964046952949,0.54183278956987868,-0.24828208027599066,-0.18540900824211606
-0.11652821594515478,0.74029444251892018,-0.45707123580627118,0.70130658274620084,0.78035642736286792,0.75282400588324239,0.48621571411592962,0.74299140684178255,1.0,-0.60520497170256993,0.37864304787543401,-0.82875719817638127,-0.25239900708133906,-0.53044752617133528,0.72171024323496513,-0.42495330145599719,0.189501189514061,0.69681717038570146,0.82971837693609252,-0.25032088057954466,0.751848611089175,0.17005287108277459,-0.74060973443640465,-0.35622031087305578,0.12155583725651185,-0.55805424875921306,-0.44244980128011097,-0.63718903756809153,0.41747045863865012,-0.2887266791212651,0.63082718144757999,-0.29332845262030482,0.51927575225951017,0.58394611679822117,0.71748618000000008,0.60038772117325645,0.475060810946423,-0.044242067221964658,-0.0266646316178063
-0.38408504504040875,-0.33688276786366356,0.92238368341989219,-0.94154660464525952,-0.877974693924367,-0.17284946067604545,-0.85750929172492207,-0.83895791339036507,-0.60520497170256993,1.0,-0.30603147347971499,0.81908405135749485,0.71852592745593358,0.96339640550339478,-0.72736199481502262,0.11082815234794594,-0.59631037080940141,-0.69937496947430156,-0.74189318307845298,0.16926347224100879,-0.82550535731670516,-0.71845203635272226,0.40554456231915847,-0.31105471109720151,-0.40181669724302471,0.91035797640870941,-0.14295341804651773,0.98219051437210014,-0.71846603839566969,0.90014679088115412,-0.33039325892845089,0.54309087734374084,0.059297466442807326,-0.28747665707519865,-0.87337971999999997,-0.92437724779752606,-0.19533383952974145,-0.19306650660400515,-0.19629803775153931
0.21238982825272135,-0.055242463523901941,-0.27634263833555778,0.38212379941500335,0.36285063564517861,0.44815968557310165,-0.13581678289010948,0.1317668105610732,0.37864304787543401,-0.30603147347971499,1.0,-0.16938191106392814,0.3037707921318063,-0.41173516027565704,0.51943950829726526,0.17844827431297092,0.7298986927520551,0.68877163572888067,0.20209379939545033,-0.49499053933140036,0.06818751572536437,0.0067466531011876321,0.14680687474641604,-0.25996769074632364,-0.22889423623258157,-0.51405728470332257,-0.056525136700619212,-0.32079608805749266,0.78068624438431833,-0.12945090593587294,-0.22713408863423995,0.4147141521881369,-0.17545139377291008,-0.33140363345805973,0.080036659999999982,0.096483975298270894,-0.048314579928687942,0.66977382632217752,0.85965277019148967
0.13139329737908548,-0.76831729539678539,0.66415970643325473,-0.87829479389348908,-0.87409160282390441,-0.58053710009361714,-0.79312695838566638,-0.89190550969424287,-0.82875719817638127,0.81908405135749485,-0.16938191106392814,1.0,0.63271816275853354,0.69072448481500315,-0.76452551210881836,0.29953772051970562,-0.22297447812167348,-0.62243164914518712,-0.94670024393555285,0.088181619522583451,-0.91343419196219444,-0.40404413300429171,0.81940468980409431,0.1397698610125756,-0.28939554409534501,0.70327142956949451,0.12487153177238879,0.80971564058805801,-0.40568325855902992,0.55843036927059042,-0.73650989142687739,0.54813058348397892,-0.47925551490828572,-0.69680137000915199,-0.90195866000000002,-0.73240383358855077,-0.51279490185016496,0.052699085125308583,0.17254683271676149
-0.061779773146555764,-0.31495933228775985,0.67889570554251977,-0.61039562973247052,-0.52328394309603632,0.10220915942991941,-0.86488949858999076,-0.64433952547530959,-0.25239900708133906,0.71852592745593358,0.3037707921318063,0.63271816275853354,1.0,0.62830248453208071,-0.39886704830204434,0.077521593942376468,-0.21624814871541298,-0.23947356577528059,-0.56911776845392925,0.13459524771279152,-0.64705003957085871,-0.45574331273184554,0.34798465501693049,-0.55790651978765526,-0.38177694152362279,0.61753407681612071,-0.039036804449043408,0.65572080859431436,-0.092498518630157886,0.68545601633208053,-0.49639412637924862,0.78936218894794685,-0.074216879462196655,-0.5529306371878796,-0.70640308000000007,-0.71012487059716234,0.052783503630196085,0.17661906059821394,0.30288379026987877
-0.50261089994896557,-0.13678148543922308,0.93231248473229011,-0.87076561311195955,-0.77804655051578442,-0.059910779255704809,-0.74304221185430053,-0.70332697295414448,-0.53044752617133528,0.96339640550339478,-0.41173516027565704,0.69072448481500315,0.62830248453208071,1.0,-0.66972410342753619,-0.0089631102759841277,-0.68668065818684965,-0.67062790534595718,-0.59275093879558416,0.25020238237058429,-0.68117562976691071,-0.70907125709402097,0.21331614108356892,-0.39484922218412721,-0.37520411137395221,0.9205830718354564,-0.1381301334870044,0.94048898150100435,-0.80525414857915778,0.88268797342496508,-0.11634439704874157,0.41099751894596565,0.22500944220483132,-0.12658230866454043,-0.74073433999999994,-0.87767712457469904,-0.042828546564669112,-0.36978654634478147,-0.3846007522573382
0.024028190774659484,0.59380868465083447,-0.59062957721134346,0.86626728553404719,0.86628239557142805,0.64855667557689112,0.55766538933140775,0.78394990981970025,0.72171024323496513,-0.72736199481502262,0.51943950829726526,-0.76452551210881836,-0.39886704830204434,-0.66972410342753619,1.0,-0.00066986482839409556,0.54633176174493259,0.89780961253666514,0.78335071825698832,-0.46549733097438784,0.74447362202727252,0.29047274126855299,-0.50540016110073427,-0.15411135065464537,0.19604431317795382,-0.79412850175967442,0.0021809079184671089,-0.764184907133175,0.64007894311881275,-0.46997446415720878,0.50655563795261482,-0.26039076439593012,0.197421355253251,0.29363658215604638,0.76070459999999995,0.60616136182279134,0.24885470447260036,-0.00046788640893527772,0.19345789162965077
0.072367230325558946,-0.5145989384676124,-0.055099711882408017,-0.18082313049990406,-0.32154768295511854,-0.32026186378742683,-0.36994202756237904,-0.41072398202230254,-0.42495330145599719,0.11082815234794594,0.17844827431297092,0.29953772051970562,0.077521593942376468,-0.0089631102759841277,-0.00066986482839409556,1.0,0.12978451182522288,-0.1320389406771762,-0.45258845902392247,-0.37183103367487458,-0.4236729763332972,-0.033923089368248643,0.47222041905897894,0.2811080490592387,-0.26809718331517624,-0.13824040006820151,0.20521846838537489,0.16164903658537483,0.16917658159361326,0.086635382608368922,-0.53494142652620158,0.5605777302478816,-0.53484095150869404,-0.36621201876597931,-0.38082691999999996,-0.30975705951881466,-0.506877606373343,0.38130920781431138,0.41459205612385153
0.55423888016857781,-0.1368941953467443,-0.52925911392960612,0.56286491847626696,0.51567005586679349,0.084668063818508679,0.32479253644122447,0.37784925221836646,0.189501189514061,-0.59631037080940141,0.7298986927520551,-0.22297447812167348,-0.21624814871541298,-0.68668065818684965,0.54633176174493259,0.12978451182522288,1.0,0.70610167507114396,0.29395010439820946,-0.46233007264960696,0.29037764027114654,0.38491907696050687,0.24325930388778186,0.23927019885957679,0.15058924426410472,-0.72846799332223622,0.27814824145345046,-0.61215021931990754,0.78773565709645121,-0.5903290530019305,-0.18395949434060968,-0.12029353842108745,-0.41299419477964666,-0.36298234053859868,0.35629993999999998,0.43683430508225657,-0.18725222384512233,0.51734338315825212,0.73883642258643212
0.2220656869796209,0.44681449968741399,-0.57393841620733743,0.80477298021841071,0.85994253066499182,0.60520441590345042,0.45616943138933103,0.72446931552385985,0.69681717038570146,-0.69937496947430156,0.68877163572888067,-0.62243164914518712,-0.23947356577528059,-0.67062790534595718,0.89780961253666514,-0.1320389406771762,0.70610167507114396,1.0,0.70764059356410181,-0.46323095133543435,0.6595331598909544,0.29401734459046791,-0.32444064443902354,-0.13411402762680263,0.09415116751508823,-0.79466723944369033,0.022215981295959607,-0.74365193978949362,0.74422998830106823,-0.51093719428235818,0.3498542003916022,-0.18063603328334776,0.081915195909923161,0.07062521597104969,0.68520196000000011,0.61106584076032711,0.18610499731248942,0.09021199285490035,0.39637049487772569
-0.15547256240923599,0.85721855123977786,-0.51867741603443829,0.84664941303940089,0.90561044365328691,0.69604293036465748,0.7749303298521526,0.93391682381745655,0.82971837693609252,-0.74189318307845298,0.20209379939545033,-0.94670024393555285,-0.56911776845392925,-0.59275093879558416,0.78335071825698832,-0.45258845902392247,0.29395010439820946,0.70764059356410181,1.0,-0.10636555880720709,0.93198222922934881,0.31018267925710746,-0.82125904068497546,-0.25792760070591536,0.28341773902610978,-0.64508206876879004,-0.10723222620981612,-0.76359291921210981,0.33837952556676709,-0.50072487021644596,0.82794749327365225,-0.61609587265238097,0.56127762251624225,0.64671573262416304,0.91456430000000011,0.67210535690645179,0.55855147593896104,-0.18026994074888522,-0.20463438460104427
0.064231075410735181,0.032857260061706528,0.21595831349078429,-0.15807392015472793,-0.12458187841051267,-0.25400710009577993,0.063650455920046325,-0.042574590528096985,-0.25032088057954466,0.16926347224100879,-0.49499053933140036,0.088181619522583451,0.13459524771279152,0.25020238237058429,-0.46549733097438784,-0.37183103367487458,-0.46233007264960696,-0.46323095133543435,-0.10636555880720709,1.0,0.018481596902446759,0.29382254368749561,-0.2067338834581833,-0.14110700317351474,0.35867564491889814,0.45432229659870554,0.46636125202977097,0.13952576102504158,-0.26620481084213432,-0.05915366089222298,0.004016125132983217,-0.14648320055721753,0.13601799398761044,-0.093506213688654596,-0.027555540000000045,-0.081944599958889822,0.55978197192770751,-0.25586686040108092,-0.44372740281096473
0.11497555015277892,0.76867895955679022,-0.59774652984923682,0.873176111368129,0.94062779360842563,0.48132111774653569,0.89606256780428162,0.99274899801726479,0.751848611089175,-0.82550535731670516,0.06818751572536437,-0.91343419196219444,-0.64705003957085871,-0.68117562976691071,0.74447362202727252,-0.4236729763332972,0.29037764027114654,0.6595331598909544,0.93198222922934881,0.018481596902446759,1.0,0.59502787083247966,-0.79612734147537889,-0.08625939244610438,0.47040657864093099,-0.64502096223500605,0.085840911549341245,-0.87283538248201176,0.39894721611295991,-0.69309405458069062,0.72591511685132426,-0.72644407172601211,0.34326102985348345,0.53819829612308367,0.99216763999999991,0.82513279944276607,0.5957237859068838,-0.26471447224363909,-0.25146361807450474
0.75737597374812737,0.018580970015352111,-0.62680552584447613,0.58500410206773967,0.5750578352866843,-0.27320550620113948,0.68693679289400855,0.58185481581157827,0.17005287108277459,-0.71845203635272226,0.0067466531011876321,-0.40404413300429171,-0.45574331273184554,-0.70907125709402097,0.29047274126855299,-0.033923089368248643,0.38491907696050687,0.29401734459046791,0.31018267925710746,0.29382254368749561,0.59502787083247966,1.0,-0.20137226674713468,0.3713295859733825,0.60640436266831099,-0.49043736997255477,0.58130758545627403,-0.76499416474467807,0.58054968107238158,-0.89164125954851914,-0.054896819803132456,-0.47132856857409505,-0.42658629159186234,-0.13084316267509144,0.62547938000000003,0.74796841360347988,0.33374267700592963,0.068340539376508039,0.090040840749981671
0.36854019420232903,-0.94336277815041347,0.18015171129716723,-0.53555890445017107,-0.64477996035771945,-0.67733566009631774,-0.56909779001893912,-0.74095430682974417,-0.74060973443640465,0.40554456231915847,0.14680687474641604,0.81940468980409431,0.34798465501693049,0.21331614108356892,-0.50540016110073427,0.47222041905897894,0.24325930388778186,-0.32444064443902354,-0.82125904068497546,-0.2067338834581833,-0.79612734147537889,-0.20137226674713468,1.0,0.49728388860204392,-0.26400336548886039,0.2113010691360234,0.15197302803303631,0.45159212086195943,0.020099990309780207,0.18096988557514276,-0.86703961658265638,0.49733984688520755,-0.73899294834310181,-0.76708053307515189,-0.72569094000000001,-0.41436618673669273,-0.80287526050214408,0.43993922242459399,0.5780051795016663
0.49223155415723097,-0.56318777936256892,-0.51963897371921564,0.075689737229509127,-0.088935264986907861,-0.78046048925155009,0.29230081433447469,-0.065118732789040248,-0.35622031087305578,-0.31105471109720151,-0.25996769074632364,0.1397698610125756,-0.55790651978765526,-0.39484922218412721,-0.15411135065464537,0.2811080490592387,0.23927019885957679,-0.13411402762680263,-0.25792760070591536,-0.14110700317351474,-0.08625939244610438,0.3713295859733825,0.49728388860204392,1.0,0.20412552869840403,-0.316241560814985,0.15386519035364501,-0.22279282052609792,0.11900832281578637,-0.50779678379595639,-0.35916112628770308,-0.25337105137253163,-0.61114469620168699,-0.16562344146486938,0.022373659999999962,0.385912258237604,-0.66707294692039731,0.14051544886130549,0.14992741620970057
0.41095972500269717,0.178008348509192,-0.26907275830446137,0.36802504166214173,0.381391483268953,-0.14651316944301943,0.58390706013102911,0.4586132081231995,0.12155583725651185,-0.40181669724302471,-0.22889423623258157,-0.28939554409534501,-0.38177694152362279,-0.37520411137395221,0.19604431317795382,-0.26809718331517624,0.15058924426410472,0.09415116751508823,0.28341773902610978,0.35867564491889814,0.47040657864093099,0.60640436266831099,-0.26400336548886039,0.20412552869840403,1.0,-0.20434875124517327,0.44175339572416317,-0.472219874024222,0.18366137215982886,-0.53225197466765972,0.144417387532397,-0.57563423547833614,-0.014280377461768174,0.016147170275144725,0.47738489999999989,0.48820484583733148,0.35934263756354085,-0.17777272375255249,-0.21953267570350182
-0.29952724394059932,-0.21826752004010941,0.88715333290831577,-0.87437600586555819,-0.79039140040713129,-0.23568031881187088,-0.64272755080366539,-0.68945054094554059,-0.55805424875921306,0.91035797640870941,-0.51405728470332257,0.70327142956949451,0.61753407681612071,0.9205830718354564,-0.79412850175967442,-0.13824040006820151,-0.72846799332223622,-0.79466723944369033,-0.64508206876879004,0.45432229659870554,-0.64502096223500605,-0.49043736997255477,0.2113010691360234,-0.316241560814985,-0.20434875124517327,1.0,-0.053784744625077638,0.87331392908784977,-0.76757566704965152,0.75914882510640713,-0.21736679319393856,0.2945623451910791,0.10408584665005374,-0.17189011780503352,-0.70956584,-0.75885665338570873,0.057790931835075242,-0.32185906361098582,-0.41558685667979534
0.52360687599173461,-0.21457645465568492,-0.091164897452524596,0.12979376911263624,0.11999123161292727,-0.35340320111612933,0.18990920515068049,0.10117681142403126,-0.44244980128011097,-0.14295341804651773,-0.056525136700619212,0.12487153177238879,-0.039036804449043408,-0.1381301334870044,0.0021809079184671089,0.20521846838537489,0.27814824145345046,0.022215981295959607,-0.10723222620981612,0.46636125202977097,0.085840911549341245,0.58130758545627403,0.15197302803303631,0.15386519035364501,0.44175339572416317,-0.053784744625077638,1.0,-0.20107904962814563,0.26695159912512151,-0.4283450461775512,-0.27655112855567848,-0.09953791233361986,-0.41377057047798294,-0.54411061191192545,0.10991982,0.088702750238321221,0.23359596936732033,-0.023135360200036925,0.091798668796242655
-0.4446916645429228,-0.39376423059576282,0.85571984009062285,-0.94574165574439306,-0.92325941722472027,-0.22667904928167143,-0.86277050640061437,-0.8890202382881528,-0.63718903756809153,0.98219051437210014,-0.32079608805749266,0.80971564058805801,0.65572080859431436,0.94048898150100435,-0.764184907133175,0.16164903658537483,-0.61215021931990754,-0.74365193978949362,-0.76359291921210981,0.13952576102504158,-0.87283538248201176,-0.76499416474467807,0.45159212086195943,-0.22279282052609792,-0.472219874024222,0.87331392908784977,-0.20107904962814563,1.0,-0.73538635286085352,0.9000246017729131,-0.3478409142608086,0.56776177221103286,0.059146140370206046,-0.23706753829281335,-0.90994593999999995,-0.92978034814126376,-0.29792332836537494,-0.11741496260936278,-0.17440121897128028
0.59327242669067048,-0.062257201037071219,-0.71054773663542647,0.70552528620787913,0.6391876358451285,0.15760867899479011,0.31989139120203364,0.44155966316497297,0.41747045863865012,-0.71846603839566969,0.78068624438431833,-0.40568325855902992,-0.092498518630157886,-0.80525414857915778,0.64007894311881275,0.16917658159361326,0.78773565709645121,0.74422998830106823,0.33837952556676709,-0.26620481084213432,0.39894721611295991,0.58054968107238158,0.020099990309780207,0.11900832281578637,0.18366137215982886,-0.76757566704965152,0.26695159912512151,-0.73538635286085352,1.0,-0.65067891457976057,-0.21359473176027774,0.07829681341958869,-0.39395816927397975,-0.30395529434686869,0.4422262400000001,0.58245413105685861,0.058615303567154817,0.57070876306362406,0.74570021117782337
-0.65216890172492248,-0.084699337456921264,0.82996241621164002,-0.77440342201785817,-0.72588651601816057,0.17082934395498334,-0.82735321612314194,-0.71225506103300118,-0.2887266791212651,0.90014679088115412,-0.12945090593587294,0.55843036927059042,0.68545601633208053,0.88268797342496508,-0.46997446415720878,0.086635382608368922,-0.5903290530019305,-0.51093719428235818,-0.50072487021644596,-0.05915366089222298,-0.69309405458069062,-0.89164125954851914,0.18096988557514276,-0.50779678379595639,-0.53225197466765972,0.75914882510640713,-0.4283450461775512,0.9000246017729131,-0.65067891457976057,1.0,-0.1005698030746718,0.58514282591766598,0.33345680215344187,-0.00083483940685249612,-0.75633958000000001,-0.88128572848575948,-0.13590114210198162,-0.12930120525225663,-0.17952446062506122
-0.53953063226754072,0.94751833341406932,-0.12286091176489515,0.48269898651664184,0.58048956745989799,0.67449365502822556,0.57921952815469435,0.7071151069839996,0.63082718144757999,-0.33039325892845089,-0.22713408863423995,-0.73650989142687739,-0.49639412637924862,-0.11634439704874157,0.50655563795261482,-0.53494142652620158,-0.18395949434060968,0.3498542003916022,0.82794749327365225,0.004016125132983217,0.72591511685132426,-0.054896819803132456,-0.86703961658265638,-0.35916112628770308,0.144417387532397,-0.21736679319393856,-0.27655112855567848,-0.3478409142608086,-0.21359473176027774,-0.1005698030746718,1.0,-0.61998782173605782,0.8082092217678527,0.83313677365467298,0.68523983999999993,0.35066926143452853,0.52350729179376143,-0.58476690707132595,-0.64682945957250992
-0.12874184545617628,-0.49985277141508794,0.34603777817843656,-0.48762715830331549,-0.53322255418003306,-0.017198942664311611,-0.88250938393755107,-0.71834173189372008,-0.29332845262030482,0.54309087734374084,0.4147141521881369,0.54813058348397892,0.78936218894794685,0.41099751894596565,-0.26039076439593012,0.5605777302478816,-0.12029353842108745,-0.18063603328334776,-0.61609587265238097,-0.14648320055721753,-0.72644407172601211,-0.47132856857409505,0.49733984688520755,-0.25337105137253163,-0.57563423547833614,0.2945623451910791,-0.09953791233361986,0.56776177221103286,0.07829681341958869,0.58514282591766598,-0.61998782173605782,1.0,-0.23606362857584964,-0.51296234187529322,-0.73999856000000008,-0.66013912243681783,-0.30804824490656402,0.42674102689454002,0.51841083705551783
-0.76634788285055144,0.79990268986904611,0.18518491414221749,0.12992730902419342,0.2222258232675699,0.71154000468715362,0.1392218003055706,0.30633500386750312,0.51927575225951017,0.059297466442807326,-0.17545139377291008,-0.47925551490828572,-0.074216879462196655,0.22500944220483132,0.197421355253251,-0.53484095150869404,-0.41299419477964666,0.081915195909923161,0.56127762251624225,0.13601799398761044,0.34326102985348345,-0.42658629159186234,-0.73899294834310181,-0.61114469620168699,-0.014280377461768174,0.10408584665005374,-0.41377057047798294,0.059146140370206046,-0.39395816927397975,0.33345680215344187,0.8082092217678527,-0.23606362857584964,1.0,0.74709231565432954,0.26851624000000007,-0.062709670297370734,0.52668195430972542,-0.41336561101224095,-0.58602646773819633
-0.61117052173614583,0.7408949912667544,-0.20523581549045172,0.32590031097662131,0.33815313399972707,0.46116471188375296,0.48610524082411338,0.48028142896507908,0.58394611679822117,-0.28747665707519865,-0.33140363345805973,-0.69680137000915199,-0.5529306371878796,-0.12658230866454043,0.29363658215604638,-0.36621201876597931,-0.36298234053859868,0.07062521597104969,0.64671573262416304,-0.093506213688654596,0.53819829612308367,-0.13084316267509144,-0.76708053307515189,-0.16562344146486938,0.016147170275144725,-0.17189011780503352,-0.54411061191192545,-0.23706753829281335,-0.30395529434686869,-0.00083483940685249612,0.83313677365467298,-0.51296234187529322,0.74709231565432954,1.0,0.5012414999999999,0.31081860098664676,0.30692982450475115,-0.3430603882084296,-0.62393784117730222
0.1698346799999999,0.70481057999999996,-0.67068060000000007,0.9034168199999999,0.94964690000000007,0.41469124000000002,0.92568248000000009,0.9933359799999999,0.71748618000000008,-0.87337971999999997,0.080036659999999982,-0.90195866000000002,-0.70640308000000007,-0.74073433999999994,0.76070459999999995,-0.38082691999999996,0.35629993999999998,0.68520196000000011,0.91456430000000011,-0.027555540000000045,0.99216763999999991,0.62547938000000003,-0.72569094000000001,0.022373659999999962,0.47738489999999989,-0.70956584,0.10991982,-0.90994593999999995,0.4422262400000001,-0.75633958000000001,0.68523983999999993,-0.73999856000000008,0.26851624000000007,0.5012414999999999,1.0,0.87096123999999997,0.50277265999999998,-0.23470261999999997,-0.19964563999999996
0.47727739155617505,0.33553365764127824,-0.86071321210346674,0.84159577044378731,0.827287894631209,0.062994189937797193,0.88234630671309588,0.82925964046952949,0.60038772117325645,-0.92437724779752606,0.096483975298270894,-0.73240383358855077,-0.71012487059716234,-0.87767712457469904,0.60616136182279134,-0.30975705951881466,0.43683430508225657,0.61106584076032711,0.67210535690645179,-0.081944599958889822,0.82513279944276607,0.74796841360347988,-0.41436618673669273,0.385912258237604,0.48820484583733148,-0.75885665338570873,0.088702750238321221,-0.92978034814126376,0.58245413105685861,-0.88128572848575948,0.35066926143452853,-0.66013912243681783,-0.062709670297370734,0.31081860098664676,0.87096123999999997,1.0,0.20175184038486457,-0.039411157117935768,0.018332626848026473
-0.090746995698868058,0.70859731101404932,0.073276818462809798,0.33090935934237597,0.48511381530614461,0.53255258536789774,0.34547972356094431,0.54183278956987868,0.475060810946423,-0.19533383952974145,-0.048314579928687942,-0.51279490185016496,0.052783503630196085,-0.042828546564669112,0.24885470447260036,-0.506877606373343,-0.18725222384512233,0.18610499731248942,0.55855147593896104,0.55978197192770751,0.5957237859068838,0.33374267700592963,-0.80287526050214408,-0.66707294692039731,0.35934263756354085,0.057790931835075242,0.23359596936732033,-0.29792332836537494,0.058615303567154817,-0.13590114210198162,0.52350729179376143,-0.30804824490656402,0.52668195430972542,0.30692982450475115,0.50277265999999998,0.20175184038486457,1.0,-0.30655717487202178,-0.40734928372809465
0.25196892370666479,-0.5117266807780172,-0.30370528214367465,0.092074703513826864,-0.079380198952584066,-0.1347198502224933,-0.19739455829752114,-0.24828208027599066,-0.044242067221964658,-0.19306650660400515,0.66977382632217752,0.052699085125308583,0.17661906059821394,-0.36978654634478147,-0.00046788640893527772,0.38130920781431138,0.51734338315825212,0.09021199285490035,-0.18026994074888522,-0.25586686040108092,-0.26471447224363909,0.068340539376508039,0.43993922242459399,0.14051544886130549,-0.17777272375255249,-0.32185906361098582,-0.023135360200036925,-0.11741496260936278,0.57070876306362406,-0.12930120525225663,-0.58476690707132595,0.42674102689454002,-0.41336561101224095,-0.3430603882084296,-0.23470261999999997,-0.039411157117935768,-0.30655717487202178,1.0,0.83323614363939325
0.46733441784103447,-0.54179733263206908,-0.29957755587477802,0.14843217703869871,0.048073052903383151,-0.065057023986928697,-0.26607364078219198,-0.18540900824211606,-0.0266646316178063,-0.19629803775153931,0.85965277019148967,0.17254683271676149,0.30288379026987877,-0.3846007522573382,0.19345789162965077,0.41459205612385153,0.73883642258643212,0.39637049487772569,-0.20463438460104427,-0.44372740281096473,-0.25146361807450474,0.090040840749981671,0.5780051795016663,0.14992741620970057,-0.21953267570350182,-0.41558685667979534,0.091798668796242655,-0.17440121897128028,0.74570021117782337,-0.17952446062506122,-0.64682945957250992,0.51841083705551783,-0.58602646773819633,-0.62393784117730222,-0.19964563999999996,0.018332626848026473,-0.40734928372809465,0.83323614363939325,1.0
