1.000000000000000000e+00,6.857587578589611210e-01,-6.332793630504564009e-01,5.734199371276960111e-01,-2.566947144347252463e-01,6.706482021335585797e-01,3.893573685689299957e-01,7.140347797193388191e-01,2.498830975298998447e-01,5.810884056581423485e-01,-5.538164919225006116e-02,2.791895044967644401e-01,-3.235977398393722337e-01,-1.611284272662537043e-01,-6.628744426756431884e-02,-2.948585529746098333e-01,8.252041117770355649e-01,-2.324540240584808681e-01,6.197325376803780594e-01,-6.934192827110885471e-01,-4.407031779620165235e-01,-4.271997705998868688e-02,9.015008340587323671e-03,6.514333959919802464e-01,3.754919149817181334e-01,6.277071599999999307e-01,2.666444535842995567e-01,-2.957435193182054722e-01,8.249664449041882452e-01,5.202315626645970248e-02,6.639345830201407450e-01,3.629424341974391566e-01,-3.748197052928440298e-01,-4.101472796372570007e-01,4.781558520746495566e-01,5.173427195734565665e-01,1.835411269926138789e-01,4.113418896962243165e-01,6.185832880439126047e-01
6.857587578589611210e-01,1.000000000000000000e+00,-6.626356686018907149e-01,5.610987728985087353e-01,-5.801769718466275316e-01,9.490874390870546184e-01,6.213834404754868812e-01,9.795875207241392379e-01,7.074421687145295845e-01,8.613940100792091270e-01,-8.021071760643020201e-03,4.175593070032470600e-01,-3.196848591677314277e-01,-4.312419567781817231e-01,1.411923355727153218e-01,-6.661265137657008673e-01,6.286069131698237555e-01,-1.947410690061862348e-01,4.981036612006956577e-01,-6.665306569226231437e-01,-9.192248087944138168e-01,2.802861287568274573e-01,-4.284654534703000728e-01,6.464054602319937448e-01,-2.006703323026553798e-01,9.638595800000000491e-01,-4.215574178438191710e-01,-4.640101218075363132e-01,8.382930257675375030e-01,-3.070956394281834645e-01,8.399830911764907815e-02,5.995921143140930942e-01,-7.735587090434949964e-01,-3.012173080473841136e-01,-7.624728295005173823e-03,9.125668342557783363e-01,-3.090073068652877675e-01,8.704037029240769829e-01,6.812785989944704079e-01
-6.332793630504564009e-01,-6.626356686018907149e-01,1.000000000000000000e+00,-4.616564513630609379e-01,2.184224681030616788e-01,-8.559235377156326763e-01,-6.763686375898347869e-01,-7.642968894148253201e-01,-7.058884209404046040e-01,-9.092027098586235034e-01,-3.794745962502246162e-01,2.864809957757695202e-01,-3.045250029599563812e-01,-1.245484600757170435e-01,-2.157409779185844867e-01,8.505302943490999912e-01,-5.385850052038021474e-01,4.577687433168777242e-01,-8.150407810548265797e-02,2.712965480199431845e-01,4.976690087162636833e-01,1.685613051636719872e-01,-2.659046363811919111e-02,-9.757220496387325470e-01,1.798452664710865345e-01,-8.080080199999999380e-01,3.120587899591482917e-02,5.566589664359823664e-02,-7.769223372833218288e-01,6.493255410992043730e-01,-3.200253639691851837e-01,-3.641733638372396387e-01,7.897256288892349207e-01,-2.585512798719824534e-01,-2.670633051165949290e-01,-7.359366689090974800e-01,1.333605512588427466e-01,-7.737396613334587281e-01,-9.268582584696704041e-01
5.734199371276960111e-01,5.610987728985087353e-01,-4.616564513630609379e-01,1.000000000000000000e+00,-6.199319938074330238e-01,5.535289118633414107e-01,2.023225764606810251e-01,6.471628336256487479e-01,4.064736805229346439e-01,4.379939825340413706e-01,-2.005083356101424186e-01,5.163976794136685422e-01,-5.687736678955055414e-01,-3.912424088571958003e-01,6.069093217127956991e-02,-3.021388571255288480e-01,6.313099930886715283e-01,-1.272986332141791133e-01,7.456453135017260259e-01,-5.961270791292928584e-01,-4.058668312263500333e-01,-1.777237717338527312e-01,3.134027613050208161e-02,3.653816859876126699e-01,4.416634754810423447e-01,5.450097000000000413e-01,-2.447132167253155133e-01,-4.804748548421202137e-01,5.816204840381340446e-01,2.146873048518349592e-01,3.946173211663849267e-01,5.301866779113329625e-02,-4.220572550903243791e-01,-3.379359176886213567e-01,9.183878220999318331e-02,4.463597284514211894e-01,-3.005897786715446829e-01,2.997616684323657910e-01,2.124188822466811510e-01
-2.566947144347252463e-01,-5.801769718466275316e-01,2.184224681030616788e-01,-6.199319938074330238e-01,1.000000000000000000e+00,-5.017306619160462056e-01,9.427716901560412310e-02,-5.654968035696058548e-01,-6.581271151148622156e-01,-4.579173799289221747e-01,-1.033583785979730885e-01,-6.077155806357041889e-01,4.671534772504469801e-01,8.689392239980436861e-01,-2.261735663398252161e-01,3.767607731233933444e-01,-3.980227766382585242e-02,-5.135125868080389067e-01,-4.173419950689302715e-01,6.048622177029948643e-01,6.600655815307452379e-01,-4.210765358406213799e-01,6.945767344424222944e-01,-2.202361241281616255e-01,3.657560744411992443e-02,-5.372690799999999545e-01,4.158719060901628906e-01,7.868268636463006116e-01,-3.524844735069381230e-01,1.682715355300018478e-02,-1.985493180413495651e-01,-2.668686191148994524e-01,2.622782796671665473e-01,1.144982977399750489e-02,2.326381877320528868e-01,-6.469788314022244524e-01,6.304644943799281309e-01,-4.461081126454976564e-01,-1.104472472058609933e-01
6.706482021335585797e-01,9.490874390870546184e-01,-8.559235377156326763e-01,5.535289118633414107e-01,-5.017306619160462056e-01,1.000000000000000000e+00,6.983493086303644848e-01,9.780987352955694547e-01,8.090450737649721447e-01,9.708410216572406215e-01,1.764770148620918300e-01,1.560697862802189750e-01,-6.832565990390289390e-02,-2.592269914290555310e-01,2.121640628584114396e-01,-8.260426513604627319e-01,6.006747758641965973e-01,-3.015956892848877802e-01,3.369827943009472970e-01,-5.344316713929515572e-01,-8.491217611417649636e-01,1.312476789519169684e-01,-3.157566886445133947e-01,8.328220960014106611e-01,-2.694928173155020645e-01,9.946792399999999645e-01,-3.441781571589638822e-01,-3.458581446393471648e-01,8.722479509496285921e-01,-5.154783373874721741e-01,1.387132704912211467e-01,5.599145864175135712e-01,-8.648604133923051274e-01,-5.342592234769254211e-02,6.035243062292475896e-02,9.394600590468099588e-01,-3.197312588083501272e-01,9.345378399341460751e-01,8.360297984790238113e-01
3.893573685689299957e-01,6.213834404754868812e-01,-6.763686375898347869e-01,2.023225764606810251e-01,9.427716901560412310e-02,6.983493086303644848e-01,1.000000000000000000e+00,6.317699415584577816e-01,4.383593203139881656e-01,6.777908436038703188e-01,1.896180117480093519e-01,-2.001859848728432811e-01,2.195711203631497965e-01,3.541587425500621333e-01,2.937948012697146338e-01,-6.639924736840979724e-01,6.098854037229378688e-01,-7.831387112326092526e-01,6.823102953977577823e-02,-1.240001930664131613e-01,-4.003963654435875319e-01,-7.651257957306621671e-02,1.604565305872883707e-01,6.583316405891452838e-01,-2.038743080868256619e-01,6.735821600000000409e-01,-2.441770377000480052e-01,2.997377776629869262e-01,6.258773736489922079e-01,-5.246177300569405677e-01,-1.423607885282211216e-01,1.550440309319370547e-01,-7.901416886758094726e-01,-1.105062052163227199e-01,2.633484314706615037e-01,5.890017618915307507e-01,8.740758240934573542e-02,6.685997868991980786e-01,7.707750568755483700e-01
7.140347797193388191e-01,9.795875207241392379e-01,-7.642968894148253201e-01,6.471628336256487479e-01,-5.654968035696058548e-01,9.780987352955694547e-01,6.317699415584577816e-01,1.000000000000000000e+00,7.492423935379248778e-01,9.070689160881640900e-01,2.693912643923942335e-02,3.468633218816495334e-01,-2.715679602956980743e-01,-3.701810304120611850e-01,1.370207058204927220e-01,-7.098195741236948964e-01,6.735480683219786657e-01,-2.553323526896847384e-01,5.124423072133754697e-01,-6.446745912411555590e-01,-8.783687619253458534e-01,1.692815317676521214e-01,-3.252751590755511568e-01,7.297156250536972477e-01,-1.595767066184457239e-01,9.826103600000000160e-01,-3.785701767611489577e-01,-4.586437720644325200e-01,8.929325989261726049e-01,-3.372192461544982756e-01,1.578415368389889661e-01,5.479479361886998579e-01,-8.119028469660389824e-01,-2.244052514345053206e-01,2.504470128785719202e-02,9.055544759603476601e-01,-3.320544859325573195e-01,8.761563760667667733e-01,7.281625705031220530e-01
2.498830975298998447e-01,7.074421687145295845e-01,-7.058884209404046040e-01,4.064736805229346439e-01,-6.581271151148622156e-01,8.090450737649721447e-01,4.383593203139881656e-01,7.492423935379248778e-01,1.000000000000000000e+00,8.695351832073604514e-01,4.214463224629599880e-01,3.423131304286345516e-02,1.259280009397915623e-01,-3.724384947307360361e-01,2.565970912938422277e-01,-8.683443817851491664e-01,1.274445982869994998e-01,6.072167699756714221e-03,4.252337187536336244e-02,-3.337284311631739664e-01,-7.455077717385040215e-01,3.242406833569857483e-01,-4.888392561124507707e-01,6.928716693522252168e-01,-4.826603406180983713e-01,8.208514200000001093e-01,-4.265316639049940295e-01,-4.664553800715445786e-01,5.978286925981080024e-01,-6.610432769858695101e-01,-2.729694972427952789e-03,3.639811883873223519e-01,-7.262935157657151031e-01,3.730639809599128331e-01,-2.337487275498617845e-01,8.652775973263946430e-01,-6.371201247356780284e-01,8.631676932747820441e-01,6.383727254067043111e-01
5.810884056581423485e-01,8.613940100792091270e-01,-9.092027098586235034e-01,4.379939825340413706e-01,-4.579173799289221747e-01,9.708410216572406215e-01,6.777908436038703188e-01,9.070689160881640900e-01,8.695351832073604514e-01,1.000000000000000000e+00,3.661766280991272104e-01,-3.355027336939803845e-02,1.419309093585721937e-01,-1.869953802240683360e-01,2.822485629455170897e-01,-8.976614892081964392e-01,4.598872445545902354e-01,-2.637177693537418599e-01,1.480076522871258127e-01,-4.117446343800720832e-01,-7.844440252236265509e-01,1.244612396687366507e-01,-3.288870776041437072e-01,9.050908528343238890e-01,-3.766689719132366165e-01,9.576194200000001100e-01,-2.712413364685562489e-01,-2.776410365875182085e-01,8.260131949615475699e-01,-6.754150821522940662e-01,1.526684466389572892e-01,5.239832939963566805e-01,-8.444964629939989420e-01,1.785607827134660652e-01,7.601114147180398906e-02,9.358656823941930991e-01,-3.479954005852946564e-01,9.496836382503577312e-01,8.975713356389688480e-01
-5.538164919225006116e-02,-8.021071760643020201e-03,-3.794745962502246162e-01,-2.005083356101424186e-01,-1.033583785979730885e-01,1.764770148620918300e-01,1.896180117480093519e-01,2.693912643923942335e-02,4.214463224629599880e-01,3.661766280991272104e-01,1.000000000000000000e+00,-5.169630383105444649e-01,6.615509376652527473e-01,4.264990546517002934e-02,6.755814856352528874e-01,-4.525028848560089245e-01,-3.234312791004139709e-01,1.789889733356611057e-01,-5.318697365758031648e-01,2.385458161013372380e-01,3.949163270998872627e-02,-1.803359903288444602e-02,-2.835102025538173143e-01,5.190092049041274969e-01,-2.444539381009223633e-01,1.336505199999999949e-01,3.169011899035719670e-01,2.347095313146578821e-01,1.398049755467823119e-01,-6.322786409990412970e-01,2.927168789356155987e-01,-1.677429336364973378e-01,-1.118398291058683713e-02,7.583010794039916069e-01,4.235176714402019704e-01,3.497315311313574093e-01,-1.874348362824401759e-01,2.471553973376791891e-01,4.692298286764226556e-01
2.791895044967644401e-01,4.175593070032470600e-01,2.864809957757695202e-01,5.163976794136685422e-01,-6.077155806357041889e-01,1.560697862802189750e-01,-2.001859848728432811e-01,3.468633218816495334e-01,3.423131304286345516e-02,-3.355027336939803845e-02,-5.169630383105444649e-01,1.000000000000000000e+00,-9.650969368335090559e-01,-7.809246692206779361e-01,-1.561515732150464131e-01,2.812795382072190709e-01,3.092885148303882725e-01,3.607542850871930384e-01,8.175191269084070012e-01,-6.707872812044063382e-01,-4.446158851005049817e-01,3.677327787187185670e-01,-3.922743936009802646e-01,-3.089558813101545010e-01,3.366466397311716485e-01,2.125890800000000969e-01,-3.198038348112262619e-01,-7.020396767269655447e-01,2.472968280950599007e-01,6.393089409128535072e-01,8.057446990290637046e-02,1.209491263150971746e-01,7.397356806699334486e-02,-7.241435570485185158e-01,-2.053880773361340395e-01,1.885009160348627699e-01,-2.732066310777377938e-01,1.454902800241992047e-02,-3.290624989325171001e-01
-3.235977398393722337e-01,-3.196848591677314277e-01,-3.045250029599563812e-01,-5.687736678955055414e-01,4.671534772504469801e-01,-6.832565990390289390e-02,2.195711203631497965e-01,-2.715679602956980743e-01,1.259280009397915623e-01,1.419309093585721937e-01,6.615509376652527473e-01,-9.650969368335090559e-01,1.000000000000000000e+00,6.291701801403556393e-01,2.812674880356438312e-01,-3.883679719673353570e-01,-4.168454682229066899e-01,-2.266070005439804469e-01,-8.849286658801116534e-01,6.409163970987454828e-01,2.965506359506099310e-01,-2.174793186845070392e-01,1.591247981603312878e-01,3.563800986527279058e-01,-4.995614234583041768e-01,-1.131235400000000224e-01,2.362781719620108689e-01,6.183687651544000907e-01,-2.127991128788386255e-01,-7.689230386879067902e-01,-1.323782207078122997e-01,-4.295320772543624599e-02,-1.132528333626563743e-01,8.202978766322045479e-01,1.491682836906788323e-01,-2.986457739820785884e-02,1.280820749806995118e-01,1.233981876873433969e-01,3.888572940092447361e-01
-1.611284272662537043e-01,-4.312419567781817231e-01,-1.245484600757170435e-01,-3.912424088571958003e-01,8.689392239980436861e-01,-2.592269914290555310e-01,3.541587425500621333e-01,-3.701810304120611850e-01,-3.724384947307360361e-01,-1.869953802240683360e-01,4.264990546517002934e-02,-7.809246692206779361e-01,6.291701801403556393e-01,1.000000000000000000e+00,-1.186658433150214603e-01,1.608537307375456499e-02,9.515510986875849730e-02,-7.429196950428190727e-01,-4.438294202611078321e-01,5.515310961674528833e-01,5.944478311148853056e-01,-4.601676110709929657e-01,8.143294643298323310e-01,9.093411994021161071e-02,2.115679252109383887e-02,-3.158049600000000234e-01,3.121366970308998567e-01,8.093376381215294790e-01,-1.968993716010449535e-01,-2.277850406929506910e-01,-1.494265238483430958e-01,-3.197366717099181521e-01,-6.433585098326649598e-02,1.853597831507096672e-01,2.657661834937470879e-01,-4.380363894897295607e-01,5.955502154215592814e-01,-2.299659116128489056e-01,1.666521634838016852e-01
-6.628744426756431884e-02,1.411923355727153218e-01,-2.157409779185844867e-01,6.069093217127956991e-02,-2.261735663398252161e-01,2.121640628584114396e-01,2.937948012697146338e-01,1.370207058204927220e-01,2.565970912938422277e-01,2.822485629455170897e-01,6.755814856352528874e-01,-1.561515732150464131e-01,2.812674880356438312e-01,-1.186658433150214603e-01,1.000000000000000000e+00,-3.190461283490861333e-01,-1.394319179257140773e-01,9.407084308779445347e-02,-2.469284108373050735e-01,5.893129046628692996e-02,-9.124654245634195027e-02,-2.559353494937914308e-01,-3.176588841784139250e-01,3.156015174747264229e-01,-9.649047162720229831e-02,1.917018200000000228e-01,-2.648359452438538153e-02,3.196317458608611273e-01,8.502936982561166979e-02,-3.712077074054210835e-01,1.078312600849599401e-01,-1.053224408012068819e-01,-9.114301759765622291e-02,3.216088593314970212e-01,4.837149534461860356e-01,3.873418617877037451e-01,-9.333203551521847274e-02,2.282071305622942192e-01,3.105874376644982560e-01
-2.948585529746098333e-01,-6.661265137657008673e-01,8.505302943490999912e-01,-3.021388571255288480e-01,3.767607731233933444e-01,-8.260426513604627319e-01,-6.639924736840979724e-01,-7.098195741236948964e-01,-8.683443817851491664e-01,-8.976614892081964392e-01,-4.525028848560089245e-01,2.812795382072190709e-01,-3.883679719673353570e-01,1.608537307375456499e-02,-3.190461283490861333e-01,1.000000000000000000e+00,-2.012180867919219629e-01,3.060737315784451962e-01,1.755907003791531140e-01,9.584231437748161331e-02,6.357176431497724156e-01,-6.738585922650593141e-02,2.768622956182287265e-01,-8.232794156239432448e-01,5.304080113907374550e-01,-8.138621200000000222e-01,3.908412688261367895e-01,8.959515316556213027e-02,-5.410662918418956968e-01,8.408398559681473650e-01,7.562731241937867277e-02,-4.529245620780236181e-01,8.643729693552859583e-01,-4.070627066296532148e-01,6.838984643893539217e-02,-8.396240326892246975e-01,4.197802025707223494e-01,-8.885667738640474766e-01,-8.128512381972721190e-01
8.252041117770355649e-01,6.286069131698237555e-01,-5.385850052038021474e-01,6.313099930886715283e-01,-3.980227766382585242e-02,6.006747758641965973e-01,6.098854037229378688e-01,6.735480683219786657e-01,1.274445982869994998e-01,4.598872445545902354e-01,-3.234312791004139709e-01,3.092885148303882725e-01,-4.168454682229066899e-01,9.515510986875849730e-02,-1.394319179257140773e-01,-2.012180867919219629e-01,1.000000000000000000e+00,-6.224001940341783445e-01,7.420566679961689838e-01,-6.006901072957150367e-01,-3.280643900796261780e-01,-1.561844065835144568e-01,3.559975229844546951e-01,4.830263443408005508e-01,4.370944018332679759e-01,5.683222999999999470e-01,3.630975147655947366e-02,-1.140126770337852175e-01,7.871898363981603142e-01,1.715285783294351329e-01,3.587983349462976479e-01,1.210752442407662388e-01,-5.032587540324444664e-01,-6.263770098522436491e-01,3.737112000413391755e-01,3.536681766422185014e-01,2.737506456496401896e-01,3.373994718527336123e-01,4.983947425601815695e-01
-2.324540240584808681e-01,-1.947410690061862348e-01,4.577687433168777242e-01,-1.272986332141791133e-01,-5.135125868080389067e-01,-3.015956892848877802e-01,-7.831387112326092526e-01,-2.553323526896847384e-01,6.072167699756714221e-03,-2.637177693537418599e-01,1.789889733356611057e-01,3.607542850871930384e-01,-2.266070005439804469e-01,-7.429196950428190727e-01,9.407084308779445347e-02,3.060737315784451962e-01,-6.224001940341783445e-01,1.000000000000000000e+00,-6.073309162274248552e-02,-1.211440458128559272e-01,-4.685487181296010828e-02,3.681728163488173777e-01,-6.953432457882940954e-01,-3.613224933749724088e-01,-3.082245025574462116e-02,-2.646017999999999981e-01,9.382170620574759035e-02,-5.028405486854202744e-01,-3.291101835824317701e-01,2.339755163424684925e-01,1.982384085220413317e-01,6.409798408400713132e-02,5.811083314414253742e-01,2.089366325604881114e-01,-1.913778116882469682e-01,-5.194187736847966086e-02,-3.694804337930976401e-01,-2.391472812859690433e-01,-4.530264716518737078e-01
6.197325376803780594e-01,4.981036612006956577e-01,-8.150407810548265797e-02,7.456453135017260259e-01,-4.173419950689302715e-01,3.369827943009472970e-01,6.823102953977577823e-02,5.124423072133754697e-01,4.252337187536336244e-02,1.480076522871258127e-01,-5.318697365758031648e-01,8.175191269084070012e-01,-8.849286658801116534e-01,-4.438294202611078321e-01,-2.469284108373050735e-01,1.755907003791531140e-01,7.420566679961689838e-01,-6.073309162274248552e-02,1.000000000000000000e+00,-7.848777908057180674e-01,-3.406607727478773162e-01,1.046873531971166255e-01,5.438385704584575847e-02,2.660233888710650252e-02,5.938284386739768328e-01,3.481054199999999987e-01,-8.240911508968680466e-02,-5.752177589373704825e-01,5.686371166859855997e-01,6.175642845520652457e-01,3.742686968796701819e-01,2.222638501254898136e-03,-1.221367655881365755e-01,-7.690154306698281372e-01,8.882323684042381373e-02,1.950642148253224906e-01,-4.593370280671416062e-03,6.499192312510564118e-02,-2.470057706902569275e-02
-6.934192827110885471e-01,-6.665306569226231437e-01,2.712965480199431845e-01,-5.961270791292928584e-01,6.048622177029948643e-01,-5.344316713929515572e-01,-1.240001930664131613e-01,-6.446745912411555590e-01,-3.337284311631739664e-01,-4.117446343800720832e-01,2.385458161013372380e-01,-6.707872812044063382e-01,6.409163970987454828e-01,5.515310961674528833e-01,5.893129046628692996e-02,9.584231437748161331e-02,-6.006901072957150367e-01,-1.211440458128559272e-01,-7.848777908057180674e-01,1.000000000000000000e+00,5.434754142850994896e-01,-3.632721777446953904e-01,2.555166450823484481e-01,-2.940858737325036665e-01,-3.364907117086681221e-01,-5.375025399999999731e-01,4.204044475208325998e-02,6.393667884751353947e-01,-6.256622527550647073e-01,-2.775417513399751623e-01,-4.667780932411704775e-01,-2.222942412250012711e-01,2.469841448489658309e-01,4.992165466441634836e-01,-1.198054252247193752e-01,-4.769415114209300532e-01,-7.216700412165853729e-02,-3.338886681943433743e-01,-2.717030095101930498e-01
-4.407031779620165235e-01,-9.192248087944138168e-01,4.976690087162636833e-01,-4.058668312263500333e-01,6.600655815307452379e-01,-8.491217611417649636e-01,-4.003963654435875319e-01,-8.783687619253458534e-01,-7.455077717385040215e-01,-7.844440252236265509e-01,3.949163270998872627e-02,-4.446158851005049817e-01,2.965506359506099310e-01,5.944478311148853056e-01,-9.124654245634195027e-02,6.357176431497724156e-01,-3.280643900796261780e-01,-4.685487181296010828e-02,-3.406607727478773162e-01,5.434754142850994896e-01,1.000000000000000000e+00,-4.043050922750767162e-01,6.593484947999366241e-01,-4.716928230157440005e-01,4.662567099759813982e-01,-8.941422399999999771e-01,5.926904427506776152e-01,5.920975759799324001e-01,-6.393859494150091471e-01,3.682334411211124481e-01,1.365836256297486284e-01,-7.522458484553633529e-01,7.065409838109510954e-01,1.694338986290495064e-01,3.117450208070175477e-01,-8.831186551262263373e-01,5.291882570110012507e-01,-8.815928351336408397e-01,-5.100611191020251178e-01
-4.271997705998868688e-02,2.802861287568274573e-01,1.685613051636719872e-01,-1.777237717338527312e-01,-4.210765358406213799e-01,1.312476789519169684e-01,-7.651257957306621671e-02,1.692815317676521214e-01,3.242406833569857483e-01,1.244612396687366507e-01,-1.803359903288444602e-02,3.677327787187185670e-01,-2.174793186845070392e-01,-4.601676110709929657e-01,-2.559353494937914308e-01,-6.738585922650593141e-02,-1.561844065835144568e-01,3.681728163488173777e-01,1.046873531971166255e-01,-3.632721777446953904e-01,-4.043050922750767162e-01,1.000000000000000000e+00,-5.343621411186566528e-01,-1.091570804639451220e-01,-3.067077618103493664e-01,1.868155199999999017e-01,-2.658974313223010366e-01,-5.778381426771617146e-01,9.760228833234289858e-02,-3.272464548403208884e-02,-1.855200296327088605e-01,1.449901458251412201e-01,-3.948599507192564195e-02,-5.944279649740081412e-02,-4.684950853280784866e-01,2.623385821633754111e-01,-2.478479985084028336e-01,2.490343513015461918e-01,-1.619214362673734517e-02
9.015008340587323671e-03,-4.284654534703000728e-01,-2.659046363811919111e-02,3.134027613050208161e-02,6.945767344424222944e-01,-3.157566886445133947e-01,1.604565305872883707e-01,-3.252751590755511568e-01,-4.888392561124507707e-01,-3.288870776041437072e-01,-2.835102025538173143e-01,-3.922743936009802646e-01,1.591247981603312878e-01,8.143294643298323310e-01,-3.176588841784139250e-01,2.768622956182287265e-01,3.559975229844546951e-01,-6.953432457882940954e-01,5.438385704584575847e-02,2.555166450823484481e-01,6.593484947999366241e-01,-5.343621411186566528e-01,1.000000000000000000e+00,-5.926801757145194749e-02,4.842753812773680777e-01,-3.714978799999999470e-01,3.423824572010328859e-01,5.327999888093156722e-01,-9.748640075040848618e-02,2.488241379495771399e-01,9.857137552303706085e-02,-5.246769329060662068e-01,6.250803662225902502e-02,-1.392077048324255883e-01,2.819108396867106014e-01,-5.783404250878010355e-01,5.929692958882126774e-01,-4.487536221254680990e-01,-7.122040204520495299e-02
6.514333959919802464e-01,6.464054602319937448e-01,-9.757220496387325470e-01,3.653816859876126699e-01,-2.202361241281616255e-01,8.328220960014106611e-01,6.583316405891452838e-01,7.297156250536972477e-01,6.928716693522252168e-01,9.050908528343238890e-01,5.190092049041274969e-01,-3.089558813101545010e-01,3.563800986527279058e-01,9.093411994021161071e-02,3.156015174747264229e-01,-8.232794156239432448e-01,4.830263443408005508e-01,-3.613224933749724088e-01,2.660233888710650252e-02,-2.940858737325036665e-01,-4.716928230157440005e-01,-1.091570804639451220e-01,-5.926801757145194749e-02,1.000000000000000000e+00,-1.689268297611042913e-01,7.788116000000000483e-01,9.252959721845965824e-02,-2.495517883553111105e-02,7.800384167125931079e-01,-6.695648404183572877e-01,4.114582313122950863e-01,3.340973633569500056e-01,-6.946482442082735353e-01,3.059381217204769632e-01,3.874530032450033135e-01,7.545582696418512425e-01,-7.586950844550310880e-02,7.533960232463102757e-01,9.619919071858391568e-01
3.754919149817181334e-01,-2.006703323026553798e-01,1.798452664710865345e-01,4.416634754810423447e-01,3.657560744411992443e-02,-2.694928173155020645e-01,-2.038743080868256619e-01,-1.595767066184457239e-01,-4.826603406180983713e-01,-3.766689719132366165e-01,-2.444539381009223633e-01,3.366466397311716485e-01,-4.995614234583041768e-01,2.115679252109383887e-02,-9.649047162720229831e-02,5.304080113907374550e-01,4.370944018332679759e-01,-3.082245025574462116e-02,5.938284386739768328e-01,-3.364907117086681221e-01,4.662567099759813982e-01,-3.067077618103493664e-01,4.842753812773680777e-01,-1.689268297611042913e-01,1.000000000000000000e+00,-3.165862799999999977e-01,5.224228088008787685e-01,9.897465154313281593e-04,7.429919481599274456e-02,7.744860733073031245e-01,6.646997793017674905e-01,-5.611284616375195045e-01,4.409273754744058582e-01,-4.920852295501655371e-01,5.609881163418335426e-01,-3.812345455909044167e-01,4.441561074890705285e-01,-5.913661210855388761e-01,-2.768599477245790585e-01
6.277071599999999307e-01,9.638595800000000491e-01,-8.080080199999999380e-01,5.450097000000000413e-01,-5.372690799999999545e-01,9.946792399999999645e-01,6.735821600000000409e-01,9.826103600000000160e-01,8.208514200000001093e-01,9.576194200000001100e-01,1.336505199999999949e-01,2.125890800000000969e-01,-1.131235400000000224e-01,-3.158049600000000234e-01,1.917018200000000228e-01,-8.138621200000000222e-01,5.683222999999999470e-01,-2.646017999999999981e-01,3.481054199999999987e-01,-5.375025399999999731e-01,-8.941422399999999771e-01,1.868155199999999017e-01,-3.714978799999999470e-01,7.788116000000000483e-01,-3.165862799999999977e-01,1.000000000000000000e+00,-4.186307599999999907e-01,-3.950152999999999581e-01,8.492430200000000706e-01,-5.016594199999999670e-01,6.853577999999993509e-02,5.920267599999999852e-01,-8.679101200000000071e-01,-7.850674000000001929e-02,-2.297002000000003541e-02,9.469750800000000801e-01,-3.774844400000000322e-01,9.484000599999999892e-01,7.901921800000000218e-01
2.666444535842995567e-01,-4.215574178438191710e-01,3.120587899591482917e-02,-2.447132167253155133e-01,4.158719060901628906e-01,-3.441781571589638822e-01,-2.441770377000480052e-01,-3.785701767611489577e-01,-4.265316639049940295e-01,-2.712413364685562489e-01,3.169011899035719670e-01,-3.198038348112262619e-01,2.362781719620108689e-01,3.121366970308998567e-01,-2.648359452438538153e-02,3.908412688261367895e-01,3.630975147655947366e-02,9.382170620574759035e-02,-8.240911508968680466e-02,4.204044475208325998e-02,5.926904427506776152e-01,-2.658974313223010366e-01,3.423824572010328859e-01,9.252959721845965824e-02,5.224228088008787685e-01,-4.186307599999999907e-01,1.000000000000000000e+00,2.680980167798751035e-01,-4.042370611013089074e-04,2.203830526652187372e-01,7.266711423435938677e-01,-3.725903664348220179e-01,5.738467334307199019e-01,1.283335270434559083e-01,6.906105567115368160e-01,-3.992971459118541122e-01,5.553147090020368326e-01,-4.905203303129130332e-01,3.240359257798434284e-02
-2.957435193182054722e-01,-4.640101218075363132e-01,5.566589664359823664e-02,-4.804748548421202137e-01,7.868268636463006116e-01,-3.458581446393471648e-01,2.997377776629869262e-01,-4.586437720644325200e-01,-4.664553800715445786e-01,-2.776410365875182085e-01,2.347095313146578821e-01,-7.020396767269655447e-01,6.183687651544000907e-01,8.093376381215294790e-01,3.196317458608611273e-01,8.959515316556213027e-02,-1.140126770337852175e-01,-5.028405486854202744e-01,-5.752177589373704825e-01,6.393667884751353947e-01,5.920975759799324001e-01,-5.778381426771617146e-01,5.327999888093156722e-01,-2.495517883553111105e-02,9.897465154313281593e-04,-3.950152999999999581e-01,2.680980167798751035e-01,1.000000000000000000e+00,-3.639466834076969248e-01,-2.171300707809559749e-01,-1.794011720193988968e-01,-3.048635890494152401e-01,1.147481536195901486e-01,1.882111991782642046e-01,4.656399345413004265e-01,-3.873824947532113483e-01,5.550773082322328911e-01,-2.923660430807514254e-01,6.824634352967993978e-02
8.249664449041882452e-01,8.382930257675375030e-01,-7.769223372833218288e-01,5.816204840381340446e-01,-3.524844735069381230e-01,8.722479509496285921e-01,6.258773736489922079e-01,8.929325989261726049e-01,5.978286925981080024e-01,8.260131949615475699e-01,1.398049755467823119e-01,2.472968280950599007e-01,-2.127991128788386255e-01,-1.968993716010449535e-01,8.502936982561166979e-02,-5.410662918418956968e-01,7.871898363981603142e-01,-3.291101835824317701e-01,5.686371166859855997e-01,-6.256622527550647073e-01,-6.393859494150091471e-01,9.760228833234289858e-02,-9.748640075040848618e-02,7.800384167125931079e-01,7.429919481599274456e-02,8.492430200000000706e-01,-4.042370611013089074e-04,-3.639466834076969248e-01,1.000000000000000000e+00,-2.266376570323523909e-01,4.246235546246386883e-01,2.929639077819207738e-01,-6.224494693603577211e-01,-2.176192754905303395e-01,2.977519105625616724e-01,7.437185173212812472e-01,-1.407367503502389705e-01,6.998438109724708367e-01,7.635561913654458355e-01
5.202315626645970248e-02,-3.070956394281834645e-01,6.493255410992043730e-01,2.146873048518349592e-01,1.682715355300018478e-02,-5.154783373874721741e-01,-5.246177300569405677e-01,-3.372192461544982756e-01,-6.610432769858695101e-01,-6.754150821522940662e-01,-6.322786409990412970e-01,6.393089409128535072e-01,-7.689230386879067902e-01,-2.277850406929506910e-01,-3.712077074054210835e-01,8.408398559681473650e-01,1.715285783294351329e-01,2.339755163424684925e-01,6.175642845520652457e-01,-2.775417513399751623e-01,3.682334411211124481e-01,-3.272464548403208884e-02,2.488241379495771399e-01,-6.695648404183572877e-01,7.744860733073031245e-01,-5.016594199999999670e-01,2.203830526652187372e-01,-2.171300707809559749e-01,-2.266376570323523909e-01,1.000000000000000000e+00,2.434387751811506462e-01,-3.875965094027813418e-01,6.228326099528352922e-01,-6.975470428864768424e-01,7.148796475940755180e-02,-5.747294889199301426e-01,2.760663421176541288e-01,-7.156302019563136607e-01,-7.143912582088332019e-01
6.639345830201407450e-01,8.399830911764907815e-02,-3.200253639691851837e-01,3.946173211663849267e-01,-1.985493180413495651e-01,1.387132704912211467e-01,-1.423607885282211216e-01,1.578415368389889661e-01,-2.729694972427952789e-03,1.526684466389572892e-01,2.927168789356155987e-01,8.057446990290637046e-02,-1.323782207078122997e-01,-1.494265238483430958e-01,1.078312600849599401e-01,7.562731241937867277e-02,3.587983349462976479e-01,1.982384085220413317e-01,3.742686968796701819e-01,-4.667780932411704775e-01,1.365836256297486284e-01,-1.855200296327088605e-01,9.857137552303706085e-02,4.114582313122950863e-01,6.646997793017674905e-01,6.853577999999993509e-02,7.266711423435938677e-01,-1.794011720193988968e-01,4.246235546246386883e-01,2.434387751811506462e-01,1.000000000000000000e+00,-1.820440304824303135e-01,2.458751021456000718e-01,-4.035947858184014969e-03,7.042729817001471826e-01,8.520830554090061404e-02,2.607822778130884922e-01,-1.359970303794516000e-01,2.612487880622829106e-01
3.629424341974391566e-01,5.995921143140930942e-01,-3.641733638372396387e-01,5.301866779113329625e-02,-2.668686191148994524e-01,5.599145864175135712e-01,1.550440309319370547e-01,5.479479361886998579e-01,3.639811883873223519e-01,5.239832939963566805e-01,-1.677429336364973378e-01,1.209491263150971746e-01,-4.295320772543624599e-02,-3.197366717099181521e-01,-1.053224408012068819e-01,-4.529245620780236181e-01,1.210752442407662388e-01,6.409798408400713132e-02,2.222638501254898136e-03,-2.222942412250012711e-01,-7.522458484553633529e-01,1.449901458251412201e-01,-5.246769329060662068e-01,3.340973633569500056e-01,-5.611284616375195045e-01,5.920267599999999852e-01,-3.725903664348220179e-01,-3.048635890494152401e-01,2.929639077819207738e-01,-3.875965094027813418e-01,-1.820440304824303135e-01,1.000000000000000000e+00,-5.029791724298346978e-01,-8.487631324494197826e-02,-3.029977216541167584e-01,5.587213110109643388e-01,-2.539702082291193652e-01,6.528710486950546343e-01,3.975260512864100537e-01
-3.748197052928440298e-01,-7.735587090434949964e-01,7.897256288892349207e-01,-4.220572550903243791e-01,2.622782796671665473e-01,-8.648604133923051274e-01,-7.901416886758094726e-01,-8.119028469660389824e-01,-7.262935157657151031e-01,-8.444964629939989420e-01,-1.118398291058683713e-02,7.397356806699334486e-02,-1.132528333626563743e-01,-6.433585098326649598e-02,-9.114301759765622291e-02,8.643729693552859583e-01,-5.032587540324444664e-01,5.811083314414253742e-01,-1.221367655881365755e-01,2.469841448489658309e-01,7.065409838109510954e-01,-3.948599507192564195e-02,6.250803662225902502e-02,-6.946482442082735353e-01,4.409273754744058582e-01,-8.679101200000000071e-01,5.738467334307199019e-01,1.147481536195901486e-01,-6.224494693603577211e-01,6.228326099528352922e-01,2.458751021456000718e-01,-5.029791724298346978e-01,1.000000000000000000e+00,-1.198300964496531139e-02,1.854233166535393384e-01,-7.579209062738594405e-01,2.671128758215235433e-01,-8.866457999640910970e-01,-7.395372678925274945e-01
-4.101472796372570007e-01,-3.012173080473841136e-01,-2.585512798719824534e-01,-3.379359176886213567e-01,1.144982977399750489e-02,-5.342592234769254211e-02,-1.105062052163227199e-01,-2.244052514345053206e-01,3.730639809599128331e-01,1.785607827134660652e-01,7.583010794039916069e-01,-7.241435570485185158e-01,8.202978766322045479e-01,1.853597831507096672e-01,3.216088593314970212e-01,-4.070627066296532148e-01,-6.263770098522436491e-01,2.089366325604881114e-01,-7.690154306698281372e-01,4.992165466441634836e-01,1.694338986290495064e-01,-5.944279649740081412e-02,-1.392077048324255883e-01,3.059381217204769632e-01,-4.920852295501655371e-01,-7.850674000000001929e-02,1.283335270434559083e-01,1.882111991782642046e-01,-2.176192754905303395e-01,-6.975470428864768424e-01,-4.035947858184014969e-03,-8.487631324494197826e-02,-1.198300964496531139e-02,1.000000000000000000e+00,-5.352668010061591153e-02,7.511941809689653970e-02,-2.847310776258355491e-01,1.356325089542926021e-01,2.253246955391381423e-01
4.781558520746495566e-01,-7.624728295005173823e-03,-2.670633051165949290e-01,9.183878220999318331e-02,2.326381877320528868e-01,6.035243062292475896e-02,2.633484314706615037e-01,2.504470128785719202e-02,-2.337487275498617845e-01,7.601114147180398906e-02,4.235176714402019704e-01,-2.053880773361340395e-01,1.491682836906788323e-01,2.657661834937470879e-01,4.837149534461860356e-01,6.838984643893539217e-02,3.737112000413391755e-01,-1.913778116882469682e-01,8.882323684042381373e-02,-1.198054252247193752e-01,3.117450208070175477e-01,-4.684950853280784866e-01,2.819108396867106014e-01,3.874530032450033135e-01,5.609881163418335426e-01,-2.297002000000003541e-02,6.906105567115368160e-01,4.656399345413004265e-01,2.977519105625616724e-01,7.148796475940755180e-02,7.042729817001471826e-01,-3.029977216541167584e-01,1.854233166535393384e-01,-5.352668010061591153e-02,1.000000000000000000e+00,1.633061178254209198e-02,5.530571827905182980e-01,-1.584526959315964711e-01,3.638459188662437893e-01
5.173427195734565665e-01,9.125668342557783363e-01,-7.359366689090974800e-01,4.463597284514211894e-01,-6.469788314022244524e-01,9.394600590468099588e-01,5.890017618915307507e-01,9.055544759603476601e-01,8.652775973263946430e-01,9.358656823941930991e-01,3.497315311313574093e-01,1.885009160348627699e-01,-2.986457739820785884e-02,-4.380363894897295607e-01,3.873418617877037451e-01,-8.396240326892246975e-01,3.536681766422185014e-01,-5.194187736847966086e-02,1.950642148253224906e-01,-4.769415114209300532e-01,-8.831186551262263373e-01,2.623385821633754111e-01,-5.783404250878010355e-01,7.545582696418512425e-01,-3.812345455909044167e-01,9.469750800000000801e-01,-3.992971459118541122e-01,-3.873824947532113483e-01,7.437185173212812472e-01,-5.747294889199301426e-01,8.520830554090061404e-02,5.587213110109643388e-01,-7.579209062738594405e-01,7.511941809689653970e-02,1.633061178254209198e-02,1.000000000000000000e+00,-4.636604160723084012e-01,9.316123560245259672e-01,7.580311937500412434e-01
1.835411269926138789e-01,-3.090073068652877675e-01,1.333605512588427466e-01,-3.005897786715446829e-01,6.304644943799281309e-01,-3.197312588083501272e-01,8.740758240934573542e-02,-3.320544859325573195e-01,-6.371201247356780284e-01,-3.479954005852946564e-01,-1.874348362824401759e-01,-2.732066310777377938e-01,1.280820749806995118e-01,5.955502154215592814e-01,-9.333203551521847274e-02,4.197802025707223494e-01,2.737506456496401896e-01,-3.694804337930976401e-01,-4.593370280671416062e-03,-7.216700412165853729e-02,5.291882570110012507e-01,-2.478479985084028336e-01,5.929692958882126774e-01,-7.586950844550310880e-02,4.441561074890705285e-01,-3.774844400000000322e-01,5.553147090020368326e-01,5.550773082322328911e-01,-1.407367503502389705e-01,2.760663421176541288e-01,2.607822778130884922e-01,-2.539702082291193652e-01,2.671128758215235433e-01,-2.847310776258355491e-01,5.530571827905182980e-01,-4.636604160723084012e-01,1.000000000000000000e+00,-4.298050257000263219e-01,2.461712383624824543e-02
4.113418896962243165e-01,8.704037029240769829e-01,-7.737396613334587281e-01,2.997616684323657910e-01,-4.461081126454976564e-01,9.345378399341460751e-01,6.685997868991980786e-01,8.761563760667667733e-01,8.631676932747820441e-01,9.496836382503577312e-01,2.471553973376791891e-01,1.454902800241992047e-02,1.233981876873433969e-01,-2.299659116128489056e-01,2.282071305622942192e-01,-8.885667738640474766e-01,3.373994718527336123e-01,-2.391472812859690433e-01,6.499192312510564118e-02,-3.338886681943433743e-01,-8.815928351336408397e-01,2.490343513015461918e-01,-4.487536221254680990e-01,7.533960232463102757e-01,-5.913661210855388761e-01,9.484000599999999892e-01,-4.905203303129130332e-01,-2.923660430807514254e-01,6.998438109724708367e-01,-7.156302019563136607e-01,-1.359970303794516000e-01,6.528710486950546343e-01,-8.866457999640910970e-01,1.356325089542926021e-01,-1.584526959315964711e-01,9.316123560245259672e-01,-4.298050257000263219e-01,1.000000000000000000e+00,7.993699223568191403e-01
6.185832880439126047e-01,6.812785989944704079e-01,-9.268582584696704041e-01,2.124188822466811510e-01,-1.104472472058609933e-01,8.360297984790238113e-01,7.707750568755483700e-01,7.281625705031220530e-01,6.383727254067043111e-01,8.975713356389688480e-01,4.692298286764226556e-01,-3.290624989325171001e-01,3.888572940092447361e-01,1.666521634838016852e-01,3.105874376644982560e-01,-8.128512381972721190e-01,4.983947425601815695e-01,-4.530264716518737078e-01,-2.470057706902569275e-02,-2.717030095101930498e-01,-5.100611191020251178e-01,-1.619214362673734517e-02,-7.122040204520495299e-02,9.619919071858391568e-01,-2.768599477245790585e-01,7.901921800000000218e-01,3.240359257798434284e-02,6.824634352967993978e-02,7.635561913654458355e-01,-7.143912582088332019e-01,2.612487880622829106e-01,3.975260512864100537e-01,-7.395372678925274945e-01,2.253246955391381423e-01,3.638459188662437893e-01,7.580311937500412434e-01,2.461712383624824543e-02,7.993699223568191403e-01,1.000000000000000000e+00
