1.0,0.31403307418855181,0.14798669257431676,-0.18461739443240063,0.12244057276061861,0.0033278737007382559,-0.11542153435066321,0.30655483582490933,0.18002794472053685,0.14332560865792646,-0.27022846630053304,-0.091375216821547395,-0.3784983448603943,0.16226466293485367,0.039836835453594156,0.34122884383469915,-0.068155444098567872,0.39616146431805427,-0.22064604755007103,0.15566149933379064,0.10460570632885934,0.023827004372391995,-0.072737912294916718,0.17442948160235583,-0.20763619770944458,0.074133742970426464,0.49598289961453024,0.15266637224044394,-0.053922347151634464,-0.074905844096501265,0.21308953589274804,-0.068437977108732007,0.019021959999999893,0.026080084909351514,-0.15359150116039252,0.03408418399914552,0.24686799730662898,0.23000822453406655,0.13103013344532002
0.31403307418855181,1.0,-0.13381024139795994,-0.49982256968179772,0.098767556691899058,0.061370599872502353,-0.24192204316950056,-0.020799193609997893,0.064600614005841966,-0.036971078452465674,0.22525699648000372,-0.13012718987714259,0.063086307695247479,0.074006472038153512,0.16558300879791008,-0.036161941597669889,0.16130681198807445,-0.21914937914442745,-0.057345787787238853,-0.0035841618304356532,-0.013184903262311238,-0.095900590114457424,0.019322474152283883,-0.12693803469576881,0.15550376960168835,0.095507639238536418,0.38447207952618728,-0.053992888907763624,-0.058544656154815855,-0.058282391814853209,0.23007395292457422,-0.020581788820143068,-0.024890019999999957,-0.11598685554607061,-0.033795280682948368,0.052347743281456208,0.35416670983014781,0.054224842492994973,0.042500847738919378
0.14798669257431676,-0.13381024139795994,1.0,0.081693823862526521,-0.075614288376250324,-0.57608931135979125,-0.0055399310294858839,0.72175318987500647,-0.18128436405883311,0.18331227830212432,-0.27755534548090538,0.53718719363710787,0.020132452561657362,0.61932194809058738,0.24678965196333716,0.54982981544081277,-0.38158261406653332,0.73475570663846967,-0.43571025131182534,0.70991020470406219,0.050635864790310917,0.62816981445689302,0.41220217946299459,0.53895617104654625,-0.65387343669488585,0.097466097249165426,-0.38188474492759417,0.77534791705245731,0.10837122606853281,0.20315141146455265,0.15448432938769074,0.04844762632178122,-0.058195760000000041,0.13651554913646538,0.35232119840353876,-0.090078858559964628,-0.76292217394575668,0.46230691141479657,0.084412801547664909
-0.18461739443240063,-0.49982256968179772,0.081693823862526521,1.0,-0.49242493046778779,0.018743454498887296,0.57373099718573806,-0.27783114490934313,0.0058157596936234358,0.36502183104483799,-0.10449809296217005,0.13700660733640094,-0.13769056856543907,0.057728565175906806,-0.26185125175180946,0.39606586273994016,-0.32252908808958314,0.42661103503575326,-0.030389255896035812,-0.2196444897861913,-0.008424807324720009,0.43224038525839692,-0.30042799831141831,0.22793720515263016,-0.38076926866060928,-0.12277702975705215,-0.23673070431799556,0.25399405021370663,0.016038915853895608,-0.37019105048510514,-0.62941102270352922,-0.043539846521151795,-0.0049430799999999886,0.071658362690561736,-0.27623057008261276,0.13222793150405596,-0.47189744602185391,-0.46230438889628828,-0.046806564599553943
0.12244057276061861,0.098767556691899058,-0.075614288376250324,-0.49242493046778779,1.0,-0.41884147525814514,-0.43111222729651333,0.26957733598639433,0.64242383634930622,-0.80533490310431388,0.32336404179502348,-0.65885368240235287,0.34673649803593765,-0.57860827153296712,0.79700407348634106,-0.60571857150681541,0.58861281061726789,-0.10091952364818263,-0.33111665294509623,-0.042554221645554127,0.69289780414485458,0.0047937276082761528,0.55010363011556662,0.40959965554997352,-0.095859849736452479,-0.29645234722743447,-0.0067231061588308993,-0.5385533951843402,-0.74124048812650023,0.28034701078820923,0.80503331087759766,-0.73641240297858412,0.70227953999999992,0.56393118532775599,0.20317768288666366,0.53306622370739676,0.51658981814673499,0.33966645421556213,-0.43422343874104363
0.0033278737007382559,0.061370599872502353,-0.57608931135979125,0.018743454498887296,-0.41884147525814514,1.0,-0.055148288985568825,-0.4531464405873743,-0.38049427030938709,0.25160844114965858,-0.23211560610789361,0.22848825035284612,-0.020462130588424197,-0.059725922212018709,-0.73397385071941879,-0.16859558062506458,-0.45750096344728958,-0.36018793143990041,0.65075338912441727,-0.17416391332487735,-0.46908923531816671,-0.55937686157775712,-0.46936800208563351,-0.68444502473668711,0.46258309603256692,0.50993644606451594,0.095792439021278236,-0.26641719881259268,0.38906254771149124,0.07917921283069794,-0.32796435977671129,0.63317450158906086,-0.48536274000000001,-0.41454194726347726,-0.57874930311491302,-0.29728140202011022,0.3633679595146253,-0.50746717838667077,0.0021952777662989425
-0.11542153435066321,-0.24192204316950056,-0.0055399310294858839,0.57373099718573806,-0.43111222729651333,-0.055148288985568825,1.0,-0.56703737746215443,0.25803378219126538,-0.012358317867336569,-0.42188989732613563,0.051289361960656581,-0.41095041923290493,-0.17627516939907203,-0.26454487857401593,0.10519492267003373,-0.0092855808940121801,0.34623281321605903,-0.33698952135372778,-0.59464344018476267,0.23136288717992398,0.34734444075771365,-0.75446000040940508,0.35130990252341887,-0.31781397884512719,-0.55063520776881025,-0.24705230620591723,-0.04460828028268491,-0.069803502331912765,-0.86063913177271467,-0.81064299708344378,-0.036844109965426718,0.28316124000000009,0.40497216435095351,-0.31167681262480595,0.14331371530332734,-0.20950988326216077,-0.00063055210532164858,-0.14489572501498807
0.30655483582490933,-0.020799193609997893,0.72175318987500647,-0.27783114490934313,0.26957733598639433,-0.4531464405873743,-0.56703737746215443,1.0,-0.25062935532555292,0.14826943843768486,-0.13041057968604128,0.17838541411479691,-0.060387383801825636,0.44981795071719632,0.29454859013096457,0.32253089883936603,-0.15759640085391144,0.30476357152885025,-0.095393467276490895,0.8712195904737694,-0.11577339472457546,0.092471085231096775,0.70528504964429961,0.19310148299786922,-0.18441131648803658,0.19889292887771193,-0.060654354036973709,0.55479564876242282,0.16866325583878192,0.57220819686643654,0.66916204168984272,-0.018817712273844059,-0.14898913999999996,-0.11948390356406388,0.62078998832702814,-0.2921049032154534,-0.36463236441530666,0.52516036678455502,0.24191764004487448
0.18002794472053685,0.064600614005841966,-0.18128436405883311,0.0058157596936234358,0.64242383634930622,-0.38049427030938709,0.25803378219126538,-0.25062935532555292,1.0,-0.73282516449631163,0.25785640592512121,-0.69471568056883737,0.14031929077879959,-0.64066582971123098,0.64564242768441471,-0.3828618664165912,0.56563849224948926,0.18687811899615414,-0.71724967605708811,-0.60796515387249961,0.91819393273955929,0.36562454939297473,-0.03066650453516867,0.69230440063489929,-0.42618765932789221,-0.60491066122381776,0.12126992854089441,-0.54884538942148087,-0.92801208354742593,-0.38098338363714368,0.16651729055798059,-0.86536368034455502,0.91744204000000007,0.82500039114793466,-0.14665896132128539,0.86402854888527914,0.41884831255690352,0.020389729473063656,-0.4799850709077792
0.14332560865792646,-0.036971078452465674,0.18331227830212432,0.36502183104483799,-0.80533490310431388,0.25160844114965858,-0.012358317867336569,0.14826943843768486,-0.73282516449631163,1.0,-0.12655543373046352,0.56711843650942118,-0.38488678189923375,0.7704640778689178,-0.65716826524792649,0.81520653891729622,-0.49414605754793878,0.077837484563699461,0.41464609973395877,0.38294822692947472,-0.83057573152452102,-0.10713739400005952,-0.155414254980212,-0.49460991130135246,0.18059598356873657,0.46051094594658393,0.3122211769976192,0.72495967029643527,0.81155394072685705,0.064014339916645333,-0.42000322451426575,0.64160623497629343,-0.85134153999999995,-0.81755846134730792,0.071798759903162479,-0.64050058414648647,-0.52546009870470034,-0.28639916419278821,0.64492645468685583
-0.27022846630053304,0.22525699648000372,-0.27755534548090538,-0.10449809296217005,0.32336404179502348,-0.23211560610789361,-0.42188989732613563,-0.13041057968604128,0.25785640592512121,-0.12655543373046352,1.0,-0.32865171664166687,0.61243013340888264,-0.057501069088765434,0.51391081320117937,-0.078806718987443902,0.44174938360026861,-0.36367135449016952,-0.079592692797800832,-0.14852848034268817,0.15660602637560792,0.13907702960557231,0.42060182222474185,-0.049946767930095226,0.086193662187483422,0.07052955042072033,0.3843658487654294,-0.13930152225493719,-0.39035471037576819,0.280275560741017,0.29668709716102881,-0.46140752673468893,0.12938508000000004,-0.11850555286619868,0.15015938296917525,0.46425113006373347,0.13605081851801987,-0.48301811660744998,-0.034783599189284371
-0.091375216821547395,-0.13012718987714259,0.53718719363710787,0.13700660733640094,-0.65885368240235287,0.22848825035284612,0.051289361960656581,0.17838541411479691,-0.69471568056883737,0.56711843650942118,-0.32865171664166687,1.0,0.10332149033255053,0.77701734149519708,-0.48880714991388646,0.5469423312709103,-0.76798534366581372,0.35592469875949317,0.18392571139207381,0.54851863372717125,-0.5176870306072231,0.24052071012596046,-0.07114742714883289,-0.1707322331117952,-0.20936895629137975,0.59831364863025371,-0.32362454877881713,0.69140586814967897,0.61366448890954028,0.25916557760656034,-0.35872875533435883,0.75051778066885921,-0.66228058000000001,-0.4030525716941678,-0.11924804444157527,-0.43024284936590684,-0.66857488152348199,-0.086924996944607702,0.14495472412397375
-0.3784983448603943,0.063086307695247479,0.020132452561657362,-0.13769056856543907,0.34673649803593765,-0.020462130588424197,-0.41095041923290493,-0.060387383801825636,0.14031929077879959,-0.38488678189923375,0.61243013340888264,0.10332149033255053,1.0,-0.040373766994180556,0.49671997093805653,-0.2806391854194541,-0.096141591785484343,-0.013896999711523668,-0.093008564992915307,0.11081879350760307,0.3100043205107792,0.35548226379252812,0.50619617944817719,0.14812749746113973,-0.27122085855459876,0.39732260229837618,-0.28518582073286636,-0.13800877053165311,-0.45232230026075759,0.51951845515564077,0.31918700736319783,-0.19417208104029737,0.15644444000000002,0.17711848887032569,-0.23335215082642718,0.54834324746731955,0.0099143595885187626,-0.34802905384134192,-0.47998413516531574
0.16226466293485367,0.074006472038153512,0.61932194809058738,0.057728565175906806,-0.57860827153296712,-0.059725922212018709,-0.17627516939907203,0.44981795071719632,-0.64066582971123098,0.7704640778689178,-0.057501069088765434,0.77701734149519708,-0.040373766994180556,1.0,-0.28567262809289179,0.86585993044977805,-0.56824105103109757,0.36123550688101824,0.014988672163174212,0.68922952729267883,-0.60639185370040927,0.23324779412462632,0.18728248322366786,-0.16870083683440695,-0.19187345021323315,0.60255013437745075,0.15205753923740853,0.91786810587345913,0.62640201686834607,0.32272933078692423,-0.15776789182852757,0.568436287027686,-0.73626568000000003,-0.6024042334632852,0.15873446045312892,-0.43454594213440195,-0.74098261959167178,-0.0097855607700435502,0.47167246441604826
0.039836835453594156,0.16558300879791008,0.24678965196333716,-0.26185125175180946,0.79700407348634106,-0.73397385071941879,-0.26454487857401593,0.29454859013096457,0.64564242768441471,-0.65716826524792649,0.51391081320117937,-0.48880714991388646,0.49671997093805653,-0.28567262809289179,1.0,-0.26713992138125436,0.49813875811620573,0.18254597229984187,-0.61257862233244675,0.030979407306042105,0.75289733077100307,0.48240794179911772,0.61883645376183105,0.67103075507633547,-0.43718780569963922,-0.32758767453420168,-0.073725202384063077,-0.16443080529562995,-0.79167469971837545,0.1444157181795504,0.64523317494820398,-0.8240901857140468,0.71217612000000008,0.59929245310745671,0.26154968472071005,0.68524268391718823,0.12043177225883128,0.28304371524375704,-0.35479371077610655
0.34122884383469915,-0.036161941597669889,0.54982981544081277,0.39606586273994016,-0.60571857150681541,-0.16859558062506458,0.10519492267003373,0.32253089883936603,-0.3828618664165912,0.81520653891729622,-0.078806718987443902,0.5469423312709103,-0.2806391854194541,0.86585993044977805,-0.26713992138125436,1.0,-0.44272652694541453,0.53970147192147266,-0.1526599057066878,0.43404018455856491,-0.43897501769146818,0.37593875070968985,-0.0055045396020170778,0.033866961341261548,-0.34399388649957102,0.329488241871841,0.2955311831131453,0.88843812133350331,0.46485777677997275,0.0072802930440852981,-0.336572225996979,0.31511780084590502,-0.53831183999999999,-0.44944365295039984,0.076875542236608307,-0.26109426813555836,-0.72784948708239483,-0.10049468344815732,0.46121043406543333
-0.068155444098567872,0.16130681198807445,-0.38158261406653332,-0.32252908808958314,0.58861281061726789,-0.45750096344728958,-0.0092855808940121801,-0.15759640085391144,0.56563849224948926,-0.49414605754793878,0.44174938360026861,-0.76798534366581372,-0.096141591785484343,-0.56824105103109757,0.49813875811620573,-0.44272652694541453,1.0,-0.44574756646086655,-0.22636300278443108,-0.47710795170742093,0.42104215919786553,-0.16839618460469077,0.088392213838881573,0.12991941901304868,0.28237189759631348,-0.68007952362906032,0.32975596742236651,-0.51833229361330535,-0.46139069312187564,-0.25065289477738278,0.30331913355720375,-0.67009994048369992,0.56485946000000009,0.28123116441563617,0.38661029897664656,0.29217097377203854,0.4862867535410621,0.20962303329079798,-0.0048447096640380476
0.39616146431805427,-0.21914937914442745,0.73475570663846967,0.42661103503575326,-0.10091952364818263,-0.36018793143990041,0.34623281321605903,0.30476357152885025,0.18687811899615414,0.077837484563699461,-0.36367135449016952,0.35592469875949317,-0.013896999711523668,0.36123550688101824,0.18254597229984187,0.53970147192147266,-0.44574756646086655,1.0,-0.61900901755864413,0.27894384474859618,0.3380721484024457,0.78141194369604772,0.056924263741015904,0.73305204042342087,-0.92074074597271505,0.041681072502628785,-0.29427189903724948,0.52505506672274849,-0.20047750520108609,-0.10429817744729805,-0.16058599441876303,-0.10981328768733888,0.17682789999999993,0.42042168008808267,-0.24598046665766693,0.31110420401362582,-0.56194607385827111,0.19755612361459257,-0.23978132935347815
-0.22064604755007103,-0.057345787787238853,-0.43571025131182534,-0.030389255896035812,-0.33111665294509623,0.65075338912441727,-0.33698952135372778,-0.095393467276490895,-0.71724967605708811,0.41464609973395877,-0.079592692797800832,0.18392571139207381,-0.093008564992915307,0.014988672163174212,-0.61257862233244675,-0.1526599057066878,-0.22636300278443108,-0.61900901755864413,1.0,0.16596914740838767,-0.71849792259645218,-0.70765184847360818,-0.099435324038061407,-0.85815610050879221,0.7742188698031488,0.39408547993705556,-0.018972923275242859,-0.083231382475537977,0.63934970609524555,0.29656523426514603,-0.03425812966142483,0.59203314049896805,-0.63484605999999999,-0.69965043803062921,-0.0087759049926459543,-0.6771345549160559,0.20772108456121322,-0.27803612656108134,0.27999121036151348
0.15566149933379064,-0.0035841618304356532,0.70991020470406219,-0.2196444897861913,-0.042554221645554127,-0.17416391332487735,-0.59464344018476267,0.8712195904737694,-0.60796515387249961,0.38294822692947472,-0.14852848034268817,0.54851863372717125,0.11081879350760307,0.68922952729267883,0.030979407306042105,0.43404018455856491,-0.47710795170742093,0.27894384474859618,0.16596914740838767,1.0,-0.41431899349850071,0.065604565028600265,0.64243531775409657,-0.070463268961669323,-0.12061901912836384,0.57087547362220448,-0.18601831571717869,0.70738504128149982,0.44283956389937029,0.71889455355137288,0.46234651191418963,0.36790257770622714,-0.50613452000000003,-0.39258508665931929,0.38467464542758439,-0.45851601545503162,-0.51412328656585216,0.33555433184521638,0.23676706741670667
0.10460570632885934,-0.013184903262311238,0.050635864790310917,-0.008424807324720009,0.69289780414485458,-0.46908923531816671,0.23136288717992398,-0.11577339472457546,0.91819393273955929,-0.83057573152452102,0.15660602637560792,-0.5176870306072231,0.3100043205107792,-0.60639185370040927,0.75289733077100307,-0.43897501769146818,0.42104215919786553,0.3380721484024457,-0.71849792259645218,-0.41431899349850071,1.0,0.53256383318330291,0.10032590236797025,0.83394104866203178,-0.58319585422136255,-0.55915812324897074,-0.21814871747783302,-0.46328676253546963,-0.95345297482700875,-0.27036323652393035,0.25940472224660427,-0.83287122622882004,0.96102625999999991,0.94617840384205154,-0.13969394356436954,0.86436354568358009,0.29757066738114279,0.15599682264966197,-0.61574210678695529
0.023827004372391995,-0.095900590114457424,0.62816981445689302,0.43224038525839692,0.0047937276082761528,-0.55937686157775712,0.34734444075771365,0.092471085231096775,0.36562454939297473,-0.10713739400005952,0.13907702960557231,0.24052071012596046,0.35548226379252812,0.23324779412462632,0.48240794179911772,0.37593875070968985,-0.16839618460469077,0.78141194369604772,-0.70765184847360818,0.065604565028600265,0.53256383318330291,1.0,0.13740515486848004,0.81973609000651104,-0.91758950488380353,-0.13958865862241859,-0.32817780399193058,0.40444356858831731,-0.46325194333892672,-0.16113557582616839,-0.13447533329024391,-0.39721286097319242,0.38755651999999996,0.51601850250697867,-0.10693206326211649,0.59389063835044464,-0.54342055745885465,-0.051793184656365218,-0.3341226681868501
-0.072737912294916718,0.019322474152283883,0.41220217946299459,-0.30042799831141831,0.55010363011556662,-0.46936800208563351,-0.75446000040940508,0.70528504964429961,-0.03066650453516867,-0.155414254980212,0.42060182222474185,-0.07114742714883289,0.50619617944817719,0.18728248322366786,0.61883645376183105,-0.0055045396020170778,0.088392213838881573,0.056924263741015904,-0.099435324038061407,0.64243531775409657,0.10032590236797025,0.13740515486848004,1.0,0.17035797600813285,-0.15779923448571356,0.29017319506065697,-0.099357968517187839,0.21866282708643703,-0.19221469308213077,0.7356927904659788,0.78032151156888019,-0.26806255661412542,0.033512479999999956,-0.019686390378181335,0.42916953669058394,0.12280979038071226,-0.18145659431563255,0.23237782679319477,0.01961856415348474
0.17442948160235583,-0.12693803469576881,0.53895617104654625,0.22793720515263016,0.40959965554997352,-0.68444502473668711,0.35130990252341887,0.19310148299786922,0.69230440063489929,-0.49460991130135246,-0.049946767930095226,-0.1707322331117952,0.14812749746113973,-0.16870083683440695,0.67103075507633547,0.033866961341261548,0.12991941901304868,0.73305204042342087,-0.85815610050879221,-0.070463268961669323,0.83394104866203178,0.81973609000651104,0.17035797600813285,1.0,-0.87110444613466342,-0.47915892143627803,-0.33655662022569927,0.064284505698988581,-0.71427597427262701,-0.26306159670584861,0.127331855420172,-0.68014795358967439,0.76224470000000011,0.85265067666933425,0.01215137613293138,0.68170494644173707,-0.22320082293515231,0.29752640414163511,-0.44583451693595944
-0.20763619770944458,0.15550376960168835,-0.65387343669488585,-0.38076926866060928,-0.095859849736452479,0.46258309603256692,-0.31781397884512719,-0.18441131648803658,-0.42618765932789221,0.18059598356873657,0.086193662187483422,-0.20936895629137975,-0.27122085855459876,-0.19187345021323315,-0.43718780569963922,-0.34399388649957102,0.28237189759631348,-0.92074074597271505,0.7742188698031488,-0.12061901912836384,-0.58319585422136255,-0.91758950488380353,-0.15779923448571356,-0.87110444613466342,1.0,0.049567237561375495,0.33560464017030567,-0.3469270111896266,0.49333240072729789,0.094311636990428743,0.072896571493378415,0.35175724735945729,-0.41296052000000005,-0.61329700084508154,0.24891631799730021,-0.60845259769358662,0.47605774853715332,-0.077511226554132576,0.41827015648222221
0.074133742970426464,0.095507639238536418,0.097466097249165426,-0.12277702975705215,-0.29645234722743447,0.50993644606451594,-0.55063520776881025,0.19889292887771193,-0.60491066122381776,0.46051094594658393,0.07052955042072033,0.59831364863025371,0.39732260229837618,0.60255013437745075,-0.32758767453420168,0.329488241871841,-0.68007952362906032,0.041681072502628785,0.39408547993705556,0.57087547362220448,-0.55915812324897074,-0.13958865862241859,0.29017319506065697,-0.47915892143627803,0.049567237561375495,1.0,0.076091494182093461,0.37690736388837198,0.43705012269605287,0.70668909781219968,0.06347596399975175,0.64318250130440124,-0.73412235999999997,-0.59857343438336885,-0.33629180436428013,-0.25019354611089156,-0.21060232431811862,-0.32210123029434412,0.072279204538399075
0.49598289961453024,0.38447207952618728,-0.38188474492759417,-0.23673070431799556,-0.0067231061588308993,0.095792439021278236,-0.24705230620591723,-0.060654354036973709,0.12126992854089441,0.3122211769976192,0.3843658487654294,-0.32362454877881713,-0.28518582073286636,0.15205753923740853,-0.073725202384063077,0.2955311831131453,0.32975596742236651,-0.29427189903724948,-0.018972923275242859,-0.18601831571717869,-0.21814871747783302,-0.32817780399193058,-0.099357968517187839,-0.33655662022569927,0.33560464017030567,0.076091494182093461,1.0,-0.022646121332909754,0.077665327280144747,-0.051537502836452809,0.058542054992582471,-0.077467660227780163,-0.20455268000000004,-0.42316866410591492,0.079563265228399974,-0.017306523683583094,0.32162590011947018,-0.23088921031263462,0.44701123584605773
0.15266637224044394,-0.053992888907763624,0.77534791705245731,0.25399405021370663,-0.5385533951843402,-0.26641719881259268,-0.04460828028268491,0.55479564876242282,-0.54884538942148087,0.72495967029643527,-0.13930152225493719,0.69140586814967897,-0.13800877053165311,0.91786810587345913,-0.16443080529562995,0.88843812133350331,-0.51833229361330535,0.52505506672274849,-0.083231382475537977,0.70738504128149982,-0.46328676253546963,0.40444356858831731,0.21866282708643703,0.064284505698988581,-0.3469270111896266,0.37690736388837198,-0.022646121332909754,1.0,0.52770428512596868,0.2192709573698875,-0.13784049736751353,0.38536767432817104,-0.55826829999999994,-0.42572176272331047,0.28006265737886926,-0.38755382769891339,-0.85093324921523816,0.080674012574469836,0.42817476761710932
-0.053922347151634464,-0.058544656154815855,0.10837122606853281,0.016038915853895608,-0.74124048812650023,0.38906254771149124,-0.069803502331912765,0.16866325583878192,-0.92801208354742593,0.81155394072685705,-0.39035471037576819,0.61366448890954028,-0.45232230026075759,0.62640201686834607,-0.79167469971837545,0.46485777677997275,-0.46139069312187564,-0.20047750520108609,0.63934970609524555,0.44283956389937029,-0.95345297482700875,-0.46325194333892672,-0.19221469308213077,-0.71427597427262701,0.49333240072729789,0.43705012269605287,0.077665327280144747,0.52770428512596868,1.0,0.13962279117512005,-0.32746744130190314,0.87975946246619907,-0.91158324000000002,-0.83660541914678554,0.18295366027914162,-0.94059837822967041,-0.37818478413914169,0.034549920393004196,0.63838147967577152
-0.074905844096501265,-0.058282391814853209,0.20315141146455265,-0.37019105048510514,0.28034701078820923,0.07917921283069794,-0.86063913177271467,0.57220819686643654,-0.38098338363714368,0.064014339916645333,0.280275560741017,0.25916557760656034,0.51951845515564077,0.32272933078692423,0.1444157181795504,0.0072802930440852981,-0.25065289477738278,-0.10429817744729805,0.29656523426514603,0.71889455355137288,-0.27036323652393035,-0.16113557582616839,0.7356927904659788,-0.26306159670584861,0.094311636990428743,0.70668909781219968,-0.051537502836452809,0.2192709573698875,0.13962279117512005,1.0,0.62646485846809508,0.18834837593164369,-0.37281973999999996,-0.36122425633690136,0.171731964870175,-0.1393316186652995,-0.11156824099138311,-0.049149718825197218,-0.080059505000606934
0.21308953589274804,0.23007395292457422,0.15448432938769074,-0.62941102270352922,0.80503331087759766,-0.32796435977671129,-0.81064299708344378,0.66916204168984272,0.16651729055798059,-0.42000322451426575,0.29668709716102881,-0.35872875533435883,0.31918700736319783,-0.15776789182852757,0.64523317494820398,-0.336572225996979,0.30331913355720375,-0.16058599441876303,-0.03425812966142483,0.46234651191418963,0.25940472224660427,-0.13447533329024391,0.78032151156888019,0.127331855420172,0.072896571493378415,0.06347596399975175,0.058542054992582471,-0.13784049736751353,-0.32746744130190314,0.62646485846809508,1.0,-0.40404774778619346,0.253139,0.11946457747594996,0.46182190209314167,0.11756916170870824,0.32396713527165194,0.36409349202186225,-0.093435304448616918
-0.068437977108732007,-0.020581788820143068,0.04844762632178122,-0.043539846521151795,-0.73641240297858412,0.63317450158906086,-0.036844109965426718,-0.018817712273844059,-0.86536368034455502,0.64160623497629343,-0.46140752673468893,0.75051778066885921,-0.19417208104029737,0.568436287027686,-0.8240901857140468,0.31511780084590502,-0.67009994048369992,-0.10981328768733888,0.59203314049896805,0.36790257770622714,-0.83287122622882004,-0.39721286097319242,-0.26806255661412542,-0.68014795358967439,0.35175724735945729,0.64318250130440124,-0.077467660227780163,0.38536767432817104,0.87975946246619907,0.18834837593164369,-0.40404774778619346,1.0,-0.87618456,-0.69003849810278495,-0.19511956698565081,-0.75691010493661204,-0.27996995227065669,-0.068553541252350123,0.37550239879728364
0.019021959999999893,-0.024890019999999957,-0.058195760000000041,-0.0049430799999999886,0.70227953999999992,-0.48536274000000001,0.28316124000000009,-0.14898913999999996,0.91744204000000007,-0.85134153999999995,0.12938508000000004,-0.66228058000000001,0.15644444000000002,-0.73626568000000003,0.71217612000000008,-0.53831183999999999,0.56485946000000009,0.17682789999999993,-0.63484605999999999,-0.50613452000000003,0.96102625999999991,0.38755651999999996,0.033512479999999956,0.76224470000000011,-0.41296052000000005,-0.73412235999999997,-0.20455268000000004,-0.55826829999999994,-0.91158324000000002,-0.37281973999999996,0.253139,-0.87618456,1.0,0.9302121000000001,-0.0034696800000000305,0.76293297999999998,0.36815484000000009,0.2135445199999999,-0.55059358000000003
0.026080084909351514,-0.11598685554607061,0.13651554913646538,0.071658362690561736,0.56393118532775599,-0.41454194726347726,0.40497216435095351,-0.11948390356406388,0.82500039114793466,-0.81755846134730792,-0.11850555286619868,-0.4030525716941678,0.17711848887032569,-0.6024042334632852,0.59929245310745671,-0.44944365295039984,0.28123116441563617,0.42042168008808267,-0.69965043803062921,-0.39258508665931929,0.94617840384205154,0.51601850250697867,-0.019686390378181335,0.85265067666933425,-0.61329700084508154,-0.59857343438336885,-0.42316866410591492,-0.42572176272331047,-0.83660541914678554,-0.36122425633690136,0.11946457747594996,-0.69003849810278495,0.9302121000000001,1.0,-0.16905851093431382,0.73381874686381787,0.18666653898179852,0.28143276052544469,-0.64397640412457124
-0.15359150116039252,-0.033795280682948368,0.35232119840353876,-0.27623057008261276,0.20317768288666366,-0.57874930311491302,-0.31167681262480595,0.62078998832702814,-0.14665896132128539,0.071798759903162479,0.15015938296917525,-0.11924804444157527,-0.23335215082642718,0.15873446045312892,0.26154968472071005,0.076875542236608307,0.38661029897664656,-0.24598046665766693,-0.0087759049926459543,0.38467464542758439,-0.13969394356436954,-0.10693206326211649,0.42916953669058394,0.01215137613293138,0.24891631799730021,-0.33629180436428013,0.079563265228399974,0.28006265737886926,0.18295366027914162,0.171731964870175,0.46182190209314167,-0.19511956698565081,-0.0034696800000000305,-0.16905851093431382,1.0,-0.37104230361108109,-0.22679027277965369,0.41196807076544428,0.48348416787555748
0.03408418399914552,0.052347743281456208,-0.090078858559964628,0.13222793150405596,0.53306622370739676,-0.29728140202011022,0.14331371530332734,-0.2921049032154534,0.86402854888527914,-0.64050058414648647,0.46425113006373347,-0.43024284936590684,0.54834324746731955,-0.43454594213440195,0.68524268391718823,-0.26109426813555836,0.29217097377203854,0.31110420401362582,-0.6771345549160559,-0.45851601545503162,0.86436354568358009,0.59389063835044464,0.12280979038071226,0.68170494644173707,-0.60845259769358662,-0.25019354611089156,-0.017306523683583094,-0.38755382769891339,-0.94059837822967041,-0.1393316186652995,0.11756916170870824,-0.75691010493661204,0.76293297999999998,0.73381874686381787,-0.37104230361108109,1.0,0.22200694498349674,-0.24455045284548527,-0.63232863519943083
0.24686799730662898,0.35416670983014781,-0.76292217394575668,-0.47189744602185391,0.51658981814673499,0.3633679595146253,-0.20950988326216077,-0.36463236441530666,0.41884831255690352,-0.52546009870470034,0.13605081851801987,-0.66857488152348199,0.0099143595885187626,-0.74098261959167178,0.12043177225883128,-0.72784948708239483,0.4862867535410621,-0.56194607385827111,0.20772108456121322,-0.51412328656585216,0.29757066738114279,-0.54342055745885465,-0.18145659431563255,-0.22320082293515231,0.47605774853715332,-0.21060232431811862,0.32162590011947018,-0.85093324921523816,-0.37818478413914169,-0.11156824099138311,0.32396713527165194,-0.27996995227065669,0.36815484000000009,0.18666653898179852,-0.22679027277965369,0.22200694498349674,1.0,-0.056112104475041918,-0.20507082776183116
0.23000822453406655,0.054224842492994973,0.46230691141479657,-0.46230438889628828,0.33966645421556213,-0.50746717838667077,-0.00063055210532164858,0.52516036678455502,0.020389729473063656,-0.28639916419278821,-0.48301811660744998,-0.086924996944607702,-0.34802905384134192,-0.0097855607700435502,0.28304371524375704,-0.10049468344815732,0.20962303329079798,0.19755612361459257,-0.27803612656108134,0.33555433184521638,0.15599682264966197,-0.051793184656365218,0.23237782679319477,0.29752640414163511,-0.077511226554132576,-0.32210123029434412,-0.23088921031263462,0.080674012574469836,0.034549920393004196,-0.049149718825197218,0.36409349202186225,-0.068553541252350123,0.2135445199999999,0.28143276052544469,0.41196807076544428,-0.24455045284548527,-0.056112104475041918,1.0,0.060739267944283297
0.13103013344532002,0.042500847738919378,0.084412801547664909,-0.046806564599553943,-0.43422343874104363,0.0021952777662989425,-0.14489572501498807,0.24191764004487448,-0.4799850709077792,0.64492645468685583,-0.034783599189284371,0.14495472412397375,-0.47998413516531574,0.47167246441604826,-0.35479371077610655,0.46121043406543333,-0.0048447096640380476,-0.23978132935347815,0.27999121036151348,0.23676706741670667,-0.61574210678695529,-0.3341226681868501,0.01961856415348474,-0.44583451693595944,0.41827015648222221,0.072279204538399075,0.44701123584605773,0.42817476761710932,0.63838147967577152,-0.080059505000606934,-0.093435304448616918,0.37550239879728364,-0.55059358000000003,-0.64397640412457124,0.48348416787555748,-0.63232863519943083,-0.20507082776183116,0.060739267944283297,1.0
