1.000000000000000000e+00,3.992189502867214412e-01,-5.830576888185886597e-01,-8.963260385947168229e-01,5.857166369107897896e-01,-1.350277038123027518e-01,-1.519627142428873201e-01,-8.483512599075995197e-01,-2.700607883068689707e-01,3.728233647860457883e-02,1.828314597036824751e-01,-5.572489722479097018e-01,-1.961412400337085027e-01,3.059218748702282609e-01,9.893304993796570024e-02,-3.170098707910591340e-01,-2.718551094889698483e-01,1.053292874650948036e-01,-7.568267883338521129e-02,-3.161079712538962250e-01,-3.726742783074651344e-01,-5.463831377461266792e-01,5.133561288401184974e-01,3.432228399999999180e-01,-5.112494258928094171e-01,6.596310294348329828e-01,-1.782621048069381875e-01,7.405120308850339228e-01,-1.674920281359125740e-01,3.293629174903647261e-01,1.300256576518691864e-01,-3.825908548772451456e-01,-4.252752921276676257e-01,-4.009666185207087508e-01,6.113363688050248435e-01,-4.472469732597151859e-01,-3.830192975274385736e-01,7.043226379047049512e-01,4.282694047004387272e-02
3.992189502867214412e-01,1.000000000000000000e+00,-2.277336574942731562e-01,-2.339820066198511350e-01,-4.611969101712861119e-01,-3.238849090040606948e-01,-1.494645792512185600e-01,-7.659693415250237170e-01,3.197928549900627138e-01,6.296370687868655391e-01,-6.351524728685918886e-01,-1.684092066547008548e-01,-7.233559768560243741e-01,-8.243165726544343652e-02,7.453460268197097394e-01,6.876817590557187110e-01,2.609148494720335276e-01,1.393005588988637244e-01,4.023231948175371442e-01,-1.704160678491594416e-01,-9.395409578593163502e-01,-4.437524566591405928e-01,9.051373043998063306e-01,9.789338000000000761e-01,-9.437253259936601024e-01,4.893701682287186494e-01,-7.462758917170967399e-01,1.028708418771939054e-02,3.906979590336204788e-01,6.749025411484786963e-01,-2.578548231578526861e-01,-9.541095620236511587e-01,-7.865679946889646557e-01,4.271157459468231110e-01,7.543060241397196997e-01,-1.278141711960245064e-01,4.217085940791364118e-01,-1.690005369459409157e-01,2.193429827238424779e-01
-5.830576888185886597e-01,-2.277336574942731562e-01,1.000000000000000000e+00,6.922557474816749545e-01,-3.549393669515513716e-01,-9.698766602042387108e-02,1.032639266541706125e-01,5.206557682448798019e-01,3.089715109319488007e-01,-6.921198653786826693e-02,-1.344902670544272094e-01,5.611769007722532399e-01,-1.454149937081367361e-01,-1.757621440201337648e-01,-1.429008592160563029e-01,1.756392295723512298e-01,3.126929522922035631e-01,-7.351891015642195160e-02,5.721462643029930767e-02,2.489720433264522581e-01,2.175743872975132720e-01,5.540419358565538133e-01,-5.184174617429807563e-01,-2.287097799999999737e-01,3.715776163769924922e-01,-2.930014843957691184e-01,2.334601589505331809e-01,-2.298780682677734888e-01,2.625902424947750280e-01,-2.337650221009433815e-01,3.104038356173947077e-01,1.944728462569568217e-01,3.213700814131628114e-01,3.433057745205218003e-01,-2.671758416653098323e-01,2.302088840365826838e-01,3.394359842960329998e-01,-4.711400143112558503e-01,3.738299429928184647e-01
-8.963260385947168229e-01,-2.339820066198511350e-01,6.922557474816749545e-01,1.000000000000000000e+00,-6.418355681340117691e-01,-2.487979581735380932e-02,-3.672869507902987163e-02,7.226208344755128410e-01,4.663235382677193841e-01,-9.546698414021473345e-02,-2.915908363253827962e-01,4.892536776406625765e-01,1.133531130878035337e-01,-1.438582966003676411e-01,9.502628682308257579e-02,3.905077677262784874e-01,5.350866268332580278e-01,-1.808433144034962969e-01,-3.499628739945282591e-02,5.881815831592728250e-01,2.582037808072373264e-01,5.434073744915723925e-01,-3.772838163295820224e-01,-2.298260199999999642e-01,3.202161353908903330e-01,-3.768531408630532709e-01,2.197123887094230843e-02,-7.137223274420870789e-01,1.658927049438498336e-01,-2.810232284435539296e-01,-2.176942972309013347e-01,2.490093855227642483e-01,3.967770986771131936e-01,5.225187525094429075e-01,-5.254325530430746793e-01,4.645885583138275043e-01,5.184383976970310393e-01,-7.423490854029446417e-01,-1.661971476872823872e-01
5.857166369107897896e-01,-4.611969101712861119e-01,-3.549393669515513716e-01,-6.418355681340117691e-01,1.000000000000000000e+00,3.384876294815403197e-02,-1.722271704762579070e-01,-1.877313136079249156e-01,-6.922373515602686656e-01,-5.026043367821100283e-01,8.637289927663942546e-01,-5.158473640869191135e-01,4.741264263122516587e-01,4.773777085283106292e-01,-4.421518194132064705e-01,-9.069510773624880340e-01,-4.551898517705306180e-01,-2.101389415416731743e-01,-5.830062402463174198e-01,-1.242130116920232286e-01,4.424089594779181955e-01,-8.466277476194999929e-02,-2.697695272944888867e-01,-5.229245200000000038e-01,2.783244436043789682e-01,8.450198007361851837e-02,3.228210797716089542e-01,6.825259011984992075e-01,-4.409079744326153683e-01,-3.891530877904559871e-01,2.689615893599489604e-01,4.771277139134671996e-01,2.799976575736468076e-01,-5.923356545573306153e-01,-8.615931930846310038e-02,-2.444594723997059460e-01,-7.160623633586513659e-01,8.297475949314304655e-01,-1.196634312712795412e-01
-1.350277038123027518e-01,-3.238849090040606948e-01,-9.698766602042387108e-02,-2.487979581735380932e-02,3.384876294815403197e-02,1.000000000000000000e+00,7.692221852196764464e-01,4.205928374284126359e-01,3.857209124211715134e-01,3.630078262855303550e-01,-9.677492088459077602e-02,2.093945750430069655e-02,-9.828033180420117990e-03,-6.394465134979434584e-01,-2.131363424931283501e-01,6.195186858744894387e-02,4.805743728825196542e-02,7.147511779142534660e-01,2.361100611747275202e-01,-2.768495825223796780e-01,6.368210396533996454e-02,4.455966112337583218e-01,-1.861491131857134218e-01,-1.609733599999999543e-01,4.631907457049508348e-01,-3.697567322398858103e-01,6.637676688301058503e-01,-1.892080168675476515e-01,1.663634245547963020e-01,3.849237084430902622e-01,6.738129275855782307e-02,1.664679764810645946e-01,-2.007376571888502825e-01,-5.633647455936526827e-01,-2.440882935231417361e-01,2.390716102692413414e-01,2.100268307376338961e-01,-3.141806533447866756e-01,-2.526446802815229126e-02
-1.519627142428873201e-01,-1.494645792512185600e-01,1.032639266541706125e-01,-3.672869507902987163e-02,-1.722271704762579070e-01,7.692221852196764464e-01,1.000000000000000000e+00,3.502871814547460216e-01,3.870466566854481316e-01,5.468842565994543881e-01,-3.528050406640793613e-01,4.651758629799193079e-01,-4.368398416151271224e-01,-9.291514804443959941e-01,-2.890875873210669855e-01,2.431580624302818183e-01,3.006414228214271400e-02,8.972256690310465022e-01,6.766350898453157292e-01,-5.957676633881743289e-01,-1.227576571120087001e-01,3.442950562683934068e-01,-1.608987335418904374e-01,4.295987999999995033e-02,4.185192480967491191e-01,-3.727288895247509171e-01,6.952910440213383447e-01,8.661384190361998137e-03,3.880705120808293218e-01,5.704572926076553196e-01,4.532504756052397887e-01,-8.073202420844829974e-02,-3.738968266590309009e-01,-5.031608641208349386e-01,1.346327131095154117e-01,-1.110494266601830260e-01,2.446847186696264886e-01,-3.924128460941966878e-01,3.385692425904617275e-01
-8.483512599075995197e-01,-7.659693415250237170e-01,5.206557682448798019e-01,7.226208344755128410e-01,-1.877313136079249156e-01,4.205928374284126359e-01,3.502871814547460216e-01,1.000000000000000000e+00,1.840636700456351749e-01,-2.442077271005493044e-01,9.355118362432612855e-02,5.207468993235878640e-01,3.888012337924784956e-01,-3.209842921046732744e-01,-4.150102630621448352e-01,-6.857577463034569831e-02,1.593258927093400834e-01,5.193068506598508965e-02,-7.252724411095438917e-02,2.888609425255998508e-01,6.565784568496821905e-01,6.904111056998618601e-01,-7.712465207061900418e-01,-6.909755200000000652e-01,8.559906395114877942e-01,-6.706201799498030525e-01,6.119624685124676056e-01,-4.849920056047899442e-01,1.025916784121612413e-02,-3.939459244356013912e-01,7.046431356200121010e-02,6.838353729732409292e-01,5.795236386573587861e-01,-8.652341465240900864e-02,-7.232249147387288524e-01,3.384502730907530954e-01,1.639920241189741501e-01,-4.839804990780730565e-01,-1.699201115352673430e-01
-2.700607883068689707e-01,3.197928549900627138e-01,3.089715109319488007e-01,4.663235382677193841e-01,-6.922373515602686656e-01,3.857209124211715134e-01,3.870466566854481316e-01,1.840636700456351749e-01,1.000000000000000000e+00,4.413045616312499253e-01,-8.175957290351677509e-01,3.587858869168991105e-01,-4.352543296086616720e-01,-5.072676611707702676e-01,3.513438843733786010e-01,6.962329396733966114e-01,6.104761802800168224e-01,5.072752528206757594e-01,4.642831112074806144e-01,2.274361589422744800e-01,-3.900484795995080578e-01,2.654464931617839252e-01,2.524739747919209076e-01,4.015482800000000907e-01,-1.543695528783675386e-01,1.973502024114805187e-01,4.629175937677382918e-02,-4.769752644767387695e-01,3.024871410021607865e-01,5.966453483489365661e-01,-2.115796886401221655e-01,-3.759060422493658571e-01,-3.280168081690550963e-01,1.103839119017769599e-01,7.111073042561308344e-02,3.229237392827217223e-01,7.331332395076880504e-01,-6.911972130043001483e-01,-4.035137067474194039e-02
3.728233647860457883e-02,6.296370687868655391e-01,-6.921198653786826693e-02,-9.546698414021473345e-02,-5.026043367821100283e-01,3.630078262855303550e-01,5.468842565994543881e-01,-2.442077271005493044e-01,4.413045616312499253e-01,1.000000000000000000e+00,-6.107943557398024526e-01,5.747788827521169153e-02,-8.240626493160579935e-01,-7.362359071622256446e-01,5.090868063240563401e-01,7.799156450825919240e-01,3.489010783188186138e-01,6.232372795364573559e-01,6.254315461506739782e-01,-5.393335928683076208e-01,-8.235971329471852842e-01,1.390437026251504504e-01,5.695001435525736122e-01,7.544677600000000428e-01,-3.873623823982589309e-01,-2.011327986766310028e-01,-1.700828920939161937e-01,-1.713459879926760854e-01,7.224738360261629966e-01,8.354762558817960816e-01,4.485580548057133826e-03,-7.378398943169353075e-01,-9.037892185181112259e-01,1.506497554620790935e-01,5.505331801676198733e-01,7.890790051964143015e-02,6.315906031270768217e-01,-5.622747685813814789e-01,4.218445339266347349e-01
1.828314597036824751e-01,-6.351524728685918886e-01,-1.344902670544272094e-01,-2.915908363253827962e-01,8.637289927663942546e-01,-9.677492088459077602e-02,-3.528050406640793613e-01,9.355118362432612855e-02,-8.175957290351677509e-01,-6.107943557398024526e-01,1.000000000000000000e+00,-4.535525680602247034e-01,6.758006279652692960e-01,5.717013740385120668e-01,-4.334379299716902834e-01,-8.739342229947195673e-01,-3.888598888210295090e-01,-5.220500044704814435e-01,-7.718856024196485421e-01,5.774225429553483252e-02,6.485290671864791801e-01,1.260489828875921980e-01,-4.907258070895033075e-01,-7.177186600000000638e-01,4.408807521124459838e-01,-2.627664762753935679e-01,2.281266811044357634e-01,3.800056323344255804e-01,-4.154655711071257862e-01,-7.330816287573187484e-01,1.597010151617265783e-01,6.958443872430430943e-01,5.396737561602109601e-01,-2.672326584034752650e-01,-3.957130934214536655e-01,6.093470102200654326e-03,-6.558760819330105019e-01,6.440801738649768460e-01,-1.480857601664873902e-01
-5.572489722479097018e-01,-1.684092066547008548e-01,5.611769007722532399e-01,4.892536776406625765e-01,-5.158473640869191135e-01,2.093945750430069655e-02,4.651758629799193079e-01,5.207468993235878640e-01,3.587858869168991105e-01,5.747788827521169153e-02,-4.535525680602247034e-01,1.000000000000000000e+00,-2.649194685875780331e-01,-5.386380301366878731e-01,-2.221626232595757255e-01,3.003529010780149333e-01,1.211869759932121676e-01,2.586410099437757015e-01,5.456810781163707880e-01,-4.864916293972269823e-02,1.159176584450759551e-01,2.642687911956057567e-01,-3.244731019437338548e-01,-8.606208000000004077e-02,3.643775613976785732e-01,-2.276876990942755807e-01,3.475316467778394869e-01,-2.574681312848270953e-01,2.202000969619206105e-01,8.830884936350248682e-02,3.580101751219708639e-01,4.082548771377352004e-02,1.621667584792723382e-01,-3.543148484871564557e-02,3.494116989925327016e-02,-8.395201623645112687e-02,2.479506071701154946e-01,-4.468375310779801324e-01,2.139429490201118222e-01
-1.961412400337085027e-01,-7.233559768560243741e-01,-1.454149937081367361e-01,1.133531130878035337e-01,4.741264263122516587e-01,-9.828033180420117990e-03,-4.368398416151271224e-01,3.888012337924784956e-01,-4.352543296086616720e-01,-8.240626493160579935e-01,6.758006279652692960e-01,-2.649194685875780331e-01,1.000000000000000000e+00,6.131599059560650655e-01,-4.687277887673614307e-01,-7.082024798934480891e-01,-3.791421523311126474e-01,-5.509163665539614785e-01,-6.708687349302513425e-01,4.509877586473740596e-01,8.518043439470586176e-01,-9.126275274808429150e-03,-5.693771764194410778e-01,-7.953262199999999726e-01,4.826818708052862394e-01,-1.073358652259070456e-01,2.027853596142731862e-01,-1.441453266590309035e-01,-7.100034048433558898e-01,-8.208494243001407398e-01,-2.250385594324974536e-01,8.335550713398128808e-01,8.431306390846664556e-01,-1.499127282158578822e-01,-8.073020951405315282e-01,2.409400505011208837e-01,-5.739255081246920076e-01,4.182410681274194020e-01,-5.218066488778867473e-01
3.059218748702282609e-01,-8.243165726544343652e-02,-1.757621440201337648e-01,-1.438582966003676411e-01,4.773777085283106292e-01,-6.394465134979434584e-01,-9.291514804443959941e-01,-3.209842921046732744e-01,-5.072676611707702676e-01,-7.362359071622256446e-01,5.717013740385120668e-01,-5.386380301366878731e-01,6.131599059560650655e-01,1.000000000000000000e+00,7.258267186990172148e-03,-5.602963369068869603e-01,-2.157868558209334320e-01,-8.401953102398076467e-01,-7.645064483402175259e-01,5.266754049244609659e-01,3.413657709325562117e-01,-3.655607700843693242e-01,-1.919060452313886903e-02,-2.706249200000000465e-01,-2.239103809706685655e-01,4.298177688465726343e-01,-4.290641867430995404e-01,1.908320361017268041e-01,-6.028162352615439312e-01,-6.650966374487404797e-01,-2.833952611740973015e-01,2.919745578585544732e-01,5.134312187520669868e-01,2.095822511042186864e-01,-2.336862533013820964e-01,4.151140450117536684e-02,-5.088905877736372707e-01,6.462255011914818104e-01,-3.698293083544608728e-01
9.893304993796570024e-02,7.453460268197097394e-01,-1.429008592160563029e-01,9.502628682308257579e-02,-4.421518194132064705e-01,-2.131363424931283501e-01,-2.890875873210669855e-01,-4.150102630621448352e-01,3.513438843733786010e-01,5.090868063240563401e-01,-4.334379299716902834e-01,-2.221626232595757255e-01,-4.687277887673614307e-01,7.258267186990172148e-03,1.000000000000000000e+00,6.800838414359755557e-01,6.296201108783027189e-01,-1.323405318978065348e-01,-5.921570143232148670e-02,2.918897239213308903e-01,-7.594820417823201497e-01,4.013976116019138396e-02,7.950280790761760086e-01,7.017477800000000432e-01,-7.463865960061965010e-01,1.746836739270400951e-01,-7.775584825185641868e-01,-2.386443369352501953e-01,5.118137929135059272e-01,4.505855111452690687e-01,-6.538767960998976836e-01,-6.513530990709801571e-01,-5.851681627261399177e-01,4.759744738805117836e-01,4.866510114989448521e-01,1.775740427994029758e-01,7.178380063623828189e-01,-3.871864569939941769e-01,-1.081632426540367897e-01
-3.170098707910591340e-01,6.876817590557187110e-01,1.756392295723512298e-01,3.905077677262784874e-01,-9.069510773624880340e-01,6.195186858744894387e-02,2.431580624302818183e-01,-6.857577463034569831e-02,6.962329396733966114e-01,7.799156450825919240e-01,-8.739342229947195673e-01,3.003529010780149333e-01,-7.082024798934480891e-01,-5.602963369068869603e-01,6.800838414359755557e-01,1.000000000000000000e+00,5.625279289540254801e-01,3.404077217792239596e-01,5.828716398314857106e-01,-3.640679422003789689e-02,-7.466594333998268773e-01,1.082321161149968347e-01,5.553605323920086656e-01,7.600153800000000182e-01,-4.853118045853185292e-01,-5.251157598187003450e-02,-4.275904637489454374e-01,-5.310564083690545445e-01,6.450380092151727363e-01,6.584693867261960376e-01,-3.031379063006980901e-01,-7.187782730703391465e-01,-6.317812423324224991e-01,5.183209827260897296e-01,3.701099237885044912e-01,2.123733177214147672e-01,8.400472290735463421e-01,-8.070136626048141082e-01,1.912590584843061325e-01
-2.718551094889698483e-01,2.609148494720335276e-01,3.126929522922035631e-01,5.350866268332580278e-01,-4.551898517705306180e-01,4.805743728825196542e-02,3.006414228214271400e-02,1.593258927093400834e-01,6.104761802800168224e-01,3.489010783188186138e-01,-3.888598888210295090e-01,1.211869759932121676e-01,-3.791421523311126474e-01,-2.157868558209334320e-01,6.296201108783027189e-01,5.625279289540254801e-01,1.000000000000000000e+00,3.690708991827054003e-02,-7.601881071745464347e-02,4.446378461476936939e-01,-3.618966117016177986e-01,5.803357756521518862e-01,2.919532170831700135e-01,2.621354399999999973e-01,-1.649189626869201897e-01,-7.570158270973045833e-02,-2.103122346229792661e-01,-3.539481118145662020e-01,4.027022530581342852e-01,2.876507787253346216e-01,-2.897000758605958182e-01,-2.571106832774912587e-01,-2.884841675521980786e-01,3.571346906611585492e-01,1.372218111149327568e-01,4.060001282415433010e-01,7.865942504883700614e-01,-6.374811377973119697e-01,-1.835189851571556174e-01
1.053292874650948036e-01,1.393005588988637244e-01,-7.351891015642195160e-02,-1.808433144034962969e-01,-2.101389415416731743e-01,7.147511779142534660e-01,8.972256690310465022e-01,5.193068506598508965e-02,5.072752528206757594e-01,6.232372795364573559e-01,-5.220500044704814435e-01,2.586410099437757015e-01,-5.509163665539614785e-01,-8.401953102398076467e-01,-1.323405318978065348e-01,3.404077217792239596e-01,3.690708991827054003e-02,1.000000000000000000e+00,7.409813876714281822e-01,-5.687792857327003126e-01,-3.601511890876926136e-01,6.920019935307153425e-02,1.100271044462796527e-01,3.074117199999999439e-01,1.069555691075304710e-01,-3.049614956617066261e-02,5.031750346460975853e-01,7.767974180096560988e-02,3.622140605862373963e-01,7.794778353375301228e-01,3.541806941061656500e-01,-3.659327617092314466e-01,-5.743209133721435267e-01,-4.839898294553753866e-01,3.013002997650870984e-01,-2.434104758193942342e-01,2.501440448210648371e-01,-3.465738993091972975e-01,2.405288482104037950e-01
-7.568267883338521129e-02,4.023231948175371442e-01,5.721462643029930767e-02,-3.499628739945282591e-02,-5.830062402463174198e-01,2.361100611747275202e-01,6.766350898453157292e-01,-7.252724411095438917e-02,4.642831112074806144e-01,6.254315461506739782e-01,-7.718856024196485421e-01,5.456810781163707880e-01,-6.708687349302513425e-01,-7.645064483402175259e-01,-5.921570143232148670e-02,5.828716398314857106e-01,-7.601881071745464347e-02,7.409813876714281822e-01,1.000000000000000000e+00,-6.166273786011335911e-01,-4.711522954634356775e-01,-2.363925630224267826e-01,2.227978686385524987e-01,5.450288199999999694e-01,-1.502291136108110381e-01,4.954916701145158781e-02,1.482235015760597907e-01,-8.479139263406958171e-02,3.310466694810504928e-01,6.891487376321775438e-01,3.340529983563259586e-01,-5.478410722812208089e-01,-5.235650281161554620e-01,-3.014206131486378559e-02,4.149284747177356958e-01,-2.578384189511772617e-01,2.435039582257765289e-01,-3.806431398178510284e-01,4.829343070160631024e-01
-3.161079712538962250e-01,-1.704160678491594416e-01,2.489720433264522581e-01,5.881815831592728250e-01,-1.242130116920232286e-01,-2.768495825223796780e-01,-5.957676633881743289e-01,2.888609425255998508e-01,2.274361589422744800e-01,-5.393335928683076208e-01,5.774225429553483252e-02,-4.864916293972269823e-02,4.509877586473740596e-01,5.266754049244609659e-01,2.918897239213308903e-01,-3.640679422003789689e-02,4.446378461476936939e-01,-5.687792857327003126e-01,-6.166273786011335911e-01,1.000000000000000000e+00,3.013724010310874779e-01,2.266158584809702947e-01,-1.057834510655284027e-01,-2.928006600000000459e-01,3.339797697950826292e-03,1.964191796919079469e-01,-2.676721695114017141e-01,-3.426071863571137355e-01,-2.058160018708525552e-01,-4.350056450210918468e-01,-5.912670299938621588e-01,3.092156755419315783e-01,5.201817338958557579e-01,2.864262390250063017e-01,-4.168217947397798162e-01,3.072839066402649477e-01,2.479416177487409889e-01,-1.535499550055781925e-01,-6.233877716746090147e-01
-3.726742783074651344e-01,-9.395409578593163502e-01,2.175743872975132720e-01,2.582037808072373264e-01,4.424089594779181955e-01,6.368210396533996454e-02,-1.227576571120087001e-01,6.565784568496821905e-01,-3.900484795995080578e-01,-8.235971329471852842e-01,6.485290671864791801e-01,1.159176584450759551e-01,8.518043439470586176e-01,3.413657709325562117e-01,-7.594820417823201497e-01,-7.466594333998268773e-01,-3.618966117016177986e-01,-3.601511890876926136e-01,-4.711522954634356775e-01,3.013724010310874779e-01,1.000000000000000000e+00,2.173019782351284790e-01,-8.864024276786870438e-01,-9.686116399999999960e-01,8.130388214992102514e-01,-2.955811294238114839e-01,5.679923310866877850e-01,-3.087448311663100811e-02,-5.915752391515715081e-01,-8.368707879831366325e-01,1.855316981062213322e-01,9.600231989402886468e-01,9.351495590699426819e-01,-2.616355114220850209e-01,-8.131649518445163149e-01,1.187347527125057894e-01,-5.631105209009965584e-01,3.023429001133091654e-01,-2.751083007524970925e-01
-5.463831377461266792e-01,-4.437524566591405928e-01,5.540419358565538133e-01,5.434073744915723925e-01,-8.466277476194999929e-02,4.455966112337583218e-01,3.442950562683934068e-01,6.904111056998618601e-01,2.654464931617839252e-01,1.390437026251504504e-01,1.260489828875921980e-01,2.642687911956057567e-01,-9.126275274808429150e-03,-3.655607700843693242e-01,4.013976116019138396e-02,1.082321161149968347e-01,5.803357756521518862e-01,6.920019935307153425e-02,-2.363925630224267826e-01,2.266158584809702947e-01,2.173019782351284790e-01,1.000000000000000000e+00,-3.971509954055292835e-01,-3.837232400000000210e-01,5.748992555830952922e-01,-6.794687007726449846e-01,4.118205063091371354e-01,-3.387564189521002911e-01,3.892384143779168415e-01,-9.900837962695646643e-02,7.425649057776650963e-02,3.582994592160915759e-01,1.260028485578713608e-01,-3.151493230538029988e-02,-3.211670306724723201e-01,5.257433553329204923e-01,4.979741060119904361e-01,-5.484094936343150151e-01,-3.007657823925435903e-02
5.133561288401184974e-01,9.051373043998063306e-01,-5.184174617429807563e-01,-3.772838163295820224e-01,-2.697695272944888867e-01,-1.861491131857134218e-01,-1.608987335418904374e-01,-7.712465207061900418e-01,2.524739747919209076e-01,5.695001435525736122e-01,-4.907258070895033075e-01,-3.244731019437338548e-01,-5.693771764194410778e-01,-1.919060452313886903e-02,7.950280790761760086e-01,5.553605323920086656e-01,2.919532170831700135e-01,1.100271044462796527e-01,2.227978686385524987e-01,-1.057834510655284027e-01,-8.864024276786870438e-01,-3.971509954055292835e-01,1.000000000000000000e+00,8.860759000000000274e-01,-9.113496227817362572e-01,4.903826513834754763e-01,-7.131611848027136213e-01,3.576295194783768450e-02,2.754362230099949849e-01,6.752646868600913344e-01,-4.139191593670006331e-01,-8.499590751732373217e-01,-7.882613086899151744e-01,2.121227995955287104e-01,7.464999994331148470e-01,-6.646535163625449938e-02,3.763526356859431821e-01,-4.225314116475711868e-02,-4.427788734708192064e-02
3.432228399999999180e-01,9.789338000000000761e-01,-2.287097799999999737e-01,-2.298260199999999642e-01,-5.229245200000000038e-01,-1.609733599999999543e-01,4.295987999999995033e-02,-6.909755200000000652e-01,4.015482800000000907e-01,7.544677600000000428e-01,-7.177186600000000638e-01,-8.606208000000004077e-02,-7.953262199999999726e-01,-2.706249200000000465e-01,7.017477800000000432e-01,7.600153800000000182e-01,2.621354399999999973e-01,3.074117199999999439e-01,5.450288199999999694e-01,-2.928006600000000459e-01,-9.686116399999999960e-01,-3.837232400000000210e-01,8.860759000000000274e-01,1.000000000000000000e+00,-8.717383800000000349e-01,3.964576600000000450e-01,-6.289206199999999303e-01,-3.433121999999999563e-02,4.626445599999999825e-01,7.864424000000000969e-01,-2.023076000000000318e-01,-9.703810200000000386e-01,-8.634939799999999943e-01,3.551230800000000354e-01,7.582835199999999887e-01,-1.106319599999999737e-01,4.787304400000000904e-01,-2.624718200000000223e-01,2.840017399999998915e-01
-5.112494258928094171e-01,-9.437253259936601024e-01,3.715776163769924922e-01,3.202161353908903330e-01,2.783244436043789682e-01,4.631907457049508348e-01,4.185192480967491191e-01,8.559906395114877942e-01,-1.543695528783675386e-01,-3.873623823982589309e-01,4.408807521124459838e-01,3.643775613976785732e-01,4.826818708052862394e-01,-2.239103809706685655e-01,-7.463865960061965010e-01,-4.853118045853185292e-01,-1.649189626869201897e-01,1.069555691075304710e-01,-1.502291136108110381e-01,3.339797697950826292e-03,8.130388214992102514e-01,5.748992555830952922e-01,-9.113496227817362572e-01,-8.717383800000000349e-01,1.000000000000000000e+00,-6.237844266039367369e-01,8.581553780041557555e-01,-7.742182805546472812e-02,-1.760499422723581509e-01,-4.793147724842491408e-01,4.130840221606909557e-01,8.248928906304739961e-01,6.226787856314796032e-01,-4.254974841223320148e-01,-6.635816100498391767e-01,1.231213977212763655e-01,-2.517722570776332325e-01,-6.460574627808664261e-02,-6.036229458625673450e-02
6.596310294348329828e-01,4.893701682287186494e-01,-2.930014843957691184e-01,-3.768531408630532709e-01,8.450198007361851837e-02,-3.697567322398858103e-01,-3.727288895247509171e-01,-6.706201799498030525e-01,1.973502024114805187e-01,-2.011327986766310028e-01,-2.627664762753935679e-01,-2.276876990942755807e-01,-1.073358652259070456e-01,4.298177688465726343e-01,1.746836739270400951e-01,-5.251157598187003450e-02,-7.570158270973045833e-02,-3.049614956617066261e-02,4.954916701145158781e-02,1.964191796919079469e-01,-2.955811294238114839e-01,-6.794687007726449846e-01,4.903826513834754763e-01,3.964576600000000450e-01,-6.237844266039367369e-01,1.000000000000000000e+00,-3.456206632991825622e-01,3.485549648205297779e-01,-3.545150368417317455e-01,2.511897610359385968e-01,-1.298145297248962660e-01,-4.058083412856353656e-01,-1.428812869211514569e-01,-7.801056049973405238e-02,4.018153043522259549e-01,-3.145356615919752685e-01,-1.825822169052711552e-01,4.415626453941860485e-01,-1.805915665379334567e-01
-1.782621048069381875e-01,-7.462758917170967399e-01,2.334601589505331809e-01,2.197123887094230843e-02,3.228210797716089542e-01,6.637676688301058503e-01,6.952910440213383447e-01,6.119624685124676056e-01,4.629175937677382918e-02,-1.700828920939161937e-01,2.281266811044357634e-01,3.475316467778394869e-01,2.027853596142731862e-01,-4.290641867430995404e-01,-7.775584825185641868e-01,-4.275904637489454374e-01,-2.103122346229792661e-01,5.031750346460975853e-01,1.482235015760597907e-01,-2.676721695114017141e-01,5.679923310866877850e-01,4.118205063091371354e-01,-7.131611848027136213e-01,-6.289206199999999303e-01,8.581553780041557555e-01,-3.456206632991825622e-01,1.000000000000000000e+00,1.517108173766676116e-01,-1.378601291732131084e-01,-7.901584036244570231e-02,5.944294896064445943e-01,5.691256027004425455e-01,3.107128399751822312e-01,-6.949645931758375861e-01,-3.760452383032935608e-01,-4.771588627005811378e-02,-2.572623034201703129e-01,2.395344923301419987e-02,8.597423928912968638e-02
7.405120308850339228e-01,1.028708418771939054e-02,-2.298780682677734888e-01,-7.137223274420870789e-01,6.825259011984992075e-01,-1.892080168675476515e-01,8.661384190361998137e-03,-4.849920056047899442e-01,-4.769752644767387695e-01,-1.713459879926760854e-01,3.800056323344255804e-01,-2.574681312848270953e-01,-1.441453266590309035e-01,1.908320361017268041e-01,-2.386443369352501953e-01,-5.310564083690545445e-01,-3.539481118145662020e-01,7.767974180096560988e-02,-8.479139263406958171e-02,-3.426071863571137355e-01,-3.087448311663100811e-02,-3.387564189521002911e-01,3.576295194783768450e-02,-3.433121999999999563e-02,-7.742182805546472812e-02,3.485549648205297779e-01,1.517108173766676116e-01,1.000000000000000000e+00,-8.928778254237283718e-02,5.276653066433089484e-02,3.804438375932961414e-01,-1.886673982674971772e-02,-1.321370760204484129e-01,-4.496224811284197376e-01,4.649886014639797449e-01,-7.398791875706788312e-01,-4.463665759455013315e-01,6.909947049909097583e-01,2.978751681919797889e-01
-1.674920281359125740e-01,3.906979590336204788e-01,2.625902424947750280e-01,1.658927049438498336e-01,-4.409079744326153683e-01,1.663634245547963020e-01,3.880705120808293218e-01,1.025916784121612413e-02,3.024871410021607865e-01,7.224738360261629966e-01,-4.154655711071257862e-01,2.202000969619206105e-01,-7.100034048433558898e-01,-6.028162352615439312e-01,5.118137929135059272e-01,6.450380092151727363e-01,4.027022530581342852e-01,3.622140605862373963e-01,3.310466694810504928e-01,-2.058160018708525552e-01,-5.915752391515715081e-01,3.892384143779168415e-01,2.754362230099949849e-01,4.626445599999999825e-01,-1.760499422723581509e-01,-3.545150368417317455e-01,-1.378601291732131084e-01,-8.928778254237283718e-02,1.000000000000000000e+00,5.430856524802227803e-01,-2.804855420110208275e-02,-4.925462147639494970e-01,-5.901089465038775739e-01,1.724002476416841567e-01,4.452343270094719085e-01,-5.387709320130304458e-02,7.194996643124268454e-01,-6.264250829442654656e-01,3.150619575531818928e-01
3.293629174903647261e-01,6.749025411484786963e-01,-2.337650221009433815e-01,-2.810232284435539296e-01,-3.891530877904559871e-01,3.849237084430902622e-01,5.704572926076553196e-01,-3.939459244356013912e-01,5.966453483489365661e-01,8.354762558817960816e-01,-7.330816287573187484e-01,8.830884936350248682e-02,-8.208494243001407398e-01,-6.650966374487404797e-01,4.505855111452690687e-01,6.584693867261960376e-01,2.876507787253346216e-01,7.794778353375301228e-01,6.891487376321775438e-01,-4.350056450210918468e-01,-8.368707879831366325e-01,-9.900837962695646643e-02,6.752646868600913344e-01,7.864424000000000969e-01,-4.793147724842491408e-01,2.511897610359385968e-01,-7.901584036244570231e-02,5.276653066433089484e-02,5.430856524802227803e-01,1.000000000000000000e+00,2.158656687708036034e-03,-8.013764906715378222e-01,-9.032116899695471490e-01,-1.750139386309544631e-01,7.043799229002730700e-01,-1.791780249427963601e-01,5.255093035589999406e-01,-3.553356834771703721e-01,2.238902436163086873e-01
1.300256576518691864e-01,-2.578548231578526861e-01,3.104038356173947077e-01,-2.176942972309013347e-01,2.689615893599489604e-01,6.738129275855782307e-02,4.532504756052397887e-01,7.046431356200121010e-02,-2.115796886401221655e-01,4.485580548057133826e-03,1.597010151617265783e-01,3.580101751219708639e-01,-2.250385594324974536e-01,-2.833952611740973015e-01,-6.538767960998976836e-01,-3.031379063006980901e-01,-2.897000758605958182e-01,3.541806941061656500e-01,3.340529983563259586e-01,-5.912670299938621588e-01,1.855316981062213322e-01,7.425649057776650963e-02,-4.139191593670006331e-01,-2.023076000000000318e-01,4.130840221606909557e-01,-1.298145297248962660e-01,5.944294896064445943e-01,3.804438375932961414e-01,-2.804855420110208275e-02,2.158656687708036034e-03,1.000000000000000000e+00,6.871183566096315809e-02,2.889803493923022784e-02,-3.592571150780968225e-01,1.406082769844197999e-01,-2.628312906689294626e-01,-4.234692553116643499e-01,1.919377379697881081e-01,4.271371718442471543e-01
-3.825908548772451456e-01,-9.541095620236511587e-01,1.944728462569568217e-01,2.490093855227642483e-01,4.771277139134671996e-01,1.664679764810645946e-01,-8.073202420844829974e-02,6.838353729732409292e-01,-3.759060422493658571e-01,-7.378398943169353075e-01,6.958443872430430943e-01,4.082548771377352004e-02,8.335550713398128808e-01,2.919745578585544732e-01,-6.513530990709801571e-01,-7.187782730703391465e-01,-2.571106832774912587e-01,-3.659327617092314466e-01,-5.478410722812208089e-01,3.092156755419315783e-01,9.600231989402886468e-01,3.582994592160915759e-01,-8.499590751732373217e-01,-9.703810200000000386e-01,8.248928906304739961e-01,-4.058083412856353656e-01,5.691256027004425455e-01,-1.886673982674971772e-02,-4.925462147639494970e-01,-8.013764906715378222e-01,6.871183566096315809e-02,1.000000000000000000e+00,8.678290502103551685e-01,-2.654233760999741842e-01,-8.115570499329770593e-01,2.017591983878934125e-01,-4.357586949415827027e-01,2.639636803896722173e-01,-2.271619274215046502e-01
-4.252752921276676257e-01,-7.865679946889646557e-01,3.213700814131628114e-01,3.967770986771131936e-01,2.799976575736468076e-01,-2.007376571888502825e-01,-3.738968266590309009e-01,5.795236386573587861e-01,-3.280168081690550963e-01,-9.037892185181112259e-01,5.396737561602109601e-01,1.621667584792723382e-01,8.431306390846664556e-01,5.134312187520669868e-01,-5.851681627261399177e-01,-6.317812423324224991e-01,-2.884841675521980786e-01,-5.743209133721435267e-01,-5.235650281161554620e-01,5.201817338958557579e-01,9.351495590699426819e-01,1.260028485578713608e-01,-7.882613086899151744e-01,-8.634939799999999943e-01,6.226787856314796032e-01,-1.428812869211514569e-01,3.107128399751822312e-01,-1.321370760204484129e-01,-5.901089465038775739e-01,-9.032116899695471490e-01,2.889803493923022784e-02,8.678290502103551685e-01,1.000000000000000000e+00,-2.754815136426304323e-02,-7.831125398432272622e-01,1.555170673564346406e-01,-4.742493738557094773e-01,2.629676896529379304e-01,-3.147516947489641947e-01
-4.009666185207087508e-01,4.271157459468231110e-01,3.433057745205218003e-01,5.225187525094429075e-01,-5.923356545573306153e-01,-5.633647455936526827e-01,-5.031608641208349386e-01,-8.652341465240900864e-02,1.103839119017769599e-01,1.506497554620790935e-01,-2.672326584034752650e-01,-3.543148484871564557e-02,-1.499127282158578822e-01,2.095822511042186864e-01,4.759744738805117836e-01,5.183209827260897296e-01,3.571346906611585492e-01,-4.839898294553753866e-01,-3.014206131486378559e-02,2.864262390250063017e-01,-2.616355114220850209e-01,-3.151493230538029988e-02,2.121227995955287104e-01,3.551230800000000354e-01,-4.254974841223320148e-01,-7.801056049973405238e-02,-6.949645931758375861e-01,-4.496224811284197376e-01,1.724002476416841567e-01,-1.750139386309544631e-01,-3.592571150780968225e-01,-2.654233760999741842e-01,-2.754815136426304323e-02,1.000000000000000000e+00,-7.024632418990385541e-02,3.440959461439125899e-01,3.802060747490193515e-01,-3.967354737795003028e-01,1.846346871020203284e-01
6.113363688050248435e-01,7.543060241397196997e-01,-2.671758416653098323e-01,-5.254325530430746793e-01,-8.615931930846310038e-02,-2.440882935231417361e-01,1.346327131095154117e-01,-7.232249147387288524e-01,7.111073042561308344e-02,5.505331801676198733e-01,-3.957130934214536655e-01,3.494116989925327016e-02,-8.073020951405315282e-01,-2.336862533013820964e-01,4.866510114989448521e-01,3.701099237885044912e-01,1.372218111149327568e-01,3.013002997650870984e-01,4.149284747177356958e-01,-4.168217947397798162e-01,-8.131649518445163149e-01,-3.211670306724723201e-01,7.464999994331148470e-01,7.582835199999999887e-01,-6.635816100498391767e-01,4.018153043522259549e-01,-3.760452383032935608e-01,4.649886014639797449e-01,4.452343270094719085e-01,7.043799229002730700e-01,1.406082769844197999e-01,-8.115570499329770593e-01,-7.831125398432272622e-01,-7.024632418990385541e-02,1.000000000000000000e+00,-4.877641679190163337e-01,2.222339864416667254e-01,8.225468410154389287e-02,2.941912725446399479e-01
-4.472469732597151859e-01,-1.278141711960245064e-01,2.302088840365826838e-01,4.645885583138275043e-01,-2.444594723997059460e-01,2.390716102692413414e-01,-1.110494266601830260e-01,3.384502730907530954e-01,3.229237392827217223e-01,7.890790051964143015e-02,6.093470102200654326e-03,-8.395201623645112687e-02,2.409400505011208837e-01,4.151140450117536684e-02,1.775740427994029758e-01,2.123733177214147672e-01,4.060001282415433010e-01,-2.434104758193942342e-01,-2.578384189511772617e-01,3.072839066402649477e-01,1.187347527125057894e-01,5.257433553329204923e-01,-6.646535163625449938e-02,-1.106319599999999737e-01,1.231213977212763655e-01,-3.145356615919752685e-01,-4.771588627005811378e-02,-7.398791875706788312e-01,-5.387709320130304458e-02,-1.791780249427963601e-01,-2.628312906689294626e-01,2.017591983878934125e-01,1.555170673564346406e-01,3.440959461439125899e-01,-4.877641679190163337e-01,1.000000000000000000e+00,3.075972982652412924e-01,-3.581282248529790713e-01,-1.831280490659489002e-01
-3.830192975274385736e-01,4.217085940791364118e-01,3.394359842960329998e-01,5.184383976970310393e-01,-7.160623633586513659e-01,2.100268307376338961e-01,2.446847186696264886e-01,1.639920241189741501e-01,7.331332395076880504e-01,6.315906031270768217e-01,-6.558760819330105019e-01,2.479506071701154946e-01,-5.739255081246920076e-01,-5.088905877736372707e-01,7.178380063623828189e-01,8.400472290735463421e-01,7.865942504883700614e-01,2.501440448210648371e-01,2.435039582257765289e-01,2.479416177487409889e-01,-5.631105209009965584e-01,4.979741060119904361e-01,3.763526356859431821e-01,4.787304400000000904e-01,-2.517722570776332325e-01,-1.825822169052711552e-01,-2.572623034201703129e-01,-4.463665759455013315e-01,7.194996643124268454e-01,5.255093035589999406e-01,-4.234692553116643499e-01,-4.357586949415827027e-01,-4.742493738557094773e-01,3.802060747490193515e-01,2.222339864416667254e-01,3.075972982652412924e-01,1.000000000000000000e+00,-8.396359168980023213e-01,8.002668026315830352e-02
7.043226379047049512e-01,-1.690005369459409157e-01,-4.711400143112558503e-01,-7.423490854029446417e-01,8.297475949314304655e-01,-3.141806533447866756e-01,-3.924128460941966878e-01,-4.839804990780730565e-01,-6.911972130043001483e-01,-5.622747685813814789e-01,6.440801738649768460e-01,-4.468375310779801324e-01,4.182410681274194020e-01,6.462255011914818104e-01,-3.871864569939941769e-01,-8.070136626048141082e-01,-6.374811377973119697e-01,-3.465738993091972975e-01,-3.806431398178510284e-01,-1.535499550055781925e-01,3.023429001133091654e-01,-5.484094936343150151e-01,-4.225314116475711868e-02,-2.624718200000000223e-01,-6.460574627808664261e-02,4.415626453941860485e-01,2.395344923301419987e-02,6.909947049909097583e-01,-6.264250829442654656e-01,-3.553356834771703721e-01,1.919377379697881081e-01,2.639636803896722173e-01,2.629676896529379304e-01,-3.967354737795003028e-01,8.225468410154389287e-02,-3.581282248529790713e-01,-8.396359168980023213e-01,1.000000000000000000e+00,-3.318964480038267412e-02
4.282694047004387272e-02,2.193429827238424779e-01,3.738299429928184647e-01,-1.661971476872823872e-01,-1.196634312712795412e-01,-2.526446802815229126e-02,3.385692425904617275e-01,-1.699201115352673430e-01,-4.035137067474194039e-02,4.218445339266347349e-01,-1.480857601664873902e-01,2.139429490201118222e-01,-5.218066488778867473e-01,-3.698293083544608728e-01,-1.081632426540367897e-01,1.912590584843061325e-01,-1.835189851571556174e-01,2.405288482104037950e-01,4.829343070160631024e-01,-6.233877716746090147e-01,-2.751083007524970925e-01,-3.007657823925435903e-02,-4.427788734708192064e-02,2.840017399999998915e-01,-6.036229458625673450e-02,-1.805915665379334567e-01,8.597423928912968638e-02,2.978751681919797889e-01,3.150619575531818928e-01,2.238902436163086873e-01,4.271371718442471543e-01,-2.271619274215046502e-01,-3.147516947489641947e-01,1.846346871020203284e-01,2.941912725446399479e-01,-1.831280490659489002e-01,8.002668026315830352e-02,-3.318964480038267412e-02,1.000000000000000000e+00
