1.0,-0.011312432560911414,0.21582848864875662,-0.33251801096661426,0.13740989061277653,0.092488745626491398,-0.14002071184606066,-0.51764724828510655,0.19468168688691495,0.28070199212473518,-0.45987767843029853,0.19180341043856033,-0.52812066360180876,0.62581127662571689,-0.40190313042393605,0.046059728228778143,0.28109357703142474,0.23639648561280058,-0.022156939822827182,0.088505471555397286,0.014241219999999943,-0.31234272918342154,0.42064139987945076,-0.032516396390813163,0.1123798162564854,-0.014235655312338835,0.74610093762510321,0.26643677719007558,0.33560285525779254,0.35504644130770413,-0.24026033966351429,-0.22097611674729883,-0.027749335047359616,-0.15335086561645705,-0.23266626108797708,0.20789655989946543,0.6299360674415172,-0.10420514877533009,-0.0083364598137659913
-0.011312432560911414,1.0,0.74241622589128942,0.077297484442717571,-0.29754409468970838,0.73009956220659966,0.87586659232815323,-0.064894652286625998,-0.17666182248079623,-0.32835017429999397,0.6308595884686905,0.78360508514996785,0.14029947572907189,-0.038582366041408564,0.20956501713922304,0.76056187600504166,-0.62560926832317643,-0.84989673661884679,0.33146791477212934,0.0079083810907979619,0.87918698000000006,0.7898949115766899,0.093678977641166214,0.092828517380516062,0.58651135920896946,-0.37149413544920262,-0.58080798108559351,-0.53949217757719792,0.49012736899322124,0.21228750915729153,0.30792825693740422,-0.45875615471821951,0.56304938630136758,0.13719002450593956,0.4648199711214579,0.33389153899456281,0.033122936601548192,-0.64444936070718262,0.68884139408485945
0.21582848864875662,0.74241622589128942,1.0,-0.24885446474485709,-0.38388595020214722,0.42924656697540958,0.7803206305121041,-0.21979475302366053,-0.16842362418194362,0.17094726104188512,0.45357998797108834,0.83177729717222537,0.29160669874287809,0.083031421967202201,0.24448544870143527,0.60362104676782069,-0.70760682041044831,-0.70765542877135545,0.72253305241464183,0.24222649259387175,0.91410747999999997,0.75658604423485298,0.038201561231699543,0.26489408078240734,0.77227830667474551,-0.57548734058619444,-0.25896867267154172,-0.11942123538168298,0.60635726239570764,0.41749153237005021,0.050827439069623476,-0.57575807717889871,0.68795494591741091,-0.14339333261106776,0.32494921383486353,0.6156564980454492,-0.14815880422377425,-0.41415947374309042,0.5967040461743659
-0.33251801096661426,0.077297484442717571,-0.24885446474485709,1.0,0.73000018148000456,0.49872277678283478,-0.080228790163333355,0.007494839482306781,0.72026145780195527,-0.47871181339842162,0.084798724795949409,0.076075965264369744,0.033884633178722375,-0.36862130586274094,-0.54653098183859239,-0.29753401870219481,0.40455957387667285,-0.36785935070684239,-0.46431223700832297,-0.7615321408314174,-0.061357820000000007,-0.20998605250331748,-0.33215165243357642,-0.8261229210033163,-0.46159952877510463,0.71541622770947244,-0.36024186898960991,-0.62983923467858882,-0.63484071742168691,0.43394663478367212,-0.061881523542554974,-0.27155719200886719,-0.32922015832364709,-0.49992749344630366,0.73892809099868306,-0.61693474659434611,-0.29493747980640528,-0.52419447887314319,0.50674339172999272
0.13740989061277653,-0.29754409468970838,-0.38388595020214722,0.73000018148000456,1.0,0.20612119110586913,-0.46465040257656881,-0.23523464437140285,0.96966354823942957,-0.067087104956072952,-0.15907601658013198,0.026615824943254929,-0.37144575276321795,-0.090425029145478453,-0.91150236714056276,-0.54525752517297088,0.81594062898039521,0.03905109651048394,-0.6339761098237463,-0.55061202360967731,-0.28387103999999996,-0.63400951176824705,-0.2333714442895494,-0.86350261488310021,-0.50658266670475482,0.79456774043458822,0.20302257956889802,-0.43212165219583326,-0.68828474348571445,0.64387061837828563,-0.24391379602033955,-0.42044261408403683,-0.44479869311269393,-0.57088379754790752,0.55570716398348607,-0.75033357681260515,-0.0024165851628271673,-0.30202252819305309,0.37582757020814117
0.092488745626491398,0.73009956220659966,0.42924656697540958,0.49872277678283478,0.20612119110586913,1.0,0.56731141280498598,-0.043500006933293867,0.30769258077635375,-0.38361533328250569,0.24478886919645601,0.55291453905749099,0.090694548524589372,-0.31241106954073145,-0.16537991323322176,0.16886106975215778,-0.10882793339239935,-0.71159409777274152,0.14567251989758842,-0.46561979554002164,0.55912757999999996,0.30848862561298973,-0.25011337131539635,-0.32231431011543521,0.17927777640301978,0.067221052615684673,-0.30053088568850927,-0.50054047957728298,-0.091876458501171099,0.51374761817031445,-0.10227951188558694,-0.52387196530324487,0.25951976544703875,-0.2666686002680882,0.58056591397534174,-0.12268289843106078,0.064320627675520547,-0.74085907601650114,0.69137480340919288
-0.14002071184606066,0.87586659232815323,0.7803206305121041,-0.080228790163333355,-0.46465040257656881,0.56731141280498598,1.0,-0.017756971462838621,-0.32263824080979336,-0.20200507746103297,0.59018104392242665,0.74899586684415376,0.41969896475779944,-0.22897897662237365,0.44806059438509893,0.65216835663294592,-0.77076650682003578,-0.80912043735523553,0.5874123772180081,0.10369823332286061,0.9000342400000001,0.85192982107933701,-0.13440993203582555,0.32251774135994526,0.70964505713682635,-0.57916922427067741,-0.56692953727779827,-0.33617941613027791,0.43327001041370122,0.17360368879554905,0.24520639929146176,-0.40311704384270342,0.64335831733695115,0.18248395998682262,0.34985507609526073,0.44137940166270417,-0.16957047279382159,-0.51121493853032585,0.56868186474340754
-0.51764724828510655,-0.064894652286625998,-0.21979475302366053,0.007494839482306781,-0.23523464437140285,-0.043500006933293867,-0.017756971462838621,1.0,-0.33691005614999969,0.23776030675661497,0.15566319840862386,-0.31734177771921623,0.053274720635058614,-0.65892351513159708,0.49250773458805269,-0.26805608756797744,0.002776751433965309,0.2141714305500553,0.18131676306196767,0.015390492520613025,-0.10460097999999995,0.083116874076711367,-0.56676291984180915,0.43312811726331163,0.20618752315457844,-0.366105687957264,-0.24035748658438541,0.0033166796036943414,-0.34558813256673049,-0.34811289008897023,-0.48104171575082277,0.16437573910070696,0.43295124678655655,0.40546780705692131,-0.27528017054298765,-0.40146934700000197,0.15392663208068774,0.56496606183997611,-0.31125318972222704
0.19468168688691495,-0.17666182248079623,-0.16842362418194362,0.72026145780195527,0.96966354823942957,0.30769258077635375,-0.32263824080979336,-0.33691005614999969,1.0,-0.031101232044150096,-0.1099264441291171,0.19866014151437311,-0.26028648563572387,-0.077953787753026471,-0.90148877582026754,-0.47345812002610116,0.68689342038770096,-0.12505404605152912,-0.46974839015014025,-0.55101595952826654,-0.10768401999999999,-0.50583819988611578,-0.24729419890269599,-0.87111983800221915,-0.38854523000341423,0.73105089247374333,0.16816241698773762,-0.43197567703601708,-0.59947809343149705,0.79216552887368841,-0.25634888169344239,-0.55368103604720043,-0.35092309906057029,-0.70784350447564148,0.6649092267393043,-0.61523940170010927,-0.10364969425182671,-0.42672541574315881,0.52268772470338054
0.28070199212473518,-0.32835017429999397,0.17094726104188512,-0.47871181339842162,-0.067087104956072952,-0.38361533328250569,-0.20200507746103297,0.23776030675661497,-0.031101232044150096,1.0,-0.04499483310923387,0.028135922665402064,-0.072813403705633051,-0.069870157299199195,0.08500585182490164,-0.31170415275504093,0.11009643419529735,0.37270406733633504,0.36907997580587171,0.33439143074421374,0.0085366799999999632,-0.056717127309060499,-0.28437396513050972,0.41313271388592471,0.40319649017954845,-0.43067138620442053,0.43648068090986686,0.30038156844259345,-0.02241241097912694,0.20968387697731838,-0.55467947795802219,-0.26818763257988643,0.36334413041502867,0.0045398344071983336,-0.31331329301762462,-0.01906385865399984,0.18437127471127701,0.54237502214733424,-0.19830907250404214
-0.45987767843029853,0.6308595884686905,0.45357998797108834,0.084798724795949409,-0.15907601658013198,0.24478886919645601,0.59018104392242665,0.15566319840862386,-0.1099264441291171,-0.04499483310923387,1.0,0.61653735678414845,0.14469306280863431,-0.27961361998174683,0.2126546922688336,0.54344626905949867,-0.49815194846580313,-0.65334357601796977,0.17138847902541257,0.26282582593736548,0.68656058000000009,0.74697860879589528,-0.12692481445053652,0.11302508273218145,0.53822664405516019,-0.322702578662724,-0.6748216831371775,-0.65555163135651107,0.20414651038456372,0.10242957145093938,0.40193169780407845,-0.48291873413452019,0.49106101457434931,0.2238927402924217,0.51332864220216479,0.024003691910858681,-0.26941132979397586,-0.25497712900138653,0.59914991922099003
0.19180341043856033,0.78360508514996785,0.83177729717222537,0.076075965264369744,0.026615824943254929,0.55291453905749099,0.74899586684415376,-0.31734177771921623,0.19866014151437311,0.028135922665402064,0.61653735678414845,1.0,0.038501747278019617,0.021592149610707861,-0.13301909746240231,0.56862635274139384,-0.40795858841020927,-0.79727431306115115,0.33018224777918853,0.089838301037421991,0.92943829999999994,0.60228467017586107,-0.037648552816181603,-0.059221741871968388,0.66848696451737921,-0.30645735282508246,-0.34023785969433945,-0.55605361251051222,0.3640495876295573,0.65292502287156262,0.14465735803394653,-0.83936272323427397,0.58391306257783315,-0.13098790641669497,0.65134531840668208,0.22901192055279476,-0.068136039534822279,-0.63065280222696163,0.87970222258682207
-0.52812066360180876,0.14029947572907189,0.29160669874287809,0.033884633178722375,-0.37144575276321795,0.090694548524589372,0.41969896475779944,0.053274720635058614,-0.26028648563572387,-0.072813403705633051,0.14469306280863431,0.038501747278019617,1.0,-0.4086827282808872,0.4905836437376167,-0.0027100624035456345,-0.59363249224072012,-0.43013563558511492,0.54029868880701215,-0.20333503659148022,0.23216177999999998,0.49936075489574078,-0.34140949868526754,0.14003216875848659,0.048742266678446215,-0.17278247363778665,-0.48298062417015003,0.12497351773000583,-0.018976877151784061,-0.072620076678069245,0.16110592635559398,0.13624466731828047,0.046370557251937082,-0.18294801425416224,0.16474550505194704,0.3926246109926283,-0.75241053752914633,-0.21176636266049148,0.067176072538046097
0.62581127662571689,-0.038582366041408564,0.083031421967202201,-0.36862130586274094,-0.090425029145478453,-0.31241106954073145,-0.22897897662237365,-0.65892351513159708,-0.077953787753026471,-0.069870157299199195,-0.27961361998174683,0.021592149610707861,-0.4086827282808872,1.0,-0.27499764128787002,0.44913671488757895,-0.002108371801815041,0.19887763596741084,-0.28891970989891275,0.22307675326916546,-0.11708145999999997,-0.13559999690005814,0.93575108075788371,-0.088817228599459688,-0.12817805520380737,0.14728819024826356,0.34287444829752189,0.18970421166021453,0.67453804835470443,-0.12986703784561845,0.41456642846011788,0.20779286288336848,-0.3099610668882028,0.0085521850267209071,-0.22561828115799767,0.50407219022724148,0.31236936812206545,-0.093934104760326043,-0.13793075442951488
-0.40190313042393605,0.20956501713922304,0.24448544870143527,-0.54653098183859239,-0.91150236714056276,-0.16537991323322176,0.44806059438509893,0.49250773458805269,-0.90148877582026754,0.08500585182490164,0.2126546922688336,-0.13301909746240231,0.4905836437376167,-0.27499764128787002,1.0,0.30731820775140056,-0.74172002851467689,-0.034746467558876212,0.66085465728793447,0.43663282731271336,0.21708185999999996,0.60751558501001746,-0.099763644577278571,0.84491375982998362,0.47580986947300236,-0.7618603293208277,-0.3151126522098851,0.3762766934827606,0.3776180592266497,-0.63047068953328222,0.072974154464124114,0.42442754234283747,0.45398873476583479,0.50816799996940809,-0.49235184488526323,0.50622290627352673,-0.14536164916894398,0.39224581866010361,-0.38961539259481487
0.046059728228778143,0.76056187600504166,0.60362104676782069,-0.29753401870219481,-0.54525752517297088,0.16886106975215778,0.65216835663294592,-0.26805608756797744,-0.47345812002610116,-0.31170415275504093,0.54344626905949867,0.56862635274139384,-0.0027100624035456345,0.44913671488757895,0.30731820775140056,1.0,-0.72297657287367367,-0.54317528035304075,0.18175653990473359,0.37524539590380301,0.65557902000000001,0.73676690303826597,0.59620051309581845,0.27484625966323656,0.49805929439823898,-0.41429971656700515,-0.46793587499168088,-0.29416477103803285,0.86344534082262747,-0.19073699868184615,0.66137712797194226,-0.089456241647795295,0.37023710637006668,0.38175521520075573,0.1301186307023536,0.64708559105944741,0.055513577721808441,-0.36700697451673225,0.34168176708398906
0.28109357703142474,-0.62560926832317643,-0.70760682041044831,0.40455957387667285,0.81594062898039521,-0.10882793339239935,-0.77076650682003578,0.002776751433965309,0.68689342038770096,0.11009643419529735,-0.49815194846580313,-0.40795858841020927,-0.59363249224072012,-0.002108371801815041,-0.74172002851467689,-0.72297657287367367,1.0,0.57383656636280034,-0.70139972384190263,-0.38526871078430536,-0.66939732000000007,-0.91271332111932379,-0.15370467420719039,-0.54828059344583091,-0.58959897769766911,0.66094042681173271,0.55445197341044317,-0.058927237074819859,-0.69015614205841602,0.26432199602736578,-0.43117795755308319,-0.039423155092887095,-0.50564633436334427,-0.23788794570449595,-0.010810931705205737,-0.79365414986602634,0.37971457488472804,0.16716475450488569,-0.17044700092992365
0.23639648561280058,-0.84989673661884679,-0.70765542877135545,-0.36785935070684239,0.03905109651048394,-0.71159409777274152,-0.80912043735523553,0.2141714305500553,-0.12505404605152912,0.37270406733633504,-0.65334357601796977,-0.79727431306115115,-0.43013563558511492,0.19887763596741084,-0.034746467558876212,-0.54317528035304075,0.57383656636280034,1.0,-0.3113588949252184,0.20294316057825254,-0.83833734000000004,-0.73327743273244927,0.10458627380428087,0.2209044748458478,-0.37444870120173368,0.093064513122854256,0.70692511697378047,0.61229411072755491,-0.22415382469186601,-0.43741706960335214,-0.34212249592685279,0.55917808273756353,-0.35858659581886987,0.24482205637724519,-0.78475067297363532,-0.24600998984520472,0.43556590850053978,0.80190941270399962,-0.86479451686807252
-0.022156939822827182,0.33146791477212934,0.72253305241464183,-0.46431223700832297,-0.6339761098237463,0.14567251989758842,0.5874123772180081,0.18131676306196767,-0.46974839015014025,0.36907997580587171,0.17138847902541257,0.33018224777918853,0.54029868880701215,-0.28891970989891275,0.66085465728793447,0.18175653990473359,-0.70139972384190263,-0.3113588949252184,1.0,0.37369892734623861,0.57360769999999994,0.60066226877886619,-0.31541636644234089,0.63942273184016529,0.69238053732586069,-0.78060734057664294,-0.080280402591796751,0.40289356757875422,0.33911866975035132,0.076341686516925356,-0.26995134682959487,-0.18642110688656888,0.6920579048351464,-0.023814914326429487,-0.14307613340821901,0.57285856780610211,-0.25908812461500175,0.11326649484668917,0.064447806219270626
0.088505471555397286,0.0079083810907979619,0.24222649259387175,-0.7615321408314174,-0.55061202360967731,-0.46561979554002164,0.10369823332286061,0.015390492520613025,-0.55101595952826654,0.33439143074421374,0.26282582593736548,0.089838301037421991,-0.20333503659148022,0.22307675326916546,0.43663282731271336,0.37524539590380301,-0.38526871078430536,0.20294316057825254,0.37369892734623861,1.0,0.20147475999999997,0.25852329364536375,0.24694901125210583,0.69089247675648313,0.51590972561492054,-0.64898262110835359,0.16577953046438948,0.36406336067113332,0.5268930818312445,-0.33157879482167968,0.1773783687653844,0.044964305605399206,0.43875076213998326,0.45845276622587045,-0.44074553577478548,0.41395470982544025,0.10274118773313153,0.51506580900613042,-0.2379915974609321
0.014241219999999943,0.87918698000000006,0.91410747999999997,-0.061357820000000007,-0.28387103999999996,0.55912757999999996,0.9000342400000001,-0.10460097999999995,-0.10768401999999999,0.0085366799999999632,0.68656058000000009,0.92943829999999994,0.23216177999999998,-0.11708145999999997,0.21708185999999996,0.65557902000000001,-0.66939732000000007,-0.83833734000000004,0.57360769999999994,0.20147475999999997,1.0,0.81564591999999991,-0.097897440000000002,0.2040009599999999,0.79601626000000003,-0.54388806000000001,-0.47863241999999995,-0.42353627999999999,0.46331981999999994,0.42685842000000007,0.14854406000000009,-0.68174153999999998,0.74447850000000004,0.013420280000000062,0.50184381999999994,0.38591204000000001,-0.13853336000000005,-0.51067551999999994,0.75522595999999997
-0.31234272918342154,0.7898949115766899,0.75658604423485298,-0.20998605250331748,-0.63400951176824705,0.30848862561298973,0.85192982107933701,0.083116874076711367,-0.50583819988611578,-0.056717127309060499,0.74697860879589528,0.60228467017586107,0.49936075489574078,-0.13559999690005814,0.60751558501001746,0.73676690303826597,-0.91271332111932379,-0.73327743273244927,0.60066226877886619,0.25852329364536375,0.81564591999999991,1.0,0.026610993032989347,0.42031188318950913,0.68697430666056747,-0.61568483991767153,-0.66746034081294892,-0.28290369380087083,0.57618299182443422,-0.069720788026693556,0.39220959173762071,-0.22932690562963415,0.59184752936452534,0.22703374186324141,0.24635945722913125,0.56903110690637126,-0.30426911668273837,-0.30740322808355669,0.42041287341033112
0.42064139987945076,0.093678977641166214,0.038201561231699543,-0.33215165243357642,-0.2333714442895494,-0.25011337131539635,-0.13440993203582555,-0.56676291984180915,-0.24729419890269599,-0.28437396513050972,-0.12692481445053652,-0.037648552816181603,-0.34140949868526754,0.93575108075788371,-0.099763644577278571,0.59620051309581845,-0.15370467420719039,0.10458627380428087,-0.31541636644234089,0.24694901125210583,-0.097897440000000002,0.026610993032989347,1.0,-0.039882985333787306,-0.15592620480089908,0.13258572749223463,0.13332575737233249,0.10967180014045089,0.73177723340911949,-0.35129933848813827,0.61202080446344831,0.35876062719050034,-0.33648327089560937,0.14372265687073496,-0.23115624487400899,0.54063589724857453,0.25296326355522608,-0.12482594167081718,-0.16178053626168537
-0.032516396390813163,0.092828517380516062,0.26489408078240734,-0.8261229210033163,-0.86350261488310021,-0.32231431011543521,0.32251774135994526,0.43312811726331163,-0.87111983800221915,0.41313271388592471,0.11302508273218145,-0.059221741871968388,0.14003216875848659,-0.088817228599459688,0.84491375982998362,0.27484625966323656,-0.54828059344583091,0.2209044748458478,0.63942273184016529,0.69089247675648313,0.2040009599999999,0.42031188318950913,-0.039882985333787306,1.0,0.63941285390175673,-0.92284449827890291,0.057271107251134552,0.48563017068221692,0.45911059229794693,-0.52130610026112389,-0.092581591805947563,0.25363699640998894,0.60424404967657142,0.6749605828358598,-0.6878353923602134,0.46038023213900564,0.22567016053761718,0.58876356238588867,-0.4657595592854506
0.1123798162564854,0.58651135920896946,0.77227830667474551,-0.46159952877510463,-0.50658266670475482,0.17927777640301978,0.70964505713682635,0.20618752315457844,-0.38854523000341423,0.40319649017954845,0.53822664405516019,0.66848696451737921,0.048742266678446215,-0.12817805520380737,0.47580986947300236,0.49805929439823898,-0.58959897769766911,-0.37444870120173368,0.69238053732586069,0.51590972561492054,0.79601626000000003,0.68697430666056747,-0.15592620480089908,0.63941285390175673,1.0,-0.86578593569068008,-0.16089054508834857,-0.077680520298559486,0.49120291807220418,0.18135099849172251,-0.13700640400668856,-0.49196067751966421,0.89982293212406095,0.2910282991499788,0.0041963016196069824,0.36298864536369962,0.14613348440431773,0.044131976483393273,0.31759779640141589
-0.014235655312338835,-0.37149413544920262,-0.57548734058619444,0.71541622770947244,0.79456774043458822,0.067221052615684673,-0.57916922427067741,-0.366105687957264,0.73105089247374333,-0.43067138620442053,-0.322702578662724,-0.30645735282508246,-0.17278247363778665,0.14728819024826356,-0.7618603293208277,-0.41429971656700515,0.66094042681173271,0.093064513122854256,-0.78060734057664294,-0.64898262110835359,-0.54388806000000001,-0.61568483991767153,0.13258572749223463,-0.92284449827890291,-0.86578593569068008,1.0,0.075454015257658602,-0.27193946120771972,-0.51670930992397968,0.21716093822654559,0.13287532989001694,0.096633032886388859,-0.83661426364843217,-0.54543854659131519,0.39660413351588264,-0.48824339154333041,-0.16998609628577999,-0.34927762960397224,0.10756862458195826
0.74610093762510321,-0.58080798108559351,-0.25896867267154172,-0.36024186898960991,0.20302257956889802,-0.30053088568850927,-0.56692953727779827,-0.24035748658438541,0.16816241698773762,0.43648068090986686,-0.6748216831371775,-0.34023785969433945,-0.48298062417015003,0.34287444829752189,-0.3151126522098851,-0.46793587499168088,0.55445197341044317,0.70692511697378047,-0.080280402591796751,0.16577953046438948,-0.47863241999999995,-0.66746034081294892,0.13332575737233249,0.057271107251134552,-0.16089054508834857,0.075454015257658602,1.0,0.60460429403451654,-0.085270267883141182,0.11054905376989121,-0.44957483858161856,0.075718720235087744,-0.24863208032826245,-0.11759643086610204,-0.54033264819108262,-0.070543672591280943,0.5047170265100609,0.39454873867423829,-0.45861669713050052
0.26643677719007558,-0.53949217757719792,-0.11942123538168298,-0.62983923467858882,-0.43212165219583326,-0.50054047957728298,-0.33617941613027791,0.0033166796036943414,-0.43197567703601708,0.30038156844259345,-0.65555163135651107,-0.55605361251051222,0.12497351773000583,0.18970421166021453,0.3762766934827606,-0.29416477103803285,-0.058927237074819859,0.61229411072755491,0.40289356757875422,0.36406336067113332,-0.42353627999999999,-0.28290369380087083,0.10967180014045089,0.48563017068221692,-0.077680520298559486,-0.27193946120771972,0.60460429403451654,1.0,0.15578792633231675,-0.38698455801997911,-0.29097956055575663,0.55128435266382492,-0.090751878986800857,0.0068629314928585388,-0.78621107259258149,0.4155429683173858,0.039341438507766939,0.60693773740689805,-0.75197224292910714
0.33560285525779254,0.49012736899322124,0.60635726239570764,-0.63484071742168691,-0.68828474348571445,-0.091876458501171099,0.43327001041370122,-0.34558813256673049,-0.59947809343149705,-0.02241241097912694,0.20414651038456372,0.3640495876295573,-0.018976877151784061,0.67453804835470443,0.3776180592266497,0.86344534082262747,-0.69015614205841602,-0.22415382469186601,0.33911866975035132,0.5268930818312445,0.46331981999999994,0.57618299182443422,0.73177723340911949,0.45911059229794693,0.49120291807220418,-0.51670930992397968,-0.085270267883141182,0.15578792633231675,1.0,-0.27046813439790879,0.48180336003579199,0.09261363981833011,0.31111853699299086,0.30886558060305674,-0.23164361289136026,0.86542633956443593,0.15885339612554794,-0.10174166300337262,0.018137191058200566
0.35504644130770413,0.21228750915729153,0.41749153237005021,0.43394663478367212,0.64387061837828563,0.51374761817031445,0.17360368879554905,-0.34811289008897023,0.79216552887368841,0.20968387697731838,0.10242957145093938,0.65292502287156262,-0.072620076678069245,-0.12986703784561845,-0.63047068953328222,-0.19073699868184615,0.26432199602736578,-0.43741706960335214,0.076341686516925356,-0.33157879482167968,0.42685842000000007,-0.069720788026693556,-0.35129933848813827,-0.52130610026112389,0.18135099849172251,0.21716093822654559,0.11054905376989121,-0.38698455801997911,-0.27046813439790879,1.0,-0.36313044671992517,-0.878348268485175,0.17055067287575665,-0.6639872040076189,0.69930342236729581,-0.2591843256678561,-0.095531740720584346,-0.53132231517805417,0.75916166105967742
-0.24026033966351429,0.30792825693740422,0.050827439069623476,-0.061881523542554974,-0.24391379602033955,-0.10227951188558694,0.24520639929146176,-0.48104171575082277,-0.25634888169344239,-0.55467947795802219,0.40193169780407845,0.14465735803394653,0.16110592635559398,0.41456642846011788,0.072974154464124114,0.66137712797194226,-0.43117795755308319,-0.34212249592685279,-0.26995134682959487,0.1773783687653844,0.14854406000000009,0.39220959173762071,0.61202080446344831,-0.092581591805947563,-0.13700640400668856,0.13287532989001694,-0.44957483858161856,-0.29097956055575663,0.48180336003579199,-0.36313044671992517,1.0,0.22907253701106622,-0.30350823278615924,0.25710404290394256,0.18389399259925354,0.413720386552063,-0.28581535401171826,-0.39129244265995866,0.14969677798287545
-0.22097611674729883,-0.45875615471821951,-0.57575807717889871,-0.27155719200886719,-0.42044261408403683,-0.52387196530324487,-0.40311704384270342,0.16437573910070696,-0.55368103604720043,-0.26818763257988643,-0.48291873413452019,-0.83936272323427397,0.13624466731828047,0.20779286288336848,0.42442754234283747,-0.089456241647795295,-0.039423155092887095,0.55917808273756353,-0.18642110688656888,0.044964305605399206,-0.68174153999999998,-0.22932690562963415,0.35876062719050034,0.25363699640998894,-0.49196067751966421,0.096633032886388859,0.075718720235087744,0.55128435266382492,0.09261363981833011,-0.878348268485175,0.22907253701106622,1.0,-0.49475656645509342,0.31790318151888436,-0.68934879610018085,0.21752132797646268,0.0027317167245962562,0.45196224273611046,-0.84622203536458274
-0.027749335047359616,0.56304938630136758,0.68795494591741091,-0.32922015832364709,-0.44479869311269393,0.25951976544703875,0.64335831733695115,0.43295124678655655,-0.35092309906057029,0.36334413041502867,0.49106101457434931,0.58391306257783315,0.046370557251937082,-0.3099610668882028,0.45398873476583479,0.37023710637006668,-0.50564633436334427,-0.35858659581886987,0.6920579048351464,0.43875076213998326,0.74447850000000004,0.59184752936452534,-0.33648327089560937,0.60424404967657142,0.89982293212406095,-0.83661426364843217,-0.24863208032826245,-0.090751878986800857,0.31111853699299086,0.17055067287575665,-0.30350823278615924,-0.49475656645509342,1.0,0.31527685201448918,0.034293570934484929,0.19276926072500888,0.1526598465995723,0.11480830917252387,0.30839704182370836
-0.15335086561645705,0.13719002450593956,-0.14339333261106776,-0.49992749344630366,-0.57088379754790752,-0.2666686002680882,0.18248395998682262,0.40546780705692131,-0.70784350447564148,0.0045398344071983336,0.2238927402924217,-0.13098790641669497,-0.18294801425416224,0.0085521850267209071,0.50816799996940809,0.38175521520075573,-0.23788794570449595,0.24482205637724519,-0.023814914326429487,0.45845276622587045,0.013420280000000062,0.22703374186324141,0.14372265687073496,0.6749605828358598,0.2910282991499788,-0.54543854659131519,-0.11759643086610204,0.0068629314928585388,0.30886558060305674,-0.6639872040076189,0.25710404290394256,0.31790318151888436,0.31527685201448918,1.0,-0.52413654943887167,0.08594012898146168,0.47296268336140596,0.39100181194923295,-0.39185015812416024
-0.23266626108797708,0.4648199711214579,0.32494921383486353,0.73892809099868306,0.55570716398348607,0.58056591397534174,0.34985507609526073,-0.27528017054298765,0.6649092267393043,-0.31331329301762462,0.51332864220216479,0.65134531840668208,0.16474550505194704,-0.22561828115799767,-0.49235184488526323,0.1301186307023536,-0.010810931705205737,-0.78475067297363532,-0.14307613340821901,-0.44074553577478548,0.50184381999999994,0.24635945722913125,-0.23115624487400899,-0.6878353923602134,0.0041963016196069824,0.39660413351588264,-0.54033264819108262,-0.78621107259258149,-0.23164361289136026,0.69930342236729581,0.18389399259925354,-0.68934879610018085,0.034293570934484929,-0.52413654943887167,1.0,-0.25295890779122182,-0.45816661448252521,-0.7685846050706634,0.92243592283760867
0.20789655989946543,0.33389153899456281,0.6156564980454492,-0.61693474659434611,-0.75033357681260515,-0.12268289843106078,0.44137940166270417,-0.40146934700000197,-0.61523940170010927,-0.01906385865399984,0.024003691910858681,0.22901192055279476,0.3926246109926283,0.50407219022724148,0.50622290627352673,0.64708559105944741,-0.79365414986602634,-0.24600998984520472,0.57285856780610211,0.41395470982544025,0.38591204000000001,0.56903110690637126,0.54063589724857453,0.46038023213900564,0.36298864536369962,-0.48824339154333041,-0.070543672591280943,0.4155429683173858,0.86542633956443593,-0.2591843256678561,0.413720386552063,0.21752132797646268,0.19276926072500888,0.08594012898146168,-0.25295890779122182,1.0,-0.19064721674195606,-0.11077053243909644,-0.076830200229865128
0.6299360674415172,0.033122936601548192,-0.14815880422377425,-0.29493747980640528,-0.0024165851628271673,0.064320627675520547,-0.16957047279382159,0.15392663208068774,-0.10364969425182671,0.18437127471127701,-0.26941132979397586,-0.068136039534822279,-0.75241053752914633,0.31236936812206545,-0.14536164916894398,0.055513577721808441,0.37971457488472804,0.43556590850053978,-0.25908812461500175,0.10274118773313153,-0.13853336000000005,-0.30426911668273837,0.25296326355522608,0.22567016053761718,0.14613348440431773,-0.16998609628577999,0.5047170265100609,0.039341438507766939,0.15885339612554794,-0.095531740720584346,-0.28581535401171826,0.0027317167245962562,0.1526598465995723,0.47296268336140596,-0.45816661448252521,-0.19064721674195606,1.0,0.21924978545646667,-0.25467879125832632
-0.10420514877533009,-0.64444936070718262,-0.41415947374309042,-0.52419447887314319,-0.30202252819305309,-0.74085907601650114,-0.51121493853032585,0.56496606183997611,-0.42672541574315881,0.54237502214733424,-0.25497712900138653,-0.63065280222696163,-0.21176636266049148,-0.093934104760326043,0.39224581866010361,-0.36700697451673225,0.16716475450488569,0.80190941270399962,0.11326649484668917,0.51506580900613042,-0.51067551999999994,-0.30740322808355669,-0.12482594167081718,0.58876356238588867,0.044131976483393273,-0.34927762960397224,0.39454873867423829,0.60693773740689805,-0.10174166300337262,-0.53132231517805417,-0.39129244265995866,0.45196224273611046,0.11480830917252387,0.39100181194923295,-0.7685846050706634,-0.11077053243909644,0.21924978545646667,1.0,-0.78868002953668981
-0.0083364598137659913,0.68884139408485945,0.5967040461743659,0.50674339172999272,0.37582757020814117,0.69137480340919288,0.56868186474340754,-0.31125318972222704,0.52268772470338054,-0.19830907250404214,0.59914991922099003,0.87970222258682207,0.067176072538046097,-0.13793075442951488,-0.38961539259481487,0.34168176708398906,-0.17044700092992365,-0.86479451686807252,0.064447806219270626,-0.2379915974609321,0.75522595999999997,0.42041287341033112,-0.16178053626168537,-0.4657595592854506,0.31759779640141589,0.10756862458195826,-0.45861669713050052,-0.75197224292910714,0.018137191058200566,0.75916166105967742,0.14969677798287545,-0.84622203536458274,0.30839704182370836,-0.39185015812416024,0.92243592283760867,-0.076830200229865128,-0.25467879125832632,-0.78868002953668981,1.0
