1.0,0.042758519026162387,0.26876761598367999,0.23941786105365798,0.0080222750913086782,-0.3498970303516572,-0.10579591254770285,0.10410620006979852,-0.18427195597797594,-0.2108815431114783,0.25662657725944193,0.25233648670273057,-0.054616600000000015,0.44563276310844652,0.25532624051044817,0.19521573403605899,-0.33731386812558134,-0.066764119906676134,-0.036184677931995618,0.15622293340531782,0.66456695297144752,0.064719259096850446,0.070302704195542617,-0.16184175254788494,-0.089349016935920358,-0.28219893331199386,0.33165522911707379,0.71903403181398073,0.151992740740441,-0.5461119864851075,-0.069562627116826148,-0.40434953713433047,0.08983090449987613,-0.052936554309020174,-0.079508681458620084,0.3498846991198416,0.3822683865688199,-0.14492437526646776,0.18459609332427906
0.042758519026162387,1.0,-0.22789139783611481,0.79763019266337487,0.89830154528813388,-0.93257791131425627,-0.64090915252941738,-0.96765726424328147,0.8471524334909023,0.59178868375989213,-0.57290958345772391,-0.73896962981663583,0.98199312000000005,0.11262420816035547,0.50646748932384567,-0.7707908737849356,0.63613827042934623,0.90498098789107928,0.31971378998953026,0.82201431472266195,0.087707194594657145,0.85671613969233906,-0.26357739718040857,0.22503432488373171,-0.71590956103219794,-0.26596647931413586,0.73527916966488893,0.15493641881893661,-0.40382803953959789,-0.18813745019275632,-0.78975484469383028,-0.32478811619649756,0.94200464514363202,0.35311064994088753,0.97696789986878518,-0.66207099391689406,-0.51411802371906712,0.34322224695068326,-0.7298550315180089
0.26876761598367999,-0.22789139783611481,1.0,0.16354315287152779,-0.58124943406020579,0.10787814035742399,-0.23943228231511046,0.17106436202342598,-0.0012143840219351852,0.08306566291681157,-0.33497364209717145,-0.12984397174500645,-0.19363529999999995,0.098804112570294866,0.057481761079496985,0.31299306920706588,0.13561335989732579,-0.37408642164002603,-0.09495720107537324,0.26035011432579586,0.18823969266940202,0.026175954572808045,0.51531228812949581,0.098766730684100787,0.51054206511485467,0.23433087574664646,0.12821207243358623,-0.37420109253156164,0.88538249011189474,0.19551034145793136,0.23868327601895886,0.20905964462812804,-0.4518530359666515,-0.47389136362906442,-0.17707828072469742,-0.27521682598328551,-0.36007811775886239,0.58706940245688277,0.37806387303404221
0.23941786105365798,0.79763019266337487,0.16354315287152779,1.0,0.60808010878999441,-0.89367301522052034,-0.86876438911543907,-0.8292420817950461,0.7783108411456644,0.3024263893767124,-0.67979617679795024,-0.68842905361346363,0.83136892000000007,-0.0035324512213684633,0.20256299784727466,-0.59619098412138372,0.55051315332179651,0.65801658173805677,0.63184716217761572,0.86025504009987241,-0.039106967028556504,0.96159179564982689,-0.24021468832093398,0.46774722573651978,-0.49906131100132484,-0.55224856971935643,0.96949614449020038,0.12602554653623793,0.09542642958629094,-0.46747137648143278,-0.51535936254561954,-0.11663670554332999,0.623175516000955,0.41995370085603095,0.8192676898225757,-0.50975924010067697,-0.5400284111775473,0.7118271907159156,-0.32107486797772594
0.0080222750913086782,0.89830154528813388,-0.58124943406020579,0.60808010878999441,1.0,-0.83215078024501332,-0.41147082142219388,-0.82472036939357873,0.69615018175573928,0.43143884817985906,-0.24641157329041327,-0.51139642049094547,0.85595930000000009,0.11838299902169935,0.4322488785786352,-0.648805995822201,0.33794102793122455,0.81629812237261801,0.25594925605553343,0.59454927030987526,0.096721560402018444,0.68863883484546629,-0.36689773417034605,0.062028593245599561,-0.82955686410550056,-0.33783079056381982,0.57497986849708094,0.35328051518110437,-0.67806355326935175,-0.27219332297524068,-0.80594515546504708,-0.2747369552002657,0.93441832683444692,0.40645439417994828,0.83632521751385436,-0.37419979878981507,-0.22241545244124072,0.011740375174294734,-0.69729491702066138
-0.3498970303516572,-0.93257791131425627,0.10787814035742399,-0.89367301522052034,-0.83215078024501332,1.0,0.69127892168345217,0.87835091898049189,-0.75637247667029528,-0.41829009912678294,0.49000479204580594,0.6200548099364217,-0.90730383999999997,-0.19839397023485525,-0.44960180608818329,0.66331374991910808,-0.46571943509284358,-0.79246708699426305,-0.41287719465589184,-0.84551420685933221,-0.20240777521687039,-0.87660397152352465,0.29625291372901608,-0.24436713402921711,0.69026292305475745,0.45210125339735907,-0.87483799948380492,-0.36024156434325433,0.27912122932825423,0.4317544337652342,0.71714935484604569,0.36485598112971995,-0.87450352437177703,-0.37533019097402054,-0.88996730063889939,0.48085879152057537,0.36698972280119518,-0.36776723402443534,0.57723460724678233
-0.10579591254770285,-0.64090915252941738,-0.23943228231511046,-0.86876438911543907,-0.41147082142219388,0.69127892168345217,1.0,0.7371427439742414,-0.7395003195189056,-0.34429960357373413,0.62898122938931145,0.72370788009542575,-0.70376766000000002,0.090830454966492516,-0.20654725352423237,0.46118635198692742,-0.53061661722298892,-0.65149996651888376,-0.55891813138677759,-0.63015741552510252,0.081314383690376094,-0.90027010258123619,-0.0047288829076687355,-0.46158785798605095,0.3001360676813733,0.37035938366257776,-0.7793364139707275,0.082086688577213712,-0.25251836293716212,0.33782509536908245,0.44248854685828526,-0.076114541130132565,-0.41759219082166121,-0.36561761372548213,-0.71002391412436339,0.4775296223168945,0.67584007114812494,-0.74568515937486379,0.071069393418047827
0.10410620006979852,-0.96765726424328147,0.17106436202342598,-0.8292420817950461,-0.82472036939357873,0.87835091898049189,0.7371427439742414,1.0,-0.91476107568401543,-0.61470487779773986,0.68138301514779853,0.84564188922566907,-0.99564788000000004,-0.0024311544527719996,-0.41430975106854234,0.80122261179177723,-0.7158845457609897,-0.91303627338533677,-0.42198824090296577,-0.81031668828252401,0.077861092546582272,-0.91551924425652953,0.27267850697079693,-0.32397295773267881,0.61217939458272086,0.25985397795094534,-0.74034993768053314,0.030980995867350838,0.30399999909219377,0.13601834559152157,0.72164710391239517,0.18853757957145678,-0.86429652298959792,-0.39633779610808439,-0.9980316032139378,0.72607148697721524,0.66226659786417941,-0.50023658725436571,0.66500100010639118
-0.18427195597797594,0.8471524334909023,-0.0012143840219351852,0.7783108411456644,0.69615018175573928,-0.75637247667029528,-0.7395003195189056,-0.91476107568401543,1.0,0.77031942391361852,-0.63295674593699036,-0.93572848148788978,0.90201664000000004,0.085615693100644819,0.5290315266129515,-0.52956905196912396,0.57484175319326736,0.72652990521289917,0.24250760994689363,0.81864005673325035,0.026190814177832478,0.88006784093237544,0.00939688398404874,0.11786986420301962,-0.41353501855893449,-0.034873587648301965,0.62277143768038479,-0.26853235440774403,-0.12515229366955055,0.093030600742157604,-0.79267438310283445,0.1824111040494984,0.66659534809269216,0.095351475371450084,0.90624853849085396,-0.79236690606229843,-0.83196802775834433,0.59088124690437271,-0.47993310163325564
-0.2108815431114783,0.59178868375989213,0.08306566291681157,0.3024263893767124,0.43143884817985906,-0.41829009912678294,-0.34429960357373413,-0.61470487779773986,0.77031942391361852,1.0,-0.33752894407097717,-0.75834422658265777,0.60594609999999993,0.37809866704069861,0.82207283241179818,-0.21814158509006204,0.40945004112334432,0.48628296395294845,-0.36179920777533636,0.57304582220249767,0.37291981920084816,0.43701055690996377,0.35949871579473436,-0.35598013309598625,-0.075165901834034876,0.56298515123368109,0.10203892154005489,-0.42731931291853303,-0.16781311975837102,0.57135589624690308,-0.77747400753715379,0.171722228727897,0.48216613295289346,-0.40315313345750831,0.62602268903100189,-0.80390099773391266,-0.76333400903688775,0.25470450789050408,-0.46967187120603465
0.25662657725944193,-0.57290958345772391,-0.33497364209717145,-0.67979617679795024,-0.24641157329041327,0.49000479204580594,0.62898122938931145,0.68138301514779853,-0.63295674593699036,-0.33752894407097717,1.0,0.73390847488642807,-0.64863098000000008,0.32399671451742007,0.0031881681391656702,0.66401440156371616,-0.87956836792812076,-0.53487200484266717,-0.51896638648619497,-0.71568581782135232,0.41579161106788154,-0.6891588785110736,0.15957162718282292,-0.62522054735174282,0.23311648778292365,0.19838877959399054,-0.62703348024350702,0.40823500691607723,-0.26544101639073991,-0.029655547431344194,0.16830141026547871,0.08462968540621417,-0.36570742985146865,-0.29838013673839164,-0.66738337522150226,0.77259690416124971,0.72263054304412844,-0.81417616933742543,0.38821697656823301
0.25233648670273057,-0.73896962981663583,-0.12984397174500645,-0.68842905361346363,-0.51139642049094547,0.6200548099364217,0.72370788009542575,0.84564188922566907,-0.93572848148788978,-0.75834422658265777,0.73390847488642807,1.0,-0.81406780000000001,0.096409275383622206,-0.49346969856025436,0.51518650643405617,-0.64773386169060787,-0.69203319158374055,-0.20021274006229542,-0.72883517642909246,0.048950228905463883,-0.80922975417243126,-0.094240169328022802,-0.1565212486976576,0.30816192725862079,-0.087202464353302284,-0.51623312322513615,0.40264935623847853,-0.019414290878085522,-0.23772056537328418,0.65147346784284188,-0.21422284318563503,-0.52800793549997882,-0.054108290118828235,-0.83411605691902568,0.82916090872435211,0.90937887724300981,-0.63358061554310152,0.39095248642613828
-0.054616600000000015,0.98199312000000005,-0.19363529999999995,0.83136892000000007,0.85595930000000009,-0.90730383999999997,-0.70376766000000002,-0.99564788000000004,0.90201664000000004,0.60594609999999993,-0.64863098000000008,-0.81406780000000001,1.0,0.046207179999999903,0.43332214000000002,-0.80010110000000001,0.68017346000000001,0.9036727,0.40522919999999996,0.82965293999999989,-0.033918580000000031,0.90338640000000003,-0.30064155999999997,0.29823214000000009,-0.64600126000000002,-0.27823344000000005,0.75453473999999998,0.029721139999999924,-0.34863319999999998,-0.16102936000000001,-0.74308130000000006,-0.23075192,0.89686873999999994,0.38522462000000002,0.99835304000000002,-0.70781275999999993,-0.61072400000000004,0.45872236000000011,-0.70215340000000004
0.44563276310844652,0.11262420816035547,0.098804112570294866,-0.0035324512213684633,0.11838299902169935,-0.19839397023485525,0.090830454966492516,-0.0024311544527719996,0.085615693100644819,0.37809866704069861,0.32399671451742007,0.096409275383622206,0.046207179999999903,1.0,0.53940347980202008,0.23913597225709646,-0.24020345430765036,-0.056682332768038093,-0.42666269441777716,0.21897142005898482,0.68411532155980359,-0.056037270763462821,0.23941806251371214,-0.46443871898805755,0.21755148467758337,0.29695799687145008,-0.034946902059137086,0.11785869035081646,-0.15174022480824703,0.07212395166885105,-0.34561734465734822,-0.1282377179692146,0.18436533260088772,-0.45394734747696158,0.027954237904513183,-0.07676212872197527,0.043018927080372138,-0.17026425434919906,-0.15204174625074371
0.25532624051044817,0.50646748932384567,0.057481761079496985,0.20256299784727466,0.4322488785786352,-0.44960180608818329,-0.20654725352423237,-0.41430975106854234,0.5290315266129515,0.82207283241179818,0.0031881681391656702,-0.49346969856025436,0.43332214000000002,0.53940347980202008,1.0,0.022044891225848962,0.056303001134947905,0.38106291293725819,-0.58494101474413074,0.44056361534682664,0.78828148702923029,0.27877601052764289,0.51992980456575733,-0.60133421659730135,-0.22123887698357525,0.53197997649571105,0.049935316225167725,0.031364579372415768,-0.21569188549608048,0.38515265341603172,-0.82479360158076698,0.0083213780829822781,0.46386517737635846,-0.51267070838180662,0.44114033484763959,-0.47427380774119776,-0.4025038026161305,-0.10563337152746426,-0.31667440971819472
0.19521573403605899,-0.7707908737849356,0.31299306920706588,-0.59619098412138372,-0.648805995822201,0.66331374991910808,0.46118635198692742,0.80122261179177723,-0.52956905196912396,-0.21814158509006204,0.66401440156371616,0.51518650643405617,-0.80010110000000001,0.23913597225709646,0.022044891225848962,1.0,-0.78627265012511149,-0.82968222573323025,-0.60527366700553609,-0.53965111836614443,0.43109457455614275,-0.64392795977531292,0.67116484802601806,-0.63079940295365311,0.59481272416092068,0.44406713943635062,-0.62238509551833809,-0.073194001042119552,0.42700959953498929,0.26807144712409958,0.2682566250007824,0.56368465286253078,-0.79192417443179264,-0.68953430498311363,-0.80558983831541875,0.52149580008349339,0.32074587270033594,-0.33980892031044174,0.77492896622650065
-0.33731386812558134,0.63613827042934623,0.13561335989732579,0.55051315332179651,0.33794102793122455,-0.46571943509284358,-0.53061661722298892,-0.7158845457609897,0.57484175319326736,0.40945004112334432,-0.87956836792812076,-0.64773386169060787,0.68017346000000001,-0.24020345430765036,0.056303001134947905,-0.78627265012511149,1.0,0.66970440083143001,0.42960790174856717,0.5987432385576803,-0.39608581471127663,0.61130588927901242,-0.23228167239335398,0.55880264475597863,-0.23570857477632023,-0.11351678358014242,0.49793472597479599,-0.34975896263858103,0.048264860191298657,0.052431015316623628,-0.20904976419635318,-0.30285705690606124,0.50813062692807598,0.38567502113472957,0.7061221791954666,-0.76271480198110431,-0.65836094651286481,0.63285328605467062,-0.54123752406070458
-0.066764119906676134,0.90498098789107928,-0.37408642164002603,0.65801658173805677,0.81629812237261801,-0.79246708699426305,-0.65149996651888376,-0.91303627338533677,0.72652990521289917,0.48628296395294845,-0.53487200484266717,-0.69203319158374055,0.9036727,-0.056682332768038093,0.38106291293725819,-0.82968222573323025,0.66970440083143001,1.0,0.38805264737217854,0.56414465051844154,-0.075363638329184593,0.78314703362090565,-0.31627486857206843,0.31333421645896875,-0.66137543947065291,-0.2682685842449582,0.59191949417926426,0.13095661337196768,-0.45093646436341012,-0.21298222991174257,-0.63917088139821343,-0.37477459404512781,0.88010441345002777,0.54146905463749417,0.91177562107282573,-0.53111147617991727,-0.47164105624144143,0.24749053457923362,-0.63539720623427542
-0.036184677931995618,0.31971378998953026,-0.09495720107537324,0.63184716217761572,0.25594925605553343,-0.41287719465589184,-0.55891813138677759,-0.42198824090296577,0.24250760994689363,-0.36179920777533636,-0.51896638648619497,-0.20021274006229542,0.40522919999999996,-0.42666269441777716,-0.58494101474413074,-0.60527366700553609,0.42960790174856717,0.38805264737217854,1.0,0.29168896938789157,-0.67346580580155391,0.58938644279463459,-0.69186939486781318,0.8431722152666643,-0.28190694421849205,-0.87420984688220826,0.71770148287082447,0.12325966686420897,0.080201179212153001,-0.71092175840338168,0.18014691275474851,-0.18392057332758224,0.25489494306844884,0.8638437555419991,0.39230741373682249,-0.013589446784046246,-0.11059581597917367,0.56514707283412391,-0.082991225970158164
0.15622293340531782,0.82201431472266195,0.26035011432579586,0.86025504009987241,0.59454927030987526,-0.84551420685933221,-0.63015741552510252,-0.81031668828252401,0.81864005673325035,0.57304582220249767,-0.71568581782135232,-0.72883517642909246,0.82965293999999989,0.21897142005898482,0.44056361534682664,-0.53965111836614443,0.5987432385576803,0.56414465051844154,0.29168896938789157,1.0,0.14450867818094934,0.81162323774267953,-0.092310623608576434,0.2449159848476529,-0.42163276528226207,-0.19890490308800421,0.80368482540287189,-0.051815874736658524,0.024309491826748724,-0.090255440125068268,-0.62976340926921892,-0.14165272561114403,0.66441442877074475,0.057396190094452439,0.82018991107642625,-0.76864599084326346,-0.61727229043034271,0.64265319477621718,-0.55944149551585864
0.66456695297144752,0.087707194594657145,0.18823969266940202,-0.039106967028556504,0.096721560402018444,-0.20240777521687039,0.081314383690376094,0.077861092546582272,0.026190814177832478,0.37291981920084816,0.41579161106788154,0.048950228905463883,-0.033918580000000031,0.68411532155980359,0.78828148702923029,0.43109457455614275,-0.39608581471127663,-0.075363638329184593,-0.67346580580155391,0.14450867818094934,1.0,-0.086743660365681902,0.55557560845098075,-0.73508984770450891,-0.0016162680877284518,0.40397833722196452,-0.09080222623012657,0.37336630654933001,-0.027457133621841427,0.12018108731110165,-0.49080547115540013,-0.0742614911126077,0.11700587667182834,-0.60985924068606734,-0.043797843067402371,0.038533429843049478,0.10230155599661683,-0.35275021559502412,0.053874539771784746
0.064719259096850446,0.85671613969233906,0.026175954572808045,0.96159179564982689,0.68863883484546629,-0.87660397152352465,-0.90027010258123619,-0.91551924425652953,0.88006784093237544,0.43701055690996377,-0.6891588785110736,-0.80922975417243126,0.90338640000000003,-0.056037270763462821,0.27877601052764289,-0.64392795977531292,0.61130588927901242,0.78314703362090565,0.58938644279463459,0.81162323774267953,-0.086743660365681902,1.0,-0.20165945347580788,0.4051767511758444,-0.51866929739685241,-0.4472326686267919,0.88335404100035042,0.018445758507826621,-0.0059972115432690085,-0.34961328226278204,-0.61602476827078345,-0.028290395696785972,0.67827807085153435,0.44308263581257457,0.89962961090541593,-0.57563445686162873,-0.65854790596149271,0.67808591188867351,-0.35385976608264835
0.070302704195542617,-0.26357739718040857,0.51531228812949581,-0.24021468832093398,-0.36689773417034605,0.29625291372901608,-0.0047288829076687355,0.27267850697079693,0.00939688398404874,0.35949871579473436,0.15957162718282292,-0.094240169328022802,-0.30064155999999997,0.23941806251371214,0.51992980456575733,0.67116484802601806,-0.23228167239335398,-0.31627486857206843,-0.69186939486781318,-0.092310623608576434,0.55557560845098075,-0.20165945347580788,1.0,-0.55307372774562791,0.35453948849553324,0.70616557898347321,-0.39029025035047848,-0.34520149162867514,0.49538628047999761,0.55441496005060531,-0.18857281716683785,0.53666336608793419,-0.4317071842566591,-0.78030875076100259,-0.2797280411461821,-0.12166049549379168,-0.29712980572298237,-0.0081692724763729845,0.48278484598155147
-0.16184175254788494,0.22503432488373171,0.098766730684100787,0.46774722573651978,0.062028593245599561,-0.24436713402921711,-0.46158785798605095,-0.32397295773267881,0.11786986420301962,-0.35598013309598625,-0.62522054735174282,-0.1565212486976576,0.29823214000000009,-0.46443871898805755,-0.60133421659730135,-0.63079940295365311,0.55880264475597863,0.31333421645896875,0.8431722152666643,0.2449159848476529,-0.73508984770450891,0.4051767511758444,-0.55307372774562791,1.0,-0.22255620330794113,-0.65293468284818812,0.56382480445015726,-0.069909637061667196,0.1625301424784755,-0.45390876518612205,0.34676534746354981,-0.29328825032328765,0.15356906040679422,0.69777008688042708,0.29938368625789452,-0.1825598782085365,-0.14426687869274235,0.57636205107616911,-0.18321283901016627
-0.089349016935920358,-0.71590956103219794,0.51054206511485467,-0.49906131100132484,-0.82955686410550056,0.69026292305475745,0.3001360676813733,0.61217939458272086,-0.41353501855893449,-0.075165901834034876,0.23311648778292365,0.30816192725862079,-0.64600126000000002,0.21755148467758337,-0.22123887698357525,0.59481272416092068,-0.23570857477632023,-0.66137543947065291,-0.28190694421849205,-0.42163276528226207,-0.0016162680877284518,-0.51866929739685241,0.35453948849553324,-0.22255620330794113,1.0,0.46742326728015871,-0.54033238344385204,-0.53170364470164722,0.56570817002242624,0.36718042332818424,0.55504071236490393,0.37253947626364081,-0.75884435963677943,-0.46435604985290685,-0.62723172100158275,0.17665842958442388,-0.027990049957930696,0.10437223234422044,0.56715071599491307
-0.28219893331199386,-0.26596647931413586,0.23433087574664646,-0.55224856971935643,-0.33783079056381982,0.45210125339735907,0.37035938366257776,0.25985397795094534,-0.034873587648301965,0.56298515123368109,0.19838877959399054,-0.087202464353302284,-0.27823344000000005,0.29695799687145008,0.53197997649571105,0.44406713943635062,-0.11351678358014242,-0.2682685842449582,-0.87420984688220826,-0.19890490308800421,0.40397833722196452,-0.4472326686267919,0.70616557898347321,-0.65293468284818812,0.46742326728015871,1.0,-0.70432522348847804,-0.55246051854174938,0.066521468584814419,0.92571662985724068,-0.13214949959797262,0.33152029178498682,-0.28724585029222366,-0.83477719955682117,-0.24582633238773735,-0.29132310708808778,-0.27223912161470376,-0.23635013063817961,0.039838717001146134
0.33165522911707379,0.73527916966488893,0.12821207243358623,0.96949614449020038,0.57497986849708094,-0.87483799948380492,-0.7793364139707275,-0.74034993768053314,0.62277143768038479,0.10203892154005489,-0.62703348024350702,-0.51623312322513615,0.75453473999999998,-0.034946902059137086,0.049935316225167725,-0.62238509551833809,0.49793472597479599,0.59191949417926426,0.71770148287082447,0.80368482540287189,-0.09080222623012657,0.88335404100035042,-0.39029025035047848,0.56382480445015726,-0.54033238344385204,-0.70432522348847804,1.0,0.27952680841989552,0.064889746863021514,-0.62071848908660188,-0.37735234643461679,-0.26880560819340749,0.60806386657269573,0.52398036642078338,0.73509017312421487,-0.37212360096000474,-0.34256225469887325,0.64147604490785293,-0.33136480025814652
0.71903403181398073,0.15493641881893661,-0.37420109253156164,0.12602554653623793,0.35328051518110437,-0.36024156434325433,0.082086688577213712,0.030980995867350838,-0.26853235440774403,-0.42731931291853303,0.40823500691607723,0.40264935623847853,0.029721139999999924,0.11785869035081646,0.031364579372415768,-0.073194001042119552,-0.34975896263858103,0.13095661337196768,0.12325966686420897,-0.051815874736658524,0.37336630654933001,0.018445758507826621,-0.34520149162867514,-0.069909637061667196,-0.53170364470164722,-0.55246051854174938,0.27952680841989552,1.0,-0.3698859478185319,-0.72370842581159878,-0.10868702177364967,-0.57977038622852328,0.33628365907663565,0.36317240135265133,-0.0047462645404712702,0.55213770539454732,0.68219076358652142,-0.49437522513659687,-0.061996344954609907
0.151992740740441,-0.40382803953959789,0.88538249011189474,0.09542642958629094,-0.67806355326935175,0.27912122932825423,-0.25251836293716212,0.30399999909219377,-0.12515229366955055,-0.16781311975837102,-0.26544101639073991,-0.019414290878085522,-0.34863319999999998,-0.15174022480824703,-0.21569188549608048,0.42700959953498929,0.048264860191298657,-0.45093646436341012,0.080201179212153001,0.024309491826748724,-0.027457133621841427,-0.0059972115432690085,0.49538628047999761,0.1625301424784755,0.56570817002242624,0.066521468584814419,0.064889746863021514,-0.3698859478185319,1.0,0.04042773250359858,0.40628479105741161,0.40444739228674631,-0.65306236104405091,-0.27010775999747688,-0.33261544613487565,-0.019412263784764714,-0.27943637926909537,0.58407205169184484,0.6852755884676931
-0.5461119864851075,-0.18813745019275632,0.19551034145793136,-0.46747137648143278,-0.27219332297524068,0.4317544337652342,0.33782509536908245,0.13601834559152157,0.093030600742157604,0.57135589624690308,-0.029655547431344194,-0.23772056537328418,-0.16102936000000001,0.07212395166885105,0.38515265341603172,0.26807144712409958,0.052431015316623628,-0.21298222991174257,-0.71092175840338168,-0.090255440125068268,0.12018108731110165,-0.34961328226278204,0.55441496005060531,-0.45390876518612205,0.36718042332818424,0.92571662985724068,-0.62071848908660188,-0.72370842581159878,0.04042773250359858,1.0,-0.10476347593983772,0.41238538821517301,-0.24333708431427292,-0.7344962609793122,-0.12726423075529636,-0.46012364039933912,-0.4041543976463991,-0.073861116650680986,-0.10011377041931777
-0.069562627116826148,-0.78975484469383028,0.23868327601895886,-0.51535936254561954,-0.80594515546504708,0.71714935484604569,0.44248854685828526,0.72164710391239517,-0.79267438310283445,-0.77747400753715379,0.16830141026547871,0.65147346784284188,-0.74308130000000006,-0.34561734465734822,-0.82479360158076698,0.2682566250007824,-0.20904976419635318,-0.63917088139821343,0.18014691275474851,-0.62976340926921892,-0.49080547115540013,-0.61602476827078345,-0.18857281716683785,0.34676534746354981,0.55504071236490393,-0.13214949959797262,-0.37735234643461679,-0.10868702177364967,0.40628479105741161,-0.10476347593983772,1.0,-0.054549197797237714,-0.72816201190258478,0.12382753464336538,-0.73580676604549577,0.52766710952118778,0.47358453035041559,-0.060876457870344618,0.4790680388067719
-0.40434953713433047,-0.32478811619649756,0.20905964462812804,-0.11663670554332999,-0.2747369552002657,0.36485598112971995,-0.076114541130132565,0.18853757957145678,0.1824111040494984,0.171722228727897,0.08462968540621417,-0.21422284318563503,-0.23075192,-0.1282377179692146,0.0083213780829822781,0.56368465286253078,-0.30285705690606124,-0.37477459404512781,-0.18392057332758224,-0.14165272561114403,-0.0742614911126077,-0.028290395696785972,0.53666336608793419,-0.29328825032328765,0.37253947626364081,0.33152029178498682,-0.26880560819340749,-0.57977038622852328,0.40444739228674631,0.41238538821517301,-0.054549197797237714,1.0,-0.52329994932831281,-0.42493291268707861,-0.22443671160271114,-0.025551947274016436,-0.38601924966471723,0.23990926944468466,0.55750222722250653
0.08983090449987613,0.94200464514363202,-0.4518530359666515,0.623175516000955,0.93441832683444692,-0.87450352437177703,-0.41759219082166121,-0.86429652298959792,0.66659534809269216,0.48216613295289346,-0.36570742985146865,-0.52800793549997882,0.89686873999999994,0.18436533260088772,0.46386517737635846,-0.79192417443179264,0.50813062692807598,0.88010441345002777,0.25489494306844884,0.66441442877074475,0.11700587667182834,0.67827807085153435,-0.4317071842566591,0.15356906040679422,-0.75884435963677943,-0.28724585029222366,0.60806386657269573,0.33628365907663565,-0.65306236104405091,-0.24333708431427292,-0.72816201190258478,-0.52329994932831281,1.0,0.41087455667631434,0.88582026338521713,-0.49035885149309394,-0.25153430039163205,0.065361529483196526,-0.83624538826813122
-0.052936554309020174,0.35311064994088753,-0.47389136362906442,0.41995370085603095,0.40645439417994828,-0.37533019097402054,-0.36561761372548213,-0.39633779610808439,0.095351475371450084,-0.40315313345750831,-0.29838013673839164,-0.054108290118828235,0.38522462000000002,-0.45394734747696158,-0.51267070838180662,-0.68953430498311363,0.38567502113472957,0.54146905463749417,0.8638437555419991,0.057396190094452439,-0.60985924068606734,0.44308263581257457,-0.78030875076100259,0.69777008688042708,-0.46435604985290685,-0.83477719955682117,0.52398036642078338,0.36317240135265133,-0.27010775999747688,-0.7344962609793122,0.12382753464336538,-0.42493291268707861,0.41087455667631434,1.0,0.37590759974162069,0.1580276814842137,0.12168169288294184,0.16358340424341861,-0.20443960822477802
-0.079508681458620084,0.97696789986878518,-0.17707828072469742,0.8192676898225757,0.83632521751385436,-0.88996730063889939,-0.71002391412436339,-0.9980316032139378,0.90624853849085396,0.62602268903100189,-0.66738337522150226,-0.83411605691902568,0.99835304000000002,0.027954237904513183,0.44114033484763959,-0.80558983831541875,0.7061221791954666,0.91177562107282573,0.39230741373682249,0.82018991107642625,-0.043797843067402371,0.89962961090541593,-0.2797280411461821,0.29938368625789452,-0.62723172100158275,-0.24582633238773735,0.73509017312421487,-0.0047462645404712702,-0.33261544613487565,-0.12726423075529636,-0.73580676604549577,-0.22443671160271114,0.88582026338521713,0.37590759974162069,1.0,-0.72988362549048413,-0.63987931230882911,0.46979319400769171,-0.69857589566883993
0.3498846991198416,-0.66207099391689406,-0.27521682598328551,-0.50975924010067697,-0.37419979878981507,0.48085879152057537,0.4775296223168945,0.72607148697721524,-0.79236690606229843,-0.80390099773391266,0.77259690416124971,0.82916090872435211,-0.70781275999999993,-0.07676212872197527,-0.47427380774119776,0.52149580008349339,-0.76271480198110431,-0.53111147617991727,-0.013589446784046246,-0.76864599084326346,0.038533429843049478,-0.57563445686162873,-0.12166049549379168,-0.1825598782085365,0.17665842958442388,-0.29132310708808778,-0.37212360096000474,0.55213770539454732,-0.019412263784764714,-0.46012364039933912,0.52766710952118778,-0.025551947274016436,-0.49035885149309394,0.1580276814842137,-0.72988362549048413,1.0,0.85422251843396702,-0.60816900238544247,0.60644936586813225
0.3822683865688199,-0.51411802371906712,-0.36007811775886239,-0.5400284111775473,-0.22241545244124072,0.36698972280119518,0.67584007114812494,0.66226659786417941,-0.83196802775834433,-0.76333400903688775,0.72263054304412844,0.90937887724300981,-0.61072400000000004,0.043018927080372138,-0.4025038026161305,0.32074587270033594,-0.65836094651286481,-0.47164105624144143,-0.11059581597917367,-0.61727229043034271,0.10230155599661683,-0.65854790596149271,-0.29712980572298237,-0.14426687869274235,-0.027990049957930696,-0.27223912161470376,-0.34256225469887325,0.68219076358652142,-0.27943637926909537,-0.4041543976463991,0.47358453035041559,-0.38601924966471723,-0.25153430039163205,0.12168169288294184,-0.63987931230882911,0.85422251843396702,1.0,-0.75332132613176084,0.19740607814297018
-0.14492437526646776,0.34322224695068326,0.58706940245688277,0.7118271907159156,0.011740375174294734,-0.36776723402443534,-0.74568515937486379,-0.50023658725436571,0.59088124690437271,0.25470450789050408,-0.81417616933742543,-0.63358061554310152,0.45872236000000011,-0.17026425434919906,-0.10563337152746426,-0.33980892031044174,0.63285328605467062,0.24749053457923362,0.56514707283412391,0.64265319477621718,-0.35275021559502412,0.67808591188867351,-0.0081692724763729845,0.57636205107616911,0.10437223234422044,-0.23635013063817961,0.64147604490785293,-0.49437522513659687,0.58407205169184484,-0.073861116650680986,-0.060876457870344618,0.23990926944468466,0.065361529483196526,0.16358340424341861,0.46979319400769171,-0.60816900238544247,-0.75332132613176084,1.0,-0.0061188059349333405
0.18459609332427906,-0.7298550315180089,0.37806387303404221,-0.32107486797772594,-0.69729491702066138,0.57723460724678233,0.071069393418047827,0.66500100010639118,-0.47993310163325564,-0.46967187120603465,0.38821697656823301,0.39095248642613828,-0.70215340000000004,-0.15204174625074371,-0.31667440971819472,0.77492896622650065,-0.54123752406070458,-0.63539720623427542,-0.082991225970158164,-0.55944149551585864,0.053874539771784746,-0.35385976608264835,0.48278484598155147,-0.18321283901016627,0.56715071599491307,0.039838717001146134,-0.33136480025814652,-0.061996344954609907,0.6852755884676931,-0.10011377041931777,0.4790680388067719,0.55750222722250653,-0.83624538826813122,-0.20443960822477802,-0.69857589566883993,0.60644936586813225,0.19740607814297018,-0.0061188059349333405,1.0
