1.000000000000000000e+00,-5.889127681979132722e-01,6.767541017475042775e-01,-8.809787637235281244e-01,1.786181219760715755e-01,5.322417238085441760e-01,-4.300848682470660433e-01,2.001274293177360830e-01,-4.258089816782124615e-01,-3.819700434695751934e-01,-3.299748562006109553e-01,-9.331264949106042872e-01,3.101604742630518219e-01,8.407900854407893698e-01,-7.884874558060132044e-01,-2.659655705958557381e-01,-2.809226678767517416e-01,7.511387096728366908e-01,4.444110279364280047e-01,5.225614914541895084e-01,4.349327356468240535e-01,7.410448360395752720e-01,8.194210006784188316e-01,7.927078771675174496e-01,-5.079206002547979049e-01,8.337510556201013223e-01,-3.350093881199880941e-01,-9.109536799999999879e-01,-7.683524341807109748e-01,5.661117378290329016e-01,8.355874224703662145e-01,-1.675968646034758647e-01,-2.095029979874255543e-01,-7.251467300256612125e-01,6.691380708416120315e-01,2.146176137762468017e-01,-7.631392382578278122e-01,4.629266458618085389e-01,7.129157947773729909e-01
-5.889127681979132722e-01,1.000000000000000000e+00,-7.286748305468322418e-01,6.305712085828525382e-01,-3.996438006603715287e-01,-6.696714797227897309e-01,2.088962968265736520e-01,-3.126267896323350337e-01,4.684042802091559765e-01,6.818024110682724404e-01,9.339929031681943883e-01,6.333770325726664208e-01,-4.180905827616127612e-01,-4.750103216666650141e-01,8.778054630890377297e-01,8.971626840614459475e-01,-4.014420369975674197e-01,-7.541734707386292813e-01,-4.321008656867115216e-01,-1.318892756555896939e-01,-7.604120898984874088e-01,-7.364340097324095780e-01,-8.366693729875424035e-01,-4.664681449632217536e-01,7.185512092747788071e-02,-7.279899191732583930e-01,7.692523053624470419e-01,7.128858600000000934e-01,4.171140458883537128e-01,1.770583226194439030e-01,-4.489874121016703135e-01,2.634354363097916041e-01,-2.518540322709901247e-01,5.570306482656665059e-01,5.936443468528026374e-02,2.660167500135439123e-01,9.102271796231302670e-01,-6.862712048432121348e-01,-4.034272040654046099e-01
6.767541017475042775e-01,-7.286748305468322418e-01,1.000000000000000000e+00,-8.777247390514443248e-01,7.367083924884865187e-01,4.437372213514630959e-01,-6.285774697554574741e-01,6.723488167335529564e-01,-8.571323521603441131e-01,-2.583845349755641285e-01,-6.762226166483781276e-01,-8.353378501906046916e-01,2.008492312331969232e-01,6.954409302348275590e-01,-7.282584778967113870e-01,-5.005039861639773990e-01,2.683535009056636778e-02,9.641291026379703588e-01,1.653193757378843276e-01,3.094752875040907014e-01,4.598844330159331806e-01,4.312932213995609443e-01,8.516886465015809371e-01,3.725918169893696064e-01,-6.548592947328052416e-01,8.803590045089465521e-01,-3.886505584974273009e-01,-8.793544799999999384e-01,-7.610633810342782857e-01,2.259937494288803000e-02,7.552238510699321727e-01,-3.157990539186286139e-01,-3.271027824060220301e-01,-3.952854204555660278e-01,4.705677152043302169e-01,-3.819002532465022304e-01,-6.494180418087449613e-01,5.112981127487421507e-01,7.460771087540528645e-01
-8.809787637235281244e-01,6.305712085828525382e-01,-8.777247390514443248e-01,1.000000000000000000e+00,-4.685603097461726874e-01,-4.702985401307628877e-01,7.122534922736206697e-01,-4.860412901141736297e-01,7.094927846822245421e-01,2.852421229139942005e-01,4.483535436558623299e-01,9.888436154322488569e-01,-3.882605488374931135e-01,-8.098387159751190278e-01,7.770764712850992684e-01,3.056593715379434806e-01,2.281923318933223865e-01,-9.120843929835383834e-01,-3.391535251698737929e-01,-4.355731987635656499e-01,-3.989847519883880644e-01,-6.332905750781583354e-01,-8.714773282799201937e-01,-6.434015919404726391e-01,7.063705129197264121e-01,-9.499542242331268094e-01,2.810404982369767990e-01,9.872700000000000919e-01,8.665961201931889901e-01,-3.729058080620427096e-01,-9.330740841891301818e-01,3.142990386891895138e-01,3.993011936514311300e-01,5.869105657156024058e-01,-7.157275077197899904e-01,4.286027695215130495e-02,7.107234367094835692e-01,-5.207782957845256133e-01,-8.058722842227121763e-01
1.786181219760715755e-01,-3.996438006603715287e-01,7.367083924884865187e-01,-4.685603097461726874e-01,1.000000000000000000e+00,2.093969243401005986e-01,-6.633599670812477811e-01,8.343867682305088351e-01,-9.106158597877769267e-01,9.237688685621851803e-02,-4.942709713657718051e-01,-4.018316370745856903e-01,-1.267542913371043911e-01,3.594393428744495633e-01,-3.093544387068742907e-01,-3.333797211347292455e-01,2.069160446071802162e-02,6.690330690663447433e-01,9.848026705404981651e-02,2.200086938125028757e-01,2.304527985283944813e-01,-7.016193008132085018e-02,5.124483691976949862e-01,-1.201264584962850601e-01,-6.465518885844115937e-01,4.858782183362052587e-01,-9.351833960588416816e-02,-4.551690800000000037e-01,-3.840731246495479034e-01,-4.212308332026143964e-01,3.711669306724687534e-01,-8.809899217534362947e-02,-3.482276527906530417e-01,-8.244694123379772699e-02,2.535744592104732797e-01,-7.094166526313733234e-01,-2.745691135947088690e-01,3.003085974017428647e-02,5.057333566596955432e-01
5.322417238085441760e-01,-6.696714797227897309e-01,4.437372213514630959e-01,-4.702985401307628877e-01,2.093969243401005986e-01,1.000000000000000000e+00,-1.492046733081421328e-01,4.734973575890437658e-01,-2.281152784828088254e-01,-8.655923239004194025e-01,-6.335795234205168214e-01,-5.131576553310629452e-01,2.047308172269136223e-02,4.855188820394356064e-01,-8.711859074421258731e-01,-7.473673726867966494e-01,3.906750825520817760e-01,6.085440390605826311e-01,5.957415092603639550e-01,6.686183979776182396e-01,9.160841033607086681e-01,7.143972840257343249e-01,6.881706900261920223e-01,7.168540779608570945e-01,9.161938061223640073e-02,3.753805027612723832e-01,-7.425780908895015520e-01,-5.613514600000000243e-01,-8.346669666784112263e-02,1.326789521990901222e-01,2.268861859368536404e-01,-4.889846249935499989e-01,5.408757917956663608e-01,-8.207210511286148202e-01,1.240556683126536469e-01,-4.044386953390206596e-01,-8.344116076341953070e-01,8.940001370436131967e-02,6.688088124259591316e-01
-4.300848682470660433e-01,2.088962968265736520e-01,-6.285774697554574741e-01,7.122534922736206697e-01,-6.633599670812477811e-01,-1.492046733081421328e-01,1.000000000000000000e+00,-6.785043169656171935e-01,8.142445361075874022e-01,-1.558489132799614763e-01,1.633117983227800607e-01,6.598234768747330836e-01,-1.621174559578135443e-01,-4.068690209114972367e-01,3.287647337937580905e-01,-1.994275683188245774e-02,3.801848468800710368e-01,-6.511975489037434839e-01,-2.658945699298453924e-01,-3.514465351948462546e-01,-5.634487520877566602e-02,-1.707790199321759794e-01,-5.248713524711192679e-01,-2.152174173404539093e-01,8.259154538977085958e-01,-6.417453789003575437e-01,-1.177433194309333298e-01,6.458033000000000801e-01,6.370381938345790473e-01,-5.466105545433547902e-02,-7.195374093735692478e-01,2.115621988489611027e-01,6.168972048827575660e-01,1.881494564034012773e-01,-6.795940428671520817e-01,3.096104792801190886e-01,2.720693265579636200e-01,-8.348294984818716014e-02,-6.499040263724620292e-01
2.001274293177360830e-01,-3.126267896323350337e-01,6.723488167335529564e-01,-4.860412901141736297e-01,8.343867682305088351e-01,4.734973575890437658e-01,-6.785043169656171935e-01,1.000000000000000000e+00,-8.086189003258398289e-01,-1.218126955630630115e-01,-4.525360754221995907e-01,-4.260879014318967317e-01,-2.315281344210402825e-01,3.865017488530642087e-01,-4.117331452212077414e-01,-3.431655768920729987e-01,1.545995034069969631e-01,7.131530486199693097e-01,9.209268114270907635e-02,5.196001193253131367e-01,3.807230747232088763e-01,2.904370998350980226e-02,5.354723423983602792e-01,6.730204442971265966e-02,-5.249877991332345673e-01,3.956135195845923991e-01,-1.974971202837702000e-01,-4.755390400000000239e-01,-3.135154987032497953e-01,-1.982871643312407728e-01,3.559838462128452896e-01,-4.777622062650264678e-01,-1.887197518863267254e-01,-2.115395542777480653e-01,3.638712097057163475e-01,-8.243652811399039271e-01,-2.940003228522746759e-01,-1.381512432397522805e-01,7.613404040533700012e-01
-4.258089816782124615e-01,4.684042802091559765e-01,-8.571323521603441131e-01,7.094927846822245421e-01,-9.106158597877769267e-01,-2.281152784828088254e-01,8.142445361075874022e-01,-8.086189003258398289e-01,1.000000000000000000e+00,-9.850038939682617678e-02,4.783327549355809172e-01,6.520282813818543133e-01,4.377331793587079661e-03,-5.134553735588304191e-01,4.432764554456464223e-01,2.752440204536036883e-01,1.781499294935480482e-01,-8.142767605990425261e-01,-1.669915571306337665e-01,-3.162534722554157240e-01,-2.425741645780666034e-01,-1.159708933283731119e-01,-6.563030981602548941e-01,-5.610768835467272453e-02,8.000358799975846313e-01,-7.028896657654907232e-01,1.427716383931037780e-01,6.809150799999998949e-01,6.635114015036965851e-01,2.324488607903376358e-01,-6.477074859425029363e-01,2.359680661857742612e-01,5.059237567771489585e-01,1.809550990311129259e-01,-4.754292667959620355e-01,5.350572244907690900e-01,3.875575985189280703e-01,-2.055702565533114590e-01,-6.535720432047840145e-01
-3.819700434695751934e-01,6.818024110682724404e-01,-2.583845349755641285e-01,2.852421229139942005e-01,9.237688685621851803e-02,-8.655923239004194025e-01,-1.558489132799614763e-01,-1.218126955630630115e-01,-9.850038939682617678e-02,1.000000000000000000e+00,6.492557212463815342e-01,3.243115192278775427e-01,-2.268274308810306894e-01,-2.383924340525406249e-01,7.852574962378693346e-01,7.983426264493722613e-01,-5.817419517705830767e-01,-3.901001982256370182e-01,-4.669821739128042770e-01,-3.680172788445905674e-01,-8.598915014576430371e-01,-7.783107256600189094e-01,-4.937305516957543050e-01,-6.880360626309673933e-01,-4.201213772676763436e-01,-2.457578451098640926e-01,8.297957887451739012e-01,3.838511200000001011e-01,-5.280432906502546819e-02,-1.090158266115545393e-01,-5.146859490085426564e-02,4.097574340721717445e-01,-7.265711636146739982e-01,7.069359676032928030e-01,1.724731166988202891e-01,1.855397731027288444e-01,7.659590625096595051e-01,-3.088708426238495619e-01,-3.515914321046746394e-01
-3.299748562006109553e-01,9.339929031681943883e-01,-6.762226166483781276e-01,4.483535436558623299e-01,-4.942709713657718051e-01,-6.335795234205168214e-01,1.633117983227800607e-01,-4.525360754221995907e-01,4.783327549355809172e-01,6.492557212463815342e-01,1.000000000000000000e+00,4.227164521705342182e-01,-2.846018889821373410e-01,-2.776214041466283367e-01,7.479669484268479662e-01,9.526127584257360059e-01,-6.224213489055817616e-01,-6.884808168001742557e-01,-2.683802247478380143e-01,-5.169605998066805624e-02,-7.318326309095117832e-01,-5.358632098503216534e-01,-7.220219650615918860e-01,-2.343883332062174918e-01,-3.688469998454890764e-02,-5.595808053171329455e-01,7.668162189954500496e-01,5.306251799999999186e-01,2.381856927196176754e-01,3.987766272683823665e-01,-2.476307900022796105e-01,3.205901073622660635e-01,-3.267377039130235916e-01,3.631832899205086340e-01,2.509933324965482604e-01,5.279082303315796310e-01,7.595274747517645197e-01,-5.690529783266724539e-01,-3.383269840452049482e-01
-9.331264949106042872e-01,6.333770325726664208e-01,-8.353378501906046916e-01,9.888436154322488569e-01,-4.018316370745856903e-01,-5.131576553310629452e-01,6.598234768747330836e-01,-4.260879014318967317e-01,6.520282813818543133e-01,3.243115192278775427e-01,4.227164521705342182e-01,1.000000000000000000e+00,-3.702196358985287983e-01,-8.455001963282086086e-01,8.055812557395906071e-01,3.040883172285258618e-01,2.579588629973934566e-01,-8.892625794495296887e-01,-3.943795710629698359e-01,-4.941923839690082754e-01,-4.342088008532073995e-01,-6.776147267303941346e-01,-8.803827189734959591e-01,-7.065343665857319877e-01,6.677648465256825761e-01,-9.367511110368468286e-01,3.089823943517366889e-01,9.914662999999999116e-01,8.542938910435933231e-01,-4.318386300321897520e-01,-9.272678465812506099e-01,3.062488191366217749e-01,3.475028677117734111e-01,6.498053033197875861e-01,-7.250921561647620806e-01,-2.463257104793112676e-02,7.503857717359637691e-01,-5.062023092658629597e-01,-8.056565343165830173e-01
3.101604742630518219e-01,-4.180905827616127612e-01,2.008492312331969232e-01,-3.882605488374931135e-01,-1.267542913371043911e-01,2.047308172269136223e-02,-1.621174559578135443e-01,-2.315281344210402825e-01,4.377331793587079661e-03,-2.268274308810306894e-01,-2.846018889821373410e-01,-3.702196358985287983e-01,1.000000000000000000e+00,2.768448192217516368e-01,-2.851426670486819082e-01,-2.053771767094620948e-01,1.743304221726671988e-01,2.362141972804467360e-01,-2.027225201475128802e-02,-3.989214523335800067e-01,-5.443167217800008034e-02,4.478808890994328551e-01,4.047230499183497310e-01,1.959734528615950655e-01,-7.364558919648503399e-02,5.491899616094233494e-01,1.590185206948950547e-02,-3.951283199999999773e-01,-3.997453455150542512e-01,1.977320765947258308e-01,4.793449557772581082e-01,1.126938565491154495e-02,-1.861891340701748998e-01,-1.333441929309874818e-01,2.808469803055404709e-02,4.232156043529218814e-01,-3.580835829786237490e-01,7.551885357954951639e-01,-6.269069157961339178e-02
8.407900854407893698e-01,-4.750103216666650141e-01,6.954409302348275590e-01,-8.098387159751190278e-01,3.594393428744495633e-01,4.855188820394356064e-01,-4.068690209114972367e-01,3.865017488530642087e-01,-5.134553735588304191e-01,-2.383924340525406249e-01,-2.776214041466283367e-01,-8.455001963282086086e-01,2.768448192217516368e-01,1.000000000000000000e+00,-6.592507469981181423e-01,-1.983622867129585798e-01,-1.816793282758988326e-01,7.665756216072671103e-01,1.686567971997485205e-01,5.064523134133274151e-01,3.124506583326113196e-01,4.541351366865695738e-01,8.121077385136949989e-01,5.525815721524093282e-01,-6.134949489052700100e-01,7.801378749777133637e-01,-1.229387851040932012e-01,-8.389892999999999379e-01,-7.253861603541407188e-01,5.292255348490536582e-01,7.940435814095668787e-01,-2.420025095147011474e-01,-3.250908670458815819e-01,-6.132914632758651452e-01,6.993293566738558731e-01,8.300507608406283711e-02,-6.126270768034284275e-01,3.394121925314966259e-01,7.498573635421382777e-01
-7.884874558060132044e-01,8.778054630890377297e-01,-7.282584778967113870e-01,7.770764712850992684e-01,-3.093544387068742907e-01,-8.711859074421258731e-01,3.287647337937580905e-01,-4.117331452212077414e-01,4.432764554456464223e-01,7.852574962378693346e-01,7.479669484268479662e-01,8.055812557395906071e-01,-2.851426670486819082e-01,-6.592507469981181423e-01,1.000000000000000000e+00,7.598265929774471461e-01,-2.106257265372719623e-01,-8.273338935299263674e-01,-5.861307838905582823e-01,-5.276370789061249900e-01,-8.584537067596144100e-01,-8.648278078554877402e-01,-8.848434648938634517e-01,-7.896933610288104921e-01,1.736864477025562847e-01,-7.378008838573586470e-01,7.583275433638669849e-01,8.472399600000000142e-01,4.746626378805948732e-01,-1.812891716441704104e-01,-5.713090720616734730e-01,4.254626593887037012e-01,-2.535124856029855600e-01,8.224791567347193855e-01,-2.810337403957150482e-01,2.164382700497475831e-01,9.712637159115408148e-01,-4.793600605838532203e-01,-7.082561874261982249e-01
-2.659655705958557381e-01,8.971626840614459475e-01,-5.005039861639773990e-01,3.056593715379434806e-01,-3.333797211347292455e-01,-7.473673726867966494e-01,-1.994275683188245774e-02,-3.431655768920729987e-01,2.752440204536036883e-01,7.983426264493722613e-01,9.526127584257360059e-01,3.040883172285258618e-01,-2.053771767094620948e-01,-1.983622867129585798e-01,7.598265929774471461e-01,1.000000000000000000e+00,-6.851598092798849571e-01,-5.475166648035175720e-01,-3.951750756762766326e-01,-1.253879214479194371e-01,-8.523928443352362105e-01,-6.019526672960171521e-01,-6.228291052275515272e-01,-3.233723352986905830e-01,-2.608456808098794655e-01,-3.848318724666661694e-01,8.637923400405893570e-01,4.085655599999999943e-01,2.787836120898584680e-02,3.828759987918873842e-01,-6.479854641445692565e-02,3.288221836513380847e-01,-5.816399680605159883e-01,4.731080241182108459e-01,3.670124886372416739e-01,4.965272184522315224e-01,7.865898460746365561e-01,-4.399585659444981700e-01,-2.668471268304886124e-01
-2.809226678767517416e-01,-4.014420369975674197e-01,2.683535009056636778e-02,2.281923318933223865e-01,2.069160446071802162e-02,3.906750825520817760e-01,3.801848468800710368e-01,1.545995034069969631e-01,1.781499294935480482e-01,-5.817419517705830767e-01,-6.224213489055817616e-01,2.579588629973934566e-01,1.743304221726671988e-01,-1.816793282758988326e-01,-2.106257265372719623e-01,-6.851598092798849571e-01,1.000000000000000000e+00,7.353301879968365817e-02,-2.219804830205691359e-01,-2.349918051970228960e-01,3.902206103377158786e-01,1.119026509202103448e-01,1.419574669573412107e-01,-1.317501873726457107e-01,5.958785800220988138e-01,-1.099966843348396395e-01,-4.532244922711834434e-01,1.413974600000000859e-01,3.670481154628995601e-01,-3.535868633111319270e-01,-3.563741370152021526e-01,-2.926772211336696183e-01,6.059412530431521615e-01,4.994215902538162721e-02,-6.561347711735540100e-01,-4.524476452324649456e-01,-2.052991155242215870e-01,2.164458553220661441e-01,-9.739411177546267173e-02
7.511387096728366908e-01,-7.541734707386292813e-01,9.641291026379703588e-01,-9.120843929835383834e-01,6.690330690663447433e-01,6.085440390605826311e-01,-6.511975489037434839e-01,7.131530486199693097e-01,-8.142767605990425261e-01,-3.901001982256370182e-01,-6.884808168001742557e-01,-8.892625794495296887e-01,2.362141972804467360e-01,7.665756216072671103e-01,-8.273338935299263674e-01,-5.475166648035175720e-01,7.353301879968365817e-02,1.000000000000000000e+00,2.527357682590034571e-01,4.573040134451497041e-01,5.577159451339016583e-01,5.472182774630282021e-01,9.310091980828408831e-01,4.951140266100701459e-01,-6.042428701652012846e-01,8.924316834565221290e-01,-4.478887572163337549e-01,-9.320077799999999524e-01,-7.504934660913360478e-01,1.212002004808430122e-01,7.887670154530650457e-01,-4.425282371732141562e-01,-2.376197267722198192e-01,-5.294901058986187792e-01,5.150956617969880691e-01,-3.801252062319488423e-01,-7.457825480088590142e-01,4.749922241697395187e-01,8.489085555829583019e-01
4.444110279364280047e-01,-4.321008656867115216e-01,1.653193757378843276e-01,-3.391535251698737929e-01,9.848026705404981651e-02,5.957415092603639550e-01,-2.658945699298453924e-01,9.209268114270907635e-02,-1.669915571306337665e-01,-4.669821739128042770e-01,-2.683802247478380143e-01,-3.943795710629698359e-01,-2.027225201475128802e-02,1.686567971997485205e-01,-5.861307838905582823e-01,-3.951750756762766326e-01,-2.219804830205691359e-01,2.527357682590034571e-01,1.000000000000000000e+00,4.921547418654751427e-01,6.543934822347691194e-01,6.527210501354673289e-01,3.641708451225102450e-01,6.480804156916761816e-01,-1.337822087531847018e-02,2.383012075231030202e-01,-5.011231203886822305e-01,-3.766340999999999717e-01,-7.511863492890193637e-03,-3.268041332717095543e-02,1.578841901724725161e-01,4.754509069919404807e-02,3.708454087326030768e-01,-7.445835885187873648e-01,1.362926145242897291e-01,-8.005512620985237582e-02,-6.698761791466175675e-01,-7.580212824083908119e-02,2.855560225868613022e-01
5.225614914541895084e-01,-1.318892756555896939e-01,3.094752875040907014e-01,-4.355731987635656499e-01,2.200086938125028757e-01,6.686183979776182396e-01,-3.514465351948462546e-01,5.196001193253131367e-01,-3.162534722554157240e-01,-3.680172788445905674e-01,-5.169605998066805624e-02,-4.941923839690082754e-01,-3.989214523335800067e-01,5.064523134133274151e-01,-5.276370789061249900e-01,-1.253879214479194371e-01,-2.349918051970228960e-01,4.573040134451497041e-01,4.921547418654751427e-01,1.000000000000000000e+00,5.344254992150988537e-01,3.838236692638490877e-01,3.934624672440454884e-01,6.218126221295111611e-01,-2.809569695374205534e-01,2.079618860366168609e-01,-3.421245330760562808e-01,-4.614137400000000167e-01,-2.327444815334906436e-01,3.614065760251468085e-01,3.171260044191297478e-01,-4.370630844628146661e-01,1.194376446544345161e-01,-6.854189163380520755e-01,5.702263317985006852e-01,-2.533044824387898353e-01,-4.231041334601413628e-01,-3.382761418838214351e-01,7.879687755813332695e-01
4.349327356468240535e-01,-7.604120898984874088e-01,4.598844330159331806e-01,-3.989847519883880644e-01,2.304527985283944813e-01,9.160841033607086681e-01,-5.634487520877566602e-02,3.807230747232088763e-01,-2.425741645780666034e-01,-8.598915014576430371e-01,-7.318326309095117832e-01,-4.342088008532073995e-01,-5.443167217800008034e-02,3.124506583326113196e-01,-8.584537067596144100e-01,-8.523928443352362105e-01,3.902206103377158786e-01,5.577159451339016583e-01,6.543934822347691194e-01,5.344254992150988537e-01,1.000000000000000000e+00,7.180550714908191523e-01,5.974292365142587213e-01,6.421023810908598195e-01,1.911589135887298840e-01,3.298414542014633799e-01,-9.057253669296826404e-01,-4.906314400000000298e-01,-2.972451121094460066e-02,-1.068314375707840741e-01,1.153570546725667528e-01,-4.670556965480833767e-01,6.344564663212266531e-01,-7.269126827047931449e-01,-6.899567425162689283e-02,-4.366112196476398810e-01,-8.388973358314457673e-01,1.756155929057132137e-01,5.039793427478272969e-01
7.410448360395752720e-01,-7.364340097324095780e-01,4.312932213995609443e-01,-6.332905750781583354e-01,-7.016193008132085018e-02,7.143972840257343249e-01,-1.707790199321759794e-01,2.904370998350980226e-02,-1.159708933283731119e-01,-7.783107256600189094e-01,-5.358632098503216534e-01,-6.776147267303941346e-01,4.478808890994328551e-01,4.541351366865695738e-01,-8.648278078554877402e-01,-6.019526672960171521e-01,1.119026509202103448e-01,5.472182774630282021e-01,6.527210501354673289e-01,3.838236692638490877e-01,7.180550714908191523e-01,1.000000000000000000e+00,6.712769325926110087e-01,8.370684988489096590e-01,3.874276243447102169e-02,5.989530998376360049e-01,-6.946136065530307269e-01,-6.912454599999999783e-01,-4.053290577079816659e-01,2.832572261509315181e-01,5.049237964379589272e-01,-2.859579203395047897e-01,3.237680349794760382e-01,-7.886569869851223213e-01,1.755872544432202087e-01,1.451366627027802780e-01,-8.788585549907612648e-01,4.947427996296849817e-01,4.470559475969231311e-01
8.194210006784188316e-01,-8.366693729875424035e-01,8.516886465015809371e-01,-8.714773282799201937e-01,5.124483691976949862e-01,6.881706900261920223e-01,-5.248713524711192679e-01,5.354723423983602792e-01,-6.563030981602548941e-01,-4.937305516957543050e-01,-7.220219650615918860e-01,-8.803827189734959591e-01,4.047230499183497310e-01,8.121077385136949989e-01,-8.848434648938634517e-01,-6.228291052275515272e-01,1.419574669573412107e-01,9.310091980828408831e-01,3.641708451225102450e-01,3.934624672440454884e-01,5.974292365142587213e-01,6.712769325926110087e-01,1.000000000000000000e+00,5.653064521662556352e-01,-4.645761156582653983e-01,9.053565765632428652e-01,-4.649514631140678755e-01,-9.264278599999999919e-01,-6.808081996612764808e-01,1.775689085501883924e-01,7.670388831280224862e-01,-3.406013209917532203e-01,-1.114839300963089697e-01,-6.275413858640994658e-01,4.186281996370274650e-01,-2.230408022247639399e-01,-8.698739547199505484e-01,5.458907041125302673e-01,7.443582777054754684e-01
7.927078771675174496e-01,-4.664681449632217536e-01,3.725918169893696064e-01,-6.434015919404726391e-01,-1.201264584962850601e-01,7.168540779608570945e-01,-2.152174173404539093e-01,6.730204442971265966e-02,-5.610768835467272453e-02,-6.880360626309673933e-01,-2.343883332062174918e-01,-7.065343665857319877e-01,1.959734528615950655e-01,5.525815721524093282e-01,-7.896933610288104921e-01,-3.233723352986905830e-01,-1.317501873726457107e-01,4.951140266100701459e-01,6.480804156916761816e-01,6.218126221295111611e-01,6.421023810908598195e-01,8.370684988489096590e-01,5.653064521662556352e-01,1.000000000000000000e+00,-1.029464011391947736e-01,4.918626531593863205e-01,-4.980177782948003729e-01,-6.782629000000000019e-01,-3.388125917160769163e-01,6.135591623236795744e-01,4.832545089895659562e-01,-2.610376837772422354e-01,2.365236795657194024e-01,-8.686537128296656363e-01,4.940590517294459194e-01,1.762411887011769984e-01,-7.456573323985208335e-01,2.306403518157786880e-01,6.195696797671188527e-01
-5.079206002547979049e-01,7.185512092747788071e-02,-6.548592947328052416e-01,7.063705129197264121e-01,-6.465518885844115937e-01,9.161938061223640073e-02,8.259154538977085958e-01,-5.249877991332345673e-01,8.000358799975846313e-01,-4.201213772676763436e-01,-3.688469998454890764e-02,6.677648465256825761e-01,-7.364558919648503399e-02,-6.134949489052700100e-01,1.736864477025562847e-01,-2.608456808098794655e-01,5.958785800220988138e-01,-6.042428701652012846e-01,-1.337822087531847018e-02,-2.809569695374205534e-01,1.911589135887298840e-01,3.874276243447102169e-02,-4.645761156582653983e-01,-1.029464011391947736e-01,1.000000000000000000e+00,-6.576181676996342151e-01,-3.362815615807855374e-01,6.297706400000000482e-01,7.702354911621344113e-01,-2.294235130988748483e-01,-7.750597628210447176e-01,-6.407612871126996089e-03,8.520486310614922010e-01,1.087530976535425187e-01,-8.229236796444839852e-01,7.360108517001678896e-02,1.120561154558765427e-01,-1.117114479035116043e-01,-5.929685675010168966e-01
8.337510556201013223e-01,-7.279899191732583930e-01,8.803590045089465521e-01,-9.499542242331268094e-01,4.858782183362052587e-01,3.753805027612723832e-01,-6.417453789003575437e-01,3.956135195845923991e-01,-7.028896657654907232e-01,-2.457578451098640926e-01,-5.595808053171329455e-01,-9.367511110368468286e-01,5.491899616094233494e-01,7.801378749777133637e-01,-7.378008838573586470e-01,-3.848318724666661694e-01,-1.099966843348396395e-01,8.924316834565221290e-01,2.383012075231030202e-01,2.079618860366168609e-01,3.298414542014633799e-01,5.989530998376360049e-01,9.053565765632428652e-01,4.918626531593863205e-01,-6.576181676996342151e-01,1.000000000000000000e+00,-2.630662749735002137e-01,-9.563679600000000169e-01,-8.824696346087242960e-01,2.422791929097730945e-01,9.241980172524887349e-01,-2.200675033148295212e-01,-4.222859486573898868e-01,-4.601801794586055094e-01,5.502366189784434480e-01,2.179726386576924871e-03,-7.176427180344532308e-01,6.950692386441607029e-01,6.442691629495463923e-01
-3.350093881199880941e-01,7.692523053624470419e-01,-3.886505584974273009e-01,2.810404982369767990e-01,-9.351833960588416816e-02,-7.425780908895015520e-01,-1.177433194309333298e-01,-1.974971202837702000e-01,1.427716383931037780e-01,8.297957887451739012e-01,7.668162189954500496e-01,3.089823943517366889e-01,1.590185206948950547e-02,-1.229387851040932012e-01,7.583275433638669849e-01,8.637923400405893570e-01,-4.532244922711834434e-01,-4.478887572163337549e-01,-5.011231203886822305e-01,-3.421245330760562808e-01,-9.057253669296826404e-01,-6.946136065530307269e-01,-4.649514631140678755e-01,-4.980177782948003729e-01,-3.362815615807855374e-01,-2.630662749735002137e-01,1.000000000000000000e+00,3.729425200000000551e-01,3.833321855879033568e-02,2.322812659857881878e-01,-2.950427817656681162e-02,4.341849210369739254e-01,-6.651880622404089394e-01,5.710205864116619789e-01,2.755924004066730992e-01,3.365223625590568757e-01,7.418785303909497530e-01,-3.502573070852123549e-01,-2.969876854204549499e-01
-9.109536799999999879e-01,7.128858600000000934e-01,-8.793544799999999384e-01,9.872700000000000919e-01,-4.551690800000000037e-01,-5.613514600000000243e-01,6.458033000000000801e-01,-4.755390400000000239e-01,6.809150799999998949e-01,3.838511200000001011e-01,5.306251799999999186e-01,9.914662999999999116e-01,-3.951283199999999773e-01,-8.389892999999999379e-01,8.472399600000000142e-01,4.085655599999999943e-01,1.413974600000000859e-01,-9.320077799999999524e-01,-3.766340999999999717e-01,-4.614137400000000167e-01,-4.906314400000000298e-01,-6.912454599999999783e-01,-9.264278599999999919e-01,-6.782629000000000019e-01,6.297706400000000482e-01,-9.563679600000000169e-01,3.729425200000000551e-01,1.000000000000000000e+00,8.365523399999998944e-01,-3.555945999999999829e-01,-9.069447999999999954e-01,3.360529000000000988e-01,2.963197200000000642e-01,6.436043199999998965e-01,-6.499846400000000024e-01,5.719513999999992215e-02,7.940542200000000328e-01,-5.510018400000000760e-01,-8.066611200000000093e-01
-7.683524341807109748e-01,4.171140458883537128e-01,-7.610633810342782857e-01,8.665961201931889901e-01,-3.840731246495479034e-01,-8.346669666784112263e-02,6.370381938345790473e-01,-3.135154987032497953e-01,6.635114015036965851e-01,-5.280432906502546819e-02,2.381856927196176754e-01,8.542938910435933231e-01,-3.997453455150542512e-01,-7.253861603541407188e-01,4.746626378805948732e-01,2.787836120898584680e-02,3.670481154628995601e-01,-7.504934660913360478e-01,-7.511863492890193637e-03,-2.327444815334906436e-01,-2.972451121094460066e-02,-4.053290577079816659e-01,-6.808081996612764808e-01,-3.388125917160769163e-01,7.702354911621344113e-01,-8.824696346087242960e-01,3.833321855879033568e-02,8.365523399999998944e-01,1.000000000000000000e+00,-3.532794884885987474e-01,-9.583940368055331449e-01,2.199373987148113829e-01,6.663043818084920522e-01,2.511253198017485144e-01,-6.875983287730595972e-01,-1.810177896336035153e-01,4.121245413458116680e-01,-5.661386410302720051e-01,-5.969187815099653571e-01
5.661117378290329016e-01,1.770583226194439030e-01,2.259937494288803000e-02,-3.729058080620427096e-01,-4.212308332026143964e-01,1.326789521990901222e-01,-5.466105545433547902e-02,-1.982871643312407728e-01,2.324488607903376358e-01,-1.090158266115545393e-01,3.987766272683823665e-01,-4.318386300321897520e-01,1.977320765947258308e-01,5.292255348490536582e-01,-1.812891716441704104e-01,3.828759987918873842e-01,-3.535868633111319270e-01,1.212002004808430122e-01,-3.268041332717095543e-02,3.614065760251468085e-01,-1.068314375707840741e-01,2.832572261509315181e-01,1.775689085501883924e-01,6.135591623236795744e-01,-2.294235130988748483e-01,2.422791929097730945e-01,2.322812659857881878e-01,-3.555945999999999829e-01,-3.532794884885987474e-01,1.000000000000000000e+00,4.461690505740880663e-01,-1.035095235785281620e-01,-2.360906933918350825e-01,-3.661134632792113486e-01,6.877964663574531734e-01,5.765004758451792721e-01,-9.808658862136299117e-02,6.915322330863260536e-02,4.007516327289156188e-01
8.355874224703662145e-01,-4.489874121016703135e-01,7.552238510699321727e-01,-9.330740841891301818e-01,3.711669306724687534e-01,2.268861859368536404e-01,-7.195374093735692478e-01,3.559838462128452896e-01,-6.477074859425029363e-01,-5.146859490085426564e-02,-2.476307900022796105e-01,-9.272678465812506099e-01,4.793449557772581082e-01,7.940435814095668787e-01,-5.713090720616734730e-01,-6.479854641445692565e-02,-3.563741370152021526e-01,7.887670154530650457e-01,1.578841901724725161e-01,3.171260044191297478e-01,1.153570546725667528e-01,5.049237964379589272e-01,7.670388831280224862e-01,4.832545089895659562e-01,-7.750597628210447176e-01,9.241980172524887349e-01,-2.950427817656681162e-02,-9.069447999999999954e-01,-9.583940368055331449e-01,4.461690505740880663e-01,1.000000000000000000e+00,-2.307515748173064873e-01,-6.137998355201453871e-01,-3.969673745110829932e-01,7.628974732840200224e-01,1.676450730078057616e-01,-5.207293735601801199e-01,5.190395750761382931e-01,6.838595077092990415e-01
-1.675968646034758647e-01,2.634354363097916041e-01,-3.157990539186286139e-01,3.142990386891895138e-01,-8.809899217534362947e-02,-4.889846249935499989e-01,2.115621988489611027e-01,-4.777622062650264678e-01,2.359680661857742612e-01,4.097574340721717445e-01,3.205901073622660635e-01,3.062488191366217749e-01,1.126938565491154495e-02,-2.420025095147011474e-01,4.254626593887037012e-01,3.288221836513380847e-01,-2.926772211336696183e-01,-4.425282371732141562e-01,4.754509069919404807e-02,-4.370630844628146661e-01,-4.670556965480833767e-01,-2.859579203395047897e-01,-3.406013209917532203e-01,-2.610376837772422354e-01,-6.407612871126996089e-03,-2.200675033148295212e-01,4.341849210369739254e-01,3.360529000000000988e-01,2.199373987148113829e-01,-1.035095235785281620e-01,-2.307515748173064873e-01,1.000000000000000000e+00,-1.418171328105387596e-01,1.500607585894455365e-01,-1.582109931214428500e-01,3.350074607192595200e-01,2.749804820505581393e-01,-1.518429614728791233e-01,-5.331372598522167161e-01
-2.095029979874255543e-01,-2.518540322709901247e-01,-3.271027824060220301e-01,3.993011936514311300e-01,-3.482276527906530417e-01,5.408757917956663608e-01,6.168972048827575660e-01,-1.887197518863267254e-01,5.059237567771489585e-01,-7.265711636146739982e-01,-3.267377039130235916e-01,3.475028677117734111e-01,-1.861891340701748998e-01,-3.250908670458815819e-01,-2.535124856029855600e-01,-5.816399680605159883e-01,6.059412530431521615e-01,-2.376197267722198192e-01,3.708454087326030768e-01,1.194376446544345161e-01,6.344564663212266531e-01,3.237680349794760382e-01,-1.114839300963089697e-01,2.365236795657194024e-01,8.520486310614922010e-01,-4.222859486573898868e-01,-6.651880622404089394e-01,2.963197200000000642e-01,6.663043818084920522e-01,-2.360906933918350825e-01,-6.137998355201453871e-01,-1.418171328105387596e-01,1.000000000000000000e+00,-3.315969876547412154e-01,-6.472450144462631449e-01,-2.043586044385441447e-01,-2.975778406529216435e-01,-1.383673870921906524e-01,-2.002099834588288996e-01
-7.251467300256612125e-01,5.570306482656665059e-01,-3.952854204555660278e-01,5.869105657156024058e-01,-8.244694123379772699e-02,-8.207210511286148202e-01,1.881494564034012773e-01,-2.115395542777480653e-01,1.809550990311129259e-01,7.069359676032928030e-01,3.631832899205086340e-01,6.498053033197875861e-01,-1.333441929309874818e-01,-6.132914632758651452e-01,8.224791567347193855e-01,4.731080241182108459e-01,4.994215902538162721e-02,-5.294901058986187792e-01,-7.445835885187873648e-01,-6.854189163380520755e-01,-7.269126827047931449e-01,-7.886569869851223213e-01,-6.275413858640994658e-01,-8.686537128296656363e-01,1.087530976535425187e-01,-4.601801794586055094e-01,5.710205864116619789e-01,6.436043199999998965e-01,2.511253198017485144e-01,-3.661134632792113486e-01,-3.969673745110829932e-01,1.500607585894455365e-01,-3.315969876547412154e-01,1.000000000000000000e+00,-3.736399184124128414e-01,6.800192195666125705e-03,8.214176538616227985e-01,-1.248028900776961825e-01,-6.118865406223136238e-01
6.691380708416120315e-01,5.936443468528026374e-02,4.705677152043302169e-01,-7.157275077197899904e-01,2.535744592104732797e-01,1.240556683126536469e-01,-6.795940428671520817e-01,3.638712097057163475e-01,-4.754292667959620355e-01,1.724731166988202891e-01,2.509933324965482604e-01,-7.250921561647620806e-01,2.808469803055404709e-02,6.993293566738558731e-01,-2.810337403957150482e-01,3.670124886372416739e-01,-6.561347711735540100e-01,5.150956617969880691e-01,1.362926145242897291e-01,5.702263317985006852e-01,-6.899567425162689283e-02,1.755872544432202087e-01,4.186281996370274650e-01,4.940590517294459194e-01,-8.229236796444839852e-01,5.502366189784434480e-01,2.755924004066730992e-01,-6.499846400000000024e-01,-6.875983287730595972e-01,6.877964663574531734e-01,7.628974732840200224e-01,-1.582109931214428500e-01,-6.472450144462631449e-01,-3.736399184124128414e-01,1.000000000000000000e+00,1.581172110782306239e-01,-1.740430164586634354e-01,-1.796145574588122601e-02,7.365160023380303844e-01
2.146176137762468017e-01,2.660167500135439123e-01,-3.819002532465022304e-01,4.286027695215130495e-02,-7.094166526313733234e-01,-4.044386953390206596e-01,3.096104792801190886e-01,-8.243652811399039271e-01,5.350572244907690900e-01,1.855397731027288444e-01,5.279082303315796310e-01,-2.463257104793112676e-02,4.232156043529218814e-01,8.300507608406283711e-02,2.164382700497475831e-01,4.965272184522315224e-01,-4.524476452324649456e-01,-3.801252062319488423e-01,-8.005512620985237582e-02,-2.533044824387898353e-01,-4.366112196476398810e-01,1.451366627027802780e-01,-2.230408022247639399e-01,1.762411887011769984e-01,7.360108517001678896e-02,2.179726386576924871e-03,3.365223625590568757e-01,5.719513999999992215e-02,-1.810177896336035153e-01,5.765004758451792721e-01,1.676450730078057616e-01,3.350074607192595200e-01,-2.043586044385441447e-01,6.800192195666125705e-03,1.581172110782306239e-01,1.000000000000000000e+00,1.447082473898254895e-01,2.590379487593026941e-01,-3.711864532767245595e-01
-7.631392382578278122e-01,9.102271796231302670e-01,-6.494180418087449613e-01,7.107234367094835692e-01,-2.745691135947088690e-01,-8.344116076341953070e-01,2.720693265579636200e-01,-2.940003228522746759e-01,3.875575985189280703e-01,7.659590625096595051e-01,7.595274747517645197e-01,7.503857717359637691e-01,-3.580835829786237490e-01,-6.126270768034284275e-01,9.712637159115408148e-01,7.865898460746365561e-01,-2.052991155242215870e-01,-7.457825480088590142e-01,-6.698761791466175675e-01,-4.231041334601413628e-01,-8.388973358314457673e-01,-8.788585549907612648e-01,-8.698739547199505484e-01,-7.456573323985208335e-01,1.120561154558765427e-01,-7.176427180344532308e-01,7.418785303909497530e-01,7.940542200000000328e-01,4.121245413458116680e-01,-9.808658862136299117e-02,-5.207293735601801199e-01,2.749804820505581393e-01,-2.975778406529216435e-01,8.214176538616227985e-01,-1.740430164586634354e-01,1.447082473898254895e-01,1.000000000000000000e+00,-5.026571955687821891e-01,-5.675585778476721632e-01
4.629266458618085389e-01,-6.862712048432121348e-01,5.112981127487421507e-01,-5.207782957845256133e-01,3.003085974017428647e-02,8.940001370436131967e-02,-8.348294984818716014e-02,-1.381512432397522805e-01,-2.055702565533114590e-01,-3.088708426238495619e-01,-5.690529783266724539e-01,-5.062023092658629597e-01,7.551885357954951639e-01,3.394121925314966259e-01,-4.793600605838532203e-01,-4.399585659444981700e-01,2.164458553220661441e-01,4.749922241697395187e-01,-7.580212824083908119e-02,-3.382761418838214351e-01,1.756155929057132137e-01,4.947427996296849817e-01,5.458907041125302673e-01,2.306403518157786880e-01,-1.117114479035116043e-01,6.950692386441607029e-01,-3.502573070852123549e-01,-5.510018400000000760e-01,-5.661386410302720051e-01,6.915322330863260536e-02,5.190395750761382931e-01,-1.518429614728791233e-01,-1.383673870921906524e-01,-1.248028900776961825e-01,-1.796145574588122601e-02,2.590379487593026941e-01,-5.026571955687821891e-01,1.000000000000000000e+00,5.690831373121790770e-02
7.129157947773729909e-01,-4.034272040654046099e-01,7.460771087540528645e-01,-8.058722842227121763e-01,5.057333566596955432e-01,6.688088124259591316e-01,-6.499040263724620292e-01,7.613404040533700012e-01,-6.535720432047840145e-01,-3.515914321046746394e-01,-3.383269840452049482e-01,-8.056565343165830173e-01,-6.269069157961339178e-02,7.498573635421382777e-01,-7.082561874261982249e-01,-2.668471268304886124e-01,-9.739411177546267173e-02,8.489085555829583019e-01,2.855560225868613022e-01,7.879687755813332695e-01,5.039793427478272969e-01,4.470559475969231311e-01,7.443582777054754684e-01,6.195696797671188527e-01,-5.929685675010168966e-01,6.442691629495463923e-01,-2.969876854204549499e-01,-8.066611200000000093e-01,-5.969187815099653571e-01,4.007516327289156188e-01,6.838595077092990415e-01,-5.331372598522167161e-01,-2.002099834588288996e-01,-6.118865406223136238e-01,7.365160023380303844e-01,-3.711864532767245595e-01,-5.675585778476721632e-01,5.690831373121790770e-02,1.000000000000000000e+00
