1.000000000000000000e+00,-1.550351622526986717e-01,5.336693370828605731e-01,-2.104014341257654519e-01,4.927776625569331159e-01,-6.783189327074785613e-01,7.490085957603447309e-01,-4.989016798710961265e-01,1.243221576518755978e-01,2.977241165136136347e-01,3.604347125226061155e-01,4.338286546562015178e-01,1.353972800000000642e-01,-6.855415227022289004e-01,-2.402009597555672948e-01,1.405145720222229777e-01,-5.826946148560082639e-01,-6.610878381642496526e-01,2.614792348634467078e-01,-4.898867455348240862e-01,-5.970967668520886784e-01,3.471975335643884275e-02,-2.359505027881433903e-01,-3.126055918270779777e-01,5.756958029724387055e-02,-3.842154037551251955e-01,-5.564899138414867164e-01,1.770774691894924091e-01,5.163545754083185280e-01,-4.017797059081797129e-02,-1.100765072484366502e-01,-6.544700975695523226e-01,2.807650220487347137e-01,-2.347466156718482355e-01,6.977654809028231986e-01,-2.818787043439640594e-01,7.164275095004775107e-01,-1.595842328904380214e-01,-6.033379072256368769e-02
-1.550351622526986717e-01,1.000000000000000000e+00,-7.720806742609673812e-01,-3.716932485682544196e-01,-7.552889839933463190e-01,-3.163558102278035133e-01,-1.083594527949585315e-02,8.186028540339801429e-01,9.329398483775054318e-01,8.298460174635380326e-01,6.096214876051501141e-01,-5.707587050515633420e-01,-9.980847400000000258e-01,-2.252840052019388917e-01,6.777796602016187277e-01,-9.966448742227992375e-01,5.501101604471603235e-01,-5.638658743257189965e-01,-2.895923224399802320e-01,-7.493676885879281269e-01,-2.299358289241134889e-01,-2.830152804379899162e-02,-8.693404225835662524e-01,-6.621163116589544595e-01,6.192118555768837407e-01,-5.770656852641964374e-01,-6.286908900702237180e-01,7.788379641391577346e-01,3.204129373029954708e-01,-7.197549448502368330e-01,4.545102580859081698e-01,-6.101526270822928977e-01,2.381694302136855013e-01,-8.119065212263065767e-01,3.235374993817937694e-01,4.613335056628457553e-01,-3.477036484489037238e-01,7.660409804594282557e-01,-9.287620304363539692e-01
5.336693370828605731e-01,-7.720806742609673812e-01,1.000000000000000000e+00,4.818779328473385415e-01,5.048817444845841163e-01,-2.918468735357850063e-02,7.199204337130660214e-02,-9.153077440857461111e-01,-5.375397621821562666e-01,-3.354690045322609171e-01,-3.977486332522860435e-01,7.725857673039345785e-01,7.578870399999999563e-01,1.057085387614155048e-01,-2.534249907185043837e-01,7.780293191776609385e-01,-7.410068398656746158e-01,-2.805063876853477328e-02,-3.893468123831352046e-04,3.388271260084727010e-01,-1.414184534773932356e-03,4.860472295705111079e-01,6.231804153921685074e-01,2.563194276075235201e-01,-2.813781580524890025e-01,5.474548052770139561e-01,1.227250202189167916e-01,-7.334576459027266626e-01,4.246092709689559125e-02,7.349149219681414547e-01,-5.269999896773151782e-02,1.773533986599388490e-01,1.704402433976019982e-01,4.198500907049751985e-01,1.240808964187844338e-01,-3.735192196115510455e-01,4.022361220304194740e-01,-7.019255603047238612e-01,5.065590399780852682e-01
-2.104014341257654519e-01,-3.716932485682544196e-01,4.818779328473385415e-01,1.000000000000000000e+00,-2.034582149371396143e-01,4.347691828833990524e-01,-5.630666081631524600e-01,-2.774989711129473013e-01,-2.780959371503116118e-01,-1.836049769250935604e-01,-6.866480106093525437e-01,6.729824652317382139e-01,3.822343399999998947e-01,6.168323264554715912e-01,2.761605213620033084e-01,4.003613188084527152e-01,-4.269958193988956929e-01,2.371898081964189109e-01,-6.742382327152841581e-01,5.906405251981333704e-01,9.240808687373187891e-02,5.713248029324627941e-01,4.866899665056860780e-01,5.097656294669029586e-01,-2.486997426458620042e-01,7.156326317735220988e-01,2.604504750745597064e-01,-7.521893788661202507e-01,-4.833475823177032366e-02,4.965219363243057460e-01,2.868752134282475108e-01,5.842004421269880732e-01,2.669679191612618352e-01,5.103221627055620768e-01,-4.860631904308090334e-01,-2.689465218761809551e-01,-3.161176854040816386e-01,-2.691899720559961517e-01,1.500212850616996774e-01
4.927776625569331159e-01,-7.552889839933463190e-01,5.048817444845841163e-01,-2.034582149371396143e-01,1.000000000000000000e+00,-8.922026657908833924e-02,5.671434911606955120e-01,-6.521181364029440264e-01,-6.884746851760510378e-01,-6.280524045257784849e-01,-1.205766257333471259e-01,3.319259240770660591e-01,7.547036199999999084e-01,-4.013676148925970355e-01,-9.288368525271306630e-01,7.327791616935031005e-01,-3.898923268748928361e-01,2.905141598408449433e-01,7.184031691465107006e-01,2.918880588466882808e-01,-1.612212157402501400e-01,-4.264152352233439025e-01,4.251320809632194719e-01,3.532369964071896962e-01,-5.061046700868039316e-01,-2.951480985558044279e-02,3.561069980800504187e-01,-2.011783910242197493e-01,-1.666652755100321293e-01,2.752799629694198669e-01,-6.898434980661395377e-01,1.381076208313329612e-01,-3.311849025546381164e-01,4.918532780862008846e-01,2.928085260366989837e-02,-4.370254576046449513e-01,6.093688150463177911e-01,-5.438936169297955425e-01,7.591328675871518161e-01
-6.783189327074785613e-01,-3.163558102278035133e-01,-2.918468735357850063e-02,4.347691828833990524e-01,-8.922026657908833924e-02,1.000000000000000000e+00,-4.148241696269484580e-01,1.600819883100893654e-02,-5.108621448864002490e-01,-5.659813952138507132e-01,-6.211616223423166439e-01,1.289416608163216488e-02,3.521656600000000470e-01,7.355020308834753218e-01,-1.267270546344323179e-01,3.700826653515309483e-01,7.971660174140049807e-03,6.631055477668208464e-01,-3.462242696709729728e-01,6.976000444523275945e-01,6.689253855711571051e-01,-1.323028694952774753e-01,5.993080397101554491e-01,5.369520781928769360e-01,-7.021087891733157615e-01,5.613574892830849317e-01,7.553335015426740906e-01,-4.769682103244277105e-01,-2.173577044829819171e-01,3.398827676446688484e-01,2.744353874593866149e-01,8.040044918675194330e-01,-3.324290435306502811e-01,7.128197119550017113e-01,-8.809955095057169228e-01,3.369866150472144994e-01,-2.603405538326876711e-01,-9.781436756123546711e-03,3.970914374989278905e-01
7.490085957603447309e-01,-1.083594527949585315e-02,7.199204337130660214e-02,-5.630666081631524600e-01,5.671434911606955120e-01,-4.148241696269484580e-01,1.000000000000000000e+00,-1.538864691499140513e-01,8.660640274483512313e-02,1.468819796363914354e-01,5.268810753037248551e-01,4.064175781874793114e-02,1.215275999999998469e-02,-7.740742866310490466e-01,-5.260672348632956519e-01,6.992165278165813139e-03,-3.039565647509149815e-01,-4.369968324637478196e-01,4.699868030761895632e-01,-5.048183001025701166e-01,-4.475575069248062254e-01,-5.760116895965158301e-01,-3.496857946678567086e-01,-2.550277557467351408e-01,-2.344780286895378207e-01,-6.941862378329681782e-01,-3.497508649311043549e-01,5.327595001480701642e-01,4.897527712183752935e-01,-3.379643231983359142e-01,-2.068661337007797196e-01,-5.888131583882697528e-01,-8.385821923366709729e-02,-1.280809789092208772e-01,4.173521101962923696e-01,2.878747023054870589e-03,7.642117137409562000e-01,1.147892538342560331e-01,-1.399702370306708625e-02
-4.989016798710961265e-01,8.186028540339801429e-01,-9.153077440857461111e-01,-2.774989711129473013e-01,-6.521181364029440264e-01,1.600819883100893654e-02,-1.538864691499140513e-01,1.000000000000000000e+00,6.130757762118325127e-01,4.380005792801690001e-01,3.551497246817713060e-01,-6.586039076092099487e-01,-8.035913399999999873e-01,-4.186697577660601632e-02,4.148236395557819978e-01,-8.142834670932783681e-01,6.722858986199896636e-01,-9.714527669368788754e-02,-1.940955706405451120e-01,-3.875102339740278401e-01,-6.460920436419860524e-03,-3.049609286556130838e-01,-6.317848649378610126e-01,-3.672649925171207475e-01,3.232073965269754434e-01,-4.824135688855685222e-01,-2.153364073415446334e-01,6.667396914139588349e-01,5.321148642968808601e-02,-7.114231075213062194e-01,1.748357465794810883e-01,-1.943161101179142203e-01,-1.405172013456245927e-01,-4.446056427133026623e-01,-7.269802829807700539e-02,4.144933612071524665e-01,-4.168167237743874987e-01,6.981117222299763059e-01,-6.508057530335570329e-01
1.243221576518755978e-01,9.329398483775054318e-01,-5.375397621821562666e-01,-2.780959371503116118e-01,-6.884746851760510378e-01,-5.108621448864002490e-01,8.660640274483512313e-02,6.130757762118325127e-01,1.000000000000000000e+00,9.660657082551927788e-01,6.152908140834388862e-01,-3.521539116533050628e-01,-9.396007800000000243e-01,-3.155573745323195234e-01,7.237547016049836746e-01,-9.345494486292679204e-01,2.940194222402718882e-01,-7.664416665014851526e-01,-3.628709978638042233e-01,-8.225129554925935116e-01,-4.508078388094335365e-01,1.376888225388644971e-01,-9.148808334826102895e-01,-6.836710058809608581e-01,6.833387772679425654e-01,-5.866407367006150064e-01,-8.133110451113181316e-01,7.161342820265647058e-01,4.889555868554023021e-01,-6.802064059602430657e-01,4.895491345115108861e-01,-7.537790318039573334e-01,4.629869039521323226e-01,-8.681319101664648485e-01,5.048683601283006084e-01,2.656377937192689331e-01,-2.132958847661249879e-01,7.083842759539490386e-01,-9.652214076950376143e-01
2.977241165136136347e-01,8.298460174635380326e-01,-3.354690045322609171e-01,-1.836049769250935604e-01,-6.280524045257784849e-01,-5.659813952138507132e-01,1.468819796363914354e-01,4.380005792801690001e-01,9.660657082551927788e-01,1.000000000000000000e+00,5.697728687791575597e-01,-1.669350080606565312e-01,-8.436724199999999785e-01,-3.250483783540498162e-01,7.254472596108090254e-01,-8.297103441702874393e-01,6.486432334489060370e-02,-8.662980003046674149e-01,-4.269809638811300490e-01,-8.313289106107378812e-01,-4.851638150842280672e-01,2.432959385468166646e-01,-8.709252401290595857e-01,-6.650099955551387332e-01,6.408185489145878933e-01,-5.469194713223156645e-01,-9.048541083090251291e-01,6.218314864870884140e-01,6.292589136143756923e-01,-5.989301667600903656e-01,5.330478386774436528e-01,-8.048177630917647818e-01,5.579014508350091939e-01,-8.341889158175638253e-01,5.736558169366153814e-01,1.915592969410963575e-01,-5.680753552012505342e-02,6.252349726164547761e-01,-9.323004389908776668e-01
3.604347125226061155e-01,6.096214876051501141e-01,-3.977486332522860435e-01,-6.866480106093525437e-01,-1.205766257333471259e-01,-6.211616223423166439e-01,5.268810753037248551e-01,3.551497246817713060e-01,6.152908140834388862e-01,5.697728687791575597e-01,1.000000000000000000e+00,-5.034071013344073586e-01,-6.167543799999999354e-01,-7.167593110729677530e-01,1.146481465995382865e-01,-6.240531947223203479e-01,3.067965745574234848e-01,-6.128262313966126307e-01,3.422415758305689115e-01,-8.338708257820441894e-01,-3.171520363718413060e-01,-2.124227417614477087e-01,-6.927441249040022786e-01,-7.013246048076438033e-01,5.087711186862629020e-01,-7.179067326842196728e-01,-5.691959474245941175e-01,7.751175663080566158e-01,1.910867227360300846e-01,-5.131620402666484670e-01,4.846475153969938277e-02,-8.122509747877402209e-01,2.273378725371067444e-01,-7.164543029063012991e-01,6.057645980352387438e-01,2.728534774363307602e-01,1.338135485620347565e-01,4.269694277481486666e-01,-5.440542751828043588e-01
4.338286546562015178e-01,-5.707587050515633420e-01,7.725857673039345785e-01,6.729824652317382139e-01,3.319259240770660591e-01,1.289416608163216488e-02,4.064175781874793114e-02,-6.586039076092099487e-01,-3.521539116533050628e-01,-1.669350080606565312e-01,-5.034071013344073586e-01,1.000000000000000000e+00,5.696943599999999552e-01,1.049096442719509026e-01,-1.142904377277922101e-01,5.809811243622771126e-01,-7.454827929412001231e-01,-5.827916714067229997e-02,-2.777269296898857709e-01,3.337133296594101406e-01,-2.977707632617079270e-01,3.545544735818205728e-01,3.891380214182451058e-01,4.267471658652969846e-01,-3.455556181822192485e-01,4.026733574085282763e-01,-1.330606654071232048e-02,-5.771577614485767782e-01,2.140129504332938248e-01,4.871370704528409368e-01,5.232248011370363959e-03,2.148067855536526238e-01,2.421741652023737812e-01,4.562246345298102135e-01,-9.634139150897083614e-02,-4.588656874607174307e-01,2.340699186257354236e-01,-3.911285687449714832e-01,2.771158146941177791e-01
1.353972800000000642e-01,-9.980847400000000258e-01,7.578870399999999563e-01,3.822343399999998947e-01,7.547036199999999084e-01,3.521656600000000470e-01,1.215275999999998469e-02,-8.035913399999999873e-01,-9.396007800000000243e-01,-8.436724199999999785e-01,-6.167543799999999354e-01,5.696943599999999552e-01,1.000000000000000000e+00,2.298725200000000246e-01,-6.888779400000000219e-01,9.981383999999999812e-01,-5.380276999999999976e-01,5.779324200000000022e-01,2.812403400000000886e-01,7.618587199999999893e-01,2.303588599999999431e-01,6.181299999999945172e-03,8.768244400000000383e-01,6.728407999999999056e-01,-6.497106400000000059e-01,5.818886800000000470e-01,6.584813800000000050e-01,-7.768412199999999990e-01,-3.298365599999999453e-01,7.194591200000000075e-01,-4.387135399999999574e-01,6.307162600000000285e-01,-2.441345799999999899e-01,8.353293799999998992e-01,-3.575258999999999521e-01,-4.400619000000000058e-01,3.268214000000000397e-01,-7.454700000000000770e-01,9.284939800000000520e-01
-6.855415227022289004e-01,-2.252840052019388917e-01,1.057085387614155048e-01,6.168323264554715912e-01,-4.013676148925970355e-01,7.355020308834753218e-01,-7.740742866310490466e-01,-4.186697577660601632e-02,-3.155573745323195234e-01,-3.250483783540498162e-01,-7.167593110729677530e-01,1.049096442719509026e-01,2.298725200000000246e-01,1.000000000000000000e+00,3.222699087436363685e-01,2.560152300417781190e-01,-2.013485560344113745e-02,5.006472492758964332e-01,-5.893885618338043919e-01,6.597857646804281551e-01,6.687394550265852722e-01,4.059558271300767185e-01,5.655569725932843017e-01,4.525741394320274003e-01,-2.528795960715851110e-01,7.608462240778285368e-01,4.629545138182825648e-01,-6.629748592043780420e-01,-1.990584366360634017e-01,4.926221264603073413e-01,3.507253725096545205e-01,7.264745350709144178e-01,-1.013255166826522169e-01,4.439334249330751381e-01,-6.143275261768867956e-01,1.453264798059254459e-01,-4.069779841396041764e-01,-1.520186241510088632e-01,2.222302107595669485e-01
-2.402009597555672948e-01,6.777796602016187277e-01,-2.534249907185043837e-01,2.761605213620033084e-01,-9.288368525271306630e-01,-1.267270546344323179e-01,-5.260672348632956519e-01,4.148236395557819978e-01,7.237547016049836746e-01,7.254472596108090254e-01,1.146481465995382865e-01,-1.142904377277922101e-01,-6.888779400000000219e-01,3.222699087436363685e-01,1.000000000000000000e+00,-6.642835743250136149e-01,2.390919886162897745e-01,-4.739801014470542695e-01,-7.348612194198821390e-01,-3.637791528713512079e-01,-1.125703793391234081e-02,6.629054139776617838e-01,-4.256675873330341142e-01,-4.253233149232525934e-01,6.438973284079426707e-01,9.853435929088789902e-02,-5.297333078748126534e-01,9.840704981758970071e-02,2.534765916926192686e-01,-1.626814426256536772e-01,7.077534281300490449e-01,-2.661880718145478997e-01,4.692932556229091334e-01,-5.955931886289518307e-01,2.016973741289528887e-01,2.963906152918914239e-01,-5.375760652617536106e-01,3.779396613289066065e-01,-7.821152291048728555e-01
1.405145720222229777e-01,-9.966448742227992375e-01,7.780293191776609385e-01,4.003613188084527152e-01,7.327791616935031005e-01,3.700826653515309483e-01,6.992165278165813139e-03,-8.142834670932783681e-01,-9.345494486292679204e-01,-8.297103441702874393e-01,-6.240531947223203479e-01,5.809811243622771126e-01,9.981383999999999812e-01,2.560152300417781190e-01,-6.642835743250136149e-01,1.000000000000000000e+00,-5.623826131259697103e-01,5.567156771389516479e-01,2.453796514841997123e-01,7.549507923407834387e-01,2.593867197259336899e-01,3.274092779531083408e-02,8.856932737080647211e-01,6.596723178330052839e-01,-6.604022618457954241e-01,5.999280541933994515e-01,6.454915017726273740e-01,-7.921979424879076470e-01,-2.970423968030778128e-01,7.372782233211374603e-01,-3.927558172886769783e-01,6.258634545651006187e-01,-2.351598598610901147e-01,8.358234413361403936e-01,-3.559723132646598898e-01,-4.080586863020111976e-01,3.416859047084698231e-01,-7.437888945228054993e-01,9.169555625660844589e-01
-5.826946148560082639e-01,5.501101604471603235e-01,-7.410068398656746158e-01,-4.269958193988956929e-01,-3.898923268748928361e-01,7.971660174140049807e-03,-3.039565647509149815e-01,6.722858986199896636e-01,2.940194222402718882e-01,6.486432334489060370e-02,3.067965745574234848e-01,-7.454827929412001231e-01,-5.380276999999999976e-01,-2.013485560344113745e-02,2.390919886162897745e-01,-5.623826131259697103e-01,1.000000000000000000e+00,1.546831870866148262e-01,2.322813069725129242e-01,-1.995716685180264904e-01,1.835941982114760729e-01,-1.410381355988686858e-01,-2.687957807203548710e-01,-3.819493458017330090e-01,4.690560449663636056e-01,-1.208858783480614152e-01,1.096230007253302247e-01,3.994261816529847686e-01,-4.877197562600187886e-01,-2.832940078496230529e-01,-3.608414562016281496e-02,-1.581697107614375014e-02,-3.503411935447487413e-01,-4.328794652444337143e-01,2.764220020960601876e-02,4.523852765679742260e-01,-6.361636827401165872e-01,2.229311286171116457e-01,-3.207089018133529867e-01
-6.610878381642496526e-01,-5.638658743257189965e-01,-2.805063876853477328e-02,2.371898081964189109e-01,2.905141598408449433e-01,6.631055477668208464e-01,-4.369968324637478196e-01,-9.714527669368788754e-02,-7.664416665014851526e-01,-8.662980003046674149e-01,-6.128262313966126307e-01,-5.827916714067229997e-02,5.779324200000000022e-01,5.006472492758964332e-01,-4.739801014470542695e-01,5.567156771389516479e-01,1.546831870866148262e-01,1.000000000000000000e+00,2.160640565915049049e-01,8.863663880415318941e-01,5.087050701537495501e-01,-2.653998771381880784e-01,6.895865245264725107e-01,7.534441319632039225e-01,-4.885660892888176732e-01,4.963866088506386776e-01,9.018121766633755421e-01,-5.110132240331775044e-01,-6.920851810752804978e-01,3.455237686209347570e-01,-4.777317617261893079e-01,9.040784319124360868e-01,-4.880393064228139011e-01,7.445069358072814447e-01,-7.765766513527126991e-01,-2.218145239623739162e-01,-2.584261231931283542e-01,-3.705557498599822419e-01,7.601597706925444786e-01
2.614792348634467078e-01,-2.895923224399802320e-01,-3.893468123831352046e-04,-6.742382327152841581e-01,7.184031691465107006e-01,-3.462242696709729728e-01,4.699868030761895632e-01,-1.940955706405451120e-01,-3.628709978638042233e-01,-4.269809638811300490e-01,3.422415758305689115e-01,-2.777269296898857709e-01,2.812403400000000886e-01,-5.893885618338043919e-01,-7.348612194198821390e-01,2.453796514841997123e-01,2.322813069725129242e-01,2.160640565915049049e-01,1.000000000000000000e+00,-6.178438538670980029e-02,-5.604414593871620554e-02,-4.929081404096030683e-01,1.034554049991046054e-01,-6.463967548344656810e-02,5.616514959607354918e-03,-2.936251076658514259e-01,2.215311952482083013e-01,2.142047138721748789e-01,-4.456415823408049759e-01,1.334601739258667319e-02,-7.781412287262370331e-01,-1.292751408091598886e-01,-4.042974504374883815e-01,5.148058154823331733e-03,2.839753727514185977e-01,-1.748896974226075152e-01,3.304115055110109500e-01,-3.563538281323008761e-01,4.621902345347609908e-01
-4.898867455348240862e-01,-7.493676885879281269e-01,3.388271260084727010e-01,5.906405251981333704e-01,2.918880588466882808e-01,6.976000444523275945e-01,-5.048183001025701166e-01,-3.875102339740278401e-01,-8.225129554925935116e-01,-8.313289106107378812e-01,-8.338708257820441894e-01,3.337133296594101406e-01,7.618587199999999893e-01,6.597857646804281551e-01,-3.637791528713512079e-01,7.549507923407834387e-01,-1.995716685180264904e-01,8.863663880415318941e-01,-6.178438538670980029e-02,1.000000000000000000e+00,4.277047406793543227e-01,3.903930206023475957e-02,8.438317479226550288e-01,8.697275671815102305e-01,-5.767413628166421224e-01,7.384725865965791058e-01,8.473870847501914216e-01,-8.074294450319077221e-01,-5.287544410045718069e-01,5.897453988463970953e-01,-2.887907699660882122e-01,9.659325741778839181e-01,-2.589983899748435903e-01,8.760184714353691504e-01,-7.783244436984303460e-01,-3.595172108709421277e-01,-2.045462119626095532e-01,-4.908820835521073844e-01,7.890755254307337818e-01
-5.970967668520886784e-01,-2.299358289241134889e-01,-1.414184534773932356e-03,9.240808687373187891e-02,-1.612212157402501400e-01,6.689253855711571051e-01,-4.475575069248062254e-01,-6.460920436419860524e-03,-4.508078388094335365e-01,-4.851638150842280672e-01,-3.171520363718413060e-01,-2.977707632617079270e-01,2.303588599999999431e-01,6.687394550265852722e-01,-1.125703793391234081e-02,2.593867197259336899e-01,1.835941982114760729e-01,5.087050701537495501e-01,-5.604414593871620554e-02,4.277047406793543227e-01,1.000000000000000000e+00,8.786769567925453717e-02,5.798438894488362472e-01,1.468987217662771350e-01,-2.913904770586376869e-01,5.372686598704715655e-01,5.362167465149961787e-01,-4.125186953591893357e-01,-3.100195232731519090e-01,4.657650010437477395e-01,1.679502722906595913e-01,5.286130311001481230e-01,-4.356734573981078107e-01,3.581634433104907700e-01,-4.323266769478103511e-01,5.069016717383941772e-01,-9.812047246327697259e-02,-2.551057527020763604e-01,3.645831952732005443e-01
3.471975335643884275e-02,-2.830152804379899162e-02,4.860472295705111079e-01,5.713248029324627941e-01,-4.264152352233439025e-01,-1.323028694952774753e-01,-5.760116895965158301e-01,-3.049609286556130838e-01,1.376888225388644971e-01,2.432959385468166646e-01,-2.124227417614477087e-01,3.545544735818205728e-01,6.181299999999945172e-03,4.059558271300767185e-01,6.629054139776617838e-01,3.274092779531083408e-02,-1.410381355988686858e-01,-2.653998771381880784e-01,-4.929081404096030683e-01,3.903930206023475957e-02,8.786769567925453717e-02,1.000000000000000000e+00,2.058980569659355497e-01,-1.641068109411938925e-01,4.757919907265145132e-01,6.157605946656095064e-01,-2.143232187384293552e-01,-5.435992888640133192e-01,-4.962839077043823544e-02,5.036613344103180179e-01,4.334233870149472034e-01,1.654225667098296881e-02,4.677269523412501129e-01,-2.109499431649051460e-01,2.521955331048076898e-01,-5.664033999026441002e-02,-3.499382300734050766e-01,-3.266983531039208133e-01,-2.071454461860112728e-01
-2.359505027881433903e-01,-8.693404225835662524e-01,6.231804153921685074e-01,4.866899665056860780e-01,4.251320809632194719e-01,5.993080397101554491e-01,-3.496857946678567086e-01,-6.317848649378610126e-01,-9.148808334826102895e-01,-8.709252401290595857e-01,-6.927441249040022786e-01,3.891380214182451058e-01,8.768244400000000383e-01,5.655569725932843017e-01,-4.256675873330341142e-01,8.856932737080647211e-01,-2.687957807203548710e-01,6.895865245264725107e-01,1.034554049991046054e-01,8.438317479226550288e-01,5.798438894488362472e-01,2.058980569659355497e-01,1.000000000000000000e+00,6.093594091800923485e-01,-5.547230461610234142e-01,8.386318988264784835e-01,8.016276228871113130e-01,-8.955195370268222987e-01,-5.245197144429636360e-01,8.666445676853470337e-01,-1.980559211578609147e-01,8.023161810973766794e-01,-2.849468827861665332e-01,8.034999713102237706e-01,-5.044551007057379577e-01,-1.370458504986396819e-01,-8.256240295381423941e-03,-7.161931669699576064e-01,8.368412173087895756e-01
-3.126055918270779777e-01,-6.621163116589544595e-01,2.563194276075235201e-01,5.097656294669029586e-01,3.532369964071896962e-01,5.369520781928769360e-01,-2.550277557467351408e-01,-3.672649925171207475e-01,-6.836710058809608581e-01,-6.650099955551387332e-01,-7.013246048076438033e-01,4.267471658652969846e-01,6.728407999999999056e-01,4.525741394320274003e-01,-4.253233149232525934e-01,6.596723178330052839e-01,-3.819493458017330090e-01,7.534441319632039225e-01,-6.463967548344656810e-02,8.697275671815102305e-01,1.468987217662771350e-01,-1.641068109411938925e-01,6.093594091800923485e-01,1.000000000000000000e+00,-6.173707060469040275e-01,4.362753030796627796e-01,6.401697191921625896e-01,-5.842632636997845408e-01,-3.085376134853958230e-01,3.811672187324692263e-01,-3.552435074445371987e-01,7.843287742288397313e-01,-6.577944450775546903e-02,8.440721197182242674e-01,-7.503210578247551110e-01,-5.422703196966983663e-01,-5.109839213608537156e-02,-3.151035504330849113e-01,7.065464261912075550e-01
5.756958029724387055e-02,6.192118555768837407e-01,-2.813781580524890025e-01,-2.486997426458620042e-01,-5.061046700868039316e-01,-7.021087891733157615e-01,-2.344780286895378207e-01,3.232073965269754434e-01,6.833387772679425654e-01,6.408185489145878933e-01,5.087711186862629020e-01,-3.455556181822192485e-01,-6.497106400000000059e-01,-2.528795960715851110e-01,6.438973284079426707e-01,-6.604022618457954241e-01,4.690560449663636056e-01,-4.885660892888176732e-01,5.616514959607354918e-03,-5.767413628166421224e-01,-2.913904770586376869e-01,4.757919907265145132e-01,-5.547230461610234142e-01,-6.173707060469040275e-01,1.000000000000000000e+00,-2.173243774948856455e-01,-5.995424465766485689e-01,3.481385002673548779e-01,-9.118271507302311285e-02,-2.766133653268171289e-01,7.548522149509315216e-02,-5.596963385860592721e-01,3.782967435021777347e-01,-8.645638434961838703e-01,6.587902216089809304e-01,-2.217123582411243202e-02,-3.932450995149830986e-01,1.332895373002863648e-01,-6.250878324003537045e-01
-3.842154037551251955e-01,-5.770656852641964374e-01,5.474548052770139561e-01,7.156326317735220988e-01,-2.951480985558044279e-02,5.613574892830849317e-01,-6.941862378329681782e-01,-4.824135688855685222e-01,-5.866407367006150064e-01,-5.469194713223156645e-01,-7.179067326842196728e-01,4.026733574085282763e-01,5.818886800000000470e-01,7.608462240778285368e-01,9.853435929088789902e-02,5.999280541933994515e-01,-1.208858783480614152e-01,4.963866088506386776e-01,-2.936251076658514259e-01,7.384725865965791058e-01,5.372686598704715655e-01,6.157605946656095064e-01,8.386318988264784835e-01,4.362753030796627796e-01,-2.173243774948856455e-01,1.000000000000000000e+00,5.889561014671090833e-01,-9.384345157519528025e-01,-4.576449090520037233e-01,8.569944456792267795e-01,1.635753143916104935e-01,7.472724081771583426e-01,-5.174784671973576416e-02,5.400860492598058560e-01,-4.358761091378908215e-01,-2.947672721419455216e-02,-3.768590681491340022e-01,-5.936040745039158351e-01,4.731059427972363340e-01
-5.564899138414867164e-01,-6.286908900702237180e-01,1.227250202189167916e-01,2.604504750745597064e-01,3.561069980800504187e-01,7.553335015426740906e-01,-3.497508649311043549e-01,-2.153364073415446334e-01,-8.133110451113181316e-01,-9.048541083090251291e-01,-5.691959474245941175e-01,-1.330606654071232048e-02,6.584813800000000050e-01,4.629545138182825648e-01,-5.297333078748126534e-01,6.454915017726273740e-01,1.096230007253302247e-01,9.018121766633755421e-01,2.215311952482083013e-01,8.473870847501914216e-01,5.362167465149961787e-01,-2.143232187384293552e-01,8.016276228871113130e-01,6.401697191921625896e-01,-5.995424465766485689e-01,5.889561014671090833e-01,1.000000000000000000e+00,-5.782166184049131186e-01,-7.052773386916773024e-01,4.997305589446702778e-01,-2.960498154743304022e-01,8.785384889923921747e-01,-4.180196231379290639e-01,7.951880235954729148e-01,-7.456697522487847340e-01,-4.178828164591875255e-02,-2.504677582360335664e-01,-3.743837779819013112e-01,7.666103690913527169e-01
1.770774691894924091e-01,7.788379641391577346e-01,-7.334576459027266626e-01,-7.521893788661202507e-01,-2.011783910242197493e-01,-4.769682103244277105e-01,5.327595001480701642e-01,6.667396914139588349e-01,7.161342820265647058e-01,6.218314864870884140e-01,7.751175663080566158e-01,-5.771577614485767782e-01,-7.768412199999999990e-01,-6.629748592043780420e-01,9.840704981758970071e-02,-7.921979424879076470e-01,3.994261816529847686e-01,-5.110132240331775044e-01,2.142047138721748789e-01,-8.074294450319077221e-01,-4.125186953591893357e-01,-5.435992888640133192e-01,-8.955195370268222987e-01,-5.842632636997845408e-01,3.481385002673548779e-01,-9.384345157519528025e-01,-5.782166184049131186e-01,1.000000000000000000e+00,3.749720202299491878e-01,-8.642182450693531859e-01,1.611069910023155138e-02,-7.413675328166005052e-01,9.247520379184748229e-03,-6.742513785525896530e-01,4.148749037335587864e-01,2.884620131599046622e-01,1.291115443860231249e-01,6.957955135297311244e-01,-6.395786117403028381e-01
5.163545754083185280e-01,3.204129373029954708e-01,4.246092709689559125e-02,-4.833475823177032366e-02,-1.666652755100321293e-01,-2.173577044829819171e-01,4.897527712183752935e-01,5.321148642968808601e-02,4.889555868554023021e-01,6.292589136143756923e-01,1.910867227360300846e-01,2.140129504332938248e-01,-3.298365599999999453e-01,-1.990584366360634017e-01,2.534765916926192686e-01,-2.970423968030778128e-01,-4.877197562600187886e-01,-6.920851810752804978e-01,-4.456415823408049759e-01,-5.287544410045718069e-01,-3.100195232731519090e-01,-4.962839077043823544e-02,-5.245197144429636360e-01,-3.085376134853958230e-01,-9.118271507302311285e-02,-4.576449090520037233e-01,-7.052773386916773024e-01,3.749720202299491878e-01,1.000000000000000000e+00,-3.994042466426713789e-01,4.735902975788953695e-01,-5.586005290651616662e-01,1.934809983306312597e-01,-2.767569405168464058e-01,3.164586546240464870e-01,1.727870467287371536e-01,5.556949310149333909e-01,4.012651857160187130e-01,-4.824469315771948152e-01
-4.017797059081797129e-02,-7.197549448502368330e-01,7.349149219681414547e-01,4.965219363243057460e-01,2.752799629694198669e-01,3.398827676446688484e-01,-3.379643231983359142e-01,-7.114231075213062194e-01,-6.802064059602430657e-01,-5.989301667600903656e-01,-5.131620402666484670e-01,4.871370704528409368e-01,7.194591200000000075e-01,4.926221264603073413e-01,-1.626814426256536772e-01,7.372782233211374603e-01,-2.832940078496230529e-01,3.455237686209347570e-01,1.334601739258667319e-02,5.897453988463970953e-01,4.657650010437477395e-01,5.036613344103180179e-01,8.666445676853470337e-01,3.811672187324692263e-01,-2.766133653268171289e-01,8.569944456792267795e-01,4.997305589446702778e-01,-8.642182450693531859e-01,-3.994042466426713789e-01,1.000000000000000000e+00,6.215455254359405655e-04,5.406769251677543409e-01,-4.203428640089484913e-02,5.440390464086923838e-01,-1.927889157006823784e-01,-6.622064803341762285e-02,-4.676348971830669027e-02,-7.352581415089342043e-01,5.928927098896110692e-01
-1.100765072484366502e-01,4.545102580859081698e-01,-5.269999896773151782e-02,2.868752134282475108e-01,-6.898434980661395377e-01,2.744353874593866149e-01,-2.068661337007797196e-01,1.748357465794810883e-01,4.895491345115108861e-01,5.330478386774436528e-01,4.846475153969938277e-02,5.232248011370363959e-03,-4.387135399999999574e-01,3.507253725096545205e-01,7.077534281300490449e-01,-3.927558172886769783e-01,-3.608414562016281496e-02,-4.777317617261893079e-01,-7.781412287262370331e-01,-2.887907699660882122e-01,1.679502722906595913e-01,4.334233870149472034e-01,-1.980559211578609147e-01,-3.552435074445371987e-01,7.548522149509315216e-02,1.635753143916104935e-01,-2.960498154743304022e-01,1.611069910023155138e-02,4.735902975788953695e-01,6.215455254359405655e-04,1.000000000000000000e+00,-1.834288018193795944e-01,3.907897221256989018e-01,-2.622953902342295418e-01,-1.677747774420862772e-02,6.304871333068666761e-01,-2.540142049280196823e-01,4.337771285915961172e-01,-5.952150598478863630e-01
-6.544700975695523226e-01,-6.101526270822928977e-01,1.773533986599388490e-01,5.842004421269880732e-01,1.381076208313329612e-01,8.040044918675194330e-01,-5.888131583882697528e-01,-1.943161101179142203e-01,-7.537790318039573334e-01,-8.048177630917647818e-01,-8.122509747877402209e-01,2.148067855536526238e-01,6.307162600000000285e-01,7.264745350709144178e-01,-2.661880718145478997e-01,6.258634545651006187e-01,-1.581697107614375014e-02,9.040784319124360868e-01,-1.292751408091598886e-01,9.659325741778839181e-01,5.286130311001481230e-01,1.654225667098296881e-02,8.023161810973766794e-01,7.843287742288397313e-01,-5.596963385860592721e-01,7.472724081771583426e-01,8.785384889923921747e-01,-7.413675328166005052e-01,-5.586005290651616662e-01,5.406769251677543409e-01,-1.834288018193795944e-01,1.000000000000000000e+00,-3.593849796964513343e-01,8.344221119467192249e-01,-8.469334008582418694e-01,-1.586921830941132039e-01,-3.419841560697404748e-01,-3.948881881796832971e-01,6.758009218265225160e-01
2.807650220487347137e-01,2.381694302136855013e-01,1.704402433976019982e-01,2.669679191612618352e-01,-3.311849025546381164e-01,-3.324290435306502811e-01,-8.385821923366709729e-02,-1.405172013456245927e-01,4.629869039521323226e-01,5.579014508350091939e-01,2.273378725371067444e-01,2.421741652023737812e-01,-2.441345799999999899e-01,-1.013255166826522169e-01,4.692932556229091334e-01,-2.351598598610901147e-01,-3.503411935447487413e-01,-4.880393064228139011e-01,-4.042974504374883815e-01,-2.589983899748435903e-01,-4.356734573981078107e-01,4.677269523412501129e-01,-2.849468827861665332e-01,-6.577944450775546903e-02,3.782967435021777347e-01,-5.174784671973576416e-02,-4.180196231379290639e-01,9.247520379184748229e-03,1.934809983306312597e-01,-4.203428640089484913e-02,3.907897221256989018e-01,-3.593849796964513343e-01,1.000000000000000000e+00,-2.913345700617286926e-01,2.048411269022009096e-01,-2.851618420935511655e-01,-1.873033657996704682e-01,3.151819973337008363e-01,-3.928127964913550874e-01
-2.347466156718482355e-01,-8.119065212263065767e-01,4.198500907049751985e-01,5.103221627055620768e-01,4.918532780862008846e-01,7.128197119550017113e-01,-1.280809789092208772e-01,-4.446056427133026623e-01,-8.681319101664648485e-01,-8.341889158175638253e-01,-7.164543029063012991e-01,4.562246345298102135e-01,8.353293799999998992e-01,4.439334249330751381e-01,-5.955931886289518307e-01,8.358234413361403936e-01,-4.328794652444337143e-01,7.445069358072814447e-01,5.148058154823331733e-03,8.760184714353691504e-01,3.581634433104907700e-01,-2.109499431649051460e-01,8.034999713102237706e-01,8.440721197182242674e-01,-8.645638434961838703e-01,5.400860492598058560e-01,7.951880235954729148e-01,-6.742513785525896530e-01,-2.767569405168464058e-01,5.440390464086923838e-01,-2.622953902342295418e-01,8.344221119467192249e-01,-2.913345700617286926e-01,1.000000000000000000e+00,-7.718965079900952375e-01,-2.607448171066931719e-01,1.311238859084827846e-01,-3.962510510605490310e-01,8.123888356511108633e-01
6.977654809028231986e-01,3.235374993817937694e-01,1.240808964187844338e-01,-4.860631904308090334e-01,2.928085260366989837e-02,-8.809955095057169228e-01,4.173521101962923696e-01,-7.269802829807700539e-02,5.048683601283006084e-01,5.736558169366153814e-01,6.057645980352387438e-01,-9.634139150897083614e-02,-3.575258999999999521e-01,-6.143275261768867956e-01,2.016973741289528887e-01,-3.559723132646598898e-01,2.764220020960601876e-02,-7.765766513527126991e-01,2.839753727514185977e-01,-7.783244436984303460e-01,-4.323266769478103511e-01,2.521955331048076898e-01,-5.044551007057379577e-01,-7.503210578247551110e-01,6.587902216089809304e-01,-4.358761091378908215e-01,-7.456697522487847340e-01,4.148749037335587864e-01,3.164586546240464870e-01,-1.927889157006823784e-01,-1.677747774420862772e-02,-8.469334008582418694e-01,2.048411269022009096e-01,-7.718965079900952375e-01,1.000000000000000000e+00,2.743776084149061704e-03,3.273602635551577378e-01,-6.818352314954106985e-02,-4.378493129586967791e-01
-2.818787043439640594e-01,4.613335056628457553e-01,-3.735192196115510455e-01,-2.689465218761809551e-01,-4.370254576046449513e-01,3.369866150472144994e-01,2.878747023054870589e-03,4.144933612071524665e-01,2.656377937192689331e-01,1.915592969410963575e-01,2.728534774363307602e-01,-4.588656874607174307e-01,-4.400619000000000058e-01,1.453264798059254459e-01,2.963906152918914239e-01,-4.080586863020111976e-01,4.523852765679742260e-01,-2.218145239623739162e-01,-1.748896974226075152e-01,-3.595172108709421277e-01,5.069016717383941772e-01,-5.664033999026441002e-02,-1.370458504986396819e-01,-5.422703196966983663e-01,-2.217123582411243202e-02,-2.947672721419455216e-02,-4.178828164591875255e-02,2.884620131599046622e-01,1.727870467287371536e-01,-6.622064803341762285e-02,6.304871333068666761e-01,-1.586921830941132039e-01,-2.851618420935511655e-01,-2.607448171066931719e-01,2.743776084149061704e-03,1.000000000000000000e+00,-1.325573507818175734e-01,3.323336236760219276e-01,-3.986234772069807142e-01
7.164275095004775107e-01,-3.477036484489037238e-01,4.022361220304194740e-01,-3.161176854040816386e-01,6.093688150463177911e-01,-2.603405538326876711e-01,7.642117137409562000e-01,-4.168167237743874987e-01,-2.132958847661249879e-01,-5.680753552012505342e-02,1.338135485620347565e-01,2.340699186257354236e-01,3.268214000000000397e-01,-4.069779841396041764e-01,-5.375760652617536106e-01,3.416859047084698231e-01,-6.361636827401165872e-01,-2.584261231931283542e-01,3.304115055110109500e-01,-2.045462119626095532e-01,-9.812047246327697259e-02,-3.499382300734050766e-01,-8.256240295381423941e-03,-5.109839213608537156e-02,-3.932450995149830986e-01,-3.768590681491340022e-01,-2.504677582360335664e-01,1.291115443860231249e-01,5.556949310149333909e-01,-4.676348971830669027e-02,-2.540142049280196823e-01,-3.419841560697404748e-01,-1.873033657996704682e-01,1.311238859084827846e-01,3.273602635551577378e-01,-1.325573507818175734e-01,1.000000000000000000e+00,-1.792277743646430443e-01,2.800854710183633967e-01
-1.595842328904380214e-01,7.660409804594282557e-01,-7.019255603047238612e-01,-2.691899720559961517e-01,-5.438936169297955425e-01,-9.781436756123546711e-03,1.147892538342560331e-01,6.981117222299763059e-01,7.083842759539490386e-01,6.252349726164547761e-01,4.269694277481486666e-01,-3.911285687449714832e-01,-7.454700000000000770e-01,-1.520186241510088632e-01,3.779396613289066065e-01,-7.437888945228054993e-01,2.229311286171116457e-01,-3.705557498599822419e-01,-3.563538281323008761e-01,-4.908820835521073844e-01,-2.551057527020763604e-01,-3.266983531039208133e-01,-7.161931669699576064e-01,-3.151035504330849113e-01,1.332895373002863648e-01,-5.936040745039158351e-01,-3.743837779819013112e-01,6.957955135297311244e-01,4.012651857160187130e-01,-7.352581415089342043e-01,4.337771285915961172e-01,-3.948881881796832971e-01,3.151819973337008363e-01,-3.962510510605490310e-01,-6.818352314954106985e-02,3.323336236760219276e-01,-1.792277743646430443e-01,1.000000000000000000e+00,-6.808531653324806365e-01
-6.033379072256368769e-02,-9.287620304363539692e-01,5.065590399780852682e-01,1.500212850616996774e-01,7.591328675871518161e-01,3.970914374989278905e-01,-1.399702370306708625e-02,-6.508057530335570329e-01,-9.652214076950376143e-01,-9.323004389908776668e-01,-5.440542751828043588e-01,2.771158146941177791e-01,9.284939800000000520e-01,2.222302107595669485e-01,-7.821152291048728555e-01,9.169555625660844589e-01,-3.207089018133529867e-01,7.601597706925444786e-01,4.621902345347609908e-01,7.890755254307337818e-01,3.645831952732005443e-01,-2.071454461860112728e-01,8.368412173087895756e-01,7.065464261912075550e-01,-6.250878324003537045e-01,4.731059427972363340e-01,7.666103690913527169e-01,-6.395786117403028381e-01,-4.824469315771948152e-01,5.928927098896110692e-01,-5.952150598478863630e-01,6.758009218265225160e-01,-3.928127964913550874e-01,8.123888356511108633e-01,-4.378493129586967791e-01,-3.986234772069807142e-01,2.800854710183633967e-01,-6.808531653324806365e-01,1.000000000000000000e+00
