1.0,-0.10254616000000005,0.2969145345217068,-0.45385674195731829,-0.4190139513106787,0.49405349385310088,-0.11551076866615818,0.55016253363846856,0.79615525837826207,-0.41833741842198885,-0.06312566834658534,-0.39394097414790241,-0.046804822285967024,0.28669592385535048,0.69501470419590483,0.031110097319915792,-0.41117573488913423,-0.84666816292213143,-0.030644982066859023,-0.50779261111646268,-0.11891577017396344,-0.35454778886587079,-0.68695776101655326,-0.20337243748496525,-0.19384142782442265,0.77132577974387495,-0.074718957476086215,-0.18034625520317116,0.23784445799646836,-0.30491409268200631,0.12359587227036829,0.36104311830628466,0.7232416012483015,0.41772853826540141,-0.097735400173370429,0.17696501551823415,-0.0083436599476722547,-0.35746638150836796,0.096573781053530885
-0.10254616000000005,1.0,0.72285726000000006,0.80881032000000008,-0.72923359999999993,0.17480818000000009,-0.78914203999999999,0.37197145999999992,-0.50985459999999994,0.10008210000000006,-0.42352316000000001,-0.11852651999999997,0.85940268000000009,-0.28794308000000002,-0.42714015999999999,0.54309574000000005,0.63099949999999994,0.19415500000000008,-0.26434758000000003,0.63496171999999995,0.66181939999999995,-0.23064390000000001,0.66286990000000001,-0.62756604000000005,-0.72605637999999995,0.1915141600000001,-0.80210994000000002,0.69541509999999995,0.32900144000000009,-0.33836774000000003,0.93704717999999998,0.46230455999999998,0.20359520000000009,0.39685587999999994,0.55647876000000007,-0.019725960000000042,0.53989609999999999,0.79957088000000009,-0.69435599999999997
0.2969145345217068,0.72285726000000006,1.0,0.58481544265701713,-0.73335413815220152,0.51246265940796254,-0.6005988626011961,0.24000663685439666,-0.19069611407895559,-0.23430993994816079,-0.48625920668615003,-0.012568929321329999,0.7209246875229568,0.024175932611489592,-0.11074203761840221,0.24189939584287248,0.36473544461429291,-0.15732431094481555,-0.41641156609999336,0.47473306812778676,0.41833740000898023,-0.064719686203723106,0.35224601798797489,-0.40359377556179432,-0.76677227456769781,0.40894566163291246,-0.69067074714817989,0.43676209305015062,0.18158202311000698,-0.43570001021073651,0.73929992024789348,0.33709048238052991,0.39613492788691507,0.42307735633357252,0.31767219107864286,-0.10794547624008094,0.36853599936140746,0.67008751263543342,-0.45161000743951168
-0.45385674195731829,0.80881032000000008,0.58481544265701713,1.0,-0.32944019856081208,-0.032129024336965899,-0.58448431764057307,-0.02165923854567977,-0.79533530044273204,-0.061925057170456779,-0.17926179713166318,0.27569270484908776,0.66152150033280066,-0.36099455453411333,-0.62608171524446632,0.47705942547010372,0.76642602943519467,0.5629526903374571,-0.56673623059807865,0.71952699033316581,0.59675338974038872,0.041663892094624039,0.81811108596904281,-0.32103705954533091,-0.38278281395811026,-0.27022087615425033,-0.56896125207483061,0.73719884043830286,0.26067413536107459,-0.1479972116522161,0.71465727985518213,0.12528528151756882,-0.1330649806325401,-0.038758339216157685,0.2013587133967373,-0.24668449867096034,0.35467444194340697,0.9032769461740674,-0.57193572745158716
-0.4190139513106787,-0.72923359999999993,-0.73335413815220152,-0.32944019856081208,1.0,-0.58033769365800469,0.45116535827426596,-0.45218164803232164,0.082573473093113192,-0.16116599752892496,0.56165889019590831,0.23501435596958581,-0.84892080615827725,-0.19758659941802606,0.1296277854995255,-0.22426651365822911,-0.38999477292836887,0.20996923013934016,-0.1001355580501405,-0.10632281409389013,-0.67258639740790072,0.25352566359969403,-0.28240585436507831,0.43976466473281656,0.79139544314780796,-0.75681431274329269,0.88609302743205498,-0.28482685958805998,-0.18374226103383101,0.7492283606340866,-0.74893959362712292,-0.68074338481370289,-0.5840635262257502,-0.56492718932827612,-0.64556987333446036,0.096245051312339028,-0.23973179004878645,-0.47928241252043202,0.38162726949622644
0.49405349385310088,0.17480818000000009,0.51246265940796254,-0.032129024336965899,-0.58033769365800469,1.0,-0.0049884231564834743,-0.12347388437729905,0.14328184143386347,-0.0086562393083319047,-0.6235880045671599,-0.44460246266862163,0.49893041514637848,0.8280624709862594,-0.18629468549816508,-0.2355766649059472,-0.064734039964090981,-0.36237028211120215,0.0060441484759096858,-0.3072049814863641,0.41235178422108837,0.25585970979813322,-0.10146171037253117,0.16946476110218484,-0.24662046364903784,0.76519688902271776,-0.5992536441227736,-0.32749465740114381,-0.11914287547646452,-0.60749136556725336,0.18305865326308118,0.65800826690105574,0.38667181456154115,0.66714529308890558,0.50016475057192411,0.1696416995970885,-0.23546236503102652,0.19756452850142098,-0.38112671718722452
-0.11551076866615818,-0.78914203999999999,-0.6005988626011961,-0.58448431764057307,0.45116535827426596,-0.0049884231564834743,1.0,-0.56921366431245546,0.082962148113052969,0.28610003720021671,0.17133550878522374,0.35070680196265336,-0.43275540855583206,0.51442448257656548,-0.0057093944657532324,-0.68365090419754804,-0.15947467029018436,0.19134219379680925,0.51274409221248884,-0.60399554792219867,-0.22936765326751338,0.39630650989769062,-0.22039519259687107,0.73498376087532813,0.51692039191599204,-0.073290755012248021,0.3736987460062175,-0.60186169606729856,-0.59247114600230277,-0.13121134329059439,-0.79905075507814405,-0.31215305356186923,-0.11408840973303806,-0.41975299734441396,-0.1818038312945289,-0.38511225166008617,-0.69530004322451466,-0.43366695040633141,0.7289943451972708
0.55016253363846856,0.37197145999999992,0.24000663685439666,-0.02165923854567977,-0.45218164803232164,-0.12347388437729905,-0.56921366431245546,1.0,0.44359836065438141,-0.30893848401841195,0.22302014268951775,-0.20331350520341665,0.14059982452524822,-0.47007789093476304,0.55919409817534982,0.64961822779534117,-0.042155837851605829,-0.53589363025847148,-0.048417913910529978,-0.011087535321080592,-0.048945305879214376,-0.78677167839873352,-0.28348049281071441,-0.7979377396969134,-0.4574188868518137,0.4238623742404623,-0.13546942006013588,0.38886847776022393,0.34385089334824553,-0.14131547337849543,0.5500507686348588,0.39222175756146288,0.61673562013199767,0.30421195586946792,0.013687977140891252,0.16633099180171029,0.55645517553569812,-0.14125346359358482,-0.080586082114938992
0.79615525837826207,-0.50985459999999994,-0.19069611407895559,-0.79533530044273204,0.082573473093113192,0.14328184143386347,0.082962148113052969,0.44359836065438141,1.0,-0.42154246496024633,0.26586278983570111,-0.41628013654727974,-0.53196028223127712,0.13999502130008457,0.88105877126168919,-0.021199343129257198,-0.82749763713844926,-0.91564587451419532,0.1335616867928392,-0.59798943444320241,-0.59880280482187009,-0.33042379849441095,-0.96283096577530458,-0.10164044167945915,0.17881847117610328,0.45890556882828559,0.45307571435525396,-0.48419050928734048,0.086263952742984373,0.14087077466043108,-0.3042195925315912,0.10169779806667134,0.40137588800078983,0.26234028178558177,-0.329913756857662,0.46297655381438696,-0.015205853678783798,-0.80894734281042957,0.28191518706370217
-0.41833741842198885,0.10008210000000006,-0.23430993994816079,-0.061925057170456779,-0.16116599752892496,-0.0086562393083319047,0.28610003720021671,-0.30893848401841195,-0.42154246496024633,1.0,-0.54599420824136602,-0.093104948351962841,0.29732239639986519,0.25052747153159194,-0.50826641807887907,-0.5153205824185968,0.31187784124801771,0.46548306673632439,0.77144536378045647,0.10488621416118256,0.39896116255745984,0.22292480704647427,0.48112454438470853,0.29088803654566259,-0.21661185098834598,0.016370595138246347,-0.31809502397654371,-0.12171880954661493,-0.241615246340773,-0.19859663050307813,-0.13746504985252694,-0.010376346276574133,-0.26713522456636007,0.023822274708714876,0.66972025978081673,-0.20761048693625628,-0.25295359389600364,0.14964166831475073,0.052320281704079666
-0.06312566834658534,-0.42352316000000001,-0.48625920668615003,-0.17926179713166318,0.56165889019590831,-0.6235880045671599,0.17133550878522374,0.22302014268951775,0.26586278983570111,-0.54599420824136602,1.0,0.46280752612126314,-0.59363405698640392,-0.50811613782552401,0.44830499747189084,0.45309192991589903,-0.20677158824725722,-0.074560912149862615,-0.20792371715537727,-0.24740265236090928,-0.52367333717799036,-0.3025183789234433,-0.38835047435166542,-0.13144383682326483,0.53616439084249368,-0.38219306984010787,0.65204603748717516,0.012180338816314192,0.035978158538703883,0.29844853785600589,-0.25915075707051821,-0.27120003913937774,-0.020269397296005812,-0.55810866348242283,-0.77237813080132367,-0.042312954340945279,0.053552234244194842,-0.47595124373632103,0.41912822669465183
-0.39394097414790241,-0.11852651999999997,-0.012568929321329999,0.27569270484908776,0.23501435596958581,-0.44460246266862163,0.35070680196265336,-0.20331350520341665,-0.41628013654727974,-0.093104948351962841,0.46280752612126314,1.0,-0.041202609473658551,-0.30523781636124869,-0.073244367233491328,0.0086268251018827256,0.4616245967470668,0.49398360479716291,-0.094605751842677346,0.19493021958452494,-0.025846403023148085,0.055158389465917196,0.3575920789701022,0.18118236909372942,0.027228044872087041,-0.42787062423120681,0.1431916267852662,0.2567306897419081,-0.23847652549896275,-0.15572981855254964,-0.12518883480740464,-0.45485142511464427,-0.13081189063368423,-0.78537052933147133,-0.43001070270453912,-0.76153121048760697,-0.15823699703871211,0.18085693777400938,0.55120188552761273
-0.046804822285967024,0.85940268000000009,0.7209246875229568,0.66152150033280066,-0.84892080615827725,0.49893041514637848,-0.43275540855583206,0.14059982452524822,-0.53196028223127712,0.29732239639986519,-0.59363405698640392,-0.041202609473658551,1.0,0.1608096784617232,-0.56260175161204529,0.23816799557840707,0.66263302576844996,0.20673718073541344,0.0045147679770763324,0.37274337322372014,0.83361210380019413,-0.029075324546003287,0.6677134182611475,-0.3030014328955577,-0.72127536539654458,0.45174112752656215,-0.97611409724617981,0.39659868161229472,0.067840631939300788,-0.71172779461201385,0.75657056666900246,0.62625435010237374,0.26157144921744496,0.41995858901923439,0.73777615139212793,-0.17900381868389423,0.17772016304724167,0.77143025871855031,-0.55438204082268316
0.28669592385535048,-0.28794308000000002,0.024175932611489592,-0.36099455453411333,-0.19758659941802606,0.8280624709862594,0.51442448257656548,-0.47007789093476304,0.13999502130008457,0.25052747153159194,-0.50811613782552401,-0.30523781636124869,0.1608096784617232,1.0,-0.23391019521484291,-0.62956199230015686,-0.17575286150246877,-0.16479099973874936,0.31984996788055514,-0.57154918572238433,0.25595251114409651,0.48325734451145597,-0.18930141864232325,0.6091065497993271,0.12202145227233807,0.55527617681744135,-0.28719802355139851,-0.6548754525444711,-0.36770183142265572,-0.4893913705682868,-0.33336846425964656,0.38202788571795376,0.13027232938559635,0.36268401232444003,0.38170214945093589,0.031184574766055406,-0.61219200743688107,-0.092561085100075324,-0.0037935742206885309
0.69501470419590483,-0.42714015999999999,-0.11074203761840221,-0.62608171524446632,0.1296277854995255,-0.18629468549816508,-0.0057093944657532324,0.55919409817534982,0.88105877126168919,-0.50826641807887907,0.44830499747189084,-0.073244367233491328,-0.56260175161204529,-0.23391019521484291,1.0,0.1156797836571013,-0.65467296426536359,-0.78047846280877631,0.022297836160380353,-0.33093049060132362,-0.6756924569441779,-0.50265277850144652,-0.81014990027316824,-0.24673151817290001,0.064100837675451092,0.23498284453881854,0.54215151971691511,-0.17227345039428854,0.1926339054581809,0.22309292602655381,-0.19885024374536286,-0.1750388528738836,0.38215654219647582,-0.044138483406061926,-0.54941611592737949,0.21438562070730868,0.1192448771725397,-0.69965003244563606,0.44996272409294885
0.031110097319915792,0.54309574000000005,0.24189939584287248,0.47705942547010372,-0.22426651365822911,-0.2355766649059472,-0.68365090419754804,0.64961822779534117,-0.021199343129257198,-0.5153205824185968,0.45309192991589903,0.0086268251018827256,0.23816799557840707,-0.62956199230015686,0.1156797836571013,1.0,0.16105034340640786,-0.13279612671715862,-0.47121545857645697,0.25059834164974437,0.076640502917196041,-0.55635783170609798,0.05664629403702702,-0.79455942096608678,-0.13663599737452226,-0.0035920531069768002,-0.15162217016797427,0.55302032471540019,0.40207443815504101,-0.0015600602043500666,0.67829482946181741,0.37778344083233251,0.25220715682434391,0.12101463691701733,-0.12318975937012111,0.25245330590167142,0.60794438084131597,0.20299446623772227,-0.44221305567127928
-0.41117573488913423,0.63099949999999994,0.36473544461429291,0.76642602943519467,-0.38999477292836887,-0.064734039964090981,-0.15947467029018436,-0.042155837851605829,-0.82749763713844926,0.31187784124801771,-0.20677158824725722,0.4616245967470668,0.66263302576844996,-0.17575286150246877,-0.65467296426536359,0.16105034340640786,1.0,0.73838934982325799,-0.12489836887711804,0.42482572397731405,0.72776717620591747,0.053757168405324886,0.86217282952403551,-0.12289056561079641,-0.41576944533490257,-0.1278960595290608,-0.63856019719768342,0.6684534781300544,0.02720265752466133,-0.4596786175794777,0.53955050994240628,0.074563770973979107,0.079857341191472711,-0.20921533306823897,0.31610887306300806,-0.69966700695243866,0.070925753373898989,0.81745947918906003,-0.13830289870098078
-0.84666816292213143,0.19415500000000008,-0.15732431094481555,0.5629526903374571,0.20996923013934016,-0.36237028211120215,0.19134219379680925,-0.53589363025847148,-0.91564587451419532,0.46548306673632439,-0.074560912149862615,0.49398360479716291,0.20673718073541344,-0.16479099973874936,-0.78047846280877631,-0.13279612671715862,0.73838934982325799,1.0,-0.026943851120532145,0.40656530804791158,0.40564041481116553,0.36015768419515043,0.820823798706663,0.2686823330293161,0.10061496227399977,-0.63721887597860338,-0.15694795508648282,0.38641541057306561,-0.16006790642197496,0.027989682263589881,0.017547265691213822,-0.34391642387036464,-0.46778311435508846,-0.48902914462530295,0.12451626663948291,-0.56152756436554874,-0.13301299056560115,0.5817330643563573,0.0035907537948814483
-0.030644982066859023,-0.26434758000000003,-0.41641156609999336,-0.56673623059807865,-0.1001355580501405,0.0060441484759096858,0.51274409221248884,-0.048417913910529978,0.1335616867928392,0.77144536378045647,-0.20792371715537727,-0.094605751842677346,0.0045147679770763324,0.31984996788055514,0.022297836160380353,-0.47121545857645697,-0.12489836887711804,-0.026943851120532145,1.0,-0.31785058071646066,0.0044089097666511479,-0.013455034037720082,-0.061893432442448881,0.21582230618533668,-0.098784612416941184,0.30248002292783349,-0.036605740261940606,-0.45404578688506914,-0.39476936276702657,-0.27598301805063713,-0.36257377698884474,0.073242806704624477,0.033538228623867725,0.061065900791896471,0.45648907227770064,-0.070511649413619676,-0.29694108942258557,-0.37546853435447697,0.39449151634056512
-0.50779261111646268,0.63496171999999995,0.47473306812778676,0.71952699033316581,-0.10632281409389013,-0.3072049814863641,-0.60399554792219867,-0.011087535321080592,-0.59798943444320241,0.10488621416118256,-0.24740265236090928,0.19493021958452494,0.37274337322372014,-0.57154918572238433,-0.33093049060132362,0.25059834164974437,0.42482572397731405,0.40656530804791158,-0.31785058071646066,1.0,0.13812738530858681,-0.0031388256217564775,0.69352515493921985,-0.3468934479439183,-0.48860421565932732,-0.45445759674265029,-0.22402695075294765,0.66341349529165938,0.18420687248434983,0.26889152934179184,0.48946099891162337,-0.25253451855230824,-0.3339675035309278,-0.05431528379314704,0.16563002232552429,-0.05010064323638759,0.52539450631531148,0.65720876849087873,-0.42222469245931848
-0.11891577017396344,0.66181939999999995,0.41833740000898023,0.59675338974038872,-0.67258639740790072,0.41235178422108837,-0.22936765326751338,-0.048945305879214376,-0.59880280482187009,0.39896116255745984,-0.52367333717799036,-0.025846403023148085,0.83361210380019413,0.25595251114409651,-0.6756924569441779,0.076640502917196041,0.72776717620591747,0.40564041481116553,0.0044089097666511479,0.13812738530858681,1.0,0.11582718978970311,0.65186186978829286,0.03248780450503666,-0.38644783782001441,0.31534169591365646,-0.87812869130903448,0.29482761262576729,0.27522675107819378,-0.65839031693146643,0.52896468644448524,0.51420759973144892,0.048419676418134362,0.13848457253725299,0.56905912135214975,-0.29691175219593702,-0.17859742424265637,0.67208025352763989,-0.44318968806649361
-0.35454778886587079,-0.23064390000000001,-0.064719686203723106,0.041663892094624039,0.25352566359969403,0.25585970979813322,0.39630650989769062,-0.78677167839873352,-0.33042379849441095,0.22292480704647427,-0.3025183789234433,0.055158389465917196,-0.029075324546003287,0.48325734451145597,-0.50265277850144652,-0.55635783170609798,0.053757168405324886,0.36015768419515043,-0.013455034037720082,-0.0031388256217564775,0.11582718978970311,1.0,0.21060355576320497,0.61548031757711241,0.24394803114508881,-0.22479321356370974,-0.0047812245174172789,-0.3614730323847592,-0.31814156069509275,0.054029346815719623,-0.37243873893560253,-0.18022256580952375,-0.41933228325542388,-0.066847888466636821,0.061854302670564368,-0.055674894297531904,-0.32920779185201821,0.14937301476165207,-0.00060076435703514792
-0.68695776101655326,0.66286990000000001,0.35224601798797489,0.81811108596904281,-0.28240585436507831,-0.10146171037253117,-0.22039519259687107,-0.28348049281071441,-0.96283096577530458,0.48112454438470853,-0.38835047435166542,0.3575920789701022,0.6677134182611475,-0.18930141864232325,-0.81014990027316824,0.05664629403702702,0.86217282952403551,0.820823798706663,-0.061893432442448881,0.69352515493921985,0.65186186978829286,0.21060355576320497,1.0,-0.053746882022030477,-0.41507043058405113,-0.31858368272205367,-0.5852318075852142,0.56957146250417556,-0.024864724836875549,-0.22517435841364275,0.45963600353347833,-0.041954590056043149,-0.27550335470819692,-0.14774616151140813,0.45374961085136339,-0.4645240387594568,0.13119959163438027,0.86785653864638124,-0.31714036072984275
-0.20337243748496525,-0.62756604000000005,-0.40359377556179432,-0.32103705954533091,0.43976466473281656,0.16946476110218484,0.73498376087532813,-0.7979377396969134,-0.10164044167945915,0.29088803654566259,-0.13144383682326483,0.18118236909372942,-0.3030014328955577,0.6091065497993271,-0.24673151817290001,-0.79455942096608678,-0.12289056561079641,0.2686823330293161,0.21582230618533668,-0.3468934479439183,0.03248780450503666,0.61548031757711241,-0.053746882022030477,1.0,0.52362221839004142,-0.17651550222684087,0.23964033186914663,-0.58423749480006026,-0.21596544563287318,0.0085978667627860106,-0.77617106290877214,-0.30383770913409125,-0.51718591991949758,-0.42025388213787945,-0.16060231074267498,-0.21460673458558535,-0.8567355771233871,-0.22507284024884849,0.33917793932564727
-0.19384142782442265,-0.72605637999999995,-0.76677227456769781,-0.38278281395811026,0.79139544314780796,-0.24662046364903784,0.51692039191599204,-0.4574188868518137,0.17881847117610328,-0.21661185098834598,0.53616439084249368,0.027228044872087041,-0.72127536539654458,0.12202145227233807,0.064100837675451092,-0.13663599737452226,-0.41576944533490257,0.10061496227399977,-0.098784612416941184,-0.48860421565932732,-0.38644783782001441,0.24394803114508881,-0.41507043058405113,0.52362221839004142,1.0,-0.43486104701879374,0.67886272264900238,-0.42518927108501708,0.0012642534861437332,0.44877291126621521,-0.6774944514430149,-0.3057105261616832,-0.41503757069364811,-0.43289031539808581,-0.58120996334574659,0.19454752307784298,-0.48159388574594025,-0.5002035664626262,0.21897164245072895
0.77132577974387495,0.1915141600000001,0.40894566163291246,-0.27022087615425033,-0.75681431274329269,0.76519688902271776,-0.073290755012248021,0.4238623742404623,0.45890556882828559,0.016370595138246347,-0.38219306984010787,-0.42787062423120681,0.45174112752656215,0.55527617681744135,0.23498284453881854,-0.0035920531069768002,-0.1278960595290608,-0.63721887597860338,0.30248002292783349,-0.45445759674265029,0.31534169591365646,-0.22479321356370974,-0.31858368272205367,-0.17651550222684087,-0.43486104701879374,1.0,-0.55395120245394314,-0.24694516553985366,0.0087180985443198744,-0.73030298327920018,0.29069192942904054,0.75194167131843725,0.70822719025295455,0.64197087559706612,0.46132590974008103,0.13751646484868052,-0.080016363839897853,-0.089122027714304275,-0.12876547893330959
-0.074718957476086215,-0.80210994000000002,-0.69067074714817989,-0.56896125207483061,0.88609302743205498,-0.5992536441227736,0.3736987460062175,-0.13546942006013588,0.45307571435525396,-0.31809502397654371,0.65204603748717516,0.1431916267852662,-0.97611409724617981,-0.28719802355139851,0.54215151971691511,-0.15162217016797427,-0.63856019719768342,-0.15694795508648282,-0.036605740261940606,-0.22402695075294765,-0.87812869130903448,-0.0047812245174172789,-0.5852318075852142,0.23964033186914663,0.67886272264900238,-0.55395120245394314,1.0,-0.32697449240686616,-0.0974174760126469,0.76231613814023613,-0.7206510854765128,-0.66807406474167808,-0.34418878241910017,-0.47387222404780105,-0.75410940896171919,0.18786150502981105,-0.089922914896094178,-0.72457511820703369,0.5276312367670043
-0.18034625520317116,0.69541509999999995,0.43676209305015062,0.73719884043830286,-0.28482685958805998,-0.32749465740114381,-0.60186169606729856,0.38886847776022393,-0.48419050928734048,-0.12171880954661493,0.012180338816314192,0.2567306897419081,0.39659868161229472,-0.6548754525444711,-0.17227345039428854,0.55302032471540019,0.6684534781300544,0.38641541057306561,-0.45404578688506914,0.66341349529165938,0.29482761262576729,-0.3614730323847592,0.56957146250417556,-0.58423749480006026,-0.42518927108501708,-0.24694516553985366,-0.32697449240686616,1.0,0.33045877338846985,-0.011923924339233172,0.74757885222390252,-0.048045593470760262,0.20042679297955668,-0.10631720383311517,0.021240240389948813,-0.34231910146568773,0.55247219963304128,0.68362562134423488,-0.30591257513523051
0.23784445799646836,0.32900144000000009,0.18158202311000698,0.26067413536107459,-0.18374226103383101,-0.11914287547646452,-0.59247114600230277,0.34385089334824553,0.086263952742984373,-0.241615246340773,0.035978158538703883,-0.23847652549896275,0.067840631939300788,-0.36770183142265572,0.1926339054581809,0.40207443815504101,0.02720265752466133,-0.16006790642197496,-0.39476936276702657,0.18420687248434983,0.27522675107819378,-0.31814156069509275,-0.024864724836875549,-0.21596544563287318,0.0012642534861437332,0.0087180985443198744,-0.0974174760126469,0.33045877338846985,1.0,0.16404665626146733,0.35061333599137512,0.039565864384171132,-0.10785284505636286,-0.11135391346399474,-0.26224427152333413,0.23564599779776965,0.037780125429505942,0.088698781289629006,-0.36218770378149773
-0.30491409268200631,-0.33836774000000003,-0.43570001021073651,-0.1479972116522161,0.7492283606340866,-0.60749136556725336,-0.13121134329059439,-0.14131547337849543,0.14087077466043108,-0.19859663050307813,0.29844853785600589,-0.15572981855254964,-0.71172779461201385,-0.4893913705682868,0.22309292602655381,-0.0015600602043500666,-0.4596786175794777,0.027989682263589881,-0.27598301805063713,0.26889152934179184,-0.65839031693146643,0.054029346815719623,-0.22517435841364275,0.0085978667627860106,0.44877291126621521,-0.73030298327920018,0.76231613814023613,-0.011923924339233172,0.16404665626146733,1.0,-0.3598980645869011,-0.64100793811869483,-0.55847105729525903,-0.22247346314504493,-0.47748745805761977,0.41906379633025997,0.24166397225559411,-0.3181204703388672,0.005306036301171671
0.12359587227036829,0.93704717999999998,0.73929992024789348,0.71465727985518213,-0.74893959362712292,0.18305865326308118,-0.79905075507814405,0.5500507686348588,-0.3042195925315912,-0.13746504985252694,-0.25915075707051821,-0.12518883480740464,0.75657056666900246,-0.33336846425964656,-0.19885024374536286,0.67829482946181741,0.53955050994240628,0.017547265691213822,-0.36257377698884474,0.48946099891162337,0.52896468644448524,-0.37243873893560253,0.45963600353347833,-0.77617106290877214,-0.6774944514430149,0.29069192942904054,-0.7206510854765128,0.74757885222390252,0.35061333599137512,-0.3598980645869011,1.0,0.49249144834964204,0.45795606463106336,0.43040309734289905,0.40076020781059646,-0.018548098383967076,0.62356481877225289,0.70402074972367146,-0.6138041106242984
0.36104311830628466,0.46230455999999998,0.33709048238052991,0.12528528151756882,-0.68074338481370289,0.65800826690105574,-0.31215305356186923,0.39222175756146288,0.10169779806667134,-0.010376346276574133,-0.27120003913937774,-0.45485142511464427,0.62625435010237374,0.38202788571795376,-0.1750388528738836,0.37778344083233251,0.074563770973979107,-0.34391642387036464,0.073242806704624477,-0.25253451855230824,0.51420759973144892,-0.18022256580952375,-0.041954590056043149,-0.30383770913409125,-0.3057105261616832,0.75194167131843725,-0.66807406474167808,-0.048045593470760262,0.039565864384171132,-0.64100793811869483,0.49249144834964204,1.0,0.45123353963453433,0.68507279203573712,0.5793903624139235,0.33500392645015487,0.10718220606031501,0.14684571054295964,-0.55596140708472486
0.7232416012483015,0.20359520000000009,0.39613492788691507,-0.1330649806325401,-0.5840635262257502,0.38667181456154115,-0.11408840973303806,0.61673562013199767,0.40137588800078983,-0.26713522456636007,-0.020269397296005812,-0.13081189063368423,0.26157144921744496,0.13027232938559635,0.38215654219647582,0.25220715682434391,0.079857341191472711,-0.46778311435508846,0.033538228623867725,-0.3339675035309278,0.048419676418134362,-0.41933228325542388,-0.27550335470819692,-0.51718591991949758,-0.41503757069364811,0.70822719025295455,-0.34418878241910017,0.20042679297955668,-0.10785284505636286,-0.55847105729525903,0.45795606463106336,0.45123353963453433,1.0,0.46010549187582989,0.16516142344866369,-0.17312138407661798,0.27210450977686512,0.036908993825274156,0.088727466852069434
0.41772853826540141,0.39685587999999994,0.42307735633357252,-0.038758339216157685,-0.56492718932827612,0.66714529308890558,-0.41975299734441396,0.30421195586946792,0.26234028178558177,0.023822274708714876,-0.55810866348242283,-0.78537052933147133,0.41995858901923439,0.36268401232444003,-0.044138483406061926,0.12101463691701733,-0.20921533306823897,-0.48902914462530295,0.061065900791896471,-0.05431528379314704,0.13848457253725299,-0.066847888466636821,-0.14774616151140813,-0.42025388213787945,-0.43289031539808581,0.64197087559706612,-0.47387222404780105,-0.10631720383311517,-0.11135391346399474,-0.22247346314504493,0.43040309734289905,0.68507279203573712,0.46010549187582989,1.0,0.67182875980412904,0.55286959500615807,0.39734468113049842,0.1221287570730554,-0.58582584051894082
-0.097735400173370429,0.55647876000000007,0.31767219107864286,0.2013587133967373,-0.64556987333446036,0.50016475057192411,-0.1818038312945289,0.013687977140891252,-0.329913756857662,0.66972025978081673,-0.77237813080132367,-0.43001070270453912,0.73777615139212793,0.38170214945093589,-0.54941611592737949,-0.12318975937012111,0.31610887306300806,0.12451626663948291,0.45648907227770064,0.16563002232552429,0.56905912135214975,0.061854302670564368,0.45374961085136339,-0.16060231074267498,-0.58120996334574659,0.46132590974008103,-0.75410940896171919,0.021240240389948813,-0.26224427152333413,-0.47748745805761977,0.40076020781059646,0.5793903624139235,0.16516142344866369,0.67182875980412904,1.0,0.088218628444343722,0.13634713152913733,0.43144742593930496,-0.46882882672417753
0.17696501551823415,-0.019725960000000042,-0.10794547624008094,-0.24668449867096034,0.096245051312339028,0.1696416995970885,-0.38511225166008617,0.16633099180171029,0.46297655381438696,-0.20761048693625628,-0.042312954340945279,-0.76153121048760697,-0.17900381868389423,0.031184574766055406,0.21438562070730868,0.25245330590167142,-0.69966700695243866,-0.56152756436554874,-0.070511649413619676,-0.05010064323638759,-0.29691175219593702,-0.055674894297531904,-0.4645240387594568,-0.21460673458558535,0.19454752307784298,0.13751646484868052,0.18786150502981105,-0.34231910146568773,0.23564599779776965,0.41906379633025997,-0.018548098383967076,0.33500392645015487,-0.17312138407661798,0.55286959500615807,0.088218628444343722,1.0,0.23965240818245268,-0.36445527437061681,-0.5397794233630856
-0.0083436599476722547,0.53989609999999999,0.36853599936140746,0.35467444194340697,-0.23973179004878645,-0.23546236503102652,-0.69530004322451466,0.55645517553569812,-0.015205853678783798,-0.25295359389600364,0.053552234244194842,-0.15823699703871211,0.17772016304724167,-0.61219200743688107,0.1192448771725397,0.60794438084131597,0.070925753373898989,-0.13301299056560115,-0.29694108942258557,0.52539450631531148,-0.17859742424265637,-0.32920779185201821,0.13119959163438027,-0.8567355771233871,-0.48159388574594025,-0.080016363839897853,-0.089922914896094178,0.55247219963304128,0.037780125429505942,0.24166397225559411,0.62356481877225289,0.10718220606031501,0.27210450977686512,0.39734468113049842,0.13634713152913733,0.23965240818245268,1.0,0.25974787149828382,-0.35617826449076989
-0.35746638150836796,0.79957088000000009,0.67008751263543342,0.9032769461740674,-0.47928241252043202,0.19756452850142098,-0.43366695040633141,-0.14125346359358482,-0.80894734281042957,0.14964166831475073,-0.47595124373632103,0.18085693777400938,0.77143025871855031,-0.092561085100075324,-0.69965003244563606,0.20299446623772227,0.81745947918906003,0.5817330643563573,-0.37546853435447697,0.65720876849087873,0.67208025352763989,0.14937301476165207,0.86785653864638124,-0.22507284024884849,-0.5002035664626262,-0.089122027714304275,-0.72457511820703369,0.68362562134423488,0.088698781289629006,-0.3181204703388672,0.70402074972367146,0.14684571054295964,0.036908993825274156,0.1221287570730554,0.43144742593930496,-0.36445527437061681,0.25974787149828382,1.0,-0.52386734249195954
0.096573781053530885,-0.69435599999999997,-0.45161000743951168,-0.57193572745158716,0.38162726949622644,-0.38112671718722452,0.7289943451972708,-0.080586082114938992,0.28191518706370217,0.052320281704079666,0.41912822669465183,0.55120188552761273,-0.55438204082268316,-0.0037935742206885309,0.44996272409294885,-0.44221305567127928,-0.13830289870098078,0.0035907537948814483,0.39449151634056512,-0.42222469245931848,-0.44318968806649361,-0.00060076435703514792,-0.31714036072984275,0.33917793932564727,0.21897164245072895,-0.12876547893330959,0.5276312367670043,-0.30591257513523051,-0.36218770378149773,0.005306036301171671,-0.6138041106242984,-0.55596140708472486,0.088727466852069434,-0.58582584051894082,-0.46882882672417753,-0.5397794233630856,-0.35617826449076989,-0.52386734249195954,1.0
