1.000000000000000000e+00,-4.570939886943545249e-01,-3.166445924632509401e-01,6.475788302290511611e-01,3.730775820691869527e-01,-8.335024419076977331e-01,4.917657786105700257e-02,5.333796774032077970e-01,2.320091441367714766e-02,4.538271202338816646e-01,-5.514568275698372712e-01,2.879469258093427797e-01,-5.808206799999999781e-01,7.062340996298918094e-01,6.411602413734299732e-01,5.222150062130687109e-01,-7.490319376551829444e-01,-9.744217878424416002e-02,8.021378512151990936e-01,-2.195092353861786139e-01,6.143029528916691406e-01,-3.653517057991594319e-01,-1.053688716690834720e-01,2.529538665090418359e-01,-8.267777204937003521e-01,-1.010207458147591164e-01,5.651273768468169090e-01,-3.129861535673384987e-01,4.807421960015559881e-01,-1.941858764794155701e-01,5.131502903277670447e-01,-6.550489724202990249e-01,-4.745294577359898125e-01,2.023334963124624741e-01,-9.086339584468150488e-02,-7.169536234030502442e-01,-6.323659426221537316e-01,5.384799122320675924e-01,4.643169664020988519e-01
-4.570939886943545249e-01,1.000000000000000000e+00,3.837201196966756322e-01,3.069985689967068554e-01,3.892781597810356375e-01,1.777911470552606676e-02,-1.894795058871641402e-01,-3.385329785579277440e-01,5.333726600992894085e-01,-2.480859773001307667e-01,-1.609251038235959830e-01,4.056228381327858235e-01,2.076272000000001228e-02,-2.150890851877239329e-01,-3.022556463913865787e-01,3.601978152452447457e-01,2.764048691214630593e-01,-4.529774132880041715e-01,-1.874102479566100432e-02,-1.734404081919678486e-01,-3.072275759401789652e-01,1.698238614262306267e-01,-7.712818574805767324e-02,4.413263484570453810e-02,1.251197225718360118e-01,-3.781003596700212577e-01,-4.580416167367997171e-01,-5.865569522613137132e-02,1.998908174987906738e-01,-2.648702451008916325e-02,1.864429880061296563e-01,-8.699779317415659574e-02,3.864667923506696079e-01,3.469648179068363092e-01,-4.939981015269690467e-01,2.330575621966686217e-01,8.487907106650487143e-02,-2.714533485376620647e-01,4.264689578550053817e-01
-3.166445924632509401e-01,3.837201196966756322e-01,1.000000000000000000e+00,-1.267175441428674554e-01,2.967757289909934149e-01,9.991220207560527755e-02,-7.820693971722537940e-02,1.413288129942542048e-01,-1.098214546686427789e-01,-2.217645147088509183e-01,4.452090600690760680e-01,-2.250539351889611905e-01,-2.893832600000000310e-01,-6.122145036508443994e-01,1.048266706174584423e-01,-2.732955188332608087e-01,-1.374222893832415804e-01,4.768479667288420543e-01,-2.982517617820625855e-01,-1.754856827277322673e-01,2.687081829556026702e-01,4.144309117929892428e-02,8.618504891430474046e-01,2.772774136314457016e-01,2.692347375741272267e-02,-2.330675765927723020e-01,-4.919477049936207824e-01,7.410682767763897560e-01,-1.525761918623408930e-01,6.213963340485351150e-01,-3.092880044531686745e-01,-3.679423321812103076e-02,3.335973094273412820e-01,-6.614773472675476995e-01,-6.251797059853485550e-01,4.877370982488015150e-01,4.077728478007609514e-01,-8.377543131503684126e-01,1.574298920624739584e-01
6.475788302290511611e-01,3.069985689967068554e-01,-1.267175441428674554e-01,1.000000000000000000e+00,7.573269478888069450e-01,-8.660415991028760363e-01,-2.007963498913111766e-01,3.446954432192045337e-01,4.277331130413026816e-01,3.709668056177102269e-01,-8.471795793252633322e-01,7.007938453577962079e-01,-6.074620200000000469e-01,6.809937322736620002e-01,3.674208972925063765e-01,8.265129250464482435e-01,-5.808935620668326250e-01,-5.203119432483991336e-01,7.275400793602156968e-01,-4.107531203628264072e-01,3.217656028061197104e-01,-2.450647690442980253e-01,-2.668681273278739607e-01,3.513390358227617138e-01,-6.306202531286713153e-01,-4.606624224853819727e-01,2.925434374347733457e-01,-5.297216020693149563e-01,7.849020287134037543e-01,-2.336611284309197678e-01,8.182864077678788650e-01,-8.065826295214024722e-01,-3.350024110481657734e-03,5.895093555271153640e-01,-4.717907726110878719e-01,-5.255140064586107940e-01,-4.909994375088798102e-01,4.363706909596176131e-01,8.177154106148807333e-01
3.730775820691869527e-01,3.892781597810356375e-01,2.967757289909934149e-01,7.573269478888069450e-01,1.000000000000000000e+00,-6.565042971207756262e-01,-4.207208797550080481e-01,4.332901859251441778e-01,2.303229649020184511e-01,3.487835900520188104e-01,-5.366493176259523601e-01,3.113128640542843217e-01,-6.736090000000000133e-01,4.296365577252110324e-01,4.715333483426606409e-01,6.205426746632937141e-01,-4.510462912861019635e-01,-8.765981457883800787e-02,3.921003453915165582e-01,-5.573804996996363226e-01,4.640315328779958115e-01,-1.548536252871379748e-04,1.762641263184978047e-01,6.142920531712261489e-01,-4.384232691785089897e-01,-2.489205356268389124e-01,1.887309037285615221e-01,-1.838063076308795729e-01,5.910154276278164476e-01,1.185976936761541645e-01,6.023716841200006389e-01,-7.137067687949845141e-01,1.359772967819678491e-01,1.516381449649810143e-01,-7.620182380763859120e-01,-4.116491422085456486e-01,-3.834896028897601394e-01,-2.380093490356233882e-02,7.643400262901552944e-01
-8.335024419076977331e-01,1.777911470552606676e-02,9.991220207560527755e-02,-8.660415991028760363e-01,-6.565042971207756262e-01,1.000000000000000000e+00,2.967877990546970990e-01,-6.209578201788343854e-01,-2.137448368774119423e-01,-5.956714076201390373e-01,8.005447321682910289e-01,-4.570218869677222795e-01,8.363233199999999812e-01,-7.489090296920209999e-01,-6.385904151589527622e-01,-6.941733490300945331e-01,7.903779317052028741e-01,1.931344503462888995e-01,-7.281880858767630915e-01,5.733304240547391073e-01,-6.626626880455230850e-01,2.948255784568306059e-01,4.020201162148408225e-02,-5.471768817239395233e-01,7.534532952852683874e-01,4.346951898753430577e-01,-5.597360448020718415e-01,4.254785287600393318e-01,-8.197129904305956449e-01,3.279460092260966242e-02,-8.116465957168970125e-01,9.407592617650879507e-01,2.179201782482323990e-01,-3.162594620036877080e-01,4.587678851238441435e-01,6.298017630922109200e-01,4.830865697372465073e-01,-3.490937047729751885e-01,-8.230849156162372005e-01
4.917657786105700257e-02,-1.894795058871641402e-01,-7.820693971722537940e-02,-2.007963498913111766e-01,-4.207208797550080481e-01,2.967877990546970990e-01,1.000000000000000000e+00,-6.360824863476155500e-01,2.250048189883436522e-01,-7.646054205203990373e-01,4.547067885560447387e-01,1.530186173553838291e-01,5.667796800000000079e-01,-4.273976912432222441e-01,-4.060301258801544133e-01,-1.383169652446822884e-01,3.844542862715998738e-02,-2.354621642208568344e-01,3.105725684746079018e-01,9.107582248123624602e-01,-4.621022758061170133e-01,-1.990887468459243137e-02,-1.420474297973468303e-01,-8.715047014255107305e-01,-2.655745487116805692e-01,5.212994982703533786e-02,-5.208174103223035534e-01,4.002207252961375028e-01,-5.938698961931706544e-01,-3.989599064978119336e-01,-6.093169337927704099e-01,5.623449829932599675e-01,-2.888625515354059092e-01,-5.121121141143138156e-03,5.763049637775211620e-01,1.903833615317350736e-01,-5.478581486378963916e-02,2.124322869139731451e-01,-5.122148572149899382e-01
5.333796774032077970e-01,-3.385329785579277440e-01,1.413288129942542048e-01,3.446954432192045337e-01,4.332901859251441778e-01,-6.209578201788343854e-01,-6.360824863476155500e-01,1.000000000000000000e+00,-5.105145584058889963e-01,7.703661250364491897e-01,-4.143384028336490887e-01,-1.673497129443374809e-01,-8.354002999999999846e-01,5.167603480664475502e-01,7.377389895138768416e-01,1.360671068235698444e-01,-6.126114398708284448e-01,4.376718847319023831e-01,3.899626103440418518e-02,-7.454222098580473022e-01,8.167517110306953265e-01,-2.372634956033786990e-01,4.004924196499080047e-01,8.366889668046870732e-01,-2.555166726874425476e-01,-1.397877329169800453e-01,6.103574384194561109e-01,-1.253841777732336293e-01,5.764983404933112787e-01,4.216220549392936667e-01,5.331896082736991005e-01,-7.384445647142323654e-01,-1.872987132095627061e-02,-2.574597964796766503e-01,-5.081237955569943843e-01,-3.804242870705410451e-01,-7.894671721423641986e-02,-1.003173971210341853e-01,4.920422543006331972e-01
2.320091441367714766e-02,5.333726600992894085e-01,-1.098214546686427789e-01,4.277331130413026816e-01,2.303229649020184511e-01,-2.137448368774119423e-01,2.250048189883436522e-01,-5.105145584058889963e-01,1.000000000000000000e+00,-1.839494364443710617e-01,-3.472257121764926735e-01,6.484477685436782490e-01,8.018820000000004278e-02,3.970331299134724490e-03,-4.321411352030465891e-01,4.807117329208845935e-01,1.752652804069559922e-02,-6.451931547081359852e-01,4.762759490943088703e-01,7.828768955475970404e-02,-3.264330698286481702e-01,-1.191591571101703745e-01,-3.987058688675724771e-01,-3.327123020776842632e-01,-2.601352976103221137e-01,-1.577334841414499422e-01,-3.225585923078149175e-01,-2.745230622529633568e-01,3.088867236667882654e-01,-3.446508045466775139e-01,2.139701270727658311e-01,-1.217301853828428593e-01,4.608642041937520417e-02,5.893651854115251609e-01,7.219829446003091233e-02,3.788680121458964933e-02,-1.939794198293176841e-01,2.094361040803996987e-01,4.196857290424210185e-01
4.538271202338816646e-01,-2.480859773001307667e-01,-2.217645147088509183e-01,3.709668056177102269e-01,3.487835900520188104e-01,-5.956714076201390373e-01,-7.646054205203990373e-01,7.703661250364491897e-01,-1.839494364443710617e-01,1.000000000000000000e+00,-6.232526649112010153e-01,9.548415306544946746e-02,-7.324513000000000273e-01,7.014597259025194820e-01,5.746648917597951822e-01,1.594168024100644232e-01,-4.845163301076438334e-01,2.665466350279836472e-01,7.106592090609836765e-02,-7.854542948835548932e-01,6.847557943740351094e-01,-3.109863206508974298e-01,6.516900468035650984e-02,7.849884939086136937e-01,-4.175738191316934883e-02,6.015061321314785214e-02,7.824629262635824922e-01,-5.463285029036596407e-01,7.354145732905023047e-01,3.711150616641605282e-01,7.462092355371915398e-01,-7.476709139124693149e-01,1.481999426138523313e-01,4.744687147463390320e-02,-3.287068561233006392e-01,-4.512087794078347702e-01,-9.891154294143257586e-02,2.295274884826512263e-01,5.644844177812238240e-01
-5.514568275698372712e-01,-1.609251038235959830e-01,4.452090600690760680e-01,-8.471795793252633322e-01,-5.366493176259523601e-01,8.005447321682910289e-01,4.547067885560447387e-01,-4.143384028336490887e-01,-3.472257121764926735e-01,-6.232526649112010153e-01,1.000000000000000000e+00,-6.103436710767528028e-01,5.560588399999999432e-01,-8.549945782056352916e-01,-2.751927570666788392e-01,-7.419232267200172037e-01,4.350396054952688218e-01,5.183407641978514668e-01,-5.155309150810500896e-01,5.519403844287856797e-01,-2.438739012512228799e-01,1.935488187048761133e-01,4.854797187739381958e-01,-4.264032344376161854e-01,3.631256653358277409e-01,3.841032030811072362e-01,-5.518245560374105407e-01,8.244646641763579975e-01,-9.205378716277100581e-01,2.374579741263619648e-01,-9.591929202282774014e-01,8.056912583559276975e-01,1.281378709194163322e-02,-7.164486421273038586e-01,2.570415458364397887e-01,5.643541017055963005e-01,3.760871122739982697e-01,-5.412897855747517140e-01,-7.422872445731973912e-01
2.879469258093427797e-01,4.056228381327858235e-01,-2.250539351889611905e-01,7.007938453577962079e-01,3.113128640542843217e-01,-4.570218869677222795e-01,1.530186173553838291e-01,-1.673497129443374809e-01,6.484477685436782490e-01,9.548415306544946746e-02,-6.103436710767528028e-01,1.000000000000000000e+00,-1.703624599999999933e-01,3.328361603168272231e-01,-1.532096290281402262e-01,4.781238583280137400e-01,-3.790295212669886893e-01,-6.649139643230549401e-01,5.513401985981123410e-01,7.107513685040950380e-02,-1.529193581994127416e-01,-3.020078191433951398e-01,-4.271845665592549635e-01,-1.447862040154271057e-01,-2.527261061216609650e-01,-3.612202231679534359e-01,-6.714161683998902397e-02,-5.330163291255889391e-01,5.345860747693600423e-01,-2.043751209405461622e-01,5.543376270678893603e-01,-3.988642113735137995e-01,3.055933160515562075e-01,6.688993786330763580e-01,-9.904859973256260885e-02,-1.603242968121218748e-01,-1.020232808173122258e-01,5.797091314513926896e-01,5.000655810081513497e-01
-5.808206799999999781e-01,2.076272000000001228e-02,-2.893832600000000310e-01,-6.074620200000000469e-01,-6.736090000000000133e-01,8.363233199999999812e-01,5.667796800000000079e-01,-8.354002999999999846e-01,8.018820000000004278e-02,-7.324513000000000273e-01,5.560588399999999432e-01,-1.703624599999999933e-01,1.000000000000000000e+00,-5.139635799999999755e-01,-7.347259800000000007e-01,-3.140814199999999445e-01,8.105013000000000911e-01,-2.862493200000000293e-01,-3.058222400000000230e-01,7.794855800000000112e-01,-8.682144199999999312e-01,2.787137799999999110e-01,-4.335013800000000472e-01,-8.459373399999999821e-01,4.534425799999999285e-01,3.792931600000000181e-01,-5.325383000000000200e-01,1.477267799999999465e-01,-7.534404599999999785e-01,-4.748130400000000195e-01,-6.878503200000000151e-01,9.358335399999999638e-01,-7.038071999999995221e-02,1.443221400000000987e-01,6.967428799999999534e-01,3.622249600000000402e-01,1.099266800000000543e-01,6.413040000000003182e-02,-7.787896599999999392e-01
7.062340996298918094e-01,-2.150890851877239329e-01,-6.122145036508443994e-01,6.809937322736620002e-01,4.296365577252110324e-01,-7.489090296920209999e-01,-4.273976912432222441e-01,5.167603480664475502e-01,3.970331299134724490e-03,7.014597259025194820e-01,-8.549945782056352916e-01,3.328361603168272231e-01,-5.139635799999999755e-01,1.000000000000000000e+00,5.703612741074891579e-01,6.103369413253527664e-01,-4.337200932438187162e-01,-2.834167914380276154e-01,5.331059651385287035e-01,-4.829385539198203792e-01,4.292381173349281709e-01,-1.214671523561422772e-01,-4.582450113879364961e-01,4.803891699301569007e-01,-4.010584404937360126e-01,-1.242442454921395129e-01,8.475704226941640496e-01,-8.037211843336877770e-01,6.934711073335323439e-01,-2.736073016001635549e-01,8.567517721217230431e-01,-7.093545174347338778e-01,-2.215794711200990696e-01,5.363781189230448776e-01,-1.659276863831340709e-01,-7.781779159376577271e-01,-5.809514922468295151e-01,6.935494781587236979e-01,4.959490226317671002e-01
6.411602413734299732e-01,-3.022556463913865787e-01,1.048266706174584423e-01,3.674208972925063765e-01,4.715333483426606409e-01,-6.385904151589527622e-01,-4.060301258801544133e-01,7.377389895138768416e-01,-4.321411352030465891e-01,5.746648917597951822e-01,-2.751927570666788392e-01,-1.532096290281402262e-01,-7.347259800000000007e-01,5.703612741074891579e-01,1.000000000000000000e+00,2.215679603976410117e-01,-5.861400808666883400e-01,3.756078194696853001e-01,3.500403758766478246e-01,-5.489068005719405230e-01,9.060028256460486151e-01,-7.926837805316337693e-02,3.463744440321372964e-01,7.327201942087983033e-01,-4.968504595393905543e-01,-1.101003038737388140e-01,7.112291613244929867e-01,-9.442478658376689260e-02,3.044888829824558552e-01,2.339102902951152863e-01,4.402811678043108135e-01,-6.442590603804965177e-01,-2.323355608483924639e-01,-2.539484681077937012e-01,-5.897197960984726928e-01,-5.777881996868261538e-01,-4.394390946533305864e-01,1.028897591355255881e-01,3.892330359364496450e-01
5.222150062130687109e-01,3.601978152452447457e-01,-2.732955188332608087e-01,8.265129250464482435e-01,6.205426746632937141e-01,-6.941733490300945331e-01,-1.383169652446822884e-01,1.360671068235698444e-01,4.807117329208845935e-01,1.594168024100644232e-01,-7.419232267200172037e-01,4.781238583280137400e-01,-3.140814199999999445e-01,6.103369413253527664e-01,2.215679603976410117e-01,1.000000000000000000e+00,-1.873220164042112557e-01,-6.799735880820388934e-01,7.418097334803239740e-01,-3.276096414928423850e-01,9.919896854831550259e-02,4.707331199651177897e-03,-4.914810609331614066e-01,1.628678446646967537e-01,-6.655458768601379971e-01,-2.900041880033633612e-01,2.102441005571087929e-01,-5.057914012064428366e-01,5.897991520273204724e-01,-5.716358271900421339e-01,6.390757093693343327e-01,-5.670972053693120740e-01,-3.448032074473091901e-01,7.235984019924892596e-01,-2.868998119079103071e-01,-6.549113890514223213e-01,-7.462366486834416390e-01,3.744608858737217827e-01,6.974696581671339102e-01
-7.490319376551829444e-01,2.764048691214630593e-01,-1.374222893832415804e-01,-5.808935620668326250e-01,-4.510462912861019635e-01,7.903779317052028741e-01,3.844542862715998738e-02,-6.126114398708284448e-01,1.752652804069559922e-02,-4.845163301076438334e-01,4.350396054952688218e-01,-3.790295212669886893e-01,8.105013000000000911e-01,-4.337200932438187162e-01,-5.861400808666883400e-01,-1.873220164042112557e-01,1.000000000000000000e+00,-1.993113854981236055e-01,-5.101018764516649373e-01,2.886017995037377104e-01,-7.016384984719864493e-01,3.924396024889671986e-01,-3.413204168891101897e-01,-4.314629110589986438e-01,5.958790647454459410e-01,3.923493294752587457e-01,-4.057799259415705295e-01,5.274959831672422494e-02,-5.584570208972445826e-01,-3.475840650954570288e-01,-4.952998486926294963e-01,7.537823597167153666e-01,8.159430996701223793e-03,1.340436646233572060e-01,3.438852777740076805e-01,3.215743395292637308e-01,6.938651097634508658e-02,-2.273767362479621190e-01,-5.188320476175978246e-01
-9.744217878424416002e-02,-4.529774132880041715e-01,4.768479667288420543e-01,-5.203119432483991336e-01,-8.765981457883800787e-02,1.931344503462888995e-01,-2.354621642208568344e-01,4.376718847319023831e-01,-6.451931547081359852e-01,2.665466350279836472e-01,5.183407641978514668e-01,-6.649139643230549401e-01,-2.862493200000000293e-01,-2.834167914380276154e-01,3.756078194696853001e-01,-6.799735880820388934e-01,-1.993113854981236055e-01,1.000000000000000000e+00,-4.869542427961673914e-01,-2.058218203305233474e-01,5.483582191925248095e-01,-4.896398475144531082e-02,8.316002854724610094e-01,4.274413148534111917e-01,2.338644293159747034e-01,3.273162051958635188e-01,1.748827576362331215e-01,5.743625219507531021e-01,-2.677838318304095466e-01,7.728688547081687954e-01,-3.391414020644682448e-01,4.583745387369753121e-02,1.133710336694000870e-01,-9.351570406045376371e-01,-1.653869381908029124e-01,2.067118266483951861e-01,3.719089723497775446e-01,-5.195919103673838357e-01,-2.254995249210902941e-01
8.021378512151990936e-01,-1.874102479566100432e-02,-2.982517617820625855e-01,7.275400793602156968e-01,3.921003453915165582e-01,-7.281880858767630915e-01,3.105725684746079018e-01,3.899626103440418518e-02,4.762759490943088703e-01,7.106592090609836765e-02,-5.155309150810500896e-01,5.513401985981123410e-01,-3.058222400000000230e-01,5.331059651385287035e-01,3.500403758766478246e-01,7.418097334803239740e-01,-5.101018764516649373e-01,-4.869542427961673914e-01,1.000000000000000000e+00,1.338659286757640406e-02,2.709940998924045275e-01,-2.209491915424018904e-01,-3.333144723352098326e-01,-7.276715820692605807e-02,-8.984952443933509336e-01,-1.799937235669040181e-01,2.438137569162177332e-01,-3.037449446118793972e-01,3.600011217947384767e-01,-4.969152959823480709e-01,4.211045032034920199e-01,-4.774145995554129884e-01,-4.764740948092094364e-01,4.825301276736526646e-01,-6.525330339504724353e-02,-6.259074841970616587e-01,-7.648237463318834362e-01,5.893549957608834600e-01,4.960695585791083384e-01
-2.195092353861786139e-01,-1.734404081919678486e-01,-1.754856827277322673e-01,-4.107531203628264072e-01,-5.573804996996363226e-01,5.733304240547391073e-01,9.107582248123624602e-01,-7.454222098580473022e-01,7.828768955475970404e-02,-7.854542948835548932e-01,5.519403844287856797e-01,7.107513685040950380e-02,7.794855800000000112e-01,-4.829385539198203792e-01,-5.489068005719405230e-01,-3.276096414928423850e-01,2.886017995037377104e-01,-2.058218203305233474e-01,1.338659286757640406e-02,1.000000000000000000e+00,-6.652451632731545272e-01,1.052368945592116467e-01,-2.371287963064189763e-01,-9.111530369833559240e-01,9.566267162667750623e-02,1.701613882682045387e-01,-5.285894956530000632e-01,3.135350597341597378e-01,-7.286154713167026786e-01,-3.497752281271238606e-01,-6.815412159904422618e-01,7.698317570935183651e-01,-1.291374748498348435e-01,-1.052488205322138493e-04,6.715178928147741422e-01,2.707474326404520903e-01,1.102972819848842129e-01,2.288660427748132886e-01,-7.363106132764217771e-01
6.143029528916691406e-01,-3.072275759401789652e-01,2.687081829556026702e-01,3.217656028061197104e-01,4.640315328779958115e-01,-6.626626880455230850e-01,-4.621022758061170133e-01,8.167517110306953265e-01,-3.264330698286481702e-01,6.847557943740351094e-01,-2.438739012512228799e-01,-1.529193581994127416e-01,-8.682144199999999312e-01,4.292381173349281709e-01,9.060028256460486151e-01,9.919896854831550259e-02,-7.016384984719864493e-01,5.483582191925248095e-01,2.709940998924045275e-01,-6.652451632731545272e-01,1.000000000000000000e+00,-2.775923602157894798e-01,5.551295793969018844e-01,7.926554539234368368e-01,-4.597360510394201683e-01,-5.859210834498396192e-02,6.169498546373956005e-01,3.268453229884336203e-02,4.150361753702203615e-01,4.799047553258242171e-01,4.130557943975897151e-01,-7.180090434284223111e-01,-1.212678529513409459e-01,-4.087497732405565576e-01,-5.853231368909063148e-01,-4.042875134826676708e-01,-2.436526948616441202e-01,-8.566674641490136521e-02,5.149479590737237045e-01
-3.653517057991594319e-01,1.698238614262306267e-01,4.144309117929892428e-02,-2.450647690442980253e-01,-1.548536252871379748e-04,2.948255784568306059e-01,-1.990887468459243137e-02,-2.372634956033786990e-01,-1.191591571101703745e-01,-3.109863206508974298e-01,1.935488187048761133e-01,-3.020078191433951398e-01,2.787137799999999110e-01,-1.214671523561422772e-01,-7.926837805316337693e-02,4.707331199651177897e-03,3.924396024889671986e-01,-4.896398475144531082e-02,-2.209491915424018904e-01,1.052368945592116467e-01,-2.775923602157894798e-01,1.000000000000000000e+00,-7.953135992385594599e-02,-5.520107622493131833e-02,1.808512622581184282e-01,-5.683784018962256823e-02,-5.805698457876326546e-02,1.226007813601177610e-01,-2.943432050329551908e-01,-1.949565700115470368e-01,-1.842171073003572856e-01,2.797400746485875778e-01,-1.367066829753228463e-01,-1.264712617259346195e-02,-5.891692629647631713e-02,-5.023473615576674878e-02,-1.642486738982778388e-02,-1.610017301059280259e-01,-2.811894130788958890e-01
-1.053688716690834720e-01,-7.712818574805767324e-02,8.618504891430474046e-01,-2.668681273278739607e-01,1.762641263184978047e-01,4.020201162148408225e-02,-1.420474297973468303e-01,4.004924196499080047e-01,-3.987058688675724771e-01,6.516900468035650984e-02,4.854797187739381958e-01,-4.271845665592549635e-01,-4.335013800000000472e-01,-4.582450113879364961e-01,3.463744440321372964e-01,-4.914810609331614066e-01,-3.413204168891101897e-01,8.316002854724610094e-01,-3.333144723352098326e-01,-2.371287963064189763e-01,5.551295793969018844e-01,-7.953135992385594599e-02,1.000000000000000000e+00,4.258676830433897331e-01,2.170921922756695321e-02,-1.328568690469705826e-02,-1.544271571256733699e-01,7.474818650051165969e-01,-1.629278485966896006e-01,8.023922438751845965e-01,-3.091334909621692439e-01,-9.973729342926840324e-02,2.388688534529208873e-01,-9.072637265111267446e-01,-4.901208113977641445e-01,3.575886074832929640e-01,4.113865375444294981e-01,-7.326921567563139392e-01,4.355389570476800309e-02
2.529538665090418359e-01,4.413263484570453810e-02,2.772774136314457016e-01,3.513390358227617138e-01,6.142920531712261489e-01,-5.471768817239395233e-01,-8.715047014255107305e-01,8.366889668046870732e-01,-3.327123020776842632e-01,7.849884939086136937e-01,-4.264032344376161854e-01,-1.447862040154271057e-01,-8.459373399999999821e-01,4.803891699301569007e-01,7.327201942087983033e-01,1.628678446646967537e-01,-4.314629110589986438e-01,4.274413148534111917e-01,-7.276715820692605807e-02,-9.111530369833559240e-01,7.926554539234368368e-01,-5.520107622493131833e-02,4.258676830433897331e-01,1.000000000000000000e+00,-7.210176978939863979e-02,-1.740454579934415380e-01,6.122485971506893554e-01,-1.899479354548995469e-01,6.032142674364293633e-01,5.333704991142920182e-01,6.205442659194422284e-01,-7.572512848170469546e-01,1.785847605057263865e-01,-2.242701561027888313e-01,-7.614247396359566933e-01,-3.061832436184019346e-01,-4.963266534363904720e-02,-2.174070714853353070e-01,6.058622200673150493e-01
-8.267777204937003521e-01,1.251197225718360118e-01,2.692347375741272267e-02,-6.306202531286713153e-01,-4.384232691785089897e-01,7.534532952852683874e-01,-2.655745487116805692e-01,-2.555166726874425476e-01,-2.601352976103221137e-01,-4.175738191316934883e-02,3.631256653358277409e-01,-2.527261061216609650e-01,4.534425799999999285e-01,-4.010584404937360126e-01,-4.968504595393905543e-01,-6.655458768601379971e-01,5.958790647454459410e-01,2.338644293159747034e-01,-8.984952443933509336e-01,9.566267162667750623e-02,-4.597360510394201683e-01,1.808512622581184282e-01,2.170921922756695321e-02,-7.210176978939863979e-02,1.000000000000000000e+00,2.708872881449024272e-01,-2.122087854173223820e-01,4.229983546391912277e-03,-3.002324915395972460e-01,3.401340597129703380e-01,-2.861358655975074772e-01,5.157453496751741584e-01,6.014996978263862371e-01,-1.818923231623770231e-01,1.898324374547463445e-01,5.718648512958909302e-01,7.014291996896785397e-01,-2.638801296096723870e-01,-4.867134330759088079e-01
-1.010207458147591164e-01,-3.781003596700212577e-01,-2.330675765927723020e-01,-4.606624224853819727e-01,-2.489205356268389124e-01,4.346951898753430577e-01,5.212994982703533786e-02,-1.397877329169800453e-01,-1.577334841414499422e-01,6.015061321314785214e-02,3.841032030811072362e-01,-3.612202231679534359e-01,3.792931600000000181e-01,-1.242442454921395129e-01,-1.101003038737388140e-01,-2.900041880033633612e-01,3.923493294752587457e-01,3.273162051958635188e-01,-1.799937235669040181e-01,1.701613882682045387e-01,-5.859210834498396192e-02,-5.683784018962256823e-02,-1.328568690469705826e-02,-1.740454579934415380e-01,2.708872881449024272e-01,1.000000000000000000e+00,-3.831724976970846130e-03,8.209525649545809656e-02,-4.196629744936357098e-01,-3.411119750323188260e-02,-3.844145450403959607e-01,4.421248032601894917e-01,-4.642204908467617575e-02,-2.139664895759855190e-01,3.745122451843727607e-01,-6.552424539503148848e-02,-2.044237078199978019e-01,6.417705934506814924e-02,-3.445251223962532694e-01
5.651273768468169090e-01,-4.580416167367997171e-01,-4.919477049936207824e-01,2.925434374347733457e-01,1.887309037285615221e-01,-5.597360448020718415e-01,-5.208174103223035534e-01,6.103574384194561109e-01,-3.225585923078149175e-01,7.824629262635824922e-01,-5.518245560374105407e-01,-6.714161683998902397e-02,-5.325383000000000200e-01,8.475704226941640496e-01,7.112291613244929867e-01,2.102441005571087929e-01,-4.057799259415705295e-01,1.748827576362331215e-01,2.438137569162177332e-01,-5.285894956530000632e-01,6.169498546373956005e-01,-5.805698457876326546e-02,-1.544271571256733699e-01,6.122485971506893554e-01,-2.122087854173223820e-01,-3.831724976970846130e-03,1.000000000000000000e+00,-5.622827264177610029e-01,4.746417446458732758e-01,3.300561949244207316e-02,6.388102656537040236e-01,-5.805631979882794891e-01,-2.523298715053324814e-01,1.108774317821492744e-01,-1.223828404503153888e-01,-6.467878460349841818e-01,-3.703567299551371317e-01,4.758814589144689799e-01,2.530268279796361042e-01
-3.129861535673384987e-01,-5.865569522613137132e-02,7.410682767763897560e-01,-5.297216020693149563e-01,-1.838063076308795729e-01,4.254785287600393318e-01,4.002207252961375028e-01,-1.253841777732336293e-01,-2.745230622529633568e-01,-5.463285029036596407e-01,8.244646641763579975e-01,-5.330163291255889391e-01,1.477267799999999465e-01,-8.037211843336877770e-01,-9.442478658376689260e-02,-5.057914012064428366e-01,5.274959831672422494e-02,5.743625219507531021e-01,-3.037449446118793972e-01,3.135350597341597378e-01,3.268453229884336203e-02,1.226007813601177610e-01,7.474818650051165969e-01,-1.899479354548995469e-01,4.229983546391912277e-03,8.209525649545809656e-02,-5.622827264177610029e-01,1.000000000000000000e+00,-6.360243028356137307e-01,3.641928899350985738e-01,-7.869111773963146650e-01,4.378001699920288647e-01,-5.035716265995719004e-02,-8.033903824559149864e-01,-3.657858641813530043e-02,5.036411928070743116e-01,3.374248876142643683e-01,-7.288169350550248726e-01,-3.748813873977233091e-01
4.807421960015559881e-01,1.998908174987906738e-01,-1.525761918623408930e-01,7.849020287134037543e-01,5.910154276278164476e-01,-8.197129904305956449e-01,-5.938698961931706544e-01,5.764983404933112787e-01,3.088867236667882654e-01,7.354145732905023047e-01,-9.205378716277100581e-01,5.345860747693600423e-01,-7.534404599999999785e-01,6.934711073335323439e-01,3.044888829824558552e-01,5.897991520273204724e-01,-5.584570208972445826e-01,-2.677838318304095466e-01,3.600011217947384767e-01,-7.286154713167026786e-01,4.150361753702203615e-01,-2.943432050329551908e-01,-1.629278485966896006e-01,6.032142674364293633e-01,-3.002324915395972460e-01,-4.196629744936357098e-01,4.746417446458732758e-01,-6.360243028356137307e-01,1.000000000000000000e+00,9.630174500576753338e-02,9.314396718906566841e-01,-9.072460541181289750e-01,1.419261147918766119e-01,4.643965476239260703e-01,-4.176238756791646467e-01,-3.974533990767449287e-01,-1.436500839322933099e-01,2.534395308758082832e-01,8.653618801389472148e-01
-1.941858764794155701e-01,-2.648702451008916325e-02,6.213963340485351150e-01,-2.336611284309197678e-01,1.185976936761541645e-01,3.279460092260966242e-02,-3.989599064978119336e-01,4.216220549392936667e-01,-3.446508045466775139e-01,3.711150616641605282e-01,2.374579741263619648e-01,-2.043751209405461622e-01,-4.748130400000000195e-01,-2.736073016001635549e-01,2.339102902951152863e-01,-5.716358271900421339e-01,-3.475840650954570288e-01,7.728688547081687954e-01,-4.969152959823480709e-01,-3.497752281271238606e-01,4.799047553258242171e-01,-1.949565700115470368e-01,8.023922438751845965e-01,5.333704991142920182e-01,3.401340597129703380e-01,-3.411119750323188260e-02,3.300561949244207316e-02,3.641928899350985738e-01,9.630174500576753338e-02,1.000000000000000000e+00,-2.931401160560722155e-02,-2.102786102375489019e-01,4.757303591623614492e-01,-7.127546593926560314e-01,-4.152584859766297321e-01,3.290587506234575743e-01,6.355553305607344328e-01,-5.240316694603093239e-01,1.209441168112051351e-01
5.131502903277670447e-01,1.864429880061296563e-01,-3.092880044531686745e-01,8.182864077678788650e-01,6.023716841200006389e-01,-8.116465957168970125e-01,-6.093169337927704099e-01,5.331896082736991005e-01,2.139701270727658311e-01,7.462092355371915398e-01,-9.591929202282774014e-01,5.543376270678893603e-01,-6.878503200000000151e-01,8.567517721217230431e-01,4.402811678043108135e-01,6.390757093693343327e-01,-4.952998486926294963e-01,-3.391414020644682448e-01,4.211045032034920199e-01,-6.815412159904422618e-01,4.130557943975897151e-01,-1.842171073003572856e-01,-3.091334909621692439e-01,6.205442659194422284e-01,-2.861358655975074772e-01,-3.844145450403959607e-01,6.388102656537040236e-01,-7.869111773963146650e-01,9.314396718906566841e-01,-2.931401160560722155e-02,1.000000000000000000e+00,-8.807733437610056892e-01,1.112418649718894120e-01,5.620250664599844015e-01,-4.468076203400225821e-01,-5.513364420531297050e-01,-3.026497151063230473e-01,4.587085195530568593e-01,7.839769541098969841e-01
-6.550489724202990249e-01,-8.699779317415659574e-02,-3.679423321812103076e-02,-8.065826295214024722e-01,-7.137067687949845141e-01,9.407592617650879507e-01,5.623449829932599675e-01,-7.384445647142323654e-01,-1.217301853828428593e-01,-7.476709139124693149e-01,8.056912583559276975e-01,-3.988642113735137995e-01,9.358335399999999638e-01,-7.093545174347338778e-01,-6.442590603804965177e-01,-5.670972053693120740e-01,7.537823597167153666e-01,4.583745387369753121e-02,-4.774145995554129884e-01,7.698317570935183651e-01,-7.180090434284223111e-01,2.797400746485875778e-01,-9.973729342926840324e-02,-7.572512848170469546e-01,5.157453496751741584e-01,4.421248032601894917e-01,-5.805631979882794891e-01,4.378001699920288647e-01,-9.072460541181289750e-01,-2.102786102375489019e-01,-8.807733437610056892e-01,1.000000000000000000e+00,-2.384929793174545010e-02,-2.131109456474191699e-01,6.218514569001917236e-01,5.054373675553996970e-01,2.723771881282733842e-01,-1.819118409962874605e-01,-8.828787438444017921e-01
-4.745294577359898125e-01,3.864667923506696079e-01,3.335973094273412820e-01,-3.350024110481657734e-03,1.359772967819678491e-01,2.179201782482323990e-01,-2.888625515354059092e-01,-1.872987132095627061e-02,4.608642041937520417e-02,1.481999426138523313e-01,1.281378709194163322e-02,3.055933160515562075e-01,-7.038071999999995221e-02,-2.215794711200990696e-01,-2.323355608483924639e-01,-3.448032074473091901e-01,8.159430996701223793e-03,1.133710336694000870e-01,-4.764740948092094364e-01,-1.291374748498348435e-01,-1.212678529513409459e-01,-1.367066829753228463e-01,2.388688534529208873e-01,1.785847605057263865e-01,6.014996978263862371e-01,-4.642204908467617575e-02,-2.523298715053324814e-01,-5.035716265995719004e-02,1.419261147918766119e-01,4.757303591623614492e-01,1.112418649718894120e-01,-2.384929793174545010e-02,1.000000000000000000e+00,-9.695646232518442820e-02,-3.220086811345120870e-01,5.247617310290442205e-01,6.243770109190686091e-01,-1.732005447500073181e-01,8.030428740220804662e-02
2.023334963124624741e-01,3.469648179068363092e-01,-6.614773472675476995e-01,5.895093555271153640e-01,1.516381449649810143e-01,-3.162594620036877080e-01,-5.121121141143138156e-03,-2.574597964796766503e-01,5.893651854115251609e-01,4.744687147463390320e-02,-7.164486421273038586e-01,6.688993786330763580e-01,1.443221400000000987e-01,5.363781189230448776e-01,-2.539484681077937012e-01,7.235984019924892596e-01,1.340436646233572060e-01,-9.351570406045376371e-01,4.825301276736526646e-01,-1.052488205322138493e-04,-4.087497732405565576e-01,-1.264712617259346195e-02,-9.072637265111267446e-01,-2.242701561027888313e-01,-1.818923231623770231e-01,-2.139664895759855190e-01,1.108774317821492744e-01,-8.033903824559149864e-01,4.643965476239260703e-01,-7.127546593926560314e-01,5.620250664599844015e-01,-2.131109456474191699e-01,-9.695646232518442820e-02,1.000000000000000000e+00,1.631223987885633275e-01,-3.825426039918369270e-01,-4.337899207472816765e-01,6.601291243313834878e-01,3.362215741204331310e-01
-9.086339584468150488e-02,-4.939981015269690467e-01,-6.251797059853485550e-01,-4.717907726110878719e-01,-7.620182380763859120e-01,4.587678851238441435e-01,5.763049637775211620e-01,-5.081237955569943843e-01,7.219829446003091233e-02,-3.287068561233006392e-01,2.570415458364397887e-01,-9.904859973256260885e-02,6.967428799999999534e-01,-1.659276863831340709e-01,-5.897197960984726928e-01,-2.868998119079103071e-01,3.438852777740076805e-01,-1.653869381908029124e-01,-6.525330339504724353e-02,6.715178928147741422e-01,-5.853231368909063148e-01,-5.891692629647631713e-02,-4.901208113977641445e-01,-7.614247396359566933e-01,1.898324374547463445e-01,3.745122451843727607e-01,-1.223828404503153888e-01,-3.657858641813530043e-02,-4.176238756791646467e-01,-4.152584859766297321e-01,-4.468076203400225821e-01,6.218514569001917236e-01,-3.220086811345120870e-01,1.631223987885633275e-01,1.000000000000000000e+00,1.146695645966019084e-01,6.962816122693545051e-02,3.554973332276315512e-01,-6.532189512193703473e-01
-7.169536234030502442e-01,2.330575621966686217e-01,4.877370982488015150e-01,-5.255140064586107940e-01,-4.116491422085456486e-01,6.298017630922109200e-01,1.903833615317350736e-01,-3.804242870705410451e-01,3.788680121458964933e-02,-4.512087794078347702e-01,5.643541017055963005e-01,-1.603242968121218748e-01,3.622249600000000402e-01,-7.781779159376577271e-01,-5.777881996868261538e-01,-6.549113890514223213e-01,3.215743395292637308e-01,2.067118266483951861e-01,-6.259074841970616587e-01,2.707474326404520903e-01,-4.042875134826676708e-01,-5.023473615576674878e-02,3.575886074832929640e-01,-3.061832436184019346e-01,5.718648512958909302e-01,-6.552424539503148848e-02,-6.467878460349841818e-01,5.036411928070743116e-01,-3.974533990767449287e-01,3.290587506234575743e-01,-5.513364420531297050e-01,5.054373675553996970e-01,5.247617310290442205e-01,-3.825426039918369270e-01,1.146695645966019084e-01,1.000000000000000000e+00,7.735493847971290915e-01,-5.684658774777988643e-01,-4.041003217046366669e-01
-6.323659426221537316e-01,8.487907106650487143e-02,4.077728478007609514e-01,-4.909994375088798102e-01,-3.834896028897601394e-01,4.830865697372465073e-01,-5.478581486378963916e-02,-7.894671721423641986e-02,-1.939794198293176841e-01,-9.891154294143257586e-02,3.760871122739982697e-01,-1.020232808173122258e-01,1.099266800000000543e-01,-5.809514922468295151e-01,-4.394390946533305864e-01,-7.462366486834416390e-01,6.938651097634508658e-02,3.719089723497775446e-01,-7.648237463318834362e-01,1.102972819848842129e-01,-2.436526948616441202e-01,-1.642486738982778388e-02,4.113865375444294981e-01,-4.963266534363904720e-02,7.014291996896785397e-01,-2.044237078199978019e-01,-3.703567299551371317e-01,3.374248876142643683e-01,-1.436500839322933099e-01,6.355553305607344328e-01,-3.026497151063230473e-01,2.723771881282733842e-01,6.243770109190686091e-01,-4.337899207472816765e-01,6.962816122693545051e-02,7.735493847971290915e-01,1.000000000000000000e+00,-4.752999997922729980e-01,-3.174902134120714536e-01
5.384799122320675924e-01,-2.714533485376620647e-01,-8.377543131503684126e-01,4.363706909596176131e-01,-2.380093490356233882e-02,-3.490937047729751885e-01,2.124322869139731451e-01,-1.003173971210341853e-01,2.094361040803996987e-01,2.295274884826512263e-01,-5.412897855747517140e-01,5.797091314513926896e-01,6.413040000000003182e-02,6.935494781587236979e-01,1.028897591355255881e-01,3.744608858737217827e-01,-2.273767362479621190e-01,-5.195919103673838357e-01,5.893549957608834600e-01,2.288660427748132886e-01,-8.566674641490136521e-02,-1.610017301059280259e-01,-7.326921567563139392e-01,-2.174070714853353070e-01,-2.638801296096723870e-01,6.417705934506814924e-02,4.758814589144689799e-01,-7.288169350550248726e-01,2.534395308758082832e-01,-5.240316694603093239e-01,4.587085195530568593e-01,-1.819118409962874605e-01,-1.732005447500073181e-01,6.601291243313834878e-01,3.554973332276315512e-01,-5.684658774777988643e-01,-4.752999997922729980e-01,1.000000000000000000e+00,4.043904318520646912e-02
4.643169664020988519e-01,4.264689578550053817e-01,1.574298920624739584e-01,8.177154106148807333e-01,7.643400262901552944e-01,-8.230849156162372005e-01,-5.122148572149899382e-01,4.920422543006331972e-01,4.196857290424210185e-01,5.644844177812238240e-01,-7.422872445731973912e-01,5.000655810081513497e-01,-7.787896599999999392e-01,4.959490226317671002e-01,3.892330359364496450e-01,6.974696581671339102e-01,-5.188320476175978246e-01,-2.254995249210902941e-01,4.960695585791083384e-01,-7.363106132764217771e-01,5.149479590737237045e-01,-2.811894130788958890e-01,4.355389570476800309e-02,6.058622200673150493e-01,-4.867134330759088079e-01,-3.445251223962532694e-01,2.530268279796361042e-01,-3.748813873977233091e-01,8.653618801389472148e-01,1.209441168112051351e-01,7.839769541098969841e-01,-8.828787438444017921e-01,8.030428740220804662e-02,3.362215741204331310e-01,-6.532189512193703473e-01,-4.041003217046366669e-01,-3.174902134120714536e-01,4.043904318520646912e-02,1.000000000000000000e+00
