1.000000000000000000e+00,-1.056488833797311483e-01,6.009739792348436915e-02,1.065546229204366036e-01,-4.619487199999999794e-01,-2.564358366412123336e-01,-3.921628254605049602e-01,2.735087453186452744e-01,2.152232545337570413e-01,2.569379074577567423e-01,-8.134828113839843722e-01,6.211267098897310657e-01,-6.267621891638051890e-02,-1.131640393944745027e-01,-5.771164423639185692e-01,5.198098473180634560e-01,-2.871680550430012469e-01,-4.186058111454337705e-01,-1.403004009356229320e-01,-4.668144047637126093e-01,3.820493687655180937e-01,-7.459559820209189507e-01,-2.104071033247761346e-01,-4.430464878787803151e-01,-5.781335001857100808e-01,-1.756205881913313338e-01,5.041295793216359344e-01,5.114467787577473556e-01,5.832160714159503323e-01,3.174622992191417081e-01,-3.582910512339833597e-01,-6.323260476354217730e-01,2.660586163038038826e-02,-2.471494456697857500e-01,4.181996415778205245e-01,-1.117586043889925024e-01,3.827296533740097706e-01,3.994963957617844036e-02,-3.707293708951506228e-01
-1.056488833797311483e-01,1.000000000000000000e+00,-5.041156316210221311e-02,-3.297572219519800396e-01,1.137772800000000917e-01,6.049007235781195257e-02,-3.097057310222231519e-01,5.045953256566627909e-03,1.029793096865855642e-02,2.127079800221572670e-01,5.649181404815818430e-01,6.120887272131422252e-01,1.273665431428466256e-02,4.568323329091905083e-01,5.808922920935507550e-01,1.147552301442256312e-01,-1.505134793629563372e-01,-6.512375018516451952e-01,-6.841631014448716908e-01,5.062543482628441005e-01,-6.027762046285807251e-01,2.234315445560419999e-01,-2.459957616512933043e-01,-1.688993453108411924e-01,2.595210953562530065e-01,-3.086646936276699615e-01,4.665947905685551289e-01,-4.116018832138075845e-01,2.370601459241733766e-01,-2.812666210694357849e-01,3.722292503865778368e-01,4.308295593349435459e-01,-7.711617561447178248e-01,6.544141262606093523e-01,4.367609109607853979e-01,5.465037504732619400e-01,5.675070780687787586e-01,-6.973007645558237932e-01,4.803229538873722282e-01
6.009739792348436915e-02,-5.041156316210221311e-02,1.000000000000000000e+00,2.396371382710767162e-02,1.440753800000000862e-01,-4.586408700398363347e-01,-6.757768045304622939e-01,-2.433612354246524057e-01,1.250288640040210231e-01,1.813965042111540804e-01,-6.195143341104644014e-02,-1.227773539837893474e-01,2.785151022919529207e-01,-6.703682386638880608e-01,3.961082130864592155e-01,4.700216520384294383e-01,-4.434758691088913074e-01,-2.395789137870066865e-01,6.075165163073167202e-02,2.376672660057360664e-01,-3.258246062164238954e-01,7.184182583942858025e-02,-6.600109755389833577e-01,-3.977385416192207312e-01,-2.991143515749903337e-01,6.063145521322889087e-01,3.092345008179595012e-01,-2.270213336675201699e-01,-3.793623613186378751e-01,1.096428954255150856e-01,1.987855031831645969e-01,2.627746817385001599e-01,1.432712566963320611e-01,5.293106452783182814e-01,-6.180617455904628965e-01,5.516245706469579124e-01,-5.686197703175093210e-01,6.653771676718658323e-01,-3.394262036992044540e-01
1.065546229204366036e-01,-3.297572219519800396e-01,2.396371382710767162e-02,1.000000000000000000e+00,-8.282122600000000334e-01,-7.739790273504434381e-01,-2.926952793600685609e-01,-7.421312983902995652e-01,-6.082849747295899778e-01,-5.755443211419718486e-01,-1.245529137803681047e-01,-2.915054340893707963e-01,7.520173636494212888e-01,3.053409286019126770e-02,-3.879334332655580142e-01,-5.064953150862072651e-01,-5.615820313260880825e-01,-4.320752132913929788e-02,-3.780125648667090332e-01,1.297184028796822264e-01,7.710055754874920453e-01,-6.202320060230397392e-01,5.015866424700637927e-01,1.010687409536306092e-01,-4.328143864744710134e-02,5.307072616881831628e-01,-5.816968359387090226e-01,8.096268534287142105e-01,-3.828115991974639365e-01,9.032192747907445973e-01,-8.686353807016709005e-01,-6.683136508802858256e-01,-1.139665409181754574e-01,1.572014424889016104e-01,4.824072038640748322e-02,4.077770916501569608e-03,-2.334731929927542082e-01,4.545672225839363090e-02,-7.533703856679013766e-02
-4.619487199999999794e-01,1.137772800000000917e-01,1.440753800000000862e-01,-8.282122600000000334e-01,1.000000000000000000e+00,7.384699400000001024e-01,3.423715000000000508e-01,5.110774000000000150e-01,5.734923800000000238e-01,4.639192400000000660e-01,3.431235800000000946e-01,-1.715790000000000370e-01,-5.562076200000000137e-01,-1.673575200000000374e-01,5.636420399999999553e-01,2.891652399999999901e-01,4.876983999999999764e-01,3.947387200000000984e-01,5.846039400000000441e-01,9.878027999999994258e-02,-8.090733599999999637e-01,8.273181199999999347e-01,-4.589395800000000136e-01,-5.622607999999995609e-02,7.338906000000000596e-02,-2.812286000000000508e-01,2.760800400000000820e-01,-9.331907400000000186e-01,-5.704359999999963904e-03,-9.300706599999999380e-01,9.010696000000000261e-01,8.749100599999999339e-01,3.876042600000000338e-01,-7.512346000000003077e-02,-4.405346599999999668e-01,-6.688530000000003639e-02,-1.620689600000000397e-01,1.882998399999999961e-01,-8.612333999999999268e-02
-2.564358366412123336e-01,6.049007235781195257e-02,-4.586408700398363347e-01,-7.739790273504434381e-01,7.384699400000001024e-01,1.000000000000000000e+00,7.200827947573593679e-01,6.759850315809482479e-01,5.098211180267280263e-01,5.294950564842220153e-01,1.901550812941858182e-01,2.294014571842972403e-02,-7.600330830416018868e-01,3.181006184068461140e-01,1.975629457889560847e-01,9.620382813894136353e-03,6.519406241839746929e-01,4.158667317995954349e-01,4.605050107191825393e-01,-1.441922294084793110e-01,-4.522846185925490925e-01,6.176681369920294928e-01,-6.367683279330214885e-02,1.941216309644690774e-01,2.712306983584135134e-01,-5.550835670182659998e-01,1.051491235523679818e-01,-6.124702061417438559e-01,2.922678121591456568e-01,-8.594581710118492923e-01,6.820862563208065499e-01,5.203735182755095945e-01,2.389025742618982873e-01,-4.624161367208512452e-01,1.328468438611170588e-01,-4.067248753736728561e-01,2.736235488484639045e-01,-2.084369184092891847e-01,4.267568010106460169e-02
-3.921628254605049602e-01,-3.097057310222231519e-01,-6.757768045304622939e-01,-2.926952793600685609e-01,3.423715000000000508e-01,7.200827947573593679e-01,1.000000000000000000e+00,3.523329667343801930e-01,-4.570606411039485062e-02,-5.340030870439188559e-02,1.546912444863628444e-01,-3.216417277068708280e-01,-4.903121926072118164e-01,2.854725459346312277e-01,-1.290839396397883698e-01,-3.902119283132948757e-01,7.901170460176427657e-01,5.736382591557309674e-01,4.771108545968455461e-01,-2.024200802680600209e-01,5.101456624059169664e-02,4.476328207440349316e-01,5.567766514247117771e-01,7.094876556352509578e-01,5.099820694856497250e-01,-3.326400052606987012e-01,-4.486016192388075918e-01,-1.702206503644158320e-01,4.942894942749895271e-03,-4.005958160144695301e-01,1.849355517259409498e-01,1.205086577873589193e-01,2.807984573572402942e-01,-6.600589288476113037e-01,3.071279304994339876e-02,-5.131605494349233965e-01,4.678480264563680824e-02,-8.338740919333204049e-02,2.342265226596059735e-01
2.735087453186452744e-01,5.045953256566627909e-03,-2.433612354246524057e-01,-7.421312983902995652e-01,5.110774000000000150e-01,6.759850315809482479e-01,3.523329667343801930e-01,1.000000000000000000e+00,4.606840777111277929e-01,3.837738568913077741e-01,-3.467458492947630422e-01,4.061390405095585132e-01,-7.122213761447190317e-01,5.434849179934361958e-03,-2.088551054215939395e-01,4.959558877305753066e-01,4.609188143376709568e-01,1.771319380856459513e-01,4.905099756033852731e-01,-4.079493964977647935e-01,-2.805503760529650670e-01,2.562926461884271201e-01,-2.065379914005336937e-01,-2.247855748332842352e-01,-2.943622495718188903e-01,-7.204851929237957586e-01,5.325913088217503200e-01,-3.441169427266883574e-01,7.494996288079154301e-01,-6.829436131971575730e-01,5.101481403417739147e-01,1.539456806903183317e-01,3.812651649631513817e-01,-5.746089987730945703e-01,9.662452937223782456e-02,-4.703076519395836819e-01,4.227423021616482091e-01,-1.588313608839694510e-02,-2.874647368982247708e-01
2.152232545337570413e-01,1.029793096865855642e-02,1.250288640040210231e-01,-6.082849747295899778e-01,5.734923800000000238e-01,5.098211180267280263e-01,-4.570606411039485062e-02,4.606840777111277929e-01,1.000000000000000000e+00,6.872879238536623303e-01,-1.963216424693682571e-01,7.895394342013747901e-02,-4.110394668375851879e-01,-1.783491454790875341e-01,1.737347430643804147e-01,4.389413663716223990e-01,1.922986202179638171e-01,2.161281700516421989e-01,4.063661003097454594e-01,-3.548064453242196770e-01,-4.164908900487895860e-01,7.565150002588003075e-02,-7.351153814175575008e-01,-4.735570393533289346e-01,-4.087338987388403622e-01,-2.373893259383485499e-01,4.648877093073109923e-01,-4.862025561386717487e-01,2.002814813301109220e-01,-5.715328714650296238e-01,4.708254950882350687e-01,3.895136699870875296e-01,3.424854045943125924e-01,-1.673531723582208919e-01,-4.962039098625076888e-02,-1.276368174924392696e-01,-2.049399734268781206e-02,1.160192394495491441e-01,-3.069763071336321092e-01
2.569379074577567423e-01,2.127079800221572670e-01,1.813965042111540804e-01,-5.755443211419718486e-01,4.639192400000000660e-01,5.294950564842220153e-01,-5.340030870439188559e-02,3.837738568913077741e-01,6.872879238536623303e-01,1.000000000000000000e+00,-3.766026438667890303e-02,3.604936567726890195e-01,-5.126897768855442905e-01,1.678603141954823907e-01,3.700974143004547301e-01,3.787750426575547946e-01,-6.314258499728092611e-02,-1.619345935521047664e-01,4.604792754996494403e-02,3.284697308294587392e-02,-5.022743654350875220e-01,2.471044738358214032e-01,-6.206618265227298314e-01,-3.012174540624787400e-01,6.114042135460684424e-03,-1.385369656881083600e-01,4.964005945660488472e-01,-4.699769735405412430e-01,2.262130739981116634e-01,-5.431027360460070064e-01,6.025479840746545968e-01,4.157422381328426675e-01,-6.530722811804862138e-03,5.643938793730902959e-02,2.554264406688390721e-01,6.402342460903431842e-02,2.617060328890865595e-01,-5.569411837578319702e-02,-2.506127252866540145e-01
-8.134828113839843722e-01,5.649181404815818430e-01,-6.195143341104644014e-02,-1.245529137803681047e-01,3.431235800000000946e-01,1.901550812941858182e-01,1.546912444863628444e-01,-3.467458492947630422e-01,-1.963216424693682571e-01,-3.766026438667890303e-02,1.000000000000000000e+00,-2.403002363723008017e-01,2.153142009336420637e-01,4.340940264531823467e-01,8.083705909820901869e-01,-4.768803261264553672e-01,5.153598139277370399e-02,-4.810914805338850631e-03,-3.398483297859088426e-01,7.834942385366588935e-01,-5.413057583106850590e-01,6.543934452481483532e-01,1.199527693680188661e-01,3.356142822860181951e-01,6.787865790100671148e-01,1.185034500012960429e-01,-3.032066800420619157e-01,-5.518914126869534087e-01,-4.653040823196656350e-01,-3.050022330486490962e-01,3.660874418518003104e-01,6.979509831238173145e-01,-4.341758776856589064e-01,5.959259608043930845e-01,-6.240334660956134427e-02,3.939678397928485509e-01,-3.880366348454346304e-02,-4.104472771769511197e-01,4.778066692712462094e-01
6.211267098897310657e-01,6.120887272131422252e-01,-1.227773539837893474e-01,-2.915054340893707963e-01,-1.715790000000000370e-01,2.294014571842972403e-02,-3.216417277068708280e-01,4.061390405095585132e-01,7.895394342013747901e-02,3.604936567726890195e-01,-2.403002363723008017e-01,1.000000000000000000e+00,-3.046530724319157502e-01,3.086596814967768609e-01,-1.018728084772307224e-01,5.397794972629209598e-01,-2.010619432882405910e-01,-7.476120141743769487e-01,-4.887335971408022783e-01,-4.032689675601148355e-02,-1.820024118942743241e-01,-2.458410794099079866e-01,-2.179550608528642019e-01,-3.673833199371154823e-01,-1.583185655045158680e-01,-5.663768181623177744e-01,7.698414040177068429e-01,4.481437463778199098e-02,7.722032726984329187e-01,-1.134093265514711374e-01,1.423564568605284741e-01,-1.574879505059981755e-01,-5.060066887795177104e-01,1.113147443189226732e-01,6.703635012542710214e-01,1.528735472230776660e-01,8.395213586331554678e-01,-4.972289127520456709e-01,8.207700479618393330e-02
-6.267621891638051890e-02,1.273665431428466256e-02,2.785151022919529207e-01,7.520173636494212888e-01,-5.562076200000000137e-01,-7.600330830416018868e-01,-4.903121926072118164e-01,-7.122213761447190317e-01,-4.110394668375851879e-01,-5.126897768855442905e-01,2.153142009336420637e-01,-3.046530724319157502e-01,1.000000000000000000e+00,3.645486074632370462e-03,5.854165803697960330e-02,-4.176275458597279999e-01,-5.809119112099001558e-01,-1.083266760357270986e-01,-4.766650027368304898e-01,4.467048118886307595e-01,3.662017988908733979e-01,-4.003814103358329657e-01,2.090950930662910379e-01,-6.530761350151713385e-02,-6.889804550385245085e-02,6.081409083408193528e-01,-4.465206293838150375e-01,4.193789326760749558e-01,-4.951017398938821756e-01,6.816257443567221852e-01,-6.369908362257566958e-01,-2.530672902411841285e-01,-1.958649226301916180e-01,5.314155297328199135e-01,-1.430107774749566629e-01,3.126852025206381946e-01,-3.230357817355695160e-01,4.430094928279525168e-03,-7.669123023626726876e-02
-1.131640393944745027e-01,4.568323329091905083e-01,-6.703682386638880608e-01,3.053409286019126770e-02,-1.673575200000000374e-01,3.181006184068461140e-01,2.854725459346312277e-01,5.434849179934361958e-03,-1.783491454790875341e-01,1.678603141954823907e-01,4.340940264531823467e-01,3.086596814967768609e-01,3.645486074632370462e-03,1.000000000000000000e+00,8.484422132693303364e-02,-5.103259215402571325e-01,-1.156817775564738526e-01,-1.199756874086991831e-01,-5.620591372688789056e-01,3.943768695450938777e-01,5.706617148468590833e-02,6.337617808549736442e-02,4.544835719899875670e-01,1.870569230462514609e-01,4.832600008933855551e-01,-3.470802417280184904e-01,-2.283429245068884506e-01,7.872177146711048512e-02,2.366902358453955579e-01,-1.057629614317049382e-01,-4.624679310007262512e-02,-4.720832385811446485e-03,-5.329550579747868166e-01,7.727750456368027987e-02,7.775339178733540191e-01,-1.846525212970871188e-01,7.103728441020469297e-01,-8.808529985289198505e-01,2.184010498606396566e-01
-5.771164423639185692e-01,5.808922920935507550e-01,3.961082130864592155e-01,-3.879334332655580142e-01,5.636420399999999553e-01,1.975629457889560847e-01,-1.290839396397883698e-01,-2.088551054215939395e-01,1.737347430643804147e-01,3.700974143004547301e-01,8.083705909820901869e-01,-1.018728084772307224e-01,5.854165803697960330e-02,8.484422132693303364e-02,1.000000000000000000e+00,-2.809644240158684289e-02,-2.016153854008865057e-02,-1.917830222291969366e-01,-2.127141606311113431e-01,6.912714262344316074e-01,-8.341682976873893152e-01,6.903311036363323216e-01,-4.281117841637439581e-01,6.618124537871185320e-02,4.665923922017233827e-01,2.529125786506318252e-01,1.067336745761156280e-01,-7.920493791185422294e-01,-4.540108614378116636e-01,-4.507539521149470652e-01,6.490676210959320791e-01,8.838397291599507932e-01,-3.299476926383045350e-01,7.246463438111047095e-01,-2.348134090442988153e-01,6.480932768371905350e-01,-1.842588388616859807e-01,-8.759207479001250574e-02,2.994600105371121868e-01
5.198098473180634560e-01,1.147552301442256312e-01,4.700216520384294383e-01,-5.064953150862072651e-01,2.891652399999999901e-01,9.620382813894136353e-03,-3.902119283132948757e-01,4.959558877305753066e-01,4.389413663716223990e-01,3.787750426575547946e-01,-4.768803261264553672e-01,5.397794972629209598e-01,-4.176275458597279999e-01,-5.103259215402571325e-01,-2.809644240158684289e-02,1.000000000000000000e+00,-1.680817102229369142e-02,-3.491590721714628587e-01,2.288539456875186284e-01,-2.735972573259278784e-01,-3.977144349482791830e-01,-4.782355192318638037e-02,-6.598620092566865880e-01,-5.410102397275622366e-01,-5.399934736119580414e-01,-3.155243519348550074e-01,8.851484305468908520e-01,-2.696728865892572546e-01,4.680529506026095410e-01,-3.063754807685620807e-01,3.934553986196031028e-01,1.113656352109165804e-01,1.751292058318080491e-01,-3.739432098502445262e-02,-1.714063955327810862e-01,1.327441969430795954e-01,1.261187108121127887e-01,3.385538568635743650e-01,-2.970432396346265325e-01
-2.871680550430012469e-01,-1.505134793629563372e-01,-4.434758691088913074e-01,-5.615820313260880825e-01,4.876983999999999764e-01,6.519406241839746929e-01,7.901170460176427657e-01,4.609188143376709568e-01,1.922986202179638171e-01,-6.314258499728092611e-02,5.153598139277370399e-02,-2.010619432882405910e-01,-5.809119112099001558e-01,-1.156817775564738526e-01,-2.016153854008865057e-02,-1.680817102229369142e-02,1.000000000000000000e+00,3.787369885658316004e-01,5.646852493354290736e-01,-4.390341149273462307e-01,-2.063237072306919884e-01,4.270700927668700242e-01,1.632936849294705506e-01,5.760068518135915694e-01,3.087360457893841281e-01,-3.548974557567128874e-01,-7.883968342511148142e-02,-3.808627473765359150e-01,5.268820793533068869e-02,-4.834531717511919569e-01,3.367667034525093639e-01,2.517838058065942075e-01,2.577874630671487810e-01,-5.593689953210239096e-01,-1.544994930684389367e-01,-1.972813800669828421e-01,-8.289164339511079227e-02,8.780777501655605277e-02,4.280214640399206405e-01
-4.186058111454337705e-01,-6.512375018516451952e-01,-2.395789137870066865e-01,-4.320752132913929788e-02,3.947387200000000984e-01,4.158667317995954349e-01,5.736382591557309674e-01,1.771319380856459513e-01,2.161281700516421989e-01,-1.619345935521047664e-01,-4.810914805338850631e-03,-7.476120141743769487e-01,-1.083266760357270986e-01,-1.199756874086991831e-01,-1.917830222291969366e-01,-3.491590721714628587e-01,3.787369885658316004e-01,1.000000000000000000e+00,7.604917814242747598e-01,-2.191675019328535035e-01,1.768250529901324031e-01,2.683142663315442600e-01,2.301009808593793005e-01,1.155606690166455647e-01,-1.252960349250214211e-01,-3.965455789785987673e-02,-5.343645838204309495e-01,-1.108733305646245615e-01,-1.931057561525708344e-01,-2.833935078072044034e-01,2.880413305697276244e-02,1.298863535814294146e-01,7.849685861703024070e-01,-5.829192676678847107e-01,-4.537307745135321646e-01,-7.131246883278452575e-01,-4.276348608844960930e-01,2.974829696929880418e-01,-3.785044438395556154e-01
-1.403004009356229320e-01,-6.841631014448716908e-01,6.075165163073167202e-02,-3.780125648667090332e-01,5.846039400000000441e-01,4.605050107191825393e-01,4.771108545968455461e-01,4.905099756033852731e-01,4.063661003097454594e-01,4.604792754996494403e-02,-3.398483297859088426e-01,-4.887335971408022783e-01,-4.766650027368304898e-01,-5.620591372688789056e-01,-2.127141606311113431e-01,2.288539456875186284e-01,5.646852493354290736e-01,7.604917814242747598e-01,1.000000000000000000e+00,-5.106644167875997731e-01,-5.995014060989437704e-02,3.165071787076361165e-01,-1.326304557123552941e-01,3.254137153496831220e-02,-2.938626820813792784e-01,-1.238739313876079245e-01,-4.152171620445933159e-02,-2.865092245515786784e-01,-7.594611081234119501e-03,-4.378579051543719514e-01,3.105744345114466176e-01,1.813243801377323883e-01,9.027276923242001372e-01,-6.805382648220734687e-01,-6.296019820593172778e-01,-5.313547288720325001e-01,-4.779311312585443616e-01,6.605487113268798671e-01,-3.903237722522006070e-01
-4.668144047637126093e-01,5.062543482628441005e-01,2.376672660057360664e-01,1.297184028796822264e-01,9.878027999999994258e-02,-1.441922294084793110e-01,-2.024200802680600209e-01,-4.079493964977647935e-01,-3.548064453242196770e-01,3.284697308294587392e-02,7.834942385366588935e-01,-4.032689675601148355e-02,4.467048118886307595e-01,3.943768695450938777e-01,6.912714262344316074e-01,-2.735972573259278784e-01,-4.390341149273462307e-01,-2.191675019328535035e-01,-5.106644167875997731e-01,1.000000000000000000e+00,-3.931640974930086241e-01,4.214921376447036683e-01,9.329269255718178333e-02,4.978945037254958045e-02,4.400599976939776337e-01,2.388509462607347755e-01,-1.687896212427590914e-01,-3.080896655224081293e-01,-3.595098024118535407e-01,-7.406409019144916117e-02,1.871383567603194242e-01,4.800524713540962884e-01,-3.867046284196146710e-01,7.320206621260394453e-01,-5.281212968171569710e-02,3.982756279473498862e-01,3.788040081368239387e-02,-2.873804050399428878e-01,5.651036225119945855e-02
3.820493687655180937e-01,-6.027762046285807251e-01,-3.258246062164238954e-01,7.710055754874920453e-01,-8.090733599999999637e-01,-4.522846185925490925e-01,5.101456624059169664e-02,-2.805503760529650670e-01,-4.164908900487895860e-01,-5.022743654350875220e-01,-5.413057583106850590e-01,-1.820024118942743241e-01,3.662017988908733979e-01,5.706617148468590833e-02,-8.341682976873893152e-01,-3.977144349482791830e-01,-2.063237072306919884e-01,1.768250529901324031e-01,-5.995014060989437704e-02,-3.931640974930086241e-01,1.000000000000000000e+00,-7.515029311966453518e-01,6.064926358586927302e-01,1.361705874646579606e-01,-2.026515642643262893e-01,1.930418489513852087e-01,-5.229160275469022512e-01,9.537350361657142006e-01,1.539100056757400359e-02,7.775344375128727670e-01,-9.106750060755173237e-01,-9.259929585601118784e-01,1.418088014496476923e-01,-4.331698360472782117e-01,2.329569841895539617e-01,-4.410302508981966962e-01,-3.090519828490805379e-02,4.788751521104398640e-02,-1.919392281010010026e-01
-7.459559820209189507e-01,2.234315445560419999e-01,7.184182583942858025e-02,-6.202320060230397392e-01,8.273181199999999347e-01,6.176681369920294928e-01,4.476328207440349316e-01,2.562926461884271201e-01,7.565150002588003075e-02,2.471044738358214032e-01,6.543934452481483532e-01,-2.458410794099079866e-01,-4.003814103358329657e-01,6.337617808549736442e-02,6.903311036363323216e-01,-4.782355192318638037e-02,4.270700927668700242e-01,2.683142663315442600e-01,3.165071787076361165e-01,4.214921376447036683e-01,-7.515029311966453518e-01,1.000000000000000000e+00,-1.088704354430249654e-01,2.950849407002422709e-01,5.025107055298012604e-01,-1.027358789418135743e-01,-1.571975762469754456e-02,-8.477730113113280952e-01,-2.101703031971165758e-01,-7.572279752720593171e-01,8.229134336069041655e-01,8.636977315994009974e-01,9.383391565133394896e-02,1.239323387174005170e-01,-3.766116302730787568e-01,9.765173231603473114e-02,-1.421146753889030445e-01,4.670227250574136846e-02,1.800882391707927244e-01
-2.104071033247761346e-01,-2.459957616512933043e-01,-6.600109755389833577e-01,5.015866424700637927e-01,-4.589395800000000136e-01,-6.367683279330214885e-02,5.567766514247117771e-01,-2.065379914005336937e-01,-7.351153814175575008e-01,-6.206618265227298314e-01,1.199527693680188661e-01,-2.179550608528642019e-01,2.090950930662910379e-01,4.544835719899875670e-01,-4.281117841637439581e-01,-6.598620092566865880e-01,1.632936849294705506e-01,2.301009808593793005e-01,-1.326304557123552941e-01,9.329269255718178333e-02,6.064926358586927302e-01,-1.088704354430249654e-01,1.000000000000000000e+00,6.439808688389634383e-01,4.379588169534151532e-01,-8.237104840290426777e-02,-7.064345571246590794e-01,5.243996967506251439e-01,-6.522386480196659675e-02,3.654703727984046080e-01,-5.389427583544783573e-01,-4.622529120050682949e-01,-7.934390485069614529e-02,-3.371735387014419549e-01,2.377586838068856678e-01,-3.914703655302835816e-01,1.602172283931026786e-01,-2.905355589773067626e-01,2.293156142852899315e-01
-4.430464878787803151e-01,-1.688993453108411924e-01,-3.977385416192207312e-01,1.010687409536306092e-01,-5.622607999999995609e-02,1.941216309644690774e-01,7.094876556352509578e-01,-2.247855748332842352e-01,-4.735570393533289346e-01,-3.012174540624787400e-01,3.356142822860181951e-01,-3.673833199371154823e-01,-6.530761350151713385e-02,1.870569230462514609e-01,6.618124537871185320e-02,-5.410102397275622366e-01,5.760068518135915694e-01,1.155606690166455647e-01,3.254137153496831220e-02,4.978945037254958045e-02,1.361705874646579606e-01,2.950849407002422709e-01,6.439808688389634383e-01,1.000000000000000000e+00,8.267044666685340326e-01,1.923927342674813246e-01,-6.100353786950279966e-01,3.260686728465664319e-02,-4.428252610472106499e-01,1.068315425992555356e-01,-9.027617777858260029e-02,-5.848088488334513002e-03,-1.644997566729693717e-01,-1.773048355203155069e-01,-5.133111346208060581e-03,9.929065169842495042e-02,-1.814507854539900156e-01,-6.370070933877451311e-03,6.245066202544411471e-01
-5.781335001857100808e-01,2.595210953562530065e-01,-2.991143515749903337e-01,-4.328143864744710134e-02,7.338906000000000596e-02,2.712306983584135134e-01,5.099820694856497250e-01,-2.943622495718188903e-01,-4.087338987388403622e-01,6.114042135460684424e-03,6.787865790100671148e-01,-1.583185655045158680e-01,-6.889804550385245085e-02,4.832600008933855551e-01,4.665923922017233827e-01,-5.399934736119580414e-01,3.087360457893841281e-01,-1.252960349250214211e-01,-2.938626820813792784e-01,4.400599976939776337e-01,-2.026515642643262893e-01,5.025107055298012604e-01,4.379588169534151532e-01,8.267044666685340326e-01,1.000000000000000000e+00,1.699265117925792823e-01,-4.416447277037411356e-01,-2.237039955415336401e-01,-4.328177591774903243e-01,-8.022954732054082827e-02,1.892422653313133585e-01,3.062145581190162669e-01,-5.002635372252769441e-01,2.235557237428639488e-01,1.875050612120172100e-01,3.284926639482454447e-01,3.856631145939320993e-02,-3.053595461535880684e-01,6.776849904267043812e-01
-1.756205881913313338e-01,-3.086646936276699615e-01,6.063145521322889087e-01,5.307072616881831628e-01,-2.812286000000000508e-01,-5.550835670182659998e-01,-3.326400052606987012e-01,-7.204851929237957586e-01,-2.373893259383485499e-01,-1.385369656881083600e-01,1.185034500012960429e-01,-5.663768181623177744e-01,6.081409083408193528e-01,-3.470802417280184904e-01,2.529125786506318252e-01,-3.155243519348550074e-01,-3.548974557567128874e-01,-3.965455789785987673e-02,-1.238739313876079245e-01,2.388509462607347755e-01,1.930418489513852087e-01,-1.027358789418135743e-01,-8.237104840290426777e-02,1.923927342674813246e-01,1.699265117925792823e-01,1.000000000000000000e+00,-4.619559307222176336e-01,1.924660160841930867e-01,-8.270208941125180013e-01,5.696176594316932906e-01,-3.099986628237340058e-01,-5.344532022956782757e-02,-2.255925876418003392e-02,4.482078119522805992e-01,-4.199663184667186133e-01,4.984592603718510651e-01,-7.451399165559251525e-01,5.106168243447163357e-01,-1.643318040845764480e-02
5.041295793216359344e-01,4.665947905685551289e-01,3.092345008179595012e-01,-5.816968359387090226e-01,2.760800400000000820e-01,1.051491235523679818e-01,-4.486016192388075918e-01,5.325913088217503200e-01,4.648877093073109923e-01,4.964005945660488472e-01,-3.032066800420619157e-01,7.698414040177068429e-01,-4.465206293838150375e-01,-2.283429245068884506e-01,1.067336745761156280e-01,8.851484305468908520e-01,-7.883968342511148142e-02,-5.343645838204309495e-01,-4.152171620445933159e-02,-1.687896212427590914e-01,-5.229160275469022512e-01,-1.571975762469754456e-02,-7.064345571246590794e-01,-6.100353786950279966e-01,-4.416447277037411356e-01,-4.619559307222176336e-01,1.000000000000000000e+00,-3.458305490703622587e-01,6.291672777004967410e-01,-3.942938629535010508e-01,4.920938182173955067e-01,1.955226016773886355e-01,-1.179158209066202972e-01,1.262841558318719137e-01,1.379192642629912258e-01,2.331273679213387295e-01,4.160040162022954346e-01,-2.907549753045257299e-02,-1.130255193955883308e-01
5.114467787577473556e-01,-4.116018832138075845e-01,-2.270213336675201699e-01,8.096268534287142105e-01,-9.331907400000000186e-01,-6.124702061417438559e-01,-1.702206503644158320e-01,-3.441169427266883574e-01,-4.862025561386717487e-01,-4.699769735405412430e-01,-5.518914126869534087e-01,4.481437463778199098e-02,4.193789326760749558e-01,7.872177146711048512e-02,-7.920493791185422294e-01,-2.696728865892572546e-01,-3.808627473765359150e-01,-1.108733305646245615e-01,-2.865092245515786784e-01,-3.080896655224081293e-01,9.537350361657142006e-01,-8.477730113113280952e-01,5.243996967506251439e-01,3.260686728465664319e-02,-2.237039955415336401e-01,1.924660160841930867e-01,-3.458305490703622587e-01,1.000000000000000000e+00,8.929797826931659688e-02,8.690275219809108220e-01,-9.289149013897020080e-01,-9.718617024023904483e-01,-7.011255092124692168e-02,-2.440958526198693523e-01,3.479327302445462400e-01,-2.548325914787256674e-01,9.841824976133133063e-02,-3.577228705818029375e-02,-1.339398291164904387e-01
5.832160714159503323e-01,2.370601459241733766e-01,-3.793623613186378751e-01,-3.828115991974639365e-01,-5.704359999999963904e-03,2.922678121591456568e-01,4.942894942749895271e-03,7.494996288079154301e-01,2.002814813301109220e-01,2.262130739981116634e-01,-4.653040823196656350e-01,7.722032726984329187e-01,-4.951017398938821756e-01,2.366902358453955579e-01,-4.540108614378116636e-01,4.680529506026095410e-01,5.268820793533068869e-02,-1.931057561525708344e-01,-7.594611081234119501e-03,-3.595098024118535407e-01,1.539100056757400359e-02,-2.101703031971165758e-01,-6.522386480196659675e-02,-4.428252610472106499e-01,-4.328177591774903243e-01,-8.270208941125180013e-01,6.291672777004967410e-01,8.929797826931659688e-02,1.000000000000000000e+00,-2.984229959861339210e-01,1.232854290909082273e-01,-2.489083044607069972e-01,1.890940299875373690e-03,-4.195910689892444756e-01,5.330746990509427352e-01,-4.338843354048118051e-01,8.015038834716352589e-01,-3.978354696797761769e-01,-2.156954611455646764e-01
3.174622992191417081e-01,-2.812666210694357849e-01,1.096428954255150856e-01,9.032192747907445973e-01,-9.300706599999999380e-01,-8.594581710118492923e-01,-4.005958160144695301e-01,-6.829436131971575730e-01,-5.715328714650296238e-01,-5.431027360460070064e-01,-3.050022330486490962e-01,-1.134093265514711374e-01,6.816257443567221852e-01,-1.057629614317049382e-01,-4.507539521149470652e-01,-3.063754807685620807e-01,-4.834531717511919569e-01,-2.833935078072044034e-01,-4.378579051543719514e-01,-7.406409019144916117e-02,7.775344375128727670e-01,-7.572279752720593171e-01,3.654703727984046080e-01,1.068315425992555356e-01,-8.022954732054082827e-02,5.696176594316932906e-01,-3.942938629535010508e-01,8.690275219809108220e-01,-2.984229959861339210e-01,1.000000000000000000e+00,-8.983454372739385629e-01,-7.826669086135418230e-01,-2.410515621491256533e-01,1.621819971087253565e-01,1.152829590682152017e-01,1.941256752858640522e-01,-2.058147192942089421e-01,1.112039148592455229e-01,5.547211186808412298e-02
-3.582910512339833597e-01,3.722292503865778368e-01,1.987855031831645969e-01,-8.686353807016709005e-01,9.010696000000000261e-01,6.820862563208065499e-01,1.849355517259409498e-01,5.101481403417739147e-01,4.708254950882350687e-01,6.025479840746545968e-01,3.660874418518003104e-01,1.423564568605284741e-01,-6.369908362257566958e-01,-4.624679310007262512e-02,6.490676210959320791e-01,3.934553986196031028e-01,3.367667034525093639e-01,2.880413305697276244e-02,3.105744345114466176e-01,1.871383567603194242e-01,-9.106750060755173237e-01,8.229134336069041655e-01,-5.389427583544783573e-01,-9.027617777858260029e-02,1.892422653313133585e-01,-3.099986628237340058e-01,4.920938182173955067e-01,-9.289149013897020080e-01,1.232854290909082273e-01,-8.983454372739385629e-01,1.000000000000000000e+00,8.618477708485641209e-01,6.544224108378431104e-02,1.127781581829802870e-01,-2.130849513550445717e-01,1.540993202533387507e-01,6.721174828210836616e-02,3.414157102126424981e-02,5.596531984339749022e-02
-6.323260476354217730e-01,4.308295593349435459e-01,2.627746817385001599e-01,-6.683136508802858256e-01,8.749100599999999339e-01,5.203735182755095945e-01,1.205086577873589193e-01,1.539456806903183317e-01,3.895136699870875296e-01,4.157422381328426675e-01,6.979509831238173145e-01,-1.574879505059981755e-01,-2.530672902411841285e-01,-4.720832385811446485e-03,8.838397291599507932e-01,1.113656352109165804e-01,2.517838058065942075e-01,1.298863535814294146e-01,1.813243801377323883e-01,4.800524713540962884e-01,-9.259929585601118784e-01,8.636977315994009974e-01,-4.622529120050682949e-01,-5.848088488334513002e-03,3.062145581190162669e-01,-5.344532022956782757e-02,1.955226016773886355e-01,-9.718617024023904483e-01,-2.489083044607069972e-01,-7.826669086135418230e-01,8.618477708485641209e-01,1.000000000000000000e+00,8.108091119063728924e-03,3.842280958672332769e-01,-3.690974444942751731e-01,3.077357359762241673e-01,-1.672608631767689147e-01,-2.911517751575776192e-03,1.401681769320833881e-01
2.660586163038038826e-02,-7.711617561447178248e-01,1.432712566963320611e-01,-1.139665409181754574e-01,3.876042600000000338e-01,2.389025742618982873e-01,2.807984573572402942e-01,3.812651649631513817e-01,3.424854045943125924e-01,-6.530722811804862138e-03,-4.341758776856589064e-01,-5.060066887795177104e-01,-1.958649226301916180e-01,-5.329550579747868166e-01,-3.299476926383045350e-01,1.751292058318080491e-01,2.577874630671487810e-01,7.849685861703024070e-01,9.027276923242001372e-01,-3.867046284196146710e-01,1.418088014496476923e-01,9.383391565133394896e-02,-7.934390485069614529e-02,-1.644997566729693717e-01,-5.002635372252769441e-01,-2.255925876418003392e-02,-1.179158209066202972e-01,-7.011255092124692168e-02,1.890940299875373690e-03,-2.410515621491256533e-01,6.544224108378431104e-02,8.108091119063728924e-03,1.000000000000000000e+00,-6.257323877803546708e-01,-6.202126678515824665e-01,-6.299790199671438939e-01,-4.817360627540975826e-01,6.722856017045090171e-01,-6.800297427081725132e-01
-2.471494456697857500e-01,6.544141262606093523e-01,5.293106452783182814e-01,1.572014424889016104e-01,-7.512346000000003077e-02,-4.624161367208512452e-01,-6.600589288476113037e-01,-5.746089987730945703e-01,-1.673531723582208919e-01,5.643938793730902959e-02,5.959259608043930845e-01,1.113147443189226732e-01,5.314155297328199135e-01,7.727750456368027987e-02,7.246463438111047095e-01,-3.739432098502445262e-02,-5.593689953210239096e-01,-5.829192676678847107e-01,-6.805382648220734687e-01,7.320206621260394453e-01,-4.331698360472782117e-01,1.239323387174005170e-01,-3.371735387014419549e-01,-1.773048355203155069e-01,2.235557237428639488e-01,4.482078119522805992e-01,1.262841558318719137e-01,-2.440958526198693523e-01,-4.195910689892444756e-01,1.621819971087253565e-01,1.127781581829802870e-01,3.842280958672332769e-01,-6.257323877803546708e-01,1.000000000000000000e+00,-4.259398788817970322e-02,8.254347517076431329e-01,-9.062910192689149769e-02,-1.802947420889402796e-01,2.608607344512475223e-01
4.181996415778205245e-01,4.367609109607853979e-01,-6.180617455904628965e-01,4.824072038640748322e-02,-4.405346599999999668e-01,1.328468438611170588e-01,3.071279304994339876e-02,9.662452937223782456e-02,-4.962039098625076888e-02,2.554264406688390721e-01,-6.240334660956134427e-02,6.703635012542710214e-01,-1.430107774749566629e-01,7.775339178733540191e-01,-2.348134090442988153e-01,-1.714063955327810862e-01,-1.544994930684389367e-01,-4.537307745135321646e-01,-6.296019820593172778e-01,-5.281212968171569710e-02,2.329569841895539617e-01,-3.766116302730787568e-01,2.377586838068856678e-01,-5.133111346208060581e-03,1.875050612120172100e-01,-4.199663184667186133e-01,1.379192642629912258e-01,3.479327302445462400e-01,5.330746990509427352e-01,1.152829590682152017e-01,-2.130849513550445717e-01,-3.690974444942751731e-01,-6.202126678515824665e-01,-4.259398788817970322e-02,1.000000000000000000e+00,-9.363807611735046332e-02,8.578342442580183524e-01,-8.187585493476058351e-01,2.581246495437848898e-01
-1.117586043889925024e-01,5.465037504732619400e-01,5.516245706469579124e-01,4.077770916501569608e-03,-6.688530000000003639e-02,-4.067248753736728561e-01,-5.131605494349233965e-01,-4.703076519395836819e-01,-1.276368174924392696e-01,6.402342460903431842e-02,3.939678397928485509e-01,1.528735472230776660e-01,3.126852025206381946e-01,-1.846525212970871188e-01,6.480932768371905350e-01,1.327441969430795954e-01,-1.972813800669828421e-01,-7.131246883278452575e-01,-5.313547288720325001e-01,3.982756279473498862e-01,-4.410302508981966962e-01,9.765173231603473114e-02,-3.914703655302835816e-01,9.929065169842495042e-02,3.284926639482454447e-01,4.984592603718510651e-01,2.331273679213387295e-01,-2.548325914787256674e-01,-4.338843354048118051e-01,1.941256752858640522e-01,1.540993202533387507e-01,3.077357359762241673e-01,-6.299790199671438939e-01,8.254347517076431329e-01,-9.363807611735046332e-02,1.000000000000000000e+00,-2.026768719009124642e-01,4.131282787750335111e-02,5.203339347369938528e-01
3.827296533740097706e-01,5.675070780687787586e-01,-5.686197703175093210e-01,-2.334731929927542082e-01,-1.620689600000000397e-01,2.736235488484639045e-01,4.678480264563680824e-02,4.227423021616482091e-01,-2.049399734268781206e-02,2.617060328890865595e-01,-3.880366348454346304e-02,8.395213586331554678e-01,-3.230357817355695160e-01,7.103728441020469297e-01,-1.842588388616859807e-01,1.261187108121127887e-01,-8.289164339511079227e-02,-4.276348608844960930e-01,-4.779311312585443616e-01,3.788040081368239387e-02,-3.090519828490805379e-02,-1.421146753889030445e-01,1.602172283931026786e-01,-1.814507854539900156e-01,3.856631145939320993e-02,-7.451399165559251525e-01,4.160040162022954346e-01,9.841824976133133063e-02,8.015038834716352589e-01,-2.058147192942089421e-01,6.721174828210836616e-02,-1.672608631767689147e-01,-4.817360627540975826e-01,-9.062910192689149769e-02,8.578342442580183524e-01,-2.026768719009124642e-01,1.000000000000000000e+00,-8.083088015947489380e-01,1.153525847141301242e-01
3.994963957617844036e-02,-6.973007645558237932e-01,6.653771676718658323e-01,4.545672225839363090e-02,1.882998399999999961e-01,-2.084369184092891847e-01,-8.338740919333204049e-02,-1.588313608839694510e-02,1.160192394495491441e-01,-5.569411837578319702e-02,-4.104472771769511197e-01,-4.972289127520456709e-01,4.430094928279525168e-03,-8.808529985289198505e-01,-8.759207479001250574e-02,3.385538568635743650e-01,8.780777501655605277e-02,2.974829696929880418e-01,6.605487113268798671e-01,-2.873804050399428878e-01,4.788751521104398640e-02,4.670227250574136846e-02,-2.905355589773067626e-01,-6.370070933877451311e-03,-3.053595461535880684e-01,5.106168243447163357e-01,-2.907549753045257299e-02,-3.577228705818029375e-02,-3.978354696797761769e-01,1.112039148592455229e-01,3.414157102126424981e-02,-2.911517751575776192e-03,6.722856017045090171e-01,-1.802947420889402796e-01,-8.187585493476058351e-01,4.131282787750335111e-02,-8.083088015947489380e-01,1.000000000000000000e+00,-4.001324449510784698e-01
-3.707293708951506228e-01,4.803229538873722282e-01,-3.394262036992044540e-01,-7.533703856679013766e-02,-8.612333999999999268e-02,4.267568010106460169e-02,2.342265226596059735e-01,-2.874647368982247708e-01,-3.069763071336321092e-01,-2.506127252866540145e-01,4.778066692712462094e-01,8.207700479618393330e-02,-7.669123023626726876e-02,2.184010498606396566e-01,2.994600105371121868e-01,-2.970432396346265325e-01,4.280214640399206405e-01,-3.785044438395556154e-01,-3.903237722522006070e-01,5.651036225119945855e-02,-1.919392281010010026e-01,1.800882391707927244e-01,2.293156142852899315e-01,6.245066202544411471e-01,6.776849904267043812e-01,-1.643318040845764480e-02,-1.130255193955883308e-01,-1.339398291164904387e-01,-2.156954611455646764e-01,5.547211186808412298e-02,5.596531984339749022e-02,1.401681769320833881e-01,-6.800297427081725132e-01,2.608607344512475223e-01,2.581246495437848898e-01,5.203339347369938528e-01,1.153525847141301242e-01,-4.001324449510784698e-01,1.000000000000000000e+00
