1.000000000000000000e+00,1.943408889203037393e-01,1.804075827304225388e-01,-2.570309989487986058e-01,-7.368002184902036067e-01,-3.390455810612905130e-02,1.950288870181569878e-01,-3.036227467687978021e-01,-7.724271682624985758e-01,-1.227398330771871104e-01,7.172384021433932944e-01,3.735440001862782022e-01,2.230400051160068287e-01,1.108355249936071041e-01,6.703306998680763629e-01,-4.187303182622462705e-01,3.611303964542716405e-01,-6.278386950755189544e-02,3.965700712981032883e-01,-5.626443505615493779e-01,-5.488122045681862460e-01,1.348556736528410682e-01,-4.669534183533534111e-01,1.922989614547515602e-01,-7.437130373398284089e-01,-8.128355930254708983e-02,7.943704115311728264e-01,-3.249690895452821970e-01,6.722333651515076669e-01,1.183860672549883891e-01,6.098795075736593851e-01,5.937998205637291527e-01,7.674195816525534175e-01,-7.936562727042189014e-01,2.805012828679964154e-01,6.845416309033964808e-01,-4.751885705140291849e-01,-4.544297775983807686e-01,-6.965339999999997644e-02
1.943408889203037393e-01,1.000000000000000000e+00,2.258620283689357078e-01,-9.170659184059172242e-01,-7.327907988979207032e-02,8.636947740831807385e-02,-8.815458417819370396e-02,-4.916964900673906902e-01,-2.457972383902884972e-01,-3.174137862312643721e-01,1.962929462845782458e-01,-3.060276752569285330e-01,2.011582141863923201e-01,-5.456976772352120086e-01,-2.023369871900651887e-02,4.679859880513781989e-01,7.087290123741513993e-03,-3.314880725893780133e-01,8.191421546086653516e-01,3.665659248529934411e-03,3.884325123014801262e-01,7.910534179337382898e-01,-9.477441192252560043e-02,4.788946537565711981e-01,-6.443441381498709042e-01,-3.224216295659931286e-01,4.133289322414648859e-01,4.958106370042871802e-01,1.958602984214787013e-01,-6.059352713166138438e-01,-1.941194961763329785e-01,-9.836389692167528398e-02,2.859639295759063282e-01,-2.622049584032283276e-01,-4.275132264781094094e-01,6.150247114122689984e-01,3.954591156548378228e-01,4.465980449260944507e-01,6.215230000000000476e-01
1.804075827304225388e-01,2.258620283689357078e-01,1.000000000000000000e+00,-2.716488340183828565e-01,-4.187668656632763109e-01,-3.782643176759211134e-01,2.166694765088550689e-01,8.999087993527001006e-02,-1.767076899254516331e-01,2.520736844970868362e-01,5.373953243605161800e-01,-4.766834289736537889e-01,1.647549326208600506e-01,4.610505212965901323e-01,5.221122010823108228e-01,-2.537808146394639475e-01,2.959963306730080679e-01,4.432509499739261533e-02,1.234160161999983407e-01,-4.345932497664517502e-01,1.119990020840181677e-01,-1.877074475452987501e-02,-3.022307461399438844e-01,5.536077798091192381e-01,3.604999718473451964e-02,-6.097552806490883492e-01,4.512865031096727764e-01,2.444079962632756103e-03,4.982117763086930939e-02,-1.829078343461133516e-01,3.231171747896663948e-01,2.204094973964977056e-01,-4.220699547243585842e-02,-4.043789547504046400e-01,-2.529868744210471698e-01,3.240714860211985626e-01,-1.696008368531589650e-01,1.407152564488230173e-01,1.126949799999998891e-01
-2.570309989487986058e-01,-9.170659184059172242e-01,-2.716488340183828565e-01,1.000000000000000000e+00,-2.300283154217105941e-02,-2.596614358988308946e-01,2.971477771095942799e-01,7.304925913827871042e-01,1.787024821339010527e-01,3.164306321413241085e-01,-2.802816474223851495e-01,3.173180648979231355e-01,4.554481490102729735e-02,4.571547600080447249e-01,4.525850709925725857e-02,-5.477679933911124843e-01,-1.625548157117787107e-01,5.322792574000373422e-01,-7.608736308709275198e-01,-9.561880684231575944e-02,-3.967190058821999932e-01,-6.806806511008393068e-01,4.985864108948529633e-02,-6.923909461541855048e-01,6.281368036485982520e-01,3.809892150377247044e-01,-3.778291091280459035e-01,-6.636860257862805534e-01,-2.767663892950554261e-01,7.875300983144215561e-01,2.635555508283177195e-01,2.353234722054906858e-01,-2.164869335228495340e-01,2.245680954099742443e-01,6.373803756367069084e-01,-5.583525631095269670e-01,-4.843990308772452846e-01,-5.549087329726019036e-01,-8.025794800000000118e-01
-7.368002184902036067e-01,-7.327907988979207032e-02,-4.187668656632763109e-01,-2.300283154217105941e-02,1.000000000000000000e+00,5.245599003443743857e-01,-4.620681309835188433e-01,-3.124457938494777931e-01,8.533105635282782764e-01,-3.853508794319773778e-01,-8.190985100145861120e-01,-3.307786982100524575e-01,-4.524441016984914743e-01,-4.342195393128325809e-01,-8.407673777343160904e-01,7.981847953090018821e-01,-3.018056194405171477e-01,-3.821563544850387628e-01,-3.000721078632750394e-01,8.523160365355185730e-01,4.814903154471756319e-01,7.738978741494674518e-02,5.954957555147594173e-01,-5.502027043776427234e-02,4.592962819072754499e-01,3.081972735207806346e-01,-8.881256767101493033e-01,6.888381312525555522e-01,-5.536497872215050409e-01,-4.257429932453911658e-01,-9.349868500839211283e-01,-8.589332688631170498e-01,-5.935299453252227408e-01,9.293362271935413643e-01,-5.409438936645156737e-01,-6.549961257865728470e-01,8.311786151843655324e-01,6.660598549164179483e-01,4.491432600000000441e-01
-3.390455810612905130e-02,8.636947740831807385e-02,-3.782643176759211134e-01,-2.596614358988308946e-01,5.245599003443743857e-01,1.000000000000000000e+00,-6.093158972707504173e-01,-5.795085321541648682e-01,2.055624038970607914e-01,-2.841651729434847562e-01,-3.301232054321376341e-01,-2.559853133825429339e-02,-3.987675890628026854e-01,-5.520336107792991331e-01,-3.671617990638001983e-01,6.665079584040514149e-01,-2.136624066206970762e-01,-4.546433831281421201e-01,2.523066006733327704e-01,2.163902582318418255e-01,2.270472727678282676e-01,2.123294573771309923e-01,-1.396120373157443140e-01,2.393045350419399642e-01,-1.829395469902914961e-01,2.337988731950682020e-01,-3.050608194777604254e-01,6.416493700623527863e-01,3.522418047260606616e-02,-5.463191283854114122e-01,-5.207874059069165229e-01,-5.197766421395074721e-01,-1.962546847197921829e-01,3.056499671193562140e-01,-5.089737359835080355e-01,6.475771904644465893e-02,6.352216266560778424e-01,2.636814096619681802e-01,6.066847200000000662e-01
1.950288870181569878e-01,-8.815458417819370396e-02,2.166694765088550689e-01,2.971477771095942799e-01,-4.620681309835188433e-01,-6.093158972707504173e-01,1.000000000000000000e+00,5.852120521131152220e-01,-1.498996251600301088e-01,-2.741633142972286358e-02,1.388314782951390047e-01,-2.570682500898046063e-01,8.915079427855698846e-01,1.731484186753678989e-01,4.642961965606394181e-01,-4.340698018011994730e-01,-3.440607601103883306e-01,6.845358984839430283e-01,-2.642435327048022753e-01,-4.242453739865487683e-01,-9.100505440582415395e-02,2.231003377003041577e-01,-1.058749261605592129e-01,-5.629337412580976974e-01,1.397238405544053708e-01,2.002583023940981144e-01,1.410866288292950133e-01,-6.603788212880108421e-01,-3.909197329150680966e-01,6.400227975844914319e-01,3.255968671541447090e-01,7.213761155540314718e-01,3.970122110759649603e-01,-1.698870728845763844e-01,6.841660153760482643e-01,1.258247206255294071e-01,-3.794119147425343286e-01,-3.017207903078414910e-01,-6.923428200000000254e-01
-3.036227467687978021e-01,-4.916964900673906902e-01,8.999087993527001006e-02,7.304925913827871042e-01,-3.124457938494777931e-01,-5.795085321541648682e-01,5.852120521131152220e-01,1.000000000000000000e+00,-3.632823538837100935e-02,5.723257117587055021e-01,-8.039591253095945689e-02,3.573912426736192138e-02,4.494355678394972853e-01,3.936878377967240605e-01,2.458057630528500959e-01,-6.122469045510687824e-01,-2.759884932400513136e-01,7.615069421050607579e-01,-4.151572422927737871e-01,-4.261925656793619233e-01,-1.004903528057623230e-01,-3.810564879718988385e-01,-1.847111948798506598e-01,-5.785279598753312325e-01,5.197258670496327504e-01,1.162484218259143554e-01,-7.246850263311395424e-02,-7.270199999720411421e-01,-3.360768371694889955e-01,7.437696036562104762e-01,4.344598676977737828e-01,4.957143511524189083e-01,-1.806766307703924768e-01,-3.859122431929506991e-02,6.546849990385850138e-01,-1.982620298523342928e-01,-5.529743763256825817e-01,-4.910111373212338037e-01,-8.152403799999999867e-01
-7.724271682624985758e-01,-2.457972383902884972e-01,-1.767076899254516331e-01,1.787024821339010527e-01,8.533105635282782764e-01,2.055624038970607914e-01,-1.498996251600301088e-01,-3.632823538837100935e-02,1.000000000000000000e+00,-2.663087061125810062e-01,-7.254049079869711036e-01,-4.236531182507165538e-01,-2.102881119256919118e-01,-2.106869983152842296e-01,-7.552654032287969832e-01,5.831846469196924065e-01,-3.130246002270581918e-01,-6.173779787169907801e-02,-6.090358180424034762e-01,6.978603920053173537e-01,4.275592196379023879e-01,-3.294403415466456292e-02,4.982156209575928085e-01,-1.982944735984458196e-01,7.669039663768549842e-01,9.655558068251737791e-02,-8.975912157491364729e-01,4.585086626513962815e-01,-8.084930780406021089e-01,-2.328874857566933243e-01,-7.605816138442078600e-01,-7.009963161095724704e-01,-6.761900781979580666e-01,8.867751229887461673e-01,-4.045492218430996600e-01,-6.786066018252376875e-01,6.222013190325360599e-01,5.686526484552376637e-01,1.805467000000000599e-01
-1.227398330771871104e-01,-3.174137862312643721e-01,2.520736844970868362e-01,3.164306321413241085e-01,-3.853508794319773778e-01,-2.841651729434847562e-01,-2.741633142972286358e-02,5.723257117587055021e-01,-2.663087061125810062e-01,1.000000000000000000e+00,3.567429784962707351e-01,1.693325690572457520e-01,-5.972647975596739878e-02,5.018350566881024655e-01,3.408434577824721590e-01,-5.412375239959641426e-01,8.041033812389378199e-02,4.282896807035966313e-01,-1.403340426080323944e-02,-4.988705414056952003e-01,7.216460238373320624e-02,-5.171868509877657338e-01,-3.508301489116399385e-01,7.378200953389912886e-02,2.301203814719390839e-01,-2.850761129881568268e-01,2.288084090714375407e-01,-4.004499490542177131e-01,1.922696179663452576e-01,2.612676339721523022e-01,5.433129493365658202e-01,2.863171641675436030e-01,-2.420389146460244778e-01,-3.166321061567275441e-01,1.981701771716239402e-01,3.284602793459161924e-02,-5.297782250758280576e-01,-4.295759820265174778e-01,-3.478063999999999600e-01
7.172384021433932944e-01,1.962929462845782458e-01,5.373953243605161800e-01,-2.802816474223851495e-01,-8.190985100145861120e-01,-3.301232054321376341e-01,1.388314782951390047e-01,-8.039591253095945689e-02,-7.254049079869711036e-01,3.567429784962707351e-01,1.000000000000000000e+00,2.000149261255373956e-01,1.219060291281490738e-01,4.630110082779917424e-01,7.093116255626755740e-01,-5.341119027369993777e-01,5.464104915068450641e-01,7.596570216164832967e-02,3.569897168384401631e-01,-6.511031376336500198e-01,-3.183066435127088201e-01,-7.228471972175865012e-02,-4.466549616575700155e-01,4.926860502010014242e-01,-4.844307436898907526e-01,-5.538906559985236067e-01,8.744065603787797292e-01,-2.906142267623603170e-01,6.442651487301590540e-01,-2.350345511431273932e-02,7.468161850338627117e-01,6.180091923271470167e-01,4.479791377923809104e-01,-8.754442914715574453e-01,1.026124237835895070e-01,6.464853478662703212e-01,-5.850042858684642022e-01,-3.553082974243915726e-01,-2.639393999999994911e-02
3.735440001862782022e-01,-3.060276752569285330e-01,-4.766834289736537889e-01,3.173180648979231355e-01,-3.307786982100524575e-01,-2.559853133825429339e-02,-2.570682500898046063e-01,3.573912426736192138e-02,-4.236531182507165538e-01,1.693325690572457520e-01,2.000149261255373956e-01,1.000000000000000000e+00,-3.070927376140901721e-01,6.341693873570766748e-02,3.572782071952287919e-04,-4.639687240913448751e-01,4.614671381460370148e-01,-6.759130944135249841e-02,1.116336873300632915e-02,-1.637849450919307837e-01,-7.566271845559463527e-01,-4.876654430119466976e-01,-2.277682438791304165e-01,-1.688776795571138578e-01,-3.038137236347215331e-01,6.359387284638884363e-02,3.127245944530395727e-01,-3.943733626536600201e-01,6.133883818440279967e-01,3.177728720868899792e-01,5.328689771045820311e-01,2.315841771898752566e-01,1.705084128476658245e-01,-4.160661754608997454e-01,3.785827574525432726e-01,1.130512704227618626e-01,-6.022316707842165773e-01,-6.600479957253796437e-01,-2.727315399999999945e-01
2.230400051160068287e-01,2.011582141863923201e-01,1.647549326208600506e-01,4.554481490102729735e-02,-4.524441016984914743e-01,-3.987675890628026854e-01,8.915079427855698846e-01,4.494355678394972853e-01,-2.102881119256919118e-01,-5.972647975596739878e-02,1.219060291281490738e-01,-3.070927376140901721e-01,1.000000000000000000e+00,-1.067124707142675932e-01,4.276069491490116503e-01,-2.200431562386013229e-01,-5.508385210255285491e-01,6.779086029712239059e-01,6.467571066636459975e-02,-4.969307014568192793e-01,1.226037580947270111e-01,5.390896838611094477e-01,-3.138797762924621093e-01,-4.950265835642624346e-01,-6.672760612305150829e-02,6.893878063937483591e-02,2.157463631078324340e-01,-4.962238225124815383e-01,-3.553138916571083605e-01,4.540443425476769490e-01,2.441416291497781332e-01,6.141408064059654670e-01,4.785620903163624873e-01,-2.328831598336763564e-01,5.663660724141849068e-01,3.908647216967153781e-01,-2.128550617847167203e-01,-2.655161254123516446e-01,-5.041010000000000213e-01
1.108355249936071041e-01,-5.456976772352120086e-01,4.610505212965901323e-01,4.571547600080447249e-01,-4.342195393128325809e-01,-5.520336107792991331e-01,1.731484186753678989e-01,3.936878377967240605e-01,-2.106869983152842296e-01,5.018350566881024655e-01,4.630110082779917424e-01,6.341693873570766748e-02,-1.067124707142675932e-01,1.000000000000000000e+00,5.551074844225645233e-01,-7.346432148500359194e-01,3.601207013723153327e-01,2.567767779532539874e-01,-4.040718239837768344e-01,-2.778485610929928296e-01,-3.144020253124589770e-01,-6.611554938482975263e-01,4.277550234309035471e-02,7.837249841773515080e-02,3.054718416306313467e-01,-2.632049628607291969e-01,2.171504999195998931e-01,-5.276773014961135821e-01,2.040509153747914473e-01,4.362583437232064876e-01,5.497671561875244750e-01,3.472336915966806048e-01,2.950683106629234387e-02,-2.667388793835497873e-01,2.978859432778327987e-01,-2.412557135817894882e-01,-6.215601901171636801e-01,-3.348267723876426349e-01,-4.685942400000000507e-01
6.703306998680763629e-01,-2.023369871900651887e-02,5.221122010823108228e-01,4.525850709925725857e-02,-8.407673777343160904e-01,-3.671617990638001983e-01,4.642961965606394181e-01,2.458057630528500959e-01,-7.552654032287969832e-01,3.408434577824721590e-01,7.093116255626755740e-01,3.572782071952287919e-04,4.276069491490116503e-01,5.551074844225645233e-01,1.000000000000000000e+00,-6.942285079710577289e-01,6.756427375035289895e-02,3.722563076351905753e-01,2.524168588704721050e-01,-7.491866286646849948e-01,-2.601408515997611359e-01,-2.135007149595552142e-02,-4.277820431415910729e-01,7.275507806518137499e-02,-3.760968824650949838e-01,-1.130153327108345956e-01,7.001901759772972689e-01,-6.114705813110663524e-01,4.484341206995879348e-01,4.326692270516414029e-01,7.171775116733286604e-01,7.389031210800426352e-01,6.485440585350024101e-01,-7.032756261393025010e-01,4.930344910801557345e-01,4.453408216202229264e-01,-6.217623382942755184e-01,-5.590061075093030185e-01,-4.152312599999999909e-01
-4.187303182622462705e-01,4.679859880513781989e-01,-2.537808146394639475e-01,-5.477679933911124843e-01,7.981847953090018821e-01,6.665079584040514149e-01,-4.340698018011994730e-01,-6.122469045510687824e-01,5.831846469196924065e-01,-5.412375239959641426e-01,-5.341119027369993777e-01,-4.639687240913448751e-01,-2.200431562386013229e-01,-7.346432148500359194e-01,-6.942285079710577289e-01,1.000000000000000000e+00,-3.189733337782867939e-01,-4.781942874130912235e-01,2.107288434018042278e-01,6.297580581967189284e-01,6.300670117998924402e-01,5.735396695175817294e-01,3.077403499416592747e-01,2.345566210401229812e-01,-5.785394595036278407e-04,7.660820074995378093e-02,-5.173095464868255888e-01,8.985566839017765650e-01,-3.796652062754448664e-01,-7.538137667651670926e-01,-9.057085117684054998e-01,-7.473379138889492124e-01,-3.148539553576421568e-01,6.122361465766070765e-01,-7.203930946932490809e-01,-1.012604144439774867e-01,9.715142073941730461e-01,7.727877255568222914e-01,7.697897600000001006e-01
3.611303964542716405e-01,7.087290123741513993e-03,2.959963306730080679e-01,-1.625548157117787107e-01,-3.018056194405171477e-01,-2.136624066206970762e-01,-3.440607601103883306e-01,-2.759884932400513136e-01,-3.130246002270581918e-01,8.041033812389378199e-02,5.464104915068450641e-01,4.614671381460370148e-01,-5.508385210255285491e-01,3.601207013723153327e-01,6.756427375035289895e-02,-3.189733337782867939e-01,1.000000000000000000e+00,-4.970053822505314800e-01,3.671269625993258540e-02,-5.915239087860640899e-02,-5.850557148253987538e-01,-5.052341598780448750e-01,-3.113511979264177096e-02,5.956607072130019054e-01,-2.340788116616566716e-01,-4.017401754221820998e-01,4.941069445266984550e-01,5.770969482259087624e-02,6.148574116639226039e-01,-2.438996653689051997e-01,4.229107870007836611e-01,1.112876110840942817e-01,-8.533552687927625779e-02,-4.826929391276271741e-01,-2.540295882389360105e-01,1.586206013241739654e-01,-3.764554781620355062e-01,-1.695998164963995886e-02,2.394122000000000750e-01
-6.278386950755189544e-02,-3.314880725893780133e-01,4.432509499739261533e-02,5.322792574000373422e-01,-3.821563544850387628e-01,-4.546433831281421201e-01,6.845358984839430283e-01,7.615069421050607579e-01,-6.173779787169907801e-02,4.282896807035966313e-01,7.596570216164832967e-02,-6.759130944135249841e-02,6.779086029712239059e-01,2.567767779532539874e-01,3.722563076351905753e-01,-4.781942874130912235e-01,-4.970053822505314800e-01,1.000000000000000000e+00,-2.685432429853021885e-01,-4.652293167461534762e-01,5.066087750674270508e-03,-2.129286407607229592e-02,-2.199861316454835847e-01,-6.088674657544556057e-01,3.245178389756194215e-01,3.978057436349542730e-02,8.634682216380987207e-03,-6.936926279198440959e-01,-3.296973553675292545e-01,6.667300396250703809e-01,3.800234361529487015e-01,5.250474644825292581e-01,1.684665616325622395e-01,-1.059764278417995031e-01,6.855940865089616976e-01,4.929993885065333224e-03,-4.552981430801488760e-01,-5.227060788422448478e-01,-7.561725799999999831e-01
3.965700712981032883e-01,8.191421546086653516e-01,1.234160161999983407e-01,-7.608736308709275198e-01,-3.000721078632750394e-01,2.523066006733327704e-01,-2.642435327048022753e-01,-4.151572422927737871e-01,-6.090358180424034762e-01,-1.403340426080323944e-02,3.569897168384401631e-01,1.116336873300632915e-02,6.467571066636459975e-02,-4.040718239837768344e-01,2.524168588704721050e-01,2.107288434018042278e-01,3.671269625993258540e-02,-2.685432429853021885e-01,1.000000000000000000e+00,-2.777792138890464724e-01,2.003736325547157138e-01,5.729189691528968620e-01,-3.606049617301189114e-01,5.002436645053266462e-01,-8.491354826700104885e-01,-2.418171595245507954e-01,6.171047754189658008e-01,2.940402530151564053e-01,5.831737721466829782e-01,-4.463694694272750674e-01,9.691577699057241091e-02,5.197785333665758123e-02,4.183697104816642143e-01,-5.094956789549931475e-01,-2.444070764649252658e-01,7.301123799776467749e-01,1.365172374977981218e-01,5.408659913372933919e-02,5.034863999999998896e-01
-5.626443505615493779e-01,3.665659248529934411e-03,-4.345932497664517502e-01,-9.561880684231575944e-02,8.523160365355185730e-01,2.163902582318418255e-01,-4.242453739865487683e-01,-4.261925656793619233e-01,6.978603920053173537e-01,-4.988705414056952003e-01,-6.511031376336500198e-01,-1.637849450919307837e-01,-4.969307014568192793e-01,-2.778485610929928296e-01,-7.491866286646849948e-01,6.297580581967189284e-01,-5.915239087860640899e-02,-4.652293167461534762e-01,-2.777792138890464724e-01,1.000000000000000000e+00,2.862381287146785747e-01,5.606212966525945390e-02,8.619314359834684414e-01,-5.459010098263540611e-02,2.776936965066744700e-01,2.662338865152623635e-01,-7.135115355227106271e-01,5.557939374044982284e-01,-3.238377683472137281e-01,-3.211423824587150144e-01,-8.171168918372510026e-01,-7.841430760656836751e-01,-3.063206615203601935e-01,7.996604745141030479e-01,-4.089905609777351181e-01,-7.068611346469273471e-01,6.496092609787131877e-01,6.146229870017092534e-01,3.759939999999999394e-01
-5.488122045681862460e-01,3.884325123014801262e-01,1.119990020840181677e-01,-3.967190058821999932e-01,4.814903154471756319e-01,2.270472727678282676e-01,-9.100505440582415395e-02,-1.004903528057623230e-01,4.275592196379023879e-01,7.216460238373320624e-02,-3.183066435127088201e-01,-7.566271845559463527e-01,1.226037580947270111e-01,-3.144020253124589770e-01,-2.601408515997611359e-01,6.300670117998924402e-01,-5.850557148253987538e-01,5.066087750674270508e-03,2.003736325547157138e-01,2.862381287146785747e-01,1.000000000000000000e+00,5.168796411513415512e-01,2.011018511543932741e-01,1.373093639612479877e-01,2.163601012981902216e-01,-9.049119171432461195e-02,-3.960858303223346311e-01,5.169516831800315959e-01,-4.957907378951224020e-01,-4.362495323662457514e-01,-6.221444850714991093e-01,-4.729384359133639859e-01,-2.633894074473123181e-01,4.800905515075926111e-01,-4.553810863276506193e-01,-1.096259007484419734e-01,6.845568950929933338e-01,5.918360841458690791e-01,3.866582400000000419e-01
1.348556736528410682e-01,7.910534179337382898e-01,-1.877074475452987501e-02,-6.806806511008393068e-01,7.738978741494674518e-02,2.123294573771309923e-01,2.231003377003041577e-01,-3.810564879718988385e-01,-3.294403415466456292e-02,-5.171868509877657338e-01,-7.228471972175865012e-02,-4.876654430119466976e-01,5.390896838611094477e-01,-6.611554938482975263e-01,-2.135007149595552142e-02,5.735396695175817294e-01,-5.052341598780448750e-01,-2.129286407607229592e-02,5.729189691528968620e-01,5.606212966525945390e-02,5.168796411513415512e-01,1.000000000000000000e+00,-2.755278052600764610e-02,2.416691917173411502e-02,-4.620470610867795092e-01,1.205763985774252652e-02,8.755542493084127187e-02,3.563280673808114640e-01,-1.865078476279277420e-01,-3.490612728730843051e-01,-3.986550027693783194e-01,-5.745804660986539997e-02,4.326811008941611192e-01,2.794641950816589837e-02,-1.607033326036446941e-01,4.562492913512430914e-01,5.345199230879869035e-01,3.624384606945460496e-01,3.677865000000000162e-01
-4.669534183533534111e-01,-9.477441192252560043e-02,-3.022307461399438844e-01,4.985864108948529633e-02,5.954957555147594173e-01,-1.396120373157443140e-01,-1.058749261605592129e-01,-1.847111948798506598e-01,4.982156209575928085e-01,-3.508301489116399385e-01,-4.466549616575700155e-01,-2.277682438791304165e-01,-3.138797762924621093e-01,4.277550234309035471e-02,-4.277820431415910729e-01,3.077403499416592747e-01,-3.113511979264177096e-02,-2.199861316454835847e-01,-3.606049617301189114e-01,8.619314359834684414e-01,2.011018511543932741e-01,-2.755278052600764610e-02,1.000000000000000000e+00,-1.577165313313622641e-01,2.906283115601648315e-01,3.608044123945923221e-01,-5.698974228418375310e-01,2.304795252635672975e-01,-2.754910836875263946e-01,-2.797642507261992664e-02,-5.969537012350049077e-01,-4.415236776157869247e-01,-9.660629692501944421e-02,6.729536622956587832e-01,-1.056530693036683288e-01,-7.694772921259396270e-01,3.856763059404004768e-01,4.803869378542322544e-01,7.823566000000004017e-02
1.922989614547515602e-01,4.788946537565711981e-01,5.536077798091192381e-01,-6.923909461541855048e-01,-5.502027043776427234e-02,2.393045350419399642e-01,-5.629337412580976974e-01,-5.785279598753312325e-01,-1.982944735984458196e-01,7.378200953389912886e-02,4.926860502010014242e-01,-1.688776795571138578e-01,-4.950265835642624346e-01,7.837249841773515080e-02,7.275507806518137499e-02,2.345566210401229812e-01,5.956607072130019054e-01,-6.088674657544556057e-01,5.002436645053266462e-01,-5.459010098263540611e-02,1.373093639612479877e-01,2.416691917173411502e-02,-1.577165313313622641e-01,1.000000000000000000e+00,-3.498950974884085796e-01,-6.038655472251035494e-01,4.249804763067071001e-01,6.090322684733456837e-01,4.710374062954366670e-01,-7.941764643726357820e-01,4.670784727879184750e-03,-2.333345158097744898e-01,-1.667828158638104963e-01,-3.316661165191427951e-01,-7.715179324761350932e-01,3.859846231903348857e-01,2.209340335945518263e-01,4.382299202799035953e-01,7.800348599999999966e-01
-7.437130373398284089e-01,-6.443441381498709042e-01,3.604999718473451964e-02,6.281368036485982520e-01,4.592962819072754499e-01,-1.829395469902914961e-01,1.397238405544053708e-01,5.197258670496327504e-01,7.669039663768549842e-01,2.301203814719390839e-01,-4.844307436898907526e-01,-3.038137236347215331e-01,-6.672760612305150829e-02,3.054718416306313467e-01,-3.760968824650949838e-01,-5.785394595036278407e-04,-2.340788116616566716e-01,3.245178389756194215e-01,-8.491354826700104885e-01,2.776936965066744700e-01,2.163601012981902216e-01,-4.620470610867795092e-01,2.906283115601648315e-01,-3.498950974884085796e-01,1.000000000000000000e+00,4.654248902738140209e-02,-7.286317480255010137e-01,-6.674301532047510754e-02,-7.625247575505649245e-01,2.242073311610015551e-01,-2.666956357081297635e-01,-2.679623550669444909e-01,-7.145537061614750662e-01,6.403186648638562461e-01,-1.087851510255404344e-02,-7.186482702425955882e-01,9.072558137739417106e-02,1.685638164669469308e-01,-3.206383999999999901e-01
-8.128355930254708983e-02,-3.224216295659931286e-01,-6.097552806490883492e-01,3.809892150377247044e-01,3.081972735207806346e-01,2.337988731950682020e-01,2.002583023940981144e-01,1.162484218259143554e-01,9.655558068251737791e-02,-2.850761129881568268e-01,-5.538906559985236067e-01,6.359387284638884363e-02,6.893878063937483591e-02,-2.632049628607291969e-01,-1.130153327108345956e-01,7.660820074995378093e-02,-4.017401754221820998e-01,3.978057436349542730e-02,-2.418171595245507954e-01,2.662338865152623635e-01,-9.049119171432461195e-02,1.205763985774252652e-02,3.608044123945923221e-01,-6.038655472251035494e-01,4.654248902738140209e-02,1.000000000000000000e+00,-4.437826336110108350e-01,-1.820410621284759001e-01,-2.065668832707444058e-01,4.147832836054570760e-01,-3.051052428056617583e-01,5.339576675382175924e-02,1.504005354901626901e-01,4.466839607521443378e-01,4.107651194518768811e-01,-4.324440054242332798e-01,1.530978036653196928e-01,-1.019055314686077296e-01,-3.059108999999999856e-01
7.943704115311728264e-01,4.133289322414648859e-01,4.512865031096727764e-01,-3.778291091280459035e-01,-8.881256767101493033e-01,-3.050608194777604254e-01,1.410866288292950133e-01,-7.246850263311395424e-02,-8.975912157491364729e-01,2.288084090714375407e-01,8.744065603787797292e-01,3.127245944530395727e-01,2.157463631078324340e-01,2.171504999195998931e-01,7.001901759772972689e-01,-5.173095464868255888e-01,4.941069445266984550e-01,8.634682216380987207e-03,6.171047754189658008e-01,-7.135115355227106271e-01,-3.960858303223346311e-01,8.755542493084127187e-02,-5.698974228418375310e-01,4.249804763067071001e-01,-7.286317480255010137e-01,-4.437826336110108350e-01,1.000000000000000000e+00,-3.077238299138468913e-01,7.570405914565231376e-01,8.585433598206444403e-03,7.760664627964483087e-01,6.398233143904811238e-01,5.699091641897434668e-01,-9.777508264482672740e-01,1.719980374565730219e-01,8.182214227387986094e-01,-5.863745132725488585e-01,-4.012406245759249646e-01,-8.269399999999982320e-03
-3.249690895452821970e-01,4.958106370042871802e-01,2.444079962632756103e-03,-6.636860257862805534e-01,6.888381312525555522e-01,6.416493700623527863e-01,-6.603788212880108421e-01,-7.270199999720411421e-01,4.585086626513962815e-01,-4.004499490542177131e-01,-2.906142267623603170e-01,-3.943733626536600201e-01,-4.962238225124815383e-01,-5.276773014961135821e-01,-6.114705813110663524e-01,8.985566839017765650e-01,5.770969482259087624e-02,-6.936926279198440959e-01,2.940402530151564053e-01,5.557939374044982284e-01,5.169516831800315959e-01,3.563280673808114640e-01,2.304795252635672975e-01,6.090322684733456837e-01,-6.674301532047510754e-02,-1.820410621284759001e-01,-3.077238299138468913e-01,1.000000000000000000e+00,-1.194085340631875214e-01,-9.417754848621502362e-01,-7.509059007251941420e-01,-7.770037941145727656e-01,-4.266173154263356304e-01,4.152249108419256984e-01,-9.407455053182744997e-01,-1.779151313766509299e-02,8.742157653989364174e-01,8.286885783206703326e-01,9.511048200000000730e-01
6.722333651515076669e-01,1.958602984214787013e-01,4.982117763086930939e-02,-2.767663892950554261e-01,-5.536497872215050409e-01,3.522418047260606616e-02,-3.909197329150680966e-01,-3.360768371694889955e-01,-8.084930780406021089e-01,1.922696179663452576e-01,6.442651487301590540e-01,6.133883818440279967e-01,-3.553138916571083605e-01,2.040509153747914473e-01,4.484341206995879348e-01,-3.796652062754448664e-01,6.148574116639226039e-01,-3.296973553675292545e-01,5.831737721466829782e-01,-3.238377683472137281e-01,-4.957907378951224020e-01,-1.865078476279277420e-01,-2.754910836875263946e-01,4.710374062954366670e-01,-7.625247575505649245e-01,-2.065668832707444058e-01,7.570405914565231376e-01,-1.194085340631875214e-01,1.000000000000000000e+00,-7.950238597425952902e-02,5.609653058715229346e-01,2.607517047843547209e-01,4.623842973240678278e-01,-7.298769388956035664e-01,4.161281394330329508e-02,4.662698927643410540e-01,-4.487566122254709744e-01,-3.929377272802404009e-01,1.600965800000000439e-01
1.183860672549883891e-01,-6.059352713166138438e-01,-1.829078343461133516e-01,7.875300983144215561e-01,-4.257429932453911658e-01,-5.463191283854114122e-01,6.400227975844914319e-01,7.437696036562104762e-01,-2.328874857566933243e-01,2.612676339721523022e-01,-2.350345511431273932e-02,3.177728720868899792e-01,4.540443425476769490e-01,4.362583437232064876e-01,4.326692270516414029e-01,-7.538137667651670926e-01,-2.438996653689051997e-01,6.667300396250703809e-01,-4.463694694272750674e-01,-3.211423824587150144e-01,-4.362495323662457514e-01,-3.490612728730843051e-01,-2.797642507261992664e-02,-7.941764643726357820e-01,2.242073311610015551e-01,4.147832836054570760e-01,8.585433598206444403e-03,-9.417754848621502362e-01,-7.950238597425952902e-02,1.000000000000000000e+00,5.044834650866755199e-01,5.962539682624511395e-01,3.365165406665858172e-01,-1.114839878526658057e-01,9.520378103532002312e-01,-2.444225034540422059e-01,-6.971096955735610612e-01,-7.347633648344461532e-01,-9.801380400000000437e-01
6.098795075736593851e-01,-1.941194961763329785e-01,3.231171747896663948e-01,2.635555508283177195e-01,-9.349868500839211283e-01,-5.207874059069165229e-01,3.255968671541447090e-01,4.344598676977737828e-01,-7.605816138442078600e-01,5.433129493365658202e-01,7.468161850338627117e-01,5.328689771045820311e-01,2.441416291497781332e-01,5.497671561875244750e-01,7.171775116733286604e-01,-9.057085117684054998e-01,4.229107870007836611e-01,3.800234361529487015e-01,9.691577699057241091e-02,-8.171168918372510026e-01,-6.221444850714991093e-01,-3.986550027693783194e-01,-5.969537012350049077e-01,4.670784727879184750e-03,-2.666956357081297635e-01,-3.051052428056617583e-01,7.760664627964483087e-01,-7.509059007251941420e-01,5.609653058715229346e-01,5.044834650866755199e-01,1.000000000000000000e+00,7.959206812832047007e-01,3.674427775093903614e-01,-8.686818549992271210e-01,5.585340386986281658e-01,4.825056238179439849e-01,-9.484259446220454359e-01,-7.709672014983643962e-01,-5.396907200000000682e-01
5.937998205637291527e-01,-9.836389692167528398e-02,2.204094973964977056e-01,2.353234722054906858e-01,-8.589332688631170498e-01,-5.197766421395074721e-01,7.213761155540314718e-01,4.957143511524189083e-01,-7.009963161095724704e-01,2.863171641675436030e-01,6.180091923271470167e-01,2.315841771898752566e-01,6.141408064059654670e-01,3.472336915966806048e-01,7.389031210800426352e-01,-7.473379138889492124e-01,1.112876110840942817e-01,5.250474644825292581e-01,5.197785333665758123e-02,-7.841430760656836751e-01,-4.729384359133639859e-01,-5.745804660986539997e-02,-4.415236776157869247e-01,-2.333345158097744898e-01,-2.679623550669444909e-01,5.339576675382175924e-02,6.398233143904811238e-01,-7.770037941145727656e-01,2.607517047843547209e-01,5.962539682624511395e-01,7.959206812832047007e-01,1.000000000000000000e+00,5.283475791446777814e-01,-6.981675983462087842e-01,7.231889343145500026e-01,4.680939876968382984e-01,-7.559799587847406688e-01,-6.483720306866761485e-01,-6.276291199999999293e-01
7.674195816525534175e-01,2.859639295759063282e-01,-4.220699547243585842e-02,-2.164869335228495340e-01,-5.935299453252227408e-01,-1.962546847197921829e-01,3.970122110759649603e-01,-1.806766307703924768e-01,-6.761900781979580666e-01,-2.420389146460244778e-01,4.479791377923809104e-01,1.705084128476658245e-01,4.785620903163624873e-01,2.950683106629234387e-02,6.485440585350024101e-01,-3.148539553576421568e-01,-8.533552687927625779e-02,1.684665616325622395e-01,4.183697104816642143e-01,-3.063206615203601935e-01,-2.633894074473123181e-01,4.326811008941611192e-01,-9.660629692501944421e-02,-1.667828158638104963e-01,-7.145537061614750662e-01,1.504005354901626901e-01,5.699091641897434668e-01,-4.266173154263356304e-01,4.623842973240678278e-01,3.365165406665858172e-01,3.674427775093903614e-01,5.283475791446777814e-01,1.000000000000000000e+00,-5.171837779203718455e-01,5.248588137031757750e-01,4.446834124768849206e-01,-3.316419820587306888e-01,-4.177306838831844060e-01,-2.526043000000000038e-01
-7.936562727042189014e-01,-2.622049584032283276e-01,-4.043789547504046400e-01,2.245680954099742443e-01,9.293362271935413643e-01,3.056499671193562140e-01,-1.698870728845763844e-01,-3.859122431929506991e-02,8.867751229887461673e-01,-3.166321061567275441e-01,-8.754442914715574453e-01,-4.160661754608997454e-01,-2.328831598336763564e-01,-2.667388793835497873e-01,-7.032756261393025010e-01,6.122361465766070765e-01,-4.826929391276271741e-01,-1.059764278417995031e-01,-5.094956789549931475e-01,7.996604745141030479e-01,4.800905515075926111e-01,2.794641950816589837e-02,6.729536622956587832e-01,-3.316661165191427951e-01,6.403186648638562461e-01,4.466839607521443378e-01,-9.777508264482672740e-01,4.152249108419256984e-01,-7.298769388956035664e-01,-1.114839878526658057e-01,-8.686818549992271210e-01,-6.981675983462087842e-01,-5.171837779203718455e-01,1.000000000000000000e+00,-2.614480332655551020e-01,-8.086415538478451959e-01,6.939868261024415563e-01,5.360922342220040271e-01,1.272932600000000747e-01
2.805012828679964154e-01,-4.275132264781094094e-01,-2.529868744210471698e-01,6.373803756367069084e-01,-5.409438936645156737e-01,-5.089737359835080355e-01,6.841660153760482643e-01,6.546849990385850138e-01,-4.045492218430996600e-01,1.981701771716239402e-01,1.026124237835895070e-01,3.785827574525432726e-01,5.663660724141849068e-01,2.978859432778327987e-01,4.930344910801557345e-01,-7.203930946932490809e-01,-2.540295882389360105e-01,6.855940865089616976e-01,-2.444070764649252658e-01,-4.089905609777351181e-01,-4.553810863276506193e-01,-1.607033326036446941e-01,-1.056530693036683288e-01,-7.715179324761350932e-01,-1.087851510255404344e-02,4.107651194518768811e-01,1.719980374565730219e-01,-9.407455053182744997e-01,4.161281394330329508e-02,9.520378103532002312e-01,5.585340386986281658e-01,7.231889343145500026e-01,5.248588137031757750e-01,-2.614480332655551020e-01,1.000000000000000000e+00,-3.206603043999934483e-02,-7.066820370744854030e-01,-7.906506262478019131e-01,-9.292441000000000173e-01
6.845416309033964808e-01,6.150247114122689984e-01,3.240714860211985626e-01,-5.583525631095269670e-01,-6.549961257865728470e-01,6.475771904644465893e-02,1.258247206255294071e-01,-1.982620298523342928e-01,-6.786066018252376875e-01,3.284602793459161924e-02,6.464853478662703212e-01,1.130512704227618626e-01,3.908647216967153781e-01,-2.412557135817894882e-01,4.453408216202229264e-01,-1.012604144439774867e-01,1.586206013241739654e-01,4.929993885065333224e-03,7.301123799776467749e-01,-7.068611346469273471e-01,-1.096259007484419734e-01,4.562492913512430914e-01,-7.694772921259396270e-01,3.859846231903348857e-01,-7.186482702425955882e-01,-4.324440054242332798e-01,8.182214227387986094e-01,-1.779151313766509299e-02,4.662698927643410540e-01,-2.444225034540422059e-01,4.825056238179439849e-01,4.680939876968382984e-01,4.446834124768849206e-01,-8.086415538478451959e-01,-3.206603043999934483e-02,1.000000000000000000e+00,-2.144280525136398052e-01,-2.062821735560140535e-01,2.182350200000000573e-01
-4.751885705140291849e-01,3.954591156548378228e-01,-1.696008368531589650e-01,-4.843990308772452846e-01,8.311786151843655324e-01,6.352216266560778424e-01,-3.794119147425343286e-01,-5.529743763256825817e-01,6.222013190325360599e-01,-5.297782250758280576e-01,-5.850042858684642022e-01,-6.022316707842165773e-01,-2.128550617847167203e-01,-6.215601901171636801e-01,-6.217623382942755184e-01,9.715142073941730461e-01,-3.764554781620355062e-01,-4.552981430801488760e-01,1.365172374977981218e-01,6.496092609787131877e-01,6.845568950929933338e-01,5.345199230879869035e-01,3.856763059404004768e-01,2.209340335945518263e-01,9.072558137739417106e-02,1.530978036653196928e-01,-5.863745132725488585e-01,8.742157653989364174e-01,-4.487566122254709744e-01,-6.971096955735610612e-01,-9.484259446220454359e-01,-7.559799587847406688e-01,-3.316419820587306888e-01,6.939868261024415563e-01,-7.066820370744854030e-01,-2.144280525136398052e-01,1.000000000000000000e+00,8.251404190906357350e-01,7.232834400000001107e-01
-4.544297775983807686e-01,4.465980449260944507e-01,1.407152564488230173e-01,-5.549087329726019036e-01,6.660598549164179483e-01,2.636814096619681802e-01,-3.017207903078414910e-01,-4.910111373212338037e-01,5.686526484552376637e-01,-4.295759820265174778e-01,-3.553082974243915726e-01,-6.600479957253796437e-01,-2.655161254123516446e-01,-3.348267723876426349e-01,-5.590061075093030185e-01,7.727877255568222914e-01,-1.695998164963995886e-02,-5.227060788422448478e-01,5.408659913372933919e-02,6.146229870017092534e-01,5.918360841458690791e-01,3.624384606945460496e-01,4.803869378542322544e-01,4.382299202799035953e-01,1.685638164669469308e-01,-1.019055314686077296e-01,-4.012406245759249646e-01,8.286885783206703326e-01,-3.929377272802404009e-01,-7.347633648344461532e-01,-7.709672014983643962e-01,-6.483720306866761485e-01,-4.177306838831844060e-01,5.360922342220040271e-01,-7.906506262478019131e-01,-2.062821735560140535e-01,8.251404190906357350e-01,1.000000000000000000e+00,7.216376600000000696e-01
-6.965339999999997644e-02,6.215230000000000476e-01,1.126949799999998891e-01,-8.025794800000000118e-01,4.491432600000000441e-01,6.066847200000000662e-01,-6.923428200000000254e-01,-8.152403799999999867e-01,1.805467000000000599e-01,-3.478063999999999600e-01,-2.639393999999994911e-02,-2.727315399999999945e-01,-5.041010000000000213e-01,-4.685942400000000507e-01,-4.152312599999999909e-01,7.697897600000001006e-01,2.394122000000000750e-01,-7.561725799999999831e-01,5.034863999999998896e-01,3.759939999999999394e-01,3.866582400000000419e-01,3.677865000000000162e-01,7.823566000000004017e-02,7.800348599999999966e-01,-3.206383999999999901e-01,-3.059108999999999856e-01,-8.269399999999982320e-03,9.511048200000000730e-01,1.600965800000000439e-01,-9.801380400000000437e-01,-5.396907200000000682e-01,-6.276291199999999293e-01,-2.526043000000000038e-01,1.272932600000000747e-01,-9.292441000000000173e-01,2.182350200000000573e-01,7.232834400000001107e-01,7.216376600000000696e-01,1.000000000000000000e+00
