1.000000000000000000e+00,6.651727049468398878e-01,-3.709844352534682477e-01,2.750217662678008379e-01,4.664531202609132343e-01,1.562728329602235122e-02,4.779876398734992926e-01,4.078718069525857914e-01,-3.177873373121083977e-01,4.159838069756666701e-01,-5.186236928534369156e-02,-7.867965999999999571e-01,6.596971278492067547e-01,-4.058274674252743686e-01,-7.215054788102399919e-02,-3.646138071242764622e-02,-2.557989495809288583e-01,-4.926246612326731222e-01,-5.002540166304365599e-01,8.276977494478582331e-02,-2.876663356976462138e-01,4.862810777453555611e-01,5.859653524195594931e-01,2.252844512399563570e-01,-5.404662631212141521e-01,1.162589143130960401e-01,-8.106635213985692312e-01,-5.390587572775459302e-01,5.347428800266617044e-01,-7.280198568935688508e-01,3.132753713881070851e-02,-3.701266335961062026e-01,3.112208682547655814e-01,-7.327526727776151327e-02,1.879145971567431350e-01,1.678367164171350179e-02,7.970233125312682354e-01,8.914975371887816358e-02,3.381003107608340219e-01
6.651727049468398878e-01,1.000000000000000000e+00,9.194641170951464715e-02,7.836386450515871183e-02,1.467092030700799798e-01,-1.132313054097965205e-01,7.028324094281614975e-01,7.321643898281594565e-01,-5.215960606158080992e-01,8.277127400535604085e-02,2.975510772281401151e-01,-7.713481399999999599e-01,1.003386131072277337e-01,-6.707775576376966420e-01,1.271801472549435041e-01,-1.051610879205946286e-01,2.150242864484170902e-01,-4.394418554563626067e-01,-7.313709904609673185e-01,-4.313767804538662376e-02,-7.653212837086496856e-02,4.031964048059657468e-01,4.089839274559862736e-01,5.094562892608165416e-01,-3.281094582772869361e-01,3.444427446402413828e-01,-7.365208808943761731e-01,-7.167297589423038406e-01,5.329982784601110524e-01,-6.094213678950315405e-01,3.606045185952998500e-01,1.355683588865012057e-01,1.898781524493990680e-02,3.059454818850603774e-01,4.752974483948188000e-01,-2.013631406315622707e-01,6.484001499176152983e-01,1.951603670146026814e-01,-2.040084512631096941e-02
-3.709844352534682477e-01,9.194641170951464715e-02,1.000000000000000000e+00,-2.770950527089433013e-01,-6.577162322709093623e-01,-1.624012430233139903e-01,4.372271672794925124e-01,4.538461443680648633e-01,-6.915935082608413165e-01,1.553311126888551330e-01,4.891676483566487765e-01,6.363699999999994361e-02,-4.998623196473147567e-01,-3.445583685518061046e-01,6.868713018781406054e-01,5.843289842985635030e-01,2.517445138330551835e-01,2.907952766905289033e-01,-2.178951348452831671e-02,-1.331916650058753981e-01,4.107479308329947676e-01,4.575327672090253039e-01,-5.495832718652275961e-01,4.972044978804026072e-01,7.572463358605880934e-01,7.892408126869777663e-01,-5.562160864551862760e-02,2.446858692954728687e-01,1.386532856288537063e-01,-9.881781807600760470e-02,8.228634331044581973e-01,9.500284164541203946e-01,-7.480642276649070999e-01,3.091410112916462283e-01,7.572514253491630098e-01,-6.943753021934818692e-01,-3.133747110960877214e-02,-2.517110925885205908e-01,-4.260924390924700211e-01
2.750217662678008379e-01,7.836386450515871183e-02,-2.770950527089433013e-01,1.000000000000000000e+00,6.313572516690810765e-01,3.185048478302288655e-01,2.195803912669364588e-01,-4.572710308041965863e-03,3.002734243567427574e-01,-1.337364194166117126e-01,-6.513830910248727957e-01,2.355451399999999307e-01,2.986436664002519170e-01,2.289211679435745328e-01,2.624839347219578567e-01,-4.245738453580943927e-01,-7.297051282386299298e-02,1.540833643295895228e-01,-4.276990820476568311e-01,6.228520652724756079e-01,-1.636611625562355565e-01,-2.276864246292772953e-01,1.730068810728045692e-01,-5.312804302662174072e-01,1.647914575760925371e-01,-5.593467267030845236e-02,1.798662249111720969e-03,3.294730402906556610e-01,3.961587692820017770e-01,1.144432089662896640e-01,-3.900223653409885527e-01,-7.938981693078270285e-02,1.913859019627239533e-01,-7.738034261650767430e-03,4.297968427067364039e-02,-2.082724349109822681e-02,2.592299544363978470e-01,-5.250577049143382302e-01,-1.191611642154808554e-01
4.664531202609132343e-01,1.467092030700799798e-01,-6.577162322709093623e-01,6.313572516690810765e-01,1.000000000000000000e+00,5.400044476799616966e-01,5.111711518796218517e-02,1.417078120154990351e-01,4.301843506421570984e-01,-2.940180845456311642e-01,-8.454851859936153291e-01,-6.482538000000004352e-02,2.074775759174184719e-01,3.666255129837222571e-01,6.175362660446030716e-02,-5.085614793685193646e-01,-2.594441540472710583e-01,2.285396421145297341e-01,-4.319980564092144593e-01,3.622226836508649073e-01,-6.493410574265671975e-02,-2.040351528682720073e-01,2.521313713640130350e-01,-6.486704919992660745e-01,-2.850916573495429485e-01,-3.946540764207470131e-01,-2.585303602337167828e-01,2.609661421456636182e-02,5.094867670472132959e-01,-1.609045617970255304e-01,-7.211623729284427631e-01,-5.605675110315904153e-01,5.165887764033321172e-01,1.429268955563883087e-02,-1.297529134961817876e-01,2.513003438731447603e-01,5.217041906276999041e-01,-3.069338819204477375e-01,1.422827179490080141e-01
1.562728329602235122e-02,-1.132313054097965205e-01,-1.624012430233139903e-01,3.185048478302288655e-01,5.400044476799616966e-01,1.000000000000000000e+00,1.334732710822891799e-01,9.974954247466913393e-02,2.286527552246713224e-01,-3.278077512052259695e-02,-6.238056766528804475e-01,1.598086599999999358e-01,-2.420357972661542623e-01,2.457217310326990645e-01,3.020915376497432803e-01,-2.113858038527042238e-01,-3.695158355913762960e-01,5.768700896203836637e-01,8.745800071804421321e-04,3.414322626807964611e-01,-1.366869535212423929e-02,-1.133753698778954405e-01,-9.811665068437244730e-02,-3.994572321150811067e-01,1.539268299238825133e-01,-1.562034664830737052e-01,-7.225342282796469451e-02,2.923619935319912155e-01,3.600008542715626425e-01,-8.409261203853869715e-02,-3.488725801534698912e-01,-1.494996885776530005e-01,8.385709002402241818e-02,-4.196651743747795843e-02,4.207324566967571289e-02,2.938561946633648225e-01,2.733134674786145135e-01,-5.220645982222205106e-01,2.430635962415288176e-01
4.779876398734992926e-01,7.028324094281614975e-01,4.372271672794925124e-01,2.195803912669364588e-01,5.111711518796218517e-02,1.334732710822891799e-01,1.000000000000000000e+00,6.791157821084354840e-01,-6.476895893892375966e-01,4.070884669129004041e-01,8.277252076972631267e-02,-4.778914800000000351e-01,9.461159518746704855e-02,-5.238321021721838999e-01,5.469027058851471113e-01,7.879982457967368847e-02,-1.993102951208340912e-01,-5.459144298841323711e-02,-6.857371915539117735e-01,-1.493292301787783050e-01,-9.191770534018663119e-02,6.246877680208313688e-01,2.906091760213366793e-01,4.318896862425512517e-01,1.897148895644571454e-01,7.006071447035906452e-01,-6.556538101082752812e-01,-2.508353369080937867e-01,6.417837021190134772e-01,-5.368426880606657070e-01,5.716651301206443492e-01,4.933310257066515492e-01,-4.071977377267657627e-01,5.191061000164940431e-01,7.260559730367002196e-01,-3.980249556649426701e-01,6.654548532162921637e-01,-4.004270196499606915e-01,-8.718293247661199064e-03
4.078718069525857914e-01,7.321643898281594565e-01,4.538461443680648633e-01,-4.572710308041965863e-03,1.417078120154990351e-01,9.974954247466913393e-02,6.791157821084354840e-01,1.000000000000000000e+00,-7.299032990035402291e-01,1.085341301628272963e-02,1.492598553974852360e-01,-5.978904600000000125e-01,-2.770517574226348811e-01,-4.750978073844063232e-01,6.609525456397284948e-01,3.445937982820684864e-01,2.375934866910796861e-01,1.131721251238193421e-01,-5.730614827347624285e-01,8.236254462979214486e-02,4.307978347319468271e-01,6.328491527547296380e-01,-1.999232909685507431e-01,3.427364349718850511e-01,1.810583375776051440e-01,6.230798229450160708e-01,-7.774253119044634008e-01,-2.556219586328432047e-01,7.363509910692739302e-01,-7.327674588570977088e-01,4.700607293758969352e-01,4.196901823948665511e-01,-2.256009657484618069e-01,3.403769179389254385e-01,8.696477814250478389e-01,-6.246271266060743343e-01,7.692708671943855325e-01,-1.221370623648897619e-01,-2.838021727822953588e-01
-3.177873373121083977e-01,-5.215960606158080992e-01,-6.915935082608413165e-01,3.002734243567427574e-01,4.301843506421570984e-01,2.286527552246713224e-01,-6.476895893892375966e-01,-7.299032990035402291e-01,1.000000000000000000e+00,-5.465950919452087220e-01,-6.088807021782145501e-01,6.357665400000001021e-01,3.600229337331894985e-02,7.125195540948392470e-01,-5.007688418260340946e-01,-7.492562825449466946e-01,-7.552155905329982488e-02,1.611811241080211010e-01,2.101952366458033072e-01,1.555429821154816761e-01,-2.797760426105603271e-01,-9.038264542876797147e-01,1.742943908569996037e-01,-7.215118241138284150e-01,-2.468690756580483592e-01,-8.499772644613722283e-01,7.041135992774811836e-01,2.198218863189620453e-01,-3.707571577836901167e-01,7.409864976008359028e-01,-8.891290254799371073e-01,-5.669028034469865140e-01,4.559552357168357162e-01,-1.365003621598511740e-01,-8.365097648027950417e-01,6.813924706891586469e-01,-5.333234198380215618e-01,-2.338384594456255350e-02,1.140586114545981689e-01
4.159838069756666701e-01,8.277127400535604085e-02,1.553311126888551330e-01,-1.337364194166117126e-01,-2.940180845456311642e-01,-3.278077512052259695e-02,4.070884669129004041e-01,1.085341301628272963e-02,-5.465950919452087220e-01,1.000000000000000000e+00,3.254872011151709876e-01,-4.609752200000000188e-01,5.225965322341487029e-01,-5.361502004000812116e-01,-1.786655324273461742e-02,4.903340882649638299e-01,-6.029545185340640101e-01,-3.131573980902681575e-01,1.220939500037109549e-01,-2.211068483284834574e-01,-2.747860502610036115e-01,6.886758828388165332e-01,2.893959141598483886e-01,4.879289827116478628e-01,-6.915308728683862427e-02,4.309732971406192159e-01,-4.641488928274421499e-01,-1.148543470163265051e-01,7.058540167462063614e-03,-5.202431536738085782e-01,5.173444662774459024e-01,2.254822795258872720e-02,-1.987729253455677580e-01,-2.486676600386972247e-01,1.997410969232917277e-01,-1.492883228908876980e-02,3.275059012302314332e-01,-2.312105506250839576e-02,5.222543506297773197e-01
-5.186236928534369156e-02,2.975510772281401151e-01,4.891676483566487765e-01,-6.513830910248727957e-01,-8.454851859936153291e-01,-6.238056766528804475e-01,8.277252076972631267e-02,1.492598553974852360e-01,-6.088807021782145501e-01,3.254872011151709876e-01,1.000000000000000000e+00,-4.177063800000000438e-01,-7.492487573428052716e-02,-6.787908731371306015e-01,-1.935861228001737877e-01,4.898560941638949728e-01,3.617718037135229658e-01,-5.525244136747980983e-01,1.737997109514602956e-01,-3.331011555755788445e-01,4.970293943995998664e-02,3.698834636541867282e-01,-5.506109348623204613e-02,8.521138800457559448e-01,-9.111526826400866141e-02,3.693556856802364674e-01,-1.475570337671472110e-01,-4.623525213198625416e-01,-3.487378058911824730e-01,-2.119069473511366597e-01,7.360713553820683597e-01,3.610378191404448045e-01,-2.800490869487829437e-01,-1.053349104436456241e-01,2.026076196760210058e-01,-2.278616233676185321e-01,-1.841279098066229969e-01,6.250552344459529008e-01,-6.765174480310144622e-02
-7.867965999999999571e-01,-7.713481399999999599e-01,6.363699999999994361e-02,2.355451399999999307e-01,-6.482538000000004352e-02,1.598086599999999358e-01,-4.778914800000000351e-01,-5.978904600000000125e-01,6.357665400000001021e-01,-4.609752200000000188e-01,-4.177063800000000438e-01,1.000000000000000000e+00,-3.230781200000000242e-01,7.108186999999999145e-01,9.168054000000003256e-02,-2.775703200000000370e-01,1.003098200000001050e-01,5.641369800000000101e-01,4.021590200000000337e-01,2.143619199999999836e-01,5.791976000000009783e-02,-6.825820599999999905e-01,-3.695606399999999958e-01,-5.820559599999999278e-01,5.508538599999999175e-01,-2.637160400000000404e-01,9.060251399999998956e-01,7.391225800000000845e-01,-3.230650000000000466e-01,8.830420599999999620e-01,-3.607762599999999598e-01,1.882689799999999192e-01,-1.845771999999999968e-01,5.871474000000009852e-02,-3.366491200000000239e-01,1.096679799999999982e-01,-7.309470599999999818e-01,-4.285598600000000147e-01,-2.784824799999999767e-01
6.596971278492067547e-01,1.003386131072277337e-01,-4.998623196473147567e-01,2.986436664002519170e-01,2.074775759174184719e-01,-2.420357972661542623e-01,9.461159518746704855e-02,-2.770517574226348811e-01,3.600229337331894985e-02,5.225965322341487029e-01,-7.492487573428052716e-02,-3.230781200000000242e-01,1.000000000000000000e+00,-6.594014748683679761e-02,-3.809589936118603082e-01,-9.286829945977898015e-02,-4.161105019654092185e-01,-6.375969546452228132e-01,-1.125563437387083754e-01,-5.481245946579216266e-02,-4.834590748079214961e-01,2.131121434262334968e-01,6.739109727322569743e-01,1.808062406499669553e-02,-4.854799386798176464e-01,-1.050363818291605439e-01,-2.582944471100671602e-01,-2.342848150220288583e-01,4.967889115976331649e-02,-2.205791864039249317e-01,-9.687809960634610751e-02,-4.648734887216199319e-01,3.355558538505809540e-01,-1.839370733181760198e-01,-2.706666512036390859e-01,1.855530795112549647e-01,2.453266947813702581e-01,3.041889857200369418e-02,3.636962836174209013e-01
-4.058274674252743686e-01,-6.707775576376966420e-01,-3.445583685518061046e-01,2.289211679435745328e-01,3.666255129837222571e-01,2.457217310326990645e-01,-5.238321021721838999e-01,-4.750978073844063232e-01,7.125195540948392470e-01,-5.361502004000812116e-01,-6.787908731371306015e-01,7.108186999999999145e-01,-6.594014748683679761e-02,1.000000000000000000e+00,-1.655205888450054022e-02,-3.219627444387682114e-01,-5.056657892423691708e-02,4.439110492553240972e-01,2.226205293027490595e-01,8.718621104470555827e-02,-9.923556934607060190e-03,-5.416908642422579856e-01,-1.832113562450707056e-01,-7.744957054665074780e-01,1.712007402167645409e-01,-4.909524482036122794e-01,6.007915104650645155e-01,5.564250791919262973e-01,-1.140711378702133905e-01,5.918164136159290711e-01,-6.569480020354399041e-01,-2.467015803994287437e-01,1.812260020013903850e-01,1.098079799346431684e-01,-4.239450817557138818e-01,1.224218330039143765e-01,-3.749785376750655042e-01,-3.968636483675301307e-01,-1.691722734373521664e-01
-7.215054788102399919e-02,1.271801472549435041e-01,6.868713018781406054e-01,2.624839347219578567e-01,6.175362660446030716e-02,3.020915376497432803e-01,5.469027058851471113e-01,6.609525456397284948e-01,-5.007688418260340946e-01,-1.786655324273461742e-02,-1.935861228001737877e-01,9.168054000000003256e-02,-3.809589936118603082e-01,-1.655205888450054022e-02,1.000000000000000000e+00,4.021144609928940516e-01,7.624204236177697935e-02,6.246277227198863136e-01,-3.026338155802099084e-01,2.436420369160733901e-01,4.948965560326208935e-01,4.472142886356080260e-01,-5.481626309590823531e-01,-4.517270466521016575e-02,8.009656681143558776e-01,6.902731504450536626e-01,-2.751120154733177614e-01,4.986892626863634881e-01,6.597133806287308611e-01,-2.803327429470116594e-01,4.105576850207369177e-01,7.097448497607095064e-01,-4.822064264318812743e-01,3.746533447716541287e-01,8.678854444232663168e-01,-7.470986136984775206e-01,4.241052467230527201e-01,-7.135130033597527621e-01,-4.453330384364359573e-01
-3.646138071242764622e-02,-1.051610879205946286e-01,5.843289842985635030e-01,-4.245738453580943927e-01,-5.085614793685193646e-01,-2.113858038527042238e-01,7.879982457967368847e-02,3.445937982820684864e-01,-7.492562825449466946e-01,4.903340882649638299e-01,4.898560941638949728e-01,-2.775703200000000370e-01,-9.286829945977898015e-02,-3.219627444387682114e-01,4.021144609928940516e-01,1.000000000000000000e+00,2.824336556288276068e-02,7.127171220464095791e-02,3.321335796227624648e-01,-4.556984219998294616e-02,4.457436053666296027e-01,7.455653437596893029e-01,-5.620218424470190266e-01,3.845929830928005999e-01,3.788348070073275231e-01,6.075310277494564426e-01,-3.488759083969144581e-01,2.280287865528597413e-01,2.083221314223959730e-02,-5.194294277405607785e-01,6.547000110151472985e-01,3.740332857929490884e-01,-3.144556828239582491e-01,-2.104626518556355630e-01,5.609899182283155650e-01,-6.343761157710172682e-01,2.050795160500769043e-01,3.633568358759758921e-02,-1.327063269734769235e-01
-2.557989495809288583e-01,2.150242864484170902e-01,2.517445138330551835e-01,-7.297051282386299298e-02,-2.594441540472710583e-01,-3.695158355913762960e-01,-1.993102951208340912e-01,2.375934866910796861e-01,-7.552155905329982488e-02,-6.029545185340640101e-01,3.617718037135229658e-01,1.003098200000001050e-01,-4.161105019654092185e-01,-5.056657892423691708e-02,7.624204236177697935e-02,2.824336556288276068e-02,1.000000000000000000e+00,-1.020930458572223420e-01,6.498461322392536099e-02,3.837250172424833128e-01,3.593461567514111832e-01,-2.534923414650797069e-01,-3.187441719340741164e-01,1.251307378567393658e-01,1.747112072446278808e-01,1.355208357089694726e-01,1.909410563890317492e-01,-1.235390705964569680e-01,2.071956323536318714e-02,1.996551323408962686e-01,1.662211579644100878e-01,3.526120836293311078e-01,-1.614384648133104228e-01,1.338974994189837120e-01,1.785962935317480516e-01,-3.875997678402916535e-01,-2.672372456063157875e-01,2.945499533690784100e-01,-6.412276268582879357e-01
-4.926246612326731222e-01,-4.394418554563626067e-01,2.907952766905289033e-01,1.540833643295895228e-01,2.285396421145297341e-01,5.768700896203836637e-01,-5.459144298841323711e-02,1.131721251238193421e-01,1.611811241080211010e-01,-3.131573980902681575e-01,-5.525244136747980983e-01,5.641369800000000101e-01,-6.375969546452228132e-01,4.439110492553240972e-01,6.246277227198863136e-01,7.127171220464095791e-02,-1.020930458572223420e-01,1.000000000000000000e+00,1.290980903637763688e-01,2.538793874576004139e-01,3.931068435553042306e-01,-1.542423827047494367e-01,-6.378076527117167993e-01,-5.119720399289590107e-01,6.767767138768771007e-01,9.542059154374957219e-02,2.536281795233428227e-01,7.369880459269113615e-01,2.296619799640442494e-01,2.087935463974765760e-01,-1.742491338204064655e-01,2.961485065648233883e-01,-2.650314918552563737e-01,1.344031449138423373e-01,2.551194487801351496e-01,-1.731438620705396669e-01,-2.932250660869506476e-02,-6.272625516604060092e-01,-1.286469366065847442e-01
-5.002540166304365599e-01,-7.313709904609673185e-01,-2.178951348452831671e-02,-4.276990820476568311e-01,-4.319980564092144593e-01,8.745800071804421321e-04,-6.857371915539117735e-01,-5.730614827347624285e-01,2.101952366458033072e-01,1.220939500037109549e-01,1.737997109514602956e-01,4.021590200000000337e-01,-1.125563437387083754e-01,2.226205293027490595e-01,-3.026338155802099084e-01,3.321335796227624648e-01,6.498461322392536099e-02,1.290980903637763688e-01,1.000000000000000000e+00,1.481347648103367165e-01,9.849728842759739034e-02,-2.226759806900744376e-01,-3.224449168391174680e-01,-7.561687753443886717e-02,1.329524919748739653e-01,-1.550349248937989977e-01,5.064013200124509728e-01,3.258115059842839334e-01,-5.197563853914584087e-01,3.292101351990405211e-01,-2.332369704650457884e-02,-1.145181368506094782e-01,-1.303947665685607771e-01,-4.442724836107375674e-01,-3.931303833539140924e-01,2.224382257607613322e-01,-6.019057828705113300e-01,1.796192975389419022e-01,1.482267446020790191e-01
8.276977494478582331e-02,-4.313767804538662376e-02,-1.331916650058753981e-01,6.228520652724756079e-01,3.622226836508649073e-01,3.414322626807964611e-01,-1.493292301787783050e-01,8.236254462979214486e-02,1.555429821154816761e-01,-2.211068483284834574e-01,-3.331011555755788445e-01,2.143619199999999836e-01,-5.481245946579216266e-02,8.718621104470555827e-02,2.436420369160733901e-01,-4.556984219998294616e-02,3.837250172424833128e-01,2.538793874576004139e-01,1.481347648103367165e-01,1.000000000000000000e+00,2.042692886162127408e-01,-2.438324957886087163e-01,-2.616098538295411058e-01,-3.803565929208020946e-01,2.608465145177665256e-01,1.151538011019032082e-02,4.258711607449627845e-02,3.341574049379004707e-01,3.224979900531484978e-01,2.701022132690718280e-02,-2.440566192373793131e-01,-2.494651737297922181e-02,8.365235432462270193e-02,-3.658698146701129250e-01,1.054558278411554528e-01,-7.691644282955217848e-02,1.023406589753714790e-01,-2.069254201396910076e-01,-1.934796489843123579e-01
-2.876663356976462138e-01,-7.653212837086496856e-02,4.107479308329947676e-01,-1.636611625562355565e-01,-6.493410574265671975e-02,-1.366869535212423929e-02,-9.191770534018663119e-02,4.307978347319468271e-01,-2.797760426105603271e-01,-2.747860502610036115e-01,4.970293943995998664e-02,5.791976000000009783e-02,-4.834590748079214961e-01,-9.923556934607060190e-03,4.948965560326208935e-01,4.457436053666296027e-01,3.593461567514111832e-01,3.931068435553042306e-01,9.849728842759739034e-02,2.042692886162127408e-01,1.000000000000000000e+00,1.629094594541291019e-01,-6.842404317806394243e-01,-6.992677564635193729e-04,4.384398375233862777e-01,2.897170728446215593e-01,-8.999279010287938863e-02,2.287465811695434947e-01,2.572464726821156455e-01,-1.427185460291564845e-01,1.525544698970408564e-01,3.337243247387113865e-01,-2.609296931395686525e-01,4.829432749591871903e-03,4.575291263227982963e-01,-5.013559088360907134e-01,1.123305419893022572e-01,-1.255003482871359585e-02,-4.992576286402675145e-01
4.862810777453555611e-01,4.031964048059657468e-01,4.575327672090253039e-01,-2.276864246292772953e-01,-2.040351528682720073e-01,-1.133753698778954405e-01,6.246877680208313688e-01,6.328491527547296380e-01,-9.038264542876797147e-01,6.886758828388165332e-01,3.698834636541867282e-01,-6.825820599999999905e-01,2.131121434262334968e-01,-5.416908642422579856e-01,4.472142886356080260e-01,7.455653437596893029e-01,-2.534923414650797069e-01,-1.542423827047494367e-01,-2.226759806900744376e-01,-2.438324957886087163e-01,1.629094594541291019e-01,1.000000000000000000e+00,-5.191351054758656935e-02,5.413037689388905394e-01,1.197307304168783032e-01,7.215507665658128511e-01,-7.964944459343744620e-01,-1.454812818424581489e-01,4.007570734191145956e-01,-8.489645669629208857e-01,7.081795644970230175e-01,3.052803137737884476e-01,-2.584961621247016672e-01,9.834779200953858158e-02,7.218334359750220308e-01,-5.823277187493373086e-01,6.827110138677995321e-01,-1.011147582540668777e-01,4.153369395450273033e-02
5.859653524195594931e-01,4.089839274559862736e-01,-5.495832718652275961e-01,1.730068810728045692e-01,2.521313713640130350e-01,-9.811665068437244730e-02,2.906091760213366793e-01,-1.999232909685507431e-01,1.742943908569996037e-01,2.893959141598483886e-01,-5.506109348623204613e-02,-3.695606399999999958e-01,6.739109727322569743e-01,-1.832113562450707056e-01,-5.481626309590823531e-01,-5.620218424470190266e-01,-3.187441719340741164e-01,-6.378076527117167993e-01,-3.224449168391174680e-01,-2.616098538295411058e-01,-6.842404317806394243e-01,-5.191351054758656935e-02,1.000000000000000000e+00,1.602374575987310090e-01,-6.688748357815262890e-01,-1.895822296693669973e-01,-2.197656431882136774e-01,-6.304489226332313789e-01,6.303268866223718514e-02,-6.706950512037596068e-02,-1.387204805811730057e-01,-4.270898080240914663e-01,1.840719784390579539e-01,1.850207563693185286e-01,-3.678862342480994641e-01,4.703775924490359306e-01,1.797417332908020637e-01,1.460896411076696988e-01,4.850810627980401413e-01
2.252844512399563570e-01,5.094562892608165416e-01,4.972044978804026072e-01,-5.312804302662174072e-01,-6.486704919992660745e-01,-3.994572321150811067e-01,4.318896862425512517e-01,3.427364349718850511e-01,-7.215118241138284150e-01,4.879289827116478628e-01,8.521138800457559448e-01,-5.820559599999999278e-01,1.808062406499669553e-02,-7.744957054665074780e-01,-4.517270466521016575e-02,3.845929830928005999e-01,1.251307378567393658e-01,-5.119720399289590107e-01,-7.561687753443886717e-02,-3.803565929208020946e-01,-6.992677564635193729e-04,5.413037689388905394e-01,1.602374575987310090e-01,1.000000000000000000e+00,-9.521381086048470721e-02,5.022962396532865137e-01,-4.089414898542932941e-01,-5.943619550607746049e-01,-7.588391203150629018e-03,-3.938728351095783786e-01,7.810072912261996070e-01,3.976048544584945832e-01,-4.345775339737441012e-01,1.703962367034812450e-02,3.764082129996381143e-01,-2.014322685535815671e-01,1.228931933506880736e-01,4.354427907593285130e-01,7.697747577962882337e-02
-5.404662631212141521e-01,-3.281094582772869361e-01,7.572463358605880934e-01,1.647914575760925371e-01,-2.850916573495429485e-01,1.539268299238825133e-01,1.897148895644571454e-01,1.810583375776051440e-01,-2.468690756580483592e-01,-6.915308728683862427e-02,-9.111526826400866141e-02,5.508538599999999175e-01,-4.854799386798176464e-01,1.712007402167645409e-01,8.009656681143558776e-01,3.788348070073275231e-01,1.747112072446278808e-01,6.767767138768771007e-01,1.329524919748739653e-01,2.608465145177665256e-01,4.384398375233862777e-01,1.197307304168783032e-01,-6.688748357815262890e-01,-9.521381086048470721e-02,1.000000000000000000e+00,5.773794470544969526e-01,2.636191954238342738e-01,7.407236100166888493e-01,2.120306857621439001e-01,2.211403699400195100e-01,3.797672122333163314e-01,8.048375786143624477e-01,-6.687934007070723830e-01,2.442699933841918081e-01,5.711609598882220196e-01,-6.119495624657462773e-01,-1.479422406589127603e-01,-6.583072083515784101e-01,-5.133737363419558219e-01
1.162589143130960401e-01,3.444427446402413828e-01,7.892408126869777663e-01,-5.593467267030845236e-02,-3.946540764207470131e-01,-1.562034664830737052e-01,7.006071447035906452e-01,6.230798229450160708e-01,-8.499772644613722283e-01,4.309732971406192159e-01,3.693556856802364674e-01,-2.637160400000000404e-01,-1.050363818291605439e-01,-4.909524482036122794e-01,6.902731504450536626e-01,6.075310277494564426e-01,1.355208357089694726e-01,9.542059154374957219e-02,-1.550349248937989977e-01,1.151538011019032082e-02,2.897170728446215593e-01,7.215507665658128511e-01,-1.895822296693669973e-01,5.022962396532865137e-01,5.773794470544969526e-01,1.000000000000000000e+00,-4.530913955122505832e-01,5.570976991438317955e-02,4.718312966903770445e-01,-4.446287921687737121e-01,8.635478422666622578e-01,7.899910402828693723e-01,-7.523877371233202993e-01,3.853709790897789089e-01,8.797517726745378575e-01,-7.784939134790050952e-01,3.844499252638480802e-01,-3.313889776443341706e-01,-2.603027857280574842e-01
-8.106635213985692312e-01,-7.365208808943761731e-01,-5.562160864551862760e-02,1.798662249111720969e-03,-2.585303602337167828e-01,-7.225342282796469451e-02,-6.556538101082752812e-01,-7.774253119044634008e-01,7.041135992774811836e-01,-4.641488928274421499e-01,-1.475570337671472110e-01,9.060251399999998956e-01,-2.582944471100671602e-01,6.007915104650645155e-01,-2.751120154733177614e-01,-3.488759083969144581e-01,1.909410563890317492e-01,2.536281795233428227e-01,5.064013200124509728e-01,4.258711607449627845e-02,-8.999279010287938863e-02,-7.964944459343744620e-01,-2.197656431882136774e-01,-4.089414898542932941e-01,2.636191954238342738e-01,-4.530913955122505832e-01,1.000000000000000000e+00,4.773342155348148652e-01,-6.226907836443980049e-01,9.652184479786101168e-01,-3.618212101438914585e-01,4.026043944149678561e-02,-4.908439189156576371e-02,-4.751755311549441668e-02,-5.920913978157614777e-01,3.124069200892596321e-01,-9.387431704888488104e-01,-6.164196572151272452e-02,-1.849523296990718546e-01
-5.390587572775459302e-01,-7.167297589423038406e-01,2.446858692954728687e-01,3.294730402906556610e-01,2.609661421456636182e-02,2.923619935319912155e-01,-2.508353369080937867e-01,-2.556219586328432047e-01,2.198218863189620453e-01,-1.148543470163265051e-01,-4.623525213198625416e-01,7.391225800000000845e-01,-2.342848150220288583e-01,5.564250791919262973e-01,4.986892626863634881e-01,2.280287865528597413e-01,-1.235390705964569680e-01,7.369880459269113615e-01,3.258115059842839334e-01,3.341574049379004707e-01,2.287465811695434947e-01,-1.454812818424581489e-01,-6.304489226332313789e-01,-5.943619550607746049e-01,7.407236100166888493e-01,5.570976991438317955e-02,4.773342155348148652e-01,1.000000000000000000e+00,-4.907466587396356467e-02,3.668247630698052708e-01,-1.364733107765934983e-01,2.592762302020289455e-01,-1.261422239431217451e-01,-8.099921639314000554e-02,8.223376777965984985e-02,-2.583830688969579459e-01,-2.691945896066778587e-01,-6.673215952012490071e-01,-2.332949991559699621e-01
5.347428800266617044e-01,5.329982784601110524e-01,1.386532856288537063e-01,3.961587692820017770e-01,5.094867670472132959e-01,3.600008542715626425e-01,6.417837021190134772e-01,7.363509910692739302e-01,-3.707571577836901167e-01,7.058540167462063614e-03,-3.487378058911824730e-01,-3.230650000000000466e-01,4.967889115976331649e-02,-1.140711378702133905e-01,6.597133806287308611e-01,2.083221314223959730e-02,2.071956323536318714e-02,2.296619799640442494e-01,-5.197563853914584087e-01,3.224979900531484978e-01,2.572464726821156455e-01,4.007570734191145956e-01,6.303268866223718514e-02,-7.588391203150629018e-03,2.120306857621439001e-01,4.718312966903770445e-01,-6.226907836443980049e-01,-4.907466587396356467e-02,1.000000000000000000e+00,-5.218105260007703805e-01,1.518522948929389438e-01,2.346989175810643979e-01,-2.229145313487074509e-01,3.544751921965953456e-01,6.691730643089415231e-01,-4.281106260018615606e-01,7.730118546030770865e-01,-5.169531763965157234e-01,-1.079549244732515012e-01
-7.280198568935688508e-01,-6.094213678950315405e-01,-9.881781807600760470e-02,1.144432089662896640e-01,-1.609045617970255304e-01,-8.409261203853869715e-02,-5.368426880606657070e-01,-7.327674588570977088e-01,7.409864976008359028e-01,-5.202431536738085782e-01,-2.119069473511366597e-01,8.830420599999999620e-01,-2.205791864039249317e-01,5.918164136159290711e-01,-2.803327429470116594e-01,-5.194294277405607785e-01,1.996551323408962686e-01,2.087935463974765760e-01,3.292101351990405211e-01,2.701022132690718280e-02,-1.427185460291564845e-01,-8.489645669629208857e-01,-6.706950512037596068e-02,-3.938728351095783786e-01,2.211403699400195100e-01,-4.446287921687737121e-01,9.652184479786101168e-01,3.668247630698052708e-01,-5.218105260007703805e-01,1.000000000000000000e+00,-4.034675761565876817e-01,5.226009179262266352e-02,-1.009262791550254029e-01,6.599224798753623722e-02,-5.804865418980457159e-01,3.287486980313164553e-01,-8.802404779271512103e-01,-8.342558047832818180e-02,-1.909516180215775072e-01
3.132753713881070851e-02,3.606045185952998500e-01,8.228634331044581973e-01,-3.900223653409885527e-01,-7.211623729284427631e-01,-3.488725801534698912e-01,5.716651301206443492e-01,4.700607293758969352e-01,-8.891290254799371073e-01,5.173444662774459024e-01,7.360713553820683597e-01,-3.607762599999999598e-01,-9.687809960634610751e-02,-6.569480020354399041e-01,4.105576850207369177e-01,6.547000110151472985e-01,1.662211579644100878e-01,-1.742491338204064655e-01,-2.332369704650457884e-02,-2.440566192373793131e-01,1.525544698970408564e-01,7.081795644970230175e-01,-1.387204805811730057e-01,7.810072912261996070e-01,3.797672122333163314e-01,8.635478422666622578e-01,-3.618212101438914585e-01,-1.364733107765934983e-01,1.518522948929389438e-01,-4.034675761565876817e-01,1.000000000000000000e+00,7.528264500383785585e-01,-6.510706497376954616e-01,2.560498085491936804e-01,7.029102969964514669e-01,-6.142827063762832385e-01,1.564066349063191197e-01,-1.672649160811603281e-02,-1.452024086762191690e-01
-3.701266335961062026e-01,1.355683588865012057e-01,9.500284164541203946e-01,-7.938981693078270285e-02,-5.605675110315904153e-01,-1.494996885776530005e-01,4.933310257066515492e-01,4.196901823948665511e-01,-5.669028034469865140e-01,2.254822795258872720e-02,3.610378191404448045e-01,1.882689799999999192e-01,-4.648734887216199319e-01,-2.467015803994287437e-01,7.097448497607095064e-01,3.740332857929490884e-01,3.526120836293311078e-01,2.961485065648233883e-01,-1.145181368506094782e-01,-2.494651737297922181e-02,3.337243247387113865e-01,3.052803137737884476e-01,-4.270898080240914663e-01,3.976048544584945832e-01,8.048375786143624477e-01,7.899910402828693723e-01,4.026043944149678561e-02,2.592762302020289455e-01,2.346989175810643979e-01,5.226009179262266352e-02,7.528264500383785585e-01,1.000000000000000000e+00,-8.052877638637544466e-01,4.664198860640023092e-01,7.338730492213735301e-01,-6.981368571601331841e-01,-7.396383133662692844e-02,-3.808320136520121912e-01,-5.104576212810477687e-01
3.112208682547655814e-01,1.898781524493990680e-02,-7.480642276649070999e-01,1.913859019627239533e-01,5.165887764033321172e-01,8.385709002402241818e-02,-4.071977377267657627e-01,-2.256009657484618069e-01,4.559552357168357162e-01,-1.987729253455677580e-01,-2.800490869487829437e-01,-1.845771999999999968e-01,3.355558538505809540e-01,1.812260020013903850e-01,-4.822064264318812743e-01,-3.144556828239582491e-01,-1.614384648133104228e-01,-2.650314918552563737e-01,-1.303947665685607771e-01,8.365235432462270193e-02,-2.609296931395686525e-01,-2.584961621247016672e-01,1.840719784390579539e-01,-4.345775339737441012e-01,-6.687934007070723830e-01,-7.523877371233202993e-01,-4.908439189156576371e-02,-1.261422239431217451e-01,-2.229145313487074509e-01,-1.009262791550254029e-01,-6.510706497376954616e-01,-8.052877638637544466e-01,1.000000000000000000e+00,-3.972482671601740289e-01,-5.409739625744987013e-01,4.810495568507189290e-01,1.017703967142916111e-01,3.054846778383986106e-01,2.111130322314908880e-01
-7.327526727776151327e-02,3.059454818850603774e-01,3.091410112916462283e-01,-7.738034261650767430e-03,1.429268955563883087e-02,-4.196651743747795843e-02,5.191061000164940431e-01,3.403769179389254385e-01,-1.365003621598511740e-01,-2.486676600386972247e-01,-1.053349104436456241e-01,5.871474000000009852e-02,-1.839370733181760198e-01,1.098079799346431684e-01,3.746533447716541287e-01,-2.104626518556355630e-01,1.338974994189837120e-01,1.344031449138423373e-01,-4.442724836107375674e-01,-3.658698146701129250e-01,4.829432749591871903e-03,9.834779200953858158e-02,1.850207563693185286e-01,1.703962367034812450e-02,2.442699933841918081e-01,3.853709790897789089e-01,-4.751755311549441668e-02,-8.099921639314000554e-02,3.544751921965953456e-01,6.599224798753623722e-02,2.560498085491936804e-01,4.664198860640023092e-01,-3.972482671601740289e-01,1.000000000000000000e+00,3.567614724168122753e-01,-3.733595346569182905e-01,1.123235758923120109e-01,-4.410995508348352079e-01,-3.765178247946743273e-01
1.879145971567431350e-01,4.752974483948188000e-01,7.572514253491630098e-01,4.297968427067364039e-02,-1.297529134961817876e-01,4.207324566967571289e-02,7.260559730367002196e-01,8.696477814250478389e-01,-8.365097648027950417e-01,1.997410969232917277e-01,2.026076196760210058e-01,-3.366491200000000239e-01,-2.706666512036390859e-01,-4.239450817557138818e-01,8.678854444232663168e-01,5.609899182283155650e-01,1.785962935317480516e-01,2.551194487801351496e-01,-3.931303833539140924e-01,1.054558278411554528e-01,4.575291263227982963e-01,7.218334359750220308e-01,-3.678862342480994641e-01,3.764082129996381143e-01,5.711609598882220196e-01,8.797517726745378575e-01,-5.920913978157614777e-01,8.223376777965984985e-02,6.691730643089415231e-01,-5.804865418980457159e-01,7.029102969964514669e-01,7.338730492213735301e-01,-5.409739625744987013e-01,3.567614724168122753e-01,1.000000000000000000e+00,-8.276707172646634580e-01,5.940711289384128513e-01,-3.783155763328262533e-01,-3.729086104053862538e-01
1.678367164171350179e-02,-2.013631406315622707e-01,-6.943753021934818692e-01,-2.082724349109822681e-02,2.513003438731447603e-01,2.938561946633648225e-01,-3.980249556649426701e-01,-6.246271266060743343e-01,6.813924706891586469e-01,-1.492883228908876980e-02,-2.278616233676185321e-01,1.096679799999999982e-01,1.855530795112549647e-01,1.224218330039143765e-01,-7.470986136984775206e-01,-6.343761157710172682e-01,-3.875997678402916535e-01,-1.731438620705396669e-01,2.224382257607613322e-01,-7.691644282955217848e-02,-5.013559088360907134e-01,-5.823277187493373086e-01,4.703775924490359306e-01,-2.014322685535815671e-01,-6.119495624657462773e-01,-7.784939134790050952e-01,3.124069200892596321e-01,-2.583830688969579459e-01,-4.281106260018615606e-01,3.287486980313164553e-01,-6.142827063762832385e-01,-6.981368571601331841e-01,4.810495568507189290e-01,-3.733595346569182905e-01,-8.276707172646634580e-01,1.000000000000000000e+00,-3.121135517761534084e-01,3.120850363408095296e-01,5.957587880638652855e-01
7.970233125312682354e-01,6.484001499176152983e-01,-3.133747110960877214e-02,2.592299544363978470e-01,5.217041906276999041e-01,2.733134674786145135e-01,6.654548532162921637e-01,7.692708671943855325e-01,-5.333234198380215618e-01,3.275059012302314332e-01,-1.841279098066229969e-01,-7.309470599999999818e-01,2.453266947813702581e-01,-3.749785376750655042e-01,4.241052467230527201e-01,2.050795160500769043e-01,-2.672372456063157875e-01,-2.932250660869506476e-02,-6.019057828705113300e-01,1.023406589753714790e-01,1.123305419893022572e-01,6.827110138677995321e-01,1.797417332908020637e-01,1.228931933506880736e-01,-1.479422406589127603e-01,3.844499252638480802e-01,-9.387431704888488104e-01,-2.691945896066778587e-01,7.730118546030770865e-01,-8.802404779271512103e-01,1.564066349063191197e-01,-7.396383133662692844e-02,1.017703967142916111e-01,1.123235758923120109e-01,5.940711289384128513e-01,-3.121135517761534084e-01,1.000000000000000000e+00,-2.009742864479064917e-01,1.359297446972757006e-01
8.914975371887816358e-02,1.951603670146026814e-01,-2.517110925885205908e-01,-5.250577049143382302e-01,-3.069338819204477375e-01,-5.220645982222205106e-01,-4.004270196499606915e-01,-1.221370623648897619e-01,-2.338384594456255350e-02,-2.312105506250839576e-02,6.250552344459529008e-01,-4.285598600000000147e-01,3.041889857200369418e-02,-3.968636483675301307e-01,-7.135130033597527621e-01,3.633568358759758921e-02,2.945499533690784100e-01,-6.272625516604060092e-01,1.796192975389419022e-01,-2.069254201396910076e-01,-1.255003482871359585e-02,-1.011147582540668777e-01,1.460896411076696988e-01,4.354427907593285130e-01,-6.583072083515784101e-01,-3.313889776443341706e-01,-6.164196572151272452e-02,-6.673215952012490071e-01,-5.169531763965157234e-01,-8.342558047832818180e-02,-1.672649160811603281e-02,-3.808320136520121912e-01,3.054846778383986106e-01,-4.410995508348352079e-01,-3.783155763328262533e-01,3.120850363408095296e-01,-2.009742864479064917e-01,1.000000000000000000e+00,1.624279659938537290e-01
3.381003107608340219e-01,-2.040084512631096941e-02,-4.260924390924700211e-01,-1.191611642154808554e-01,1.422827179490080141e-01,2.430635962415288176e-01,-8.718293247661199064e-03,-2.838021727822953588e-01,1.140586114545981689e-01,5.222543506297773197e-01,-6.765174480310144622e-02,-2.784824799999999767e-01,3.636962836174209013e-01,-1.691722734373521664e-01,-4.453330384364359573e-01,-1.327063269734769235e-01,-6.412276268582879357e-01,-1.286469366065847442e-01,1.482267446020790191e-01,-1.934796489843123579e-01,-4.992576286402675145e-01,4.153369395450273033e-02,4.850810627980401413e-01,7.697747577962882337e-02,-5.133737363419558219e-01,-2.603027857280574842e-01,-1.849523296990718546e-01,-2.332949991559699621e-01,-1.079549244732515012e-01,-1.909516180215775072e-01,-1.452024086762191690e-01,-5.104576212810477687e-01,2.111130322314908880e-01,-3.765178247946743273e-01,-3.729086104053862538e-01,5.957587880638652855e-01,1.359297446972757006e-01,1.624279659938537290e-01,1.000000000000000000e+00
