1.0,-0.31899669390361729,-0.35208419618834114,-0.10112072033859146,-0.25965179869960975,0.042900154018566811,0.10123395862057932,-0.22997774621876285,-0.20069113460049293,0.35303952064559291,0.13107273496936023,0.1719898768641509,0.23310893228315466,0.26381537906876334,0.80350687064539716,-0.5213573235809551,-0.36048407373206803,0.27253684627691799,0.45905627076430733,0.03117691373820082,-0.37202939999999995,0.76245818078415606,-0.080590964836480025,0.12978219822142015,0.59486880574805534,-0.49208345587524299,0.14481845941023516,0.48778118024549633,-0.64860331076152855,0.26842236113841023,0.52794056284624169,-0.53815762609254136,0.23426307439390553,-0.53106551784212375,-0.25700080678076165,0.056197868369792792,-0.7418457983057305,0.68609828025358977,-0.19547522339430856
-0.31899669390361729,1.0,0.4936188585710608,0.071796747375643163,0.46743764752822298,0.10848773695230116,-0.60466285780324236,0.62109506345677867,-0.29420818315407637,-0.25166256137430709,-0.46419606067505054,0.63296897808471708,-0.86447042809081731,0.52136878478680126,-0.093662200463733358,-0.24338021817740119,0.56903972756395216,0.23062220696253227,-0.7779364274171362,-0.38929352088730046,0.51844364000000009,-0.14333495303849356,0.68106633548823325,-0.35036967121859086,0.15169705957744889,-0.025833399970397675,-0.097863782035838981,-0.40266010709940281,0.041529217245895929,0.61255488886235421,-0.61198403269044255,-0.3996683799444557,-0.79098154329056791,-0.087610250374181867,-0.32906836205151607,0.71102450546910967,0.16193620146973789,-0.56630647320160554,-0.24893370434573139
-0.35208419618834114,0.4936188585710608,1.0,-0.55754526525834291,-0.031094982866278743,-0.59473362846830302,-0.1288570388694194,0.71660506871265683,-0.34471676829166475,-0.81184989901883986,-0.090525022429321686,0.69770802757689288,-0.57828003386529891,0.1071727622838433,-0.42513518728229438,-0.51946776578890985,0.81578480419584065,0.51824295768894291,-0.64103436055580432,-0.81831089545284452,0.99770376000000005,-0.28963652300876708,0.85592748241451788,-0.71460588948832271,0.01425029586634928,0.39007743163534686,-0.70662001426837706,-0.35518013272692173,0.49720524168792424,0.62132491871135265,-0.88605971824023211,-0.40955422545364717,-0.63892395501288846,0.40479393667969737,-0.22449560046911859,0.72384245212575071,0.50740050317887764,-0.53992947735647612,-0.34470630410026981
-0.10112072033859146,0.071796747375643163,-0.55754526525834291,1.0,0.36385654884487406,0.24630993822863315,-0.66982199101265694,-0.50863415144829816,0.55147048970355206,0.82885234961975074,-0.26172294192016349,-0.25758313804139221,-0.20562728953491707,-0.049259599646371818,-0.10679081264125508,0.6813762042384599,-0.13689031418582615,-0.66983354458115107,-0.10641483156308397,0.29799247509463955,-0.55256344000000002,-0.37841972465153206,-0.54345878133465653,0.74682422308669627,-0.4426335213599808,0.031971994708765161,0.94914202334997189,0.066368017213840017,-0.13405818690824453,-0.5125312992099279,0.28568918543938743,0.48151934576125272,0.10649441022898258,0.018007017427858891,0.12947926320323538,-0.31062110773848089,-0.10433810241620067,0.16901518470413865,0.347692581215928
-0.25965179869960975,0.46743764752822298,-0.031094982866278743,0.36385654884487406,1.0,0.38026105096789647,-0.39880593698213618,0.39652223667945102,0.076030088683784053,0.2333652012449732,-0.34739997754018875,0.07032096578001297,-0.48558180932907624,0.38045106085403341,-0.036912396554048946,0.15899305116240553,0.25488329510868296,-0.0065770862470379684,-0.30797220986965618,-0.019048883511917847,-0.027931480000000009,-0.034528479946396962,0.16838609543033831,0.10525225986696179,0.16741879501690571,-0.21756810750006089,0.32661136370552885,-0.38284607800805437,0.003860458161313775,0.14830480999725459,-0.30271813014135135,-0.14820242372844122,-0.46976208779640388,-0.090736992826944016,0.06424038453382408,-0.027163612145497704,0.15038012956907784,0.0091196635299655628,0.18105319313212831
0.042900154018566811,0.10848773695230116,-0.59473362846830302,0.24630993822863315,0.38026105096789647,1.0,0.13802809838576716,-0.13110987663288706,0.064219668843662245,0.34190945594738087,-0.07676961531029769,-0.42673714978835242,0.21258129851090535,0.17924153754684097,0.40874867216812572,0.2856764409716761,-0.49463089699594731,-0.10710519416972433,0.21080601615909486,0.70308631354218099,-0.56627460000000007,0.34517359929247476,-0.33380913753564123,0.22691316925619892,0.20769761469705109,-0.62537349468002446,0.30093783352983378,-0.12865223169665174,-0.34460069171294888,-0.15401720733565938,0.47767304316805731,0.081244410315582855,0.10624356452504682,-0.40794414383972177,0.19930696621664945,-0.38018024092675856,-0.22300666202698166,0.014871494803951734,0.2679737288453139
0.10123395862057932,-0.60466285780324236,-0.1288570388694194,-0.66982199101265694,-0.39880593698213618,0.13802809838576716,1.0,-0.097596988687749978,-0.05573661923431434,-0.35829214213424337,0.54339104006577543,-0.51135396170656422,0.81925899978825989,-0.35756582781903418,0.19380484364685144,-0.066242448167391055,-0.48447742464102805,0.29963076955274137,0.5936115463948658,0.38766344539618697,-0.12583668000000003,0.34631489067292925,-0.2241754810417447,-0.31055557052778915,0.15414960114147103,-0.17417703027160894,-0.53539178457095449,-0.0070955397860763139,0.126378474284744,-0.18952708139973429,0.27388145114821888,0.079975870985507264,0.46662700231378168,-0.061815186112028075,0.37425047514385168,-0.41438901505661713,0.071689285694100116,0.045599051086769232,0.18569083563614369
-0.22997774621876285,0.62109506345677867,0.71660506871265683,-0.50863415144829816,0.39652223667945102,-0.13110987663288706,-0.097596988687749978,1.0,-0.56672405020622274,-0.68777721072626696,-0.4019991307472135,0.66249516452414992,-0.60442423939207757,0.63942888707652934,-0.018697889088198374,-0.61609455233379717,0.64744493357816213,0.5237029409415469,-0.49548116140488041,-0.61283569670277405,0.71903509999999993,0.14987364285816915,0.90581593753872169,-0.5327809796496884,0.46848767976478145,0.044451236846851594,-0.62241868329553829,-0.34159897442590914,0.033467851919900711,0.81682581399080445,-0.70363089297560877,-0.66031919908985182,-0.78921817874398204,-0.089991530664048677,-0.43079514190569385,0.62646996280366263,0.14737715709527704,-0.30371919908321027,-0.48611318957173361
-0.20069113460049293,-0.29420818315407637,-0.34471676829166475,0.55147048970355206,0.076030088683784053,0.064219668843662245,-0.05573661923431434,-0.56672405020622274,1.0,0.45742055651970653,0.25632236419062437,-0.53136543760456756,0.17357697201546901,-0.55962969464923784,-0.13266240418646191,0.74662520133068966,-0.18895468274492488,-0.15147670998937357,-0.11193398013520327,0.29198734778999375,-0.32699592,-0.55845177877302932,-0.62961006517627194,0.28059235710440128,-0.75404192251850066,0.1513700823214546,0.52400824646726674,-0.38535416440453962,0.48656062838597458,-0.66878009031256291,0.073254268980977491,0.57673669510967396,0.18635861088807651,0.34455553979537579,0.79077343266286659,-0.41922183245234407,0.44183592277080314,-0.13314824603150538,0.88311102327250846
0.35303952064559291,-0.25166256137430709,-0.81184989901883986,0.82885234961975074,0.2333652012449732,0.34190945594738087,-0.35829214213424337,-0.68777721072626696,0.45742055651970653,1.0,-0.0689910503169541,-0.36244154076871132,0.14909582504776575,-0.074407044491335894,0.2545263010221987,0.49953448715288168,-0.4858633142652784,-0.51891152646514127,0.2984411263810488,0.49840287031767266,-0.82011714000000002,0.07390787456147245,-0.70291116886207272,0.77612264253270058,-0.14086267241939826,-0.25130555437950058,0.94217306924305833,0.25099797388780093,-0.3820295619025324,-0.5093007318135947,0.63575172558483706,0.33701573651416616,0.35504068274160172,-0.29320228670183712,0.181812333671931,-0.46705486753989472,-0.38457353492566537,0.53424924310604949,0.36776068121000011
0.13107273496936023,-0.46419606067505054,-0.090525022429321686,-0.26172294192016349,-0.34739997754018875,-0.07676961531029769,0.54339104006577543,-0.4019991307472135,0.25632236419062437,-0.0689910503169541,1.0,-0.47961611413248184,0.54832113550651518,-0.74038525275262335,-0.079418328678193956,0.1131180244472821,-0.27261497322865336,0.12142118097098648,0.49749840844715221,0.20357663160783407,-0.081684039999999958,-0.076999018494282964,-0.31086674470085818,-0.19839578350433601,-0.058166971066524298,-0.21439279955861595,-0.081563284951956999,0.10581699975043225,0.43724793712898102,-0.36625707833689641,0.14346097975031719,0.13876473234924819,0.56966960263118571,0.3905163299630659,0.51179298358784875,-0.42023586094059834,0.21112042640102985,0.019651026630510163,0.46396788256834204
0.1719898768641509,0.63296897808471708,0.69770802757689288,-0.25758313804139221,0.07032096578001297,-0.42673714978835242,-0.51135396170656422,0.66249516452414992,-0.53136543760456756,-0.36244154076871132,-0.47961611413248184,1.0,-0.78261468580842108,0.60218191824548251,0.065975343087271876,-0.75786594736302981,0.68868843870764274,0.45109281313299604,-0.60278345144926226,-0.8078968890155932,0.68562865999999989,0.15273945548542336,0.86725292331942794,-0.37565311133599055,0.37708223106386451,0.10441418095064206,-0.34051315802979915,-0.085893492401370217,-0.14759148477384762,0.87554992095016071,-0.55755178912658576,-0.72655939864596319,-0.76056741741817735,-0.1456359145831442,-0.61878490966019306,0.90738203336167422,-0.088308939009336923,-0.1430137090141978,-0.61712182037721619
0.23310893228315466,-0.86447042809081731,-0.57828003386529891,-0.20562728953491707,-0.48558180932907624,0.21258129851090535,0.81925899978825989,-0.60442423939207757,0.17357697201546901,0.14909582504776575,0.54832113550651518,-0.78261468580842108,1.0,-0.52411825201284401,0.1864535677265623,0.27824595424714937,-0.77065525197326379,-0.17470106218160242,0.83877121455508663,0.6730917736613995,-0.58436591999999998,0.26885821959863898,-0.69968189605439068,0.1833893917665127,-0.051109746037257153,-0.17504301658716026,-0.030664448999036059,0.31440840885057308,-0.072700109671537061,-0.60694604376946959,0.69339596491257605,0.42624166256686835,0.84487158382656946,-0.076140058977428204,0.39906739042553957,-0.74120836323215722,-0.16298011044648736,0.34888669909738146,0.29049726630772532
0.26381537906876334,0.52136878478680126,0.1071727622838433,-0.049259599646371818,0.38045106085403341,0.17924153754684097,-0.35756582781903418,0.63942888707652934,-0.55962969464923784,-0.074407044491335894,-0.74038525275262335,0.60218191824548251,-0.52411825201284401,1.0,0.51350862784410545,-0.55516674018994905,0.20248945390068557,0.22905464599097847,-0.27272313663039638,-0.2703313883286611,0.10168778000000001,0.51468351908579568,0.55176387418312745,-0.019494885204400791,0.63348276696566308,-0.16542470185699712,-0.093613586372839452,0.089914587425471204,-0.67652455687271329,0.7306812663883272,-0.11254681054262042,-0.67623560924841708,-0.57381186622582014,-0.62399897049390096,-0.72415490690163675,0.5266115347984951,-0.54592536757172772,0.19073679106956493,-0.63338720682621796
0.80350687064539716,-0.093662200463733358,-0.42513518728229438,-0.10679081264125508,-0.036912396554048946,0.40874867216812572,0.19380484364685144,-0.018697889088198374,-0.13266240418646191,0.2545263010221987,-0.079418328678193956,0.065975343087271876,0.1864535677265623,0.51350862784410545,1.0,-0.41287373201650274,-0.46215250574882982,0.4144053714991317,0.27942786895582983,0.23167152263314256,-0.41980810000000002,0.80264179707613326,-0.044196874466266689,0.024540198404626026,0.6048790345970283,-0.55205490181226968,0.065385185344046193,0.18098992435850941,-0.68478050152520009,0.34132311892511547,0.46477580256332202,-0.55736339013931957,0.020932013338875399,-0.74614020306874995,-0.16825346823932302,0.09169270753320477,-0.69214384437539334,0.43610252512521902,-0.078924086983732031
-0.5213573235809551,-0.24338021817740119,-0.51946776578890985,0.6813762042384599,0.15899305116240553,0.2856764409716761,-0.066242448167391055,-0.61609455233379717,0.74662520133068966,0.49953448715288168,0.1131180244472821,-0.75786594736302981,0.27824595424714937,-0.55516674018994905,-0.41287373201650274,1.0,-0.34132202462669214,-0.64256429137484705,0.067093140641651255,0.60100162742302243,-0.50369971999999996,-0.61885445713840026,-0.77126806738678533,0.50132893923971922,-0.76715936970251841,0.20473349150233724,0.60567901926830769,-0.16526442265235367,0.34210064256412115,-0.89546664942762888,0.24653436035025034,0.90898667795959909,0.39490122921309523,0.30583454598972171,0.60493074037454542,-0.66992853526819385,0.35259098806691036,-0.13846091889164974,0.67655571181270657
-0.36048407373206803,0.56903972756395216,0.81578480419584065,-0.13689031418582615,0.25488329510868296,-0.49463089699594731,-0.48447742464102805,0.64744493357816213,-0.18895468274492488,-0.4858633142652784,-0.27261497322865336,0.68868843870764274,-0.77065525197326379,0.20248945390068557,-0.46215250574882982,-0.34132202462669214,1.0,0.22900662674706848,-0.68646267831131724,-0.86017860918362121,0.81342271999999993,-0.37585115135049241,0.73707321586269747,-0.30865086271890102,-0.05274942785936762,0.23440947118064953,-0.30526750740535696,-0.37389014638553791,0.38552328003622782,0.52079873379163055,-0.82178977159498001,-0.34165981177353433,-0.71040897351480359,0.44585700667130307,-0.22873039418187119,0.61411443845852964,0.45892934084978848,-0.41950173059830981,-0.25821701966163929
0.27253684627691799,0.23062220696253227,0.51824295768894291,-0.66983354458115107,-0.0065770862470379684,-0.10710519416972433,0.29963076955274137,0.5237029409415469,-0.15147670998937357,-0.51891152646514127,0.12142118097098648,0.45109281313299604,-0.17470106218160242,0.22905464599097847,0.4144053714991317,-0.64256429137484705,0.22900662674706848,1.0,-0.30989283335453133,-0.37287494993521386,0.52716611999999996,0.32595200263239332,0.58804808056190017,-0.75754555811888247,0.36713999218233923,-0.1507785924847127,-0.62185796179806896,-0.44633286279632944,0.1872807141703467,0.67053699135480271,-0.44650741268820049,-0.70402340088114579,-0.50062502346954529,-0.17384238237959299,0.091110186063741994,0.54863158471819029,0.17282901424046138,-0.23195101335410176,0.020646015803096798
0.45905627076430733,-0.7779364274171362,-0.64103436055580432,-0.10641483156308397,-0.30797220986965618,0.21080601615909486,0.5936115463948658,-0.49548116140488041,-0.11193398013520327,0.2984411263810488,0.49749840844715221,-0.60278345144926226,0.83877121455508663,-0.27272313663039638,0.27942786895582983,0.067093140641651255,-0.68646267831131724,-0.30989283335453133,1.0,0.54963797955683569,-0.65974068000000008,0.48818893184334811,-0.57365571681222793,0.3916792299283815,0.31767127327149081,-0.37315105272583188,0.13850088190560489,0.62479058629372397,-0.38202256745103563,-0.43055211502501989,0.77921203766790004,0.17097485225220696,0.82875934528472239,-0.21556990556784464,0.049040988447588918,-0.72624876535733429,-0.49796482764616595,0.67695447434974321,0.01121299510367786
0.03117691373820082,-0.38929352088730046,-0.81831089545284452,0.29799247509463955,-0.019048883511917847,0.70308631354218099,0.38766344539618697,-0.61283569670277405,0.29198734778999375,0.49840287031767266,0.20357663160783407,-0.8078968890155932,0.6730917736613995,-0.2703313883286611,0.23167152263314256,0.60100162742302243,-0.86017860918362121,-0.37287494993521386,0.54963797955683569,1.0,-0.80901206000000003,0.15347297385898259,-0.7837046196082339,0.37789881951797366,-0.12391929298764828,-0.32879157384722929,0.40289642689302019,0.15599143444877295,-0.2194085827298996,-0.6564563034486125,0.71865940490430724,0.53505849896103086,0.62148471456122645,-0.34958932089095335,0.38131766185402138,-0.74012066830750778,-0.22063001727859552,0.20370081827224262,0.41934048541204849
-0.37202939999999995,0.51844364000000009,0.99770376000000005,-0.55256344000000002,-0.027931480000000009,-0.56627460000000007,-0.12583668000000003,0.71903509999999993,-0.32699592,-0.82011714000000002,-0.081684039999999958,0.68562865999999989,-0.58436591999999998,0.10168778000000001,-0.41980810000000002,-0.50369971999999996,0.81342271999999993,0.52716611999999996,-0.65974068000000008,-0.80901206000000003,1.0,-0.30187235999999995,0.85571127999999996,-0.72510681999999993,0.0015701599999999871,0.38358742000000001,-0.70854060000000008,-0.39065046000000003,0.5146475399999999,0.62026106000000003,-0.89276913999999996,-0.40286929999999999,-0.65238355999999997,0.41120888,-0.20007414000000001,0.73083863999999998,0.52723074000000003,-0.58453986000000002,-0.31750328000000005
0.76245818078415606,-0.14333495303849356,-0.28963652300876708,-0.37841972465153206,-0.034528479946396962,0.34517359929247476,0.34631489067292925,0.14987364285816915,-0.55845177877302932,0.07390787456147245,-0.076999018494282964,0.15273945548542336,0.26885821959863898,0.51468351908579568,0.80264179707613326,-0.61885445713840026,-0.37585115135049241,0.32595200263239332,0.48818893184334811,0.15347297385898259,-0.30187235999999995,1.0,0.12123350488673842,-0.029894528246390564,0.86660426047003658,-0.63309824826647509,-0.17230251993306547,0.31318779108580924,-0.7529441256613929,0.45025179924630998,0.4684519430082984,-0.60990773219860206,0.066325589318852282,-0.75024003543016071,-0.34992202142692597,0.049855279643748897,-0.70614551276263315,0.52145385626561247,-0.37895368353283082
-0.080590964836480025,0.68106633548823325,0.85592748241451788,-0.54345878133465653,0.16838609543033831,-0.33380913753564123,-0.2241754810417447,0.90581593753872169,-0.62961006517627194,-0.70291116886207272,-0.31086674470085818,0.86725292331942794,-0.69968189605439068,0.55176387418312745,-0.044196874466266689,-0.77126806738678533,0.73707321586269747,0.58804808056190017,-0.57365571681222793,-0.7837046196082339,0.85571127999999996,0.12123350488673842,1.0,-0.63596869391680622,0.4528689490741567,0.087451526262673468,-0.6433568716035184,-0.24026267631068846,0.060416372695762229,0.91652349857525151,-0.7434677865780901,-0.74889223255334303,-0.78280373234055778,-0.01022222579163818,-0.51950015041760311,0.84077212206710306,0.11951537329608528,-0.34485108530454178,-0.57818954849443582
0.12978219822142015,-0.35036967121859086,-0.71460588948832271,0.74682422308669627,0.10525225986696179,0.22691316925619892,-0.31055557052778915,-0.5327809796496884,0.28059235710440128,0.77612264253270058,-0.19839578350433601,-0.37565311133599055,0.1833893917665127,-0.019494885204400791,0.024540198404626026,0.50132893923971922,-0.30865086271890102,-0.75754555811888247,0.3916792299283815,0.37789881951797366,-0.72510681999999993,-0.029894528246390564,-0.63596869391680622,1.0,-0.18776341639625596,-0.039953160809040496,0.78361398044453756,0.36793785980800192,-0.40418983292546856,-0.54965927097401712,0.63100967433768884,0.45422824933601202,0.36634724826931947,-0.16996247222265057,-0.031989734583524415,-0.56021908991015401,-0.39087700748525128,0.54489952507123796,0.10744056544357491
0.59486880574805534,0.15169705957744889,0.01425029586634928,-0.4426335213599808,0.16741879501690571,0.20769761469705109,0.15414960114147103,0.46848767976478145,-0.75404192251850066,-0.14086267241939826,-0.058166971066524298,0.37708223106386451,-0.051109746037257153,0.63348276696566308,0.6048790345970283,-0.76715936970251841,-0.05274942785936762,0.36713999218233923,0.31767127327149081,-0.12391929298764828,0.0015701599999999871,0.86660426047003658,0.4528689490741567,-0.18776341639625596,1.0,-0.581080254664601,-0.27075778160024166,0.32832892138218911,-0.63634644230133774,0.67186550398299349,0.13403838320557954,-0.80656606143729448,-0.1406970569098713,-0.58031977198288498,-0.55704117344034765,0.23076190359292356,-0.62468620604931235,0.42364199525920099,-0.55640569917621563
-0.49208345587524299,-0.025833399970397675,0.39007743163534686,0.031971994708765161,-0.21756810750006089,-0.62537349468002446,-0.17417703027160894,0.044451236846851594,0.1513700823214546,-0.25130555437950058,-0.21439279955861595,0.10441418095064206,-0.17504301658716026,-0.16542470185699712,-0.55205490181226968,0.20473349150233724,0.23440947118064953,-0.1507785924847127,-0.37315105272583188,-0.32879157384722929,0.38358742000000001,-0.63309824826647509,0.087451526262673468,-0.039953160809040496,-0.581080254664601,1.0,-0.163489722969378,-0.040635814787290149,0.40143195546285698,-0.15506333621295076,-0.39850899265331768,0.37651955666445802,-0.093712128074863149,0.41551305813395389,-0.078674236957752886,0.20264186034294551,0.34606895123241832,-0.22559802274512558,-0.11714136270778469
0.14481845941023516,-0.097863782035838981,-0.70662001426837706,0.94914202334997189,0.32661136370552885,0.30093783352983378,-0.53539178457095449,-0.62241868329553829,0.52400824646726674,0.94217306924305833,-0.081563284951956999,-0.34051315802979915,-0.030664448999036059,-0.093613586372839452,0.065385185344046193,0.60567901926830769,-0.30526750740535696,-0.62185796179806896,0.13850088190560489,0.40289642689302019,-0.70854060000000008,-0.17230251993306547,-0.6433568716035184,0.78361398044453756,-0.27075778160024166,-0.163489722969378,1.0,0.20967083316881846,-0.24591695267027969,-0.536694001991735,0.46715706816405134,0.39527470694846611,0.275502413466927,-0.090051295145306465,0.15941286204129088,-0.43881468197367707,-0.26108475827994526,0.39026087499315604,0.38315830844043625
0.48778118024549633,-0.40266010709940281,-0.35518013272692173,0.066368017213840017,-0.38284607800805437,-0.12865223169665174,-0.0070955397860763139,-0.34159897442590914,-0.38535416440453962,0.25099797388780093,0.10581699975043225,-0.085893492401370217,0.31440840885057308,0.089914587425471204,0.18098992435850941,-0.16526442265235367,-0.37389014638553791,-0.44633286279632944,0.62479058629372397,0.15599143444877295,-0.39065046000000003,0.31318779108580924,-0.24026267631068846,0.36793785980800192,0.32832892138218911,-0.040635814787290149,0.20967083316881846,1.0,-0.60986312525074504,-0.12839766237242134,0.55672377563707609,-0.031572192383833096,0.62935546899015049,-0.15684407167724251,-0.59540767730386401,-0.23668813853745047,-0.77030762174805079,0.71862735079876894,-0.54008103772938432
-0.64860331076152855,0.041529217245895929,0.49720524168792424,-0.13405818690824453,0.003860458161313775,-0.34460069171294888,0.126378474284744,0.033467851919900711,0.48656062838597458,-0.3820295619025324,0.43724793712898102,-0.14759148477384762,-0.072700109671537061,-0.67652455687271329,-0.68478050152520009,0.34210064256412115,0.38552328003622782,0.1872807141703467,-0.38202256745103563,-0.2194085827298996,0.5146475399999999,-0.7529441256613929,0.060416372695762229,-0.40418983292546856,-0.63634644230133774,0.40143195546285698,-0.24591695267027969,-0.60986312525074504,1.0,-0.25580420742420301,-0.60921285187653673,0.35762781144378908,-0.13546793918228256,0.75015596969342491,0.65224192628787869,-0.018388953286759872,0.94734198584067175,-0.63982715709596738,0.56046093511558515
0.26842236113841023,0.61255488886235421,0.62132491871135265,-0.5125312992099279,0.14830480999725459,-0.15401720733565938,-0.18952708139973429,0.81682581399080445,-0.66878009031256291,-0.5093007318135947,-0.36625707833689641,0.87554992095016071,-0.60694604376946959,0.7306812663883272,0.34132311892511547,-0.89546664942762888,0.52079873379163055,0.67053699135480271,-0.43055211502501989,-0.6564563034486125,0.62026106000000003,0.45025179924630998,0.91652349857525151,-0.54965927097401712,0.67186550398299349,-0.15506333621295076,-0.536694001991735,-0.12839766237242134,-0.25580420742420301,1.0,-0.48669519703642583,-0.91803989656352236,-0.72779235767690054,-0.31613159502236982,-0.58499180628290737,0.83902799879847112,-0.18726014070588337,-0.12642877825799403,-0.60652550887021128
0.52794056284624169,-0.61198403269044255,-0.88605971824023211,0.28568918543938743,-0.30271813014135135,0.47767304316805731,0.27388145114821888,-0.70363089297560877,0.073254268980977491,0.63575172558483706,0.14346097975031719,-0.55755178912658576,0.69339596491257605,-0.11254681054262042,0.46477580256332202,0.24653436035025034,-0.82178977159498001,-0.44650741268820049,0.77921203766790004,0.71865940490430724,-0.89276913999999996,0.4684519430082984,-0.7434677865780901,0.63100967433768884,0.13403838320557954,-0.39850899265331768,0.46715706816405134,0.55672377563707609,-0.60921285187653673,-0.48669519703642583,1.0,0.28710208441920593,0.72623834114363628,-0.42940265713385867,0.031332149810527704,-0.6226675143817364,-0.64514421882766915,0.61192397984865332,0.076274746435715343
-0.53815762609254136,-0.3996683799444557,-0.40955422545364717,0.48151934576125272,-0.14820242372844122,0.081244410315582855,0.079975870985507264,-0.66031919908985182,0.57673669510967396,0.33701573651416616,0.13876473234924819,-0.72655939864596319,0.42624166256686835,-0.67623560924841708,-0.55736339013931957,0.90898667795959909,-0.34165981177353433,-0.70402340088114579,0.17097485225220696,0.53505849896103086,-0.40286929999999999,-0.60990773219860206,-0.74889223255334303,0.45422824933601202,-0.80656606143729448,0.37651955666445802,0.39527470694846611,-0.031572192383833096,0.35762781144378908,-0.91803989656352236,0.28710208441920593,1.0,0.52392449310668587,0.37979516433300725,0.5106066788969521,-0.64435330261540602,0.3604796634505209,-0.14570601280891396,0.48802910759526652
0.23426307439390553,-0.79098154329056791,-0.63892395501288846,0.10649441022898258,-0.46976208779640388,0.10624356452504682,0.46662700231378168,-0.78921817874398204,0.18635861088807651,0.35504068274160172,0.56966960263118571,-0.76056741741817735,0.84487158382656946,-0.57381186622582014,0.020932013338875399,0.39490122921309523,-0.71040897351480359,-0.50062502346954529,0.82875934528472239,0.62148471456122645,-0.65238355999999997,0.066325589318852282,-0.78280373234055778,0.36634724826931947,-0.1406970569098713,-0.093712128074863149,0.275502413466927,0.62935546899015049,-0.13546793918228256,-0.72779235767690054,0.72623834114363628,0.52392449310668587,1.0,0.11807221578242653,0.20670146787118537,-0.75437838457482131,-0.29629169381450698,0.46782629742753074,0.18628707945211287
-0.53106551784212375,-0.087610250374181867,0.40479393667969737,0.018007017427858891,-0.090736992826944016,-0.40794414383972177,-0.061815186112028075,-0.089991530664048677,0.34455553979537579,-0.29320228670183712,0.3905163299630659,-0.1456359145831442,-0.076140058977428204,-0.62399897049390096,-0.74614020306874995,0.30583454598972171,0.44585700667130307,-0.17384238237959299,-0.21556990556784464,-0.34958932089095335,0.41120888,-0.75024003543016071,-0.01022222579163818,-0.16996247222265057,-0.58031977198288498,0.41551305813395389,-0.090051295145306465,-0.15684407167724251,0.75015596969342491,-0.31613159502236982,-0.42940265713385867,0.37979516433300725,0.11807221578242653,1.0,0.3275073343938511,-0.091204614564106182,0.66875934629041489,-0.37849887549618944,0.26264775063329532
-0.25700080678076165,-0.32906836205151607,-0.22449560046911859,0.12947926320323538,0.06424038453382408,0.19930696621664945,0.37425047514385168,-0.43079514190569385,0.79077343266286659,0.181812333671931,0.51179298358784875,-0.61878490966019306,0.39906739042553957,-0.72415490690163675,-0.16825346823932302,0.60493074037454542,-0.22873039418187119,0.091110186063741994,0.049040988447588918,0.38131766185402138,-0.20007414000000001,-0.34992202142692597,-0.51950015041760311,-0.031989734583524415,-0.55704117344034765,-0.078674236957752886,0.15941286204129088,-0.59540767730386401,0.65224192628787869,-0.58499180628290737,0.031332149810527704,0.5106066788969521,0.20670146787118537,0.3275073343938511,1.0,-0.48171458518032162,0.64928015018573126,-0.30606642573754822,0.95636204545988335
0.056197868369792792,0.71102450546910967,0.72384245212575071,-0.31062110773848089,-0.027163612145497704,-0.38018024092675856,-0.41438901505661713,0.62646996280366263,-0.41922183245234407,-0.46705486753989472,-0.42023586094059834,0.90738203336167422,-0.74120836323215722,0.5266115347984951,0.09169270753320477,-0.66992853526819385,0.61411443845852964,0.54863158471819029,-0.72624876535733429,-0.74012066830750778,0.73083863999999998,0.049855279643748897,0.84077212206710306,-0.56021908991015401,0.23076190359292356,0.20264186034294551,-0.43881468197367707,-0.23668813853745047,-0.018388953286759872,0.83902799879847112,-0.6226675143817364,-0.64435330261540602,-0.75437838457482131,-0.091204614564106182,-0.48171458518032162,1.0,0.034705136114639622,-0.40218374667514539,-0.48834626978509754
-0.7418457983057305,0.16193620146973789,0.50740050317887764,-0.10433810241620067,0.15038012956907784,-0.22300666202698166,0.071689285694100116,0.14737715709527704,0.44183592277080314,-0.38457353492566537,0.21112042640102985,-0.088308939009336923,-0.16298011044648736,-0.54592536757172772,-0.69214384437539334,0.35259098806691036,0.45892934084978848,0.17282901424046138,-0.49796482764616595,-0.22063001727859552,0.52723074000000003,-0.70614551276263315,0.11951537329608528,-0.39087700748525128,-0.62468620604931235,0.34606895123241832,-0.26108475827994526,-0.77030762174805079,0.94734198584067175,-0.18726014070588337,-0.64514421882766915,0.3604796634505209,-0.29629169381450698,0.66875934629041489,0.64928015018573126,0.034705136114639622,1.0,-0.73230531895247841,0.53488219675077964
0.68609828025358977,-0.56630647320160554,-0.53992947735647612,0.16901518470413865,0.0091196635299655628,0.014871494803951734,0.045599051086769232,-0.30371919908321027,-0.13314824603150538,0.53424924310604949,0.019651026630510163,-0.1430137090141978,0.34888669909738146,0.19073679106956493,0.43610252512521902,-0.13846091889164974,-0.41950173059830981,-0.23195101335410176,0.67695447434974321,0.20370081827224262,-0.58453986000000002,0.52145385626561247,-0.34485108530454178,0.54489952507123796,0.42364199525920099,-0.22559802274512558,0.39026087499315604,0.71862735079876894,-0.63982715709596738,-0.12642877825799403,0.61192397984865332,-0.14570601280891396,0.46782629742753074,-0.37849887549618944,-0.30606642573754822,-0.40218374667514539,-0.73230531895247841,1.0,-0.22389910182185432
-0.19547522339430856,-0.24893370434573139,-0.34470630410026981,0.347692581215928,0.18105319313212831,0.2679737288453139,0.18569083563614369,-0.48611318957173361,0.88311102327250846,0.36776068121000011,0.46396788256834204,-0.61712182037721619,0.29049726630772532,-0.63338720682621796,-0.078924086983732031,0.67655571181270657,-0.25821701966163929,0.020646015803096798,0.01121299510367786,0.41934048541204849,-0.31750328000000005,-0.37895368353283082,-0.57818954849443582,0.10744056544357491,-0.55640569917621563,-0.11714136270778469,0.38315830844043625,-0.54008103772938432,0.56046093511558515,-0.60652550887021128,0.076274746435715343,0.48802910759526652,0.18628707945211287,0.26264775063329532,0.95636204545988335,-0.48834626978509754,0.53488219675077964,-0.22389910182185432,1.0
