1.000000000000000000e+00,7.444218400595835616e-01,6.051606850168488316e-01,6.451179963416583396e-01,1.005871510584078893e-01,-1.146365503217539605e-01,1.340916762984045996e-01,4.420423389993806129e-01,-5.830434268579969270e-01,-2.269264016836950448e-01,6.906557459409874422e-01,-7.348978480236655342e-01,4.316253371725207177e-01,-5.782521303922396466e-02,-4.743174399999999791e-01,3.078480985385754209e-01,-4.422280376243125088e-01,-1.376891667489555104e-01,6.077396966122595723e-01,5.758351993165783389e-01,5.204969347697440130e-01,-4.796315403375704667e-02,4.532663685435112666e-01,2.791083855047328810e-01,3.084454963732726762e-01,-3.641784746431517283e-01,-6.751733094141838531e-01,3.592389815928777042e-01,3.623380248641765167e-02,5.397703415997141541e-01,1.737991264813677217e-01,4.588214263567061413e-02,1.584511342465918515e-01,1.735163796043257267e-01,2.406384468468341087e-01,-7.058096960007986809e-01,3.597921354549106221e-01,-3.442473845725459447e-01,-7.471941026896857796e-01
7.444218400595835616e-01,1.000000000000000000e+00,3.864903765896632315e-01,5.875577660271512626e-01,-1.119161981526307498e-01,-1.340930636954900529e-02,1.749989570531172156e-01,5.092875101450191622e-01,-4.045999997606395393e-01,-1.311701299132956855e-01,5.450925751596085167e-01,-8.685901872547749925e-01,4.024835596071489885e-01,8.231337632757339262e-02,-5.169390799999999953e-01,1.592652102081319743e-01,-4.991664522502216594e-01,-3.988453156794048993e-01,5.362345349800903271e-01,5.337463875500979560e-01,3.628852169336569955e-01,1.302247860135589408e-01,5.218724689553623231e-01,1.950518640968327000e-01,5.917010151282287023e-01,-2.825607316755646692e-01,-5.557116404952493482e-01,3.148435121849682550e-01,3.181242721543817709e-01,5.037175363150566687e-01,2.538852244057033802e-01,-2.649391766374417645e-02,3.708774452725268622e-01,-9.753255090290779972e-02,4.951081281325439565e-02,-5.906885721519528065e-01,4.441413946213323971e-01,-4.999374759940434232e-01,-7.207963887404239545e-01
6.051606850168488316e-01,3.864903765896632315e-01,1.000000000000000000e+00,5.247432796191991988e-01,-1.446623207940329614e-01,-5.743397923333930927e-02,-5.917349003311622724e-01,1.258639887756441145e-01,-4.645740685151570903e-01,-7.478346446667978320e-01,6.750402594465851891e-01,-2.409633832766959194e-01,6.670542154899909981e-01,-7.631628905178886035e-02,-2.180062600000000073e-01,7.505981320822967540e-01,-1.734403243979136811e-01,8.752954543866589554e-02,4.703342277377470237e-01,3.385597219728334606e-01,5.462784962580795600e-01,-1.226557418151000001e-01,1.567321774064053264e-01,-3.042983516107697350e-01,6.945734616765329716e-02,-3.739326734153567422e-01,-4.305012051973652332e-01,4.338324081441494173e-01,-1.171487425433865026e-01,8.015640941644061046e-01,-9.987656497245933629e-02,3.777452175122034683e-01,3.608549761577413695e-01,-3.201090454119331907e-01,-2.243572432677629069e-01,-3.255002211831687364e-01,7.264546315826209133e-02,-9.522002152201636260e-02,-3.101924046616449937e-01
6.451179963416583396e-01,5.875577660271512626e-01,5.247432796191991988e-01,1.000000000000000000e+00,-3.898223545581063765e-01,-7.020002751651949202e-02,-1.890206628373569675e-01,5.996612520530650858e-01,-7.700464012821751636e-01,-4.299621416184255529e-01,9.265441798408986518e-01,-6.405627644654201536e-01,3.902623281336080052e-01,5.131323292630052268e-01,-6.913665199999999844e-01,6.326028936119897361e-01,-6.554920468472777983e-01,9.817829938056906597e-03,9.538887149917426589e-01,8.378303516461046430e-01,7.776319791514657576e-01,2.548425336785900552e-01,6.494815863001739409e-01,-1.196087860333812924e-01,5.579848182954703084e-01,-2.497878050349959800e-01,-7.342682997006022561e-01,6.781264204065678980e-01,-2.973638437284900071e-01,7.795735725898146340e-01,5.314238151517732822e-01,5.163124540442214777e-02,3.765301296941185871e-01,-1.130944315320435017e-01,3.232199176053395795e-01,-4.895071103900379694e-01,5.414655797521248370e-01,-1.344226943046096523e-01,-8.640965235698951918e-01
1.005871510584078893e-01,-1.119161981526307498e-01,-1.446623207940329614e-01,-3.898223545581063765e-01,1.000000000000000000e+00,-4.107315872956889824e-01,1.987307548096255982e-01,-7.092884130970428247e-01,-4.810736658324255011e-02,1.313664715850899056e-01,-1.323709299756261060e-01,8.386347497648306837e-02,-9.347161958345688582e-02,-4.228902674974439058e-01,7.274700400000000400e-01,-3.514548327727801680e-01,7.323366803796869107e-01,5.674020168516495932e-01,-5.383739474926352298e-01,-6.367664942393844729e-01,3.274468466495228380e-02,1.880709941120508807e-02,-7.165841968517074889e-01,2.979656169274262356e-01,-7.409036886661736210e-01,-2.710672184494446468e-01,5.737899326192724692e-01,-8.239908280305349164e-01,3.248447060366291272e-01,-5.930549140286950349e-01,-7.239783439030654799e-01,5.558779296443703277e-01,-7.517858882504123708e-01,1.885636440569971387e-02,-4.102124091453519528e-01,1.570420947099232523e-01,-7.475869720522366757e-01,-5.366379498925458735e-01,2.199192695503656703e-01
-1.146365503217539605e-01,-1.340930636954900529e-02,-5.743397923333930927e-02,-7.020002751651949202e-02,-4.107315872956889824e-01,1.000000000000000000e+00,1.880287088542123286e-01,4.172423275718458724e-01,5.275168987070867344e-01,2.702907074963256662e-01,-2.889579823334066377e-01,-1.860190366835483000e-01,2.221423053999029007e-01,-3.158518605574545113e-01,-3.575886400000000132e-01,8.585181631552664394e-02,-3.579198524401345227e-01,-5.896518358627944600e-01,1.734862128516234114e-01,2.453345536845387143e-01,-5.164521836591442483e-01,-2.999990932215521600e-01,3.653169788837647980e-01,2.948301418335128044e-01,4.427292919942568128e-01,4.912233563018112426e-01,-3.141867052207434341e-01,3.596925629504635902e-01,3.316206659746511257e-03,1.179488210812193599e-01,2.244933337012995078e-01,-6.332139091347130933e-01,2.897020281745866788e-01,3.880634529283107925e-01,4.858592736523176248e-01,-9.072367699501476812e-02,4.400503858232471810e-01,2.560885718033430458e-01,5.681190358957349806e-02
1.340916762984045996e-01,1.749989570531172156e-01,-5.917349003311622724e-01,-1.890206628373569675e-01,1.987307548096255982e-01,1.880287088542123286e-01,1.000000000000000000e+00,2.871368754844796367e-01,1.399640570940597073e-01,8.836324475238308551e-01,-3.057072503039673927e-01,-4.000439585096824402e-01,-1.767193484108471602e-01,-2.608637441976978111e-01,-1.893258399999999675e-01,-7.238106006072302367e-01,-1.971278648937693223e-01,-3.517927724521581756e-01,-1.084674698462884251e-01,1.284455289498907249e-01,-4.106997182220328835e-01,1.321682648218355793e-01,2.573072610188720244e-01,6.429125367859868101e-01,2.057046455851525568e-01,1.738210231804824049e-02,-4.656368829204171611e-02,-2.192579679021190997e-01,4.450306382370229352e-01,-4.077444821933849384e-01,2.955674116957272002e-01,-5.486451659722402230e-01,-2.079280975125345765e-01,7.236621594549650371e-01,4.773549516147144178e-01,-4.168543980622302914e-01,2.885955532387064482e-01,-1.778419444785177272e-01,-2.820786498890592853e-01
4.420423389993806129e-01,5.092875101450191622e-01,1.258639887756441145e-01,5.996612520530650858e-01,-7.092884130970428247e-01,4.172423275718458724e-01,2.871368754844796367e-01,1.000000000000000000e+00,-1.658425647011920467e-01,1.519308702196436323e-01,3.284734428422947383e-01,-6.251338448094604372e-01,1.801733372336254413e-01,3.136842937978099877e-01,-9.897498399999999918e-01,1.228525021494696751e-01,-9.908625491318185929e-01,-7.319509482332745565e-01,7.514455562069757288e-01,9.206131030845491336e-01,7.129747973966561736e-02,-8.623147979945317010e-03,9.954376846268397916e-01,2.003458803867611826e-01,9.384201378171288521e-01,1.099957095695195258e-01,-8.827095774493761704e-01,8.573734857801232900e-01,-2.342774026212407767e-01,5.875093975868169727e-01,8.929307661818602915e-01,-7.397898591016104364e-01,5.976031576702841575e-01,4.150708374629499264e-01,7.558839898118998590e-01,-6.659858819713851963e-01,9.948353654848776095e-01,2.519818440241490820e-01,-6.825770309462253493e-01
-5.830434268579969270e-01,-4.045999997606395393e-01,-4.645740685151570903e-01,-7.700464012821751636e-01,-4.810736658324255011e-02,5.275168987070867344e-01,1.399640570940597073e-01,-1.658425647011920467e-01,1.000000000000000000e+00,3.895955299141494188e-01,-9.030192723256100784e-01,4.099446109024009743e-01,-3.230427395731282347e-01,-4.669458500974852377e-01,2.753429199999999355e-01,-4.314881359561948404e-01,2.329663154571684769e-01,-4.377100663005599190e-01,-5.756442828710532922e-01,-4.967631154240275682e-01,-8.969174765122445159e-01,-4.930503461226266593e-01,-2.439800481722307901e-01,2.951953755703452531e-01,-7.433713777953068758e-02,6.947452078781259921e-01,2.915750810553170980e-01,-2.171447558618469498e-01,4.128133772772019788e-02,-5.267755572627037530e-01,-2.557778808848223395e-01,-4.447419429662469725e-01,-1.530194612956352687e-02,2.054955730204028885e-01,5.968325711687574864e-02,4.643745446590760717e-01,-1.060394511067618839e-01,2.752156769980083073e-01,7.484874387400262119e-01
-2.269264016836950448e-01,-1.311701299132956855e-01,-7.478346446667978320e-01,-4.299621416184255529e-01,1.313664715850899056e-01,2.702907074963256662e-01,8.836324475238308551e-01,1.519308702196436323e-01,3.895955299141494188e-01,1.000000000000000000e+00,-5.766532507215130776e-01,-7.928177917976750311e-02,-2.380227488211240638e-01,-2.918297455634639714e-01,-4.252226000000003392e-02,-8.059053006485387138e-01,-5.247383297570536176e-02,-3.431433557237241194e-01,-3.109487958193890011e-01,-6.116179456690771371e-02,-5.948477492806596434e-01,1.816136282707312422e-01,1.136897954775928227e-01,5.228276875376658417e-01,1.139703119647523105e-01,1.762640274454435885e-01,1.692390793189952058e-01,-2.903858893304969713e-01,3.261460175693111085e-01,-5.790160802150684516e-01,2.385501497450988884e-01,-6.034541153178769601e-01,-2.306545180740316447e-01,6.222021147903944449e-01,4.126989609063407283e-01,-2.192650899278309196e-01,1.871021127507298265e-01,5.350722978132829016e-02,2.860628900112567596e-02
6.906557459409874422e-01,5.450925751596085167e-01,6.750402594465851891e-01,9.265441798408986518e-01,-1.323709299756261060e-01,-2.889579823334066377e-01,-3.057072503039673927e-01,3.284734428422947383e-01,-9.030192723256100784e-01,-5.766532507215130776e-01,1.000000000000000000e+00,-5.477062723452499338e-01,4.583043871482766485e-01,4.212905604846524099e-01,-4.424348000000000170e-01,6.569463507177203399e-01,-3.968192995179027904e-01,2.741453500683129763e-01,7.948535966106351491e-01,6.448016722297496006e-01,8.928956252221670331e-01,2.800147375749492684e-01,3.925282088125933155e-01,-2.249365754526657379e-01,2.701542915333748907e-01,-4.942504611147897631e-01,-5.367773164646795214e-01,4.641066070020557488e-01,-1.845910472951503012e-01,7.527982609999941399e-01,2.764942802907356389e-01,3.659007819877868606e-01,2.128897566686868692e-01,-2.346169692801308160e-01,3.888866690138228360e-02,-4.558000153196148929e-01,2.572409774956881390e-01,-2.709923681093251990e-01,-7.950552927130090097e-01
-7.348978480236655342e-01,-8.685901872547749925e-01,-2.409633832766959194e-01,-6.405627644654201536e-01,8.386347497648306837e-02,-1.860190366835483000e-01,-4.000439585096824402e-01,-6.251338448094604372e-01,4.099446109024009743e-01,-7.928177917976750311e-02,-5.477062723452499338e-01,1.000000000000000000e+00,-4.161134632826431479e-01,-4.326974110345133129e-02,6.269837000000000327e-01,-8.251020596214372893e-02,6.084810033239271831e-01,3.744515340941231285e-01,-6.420100293218830023e-01,-6.722611012280054199e-01,-3.126115868512058249e-01,-1.963485890067722672e-01,-6.351970259946364550e-01,-3.459782452365633421e-01,-6.492721846746494219e-01,2.505425314283412086e-01,6.090274264204004195e-01,-3.660942395945012695e-01,-2.766124630297934761e-01,-4.717978754807669040e-01,-4.138074821487129906e-01,2.073882275676606213e-01,-2.957441664429454331e-01,-2.177342535074173469e-01,-3.313717390059821022e-01,6.562753046809096658e-01,-5.640238827096322183e-01,5.022381711004157978e-01,8.366027932695684344e-01
4.316253371725207177e-01,4.024835596071489885e-01,6.670542154899909981e-01,3.902623281336080052e-01,-9.347161958345688582e-02,2.221423053999029007e-01,-1.767193484108471602e-01,1.801733372336254413e-01,-3.230427395731282347e-01,-2.380227488211240638e-01,4.583043871482766485e-01,-4.161134632826431479e-01,1.000000000000000000e+00,-3.297458491717404350e-01,-2.372041200000000183e-01,5.235216473463448761e-01,-1.907686906702469876e-01,-5.101234151165522784e-02,3.824925831721180947e-01,3.460851050865372258e-01,4.113177233473498395e-01,3.356258843668568637e-01,2.133402023161610761e-01,-1.752933362263071893e-01,2.027631409286536068e-01,-3.836835577162460154e-01,-2.316016749831565080e-01,2.671064340889859334e-01,2.819854352015946919e-01,6.397061439638926927e-01,5.415369342402090794e-03,1.652371113278230386e-01,2.852704475321665711e-01,-1.902908554325545565e-01,-1.371646806133332563e-01,-4.973744781650425439e-01,1.506689631860259615e-01,-3.949612618618685844e-01,-3.526058202487097892e-01
-5.782521303922396466e-02,8.231337632757339262e-02,-7.631628905178886035e-02,5.131323292630052268e-01,-4.228902674974439058e-01,-3.158518605574545113e-01,-2.608637441976978111e-01,3.136842937978099877e-01,-4.669458500974852377e-01,-2.918297455634639714e-01,4.212905604846524099e-01,-4.326974110345133129e-02,-3.297458491717404350e-01,1.000000000000000000e+00,-3.783376999999999990e-01,2.219671786499600452e-01,-3.990990625232054279e-01,7.193107821008218328e-02,4.157834826654654981e-01,4.075866843888750757e-01,4.513381479969113541e-01,2.887666602796148951e-01,3.617646386585043894e-01,-4.747609723762423184e-01,3.438586184741901919e-01,-1.864443640006265834e-01,-2.549396070762460775e-01,4.143020972055782014e-01,-4.623143966983203068e-01,2.613810294078175445e-01,5.489860740179365317e-01,2.164702521061179219e-02,3.224702049562172546e-01,-2.856963724015055273e-01,1.217774444944277751e-01,6.115161967513432772e-02,3.199144359522222425e-01,2.568289624996176745e-01,-3.445898390529608113e-01
-4.743174399999999791e-01,-5.169390799999999953e-01,-2.180062600000000073e-01,-6.913665199999999844e-01,7.274700400000000400e-01,-3.575886400000000132e-01,-1.893258399999999675e-01,-9.897498399999999918e-01,2.753429199999999355e-01,-4.252226000000003392e-02,-4.424348000000000170e-01,6.269837000000000327e-01,-2.372041200000000183e-01,-3.783376999999999990e-01,1.000000000000000000e+00,-2.312638200000000088e-01,9.960083399999999365e-01,6.491685599999998946e-01,-8.188843599999999778e-01,-9.608616599999999508e-01,-1.948816399999999671e-01,-4.300258000000001246e-02,-9.965878400000000026e-01,-1.064654000000000433e-01,-9.256252600000000053e-01,-3.855501999999999541e-02,8.990994000000001041e-01,-8.986654800000000165e-01,2.728507200000001021e-01,-6.783908800000000294e-01,-8.986081399999999997e-01,6.509484999999999300e-01,-6.194881999999999334e-01,-3.373119199999999873e-01,-7.118824200000000157e-01,6.703373800000000937e-01,-9.801291199999999648e-01,-2.364119199999999976e-01,7.298953399999998926e-01
3.078480985385754209e-01,1.592652102081319743e-01,7.505981320822967540e-01,6.326028936119897361e-01,-3.514548327727801680e-01,8.585181631552664394e-02,-7.238106006072302367e-01,1.228525021494696751e-01,-4.314881359561948404e-01,-8.059053006485387138e-01,6.569463507177203399e-01,-8.251020596214372893e-02,5.235216473463448761e-01,2.219671786499600452e-01,-2.312638200000000088e-01,1.000000000000000000e+00,-1.999373537822791980e-01,2.068004859944224949e-01,6.076843893153565102e-01,3.670257200889739946e-01,6.412282431594049648e-01,5.758886734297648247e-03,1.606683613511147579e-01,-4.622421943479427253e-01,1.159842242567481752e-01,-7.987365622934092246e-02,-3.964441749793149450e-01,5.145297529080485877e-01,-3.330736546583382141e-01,7.250361182010753858e-01,3.246370044056660822e-03,3.498170473986228490e-01,3.559543596442029667e-01,-4.710638112447845804e-01,-7.432432659123153207e-02,7.510523151117862867e-03,9.008405910787223303e-02,1.575779400575857969e-02,-2.333991495653187087e-01
-4.422280376243125088e-01,-4.991664522502216594e-01,-1.734403243979136811e-01,-6.554920468472777983e-01,7.323366803796869107e-01,-3.579198524401345227e-01,-1.971278648937693223e-01,-9.908625491318185929e-01,2.329663154571684769e-01,-5.247383297570536176e-02,-3.968192995179027904e-01,6.084810033239271831e-01,-1.907686906702469876e-01,-3.990990625232054279e-01,9.960083399999999365e-01,-1.999373537822791980e-01,1.000000000000000000e+00,6.796583669687114027e-01,-7.869258961250716888e-01,-9.400831583407418535e-01,-1.615376046194443860e-01,-2.129996042878383455e-02,-9.950209679197588031e-01,-1.061396602907278969e-01,-9.331060507232857848e-01,-6.398742306984123163e-02,8.865332007204483888e-01,-8.962393530860855995e-01,2.831752760535093949e-01,-6.478943061131133829e-01,-9.070255281322346930e-01,6.781502012921508671e-01,-6.252229789449039732e-01,-3.458164640416664937e-01,-7.181944257134572629e-01,6.376975668126056984e-01,-9.859165914745852133e-01,-2.459510447267473920e-01,6.947279129772826467e-01
-1.376891667489555104e-01,-3.988453156794048993e-01,8.752954543866589554e-02,9.817829938056906597e-03,5.674020168516495932e-01,-5.896518358627944600e-01,-3.517927724521581756e-01,-7.319509482332745565e-01,-4.377100663005599190e-01,-3.431433557237241194e-01,2.741453500683129763e-01,3.744515340941231285e-01,-5.101234151165522784e-02,7.193107821008218328e-02,6.491685599999998946e-01,2.068004859944224949e-01,6.796583669687114027e-01,1.000000000000000000e+00,-1.949640777973101202e-01,-4.324446516739411939e-01,4.744032494002749512e-01,2.624495733197099168e-01,-6.831052333436099522e-01,-2.960820916297383087e-01,-7.727512156877772709e-01,-3.337797899340762542e-01,5.418596545717233592e-01,-5.296077605905082919e-01,-4.881358201914414580e-02,-2.118972374741490694e-01,-5.354184590961822421e-01,8.309533712175208864e-01,-5.692002166200115232e-01,-3.660153529049485210e-01,-4.937774293072927367e-01,3.901917857097476072e-01,-7.578576992009146140e-01,-2.566734216989443040e-01,1.412018682872826780e-01
6.077396966122595723e-01,5.362345349800903271e-01,4.703342277377470237e-01,9.538887149917426589e-01,-5.383739474926352298e-01,1.734862128516234114e-01,-1.084674698462884251e-01,7.514455562069757288e-01,-5.756442828710532922e-01,-3.109487958193890011e-01,7.948535966106351491e-01,-6.420100293218830023e-01,3.824925831721180947e-01,4.157834826654654981e-01,-8.188843599999999778e-01,6.076843893153565102e-01,-7.869258961250716888e-01,-1.949640777973101202e-01,1.000000000000000000e+00,9.172182454109905070e-01,5.901445468445754017e-01,1.123686844741201701e-01,7.805239307035555241e-01,1.627227607205021520e-02,6.892998846179924088e-01,-2.938958902245497606e-02,-8.623760432310171309e-01,8.112212527656577077e-01,-3.791307207082019737e-01,7.817906790601771849e-01,6.319715635917872998e-01,-2.025915123263800077e-01,4.585011608787320503e-01,6.228051107561276278e-02,5.381375321326152816e-01,-5.151985382956015824e-01,7.045103759137896215e-01,1.676088296377609144e-02,-8.213719793799850732e-01
5.758351993165783389e-01,5.337463875500979560e-01,3.385597219728334606e-01,8.378303516461046430e-01,-6.367664942393844729e-01,2.453345536845387143e-01,1.284455289498907249e-01,9.206131030845491336e-01,-4.967631154240275682e-01,-6.116179456690771371e-02,6.448016722297496006e-01,-6.722611012280054199e-01,3.460851050865372258e-01,4.075866843888750757e-01,-9.608616599999999508e-01,3.670257200889739946e-01,-9.400831583407418535e-01,-4.324446516739411939e-01,9.172182454109905070e-01,1.000000000000000000e+00,4.062963837048881310e-01,1.602686998575607036e-01,9.455388777533081379e-01,4.138919380814738008e-02,8.288214852614406158e-01,-1.124365965416190688e-01,-8.908722608357846351e-01,8.669931977113324306e-01,-2.701397385051620970e-01,7.572555536380217722e-01,8.489280419086108198e-01,-4.654751397508312127e-01,5.504780610812898267e-01,2.730895126151488550e-01,6.546532934641094981e-01,-7.053582529558543035e-01,8.943132087546894482e-01,1.331156401418655821e-01,-8.492538315330222520e-01
5.204969347697440130e-01,3.628852169336569955e-01,5.462784962580795600e-01,7.776319791514657576e-01,3.274468466495228380e-02,-5.164521836591442483e-01,-4.106997182220328835e-01,7.129747973966561736e-02,-8.969174765122445159e-01,-5.948477492806596434e-01,8.928956252221670331e-01,-3.126115868512058249e-01,4.113177233473498395e-01,4.513381479969113541e-01,-1.948816399999999671e-01,6.412282431594049648e-01,-1.615376046194443860e-01,4.744032494002749512e-01,5.901445468445754017e-01,4.062963837048881310e-01,1.000000000000000000e+00,4.710449368002710968e-01,1.465670961001216410e-01,-3.904132291470022165e-01,5.095291976924049004e-02,-5.227092390805839761e-01,-2.554955913673725432e-01,2.561468059062957936e-01,-1.785760612393482993e-01,5.651501127049103346e-01,1.186739896607702238e-01,5.577291085312822139e-01,4.773196003369029744e-02,-4.527170583087929967e-01,-1.595286787642434534e-01,-2.716956021257468379e-01,1.579321334028294110e-02,-3.474244785166337168e-01,-5.897343842232068978e-01
-4.796315403375704667e-02,1.302247860135589408e-01,-1.226557418151000001e-01,2.548425336785900552e-01,1.880709941120508807e-02,-2.999990932215521600e-01,1.321682648218355793e-01,-8.623147979945317010e-03,-4.930503461226266593e-01,1.816136282707312422e-01,2.800147375749492684e-01,-1.963485890067722672e-01,3.356258843668568637e-01,2.887666602796148951e-01,-4.300258000000001246e-02,5.758886734297648247e-03,-2.129996042878383455e-02,2.624495733197099168e-01,1.123686844741201701e-01,1.602686998575607036e-01,4.710449368002710968e-01,1.000000000000000000e+00,6.019182490893499465e-02,-4.518457784134091715e-01,8.744692968303816039e-02,-5.683256788184247732e-01,2.451811728747875785e-01,-1.160458770874437939e-01,3.630001541039172275e-01,9.634317274301099077e-02,2.462426146019138229e-01,2.286035660579000817e-01,1.050163650170621854e-01,-3.597633927122373398e-01,-2.310117717895597833e-01,-1.994909870768078464e-01,1.064989509681119051e-03,-3.670276006360372323e-01,-3.290133641538607323e-01
4.532663685435112666e-01,5.218724689553623231e-01,1.567321774064053264e-01,6.494815863001739409e-01,-7.165841968517074889e-01,3.653169788837647980e-01,2.573072610188720244e-01,9.954376846268397916e-01,-2.439800481722307901e-01,1.136897954775928227e-01,3.925282088125933155e-01,-6.351970259946364550e-01,2.133402023161610761e-01,3.617646386585043894e-01,-9.965878400000000026e-01,1.606683613511147579e-01,-9.950209679197588031e-01,-6.831052333436099522e-01,7.805239307035555241e-01,9.455388777533081379e-01,1.465670961001216410e-01,6.019182490893499465e-02,1.000000000000000000e+00,1.363004325871848277e-01,9.359521852817314080e-01,4.120878579206442571e-02,-8.748305152418156538e-01,8.660201592013128113e-01,-2.246267121121072741e-01,6.316591555253912027e-01,9.120470906691688917e-01,-6.891249733854065695e-01,6.071662801352551986e-01,3.695273255691298164e-01,7.211203898859329664e-01,-6.829254959599535546e-01,9.889280643474341881e-01,2.265942969727804956e-01,-7.234481512081848420e-01
2.791083855047328810e-01,1.950518640968327000e-01,-3.042983516107697350e-01,-1.196087860333812924e-01,2.979656169274262356e-01,2.948301418335128044e-01,6.429125367859868101e-01,2.003458803867611826e-01,2.951953755703452531e-01,5.228276875376658417e-01,-2.249365754526657379e-01,-3.459782452365633421e-01,-1.752933362263071893e-01,-4.747609723762423184e-01,-1.064654000000000433e-01,-4.622421943479427253e-01,-1.061396602907278969e-01,-2.960820916297383087e-01,1.627227607205021520e-02,4.138919380814738008e-02,-3.904132291470022165e-01,-4.518457784134091715e-01,1.363004325871848277e-01,1.000000000000000000e+00,1.161216042193225634e-01,4.776501318182536093e-01,-2.406579021388797757e-01,-1.256922647720704334e-01,2.785145917217604974e-02,-3.533327392039284920e-01,-2.581351909158381697e-02,-4.304543627234293512e-01,-4.257946800291067535e-01,7.160358428492183958e-01,5.437540935023531530e-01,-2.879391319791964055e-01,1.673817825616640831e-01,-1.349063251632789673e-01,-1.574257618391357028e-01
3.084454963732726762e-01,5.917010151282287023e-01,6.945734616765329716e-02,5.579848182954703084e-01,-7.409036886661736210e-01,4.427292919942568128e-01,2.057046455851525568e-01,9.384201378171288521e-01,-7.433713777953068758e-02,1.139703119647523105e-01,2.701542915333748907e-01,-6.492721846746494219e-01,2.027631409286536068e-01,3.438586184741901919e-01,-9.256252600000000053e-01,1.159842242567481752e-01,-9.331060507232857848e-01,-7.727512156877772709e-01,6.892998846179924088e-01,8.288214852614406158e-01,5.095291976924049004e-02,8.744692968303816039e-02,9.359521852817314080e-01,1.161216042193225634e-01,1.000000000000000000e+00,1.540295864681381910e-01,-7.627251533809038531e-01,7.957561929042403781e-01,-1.180941253847190148e-01,5.660873598296489728e-01,8.309316700433280189e-01,-6.726568823088436844e-01,6.621481856863083992e-01,1.939594566660177433e-01,5.822029385052881478e-01,-5.348781317571638105e-01,9.398592818348240341e-01,1.229902700921710335e-01,-6.050389687006140216e-01
-3.641784746431517283e-01,-2.825607316755646692e-01,-3.739326734153567422e-01,-2.497878050349959800e-01,-2.710672184494446468e-01,4.912233563018112426e-01,1.738210231804824049e-02,1.099957095695195258e-01,6.947452078781259921e-01,1.762640274454435885e-01,-4.942504611147897631e-01,2.505425314283412086e-01,-3.836835577162460154e-01,-1.864443640006265834e-01,-3.855501999999999541e-02,-7.987365622934092246e-02,-6.398742306984123163e-02,-3.337797899340762542e-01,-2.938958902245497606e-02,-1.124365965416190688e-01,-5.227092390805839761e-01,-5.683256788184247732e-01,4.120878579206442571e-02,4.776501318182536093e-01,1.540295864681381910e-01,1.000000000000000000e+00,-1.243317187643431521e-01,1.271171345194638258e-01,-3.945520421032431280e-01,-2.994869558618538652e-01,-1.160088106855515153e-02,-4.808011666301906240e-01,-8.737102974753406526e-02,2.454785490896350397e-01,4.449368840852538365e-01,3.763411163508652568e-01,1.396757890615259456e-01,3.618333468102180595e-01,3.834016742284832580e-01
-6.751733094141838531e-01,-5.557116404952493482e-01,-4.305012051973652332e-01,-7.342682997006022561e-01,5.737899326192724692e-01,-3.141867052207434341e-01,-4.656368829204171611e-02,-8.827095774493761704e-01,2.915750810553170980e-01,1.692390793189952058e-01,-5.367773164646795214e-01,6.090274264204004195e-01,-2.316016749831565080e-01,-2.549396070762460775e-01,8.990994000000001041e-01,-3.964441749793149450e-01,8.865332007204483888e-01,5.418596545717233592e-01,-8.623760432310171309e-01,-8.908722608357846351e-01,-2.554955913673725432e-01,2.451811728747875785e-01,-8.748305152418156538e-01,-2.406579021388797757e-01,-7.627251533809038531e-01,-1.243317187643431521e-01,1.000000000000000000e+00,-8.749930638101539593e-01,4.124017500765710942e-01,-6.910947177129661556e-01,-6.583447910421892368e-01,4.972475514782599415e-01,-5.320398359457038095e-01,-3.270976091366394334e-01,-6.976948592243080727e-01,6.084289337801890296e-01,-8.442383380088391842e-01,-2.181998166347595414e-01,6.964996676575782031e-01
3.592389815928777042e-01,3.148435121849682550e-01,4.338324081441494173e-01,6.781264204065678980e-01,-8.239908280305349164e-01,3.596925629504635902e-01,-2.192579679021190997e-01,8.573734857801232900e-01,-2.171447558618469498e-01,-2.903858893304969713e-01,4.641066070020557488e-01,-3.660942395945012695e-01,2.671064340889859334e-01,4.143020972055782014e-01,-8.986654800000000165e-01,5.145297529080485877e-01,-8.962393530860855995e-01,-5.296077605905082919e-01,8.112212527656577077e-01,8.669931977113324306e-01,2.561468059062957936e-01,-1.160458770874437939e-01,8.660201592013128113e-01,-1.256922647720704334e-01,7.957561929042403781e-01,1.271171345194638258e-01,-8.749930638101539593e-01,1.000000000000000000e+00,-5.208254411264062744e-01,7.998934327609337203e-01,7.574844590303817515e-01,-5.004428494428826424e-01,6.978115941269199540e-01,1.292652324265393393e-01,5.812466909359301770e-01,-4.416077090882193357e-01,8.562177210828955110e-01,4.104454325908737378e-01,-5.085194423674230801e-01
3.623380248641765167e-02,3.181242721543817709e-01,-1.171487425433865026e-01,-2.973638437284900071e-01,3.248447060366291272e-01,3.316206659746511257e-03,4.450306382370229352e-01,-2.342774026212407767e-01,4.128133772772019788e-02,3.261460175693111085e-01,-1.845910472951503012e-01,-2.766124630297934761e-01,2.819854352015946919e-01,-4.623143966983203068e-01,2.728507200000001021e-01,-3.330736546583382141e-01,2.831752760535093949e-01,-4.881358201914414580e-02,-3.791307207082019737e-01,-2.701397385051620970e-01,-1.785760612393482993e-01,3.630001541039172275e-01,-2.246267121121072741e-01,2.785145917217604974e-02,-1.180941253847190148e-01,-3.945520421032431280e-01,4.124017500765710942e-01,-5.208254411264062744e-01,1.000000000000000000e+00,-1.722692989616976533e-01,-2.640492577697084453e-01,1.593868371109002924e-01,-7.677252659711339411e-02,-6.761667386347229580e-02,-4.428603988724963969e-01,-1.352043882589796797e-01,-2.391219284015540791e-01,-6.076179498572235049e-01,-1.480879024050479886e-02
5.397703415997141541e-01,5.037175363150566687e-01,8.015640941644061046e-01,7.795735725898146340e-01,-5.930549140286950349e-01,1.179488210812193599e-01,-4.077444821933849384e-01,5.875093975868169727e-01,-5.267755572627037530e-01,-5.790160802150684516e-01,7.527982609999941399e-01,-4.717978754807669040e-01,6.397061439638926927e-01,2.613810294078175445e-01,-6.783908800000000294e-01,7.250361182010753858e-01,-6.478943061131133829e-01,-2.118972374741490694e-01,7.817906790601771849e-01,7.572555536380217722e-01,5.651501127049103346e-01,9.634317274301099077e-02,6.316591555253912027e-01,-3.533327392039284920e-01,5.660873598296489728e-01,-2.994869558618538652e-01,-6.910947177129661556e-01,7.998934327609337203e-01,-1.722692989616976533e-01,1.000000000000000000e+00,4.601089280160785555e-01,-1.042650374774591049e-02,6.509059585650452950e-01,-1.851846269839718118e-01,1.173644006535120160e-01,-4.966438530318533218e-01,5.570608475552344396e-01,6.627758663952540603e-03,-6.001708397734165645e-01
1.737991264813677217e-01,2.538852244057033802e-01,-9.987656497245933629e-02,5.314238151517732822e-01,-7.239783439030654799e-01,2.244933337012995078e-01,2.955674116957272002e-01,8.929307661818602915e-01,-2.557778808848223395e-01,2.385501497450988884e-01,2.764942802907356389e-01,-4.138074821487129906e-01,5.415369342402090794e-03,5.489860740179365317e-01,-8.986081399999999997e-01,3.246370044056660822e-03,-9.070255281322346930e-01,-5.354184590961822421e-01,6.319715635917872998e-01,8.489280419086108198e-01,1.186739896607702238e-01,2.462426146019138229e-01,9.120470906691688917e-01,-2.581351909158381697e-02,8.309316700433280189e-01,-1.160088106855515153e-02,-6.583447910421892368e-01,7.574844590303817515e-01,-2.640492577697084453e-01,4.601089280160785555e-01,1.000000000000000000e+00,-6.866132346562722200e-01,5.152938475908644955e-01,3.602689132917717973e-01,6.919454186851230482e-01,-5.508990427477074014e-01,9.133527224654534038e-01,3.471623952848592043e-01,-6.179326928329869073e-01
4.588214263567061413e-02,-2.649391766374417645e-02,3.777452175122034683e-01,5.163124540442214777e-02,5.558779296443703277e-01,-6.332139091347130933e-01,-5.486451659722402230e-01,-7.397898591016104364e-01,-4.447419429662469725e-01,-6.034541153178769601e-01,3.659007819877868606e-01,2.073882275676606213e-01,1.652371113278230386e-01,2.164702521061179219e-02,6.509484999999999300e-01,3.498170473986228490e-01,6.781502012921508671e-01,8.309533712175208864e-01,-2.025915123263800077e-01,-4.654751397508312127e-01,5.577291085312822139e-01,2.286035660579000817e-01,-6.891249733854065695e-01,-4.304543627234293512e-01,-6.726568823088436844e-01,-4.808011666301906240e-01,4.972475514782599415e-01,-5.004428494428826424e-01,1.593868371109002924e-01,-1.042650374774591049e-02,-6.866132346562722200e-01,1.000000000000000000e+00,-3.372315164126525877e-01,-6.904972518875170939e-01,-8.085408244271403699e-01,3.498483651782621218e-01,-7.819885703124477283e-01,-4.732022527368625608e-01,1.339133321319592729e-01
1.584511342465918515e-01,3.708774452725268622e-01,3.608549761577413695e-01,3.765301296941185871e-01,-7.517858882504123708e-01,2.897020281745866788e-01,-2.079280975125345765e-01,5.976031576702841575e-01,-1.530194612956352687e-02,-2.306545180740316447e-01,2.128897566686868692e-01,-2.957441664429454331e-01,2.852704475321665711e-01,3.224702049562172546e-01,-6.194881999999999334e-01,3.559543596442029667e-01,-6.252229789449039732e-01,-5.692002166200115232e-01,4.585011608787320503e-01,5.504780610812898267e-01,4.773196003369029744e-02,1.050163650170621854e-01,6.071662801352551986e-01,-4.257946800291067535e-01,6.621481856863083992e-01,-8.737102974753406526e-02,-5.320398359457038095e-01,6.978115941269199540e-01,-7.677252659711339411e-02,6.509059585650452950e-01,5.152938475908644955e-01,-3.372315164126525877e-01,1.000000000000000000e+00,-2.260108841618087283e-01,1.239201232244038081e-01,-1.779228431599373939e-01,6.144433925328801616e-01,2.047114711101136186e-01,-2.431833269443752776e-01
1.735163796043257267e-01,-9.753255090290779972e-02,-3.201090454119331907e-01,-1.130944315320435017e-01,1.885636440569971387e-02,3.880634529283107925e-01,7.236621594549650371e-01,4.150708374629499264e-01,2.054955730204028885e-01,6.222021147903944449e-01,-2.346169692801308160e-01,-2.177342535074173469e-01,-1.902908554325545565e-01,-2.856963724015055273e-01,-3.373119199999999873e-01,-4.710638112447845804e-01,-3.458164640416664937e-01,-3.660153529049485210e-01,6.228051107561276278e-02,2.730895126151488550e-01,-4.527170583087929967e-01,-3.597633927122373398e-01,3.695273255691298164e-01,7.160358428492183958e-01,1.939594566660177433e-01,2.454785490896350397e-01,-3.270976091366394334e-01,1.292652324265393393e-01,-6.761667386347229580e-02,-1.851846269839718118e-01,3.602689132917717973e-01,-6.904972518875170939e-01,-2.260108841618087283e-01,1.000000000000000000e+00,7.601214507103167817e-01,-4.235329727076306838e-01,4.180974132745144956e-01,2.407265522592120233e-01,-2.066710769148459026e-01
2.406384468468341087e-01,4.951081281325439565e-02,-2.243572432677629069e-01,3.232199176053395795e-01,-4.102124091453519528e-01,4.858592736523176248e-01,4.773549516147144178e-01,7.558839898118998590e-01,5.968325711687574864e-02,4.126989609063407283e-01,3.888866690138228360e-02,-3.313717390059821022e-01,-1.371646806133332563e-01,1.217774444944277751e-01,-7.118824200000000157e-01,-7.432432659123153207e-02,-7.181944257134572629e-01,-4.937774293072927367e-01,5.381375321326152816e-01,6.546532934641094981e-01,-1.595286787642434534e-01,-2.310117717895597833e-01,7.211203898859329664e-01,5.437540935023531530e-01,5.822029385052881478e-01,4.449368840852538365e-01,-6.976948592243080727e-01,5.812466909359301770e-01,-4.428603988724963969e-01,1.173644006535120160e-01,6.919454186851230482e-01,-8.085408244271403699e-01,1.239201232244038081e-01,7.601214507103167817e-01,1.000000000000000000e+00,-4.272012926434716196e-01,7.576569644955535310e-01,3.957839140794355282e-01,-4.271539665147823794e-01
-7.058096960007986809e-01,-5.906885721519528065e-01,-3.255002211831687364e-01,-4.895071103900379694e-01,1.570420947099232523e-01,-9.072367699501476812e-02,-4.168543980622302914e-01,-6.659858819713851963e-01,4.643745446590760717e-01,-2.192650899278309196e-01,-4.558000153196148929e-01,6.562753046809096658e-01,-4.973744781650425439e-01,6.115161967513432772e-02,6.703373800000000937e-01,7.510523151117862867e-03,6.376975668126056984e-01,3.901917857097476072e-01,-5.151985382956015824e-01,-7.053582529558543035e-01,-2.716956021257468379e-01,-1.994909870768078464e-01,-6.829254959599535546e-01,-2.879391319791964055e-01,-5.348781317571638105e-01,3.763411163508652568e-01,6.084289337801890296e-01,-4.416077090882193357e-01,-1.352043882589796797e-01,-4.966438530318533218e-01,-5.508990427477074014e-01,3.498483651782621218e-01,-1.779228431599373939e-01,-4.235329727076306838e-01,-4.272012926434716196e-01,1.000000000000000000e+00,-6.289008057883680447e-01,1.064002873769696322e-01,7.626695695464520419e-01
3.597921354549106221e-01,4.441413946213323971e-01,7.264546315826209133e-02,5.414655797521248370e-01,-7.475869720522366757e-01,4.400503858232471810e-01,2.885955532387064482e-01,9.948353654848776095e-01,-1.060394511067618839e-01,1.871021127507298265e-01,2.572409774956881390e-01,-5.640238827096322183e-01,1.506689631860259615e-01,3.199144359522222425e-01,-9.801291199999999648e-01,9.008405910787223303e-02,-9.859165914745852133e-01,-7.578576992009146140e-01,7.045103759137896215e-01,8.943132087546894482e-01,1.579321334028294110e-02,1.064989509681119051e-03,9.889280643474341881e-01,1.673817825616640831e-01,9.398592818348240341e-01,1.396757890615259456e-01,-8.442383380088391842e-01,8.562177210828955110e-01,-2.391219284015540791e-01,5.570608475552344396e-01,9.133527224654534038e-01,-7.819885703124477283e-01,6.144433925328801616e-01,4.180974132745144956e-01,7.576569644955535310e-01,-6.289008057883680447e-01,1.000000000000000000e+00,3.030643902409008161e-01,-6.213483317845304166e-01
-3.442473845725459447e-01,-4.999374759940434232e-01,-9.522002152201636260e-02,-1.344226943046096523e-01,-5.366379498925458735e-01,2.560885718033430458e-01,-1.778419444785177272e-01,2.519818440241490820e-01,2.752156769980083073e-01,5.350722978132829016e-02,-2.709923681093251990e-01,5.022381711004157978e-01,-3.949612618618685844e-01,2.568289624996176745e-01,-2.364119199999999976e-01,1.575779400575857969e-02,-2.459510447267473920e-01,-2.566734216989443040e-01,1.676088296377609144e-02,1.331156401418655821e-01,-3.474244785166337168e-01,-3.670276006360372323e-01,2.265942969727804956e-01,-1.349063251632789673e-01,1.229902700921710335e-01,3.618333468102180595e-01,-2.181998166347595414e-01,4.104454325908737378e-01,-6.076179498572235049e-01,6.627758663952540603e-03,3.471623952848592043e-01,-4.732022527368625608e-01,2.047114711101136186e-01,2.407265522592120233e-01,3.957839140794355282e-01,1.064002873769696322e-01,3.030643902409008161e-01,1.000000000000000000e+00,2.674509090304975079e-01
-7.471941026896857796e-01,-7.207963887404239545e-01,-3.101924046616449937e-01,-8.640965235698951918e-01,2.199192695503656703e-01,5.681190358957349806e-02,-2.820786498890592853e-01,-6.825770309462253493e-01,7.484874387400262119e-01,2.860628900112567596e-02,-7.950552927130090097e-01,8.366027932695684344e-01,-3.526058202487097892e-01,-3.445898390529608113e-01,7.298953399999998926e-01,-2.333991495653187087e-01,6.947279129772826467e-01,1.412018682872826780e-01,-8.213719793799850732e-01,-8.492538315330222520e-01,-5.897343842232068978e-01,-3.290133641538607323e-01,-7.234481512081848420e-01,-1.574257618391357028e-01,-6.050389687006140216e-01,3.834016742284832580e-01,6.964996676575782031e-01,-5.085194423674230801e-01,-1.480879024050479886e-02,-6.001708397734165645e-01,-6.179326928329869073e-01,1.339133321319592729e-01,-2.431833269443752776e-01,-2.066710769148459026e-01,-4.271539665147823794e-01,7.626695695464520419e-01,-6.213483317845304166e-01,2.674509090304975079e-01,1.000000000000000000e+00
