1.0,-0.34046606815645286,-0.48851945775395089,0.085719234782214673,0.71514464582918369,-0.61176056125451994,-0.53139928661222835,-0.77196997798432287,-0.15422343793436011,0.4596828536240688,-0.11378062116694561,-0.34657976016506337,0.52332429420561655,0.63592072306111758,-0.77478944110936632,0.60630472235746191,-0.44675566662503341,0.60818816401799936,0.93901823547717211,0.24753033617653206,0.60155818743909695,-0.27161176583912161,0.050994725614094329,0.12480852930821316,-0.8641231605375419,-0.44143331513409323,-0.5351941918985228,-0.77711965942526595,0.1903251682936995,-0.35897204627887769,0.62291417999999998,0.060618526620016565,0.66713372081043865,0.01993198774365823,-0.070716025788253145,-0.28444953708435722,0.1286572328263294,0.60285904280360769,0.52164800870663641
-0.34046606815645286,1.0,0.45179059766570856,0.28216215833042213,-0.098920953681689877,-0.056498210133545536,0.33219929472477805,0.21066517107862462,0.58730804488357558,-0.2534150012149155,-0.251538559178557,0.54211396754136221,-0.47138484252396839,-0.12389943633120318,0.0043423130567232498,-0.19785335079497751,-0.059065407368162792,-0.38450855467359807,-0.58820863350127661,-0.37295257961211808,-0.035591096828536326,0.44083930542783828,0.019081711042478685,0.32719146230607182,0.38734012164318926,-0.19649287548730843,0.60506067967916854,0.43918767579022516,-0.2083770744998662,-0.10712601356017482,-0.053598719999999989,-0.27449257046606035,-0.043039771509888254,-0.64009993230029305,0.10452959462860453,-0.10775449175504563,-0.63923340071954704,-0.22222599057849959,-0.10962057142322312
-0.48851945775395089,0.45179059766570856,1.0,0.33316263406710522,-0.50149837209261472,0.59517411622283201,0.84449985057247046,0.67989345816959512,0.065794138117252127,-0.92539831166055941,-0.38459963668589986,-0.25270128615001775,-0.92090721296859723,-0.71345442821252214,0.66364327250012933,0.064801121600151418,-0.1310563571153833,-0.96808997650940376,-0.60165829567270246,-0.80761931196509962,-0.28540752622923821,0.53016122820168077,0.41501637519355467,-0.45398158436961594,0.75447856316875483,0.12610322982449523,0.66045326113633529,0.78535868614421644,-0.84302893299581771,-0.35350245624013227,-0.60370442000000002,-0.62956646088842316,-0.27029477145710584,0.024512898776232167,0.4546226908062837,-0.16689855953902039,-0.084990686538765181,-0.63515796383919443,-0.71291971052518677
0.085719234782214673,0.28216215833042213,0.33316263406710522,1.0,0.072016125763371602,-0.12301452812270083,0.23878923041789901,0.41263342191941033,0.12377215869572336,-0.12390195124214642,-0.55431667848563604,-0.21803646306628197,-0.33454291866323604,-0.0054029893405263315,-0.12354262892707078,0.19154817871707322,0.14474796794929135,-0.17175040310746081,-0.082878610741300082,-0.11554204560204274,-0.077640266290513335,-0.052906955960367916,-0.18325378689176852,-0.0049889105102048064,0.039724829107629069,-0.38112066422318169,-0.027154681347231684,0.10275813664629367,-0.12914595237350907,-0.17680734195661413,-0.014890540000000008,-0.30883940518205999,0.41270387747269272,-0.25151581400915113,-0.53686417148757504,-0.26872262740623676,-0.34745258897545256,-0.40717170188779866,-0.15134782115184686
0.71514464582918369,-0.098920953681689877,-0.50149837209261472,0.072016125763371602,1.0,-0.93988088944846093,-0.67297776860646474,-0.68576722822546421,0.38040424478062329,0.44017285546946733,0.25614019270041233,0.067888598173289905,0.4451390570122013,0.94675808646408965,-0.87615836936999381,0.57672264792422467,-0.67109082773439832,0.60178309910785754,0.62151078084102418,0.018834305616041325,0.82272209572858057,-0.047610251598867226,0.30750959028245961,0.49592115225487887,-0.85476479626936386,-0.78032740576377879,-0.3285296900561811,-0.79940937137060974,0.14750474766999808,-0.56804680104902661,0.97671130000000006,-0.27053654494152313,0.39531420374181964,-0.49606539895770885,-0.14045730229393316,-0.58725223989844189,-0.14687669378633703,0.70027089799954356,0.90032758242787558
-0.61176056125451994,-0.056498210133545536,0.59517411622283201,-0.12301452812270083,-0.93988088944846093,1.0,0.69220939699140827,0.67129263131805306,-0.44526110834786642,-0.61641809230969935,-0.19760126751100748,-0.31521747272285577,-0.49224145914054307,-0.96879593677472287,0.92516929942954884,-0.30947373269663542,0.46553157362053837,-0.69853416795621581,-0.50578749268108381,-0.19193360383843866,-0.76603928106624142,0.1311228356542376,-0.046607899061320929,-0.68443619385394627,0.7951905801011705,0.75974014265516643,0.30611304647640092,0.73514433718096484,-0.36749421112227576,0.32959852891977925,-0.96964956000000002,0.081392207448701598,-0.38523577100610268,0.65405630193011366,0.3384916462575781,0.4006590748777486,0.36111590225878382,-0.67773974090231004,-0.93211100899813726
-0.53139928661222835,0.33219929472477805,0.84449985057247046,0.23878923041789901,-0.67297776860646474,0.69220939699140827,1.0,0.6906491256198608,-0.19153525482991524,-0.79345087133295833,-0.33760786036441909,-0.088116953207744486,-0.76810222476923751,-0.80146547037588922,0.78054528049199279,-0.21572161032302895,0.13241819078136757,-0.87736926020672734,-0.53840623912751306,-0.59322964739173001,-0.37012248604047382,0.14163512677172946,0.18300191615249142,-0.53755975726906868,0.77169453913677211,0.43431282876373301,0.69483044933718119,0.83268314140807231,-0.67460334213838502,-0.051404393226464555,-0.73888643999999992,-0.35853993091390107,-0.30850142742642284,0.20271683367523269,0.30209014900706571,0.13456812612849384,0.022168677420970295,-0.76007251267661147,-0.75096468713356335
-0.77196997798432287,0.21066517107862462,0.67989345816959512,0.41263342191941033,-0.68576722822546421,0.67129263131805306,0.6906491256198608,1.0,-0.034169409615348999,-0.64763610400904426,-0.11185551958718321,-0.10514800812415907,-0.62243783888189086,-0.7022194668914219,0.77358997928396667,-0.27417646401913109,0.46086270828759812,-0.72970500213380829,-0.74256822871101347,-0.34383098448976201,-0.71225485692069845,0.095369405288778325,0.0163725700303427,-0.48881730307130694,0.77081674985624959,0.37398748178801133,0.36855066263208963,0.69302462606385806,-0.40656031688662991,0.12976324963165697,-0.69657181999999995,-0.28065731330633081,-0.29488321244731563,0.21517751799189594,-0.11764251738921157,-0.002459145963222476,0.085163254276632003,-0.89790332030654929,-0.68226175998741612
-0.15422343793436011,0.58730804488357558,0.065794138117252127,0.12377215869572336,0.38040424478062329,-0.44526110834786642,-0.19153525482991524,-0.034169409615348999,1.0,0.011783969551215814,0.23676978897177484,0.48366626945066243,-0.26588075212209561,0.38805825916717995,-0.30998205194767553,0.23107716738407633,-0.31185114829184796,0.012369657886363628,-0.38290620779405876,-0.23870678026346864,0.35822969258506743,0.52567419681279315,0.21325579257162466,0.57219173983963412,-0.071515365818132448,-0.38863485551622218,0.20140952859022418,-0.093247387187697039,-0.0098462522738314157,-0.32335199395178971,0.45126002000000009,-0.33840009361632462,0.11876150278919195,-0.73548912044166181,0.10909747616739042,-0.43032227639341725,-0.50490197842987172,0.14406579587726995,0.38542576024300401
0.4596828536240688,-0.2534150012149155,-0.92539831166055941,-0.12390195124214642,0.44017285546946733,-0.61641809230969935,-0.79345087133295833,-0.64763610400904426,0.011783969551215814,1.0,0.09635454641130306,0.32153403785205165,0.79655677145674741,0.66633344169546005,-0.71209034231507395,-0.19074836281628024,0.25572662997760037,0.95827910323700682,0.4991654394981232,0.87492782964103466,0.28076377331216401,-0.45922589994278407,-0.64566796140353899,0.6279009779560879,-0.65624878949982401,-0.20141238813535114,-0.6172164388880883,-0.64985631038885006,0.9398398097054993,0.47706824436190498,0.54558996000000004,0.71848386125635766,0.32782845024956936,-0.2073091931371614,-0.57995209234776623,0.32396720965367509,-0.21807550421865687,0.60880719414627582,0.62492183870673401
-0.11378062116694561,-0.251538559178557,-0.38459963668589986,-0.55431667848563604,0.25614019270041233,-0.19760126751100748,-0.33760786036441909,-0.11185551958718321,0.23676978897177484,0.09635454641130306,1.0,0.36330825490743224,0.40812246317567386,0.36136255262715311,-0.02894086499765534,0.092129351399697079,-0.15466279424822332,0.25589610205003932,0.039028740654132678,0.040977925887611136,0.069684045475441811,-0.23549185051881202,0.38568747568078343,-0.079610727607528853,-0.29823895405012935,0.17498202242145111,-0.19331783349896567,-0.43081538795244723,0.096356029679421307,-0.10239113249430429,0.36466546000000011,-0.048566699358969651,-0.16159511129167586,0.11748664398631303,0.098259172579381354,-0.35310794895582098,0.51284274808393993,0.082355013894379242,0.51444750604272249
-0.34657976016506337,0.54211396754136221,-0.25270128615001775,-0.21803646306628197,0.067888598173289905,-0.31521747272285577,-0.088116953207744486,-0.10514800812415907,0.48366626945066243,0.32153403785205165,0.36330825490743224,1.0,0.15286755286196121,0.25816243377225895,-0.12780523111548586,-0.52121599079177328,0.15202341270251146,0.20904785250370539,-0.36703340458740252,0.16132999255946351,0.10985291503418956,-0.11283730965640343,-0.21855388059467948,0.55477062922734954,0.045589528415346775,0.0096583847736830819,0.27628292645359265,0.059661114122667648,0.37008247419933021,0.31693038430148557,0.24713363999999993,0.2040225000545936,-0.28699026684361012,-0.56133720033812318,-0.19144167917448346,0.19447619826571824,-0.43324873966864091,0.057690528241560575,0.39735751890431686
0.52332429420561655,-0.47138484252396839,-0.92090721296859723,-0.33454291866323604,0.4451390570122013,-0.49224145914054307,-0.76810222476923751,-0.62243783888189086,-0.26588075212209561,0.79655677145674741,0.40812246317567386,0.15286755286196121,1.0,0.62493576127907879,-0.58627758138013097,-0.025307445180742103,0.11384911082841577,0.87501517382855798,0.66556843870517524,0.72568061820934648,0.13464189976527532,-0.63671018404496715,-0.30656369519542948,0.21907120256623314,-0.73861144876066931,-0.093622168616556617,-0.64152679593023598,-0.77848446697111873,0.70656616298798769,0.2867278032697741,0.52188666000000006,0.55261134469213791,0.24079672460226087,0.15326748530137324,-0.43047995114313353,0.077425784228888767,0.29082027057380505,0.52444335567347988,0.63716629850665052
0.63592072306111758,-0.12389943633120318,-0.71345442821252214,-0.0054029893405263315,0.94675808646408965,-0.96879593677472287,-0.80146547037588922,-0.7022194668914219,0.38805825916717995,0.66633344169546005,0.36136255262715311,0.25816243377225895,0.62493576127907879,1.0,-0.90905301414117157,0.36716405970140631,-0.43506711419380073,0.78776026098536012,0.58352823599081738,0.2856568656075229,0.71965729414694468,-0.20623348557667695,0.069290461359972425,0.60819413147464318,-0.88165912304408234,-0.66848350383011734,-0.44113172015276891,-0.85665347002144898,0.43028553088179688,-0.29558933103734064,0.9851513999999999,-0.010431911944917435,0.38392750510491824,-0.49537592197220259,-0.32670407672738572,-0.41589160186459317,-0.16878251718472981,0.70870346810273566,0.972499577802453
-0.77478944110936632,0.0043423130567232498,0.66364327250012933,-0.12354262892707078,-0.87615836936999381,0.92516929942954884,0.78054528049199279,0.77358997928396667,-0.30998205194767553,-0.71209034231507395,-0.02894086499765534,-0.12780523111548586,-0.58627758138013097,-0.90905301414117157,1.0,-0.36391269501444501,0.36765924927706839,-0.78571478656592086,-0.64431502481413061,-0.36471979057444487,-0.6594208063255298,0.12460536190174604,0.11231041213647525,-0.63282785792313201,0.8585836995218008,0.70050969439944977,0.47636723074848142,0.80693410899646911,-0.48017571147726423,0.23080494763234774,-0.88659761999999998,-0.1110754355713364,-0.59558129452683095,0.49815843406531213,0.32132317496484114,0.31030021690171089,0.30611133118604511,-0.73741924582753504,-0.81554921105318701
0.60630472235746191,-0.19785335079497751,0.064801121600151418,0.19154817871707322,0.57672264792422467,-0.30947373269663542,-0.21572161032302895,-0.27417646401913109,0.23107716738407633,-0.19074836281628024,0.092129351399697079,-0.52121599079177328,-0.025307445180742103,0.36716405970140631,-0.36391269501444501,1.0,-0.67499907912328982,0.039318894701845575,0.47955600054443931,-0.34123184230204068,0.4551699787219684,0.22590530081501758,0.59810180354273712,-0.1567500481783845,-0.5367304489877861,-0.41416585750364432,-0.24629132177229365,-0.51369133347981888,-0.39114905607083295,-0.80024007126082453,0.43978154000000003,-0.54565395411805329,0.47967395878839092,0.053472547892624678,0.31543200900720381,-0.75426147128632959,0.29428021366026907,0.23335093097190315,0.26462335052753416
-0.44675566662503341,-0.059065407368162792,-0.1310563571153833,0.14474796794929135,-0.67109082773439832,0.46553157362053837,0.13241819078136757,0.46086270828759812,-0.31185114829184796,0.25572662997760037,-0.15466279424822332,0.15202341270251146,0.11384911082841577,-0.43506711419380073,0.36765924927706839,-0.67499907912328982,1.0,0.073675750130299367,-0.33277161596243787,0.63363644948226949,-0.76187601393766013,-0.42615470750470918,-0.819367631206392,-0.11836091945173463,0.37013888280694396,0.59049707257654116,-0.20280516092552131,0.29190166810701174,0.54134498356557426,0.9001027516282728,-0.57228995999999999,0.69952403339808644,-0.037527672854623717,0.3427646124861497,-0.55990997013682509,0.65598651911908479,0.021863807392962311,-0.49794697436089558,-0.44182597399211698
0.60818816401799936,-0.38450855467359807,-0.96808997650940376,-0.17175040310746081,0.60178309910785754,-0.69853416795621581,-0.87736926020672734,-0.72970500213380829,0.012369657886363628,0.95827910323700682,0.25589610205003932,0.20904785250370539,0.87501517382855798,0.78776026098536012,-0.78571478656592086,0.039318894701845575,0.073675750130299367,1.0,0.66169696174361292,0.79866749183080632,0.38426631571807984,-0.49179923238902157,-0.43747080630335511,0.52268896286486821,-0.82766662256164714,-0.25702759265055508,-0.71361258748597345,-0.83432961930034966,0.84327622839639138,0.27429256524469214,0.68271367999999999,0.58701301799323813,0.40833336647155294,-0.12405719263778026,-0.49841219878145221,0.10507363470006026,-0.024796949023874304,0.66798686430111587,0.74823791781239501
0.93901823547717211,-0.58820863350127661,-0.60165829567270246,-0.082878610741300082,0.62151078084102418,-0.50578749268108381,-0.53840623912751306,-0.74256822871101347,-0.38290620779405876,0.4991654394981232,0.039028740654132678,-0.36703340458740252,0.66556843870517524,0.58352823599081738,-0.64431502481413061,0.47955600054443931,-0.33277161596243787,0.66169696174361292,1.0,0.35486501906633194,0.50778687736758943,-0.47681451098881089,0.02383045816095955,-0.010625551847011222,-0.85723459305264349,-0.26828725457608266,-0.61478822158658408,-0.79405637268253304,0.25473777822497712,-0.21755166552083682,0.54488877999999996,0.18490973983029704,0.52476985283007982,0.2364316824391951,-0.12202258331913518,-0.15948360339662948,0.34241746283042362,0.56897672374676311,0.51149900507195245
0.24753033617653206,-0.37295257961211808,-0.80761931196509962,-0.11554204560204274,0.018834305616041325,-0.19193360383843866,-0.59322964739173001,-0.34383098448976201,-0.23870678026346864,0.87492782964103466,0.040977925887611136,0.16132999255946351,0.72568061820934648,0.2856568656075229,-0.36471979057444487,-0.34123184230204068,0.63363644948226949,0.79866749183080632,0.35486501906633194,1.0,-0.15935130507950426,-0.57323321886053646,-0.82775991949118222,0.29767510641927741,-0.40523522816919327,0.20097872672184988,-0.6837733573982977,-0.45181044857550245,0.95560996741943538,0.75562644257504419,0.12584455999999999,0.91499240861645881,0.30607609428138688,0.18302225557357324,-0.61073513417234637,0.53019378162815045,0.024676394261865301,0.26615040076146618,0.23960500592890319
0.60155818743909695,-0.035591096828536326,-0.28540752622923821,-0.077640266290513335,0.82272209572858057,-0.76603928106624142,-0.37012248604047382,-0.71225485692069845,0.35822969258506743,0.28076377331216401,0.069684045475441811,0.10985291503418956,0.13464189976527532,0.71965729414694468,-0.6594208063255298,0.4551699787219684,-0.76187601393766013,0.38426631571807984,0.50778687736758943,-0.15935130507950426,1.0,0.13223042647434335,0.34280900442234652,0.53198691501808404,-0.61677287182046092,-0.62785365263969017,-0.021596928184150391,-0.48397875256360584,-0.019584902981148854,-0.54679826819144417,0.78350358000000009,-0.27658682029040976,0.18903896308422985,-0.53919829236990235,0.1685643789901633,-0.31030546309157941,-0.30724637069921268,0.71572766801152787,0.70519820844884396
-0.27161176583912161,0.44083930542783828,0.53016122820168077,-0.052906955960367916,-0.047610251598867226,0.1311228356542376,0.14163512677172946,0.095369405288778325,0.52567419681279315,-0.45922589994278407,-0.23549185051881202,-0.11283730965640343,-0.63671018404496715,-0.20623348557667695,0.12460536190174604,0.22590530081501758,-0.42615470750470918,-0.49179923238902157,-0.47681451098881089,-0.57323321886053646,0.13223042647434335,1.0,0.38264827431698978,0.23642308518808214,0.3911637635654352,-0.28585750794208836,0.45725413789457536,0.39200457509550346,-0.45315433437946995,-0.39675663370353231,-0.089246060000000016,-0.45637383804303383,-0.20102610627798309,-0.40552852865519556,0.61971043400655523,-0.19956787658568692,-0.42589864321651016,0.14807253789822131,-0.24622233495855822
0.050994725614094329,0.019081711042478685,0.41501637519355467,-0.18325378689176852,0.30750959028245961,-0.046607899061320929,0.18300191615249142,0.0163725700303427,0.21325579257162466,-0.64566796140353899,0.38568747568078343,-0.21855388059467948,-0.30656369519542948,0.069290461359972425,0.11231041213647525,0.59810180354273712,-0.819367631206392,-0.43747080630335511,0.02383045816095955,-0.82775991949118222,0.34280900442234652,0.38264827431698978,1.0,-0.32647664882455396,-0.036024611639642844,-0.22972783060428884,0.33107275667958208,-0.041130573145103121,-0.80433134987341237,-0.87601266444215065,0.21418804000000002,-0.84573899077877401,-0.17231484015042153,-0.014400491560496942,0.64659399946687146,-0.74234600177920229,0.33493357092638137,0.024910338101191403,0.13578404384239123
0.12480852930821316,0.32719146230607182,-0.45398158436961594,-0.0049889105102048064,0.49592115225487887,-0.68443619385394627,-0.53755975726906868,-0.48881730307130694,0.57219173983963412,0.6279009779560879,-0.079610727607528853,0.55477062922734954,0.21907120256623314,0.60819413147464318,-0.63282785792313201,-0.1567500481783845,-0.11836091945173463,0.52268896286486821,-0.010625551847011222,0.29767510641927741,0.53198691501808404,0.23642308518808214,-0.32647664882455396,1.0,-0.30205838614837272,-0.57614604175655482,0.013136996993339438,-0.23308007386226245,0.53810260783015396,0.12249604041064298,0.59208368,0.20083381416430543,0.013392799366730426,-0.82960725311348504,-0.26803488089218347,0.14623885284325353,-0.79680853733980694,0.65284206317308324,0.57812654051913481
-0.8641231605375419,0.38734012164318926,0.75447856316875483,0.039724829107629069,-0.85476479626936386,0.7951905801011705,0.77169453913677211,0.77081674985624959,-0.071515365818132448,-0.65624878949982401,-0.29823895405012935,0.045589528415346775,-0.73861144876066931,-0.88165912304408234,0.8585836995218008,-0.5367304489877861,0.37013888280694396,-0.82766662256164714,-0.85723459305264349,-0.40523522816919327,-0.61677287182046092,0.3911637635654352,-0.036024611639642844,-0.30205838614837272,1.0,0.45304630262411449,0.64569660057677003,0.9705040412672612,-0.41794316280794735,0.26761720145895335,-0.84385401999999998,-0.12455507213873492,-0.57797223370713124,0.091697456135436589,0.25564880018095798,0.36738468359774468,-0.16490362831826924,-0.65574238220207626,-0.82005034091985773
-0.44143331513409323,-0.19649287548730843,0.12610322982449523,-0.38112066422318169,-0.78032740576377879,0.75974014265516643,0.43431282876373301,0.37398748178801133,-0.38863485551622218,-0.20141238813535114,0.17498202242145111,0.0096583847736830819,-0.093622168616556617,-0.66848350383011734,0.70050969439944977,-0.41416585750364432,0.59049707257654116,-0.25702759265055508,-0.26828725457608266,0.20097872672184988,-0.62785365263969017,-0.28585750794208836,-0.22972783060428884,-0.57614604175655482,0.45304630262411449,1.0,0.057058653254297979,0.37093912505781979,0.035266058125489656,0.5590152000768227,-0.72507336,0.44495222188624139,-0.1962070009396486,0.71307175896804453,0.19961422719308072,0.50834297160420394,0.51725611255601023,-0.53808467593642717,-0.57904725108406363
-0.5351941918985228,0.60506067967916854,0.66045326113633529,-0.027154681347231684,-0.3285296900561811,0.30611304647640092,0.69483044933718119,0.36855066263208963,0.20140952859022418,-0.6172164388880883,-0.19331783349896567,0.27628292645359265,-0.64152679593023598,-0.44113172015276891,0.47636723074848142,-0.24629132177229365,-0.20280516092552131,-0.71361258748597345,-0.61478822158658408,-0.6837733573982977,-0.021596928184150391,0.45725413789457536,0.33107275667958208,0.013136996993339438,0.64569660057677003,0.057058653254297979,1.0,0.73388048956285745,-0.59581614089449131,-0.19237058012460551,-0.34199888000000001,-0.47502524158126536,-0.55639989160238479,-0.30855942004647002,0.42528568001895051,0.062628842645198829,-0.34811289622014713,-0.26250639169552353,-0.35766234205592495
-0.77711965942526595,0.43918767579022516,0.78535868614421644,0.10275813664629367,-0.79940937137060974,0.73514433718096484,0.83268314140807231,0.69302462606385806,-0.093247387187697039,-0.64985631038885006,-0.43081538795244723,0.059661114122667648,-0.77848446697111873,-0.85665347002144898,0.80693410899646911,-0.51369133347981888,0.29190166810701174,-0.83432961930034966,-0.79405637268253304,-0.45181044857550245,-0.48397875256360584,0.39200457509550346,-0.041130573145103121,-0.23308007386226245,0.9705040412672612,0.37093912505781979,0.73388048956285745,1.0,-0.45735423420382981,0.21691585463721377,-0.80915647999999996,-0.16233291685256512,-0.58015203635406998,0.0092337101218509382,0.263764969139064,0.40756449232266401,-0.2751299729498124,-0.59666195912613373,-0.80457079100033058
0.1903251682936995,-0.2083770744998662,-0.84302893299581771,-0.12914595237350907,0.14750474766999808,-0.36749421112227576,-0.67460334213838502,-0.40656031688662991,-0.0098462522738314157,0.9398398097054993,0.096356029679421307,0.37008247419933021,0.70656616298798769,0.43028553088179688,-0.48017571147726423,-0.39114905607083295,0.54134498356557426,0.84327622839639138,0.25473777822497712,0.95560996741943538,-0.019584902981148854,-0.45315433437946995,-0.80433134987341237,0.53810260783015396,-0.41794316280794735,0.035266058125489656,-0.59581614089449131,-0.45735423420382981,1.0,0.71318043172519796,0.28660493999999992,0.85498672853398305,0.24306269400078703,-0.093663899584545643,-0.62527544502540167,0.4834389785376379,-0.19196111328616339,0.3814807148302039,0.40122078798868743
-0.35897204627887769,-0.10712601356017482,-0.35350245624013227,-0.17680734195661413,-0.56804680104902661,0.32959852891977925,-0.051404393226464555,0.12976324963165697,-0.32335199395178971,0.47706824436190498,-0.10239113249430429,0.31693038430148557,0.2867278032697741,-0.29558933103734064,0.23080494763234774,-0.80024007126082453,0.9001027516282728,0.27429256524469214,-0.21755166552083682,0.75562644257504419,-0.54679826819144417,-0.39675663370353231,-0.87601266444215065,0.12249604041064298,0.26761720145895335,0.5590152000768227,-0.19237058012460551,0.21691585463721377,0.71318043172519796,1.0,-0.43403837999999995,0.88423812243569611,-0.1730301335404516,0.23507736222175529,-0.44510988402778906,0.86132416324747596,-0.087819354639319697,-0.15712418809269174,-0.26710256606648353
0.62291417999999998,-0.053598719999999989,-0.60370442000000002,-0.014890540000000008,0.97671130000000006,-0.96964956000000002,-0.73888643999999992,-0.69657181999999995,0.45126002000000009,0.54558996000000004,0.36466546000000011,0.24713363999999993,0.52188666000000006,0.9851513999999999,-0.88659761999999998,0.43978154000000003,-0.57228995999999999,0.68271367999999999,0.54488877999999996,0.12584455999999999,0.78350358000000009,-0.089246060000000016,0.21418804000000002,0.59208368,-0.84385401999999998,-0.72507336,-0.34199888000000001,-0.80915647999999996,0.28660493999999992,-0.43403837999999995,1.0,-0.15456152000000001,0.34475918000000005,-0.55113389999999995,-0.20101539999999996,-0.5107969,-0.18874639999999998,0.71232132000000004,0.9656479
0.060618526620016565,-0.27449257046606035,-0.62956646088842316,-0.30883940518205999,-0.27053654494152313,0.081392207448701598,-0.35853993091390107,-0.28065731330633081,-0.33840009361632462,0.71848386125635766,-0.048566699358969651,0.2040225000545936,0.55261134469213791,-0.010431911944917435,-0.1110754355713364,-0.54565395411805329,0.69952403339808644,0.58701301799323813,0.18490973983029704,0.91499240861645881,-0.27658682029040976,-0.45637383804303383,-0.84573899077877401,0.20083381416430543,-0.12455507213873492,0.44495222188624139,-0.47502524158126536,-0.16233291685256512,0.85498672853398305,0.88423812243569611,-0.15456152000000001,1.0,0.13025951414700709,0.2738503269419455,-0.36667072022516262,0.76676893487520825,0.011422703375623396,0.17491442018023687,-0.017945992356053715
0.66713372081043865,-0.043039771509888254,-0.27029477145710584,0.41270387747269272,0.39531420374181964,-0.38523577100610268,-0.30850142742642284,-0.29488321244731563,0.11876150278919195,0.32782845024956936,-0.16159511129167586,-0.28699026684361012,0.24079672460226087,0.38392750510491824,-0.59558129452683095,0.47967395878839092,-0.037527672854623717,0.40833336647155294,0.52476985283007982,0.30607609428138688,0.18903896308422985,-0.20102610627798309,-0.17231484015042153,0.013392799366730426,-0.57797223370713124,-0.1962070009396486,-0.55639989160238479,-0.58015203635406998,0.24306269400078703,-0.1730301335404516,0.34475918000000005,0.13025951414700709,1.0,0.024330623533991957,-0.23635729449182863,-0.34305495291918464,0.058310449125177188,0.096329589564717433,0.22975869629343712
0.01993198774365823,-0.64009993230029305,0.024512898776232167,-0.25151581400915113,-0.49606539895770885,0.65405630193011366,0.20271683367523269,0.21517751799189594,-0.73548912044166181,-0.2073091931371614,0.11748664398631303,-0.56133720033812318,0.15326748530137324,-0.49537592197220259,0.49815843406531213,0.053472547892624678,0.3427646124861497,-0.12405719263778026,0.2364316824391951,0.18302225557357324,-0.53919829236990235,-0.40552852865519556,-0.014400491560496942,-0.82960725311348504,0.091697456135436589,0.71307175896804453,-0.30855942004647002,0.0092337101218509382,-0.093663899584545643,0.23507736222175529,-0.55113389999999995,0.2738503269419455,0.024330623533991957,1.0,0.14753967176356786,0.19468360555787478,0.86781276228891291,-0.3687303919750301,-0.48530912783950864
-0.070716025788253145,0.10452959462860453,0.4546226908062837,-0.53686417148757504,-0.14045730229393316,0.3384916462575781,0.30209014900706571,-0.11764251738921157,0.10909747616739042,-0.57995209234776623,0.098259172579381354,-0.19144167917448346,-0.43047995114313353,-0.32670407672738572,0.32132317496484114,0.31543200900720381,-0.55990997013682509,-0.49841219878145221,-0.12202258331913518,-0.61073513417234637,0.1685643789901633,0.61971043400655523,0.64659399946687146,-0.26803488089218347,0.25564880018095798,0.19961422719308072,0.42528568001895051,0.263764969139064,-0.62527544502540167,-0.44510988402778906,-0.20101539999999996,-0.36667072022516262,-0.23635729449182863,0.14753967176356786,1.0,-0.1491336713497525,0.20956011669286803,0.099502281792952063,-0.26673789419689675
-0.28444953708435722,-0.10775449175504563,-0.16689855953902039,-0.26872262740623676,-0.58725223989844189,0.4006590748777486,0.13456812612849384,-0.002459145963222476,-0.43032227639341725,0.32396720965367509,-0.35310794895582098,0.19447619826571824,0.077425784228888767,-0.41589160186459317,0.31030021690171089,-0.75426147128632959,0.65598651911908479,0.10507363470006026,-0.15948360339662948,0.53019378162815045,-0.31030546309157941,-0.19956787658568692,-0.74234600177920229,0.14623885284325353,0.36738468359774468,0.50834297160420394,0.062628842645198829,0.40756449232266401,0.4834389785376379,0.86132416324747596,-0.5107969,0.76676893487520825,-0.34305495291918464,0.19468360555787478,-0.1491336713497525,1.0,-0.21124285328369133,-0.0061984219758082198,-0.38840501512880832
0.1286572328263294,-0.63923340071954704,-0.084990686538765181,-0.34745258897545256,-0.14687669378633703,0.36111590225878382,0.022168677420970295,0.085163254276632003,-0.50490197842987172,-0.21807550421865687,0.51284274808393993,-0.43324873966864091,0.29082027057380505,-0.16878251718472981,0.30611133118604511,0.29428021366026907,0.021863807392962311,-0.024796949023874304,0.34241746283042362,0.024676394261865301,-0.30724637069921268,-0.42589864321651016,0.33493357092638137,-0.79680853733980694,-0.16490362831826924,0.51725611255601023,-0.34811289622014713,-0.2751299729498124,-0.19196111328616339,-0.087819354639319697,-0.18874639999999998,0.011422703375623396,0.058310449125177188,0.86781276228891291,0.20956011669286803,-0.21124285328369133,1.0,-0.24835023702817327,-0.11341964948481741
0.60285904280360769,-0.22222599057849959,-0.63515796383919443,-0.40717170188779866,0.70027089799954356,-0.67773974090231004,-0.76007251267661147,-0.89790332030654929,0.14406579587726995,0.60880719414627582,0.082355013894379242,0.057690528241560575,0.52444335567347988,0.70870346810273566,-0.73741924582753504,0.23335093097190315,-0.49794697436089558,0.66798686430111587,0.56897672374676311,0.26615040076146618,0.71572766801152787,0.14807253789822131,0.024910338101191403,0.65284206317308324,-0.65574238220207626,-0.53808467593642717,-0.26250639169552353,-0.59666195912613373,0.3814807148302039,-0.15712418809269174,0.71232132000000004,0.17491442018023687,0.096329589564717433,-0.3687303919750301,0.099502281792952063,-0.0061984219758082198,-0.24835023702817327,1.0,0.67464488805259903
0.52164800870663641,-0.10962057142322312,-0.71291971052518677,-0.15134782115184686,0.90032758242787558,-0.93211100899813726,-0.75096468713356335,-0.68226175998741612,0.38542576024300401,0.62492183870673401,0.51444750604272249,0.39735751890431686,0.63716629850665052,0.972499577802453,-0.81554921105318701,0.26462335052753416,-0.44182597399211698,0.74823791781239501,0.51149900507195245,0.23960500592890319,0.70519820844884396,-0.24622233495855822,0.13578404384239123,0.57812654051913481,-0.82005034091985773,-0.57904725108406363,-0.35766234205592495,-0.80457079100033058,0.40122078798868743,-0.26710256606648353,0.9656479,-0.017945992356053715,0.22975869629343712,-0.48530912783950864,-0.26673789419689675,-0.38840501512880832,-0.11341964948481741,0.67464488805259903,1.0
