1.000000000000000000e+00,-6.871387198660580120e-01,-1.820239518622267516e-01,-8.853726600000000335e-01,3.744926942570095396e-01,-2.192664424504221082e-02,-9.030648819244078140e-01,-2.219774923245052684e-02,-1.933362399310866730e-01,-3.656866391453045262e-01,-8.450857506111384421e-01,4.244507710001713674e-01,-3.481447344340183880e-01,-2.142098406870861504e-01,4.464578495051506057e-01,2.116738810091172707e-01,1.546190819298631225e-01,3.762420353582793253e-02,-3.387660457578910989e-01,6.749616536038243186e-01,8.289850815479673507e-01,-2.362302377281210730e-01,-1.645359332245044104e-01,-3.204748985262849126e-01,-9.781594605163486111e-01,2.686996564954764466e-01,3.102138004093900614e-01,-2.788430355335357325e-01,-7.004084690711113170e-01,8.001031195881480595e-02,-3.698783481258161587e-01,7.767262098687699456e-01,3.153578560205420045e-01,-7.752914106179559228e-01,-5.828917092831489288e-01,-1.351537647878891524e-01,6.352396451247623865e-01,9.688233414452321890e-01,2.219191611184390955e-01
-6.871387198660580120e-01,1.000000000000000000e+00,1.827572176421801697e-01,8.511664800000000586e-01,-5.361294801091901485e-01,-3.842539181358554656e-01,5.853508577545365466e-01,-4.071923384150354930e-01,4.011826459596906091e-01,4.211535901831489626e-01,8.133863062147396183e-01,6.548592601687426573e-02,3.609674234268784865e-01,4.460805294037348823e-01,-4.738649993226506929e-01,2.974207487010896434e-01,-3.183330125012515111e-01,-3.653715089189195631e-01,-1.431540414095130442e-01,-1.141484317302070145e-01,-5.905420653339273906e-01,6.019643345713161509e-01,-1.538403938696154827e-01,-2.836062919010091665e-01,7.750875805022947596e-01,-1.969949919716535713e-01,1.392953636716433574e-01,3.266105405893384717e-01,7.044520545772479103e-01,-6.789626615807947685e-02,5.866157940823328865e-01,-7.356742399661555520e-01,-6.758206134489209704e-01,7.114963085529922848e-01,7.372662068684799896e-01,4.850739667998635318e-03,-4.565696309313744816e-01,-7.587378200845610321e-01,2.122093768455046714e-01
-1.820239518622267516e-01,1.827572176421801697e-01,1.000000000000000000e+00,6.491058000000005102e-02,5.926776645673939026e-01,-8.062386177035480994e-01,1.781317298924568471e-01,-2.808111096552424746e-01,-3.345443000798836164e-01,4.945807646558812998e-01,3.269555823865005761e-01,-4.713457406682993733e-01,-5.430974708968404618e-01,1.354087687915445093e-01,-4.483109012910607705e-01,2.238941062725448294e-01,3.697952138262843302e-01,5.106819872393769666e-01,-6.029555868021754111e-02,-2.338044455957726808e-01,-7.914877147590757001e-02,-4.699460360725494779e-01,-3.383629480157404057e-01,-1.878169883082527192e-01,1.467262854856835053e-01,-1.254181666177529020e-01,2.664550574293442775e-01,-2.996301219190505849e-01,-8.672285297535990700e-02,-1.499901595710257940e-01,-3.238072558368579323e-01,-3.815108506029998292e-01,1.629398260259106723e-01,9.946289205077946116e-02,7.108243379496828052e-01,5.097197431239619547e-01,-3.384389448658391419e-01,-3.195304059004597796e-01,-5.893882340450457002e-01
-8.853726600000000335e-01,8.511664800000000586e-01,6.491058000000005102e-02,1.000000000000000000e+00,-6.828195000000000237e-01,-1.261704000000000159e-01,8.695273400000000930e-01,-3.644403000000000503e-01,5.393255400000001032e-01,2.055570799999999476e-01,9.293790799999999130e-01,-2.481104000000000642e-02,6.344287799999999145e-01,2.695609400000000822e-01,-6.219782200000000261e-01,-1.214319999999990962e-03,-5.300796599999999525e-01,-2.793762600000000429e-01,-6.165248000000000950e-02,-2.594753800000000332e-01,-6.932073400000000607e-01,5.462644999999999307e-01,-5.131470000000004639e-02,-3.192090000000002981e-02,9.615317199999999787e-01,-2.654661999999996524e-02,-1.870377199999999629e-01,4.037786599999999559e-01,8.359525599999999557e-01,1.998418799999999163e-01,5.254773600000000044e-01,-6.715848799999999397e-01,-6.972620199999999269e-01,8.403448000000000029e-01,5.873071199999999603e-01,1.072746000000002198e-02,-6.045727000000000739e-01,-9.287838400000000272e-01,-1.452158000000003391e-02
3.744926942570095396e-01,-5.361294801091901485e-01,5.926776645673939026e-01,-6.828195000000000237e-01,1.000000000000000000e+00,-2.753028978919340175e-01,-4.630414072681430238e-01,3.912835227744626554e-01,-7.967155024003754749e-01,2.970057097329994455e-01,-4.900423757431876526e-01,-5.727392253248766441e-01,-9.228452055359263051e-01,-1.374414707088502663e-01,3.176915406556669041e-01,5.808985586752357655e-03,8.386987036512301152e-01,6.066359361380414539e-01,3.455887903104597481e-01,-2.752408837730997981e-01,3.023035521705711992e-01,-7.937456978979238187e-01,5.461452011296752396e-02,1.652510152299520030e-01,-5.147850440640326930e-01,-3.026569547879509048e-01,2.061566391961582312e-01,-5.198675962689530694e-01,-7.177154499779844210e-01,-4.790274422073712013e-01,-6.084510477009968943e-01,9.245213056589629552e-02,7.937561076238111024e-01,-5.408370768528356631e-01,1.562304783077972381e-02,3.705372041277265049e-01,1.246541714515096433e-01,3.820163323932734278e-01,-4.045754494446190952e-01
-2.192664424504221082e-02,-3.842539181358554656e-01,-8.062386177035480994e-01,-1.261704000000000159e-01,-2.753028978919340175e-01,1.000000000000000000e+00,6.667481321426601756e-03,6.472499205608349682e-01,-7.868288368716707532e-03,-3.471987574647553698e-01,-3.358233979112692502e-01,2.599385665111286770e-02,2.688791555406034317e-01,-1.772989064050047303e-01,5.224126004827788217e-01,-5.899613317036830340e-01,-1.363069297563568316e-02,-8.385220250116801055e-02,4.557594849186720198e-01,-2.638361912415068122e-01,-7.524727764447131095e-02,5.923665876999568980e-02,5.227267777731654519e-01,6.797510999900655548e-01,-5.387063618539755794e-02,-2.108062677024237844e-02,-5.821939369516564433e-01,1.066092491996215308e-01,3.050916760990097024e-02,-5.746558647724070434e-02,1.728560283779054241e-01,2.868471690254544293e-01,2.652625857089040418e-01,-1.088180372476757196e-01,-6.409442529686893986e-01,-2.851331247138959579e-01,2.977525005147055870e-01,1.908097377384773419e-01,1.907113985955132540e-01
-9.030648819244078140e-01,5.853508577545365466e-01,1.781317298924568471e-01,8.695273400000000930e-01,-4.630414072681430238e-01,6.667481321426601756e-03,1.000000000000000000e+00,-2.252331465195047400e-01,3.973252034896487261e-01,9.845851165976832187e-02,8.953715250696886452e-01,-2.140656075148376913e-01,4.563587934946145563e-01,6.961587554816939249e-02,-6.916608121987517510e-01,-3.608666884083358006e-01,-3.801935210521718567e-01,8.439684761756316433e-02,1.569198179549495531e-02,-4.884961989698746176e-01,-7.126982657398525101e-01,1.223258697627025993e-01,-5.929650525013280271e-02,2.696160384741159155e-01,9.163655440151248222e-01,1.453338924398660525e-01,-4.104876950719627549e-01,2.122062693517620668e-01,7.931689582010473805e-01,2.826107281753353351e-01,2.789587140018569555e-01,-5.032375604886286657e-01,-3.501302164555943341e-01,7.883261100677882993e-01,5.558215409926878792e-01,9.784467482256953286e-02,-4.929524249517035495e-01,-9.117880572883073631e-01,-4.395451725835228252e-01
-2.219774923245052684e-02,-4.071923384150354930e-01,-2.808111096552424746e-01,-3.644403000000000503e-01,3.912835227744626554e-01,6.472499205608349682e-01,-2.252331465195047400e-01,1.000000000000000000e+00,-5.937974920447253169e-01,1.223261528102614210e-01,-4.758726570942575229e-01,-5.884989171430813348e-01,-3.749812391276692303e-01,-1.377110432692030262e-01,7.350981173831584448e-01,-4.079647058668343096e-01,6.647775800942372637e-01,1.418074924436063533e-01,8.868415247299927806e-01,-6.374671866336050208e-01,-1.380176242088953509e-01,-3.090304478905963603e-01,6.985066325024175127e-01,7.274870948581542152e-01,-1.522640889056935398e-01,-5.579965210619577398e-01,-2.549062902410523246e-01,-1.788705100338876808e-01,-4.047396661399562112e-01,-6.588768139392439105e-01,-6.566100588594207810e-02,-3.694681835181071183e-02,6.791638079464118460e-01,-2.864342949241880376e-01,-4.070811184778338476e-01,-6.025140336173896716e-02,7.607232043700026813e-02,1.905190122902996053e-01,6.935157365217274605e-02
-1.933362399310866730e-01,4.011826459596906091e-01,-3.345443000798836164e-01,5.393255400000001032e-01,-7.967155024003754749e-01,-7.868288368716707532e-03,3.973252034896487261e-01,-5.937974920447253169e-01,1.000000000000000000e+00,-5.500128168639417670e-01,4.499201926455016487e-01,4.615798836432620234e-01,8.171240934597909789e-01,-2.645142595107783379e-01,-5.477525389660545807e-01,-1.283227108198007338e-01,-9.384666945192163823e-01,-4.340735064509132490e-01,-5.605702276124655548e-01,4.582301023452923228e-01,-3.311974500665918614e-02,5.586428538255392429e-01,-1.207052099486530250e-02,-2.623073700296730260e-01,3.585786522361419926e-01,6.082711484984024697e-01,-1.540046487926925722e-01,1.549602459798104237e-01,4.394418873692335636e-01,6.800257243385713357e-01,3.656188922029681709e-01,1.397001388914992925e-01,-7.867925873844611173e-01,5.790940080222064523e-01,-7.811254042949087109e-03,-3.650131721977162291e-01,-2.931840400797699475e-01,-2.878896447053867491e-01,1.571503198889333264e-01
-3.656866391453045262e-01,4.211535901831489626e-01,4.945807646558812998e-01,2.055570799999999476e-01,2.970057097329994455e-01,-3.471987574647553698e-01,9.845851165976832187e-02,1.223261528102614210e-01,-5.500128168639417670e-01,1.000000000000000000e+00,2.286875235775638338e-01,-3.288455248052292168e-01,-4.640100187262681253e-01,7.370553886563258050e-01,1.831165413915767926e-01,4.313309484805605831e-01,5.253479391341864257e-01,2.031882373344557624e-01,4.134900657355782272e-01,-4.407255327697900960e-01,-2.534013239472763246e-01,1.006071933497304505e-01,-3.705841932393721255e-02,6.006881960917980628e-02,2.915212265418662407e-01,-7.931485955550381384e-01,7.655422546291723584e-02,1.880865672820694057e-01,1.902597213611991467e-01,-7.230756179399177030e-01,7.139846686001176390e-02,-8.182916695978661448e-01,4.566646762186284819e-02,-3.893146003719590020e-02,6.707409696822643763e-01,6.894294443209602052e-01,-1.295975247895663207e-01,-3.420857859150116531e-01,5.513874995811585134e-02
-8.450857506111384421e-01,8.133863062147396183e-01,3.269555823865005761e-01,9.293790799999999130e-01,-4.900423757431876526e-01,-3.358233979112692502e-01,8.953715250696886452e-01,-4.758726570942575229e-01,4.499201926455016487e-01,2.286875235775638338e-01,1.000000000000000000e+00,-8.122574855383027370e-02,4.356454018822097374e-01,2.286086434462820116e-01,-7.915917445883522419e-01,3.273722533024080866e-02,-4.250186687481317116e-01,-1.563549940768657887e-01,-1.825408149883977205e-01,-2.925315180064128606e-01,-7.305265319105427313e-01,2.806074191176669563e-01,-2.556269000921049805e-01,-1.318643478221008247e-01,9.091465870989341447e-01,8.729619366775541456e-02,-3.280963083409613179e-02,3.637593930266205255e-01,8.258147360188754504e-01,2.832782269740776737e-01,2.888721719903870055e-01,-6.241248520204722983e-01,-5.514063274246674418e-01,8.401742315480745793e-01,7.130916711107012640e-01,6.063985302707908948e-02,-5.334153266041414820e-01,-9.240878177042518571e-01,-2.827327705020942772e-01
4.244507710001713674e-01,6.548592601687426573e-02,-4.713457406682993733e-01,-2.481104000000000642e-02,-5.727392253248766441e-01,2.599385665111286770e-02,-2.140656075148376913e-01,-5.884989171430813348e-01,4.615798836432620234e-01,-3.288455248052292168e-01,-8.122574855383027370e-02,1.000000000000000000e+00,4.335244583900365600e-01,2.299596387738744030e-01,-7.419234079826164674e-02,3.416814859284444394e-01,-5.816551539287221351e-01,-3.929166730863671853e-01,-7.588185196945694821e-01,8.067563370532563338e-01,3.415620659672249926e-01,4.876923064558956744e-01,-5.354774891340847720e-01,-5.457663221351010119e-01,-2.726902239504951364e-01,5.037310436511048817e-01,1.336840987541513537e-01,3.554512289007336623e-01,3.002715942295645646e-01,5.188423879370486214e-01,2.139963725744071510e-01,4.268049350335851866e-01,-4.750357730408712453e-01,-1.526156308224876079e-01,-1.964826879255216208e-01,-2.303512284979729041e-01,5.645316769373955879e-01,3.607364818387824301e-01,4.117167185306507271e-01
-3.481447344340183880e-01,3.609674234268784865e-01,-5.430974708968404618e-01,6.344287799999999145e-01,-9.228452055359263051e-01,2.688791555406034317e-01,4.563587934946145563e-01,-3.749812391276692303e-01,8.171240934597909789e-01,-4.640100187262681253e-01,4.356454018822097374e-01,4.335244583900365600e-01,1.000000000000000000e+00,-6.832745200215924186e-02,-3.887944648130697289e-01,-8.888701035130698591e-02,-8.938321815986540742e-01,-5.506597592822100040e-01,-3.150208714978262603e-01,2.867971346694048185e-01,-2.285645770655881370e-01,6.899336376245528424e-01,1.786973496777219741e-02,-1.422281954073089938e-01,4.877072341765126828e-01,3.841606308832584693e-01,-2.361642225666115702e-01,4.195338096242841597e-01,5.488665432539012734e-01,6.076701401082313936e-01,5.061667565303142879e-01,4.329004547884977849e-03,-7.722260767263162684e-01,5.214933270533924636e-01,-1.557698384103070877e-01,-4.109616470345967554e-01,-3.167775982639730037e-01,-3.800801336957033705e-01,2.934735053324674658e-01
-2.142098406870861504e-01,4.460805294037348823e-01,1.354087687915445093e-01,2.695609400000000822e-01,-1.374414707088502663e-01,-1.772989064050047303e-01,6.961587554816939249e-02,-1.377110432692030262e-01,-2.645142595107783379e-01,7.370553886563258050e-01,2.286086434462820116e-01,2.299596387738744030e-01,-6.832745200215924186e-02,1.000000000000000000e+00,1.305627042233980240e-01,5.577676582523470872e-01,1.267637592785428591e-01,-7.144233625297476131e-02,2.377965830454173424e-02,-3.724145193049478719e-02,-1.598241884181430539e-01,4.116889528120769581e-01,-3.032534624846412452e-01,-1.479289820523862764e-01,2.242851277663426290e-01,-4.624042361610862795e-01,3.552298568761819153e-02,4.802665998216954502e-01,4.522679712406541541e-01,-3.640540967415032414e-01,2.809831944456102626e-01,-5.648023658490066712e-01,-2.422378043443131068e-01,-7.662651141255252818e-02,4.924127164104510901e-01,4.769793164102661409e-01,1.617518843211739332e-01,-2.071472269269883648e-01,2.578225368922586469e-01
4.464578495051506057e-01,-4.738649993226506929e-01,-4.483109012910607705e-01,-6.219782200000000261e-01,3.176915406556669041e-01,5.224126004827788217e-01,-6.916608121987517510e-01,7.350981173831584448e-01,-5.477525389660545807e-01,1.831165413915767926e-01,-7.915917445883522419e-01,-7.419234079826164674e-02,-3.887944648130697289e-01,1.305627042233980240e-01,1.000000000000000000e+00,2.742934601730727048e-02,5.459575062290928926e-01,-3.088916117940305670e-02,5.833763702159535658e-01,-7.817034294880002843e-02,3.521743611743596292e-01,1.645103985010687442e-02,5.165781367406989677e-01,3.529038787171429603e-01,-5.513367225187386644e-01,-5.652768839609472185e-01,-8.313324315767504913e-02,-4.631237961849759416e-02,-5.259383842762302974e-01,-6.727182621394276474e-01,-3.851265776136100077e-02,1.307726040732186124e-01,4.587537316922443709e-01,-6.452526112009984161e-01,-5.289574701245159938e-01,6.443128711566248334e-02,4.189606245534270301e-01,6.181527027887638859e-01,5.157253657776722511e-01
2.116738810091172707e-01,2.974207487010896434e-01,2.238941062725448294e-01,-1.214319999999990962e-03,5.808985586752357655e-03,-5.899613317036830340e-01,-3.608666884083358006e-01,-4.079647058668343096e-01,-1.283227108198007338e-01,4.313309484805605831e-01,3.273722533024080866e-02,3.416814859284444394e-01,-8.888701035130698591e-02,5.577676582523470872e-01,2.742934601730727048e-02,1.000000000000000000e+00,1.696670218727491450e-02,-4.588938993683127077e-01,-2.769299442503073139e-01,4.061411689251502866e-01,7.258904788252645846e-02,3.755407244297407354e-01,-4.304386776399705683e-01,-7.959047657293838451e-01,-1.295693600327987860e-01,-3.139114450580600124e-01,7.345826857540019850e-01,4.865801576116758342e-01,2.602184204029690806e-02,-9.993006555268732494e-02,-8.822874550378755065e-02,-2.826594104400109164e-01,-3.487965426460528096e-01,-1.471905190117627771e-01,2.001395914949388732e-01,1.236692633423532028e-01,5.409855214505421284e-02,1.028442527821480518e-01,3.827862771788290708e-01
1.546190819298631225e-01,-3.183330125012515111e-01,3.697952138262843302e-01,-5.300796599999999525e-01,8.386987036512301152e-01,-1.363069297563568316e-02,-3.801935210521718567e-01,6.647775800942372637e-01,-9.384666945192163823e-01,5.253479391341864257e-01,-4.250186687481317116e-01,-5.816551539287221351e-01,-8.938321815986540742e-01,1.267637592785428591e-01,5.459575062290928926e-01,1.696670218727491450e-02,1.000000000000000000e+00,4.240170799968965842e-01,6.163668469306202713e-01,-5.345945065957534714e-01,-2.096420809523074497e-02,-6.050230774356535335e-01,1.571553235662192793e-01,3.194574613804624930e-01,-3.297385929527387738e-01,-6.190223845943066960e-01,1.759939243943395848e-01,-3.083879961262242508e-01,-4.965686902635039757e-01,-7.754739108997966701e-01,-3.140366354416601613e-01,-1.576585960229367200e-01,8.313688457644238250e-01,-4.532753163909498118e-01,6.238320518314578039e-02,2.685975364107343055e-01,2.238956178315384404e-01,2.542607163140829241e-01,-1.701165736054204014e-01
3.762420353582793253e-02,-3.653715089189195631e-01,5.106819872393769666e-01,-2.793762600000000429e-01,6.066359361380414539e-01,-8.385220250116801055e-02,8.439684761756316433e-02,1.418074924436063533e-01,-4.340735064509132490e-01,2.031882373344557624e-01,-1.563549940768657887e-01,-3.929166730863671853e-01,-5.506597592822100040e-01,-7.144233625297476131e-02,-3.088916117940305670e-02,-4.588938993683127077e-01,4.240170799968965842e-01,1.000000000000000000e+00,1.468359595299751630e-01,-2.928570696117546168e-01,3.062935078920366871e-01,-6.450993053704110469e-01,-4.423130753536603371e-02,5.100758044699970073e-01,-1.429587350804983337e-01,5.164831873072633917e-02,-4.961772438257469608e-01,-6.692044859081671682e-01,-2.493173293829435144e-01,-1.896561914394218618e-01,-2.664407945987403159e-01,6.590766257667032835e-02,5.229779038163694382e-01,-3.002980966699109189e-01,2.879426019667254422e-01,6.228031619163661992e-01,6.848404153459936028e-02,4.008367198542766435e-02,-6.231249403044636370e-01
-3.387660457578910989e-01,-1.431540414095130442e-01,-6.029555868021754111e-02,-6.165248000000000950e-02,3.455887903104597481e-01,4.557594849186720198e-01,1.569198179549495531e-02,8.868415247299927806e-01,-5.605702276124655548e-01,4.134900657355782272e-01,-1.825408149883977205e-01,-7.588185196945694821e-01,-3.150208714978262603e-01,2.377965830454173424e-02,5.833763702159535658e-01,-2.769299442503073139e-01,6.163668469306202713e-01,1.468359595299751630e-01,1.000000000000000000e+00,-7.981983359662787603e-01,-3.074593972028186739e-01,-1.575007737350571091e-01,7.396205928114906181e-01,7.100387728460126890e-01,1.678294783727715400e-01,-7.780298295685234011e-01,-2.868553639302264258e-01,-4.759056686262182895e-02,-2.279129727478606537e-01,-7.451688033613338424e-01,-2.079481158406206245e-02,-4.299081019482500210e-01,4.704436055403563022e-01,-5.065307494377756237e-02,-1.112130974559337182e-01,1.936649641772869579e-01,-2.526881982584543995e-01,-1.531398155858670895e-01,3.953116539589295042e-02
6.749616536038243186e-01,-1.141484317302070145e-01,-2.338044455957726808e-01,-2.594753800000000332e-01,-2.752408837730997981e-01,-2.638361912415068122e-01,-4.884961989698746176e-01,-6.374671866336050208e-01,4.582301023452923228e-01,-4.407255327697900960e-01,-2.925315180064128606e-01,8.067563370532563338e-01,2.867971346694048185e-01,-3.724145193049478719e-02,-7.817034294880002843e-02,4.061411689251502866e-01,-5.345945065957534714e-01,-2.928570696117546168e-01,-7.981983359662787603e-01,1.000000000000000000e+00,6.801452076575842387e-01,3.576551490146915313e-01,-4.022206852630667573e-01,-6.850615604999089614e-01,-5.089514216336291641e-01,5.321236746812701979e-01,2.870733026723964465e-01,3.203412923293029804e-03,-1.671666794143423507e-01,4.958614576296900833e-01,5.749104078558441716e-02,5.536723110630253908e-01,-4.586605176114064153e-01,-2.974712227085355432e-01,-2.717003793086212315e-01,-2.019505764450169882e-01,3.060015344186071129e-01,5.315008781550180084e-01,4.002262743008264123e-01
8.289850815479673507e-01,-5.905420653339273906e-01,-7.914877147590757001e-02,-6.932073400000000607e-01,3.023035521705711992e-01,-7.524727764447131095e-02,-7.126982657398525101e-01,-1.380176242088953509e-01,-3.311974500665918614e-02,-2.534013239472763246e-01,-7.305265319105427313e-01,3.415620659672249926e-01,-2.285645770655881370e-01,-1.598241884181430539e-01,3.521743611743596292e-01,7.258904788252645846e-02,-2.096420809523074497e-02,3.062935078920366871e-01,-3.074593972028186739e-01,6.801452076575842387e-01,1.000000000000000000e+00,-7.356940845408416196e-02,-4.831281595610576254e-03,-1.295428821288489574e-01,-7.911598420098037154e-01,2.489456720497797981e-01,-8.538439491652925761e-02,-4.600762711408305505e-01,-6.424138718794568659e-01,5.038334634134697398e-02,-2.218138777312950449e-01,6.020009402036536894e-01,8.318628944592769414e-02,-6.977794927213064602e-01,-3.746377531795549998e-01,2.306070815326163315e-01,3.522181173448099001e-01,7.704153127394854916e-01,1.910206741855896284e-01
-2.362302377281210730e-01,6.019643345713161509e-01,-4.699460360725494779e-01,5.462644999999999307e-01,-7.937456978979238187e-01,5.923665876999568980e-02,1.223258697627025993e-01,-3.090304478905963603e-01,5.586428538255392429e-01,1.006071933497304505e-01,2.806074191176669563e-01,4.876923064558956744e-01,6.899336376245528424e-01,4.116889528120769581e-01,1.645103985010687442e-02,3.755407244297407354e-01,-6.050230774356535335e-01,-6.450993053704110469e-01,-1.575007737350571091e-01,3.576551490146915313e-01,-7.356940845408416196e-02,1.000000000000000000e+00,9.895348828540040387e-02,-2.891563262799863865e-01,3.701529192803360568e-01,-1.598936285252892942e-01,-4.176756606592574306e-02,4.952206842903456585e-01,4.577726326423832148e-01,3.294897438696806763e-02,6.620756653186561369e-01,-3.534464238798501468e-01,-8.590077096934986001e-01,2.966222993672539276e-01,7.823555661942060979e-02,-9.184315731824699292e-02,-2.258583469115982845e-01,-2.563029873873864384e-01,7.562902110208253870e-01
-1.645359332245044104e-01,-1.538403938696154827e-01,-3.383629480157404057e-01,-5.131470000000004639e-02,5.461452011296752396e-02,5.227267777731654519e-01,-5.929650525013280271e-02,6.985066325024175127e-01,-1.207052099486530250e-02,-3.705841932393721255e-02,-2.556269000921049805e-01,-5.354774891340847720e-01,1.786973496777219741e-02,-3.032534624846412452e-01,5.165781367406989677e-01,-4.304386776399705683e-01,1.571553235662192793e-01,-4.423130753536603371e-02,7.396205928114906181e-01,-4.022206852630667573e-01,-4.831281595610576254e-03,9.895348828540040387e-02,1.000000000000000000e+00,6.456032810929951404e-01,7.714938426958266315e-02,-4.180222009257411608e-01,-4.211648079440794001e-01,-2.123865096850011680e-01,-3.229309881125561610e-01,-4.641293020939658565e-01,8.891131549941037882e-02,-1.322019215490097266e-01,1.355104071369686858e-01,7.239491323049408733e-02,-3.393187815625661186e-01,-3.112333511217661025e-02,-3.672935992894139079e-01,-2.002768333484406665e-02,2.276105267359261053e-01
-3.204748985262849126e-01,-2.836062919010091665e-01,-1.878169883082527192e-01,-3.192090000000002981e-02,1.652510152299520030e-01,6.797510999900655548e-01,2.696160384741159155e-01,7.274870948581542152e-01,-2.623073700296730260e-01,6.006881960917980628e-02,-1.318643478221008247e-01,-5.457663221351010119e-01,-1.422281954073089938e-01,-1.479289820523862764e-01,3.529038787171429603e-01,-7.959047657293838451e-01,3.194574613804624930e-01,5.100758044699970073e-01,7.100387728460126890e-01,-6.850615604999089614e-01,-1.295428821288489574e-01,-2.891563262799863865e-01,6.456032810929951404e-01,1.000000000000000000e+00,1.690842694035170068e-01,-2.283738811308090866e-01,-8.098364801253498113e-01,-3.008358944976236016e-01,-4.161807522302498480e-02,-3.766258950116248561e-01,4.436166328081485311e-02,-8.105362727295942205e-02,4.690483394719952570e-01,-3.220984053922713169e-02,-1.186244125671310073e-01,2.471616846265420608e-01,-5.218129382389352644e-02,-1.331636830991763110e-01,-2.597990561028369894e-01
-9.781594605163486111e-01,7.750875805022947596e-01,1.467262854856835053e-01,9.615317199999999787e-01,-5.147850440640326930e-01,-5.387063618539755794e-02,9.163655440151248222e-01,-1.522640889056935398e-01,3.585786522361419926e-01,2.915212265418662407e-01,9.091465870989341447e-01,-2.726902239504951364e-01,4.877072341765126828e-01,2.242851277663426290e-01,-5.513367225187386644e-01,-1.295693600327987860e-01,-3.297385929527387738e-01,-1.429587350804983337e-01,1.678294783727715400e-01,-5.089514216336291641e-01,-7.911598420098037154e-01,3.701529192803360568e-01,7.714938426958266315e-02,1.690842694035170068e-01,1.000000000000000000e+00,-1.592652819225600647e-01,-2.585942864627675530e-01,3.279633030821805795e-01,7.679151592375041968e-01,5.219632507026532309e-02,4.423745537260876382e-01,-7.468035652093386600e-01,-4.940450166039393465e-01,8.330845724914350825e-01,5.990548528764960690e-01,7.535916081702943858e-02,-6.594120199852113728e-01,-9.831164123185938131e-01,-1.484454146290215826e-01
2.686996564954764466e-01,-1.969949919716535713e-01,-1.254181666177529020e-01,-2.654661999999996524e-02,-3.026569547879509048e-01,-2.108062677024237844e-02,1.453338924398660525e-01,-5.579965210619577398e-01,6.082711484984024697e-01,-7.931485955550381384e-01,8.729619366775541456e-02,5.037310436511048817e-01,3.841606308832584693e-01,-4.624042361610862795e-01,-5.652768839609472185e-01,-3.139114450580600124e-01,-6.190223845943066960e-01,5.164831873072633917e-02,-7.780298295685234011e-01,5.321236746812701979e-01,2.489456720497797981e-01,-1.598936285252892942e-01,-4.180222009257411608e-01,-2.283738811308090866e-01,-1.592652819225600647e-01,1.000000000000000000e+00,-9.621211883476803173e-02,-1.646705640254174374e-01,1.276833295899632847e-01,8.904527038072564959e-01,-1.112127514137742773e-01,7.033826199358814701e-01,-1.766967943348200232e-01,1.094721719811745098e-01,-1.993129926800754348e-01,-3.567191360151197865e-01,2.226069211074416243e-01,1.623651630092846354e-01,-3.489188732321615860e-01
3.102138004093900614e-01,1.392953636716433574e-01,2.664550574293442775e-01,-1.870377199999999629e-01,2.061566391961582312e-01,-5.821939369516564433e-01,-4.104876950719627549e-01,-2.549062902410523246e-01,-1.540046487926925722e-01,7.655422546291723584e-02,-3.280963083409613179e-02,1.336840987541513537e-01,-2.361642225666115702e-01,3.552298568761819153e-02,-8.313324315767504913e-02,7.345826857540019850e-01,1.759939243943395848e-01,-4.961772438257469608e-01,-2.868553639302264258e-01,2.870733026723964465e-01,-8.538439491652925761e-02,-4.176756606592574306e-02,-4.211648079440794001e-01,-8.098364801253498113e-01,-2.585942864627675530e-01,-9.621211883476803173e-02,1.000000000000000000e+00,2.326738303406183928e-01,-2.088704330575418266e-01,1.408608885131790167e-02,-2.520025138750467963e-01,6.793422629118767847e-03,-1.224564035089950598e-02,-5.876145825225997932e-02,1.732691689042421823e-02,-3.551844028623423188e-01,7.497797731741240312e-02,2.025056938471850865e-01,1.783128387544209437e-01
-2.788430355335357325e-01,3.266105405893384717e-01,-2.996301219190505849e-01,4.037786599999999559e-01,-5.198675962689530694e-01,1.066092491996215308e-01,2.122062693517620668e-01,-1.788705100338876808e-01,1.549602459798104237e-01,1.880865672820694057e-01,3.637593930266205255e-01,3.554512289007336623e-01,4.195338096242841597e-01,4.802665998216954502e-01,-4.631237961849759416e-02,4.865801576116758342e-01,-3.083879961262242508e-01,-6.692044859081671682e-01,-4.759056686262182895e-02,3.203412923293029804e-03,-4.600762711408305505e-01,4.952206842903456585e-01,-2.123865096850011680e-01,-3.008358944976236016e-01,3.279633030821805795e-01,-1.646705640254174374e-01,2.326738303406183928e-01,1.000000000000000000e+00,6.076339094260969631e-01,1.833368100302614212e-01,3.325088920895485217e-02,-3.152638978150168469e-01,-4.002026193930968145e-01,1.926638851776515116e-01,-2.757231146025155427e-02,-6.114506660639606322e-02,9.300000801482177781e-02,-2.415118592549342358e-01,2.623553924316965325e-01
-7.004084690711113170e-01,7.044520545772479103e-01,-8.672285297535990700e-02,8.359525599999999557e-01,-7.177154499779844210e-01,3.050916760990097024e-02,7.931689582010473805e-01,-4.047396661399562112e-01,4.394418873692335636e-01,1.902597213611991467e-01,8.258147360188754504e-01,3.002715942295645646e-01,5.488665432539012734e-01,4.522679712406541541e-01,-5.259383842762302974e-01,2.602184204029690806e-02,-4.965686902635039757e-01,-2.493173293829435144e-01,-2.279129727478606537e-01,-1.671666794143423507e-01,-6.424138718794568659e-01,4.577726326423832148e-01,-3.229309881125561610e-01,-4.161807522302498480e-02,7.679151592375041968e-01,1.276833295899632847e-01,-2.088704330575418266e-01,6.076339094260969631e-01,1.000000000000000000e+00,3.075207929946244811e-01,3.850396441100512046e-01,-4.622792959812173086e-01,-5.454894865704491558e-01,6.297747790893348796e-01,5.002125316087228102e-01,5.015146329462630975e-02,-8.796533244639859195e-02,-7.019435748886074800e-01,-6.942137518333953150e-02
8.001031195881480595e-02,-6.789626615807947685e-02,-1.499901595710257940e-01,1.998418799999999163e-01,-4.790274422073712013e-01,-5.746558647724070434e-02,2.826107281753353351e-01,-6.588768139392439105e-01,6.800257243385713357e-01,-7.230756179399177030e-01,2.832782269740776737e-01,5.188423879370486214e-01,6.076701401082313936e-01,-3.640540967415032414e-01,-6.727182621394276474e-01,-9.993006555268732494e-02,-7.754739108997966701e-01,-1.896561914394218618e-01,-7.451688033613338424e-01,4.958614576296900833e-01,5.038334634134697398e-02,3.294897438696806763e-02,-4.641293020939658565e-01,-3.766258950116248561e-01,5.219632507026532309e-02,8.904527038072564959e-01,1.408608885131790167e-02,1.833368100302614212e-01,3.075207929946244811e-01,1.000000000000000000e+00,-1.324750405265184283e-01,5.075159097554539089e-01,-3.895901856438912514e-01,2.729162378456371774e-01,-1.978830179155412483e-01,-3.644601657233229597e-01,3.908074813642749279e-02,-3.783094053087489306e-02,-2.879684513264523793e-01
-3.698783481258161587e-01,5.866157940823328865e-01,-3.238072558368579323e-01,5.254773600000000044e-01,-6.084510477009968943e-01,1.728560283779054241e-01,2.789587140018569555e-01,-6.566100588594207810e-02,3.656188922029681709e-01,7.139846686001176390e-02,2.888721719903870055e-01,2.139963725744071510e-01,5.061667565303142879e-01,2.809831944456102626e-01,-3.851265776136100077e-02,-8.822874550378755065e-02,-3.140366354416601613e-01,-2.664407945987403159e-01,-2.079481158406206245e-02,5.749104078558441716e-02,-2.218138777312950449e-01,6.620756653186561369e-01,8.891131549941037882e-02,4.436166328081485311e-02,4.423745537260876382e-01,-1.112127514137742773e-01,-2.520025138750467963e-01,3.325088920895485217e-02,3.850396441100512046e-01,-1.324750405265184283e-01,1.000000000000000000e+00,-3.179616582708428840e-01,-5.119348387862248106e-01,3.324577132717392858e-01,2.357389574610924132e-01,-2.155562420625599385e-01,-2.329472259634824960e-01,-3.646792874499164006e-01,5.327586709610027116e-01
7.767262098687699456e-01,-7.356742399661555520e-01,-3.815108506029998292e-01,-6.715848799999999397e-01,9.245213056589629552e-02,2.868471690254544293e-01,-5.032375604886286657e-01,-3.694681835181071183e-02,1.397001388914992925e-01,-8.182916695978661448e-01,-6.241248520204722983e-01,4.268049350335851866e-01,4.329004547884977849e-03,-5.648023658490066712e-01,1.307726040732186124e-01,-2.826594104400109164e-01,-1.576585960229367200e-01,6.590766257667032835e-02,-4.299081019482500210e-01,5.536723110630253908e-01,6.020009402036536894e-01,-3.534464238798501468e-01,-1.322019215490097266e-01,-8.105362727295942205e-02,-7.468035652093386600e-01,7.033826199358814701e-01,6.793422629118767847e-03,-3.152638978150168469e-01,-4.622792959812173086e-01,5.075159097554539089e-01,-3.179616582708428840e-01,1.000000000000000000e+00,3.034034612402494169e-01,-4.535128465295941158e-01,-7.209650856784146633e-01,-4.334584375822972402e-01,5.728648554330465492e-01,7.687142394044338412e-01,-7.441706902598092810e-02
3.153578560205420045e-01,-6.758206134489209704e-01,1.629398260259106723e-01,-6.972620199999999269e-01,7.937561076238111024e-01,2.652625857089040418e-01,-3.501302164555943341e-01,6.791638079464118460e-01,-7.867925873844611173e-01,4.566646762186284819e-02,-5.514063274246674418e-01,-4.750357730408712453e-01,-7.722260767263162684e-01,-2.422378043443131068e-01,4.587537316922443709e-01,-3.487965426460528096e-01,8.313688457644238250e-01,5.229779038163694382e-01,4.704436055403563022e-01,-4.586605176114064153e-01,8.318628944592769414e-02,-8.590077096934986001e-01,1.355104071369686858e-01,4.690483394719952570e-01,-4.940450166039393465e-01,-1.766967943348200232e-01,-1.224564035089950598e-02,-4.002026193930968145e-01,-5.454894865704491558e-01,-3.895901856438912514e-01,-5.119348387862248106e-01,3.034034612402494169e-01,1.000000000000000000e+00,-4.993507656989597532e-01,-2.766490707265594207e-01,5.697619013086976936e-02,4.239190540706918586e-01,4.374329343857688013e-01,-4.154092279602566440e-01
-7.752914106179559228e-01,7.114963085529922848e-01,9.946289205077946116e-02,8.403448000000000029e-01,-5.408370768528356631e-01,-1.088180372476757196e-01,7.883261100677882993e-01,-2.864342949241880376e-01,5.790940080222064523e-01,-3.893146003719590020e-02,8.401742315480745793e-01,-1.526156308224876079e-01,5.214933270533924636e-01,-7.662651141255252818e-02,-6.452526112009984161e-01,-1.471905190117627771e-01,-4.532753163909498118e-01,-3.002980966699109189e-01,-5.065307494377756237e-02,-2.974712227085355432e-01,-6.977794927213064602e-01,2.966222993672539276e-01,7.239491323049408733e-02,-3.220984053922713169e-02,8.330845724914350825e-01,1.094721719811745098e-01,-5.876145825225997932e-02,1.926638851776515116e-01,6.297747790893348796e-01,2.729162378456371774e-01,3.324577132717392858e-01,-4.535128465295941158e-01,-4.993507656989597532e-01,1.000000000000000000e+00,4.389830234076000925e-01,-2.673937730525298151e-01,-5.988082464056216914e-01,-8.200503048911395032e-01,-1.606669595829132158e-01
-5.828917092831489288e-01,7.372662068684799896e-01,7.108243379496828052e-01,5.873071199999999603e-01,1.562304783077972381e-02,-6.409442529686893986e-01,5.558215409926878792e-01,-4.070811184778338476e-01,-7.811254042949087109e-03,6.707409696822643763e-01,7.130916711107012640e-01,-1.964826879255216208e-01,-1.557698384103070877e-01,4.924127164104510901e-01,-5.289574701245159938e-01,2.001395914949388732e-01,6.238320518314578039e-02,2.879426019667254422e-01,-1.112130974559337182e-01,-2.717003793086212315e-01,-3.746377531795549998e-01,7.823555661942060979e-02,-3.393187815625661186e-01,-1.186244125671310073e-01,5.990548528764960690e-01,-1.993129926800754348e-01,1.732691689042421823e-02,-2.757231146025155427e-02,5.002125316087228102e-01,-1.978830179155412483e-01,2.357389574610924132e-01,-7.209650856784146633e-01,-2.766490707265594207e-01,4.389830234076000925e-01,1.000000000000000000e+00,5.055308733980568014e-01,-3.591417970141760341e-01,-6.842530046758945605e-01,-2.772027789178660440e-01
-1.351537647878891524e-01,4.850739667998635318e-03,5.097197431239619547e-01,1.072746000000002198e-02,3.705372041277265049e-01,-2.851331247138959579e-01,9.784467482256953286e-02,-6.025140336173896716e-02,-3.650131721977162291e-01,6.894294443209602052e-01,6.063985302707908948e-02,-2.303512284979729041e-01,-4.109616470345967554e-01,4.769793164102661409e-01,6.443128711566248334e-02,1.236692633423532028e-01,2.685975364107343055e-01,6.228031619163661992e-01,1.936649641772869579e-01,-2.019505764450169882e-01,2.306070815326163315e-01,-9.184315731824699292e-02,-3.112333511217661025e-02,2.471616846265420608e-01,7.535916081702943858e-02,-3.567191360151197865e-01,-3.551844028623423188e-01,-6.114506660639606322e-02,5.015146329462630975e-02,-3.644601657233229597e-01,-2.155562420625599385e-01,-4.334584375822972402e-01,5.697619013086976936e-02,-2.673937730525298151e-01,5.055308733980568014e-01,1.000000000000000000e+00,-6.557341659182114313e-02,-1.446651768684110717e-01,-2.553279620276102113e-01
6.352396451247623865e-01,-4.565696309313744816e-01,-3.384389448658391419e-01,-6.045727000000000739e-01,1.246541714515096433e-01,2.977525005147055870e-01,-4.929524249517035495e-01,7.607232043700026813e-02,-2.931840400797699475e-01,-1.295975247895663207e-01,-5.334153266041414820e-01,5.645316769373955879e-01,-3.167775982639730037e-01,1.617518843211739332e-01,4.189606245534270301e-01,5.409855214505421284e-02,2.238956178315384404e-01,6.848404153459936028e-02,-2.526881982584543995e-01,3.060015344186071129e-01,3.522181173448099001e-01,-2.258583469115982845e-01,-3.672935992894139079e-01,-5.218129382389352644e-02,-6.594120199852113728e-01,2.226069211074416243e-01,7.497797731741240312e-02,9.300000801482177781e-02,-8.796533244639859195e-02,3.908074813642749279e-02,-2.329472259634824960e-01,5.728648554330465492e-01,4.239190540706918586e-01,-5.988082464056216914e-01,-3.591417970141760341e-01,-6.557341659182114313e-02,1.000000000000000000e+00,7.112654903498524250e-01,8.291768711509625578e-02
9.688233414452321890e-01,-7.587378200845610321e-01,-3.195304059004597796e-01,-9.287838400000000272e-01,3.820163323932734278e-01,1.908097377384773419e-01,-9.117880572883073631e-01,1.905190122902996053e-01,-2.878896447053867491e-01,-3.420857859150116531e-01,-9.240878177042518571e-01,3.607364818387824301e-01,-3.800801336957033705e-01,-2.071472269269883648e-01,6.181527027887638859e-01,1.028442527821480518e-01,2.542607163140829241e-01,4.008367198542766435e-02,-1.531398155858670895e-01,5.315008781550180084e-01,7.704153127394854916e-01,-2.563029873873864384e-01,-2.002768333484406665e-02,-1.331636830991763110e-01,-9.831164123185938131e-01,1.623651630092846354e-01,2.025056938471850865e-01,-2.415118592549342358e-01,-7.019435748886074800e-01,-3.783094053087489306e-02,-3.646792874499164006e-01,7.687142394044338412e-01,4.374329343857688013e-01,-8.200503048911395032e-01,-6.842530046758945605e-01,-1.446651768684110717e-01,7.112654903498524250e-01,1.000000000000000000e+00,2.583168251980914043e-01
2.219191611184390955e-01,2.122093768455046714e-01,-5.893882340450457002e-01,-1.452158000000003391e-02,-4.045754494446190952e-01,1.907113985955132540e-01,-4.395451725835228252e-01,6.935157365217274605e-02,1.571503198889333264e-01,5.513874995811585134e-02,-2.827327705020942772e-01,4.117167185306507271e-01,2.934735053324674658e-01,2.578225368922586469e-01,5.157253657776722511e-01,3.827862771788290708e-01,-1.701165736054204014e-01,-6.231249403044636370e-01,3.953116539589295042e-02,4.002262743008264123e-01,1.910206741855896284e-01,7.562902110208253870e-01,2.276105267359261053e-01,-2.597990561028369894e-01,-1.484454146290215826e-01,-3.489188732321615860e-01,1.783128387544209437e-01,2.623553924316965325e-01,-6.942137518333953150e-02,-2.879684513264523793e-01,5.327586709610027116e-01,-7.441706902598092810e-02,-4.154092279602566440e-01,-1.606669595829132158e-01,-2.772027789178660440e-01,-2.553279620276102113e-01,8.291768711509625578e-02,2.583168251980914043e-01,1.000000000000000000e+00
