1.0,0.30665795579949184,0.37511877490806056,-0.3038885712428725,0.80131200591192697,-0.50451490633814122,-0.73601225999999997,0.13016723162761029,-0.91119389857785626,-0.010898329777938901,0.73389759994987092,-0.19982608231019794,-0.2021158435607304,0.58611199622159527,0.5013424225802533,-0.60539258593993472,-0.14133744307396537,-0.13947148554388991,-0.32093237194882224,-0.47721853368399908,-0.3490337612529697,0.547770289932906,0.14499722210911353,0.36439175172980931,-0.6323377520614909,-0.82195397322573149,0.04965672568515498,-0.85837748129672709,0.20273985256413987,-0.40981756703967348,0.02992565461906042,-0.5127049245094123,-0.27779499042688061,0.241967331963028,0.35855729982525741,0.89441893057394739,0.61259103618052291,0.16324667838138754,-0.85893115956731469
0.30665795579949184,1.0,0.32262072149575438,-0.39147570948362759,0.15787413589288762,-0.083060315656031433,-0.16809618000000004,0.59763369475480588,-0.18228057664355193,-0.0062378460147301234,0.21671509137406139,-0.084397119131553511,0.096747510411792206,-0.0015862767881176308,-0.27732230264043201,0.29437830471265641,-0.35081029853661627,0.11973446980431304,-0.3428166876423302,0.19398761212376375,-0.2618331623147393,-0.13070220243915884,0.21719571819234229,-0.29291867490835799,-0.45808127366067608,-0.31600918095811409,0.10142723869676991,-0.16797542440421181,-0.33030725993851323,-0.33656921527077066,-0.34304764200982374,-0.21601278000501406,0.1062824406978491,-0.035950378637098851,0.0012319420835313038,0.25484398456483892,-0.39096410671541143,0.37925513300252622,-0.13331121207877009
0.37511877490806056,0.32262072149575438,1.0,0.5381360721497993,0.68664590537805581,0.27025898701236306,-0.83506581999999996,0.13740190743726133,-0.60653963070574746,-0.86955020632818913,0.80751840894577531,-0.39594811712369404,-0.68474032053244294,0.82107863808477222,0.63995631722595625,0.041241538378778704,-0.62188105482141642,0.57273651176896911,-0.89890674217510647,0.4607467652850406,0.61726724429768143,0.58600133257414322,0.2516127432284298,0.042119449781474208,-0.72198464695490816,-0.79789074042897201,-0.11924579933003743,-0.51171193793154102,-0.36514538653802048,0.33399846855946819,0.66000751693134019,-0.52496592562970879,0.62396145819363535,-0.45083711567862206,0.34869322446023798,0.064403114892020205,-0.16467860291777911,0.013419566844418696,-0.33594356933997038
-0.3038885712428725,-0.39147570948362759,0.5381360721497993,1.0,0.25527545007215635,0.72189396343653478,-0.358927,-0.3423401685755782,-0.053851613548841278,-0.85984960985046022,0.32535608189106696,-0.14905485653534281,-0.40731614379964792,0.37872873955076874,0.61922756470012819,0.089166625465476462,-0.06558140123120032,0.62824497554054937,-0.39533612629829129,0.57026597246907806,0.97690475211122085,0.50107891591768894,-0.039210488564014316,0.32082285446522213,-0.11785472962110571,-0.13194241862959538,-0.23143261248529309,0.013355298859923242,-0.34945633150267158,0.8515771214994029,0.88471323277217584,-0.020489087648233317,0.56002789238158213,-0.70112111671567101,0.44833324316878326,-0.57334059768224344,-0.091077880703732642,-0.12310373297013716,0.072596399183051691
0.80131200591192697,0.15787413589288762,0.68664590537805581,0.25527545007215635,1.0,-0.11562296312807092,-0.95325225999999996,0.041998701618062635,-0.94621892965700638,-0.52192584663305641,0.92260995446222926,-0.28671878096893438,-0.33838845178432281,0.77890287741237774,0.81120790247286412,-0.51987792178505399,-0.16420872704872252,0.26901438584108522,-0.58917572919191463,-0.13822707686997887,0.21053245912064256,0.84721780141711434,0.096711688417279326,0.56796942538695183,-0.72742732631542795,-0.90623305429221612,-0.12190873740553015,-0.86255955305762722,-0.1018291607931515,0.044054071257000511,0.5336520160511945,-0.54730265204919215,0.0038701527008761514,-0.20139126424863729,0.63103130838253163,0.55865208008505518,0.55582383119767353,0.15069764996272189,-0.85591977638015515
-0.50451490633814122,-0.083060315656031433,0.27025898701236306,0.72189396343653478,-0.11562296312807092,1.0,0.028053740000000049,-0.20919419108549189,0.29936982415220725,-0.55839523010594327,-0.03332473946362198,0.024439355896730412,-0.029282506586056731,-0.088228542806796234,0.15628886506992234,0.36898428931411748,0.0016558623520179228,0.61159123405100657,-0.13640965978213382,0.57691615383919459,0.72617296392024699,0.23620928043619382,0.034360782254145059,0.085390411906716479,0.10492231570279258,0.18402139284166505,-0.18159329099029228,0.31024934484011035,-0.43788000585991071,0.66772213722086571,0.49236018338437237,0.16156255073577835,0.30645427812555071,-0.60325391708446463,0.26329553011660467,-0.71340238757033281,-0.36953269197609817,-0.016543706724088003,0.33103375133011387
-0.73601225999999997,-0.16809618000000004,-0.83506581999999996,-0.358927,-0.95325225999999996,0.028053740000000049,1.0,-0.028221280000000015,0.93099007999999994,0.67096471999999996,-0.95325473999999999,0.4226999600000001,0.52107379999999992,-0.88726645999999998,-0.83416559999999995,0.44901955999999998,0.35891031999999989,-0.32967659999999999,0.7140868199999999,-0.00049818000000001472,-0.34571273999999996,-0.81441209999999997,-0.20524553999999995,-0.43797353999999999,0.74147457999999999,0.96250232000000002,0.16311016,0.86062660000000002,0.1074429400000001,-0.14087762000000004,-0.63917044000000001,0.6180607600000001,-0.22309378000000002,0.24990825999999999,-0.52202004000000002,-0.46738263999999996,-0.38025964000000001,-0.064312480000000005,0.75558136000000009
0.13016723162761029,0.59763369475480588,0.13740190743726133,-0.3423401685755782,0.041998701618062635,-0.20919419108549189,-0.028221280000000015,1.0,-0.026592240906101725,0.043700714685993132,0.17727482324961691,-0.17014479424687698,0.21557442969759558,-0.1659938856723466,-0.28063032069255561,0.41129182740494952,0.011343342867374928,0.38400096171735026,-0.050002598020030264,0.30176972629357657,-0.26325196474439228,-0.33205392228505454,-0.29206109067570274,-0.27672553387491694,-0.58415772486131878,-0.10474856312574013,0.26577727205856455,-0.0047989700040286486,-0.47889988620776197,-0.23976360227200938,-0.42763087287796087,0.25267914436094652,0.042137743740262364,-0.27487128725402526,-0.061757930082765332,0.094113284419530971,-0.35452449388527435,0.70423284428420962,-0.23666352510242805
-0.91119389857785626,-0.18228057664355193,-0.60653963070574746,-0.053851613548841278,-0.94621892965700638,0.29936982415220725,0.93099007999999994,-0.026592240906101725,1.0,0.36420515849400165,-0.89163198958854362,0.37301265846461895,0.36405823944469012,-0.78910144480108679,-0.74350698844169461,0.6580501763091372,0.21757318660288405,-0.055814516542239817,0.50256588344828201,0.30661853754890583,-0.0072007781683214311,-0.74572098100951012,-0.20602416493941655,-0.51108755571378017,0.67286722976062308,0.94537798092099579,0.12555340181762992,0.95824471954062818,-0.11692524644250117,0.10920526407425171,-0.40824961913732932,0.60662549170147051,0.062411374454701157,0.00022631975318895001,-0.47720071860672536,-0.72974788879054597,-0.59606416586951261,-0.10109526767744734,0.88811289440544461
-0.010898329777938901,-0.0062378460147301234,-0.86955020632818913,-0.85984960985046022,-0.52192584663305641,-0.55839523010594327,0.67096471999999996,0.043700714685993132,0.36420515849400165,1.0,-0.6324497422915214,0.4142061675299582,0.54614855522836758,-0.64945168525233044,-0.67967996770554617,-0.074318028276953246,0.37490401718071509,-0.69258520233211252,0.72282695200855829,-0.6141542096839665,-0.90081285787825283,-0.56997204345897545,-0.09142754305476837,-0.22033666139415498,0.48344465864721975,0.5231331584639024,0.23205738338348603,0.29593805052603384,0.44621596460860335,-0.68705299369403761,-0.87845264755163632,0.30799567311927312,-0.69328881363893835,0.7037224151259639,-0.42973351791307768,0.32068360153669795,0.18701918100085838,-0.0068287092436749436,0.1607480241407985
0.73389759994987092,0.21671509137406139,0.80751840894577531,0.32535608189106696,0.92260995446222926,-0.03332473946362198,-0.95325473999999999,0.17727482324961691,-0.89163198958854362,-0.6324497422915214,1.0,-0.43160433566838297,-0.50791237001151845,0.7977179284039424,0.84091016660125106,-0.38809782719078834,-0.20612097240925928,0.40744589136039611,-0.62159256058692003,0.12880756085939196,0.31112792170318387,0.71944486789254458,0.061203986323527679,0.46258628068172281,-0.86543126238641166,-0.90610572987625382,-0.045738434378080978,-0.78185494821645007,-0.10013678562286044,0.22154385230936266,0.54166805247866967,-0.38051410349488346,0.1760025126851999,-0.38947067811149888,0.64821003566476554,0.41947345686521398,0.32721235066518917,0.29715897518393924,-0.79281279281199513
-0.19982608231019794,-0.084397119131553511,-0.39594811712369404,-0.14905485653534281,-0.28671878096893438,0.024439355896730412,0.4226999600000001,-0.17014479424687698,0.37301265846461895,0.4142061675299582,-0.43160433566838297,1.0,0.16435359539820538,-0.40269540933076015,-0.3744190153964157,0.37006567370702403,0.13032170010494182,-0.074757006036221318,0.21134932587878327,-0.19263237860759047,-0.18145795643538198,-0.076693436295048989,-0.0094668512146348551,-0.25934409872318304,0.33127839388545333,0.43285107553124808,0.29457041984600185,0.45710196995286112,-0.15724156749236626,-0.33935968309979847,-0.39583869661547327,0.19611660925909014,-0.24197566497610506,0.34869790207551971,-0.10306833212395052,0.017364545670583018,0.092828333177784772,-0.29853353344086686,0.32463555337130362
-0.2021158435607304,0.096747510411792206,-0.68474032053244294,-0.40731614379964792,-0.33838845178432281,-0.029282506586056731,0.52107379999999992,0.21557442969759558,0.36405823944469012,0.54614855522836758,-0.50791237001151845,0.16435359539820538,1.0,-0.78647547819651464,-0.51379074020312343,0.025495503557260601,0.64952186922153654,-0.15245477629451473,0.66067304689940387,-0.26862511492816388,-0.47236260626483573,-0.32579351208001789,-0.3327292831221908,0.20555206784867686,0.32912878369623655,0.52491751762409333,0.12042598573185193,0.26485537884761529,-0.18502520046473092,-0.27904417529130682,-0.50815982017800554,0.36342966414767608,-0.54302851383225015,0.057058288664251278,-0.031679705180195881,-0.060414592019899571,0.14021193937846388,0.39822656812389279,0.012831592383394992
0.58611199622159527,-0.0015862767881176308,0.82107863808477222,0.37872873955076874,0.77890287741237774,-0.088228542806796234,-0.88726645999999998,-0.1659938856723466,-0.78910144480108679,-0.64945168525233044,0.7977179284039424,-0.40269540933076015,-0.78647547819651464,1.0,0.75766603937829147,-0.38500923271261944,-0.59722803282170867,0.15213464168573232,-0.78729950616183431,-0.0022297273047885801,0.40026068731136605,0.68800418763570081,0.31111478041215335,0.17322644196688852,-0.53953881268281845,-0.88220673831094731,-0.282897332143354,-0.72778118794062874,0.078215169449058458,0.14548824243140621,0.67697508258934647,-0.70518398097795809,0.37777114694563468,-0.06173265802781959,0.24291825749073701,0.37356449252848023,0.23579785562775887,-0.27277889208927275,-0.47640789408765288
0.5013424225802533,-0.27732230264043201,0.63995631722595625,0.61922756470012819,0.81120790247286412,0.15628886506992234,-0.83416559999999995,-0.28063032069255561,-0.74350698844169461,-0.67967996770554617,0.84091016660125106,-0.3744190153964157,-0.51379074020312343,0.75766603937829147,1.0,-0.54595506019945439,-0.0004133687735421443,0.33039457666591054,-0.44403856414446041,0.078090630893163981,0.53808348852343846,0.82166444612953948,-0.013359244509297,0.68694362510470264,-0.53599229151679229,-0.68853495780132146,-0.15829267493902846,-0.64241636337086261,0.069616420816037666,0.50975606568622256,0.7975170101727872,-0.28144495741812209,0.15565905639178856,-0.42688702859526911,0.73361995226416443,0.18139239526776241,0.49847469945433553,0.064136798613486645,-0.63702066495324572
-0.60539258593993472,0.29437830471265641,0.041241538378778704,0.089166625465476462,-0.51987792178505399,0.36898428931411748,0.44901955999999998,0.41129182740494952,0.6580501763091372,-0.074318028276953246,-0.38809782719078834,0.37006567370702403,0.025495503557260601,-0.38500923271261944,-0.54595506019945439,1.0,-0.2342469561119345,0.45209807407566166,-0.15123403966898474,0.65985753409691672,0.22322218248765258,-0.46790046259840928,-0.15727107853677558,-0.7291499308739029,0.0094351299942233222,0.44645883586748597,0.28894783420951348,0.73907848995119607,-0.65748216807906334,0.048630189589005855,-0.28184809027524343,0.32009346822536727,0.43986169469003611,-0.24860509819680365,-0.31419908771632721,-0.59009864086924946,-0.81166882851165234,0.054998895053694707,0.65786135883603147
-0.14133744307396537,-0.35081029853661627,-0.62188105482141642,-0.06558140123120032,-0.16420872704872252,0.0016558623520179228,0.35891031999999989,0.011343342867374928,0.21757318660288405,0.37490401718071509,-0.20612097240925928,0.13032170010494182,0.64952186922153654,-0.59722803282170867,-0.0004133687735421443,-0.2342469561119345,1.0,-0.055258754924810582,0.78120605979803592,-0.12928731491223933,-0.21412924962278557,-0.1432416962292169,-0.59140894575930636,0.59677436523255578,0.16237282012948495,0.48742351774479037,0.16400751097060362,0.22051584815314432,0.11078208107724341,0.20463436176774968,-0.21417029398326448,0.73515354999011573,-0.56054522292932907,-0.25491655413634828,0.43685710763162366,-0.14397549496444093,0.40648939223021885,0.55557586264443837,-0.18427459039930724
-0.13947148554388991,0.11973446980431304,0.57273651176896911,0.62824497554054937,0.26901438584108522,0.61159123405100657,-0.32967659999999999,0.38400096171735026,-0.055814516542239817,-0.69258520233211252,0.40744589136039611,-0.074757006036221318,-0.15245477629451473,0.15213464168573232,0.33039457666591054,0.45209807407566166,-0.055258754924810582,1.0,-0.3846600350553615,0.69923355802047293,0.65494230582259849,0.32316116767036118,-0.094890632113188211,0.065000709466489531,-0.52847401163917629,-0.18535403381016427,0.087435024063868161,0.053565304025653751,-0.73269333607015308,0.48993115413190352,0.40141643179932274,0.16072191625119769,0.41093401762161141,-0.7683955146132575,0.40663374012466891,-0.39018341282379965,-0.30078064527063714,0.35633423133205711,-0.11160864286350052
-0.32093237194882224,-0.3428166876423302,-0.89890674217510647,-0.39533612629829129,-0.58917572919191463,-0.13640965978213382,0.7140868199999999,-0.050002598020030264,0.50256588344828201,0.72282695200855829,-0.62159256058692003,0.21134932587878327,0.66067304689940387,-0.78729950616183431,-0.44403856414446041,-0.15123403966898474,0.78120605979803592,-0.3846600350553615,1.0,-0.34021150989000715,-0.51027699439935503,-0.53477426753515056,-0.28634488694001731,0.17360803144073361,0.56367010890485525,0.72230661581422007,0.1026196603549983,0.38973203647768284,0.37330644899984927,-0.096338241193418647,-0.53066875842804617,0.69541818242039943,-0.58131627430570154,0.18438570184305406,-0.15127557081241771,-0.1032297489337929,0.18494385437664673,0.24101165384062528,0.16655329296468108
-0.47721853368399908,0.19398761212376375,0.4607467652850406,0.57026597246907806,-0.13822707686997887,0.57691615383919459,-0.00049818000000001472,0.30176972629357657,0.30661853754890583,-0.6141542096839665,0.12880756085939196,-0.19263237860759047,-0.26862511492816388,-0.0022297273047885801,0.078090630893163981,0.65985753409691672,-0.12928731491223933,0.69923355802047293,-0.34021150989000715,1.0,0.6809155620790257,-0.16181594069908919,-0.18229742193926235,-0.22237386324512401,-0.32024693934166654,0.10841394531581038,0.1650639649050562,0.41163819667276885,-0.539607529987293,0.67890012253050425,0.29211837625337445,0.34927018278372002,0.69128066495263973,-0.80187989431997941,0.21742558278402307,-0.73220504444262136,-0.7353996219656348,0.3303848885009053,0.35291609534091412
-0.3490337612529697,-0.2618331623147393,0.61726724429768143,0.97690475211122085,0.21053245912064256,0.72617296392024699,-0.34571273999999996,-0.26325196474439228,-0.0072007781683214311,-0.90081285787825283,0.31112792170318387,-0.18145795643538198,-0.47236260626483573,0.40026068731136605,0.53808348852343846,0.22322218248765258,-0.21412924962278557,0.65494230582259849,-0.51027699439935503,0.6809155620790257,1.0,0.4226555107357895,0.0044619174328188738,0.16137191028100795,-0.15321679921311615,-0.14628953676545531,-0.21983249627127077,0.067199392874003561,-0.41063606045530676,0.8325040424376543,0.85407968996320871,-0.066842189206387848,0.67747719685618257,-0.70754632381369675,0.36250852204470796,-0.62155138411170163,-0.26432541260378201,-0.14098125141706186,0.16722390809757837
0.547770289932906,-0.13070220243915884,0.58600133257414322,0.50107891591768894,0.84721780141711434,0.23620928043619382,-0.81441209999999997,-0.33205392228505454,-0.74572098100951012,-0.56997204345897545,0.71944486789254458,-0.076693436295048989,-0.32579351208001789,0.68800418763570081,0.82166444612953948,-0.46790046259840928,-0.1432416962292169,0.32316116767036118,-0.53477426753515056,-0.16181594069908919,0.4226555107357895,1.0,0.18969399524360475,0.59112592006634601,-0.40427764574386932,-0.70756563145479023,-0.25056180656750127,-0.6608646191097447,-0.10294554553595009,0.18363723211202412,0.6917882831443728,-0.55048346230226841,-0.052382272864175614,-0.16566726202598345,0.61741753921204345,0.32692058707933042,0.5908159229346529,-0.16451414261912584,-0.62423015648275826
0.14499722210911353,0.21719571819234229,0.2516127432284298,-0.039210488564014316,0.096711688417279326,0.034360782254145059,-0.20524553999999995,-0.29206109067570274,-0.20602416493941655,-0.09142754305476837,0.061203986323527679,-0.0094668512146348551,-0.3327292831221908,0.31111478041215335,-0.013359244509297,-0.15727107853677558,-0.59140894575930636,-0.094890632113188211,-0.28634488694001731,-0.18229742193926235,0.0044619174328188738,0.18969399524360475,1.0,-0.19874687942953992,0.16928724680795759,-0.31515092319679777,-0.1838761846170815,-0.30608678374062781,0.27401933759582148,-0.21575586187137455,0.11058282489015168,-0.54258048425467031,0.10092118541415111,0.384060761677461,-0.29048352445849546,0.28260988194977071,-0.069226275607837423,-0.52754634026001723,0.069369838087791527
0.36439175172980931,-0.29291867490835799,0.042119449781474208,0.32082285446522213,0.56796942538695183,0.085390411906716479,-0.43797353999999999,-0.27672553387491694,-0.51108755571378017,-0.22033666139415498,0.46258628068172281,-0.25934409872318304,0.20555206784867686,0.17322644196688852,0.68694362510470264,-0.7291499308739029,0.59677436523255578,0.065000709466489531,0.17360803144073361,-0.22237386324512401,0.16137191028100795,0.59112592006634601,-0.19874687942953992,1.0,-0.18241814426242103,-0.27836847648587792,-0.1712062616668954,-0.50814375135170531,0.1626300091418689,0.38020256697909255,0.46799919689814112,0.03843051569039091,-0.33800197691227646,-0.35027931647267879,0.78349100792100823,0.17911386223513276,0.73027266133418334,0.33400776418495526,-0.66584354794178746
-0.6323377520614909,-0.45808127366067608,-0.72198464695490816,-0.11785472962110571,-0.72742732631542795,0.10492231570279258,0.74147457999999999,-0.58415772486131878,0.67286722976062308,0.48344465864721975,-0.86543126238641166,0.33127839388545333,0.32912878369623655,-0.53953881268281845,-0.53599229151679229,0.0094351299942233222,0.16237282012948495,-0.52847401163917629,0.56367010890485525,-0.32024693934166654,-0.15321679921311615,-0.40427764574386932,0.16928724680795759,-0.18241814426242103,1.0,0.73014866352750385,-0.21353206849212289,0.52490329306430783,0.37337041174086821,-0.073945961606640395,-0.19903765691186531,0.15085530128088287,-0.21812078414769498,0.45925714008635321,-0.53330121888858539,-0.33104484541053142,-0.053690772988851942,-0.56529384889196577,0.67551088866210851
-0.82195397322573149,-0.31600918095811409,-0.79789074042897201,-0.13194241862959538,-0.90623305429221612,0.18402139284166505,0.96250232000000002,-0.10474856312574013,0.94537798092099579,0.5231331584639024,-0.90610572987625382,0.43285107553124808,0.52491751762409333,-0.88220673831094731,-0.68853495780132146,0.44645883586748597,0.48742351774479037,-0.18535403381016427,0.72230661581422007,0.10841394531581038,-0.14628953676545531,-0.70756563145479023,-0.31515092319679777,-0.27836847648587792,0.73014866352750385,1.0,0.15026869136228169,0.89698923389397278,0.014933002368286206,0.072572582539760844,-0.46412029643798508,0.70909464625572727,-0.16606079814987959,0.054441172780265994,-0.35147542843568169,-0.61339342114792217,-0.32841840485898477,-0.020434149635527532,0.74104859776242438
0.04965672568515498,0.10142723869676991,-0.11924579933003743,-0.23143261248529309,-0.12190873740553015,-0.18159329099029228,0.16311016,0.26577727205856455,0.12555340181762992,0.23205738338348603,-0.045738434378080978,0.29457041984600185,0.12042598573185193,-0.282897332143354,-0.15829267493902846,0.28894783420951348,0.16400751097060362,0.087435024063868161,0.1026196603549983,0.1650639649050562,-0.21983249627127077,-0.25056180656750127,-0.1838761846170815,-0.1712062616668954,-0.21353206849212289,0.15026869136228169,1.0,0.21968381069777837,-0.16139668796668102,-0.21814724096318117,-0.41323286231938416,0.30699015053282747,0.0068135078342766511,-0.010919233323714089,0.06490576415494162,0.073523558234277406,-0.070027141871643037,0.27394766581583319,0.024458291429588896
-0.85837748129672709,-0.16797542440421181,-0.51171193793154102,0.013355298859923242,-0.86255955305762722,0.31024934484011035,0.86062660000000002,-0.0047989700040286486,0.95824471954062818,0.29593805052603384,-0.78185494821645007,0.45710196995286112,0.26485537884761529,-0.72778118794062874,-0.64241636337086261,0.73907848995119607,0.22051584815314432,0.053565304025653751,0.38973203647768284,0.41163819667276885,0.067199392874003561,-0.6608646191097447,-0.30608678374062781,-0.50814375135170531,0.52490329306430783,0.89698923389397278,0.21968381069777837,1.0,-0.19244956315217751,0.15859907451602376,-0.3877836896878466,0.64576457000975518,0.094895814135833284,-0.082202907268045133,-0.32149104231768982,-0.73837878591567963,-0.58738247737943483,-0.055019487074783824,0.8534046292703108
0.20273985256413987,-0.33030725993851323,-0.36514538653802048,-0.34945633150267158,-0.1018291607931515,-0.43788000585991071,0.1074429400000001,-0.47889988620776197,-0.11692524644250117,0.44621596460860335,-0.10013678562286044,-0.15724156749236626,-0.18502520046473092,0.078215169449058458,0.069616420816037666,-0.65748216807906334,0.11078208107724341,-0.73269333607015308,0.37330644899984927,-0.539607529987293,-0.41063606045530676,-0.10294554553595009,0.27401933759582148,0.1626300091418689,0.37337041174086821,0.014933002368286206,-0.16139668796668102,-0.19244956315217751,1.0,-0.12644106826467366,-0.12409480896545379,-0.0092415644120319475,-0.428847996928299,0.52753380763416535,-0.13346498956627656,0.34539979551706779,0.36377555474861634,-0.28515608640746548,-0.056804449356958275
-0.40981756703967348,-0.33656921527077066,0.33399846855946819,0.8515771214994029,0.044054071257000511,0.66772213722086571,-0.14087762000000004,-0.23976360227200938,0.10920526407425171,-0.68705299369403761,0.22154385230936266,-0.33935968309979847,-0.27904417529130682,0.14548824243140621,0.50975606568622256,0.048630189589005855,0.20463436176774968,0.48993115413190352,-0.096338241193418647,0.67890012253050425,0.8325040424376543,0.18363723211202412,-0.21575586187137455,0.38020256697909255,-0.073945961606640395,0.072572582539760844,-0.21814724096318117,0.15859907451602376,-0.12644106826467366,1.0,0.70886278742602926,0.33504130724938996,0.46052804919388979,-0.82420642192592786,0.50508070221504175,-0.70584094506679884,-0.21854820628550783,0.18249395360112586,0.13493873560304284
0.02992565461906042,-0.34304764200982374,0.66000751693134019,0.88471323277217584,0.5336520160511945,0.49236018338437237,-0.63917044000000001,-0.42763087287796087,-0.40824961913732932,-0.87845264755163632,0.54166805247866967,-0.39583869661547327,-0.50815982017800554,0.67697508258934647,0.7975170101727872,-0.28184809027524343,-0.21417029398326448,0.40141643179932274,-0.53066875842804617,0.29211837625337445,0.85407968996320871,0.6917882831443728,0.11058282489015168,0.46799919689814112,-0.19903765691186531,-0.46412029643798508,-0.41323286231938416,-0.3877836896878466,-0.12409480896545379,0.70886278742602926,1.0,-0.36699014282097481,0.47848954352606704,-0.51348320289906402,0.44531419224107299,-0.24556214381936328,0.14408371905084835,-0.21681539486092002,-0.20034099165396491
-0.5127049245094123,-0.21601278000501406,-0.52496592562970879,-0.020489087648233317,-0.54730265204919215,0.16156255073577835,0.6180607600000001,0.25267914436094652,0.60662549170147051,0.30799567311927312,-0.38051410349488346,0.19611660925909014,0.36342966414767608,-0.70518398097795809,-0.28144495741812209,0.32009346822536727,0.73515354999011573,0.16072191625119769,0.69541818242039943,0.34927018278372002,-0.066842189206387848,-0.55048346230226841,-0.54258048425467031,0.03843051569039091,0.15085530128088287,0.70909464625572727,0.30699015053282747,0.64576457000975518,-0.0092415644120319475,0.33504130724938996,-0.36699014282097481,1.0,-0.19447209078794928,-0.38785937980938079,0.14396451238303004,-0.50282232406851202,-0.21844605112936855,0.54887137591802693,0.2708022575998032
-0.27779499042688061,0.1062824406978491,0.62396145819363535,0.56002789238158213,0.0038701527008761514,0.30645427812555071,-0.22309378000000002,0.042137743740262364,0.062411374454701157,-0.69328881363893835,0.1760025126851999,-0.24197566497610506,-0.54302851383225015,0.37777114694563468,0.15565905639178856,0.43986169469003611,-0.56054522292932907,0.41093401762161141,-0.58131627430570154,0.69128066495263973,0.67747719685618257,-0.052382272864175614,0.10092118541415111,-0.33800197691227646,-0.21812078414769498,-0.16606079814987959,0.0068135078342766511,0.094895814135833284,-0.428847996928299,0.46052804919388979,0.47848954352606704,-0.19447209078794928,1.0,-0.43623666424756274,-0.11045491079579432,-0.43539493422463477,-0.60467505445283209,-0.15094881409044825,0.34326977466114944
0.241967331963028,-0.035950378637098851,-0.45083711567862206,-0.70112111671567101,-0.20139126424863729,-0.60325391708446463,0.24990825999999999,-0.27487128725402526,0.00022631975318895001,0.7037224151259639,-0.38947067811149888,0.34869790207551971,0.057058288664251278,-0.06173265802781959,-0.42688702859526911,-0.24860509819680365,-0.25491655413634828,-0.7683955146132575,0.18438570184305406,-0.80187989431997941,-0.70754632381369675,-0.16566726202598345,0.384060761677461,-0.35027931647267879,0.45925714008635321,0.054441172780265994,-0.010919233323714089,-0.082202907268045133,0.52753380763416535,-0.82420642192592786,-0.51348320289906402,-0.38785937980938079,-0.43623666424756274,1.0,-0.61312711289899291,0.58716817200914184,0.28557423463915665,-0.59462837086183984,0.10316594054821319
0.35855729982525741,0.0012319420835313038,0.34869322446023798,0.44833324316878326,0.63103130838253163,0.26329553011660467,-0.52202004000000002,-0.061757930082765332,-0.47720071860672536,-0.42973351791307768,0.64821003566476554,-0.10306833212395052,-0.031679705180195881,0.24291825749073701,0.73361995226416443,-0.31419908771632721,0.43685710763162366,0.40663374012466891,-0.15127557081241771,0.21742558278402307,0.36250852204470796,0.61741753921204345,-0.29048352445849546,0.78349100792100823,-0.53330121888858539,-0.35147542843568169,0.06490576415494162,-0.32149104231768982,-0.13346498956627656,0.50508070221504175,0.44531419224107299,0.14396451238303004,-0.11045491079579432,-0.61312711289899291,1.0,0.029323288300191312,0.4233917220713162,0.49534792400425909,-0.57815052434778891
0.89441893057394739,0.25484398456483892,0.064403114892020205,-0.57334059768224344,0.55865208008505518,-0.71340238757033281,-0.46738263999999996,0.094113284419530971,-0.72974788879054597,0.32068360153669795,0.41947345686521398,0.017364545670583018,-0.060414592019899571,0.37356449252848023,0.18139239526776241,-0.59009864086924946,-0.14397549496444093,-0.39018341282379965,-0.1032297489337929,-0.73220504444262136,-0.62155138411170163,0.32692058707933042,0.28260988194977071,0.17911386223513276,-0.33104484541053142,-0.61339342114792217,0.073523558234277406,-0.73837878591567963,0.34539979551706779,-0.70584094506679884,-0.24556214381936328,-0.50282232406851202,-0.43539493422463477,0.58716817200914184,0.029323288300191312,1.0,0.63531169435502699,-0.032865639311731656,-0.70083379675243773
0.61259103618052291,-0.39096410671541143,-0.16467860291777911,-0.091077880703732642,0.55582383119767353,-0.36953269197609817,-0.38025964000000001,-0.35452449388527435,-0.59606416586951261,0.18701918100085838,0.32721235066518917,0.092828333177784772,0.14021193937846388,0.23579785562775887,0.49847469945433553,-0.81166882851165234,0.40648939223021885,-0.30078064527063714,0.18494385437664673,-0.7353996219656348,-0.26432541260378201,0.5908159229346529,-0.069226275607837423,0.73027266133418334,-0.053690772988851942,-0.32841840485898477,-0.070027141871643037,-0.58738247737943483,0.36377555474861634,-0.21854820628550783,0.14408371905084835,-0.21844605112936855,-0.60467505445283209,0.28557423463915665,0.4233917220713162,0.63531169435502699,1.0,-0.047433765347719481,-0.70316166370112521
0.16324667838138754,0.37925513300252622,0.013419566844418696,-0.12310373297013716,0.15069764996272189,-0.016543706724088003,-0.064312480000000005,0.70423284428420962,-0.10109526767744734,-0.0068287092436749436,0.29715897518393924,-0.29853353344086686,0.39822656812389279,-0.27277889208927275,0.064136798613486645,0.054998895053694707,0.55557586264443837,0.35633423133205711,0.24101165384062528,0.3303848885009053,-0.14098125141706186,-0.16451414261912584,-0.52754634026001723,0.33400776418495526,-0.56529384889196577,-0.020434149635527532,0.27394766581583319,-0.055019487074783824,-0.28515608640746548,0.18249395360112586,-0.21681539486092002,0.54887137591802693,-0.15094881409044825,-0.59462837086183984,0.49534792400425909,-0.032865639311731656,-0.047433765347719481,1.0,-0.42630632222994869
-0.85893115956731469,-0.13331121207877009,-0.33594356933997038,0.072596399183051691,-0.85591977638015515,0.33103375133011387,0.75558136000000009,-0.23666352510242805,0.88811289440544461,0.1607480241407985,-0.79281279281199513,0.32463555337130362,0.012831592383394992,-0.47640789408765288,-0.63702066495324572,0.65786135883603147,-0.18427459039930724,-0.11160864286350052,0.16655329296468108,0.35291609534091412,0.16722390809757837,-0.62423015648275826,0.069369838087791527,-0.66584354794178746,0.67551088866210851,0.74104859776242438,0.024458291429588896,0.8534046292703108,-0.056804449356958275,0.13493873560304284,-0.20034099165396491,0.2708022575998032,0.34326977466114944,0.10316594054821319,-0.57815052434778891,-0.70083379675243773,-0.70316166370112521,-0.42630632222994869,1.0
