1.0,0.24231514133572993,0.53330495256625621,0.011053438997288223,-0.68502973435295766,-0.67371245332029239,0.27141624032796169,-0.13935621843136867,0.083569786619472619,-0.54987442322699287,-0.77424108769988265,0.44569032251611429,0.67261436029730159,0.69356463649089806,0.48568946872031554,-0.26714864807484046,0.14085939862948871,-0.75021691999999995,-0.76513748339093679,-0.12383512945097466,0.28986145642253702,-0.48822287019280025,0.72145891548204988,0.59561684459588249,0.061174404993936837,-0.6585230422532351,-0.3864454837226029,0.40332865994531752,-0.467409126337817,0.32032730782853786,0.076417483865306765,0.24212926235983961,-0.87064662767879886,0.28642308400578931,0.1497547061469463,-0.46864738455390303,0.70588351926634263,-0.79810242926404729,0.63917978514988927
0.24231514133572993,1.0,0.27468396510176807,-0.28682018866887965,-0.037195838065932921,0.073757567517720585,0.50013057818482576,-0.47615482582591379,0.49008633712115551,-0.11929100818931822,-0.67894387210320051,0.58782247492009598,0.23381769021625917,-0.34868093951034035,-0.26363685408074594,-0.9294755996219547,0.57573306954652026,0.077463819999999961,0.046651538921838438,0.25743559650090841,0.56994767596314921,0.62566973052693786,0.74449810888702517,-0.015488050583042394,-0.26904701799713043,0.27346354345007301,-0.57535568627406219,-0.42096778940959301,-0.87249152079175796,-0.56993949901513163,-0.34051028050613169,0.23493781300026134,-0.5560035590067991,0.85358725171335381,-0.38072697286916102,-0.35139352804321228,-0.26323917839772104,-0.013491214619783242,0.080405898481778731
0.53330495256625621,0.27468396510176807,1.0,-0.52105982814081486,0.0028240708810048838,0.065721719361001685,-0.27603262893110314,-0.31339452970629156,0.25091430428913852,-0.6647776086975884,-0.56674991050610324,0.4305299584051242,0.25767420534190366,-0.062495254843806324,0.48127048817432966,-0.47453610455355622,0.67189226018515857,-0.01090513999999998,0.0069358453934496786,-0.42566624477089049,0.46118802618728572,0.065073900715232599,0.62936063679851662,0.57572791489512276,0.38150152579100693,0.082488466433343149,-0.78225297170258279,-0.24547547915729828,-0.57830767528911931,-0.40870041164306037,0.20516209708100358,-0.26167570743997914,-0.49126106704683009,0.36268140197091669,-0.44669388728025367,-0.4497766268733624,0.011356032462417337,-0.054388409635466199,0.041791435545957115
0.011053438997288223,-0.28682018866887965,-0.52105982814081486,1.0,-0.71419935348804831,-0.7194352007807695,0.27466868773498615,-0.0038923339590596073,-0.57836507469526477,0.1291018976780422,0.41100669584041916,-0.65474720597828728,0.13582428860087359,0.52996375163034881,-0.03526816481711581,0.26629520103623838,-0.82180854111641199,-0.64403283999999994,-0.50415470352936498,0.71047482962637853,-0.070162301323842297,-0.27606051502850254,-0.086527934477114321,-0.35204548700881866,-0.12728230867520329,-0.65338649361687828,0.83723634483634379,0.57236977910499465,0.20089720092916613,0.76909580224296015,-0.40108575010647524,0.72551257926377599,-0.12417062105290858,-0.5499130228426109,0.17794645560583133,0.22710571547926023,0.527838241370016,-0.58747316652961656,0.54901986426780314
-0.68502973435295766,-0.037195838065932921,0.0028240708810048838,-0.71419935348804831,1.0,0.98848328309794942,-0.44339312730347846,0.090813759670951594,0.38277673846974919,0.20664994188576052,0.25048433853932361,0.092037717651781134,-0.50148341211340686,-0.81270051835724888,-0.25865042948127176,0.077186058546799954,0.49804850985177429,0.97629531999999997,0.90229708677890863,-0.47946488800160125,-0.27243938092701647,0.45627877741232409,-0.49065715441548263,-0.077325008018697877,0.17148861378892699,0.8666421972592786,-0.28484213375262668,-0.64385447867293089,0.26314387877114476,-0.73487856753814207,0.19520863519721948,-0.7723101290013501,0.71310980371243315,0.090482175346082133,-0.12915797899207127,0.10862180006060956,-0.80333148483521932,0.97048546113009004,-0.84234350432336569
-0.67371245332029239,0.073757567517720585,0.065721719361001685,-0.7194352007807695,0.98848328309794942,1.0,-0.41747762364201846,-0.015954598654663272,0.41507801207790374,0.14341129366645378,0.1939205188042479,0.10104556721362321,-0.46728508914024064,-0.87254622266153237,-0.26340491148264467,-0.053696621679829318,0.56824768673639414,0.99019371999999994,0.93840467836724428,-0.43805365667806145,-0.19340172647001067,0.55642989776501528,-0.38452653499601941,-0.082332860731322857,0.19673392107983453,0.91086333796079022,-0.3370155772648869,-0.71866529321454486,0.14072951700127365,-0.81585448999851118,0.10685678295932194,-0.74228700616671373,0.63798410193198396,0.15294806256377297,-0.21737893727219157,0.06842393580617398,-0.84500676082465365,0.97642826817051065,-0.84252856307221025
0.27141624032796169,0.50013057818482576,-0.27603262893110314,0.27466868773498615,-0.44339312730347846,-0.41747762364201846,1.0,0.080550865607234401,0.09492160209988465,0.13703742334458022,-0.3120623273182182,0.33852618681190472,0.27745995790315464,0.18332010558616285,0.09137780035382348,-0.40219346254036392,-0.15506827796825814,-0.39825047999999996,-0.35053372459558252,0.54719467601553529,0.44896412097956084,-0.0075452363780227696,0.413252449936097,-0.48161554007056739,-0.50737888685337307,-0.2759237860871252,0.055129988435940719,0.10141394232431478,-0.38874407281318824,0.19037287632172706,-0.31973189809846225,0.59788421458180396,-0.47480500732656,0.38526155460487721,-0.05232217405556483,0.020786202300546286,0.21059359828741103,-0.43605907008337097,0.54158075274723005
-0.13935621843136867,-0.47615482582591379,-0.31339452970629156,-0.0038923339590596073,0.090813759670951594,-0.015954598654663272,0.080550865607234401,1.0,0.086177952562859747,0.44814605577951466,0.3349035159738567,0.2020066659327692,-0.18018795407117486,0.11762818702705551,0.074056424251377248,0.51027115776745813,-0.35320987631443118,0.002066200000000018,-0.14008295660108944,-0.043045504286431335,-0.16305493019804732,-0.33800059723416881,-0.49481488116640848,-0.32287792363572915,-0.40460884827275712,-0.065437204931402621,0.17243744833409952,0.35710447721036809,0.50788233646528913,0.29097256338831629,0.60917784599873992,0.022742487088241115,0.4318289921195817,-0.1694652329025432,0.21575912267318584,0.14518909050198103,-0.070678901845783557,0.040848347677431958,-0.060605013583614253
0.083569786619472619,0.49008633712115551,0.25091430428913852,-0.57836507469526477,0.38277673846974919,0.41507801207790374,0.09492160209988465,0.086177952562859747,1.0,-0.3119234825287901,-0.52918188734563132,0.58662449814629336,0.3898034515852033,-0.34833313769688412,-0.016067745304824525,-0.39174784297380316,0.65936115712230048,0.36585171999999999,0.27207922978702698,-0.13885489651204747,-0.08264084672074444,0.28180131037752004,0.22702469186617691,0.22687193345490098,0.13738427976129786,0.37067104027736675,-0.53704698371384352,-0.18822792929573592,-0.26884036970177189,-0.59191301087103532,-0.085511734079659341,-0.39477599737371638,-0.10031030362116505,0.44657307864427326,0.13113678682455621,-0.57151614021212183,-0.41961848313080846,0.27967273914156626,-0.39504509121186115
-0.54987442322699287,-0.11929100818931822,-0.6647776086975884,0.1291018976780422,0.20664994188576052,0.14341129366645378,0.13703742334458022,0.44814605577951466,-0.3119234825287901,1.0,0.53186523065307612,0.0076945045482121619,-0.72546295726811239,-0.26210435107149982,-0.69071067292037103,0.25932691730927726,-0.4020028492881158,0.24208089999999993,0.071510753410980787,0.2836182614639054,0.03062442907201747,0.25417550188616034,-0.52724011888694089,-0.63820267041885581,-0.80055707969279544,0.21897146267011441,0.30896990686285464,0.0033355801254045928,0.31280954932029092,0.083710127586506616,0.38845078784376275,0.3027978020913964,0.58342994471691112,0.1036944363046607,-0.093591081457452346,0.52203688874286602,-0.29023032178909519,0.29020494326066154,-0.109309542885256
-0.77424108769988265,-0.67894387210320051,-0.56674991050610324,0.41100669584041916,0.25048433853932361,0.1939205188042479,-0.3120623273182182,0.3349035159738567,-0.52918188734563132,0.53186523065307612,1.0,-0.71386408029328619,-0.64578917933485913,-0.19591105044982016,-0.23277419971908564,0.62008170986922639,-0.61633064563864659,0.27654797999999992,0.33496857387095758,0.21645313798823498,-0.32389024756768686,0.022798097557735375,-0.80104879360822367,-0.57185400179090973,-0.061882782699665177,0.13538016004427328,0.71248596283803423,0.063265691382476716,0.69353533311232729,0.24793145064384456,0.069730384537757775,0.028005968531009673,0.79027616195172123,-0.677015037814923,-0.044654600050497179,0.56780230338996041,-0.22146393772179027,0.37093223170478845,-0.21799991618648779
0.44569032251611429,0.58782247492009598,0.4305299584051242,-0.65474720597828728,0.092037717651781134,0.10104556721362321,0.33852618681190472,0.2020066659327692,0.58662449814629336,0.0076945045482121619,-0.71386408029328619,1.0,0.13487802281704347,-0.13663891656571883,0.011066401489986541,-0.51735765049277926,0.58225078311124379,0.056042619999999932,-0.14337103953120869,-0.21288514922031165,0.47520902887970634,0.16008088169736179,0.49688990078707618,0.16924324463842169,-0.41907542239048973,0.18753495860332764,-0.82313616082565189,-0.14326575117114543,-0.54467027636423004,-0.41733638234404219,0.43488125882664613,-0.036020291037296759,-0.36353483987179064,0.86397652672313652,-0.1930994841919963,-0.33715455765530794,-0.16769879148643368,-0.019274636289291595,0.021297717582513906
0.67261436029730159,0.23381769021625917,0.25767420534190366,0.13582428860087359,-0.50148341211340686,-0.46728508914024064,0.27745995790315464,-0.18018795407117486,0.3898034515852033,-0.72546295726811239,-0.64578917933485913,0.13487802281704347,1.0,0.54326184294473723,0.49428047235036765,-0.18662127478643081,0.11071631917355386,-0.53858306,-0.45585589007220773,0.016845473810324859,-0.0729144925695214,-0.40950007950641054,0.50416768928866906,0.49497385482693013,0.41800217644317211,-0.47168695609008371,-0.077284208385461517,0.27231590533782635,-0.25989736659796497,0.230135421585307,-0.40370297301273139,0.043276237836068154,-0.68084172436911405,0.0068695192241694132,0.45461752700313096,-0.57767965753981576,0.44443518635968782,-0.59871458013760026,0.36322194529462115
0.69356463649089806,-0.34868093951034035,-0.062495254843806324,0.52996375163034881,-0.81270051835724888,-0.87254622266153237,0.18332010558616285,0.11762818702705551,-0.34833313769688412,-0.26210435107149982,-0.19591105044982016,-0.13663891656571883,0.54326184294473723,1.0,0.42242885065757124,0.38091897543389019,-0.53618609963729935,-0.91260262000000003,-0.88583727774405385,0.060447519675011198,-0.17449537593148218,-0.86529942137978311,0.1445932998364225,0.36825911434559311,0.07149470257625691,-0.92549702845663373,0.33631519507950874,0.76437524712082805,0.18345330972317181,0.88002905228449879,0.011494924123914514,0.3462208137574399,-0.48171531484583524,-0.34708083549735119,0.56811158038129539,-0.096859790571518445,0.91337812155928988,-0.89746262237191043,0.68053729835056354
0.48568946872031554,-0.26363685408074594,0.48127048817432966,-0.03526816481711581,-0.25865042948127176,-0.26340491148264467,0.09137780035382348,0.074056424251377248,-0.016067745304824525,-0.69071067292037103,-0.23277419971908564,0.011066401489986541,0.49428047235036765,0.42242885065757124,1.0,0.085831891258629667,0.056092888364985057,-0.35650161999999996,-0.17861849800504384,-0.30522233753724065,0.10520705693462962,-0.60466910090887194,0.25377328122358156,0.2636069123396117,0.53325862301659477,-0.34280234422965694,-0.12323293628342803,0.10845026693742976,-0.0065675595647042232,0.24678638804860722,-0.033884711966656926,-0.19098103094563207,-0.38404443669237476,-0.27118071294824919,0.042907238633432848,-0.16440534602572759,0.39924133158479808,-0.3579760862067628,0.28318040865041144
-0.26714864807484046,-0.9294755996219547,-0.47453610455355622,0.26629520103623838,0.077186058546799954,-0.053696621679829318,-0.40219346254036392,0.51027115776745813,-0.39174784297380316,0.25932691730927726,0.62008170986922639,-0.51735765049277926,-0.18662127478643081,0.38091897543389019,0.085831891258629667,1.0,-0.5876805477775594,-0.057297440000000033,-0.085076972692605751,-0.22815661425989303,-0.7028915196315344,-0.65774989148716745,-0.84221221881260544,0.036287844693641824,0.16627918082619073,-0.2858376826460452,0.63211975113429508,0.45689358138212999,0.9630731276362583,0.6027475500951287,0.30792959206898496,-0.25883388059433804,0.61267903998168172,-0.78644869583074917,0.60745633006500799,0.35957662731772794,0.26819099278359237,0.022227571502707356,-0.10243443552525612
0.14085939862948871,0.57573306954652026,0.67189226018515857,-0.82180854111641199,0.49804850985177429,0.56824768673639414,-0.15506827796825814,-0.35320987631443118,0.65936115712230048,-0.4020028492881158,-0.61633064563864659,0.58225078311124379,0.11071631917355386,-0.53618609963729935,0.056092888364985057,-0.5876805477775594,1.0,0.5020521200000001,0.45365408330675355,-0.45067022606208035,0.25058031222558863,0.45839395778910846,0.42085747640651405,0.41386623717422638,0.26564556012928953,0.52698375610839376,-0.84838008640413343,-0.58656551871766083,-0.52606322852970389,-0.82995365951281053,0.031335402232432655,-0.52472640097689505,-0.18691624044585958,0.60139345462628913,-0.33223831654205338,-0.41062542322650852,-0.40462184581903021,0.43067375619903514,-0.42238934368630526
-0.75021691999999995,0.077463819999999961,-0.01090513999999998,-0.64403283999999994,0.97629531999999997,0.99019371999999994,-0.39825047999999996,0.002066200000000018,0.36585171999999999,0.24208089999999993,0.27654797999999992,0.056042619999999932,-0.53858306,-0.91260262000000003,-0.35650161999999996,-0.057297440000000033,0.5020521200000001,1.0,0.94474976000000011,-0.33655500000000005,-0.16477357999999998,0.62632156000000005,-0.41916105999999997,-0.18501856000000005,0.11232422000000009,0.92636345999999992,-0.26822162000000005,-0.71112902,0.14487556000000001,-0.80330508,0.099626619999999999,-0.65354408000000008,0.68613725999999997,0.14572764000000005,-0.26586253999999998,0.1197211600000001,-0.88211463999999995,0.9933887400000001,-0.83731577999999995
-0.76513748339093679,0.046651538921838438,0.0069358453934496786,-0.50415470352936498,0.90229708677890863,0.93840467836724428,-0.35053372459558252,-0.14008295660108944,0.27207922978702698,0.071510753410980787,0.33496857387095758,-0.14337103953120869,-0.45585589007220773,-0.88583727774405385,-0.17861849800504384,-0.085076972692605751,0.45365408330675355,0.94474976000000011,1.0,-0.26921146887263236,-0.14888078801695434,0.59692672004024394,-0.36879189538620466,-0.24087710453374553,0.29896641901434884,0.87262575724937952,-0.14983959249340773,-0.75431233651194418,0.12722213098032062,-0.75475698626637988,-0.13511638115823807,-0.63049006233423421,0.61465637424415231,-0.012469820375314588,-0.31838210527886096,0.15383452924987168,-0.81856725601641767,0.94463938566370842,-0.77273239101228908
-0.12383512945097466,0.25743559650090841,-0.42566624477089049,0.71047482962637853,-0.47946488800160125,-0.43805365667806145,0.54719467601553529,-0.043045504286431335,-0.13885489651204747,0.2836182614639054,0.21645313798823498,-0.21288514922031165,0.016845473810324859,0.060447519675011198,-0.30522233753724065,-0.22815661425989303,-0.45067022606208035,-0.33655500000000005,-0.26921146887263236,1.0,0.32686633268677528,0.25259487288078869,0.14545430716541941,-0.61509532505784148,-0.44249930052508241,-0.25980194119981681,0.47774518020902812,0.30245201699742202,-0.20109851113932151,0.27522759727094126,-0.43570010550459626,0.81275361697882254,-0.15756534397364125,-0.012334314394406246,-0.18848139894563032,0.12762025614920761,0.07611342311164683,-0.32542687663336001,0.38802213433955624
0.28986145642253702,0.56994767596314921,0.46118802618728572,-0.070162301323842297,-0.27243938092701647,-0.19340172647001067,0.44896412097956084,-0.16305493019804732,-0.08264084672074444,0.03062442907201747,-0.32389024756768686,0.47520902887970634,-0.0729144925695214,-0.17449537593148218,0.10520705693462962,-0.7028915196315344,0.25058031222558863,-0.16477357999999998,-0.14888078801695434,0.32686633268677528,1.0,0.3748167923446421,0.67062574206390269,-0.28849315874046777,-0.44216689006484666,0.071046876545754242,-0.46554084406177709,-0.2457254082787545,-0.77682264574932913,-0.23441435938162372,0.10890299984491686,0.51971559609412865,-0.4901065270233193,0.63092694334057797,-0.81223820647266753,0.021310352793806969,-0.078204570332842269,-0.18567492623275014,0.37016620824996049
-0.48822287019280025,0.62566973052693786,0.065073900715232599,-0.27606051502850254,0.45627877741232409,0.55642989776501528,-0.0075452363780227696,-0.33800059723416881,0.28180131037752004,0.25417550188616034,0.022798097557735375,0.16008088169736179,-0.40950007950641054,-0.86529942137978311,-0.60466910090887194,-0.65774989148716745,0.45839395778910846,0.62632156000000005,0.59692672004024394,0.25259487288078869,0.3748167923446421,1.0,0.18097439008042893,-0.36177113515128773,-0.25398636990141266,0.72888670386233334,-0.31993980007950296,-0.64198808052544998,-0.50205612776241793,-0.79088336646992041,-0.17977867771955713,0.053474213666897086,0.15231867636346308,0.52079959161920852,-0.65189592732385415,-0.03227535088431923,-0.75071700456951362,0.59623548518779768,-0.41551130301686706
0.72145891548204988,0.74449810888702517,0.62936063679851662,-0.086527934477114321,-0.49065715441548263,-0.38452653499601941,0.413252449936097,-0.49481488116640848,0.22702469186617691,-0.52724011888694089,-0.80104879360822367,0.49688990078707618,0.50416768928866906,0.1445932998364225,0.25377328122358156,-0.84221221881260544,0.42085747640651405,-0.41916105999999997,-0.36879189538620466,0.14545430716541941,0.67062574206390269,0.18097439008042893,1.0,0.27566710518436643,-0.028395874316656133,-0.19218861255823094,-0.58462414468813828,-0.092555282708618736,-0.93196822093146026,-0.19731735719287682,-0.24507668779210745,0.36173348932805899,-0.92961133142249286,0.62801221169184418,-0.38094935251356477,-0.46738654018993148,0.22899792277253772,-0.49381507238884381,0.45409924640742677
0.59561684459588249,-0.015488050583042394,0.57572791489512276,-0.35204548700881866,-0.077325008018697877,-0.082332860731322857,-0.48161554007056739,-0.32287792363572915,0.22687193345490098,-0.63820267041885581,-0.57185400179090973,0.16924324463842169,0.49497385482693013,0.36825911434559311,0.2636069123396117,0.036287844693641824,0.41386623717422638,-0.18501856000000005,-0.24087710453374553,-0.61509532505784148,-0.28849315874046777,-0.36177113515128773,0.27566710518436643,1.0,0.56597116696033412,-0.23983334346259391,-0.41535850898058391,0.10536896117816999,-0.081763750193420942,-0.020030049670734955,0.099654904254515189,-0.4644037204165023,-0.36777325183276571,0.029196968593164944,0.38721063607676948,-0.53243054697774994,0.36170513150317884,-0.22680576997449167,-0.0020612095697398348
0.061174404993936837,-0.26904701799713043,0.38150152579100693,-0.12728230867520329,0.17148861378892699,0.19673392107983453,-0.50737888685337307,-0.40460884827275712,0.13738427976129786,-0.80055707969279544,-0.061882782699665177,-0.41907542239048973,0.41800217644317211,0.07149470257625691,0.53325862301659477,0.16627918082619073,0.26564556012928953,0.11232422000000009,0.29896641901434884,-0.44249930052508241,-0.44216689006484666,-0.25398636990141266,-0.028395874316656133,0.56597116696033412,1.0,-0.00017725782826892751,0.0048457888441307238,-0.13914913390867531,0.18287591812199008,-0.094298437540321578,-0.38203700648836875,-0.63151768910407124,-0.038078521324737831,-0.49546652506375194,0.2532931917850893,-0.27794496815611203,0.0934127990323219,0.10454978972214805,-0.23498456444587662
-0.6585230422532351,0.27346354345007301,0.082488466433343149,-0.65338649361687828,0.8666421972592786,0.91086333796079022,-0.2759237860871252,-0.065437204931402621,0.37067104027736675,0.21897146267011441,0.13538016004427328,0.18753495860332764,-0.47168695609008371,-0.92549702845663373,-0.34280234422965694,-0.2858376826460452,0.52698375610839376,0.92636345999999992,0.87262575724937952,-0.25980194119981681,0.071046876545754242,0.72888670386233334,-0.19218861255823094,-0.23983334346259391,-0.00017725782826892751,1.0,-0.39997818851977301,-0.80352232943775315,-0.094026066272246578,-0.86990758524671619,0.081872451880964009,-0.50418431350419213,0.50241585721343507,0.34554503595941666,-0.41983323518050175,0.11544484523067837,-0.96105781401955859,0.90574802383919051,-0.80779085001501816
-0.3864454837226029,-0.57535568627406219,-0.78225297170258279,0.83723634483634379,-0.28484213375262668,-0.3370155772648869,0.055129988435940719,0.17243744833409952,-0.53704698371384352,0.30896990686285464,0.71248596283803423,-0.82313616082565189,-0.077284208385461517,0.33631519507950874,-0.12323293628342803,0.63211975113429508,-0.84838008640413343,-0.26822162000000005,-0.14983959249340773,0.47774518020902812,-0.46554084406177709,-0.31993980007950296,-0.58462414468813828,-0.41535850898058391,0.0048457888441307238,-0.39997818851977301,1.0,0.43933419403357277,0.65087894990190676,0.6911614540353096,-0.3321382015531934,0.32845767536889903,0.36484490322105362,-0.78607160514094965,0.40774578168525966,0.40640498089848193,0.29477146571925539,-0.19264207906757871,0.18557838903578758
0.40332865994531752,-0.42096778940959301,-0.24547547915729828,0.57236977910499465,-0.64385447867293089,-0.71866529321454486,0.10141394232431478,0.35710447721036809,-0.18822792929573592,0.0033355801254045928,0.063265691382476716,-0.14326575117114543,0.27231590533782635,0.76437524712082805,0.10845026693742976,0.45689358138212999,-0.58656551871766083,-0.71112902,-0.75431233651194418,0.30245201699742202,-0.2457254082787545,-0.64198808052544998,-0.092555282708618736,0.10536896117816999,-0.13914913390867531,-0.80352232943775315,0.43933419403357277,1.0,0.31029539862983735,0.79034244169786139,0.12881958963036083,0.41787520656574956,-0.16790380454169443,-0.3917827517955591,0.48672893250369581,0.027674700012246183,0.69409696889425487,-0.67875563027464292,0.48298055110020205
-0.467409126337817,-0.87249152079175796,-0.57830767528911931,0.20089720092916613,0.26314387877114476,0.14072951700127365,-0.38874407281318824,0.50788233646528913,-0.26884036970177189,0.31280954932029092,0.69353533311232729,-0.54467027636423004,-0.25989736659796497,0.18345330972317181,-0.0065675595647042232,0.9630731276362583,-0.52606322852970389,0.14487556000000001,0.12722213098032062,-0.20109851113932151,-0.77682264574932913,-0.50205612776241793,-0.93196822093146026,-0.081763750193420942,0.18287591812199008,-0.094026066272246578,0.65087894990190676,0.31029539862983735,1.0,0.44645702400591225,0.20330440597110871,-0.35297993372527892,0.74802202647240101,-0.77820483801333529,0.59607896461666809,0.37286456123121148,0.067461927759379647,0.21859670587784322,-0.28502067044615725
0.32032730782853786,-0.56993949901513163,-0.40870041164306037,0.76909580224296015,-0.73487856753814207,-0.81585448999851118,0.19037287632172706,0.29097256338831629,-0.59191301087103532,0.083710127586506616,0.24793145064384456,-0.41733638234404219,0.230135421585307,0.88002905228449879,0.24678638804860722,0.6027475500951287,-0.82995365951281053,-0.80330508,-0.75475698626637988,0.27522759727094126,-0.23441435938162372,-0.79088336646992041,-0.19731735719287682,-0.020030049670734955,-0.094298437540321578,-0.86990758524671619,0.6911614540353096,0.79034244169786139,0.44645702400591225,1.0,0.017006744999720894,0.47830522370765693,-0.13687468372140532,-0.58110159104586545,0.50216561696131801,0.21840714901574057,0.80800886438176389,-0.74482168028033668,0.6274223872345267
0.076417483865306765,-0.34051028050613169,0.20516209708100358,-0.40108575010647524,0.19520863519721948,0.10685678295932194,-0.31973189809846225,0.60917784599873992,-0.085511734079659341,0.38845078784376275,0.069730384537757775,0.43488125882664613,-0.40370297301273139,0.011494924123914514,-0.033884711966656926,0.30792959206898496,0.031335402232432655,0.099626619999999999,-0.13511638115823807,-0.43570010550459626,0.10890299984491686,-0.17977867771955713,-0.24507668779210745,0.099654904254515189,-0.38203700648836875,0.081872451880964009,-0.3321382015531934,0.12881958963036083,0.20330440597110871,0.017006744999720894,1.0,-0.14326109936636744,0.29532128313000544,0.17456988271551038,-0.10700315072321769,0.10485529020375955,-0.06229434254137256,0.13060070097266768,-0.10658624450255585
0.24212926235983961,0.23493781300026134,-0.26167570743997914,0.72551257926377599,-0.7723101290013501,-0.74228700616671373,0.59788421458180396,0.022742487088241115,-0.39477599737371638,0.3027978020913964,0.028005968531009673,-0.036020291037296759,0.043276237836068154,0.3462208137574399,-0.19098103094563207,-0.25883388059433804,-0.52472640097689505,-0.65354408000000008,-0.63049006233423421,0.81275361697882254,0.51971559609412865,0.053474213666897086,0.36173348932805899,-0.4644037204165023,-0.63151768910407124,-0.50418431350419213,0.32845767536889903,0.41787520656574956,-0.35297993372527892,0.47830522370765693,-0.14326109936636744,1.0,-0.42166750377295015,0.13122376345111886,-0.24803219661598447,0.131747678159855,0.37402965543854044,-0.63548686653860464,0.67927905469145344
-0.87064662767879886,-0.5560035590067991,-0.49126106704683009,-0.12417062105290858,0.71310980371243315,0.63798410193198396,-0.47480500732656,0.4318289921195817,-0.10031030362116505,0.58342994471691112,0.79027616195172123,-0.36353483987179064,-0.68084172436911405,-0.48171531484583524,-0.38404443669237476,0.61267903998168172,-0.18691624044585958,0.68613725999999997,0.61465637424415231,-0.15756534397364125,-0.4901065270233193,0.15231867636346308,-0.92961133142249286,-0.36777325183276571,-0.038078521324737831,0.50241585721343507,0.36484490322105362,-0.16790380454169443,0.74802202647240101,-0.13687468372140532,0.29532128313000544,-0.42166750377295015,1.0,-0.41553758859365064,0.087489552312825652,0.4565528758684948,-0.53570907729220196,0.7506705699666949,-0.64668502920083937
0.28642308400578931,0.85358725171335381,0.36268140197091669,-0.5499130228426109,0.090482175346082133,0.15294806256377297,0.38526155460487721,-0.1694652329025432,0.44657307864427326,0.1036944363046607,-0.677015037814923,0.86397652672313652,0.0068695192241694132,-0.34708083549735119,-0.27118071294824919,-0.78644869583074917,0.60139345462628913,0.14572764000000005,-0.012469820375314588,-0.012334314394406246,0.63092694334057797,0.52079959161920852,0.62801221169184418,0.029196968593164944,-0.49546652506375194,0.34554503595941666,-0.78607160514094965,-0.3917827517955591,-0.77820483801333529,-0.58110159104586545,0.17456988271551038,0.13122376345111886,-0.41553758859365064,1.0,-0.41880086625672042,-0.26743376130568519,-0.30878543653098983,0.064566335265998337,0.026233965229441832
0.1497547061469463,-0.38072697286916102,-0.44669388728025367,0.17794645560583133,-0.12915797899207127,-0.21737893727219157,-0.05232217405556483,0.21575912267318584,0.13113678682455621,-0.093591081457452346,-0.044654600050497179,-0.1930994841919963,0.45461752700313096,0.56811158038129539,0.042907238633432848,0.60745633006500799,-0.33223831654205338,-0.26586253999999998,-0.31838210527886096,-0.18848139894563032,-0.81223820647266753,-0.65189592732385415,-0.38094935251356477,0.38721063607676948,0.2532931917850893,-0.41983323518050175,0.40774578168525966,0.48672893250369581,0.59607896461666809,0.50216561696131801,-0.10700315072321769,-0.24803219661598447,0.087489552312825652,-0.41880086625672042,1.0,-0.15039288930007033,0.4050011015655145,-0.27206584956054475,0.026989041862889723
-0.46864738455390303,-0.35139352804321228,-0.4497766268733624,0.22710571547926023,0.10862180006060956,0.06842393580617398,0.020786202300546286,0.14518909050198103,-0.57151614021212183,0.52203688874286602,0.56780230338996041,-0.33715455765530794,-0.57767965753981576,-0.096859790571518445,-0.16440534602572759,0.35957662731772794,-0.41062542322650852,0.1197211600000001,0.15383452924987168,0.12762025614920761,0.021310352793806969,-0.03227535088431923,-0.46738654018993148,-0.53243054697774994,-0.27794496815611203,0.11544484523067837,0.40640498089848193,0.027674700012246183,0.37286456123121148,0.21840714901574057,0.10485529020375955,0.131747678159855,0.4565528758684948,-0.26743376130568519,-0.15039288930007033,1.0,-0.072987760262847534,0.19338891310527104,-0.12556332253849362
0.70588351926634263,-0.26323917839772104,0.011356032462417337,0.527838241370016,-0.80333148483521932,-0.84500676082465365,0.21059359828741103,-0.070678901845783557,-0.41961848313080846,-0.29023032178909519,-0.22146393772179027,-0.16769879148643368,0.44443518635968782,0.91337812155928988,0.39924133158479808,0.26819099278359237,-0.40462184581903021,-0.88211463999999995,-0.81856725601641767,0.07611342311164683,-0.078204570332842269,-0.75071700456951362,0.22899792277253772,0.36170513150317884,0.0934127990323219,-0.96105781401955859,0.29477146571925539,0.69409696889425487,0.067461927759379647,0.80800886438176389,-0.06229434254137256,0.37402965543854044,-0.53570907729220196,-0.30878543653098983,0.4050011015655145,-0.072987760262847534,1.0,-0.86395818129376034,0.75954253755975976
-0.79810242926404729,-0.013491214619783242,-0.054388409635466199,-0.58747316652961656,0.97048546113009004,0.97642826817051065,-0.43605907008337097,0.040848347677431958,0.27967273914156626,0.29020494326066154,0.37093223170478845,-0.019274636289291595,-0.59871458013760026,-0.89746262237191043,-0.3579760862067628,0.022227571502707356,0.43067375619903514,0.9933887400000001,0.94463938566370842,-0.32542687663336001,-0.18567492623275014,0.59623548518779768,-0.49381507238884381,-0.22680576997449167,0.10454978972214805,0.90574802383919051,-0.19264207906757871,-0.67875563027464292,0.21859670587784322,-0.74482168028033668,0.13060070097266768,-0.63548686653860464,0.7506705699666949,0.064566335265998337,-0.27206584956054475,0.19338891310527104,-0.86395818129376034,1.0,-0.83981219763403925
0.63917978514988927,0.080405898481778731,0.041791435545957115,0.54901986426780314,-0.84234350432336569,-0.84252856307221025,0.54158075274723005,-0.060605013583614253,-0.39504509121186115,-0.109309542885256,-0.21799991618648779,0.021297717582513906,0.36322194529462115,0.68053729835056354,0.28318040865041144,-0.10243443552525612,-0.42238934368630526,-0.83731577999999995,-0.77273239101228908,0.38802213433955624,0.37016620824996049,-0.41551130301686706,0.45409924640742677,-0.0020612095697398348,-0.23498456444587662,-0.80779085001501816,0.18557838903578758,0.48298055110020205,-0.28502067044615725,0.6274223872345267,-0.10658624450255585,0.67927905469145344,-0.64668502920083937,0.026233965229441832,0.026989041862889723,-0.12556332253849362,0.75954253755975976,-0.83981219763403925,1.0
