1.000000000000000000e+00,4.978609000000000506e-01,5.789922318446890648e-01,-1.528942199206385633e-01,8.312695487151612328e-01,3.223902037048355096e-01,-5.102720624006210626e-01,5.378169879044216728e-01,-3.458917073169108791e-01,-8.092101595965431882e-01,3.219867748244980565e-01,-6.836020938868967445e-01,2.419866778297504600e-02,-3.897219564555948201e-01,-5.476699192633484037e-01,1.663737721252051827e-01,-1.453295490870795681e-02,-7.443925887365955285e-01,3.574894986193324908e-01,3.067866018451143595e-01,-2.299693755895506619e-01,-1.883086490478656783e-01,5.255195680204735043e-01,-4.852111861860544835e-03,-4.521399799764002081e-01,-3.679668278124603176e-01,-7.330127606221306658e-02,6.382014157318306458e-01,1.517002895067410539e-01,7.574380206448318997e-01,4.977472247151140672e-01,-1.212431129943730007e-01,-3.116565572420550434e-01,-5.646040193695022191e-01,5.877762932292870390e-01,-2.642073297098493923e-01,-2.059830441522371713e-01,-1.749151795044711633e-01,-2.475586714827273938e-01
4.978609000000000506e-01,1.000000000000000000e+00,-2.698400199999999582e-01,-1.674634999999999874e-01,5.218386999999999887e-01,5.230566199999999721e-01,-2.471172799999999947e-01,9.958966600000001002e-01,-7.625174000000000119e-01,-6.454297600000000745e-01,-3.189229599999999776e-01,-7.831563799999999853e-01,-4.687630600000000092e-01,-6.198260399999999670e-01,-1.933131599999999839e-01,6.305037399999999792e-01,2.088881399999999999e-01,-5.913625000000000131e-01,-3.628110599999999630e-01,1.181982599999999994e-01,3.132598000000008653e-02,4.244045000000000734e-01,9.772868800000000800e-01,-5.830857199999999185e-01,-6.750185600000000452e-01,-9.676789799999999664e-01,-8.411764400000000252e-01,6.194403399999999227e-01,-6.261918799999999230e-01,2.612441400000000691e-01,-1.108415999999999846e-01,-1.063051600000000096e-01,5.957242799999999949e-01,-8.168951600000000646e-01,2.053577200000000769e-01,-9.351274600000000214e-01,3.771699200000000474e-01,1.954951199999999112e-01,-6.615658000000002037e-02
5.789922318446890648e-01,-2.698400199999999582e-01,1.000000000000000000e+00,1.809108122189016232e-01,4.154970825634953235e-01,-9.031687202470630588e-03,-6.395783822081211323e-01,-2.081798095125160508e-01,5.051034580643586347e-01,-4.557930857341315201e-01,4.914580798239224224e-01,-2.142257568061213258e-01,4.591237063797947160e-01,-1.404007548196540001e-01,-6.093169055007855439e-01,-3.174330672281479027e-01,-9.200516221743929024e-02,-4.189990086195678476e-01,8.641593518950947406e-01,3.112192963171048765e-01,-2.109220076928511670e-02,-6.038347247433507592e-01,-2.614965839023170591e-01,3.268304960843436135e-01,-3.752246708622430926e-02,4.334716502372584768e-01,6.691726993981552685e-01,1.257024208508834007e-01,6.927952253702003294e-01,7.014104867082290307e-01,6.808042527635811414e-01,2.078840037050561917e-01,-7.927795646443391853e-01,2.434224894098483416e-01,5.740285590073436195e-01,5.374012171243589542e-01,-5.172136537320815020e-01,-6.113163114920300290e-01,8.383687150294315965e-03
-1.528942199206385633e-01,-1.674634999999999874e-01,1.809108122189016232e-01,1.000000000000000000e+00,-1.119037340461179614e-01,1.529264836345925471e-01,-5.392467530322646585e-01,-2.007277916848403398e-01,2.050414829202003575e-01,-1.926917668448490870e-02,-4.563528093857764922e-01,3.830574730363231484e-03,2.039682520670216548e-01,-5.865674851538127399e-01,-3.677111102685657329e-01,-4.465981361988141107e-01,7.597245122201005119e-01,-1.930483086552285676e-01,1.401193266999047893e-01,-2.175304388450833015e-01,9.063215510618176651e-01,1.247003499012033501e-01,-1.894257539303904059e-01,2.537533031548591667e-01,1.669945644258287176e-01,3.364014019719833715e-01,3.674567072162495673e-01,3.156370731461259904e-01,-1.794175043370664080e-01,-2.292960783877984188e-02,-5.175193849760983955e-01,5.304260865490573185e-01,2.026047306178793347e-02,3.113388403981806607e-01,-2.632048700024900573e-02,3.140450441015663063e-01,1.507331267018638954e-01,-2.356930506536762671e-01,6.776458359786815544e-01
8.312695487151612328e-01,5.218386999999999887e-01,4.154970825634953235e-01,-1.119037340461179614e-01,1.000000000000000000e+00,7.451883387393908043e-02,-3.650997177829852780e-01,5.572769408586516482e-01,-3.867381914875097082e-01,-7.573750775967256210e-01,2.772707602515566694e-01,-5.742322923823042213e-01,7.140966767454651198e-02,-3.003561115429005390e-01,-2.784268061623870194e-01,2.887070172199150409e-01,5.408804900467996390e-02,-6.893163799434187666e-01,2.536759929919195633e-01,1.716107239111730465e-02,-2.498689217491713577e-01,-3.614690649433712211e-01,4.974285773613978945e-01,1.384965882206505017e-01,-5.654872884593381555e-01,-3.819740809173850504e-01,-2.569813031430927541e-01,6.537761696807141698e-01,-5.142129157025548958e-02,7.020102197123164744e-01,2.971331835710933622e-01,2.632982255758505308e-01,-2.587269525026266170e-01,-4.148457904300968391e-01,4.984423624949257392e-01,-3.259902983152531686e-01,1.012247489339088424e-01,-8.549294262458427551e-02,6.158328403050943728e-02
3.223902037048355096e-01,5.230566199999999721e-01,-9.031687202470630588e-03,1.529264836345925471e-01,7.451883387393908043e-02,1.000000000000000000e+00,-4.858488690308728764e-01,5.215149946347708010e-01,-3.085307830523888462e-01,-4.495428509566674058e-01,-2.984908092802470159e-01,-4.962887912791846268e-01,-5.978806046212108427e-01,-5.880344112660434996e-01,-3.284744045855593209e-01,2.773023027391912643e-01,1.753541203375150181e-01,-4.019496810514495144e-01,-9.485025705654158423e-02,3.714178154610848215e-01,2.667230680626717088e-01,5.858752070485735430e-01,4.614174038828997571e-01,-3.778855150222654724e-01,-4.841704172712792409e-01,-4.882468938216618648e-01,-2.679192922253944564e-01,2.161239671375263793e-01,-3.893729093957305487e-01,2.308170477286625166e-01,8.132561689126288629e-02,-1.561757146743582847e-01,3.656003108398571122e-01,-5.054461966963833541e-01,4.129525830569406586e-01,-4.163347664239450685e-01,-4.937827329616035349e-02,-3.246911344396903598e-02,-2.097206698390086110e-01
-5.102720624006210626e-01,-2.471172799999999947e-01,-6.395783822081211323e-01,-5.392467530322646585e-01,-3.650997177829852780e-01,-4.858488690308728764e-01,1.000000000000000000e+00,-2.847013864325562693e-01,-1.891108872482075154e-01,7.576330877479392489e-01,-3.111199761765955085e-02,6.343651081543109083e-01,-4.307122959843003723e-02,7.801606520942057088e-01,8.452288272507706424e-01,-8.366842171852020837e-02,-4.946082195061050069e-01,8.030903837647024313e-01,-6.049539522939584302e-01,-4.656110465061309989e-01,-5.377942763815375393e-01,1.555994326037253017e-01,-2.440938246049572380e-01,4.283080655012910104e-03,3.843605923329234675e-01,4.904731420591586927e-02,-2.587688951193814479e-01,-4.460873327862343030e-01,-1.512179595065561710e-01,-7.257335030370837270e-01,-2.553545371347969439e-01,-4.093870929496602473e-01,1.937900911942349869e-01,8.263537920866477482e-02,-6.919740105238136874e-01,-8.933858717396429838e-02,2.140447825879727151e-01,6.662532972014757471e-01,-3.722187763229159452e-01
5.378169879044216728e-01,9.958966600000001002e-01,-2.081798095125160508e-01,-2.007277916848403398e-01,5.572769408586516482e-01,5.215149946347708010e-01,-2.847013864325562693e-01,1.000000000000000000e+00,-7.188885636877400120e-01,-6.922782592050149564e-01,-2.589327347408941771e-01,-8.160396698349821065e-01,-4.621964375823117699e-01,-6.125159409974590963e-01,-2.222308466491438039e-01,6.574819128344262520e-01,1.766978441474275074e-01,-6.282146611277752424e-01,-2.929214282358084120e-01,1.664899120033025981e-01,-3.674609244077539551e-03,3.637679764094691182e-01,9.723285441771405413e-01,-5.782087726799514105e-01,-7.119694989535042540e-01,-9.587984216103969670e-01,-8.176618040870353710e-01,6.068344608166779119e-01,-5.668656722073905918e-01,3.275006296582202991e-01,-2.920435179388552321e-02,-9.165208398414996516e-02,5.461652257128991605e-01,-8.022120334186869650e-01,2.696224284247860092e-01,-9.139045964459995286e-01,3.438612697778250515e-01,1.425224006852621184e-01,-7.620063257599915540e-02
-3.458917073169108791e-01,-7.625174000000000119e-01,5.051034580643586347e-01,2.050414829202003575e-01,-3.867381914875097082e-01,-3.085307830523888462e-01,-1.891108872482075154e-01,-7.188885636877400120e-01,1.000000000000000000e+00,2.840703467629807077e-01,2.449511920697974576e-01,3.085188778022100453e-01,3.337867501812744608e-01,2.543772090541209785e-01,-5.471915702958973782e-02,-3.962387736532891891e-01,-1.177591405428894539e-01,2.413742041928448323e-01,6.398454197834814172e-01,8.079578485897237483e-02,1.381883933991544244e-01,-4.892396511837923678e-01,-7.754484494024727059e-01,2.519645882031636974e-01,2.597221924092572021e-01,8.026163965006943846e-01,7.658932378830781706e-01,-5.167167613824252825e-01,7.021201054965939825e-01,3.567761947832570613e-02,3.877683845832168297e-01,2.506799617460958585e-01,-5.178736477816627826e-01,8.714580775750357944e-01,1.042088389650907554e-01,8.184649063257409818e-01,-2.718578953505770279e-01,-4.704305334628391955e-01,2.168499177799486644e-01
-8.092101595965431882e-01,-6.454297600000000745e-01,-4.557930857341315201e-01,-1.926917668448490870e-02,-7.573750775967256210e-01,-4.495428509566674058e-01,7.576330877479392489e-01,-6.922782592050149564e-01,2.840703467629807077e-01,1.000000000000000000e+00,-2.729120755155602374e-01,8.272111524266217986e-01,1.364383348162509502e-01,6.249842280606497935e-01,6.962622250195770190e-01,-5.278577174936455174e-01,-2.472610278104713510e-01,9.506119002911478377e-01,-4.266552201741782846e-01,-5.517105794967038790e-01,-4.281075456979125532e-02,2.217506501030417077e-01,-6.550688863080104118e-01,7.512144825333461062e-02,6.647832369316255541e-01,5.092858409268452569e-01,2.025810406552572551e-01,-5.854910298987648920e-01,-2.538612713638730561e-03,-8.958236185752753711e-01,-3.834060997664456294e-01,-2.619356489293610535e-01,1.103249219288802430e-01,5.294676533198130475e-01,-8.030176482326664145e-01,3.474426166487691314e-01,1.421652221913835834e-01,4.813282792602496807e-01,-9.575230549957791659e-02
3.219867748244980565e-01,-3.189229599999999776e-01,4.914580798239224224e-01,-4.563528093857764922e-01,2.772707602515566694e-01,-2.984908092802470159e-01,-3.111199761765955085e-02,-2.589327347408941771e-01,2.449511920697974576e-01,-2.729120755155602374e-01,1.000000000000000000e+00,1.196832284219973286e-01,2.437748010137497368e-01,5.062321131863711798e-01,-2.176889270428557788e-01,2.181051734518829610e-01,-4.193315398147348105e-01,-1.757953435455392732e-01,6.467852513002629866e-01,5.947197607276858422e-01,-6.157788659853660196e-01,-7.983327735183248786e-01,-2.489541671780335641e-01,5.482084955193110565e-01,3.505781285569879030e-02,2.824979952716999421e-01,4.113900435589205595e-01,-2.865254482115455192e-01,7.163152935209264882e-01,6.175666803928436810e-01,6.905441997185813863e-01,1.089068204217905622e-01,-7.524352467331667516e-01,6.777036335123924615e-02,5.810112980755554046e-01,4.342604142977004589e-01,-6.691354878260760142e-01,-5.334692970173282589e-01,-2.353785484723616983e-01
-6.836020938868967445e-01,-7.831563799999999853e-01,-2.142257568061213258e-01,3.830574730363231484e-03,-5.742322923823042213e-01,-4.962887912791846268e-01,6.343651081543109083e-01,-8.160396698349821065e-01,3.085188778022100453e-01,8.272111524266217986e-01,1.196832284219973286e-01,1.000000000000000000e+00,3.029367200187212394e-01,7.547476863273047121e-01,5.151398239552108516e-01,-4.621506870982066695e-01,-3.427053115453917442e-01,8.487811360696759788e-01,-1.628046608789621152e-01,-3.070819748387786374e-01,-1.825461492474134695e-01,-1.136319388650250811e-01,-7.945166412907268549e-01,4.604503588013940663e-01,7.074896918995404738e-01,6.580392010957641924e-01,4.126937493688374592e-01,-6.963029824578291782e-01,1.448340622693826685e-01,-5.734368633040780594e-01,-2.061970421090963401e-01,2.829010708139342162e-02,-2.429361389207844169e-01,5.115647614000328192e-01,-4.920008806458227024e-01,5.693217938290362490e-01,-2.280262204042806662e-01,1.471917367894800543e-01,-4.323919286897108527e-02
2.419866778297504600e-02,-4.687630600000000092e-01,4.591237063797947160e-01,2.039682520670216548e-01,7.140966767454651198e-02,-5.978806046212108427e-01,-4.307122959843003723e-02,-4.621964375823117699e-01,3.337867501812744608e-01,1.364383348162509502e-01,2.437748010137497368e-01,3.029367200187212394e-01,1.000000000000000000e+00,1.623065571660926021e-01,-2.632543093775625009e-01,-6.014091961892873428e-01,2.989831113198693213e-02,7.037327509669213943e-02,2.793730034140891050e-01,-1.831092935035678604e-01,5.561928296941455636e-03,-5.153623349951704791e-01,-4.053259079923640096e-01,2.690447279843123929e-01,5.528122420687158201e-01,5.476460667880959088e-01,5.500398598822624496e-01,6.395453706361022006e-02,5.160575846057681160e-01,6.543677851916984700e-02,4.919907338932267421e-02,1.596723485866604619e-01,-5.731492284769892365e-01,3.868479674736840512e-01,-2.364969265038499857e-01,5.325570772640003669e-01,-3.710009264853599831e-01,-1.423903797569327501e-01,2.015778147059175684e-01
-3.897219564555948201e-01,-6.198260399999999670e-01,-1.404007548196540001e-01,-5.865674851538127399e-01,-3.003561115429005390e-01,-5.880344112660434996e-01,7.801606520942057088e-01,-6.125159409974590963e-01,2.543772090541209785e-01,6.249842280606497935e-01,5.062321131863711798e-01,7.547476863273047121e-01,1.623065571660926021e-01,1.000000000000000000e+00,6.251423495442776090e-01,-1.297846587290151232e-01,-7.082941487592342433e-01,7.230984753256968212e-01,-2.753275337756916352e-02,-1.092490842143571950e-01,-7.174146809362357269e-01,-3.576337688864589248e-01,-6.099640046609815514e-01,3.719181782524259572e-01,4.296154504259348528e-01,4.454989102753226238e-01,2.287322983291036338e-01,-7.220291434537503550e-01,3.836985635641369519e-01,-3.272719249498785565e-01,2.408371109073449423e-01,-2.046179458934116457e-01,-3.655536895817212972e-01,3.656970950918809748e-01,-2.708993509085728113e-01,3.991340592974701451e-01,-2.487265789923824300e-01,1.803113112036721088e-01,-3.949353799772331031e-01
-5.476699192633484037e-01,-1.933131599999999839e-01,-6.093169055007855439e-01,-3.677111102685657329e-01,-2.784268061623870194e-01,-3.284744045855593209e-01,8.452288272507706424e-01,-2.222308466491438039e-01,-5.471915702958973782e-02,6.962622250195770190e-01,-2.176889270428557788e-01,5.151398239552108516e-01,-2.632543093775625009e-01,6.251423495442776090e-01,1.000000000000000000e+00,-2.712860812671474484e-02,-3.740344977733028875e-01,7.356333020624848951e-01,-5.705827816293377319e-01,-6.138731270494615089e-01,-3.971791021703868219e-01,2.142131568125915930e-01,-2.649792902106270498e-01,-1.015772763555390819e-02,3.045074145870591345e-02,4.673185124754945796e-02,-3.207523835867756024e-01,-4.365239658291155678e-01,-3.251123545465162690e-01,-6.948659429099557361e-01,-2.510854165544577077e-01,-1.542285831820510156e-01,3.199352595398718968e-01,2.653690701026800158e-01,-5.645924296841965395e-01,-1.172152943760212396e-01,5.113100030911287286e-01,6.863760665616318590e-01,-2.280362959811074175e-01
1.663737721252051827e-01,6.305037399999999792e-01,-3.174330672281479027e-01,-4.465981361988141107e-01,2.887070172199150409e-01,2.773023027391912643e-01,-8.366842171852020837e-02,6.574819128344262520e-01,-3.962387736532891891e-01,-5.278577174936455174e-01,2.181051734518829610e-01,-4.621506870982066695e-01,-6.014091961892873428e-01,-1.297846587290151232e-01,-2.712860812671474484e-02,1.000000000000000000e+00,-1.527107369708656515e-02,-4.345993770235692666e-01,-6.187774275777330885e-02,5.057784373286395851e-01,-2.494616970160492830e-01,-2.265464327131205477e-02,6.298381622015960524e-01,-2.287906890761969292e-01,-6.755606556043444177e-01,-7.016836964974845214e-01,-6.355710603193664987e-01,5.318170044025059134e-02,-2.940686619680321079e-01,3.850012033914822496e-01,1.513551406986337333e-01,1.275822754991503272e-01,3.426588139843281811e-01,-5.114994786393795012e-01,4.968907397574834905e-01,-5.883446454944161186e-01,1.063236294471367471e-01,-2.003596880573303984e-01,-1.050035565869881712e-02
-1.453295490870795681e-02,2.088881399999999999e-01,-9.200516221743929024e-02,7.597245122201005119e-01,5.408804900467996390e-02,1.753541203375150181e-01,-4.946082195061050069e-01,1.766978441474275074e-01,-1.177591405428894539e-01,-2.472610278104713510e-01,-4.193315398147348105e-01,-3.427053115453917442e-01,2.989831113198693213e-02,-7.082941487592342433e-01,-3.740344977733028875e-01,-1.527107369708656515e-02,1.000000000000000000e+00,-5.026044737854004074e-01,-5.538425761659504509e-02,-8.669482002582223901e-02,8.048096531126850417e-01,1.793408528545128999e-01,2.657295585566303298e-01,5.526996605106417049e-02,-1.363949639819300452e-01,-6.670181470889223474e-02,3.371640048392521294e-03,6.180860917931273457e-01,-2.967894951123921654e-01,7.453473732567206245e-02,-6.058012363839303527e-01,3.953371105624349791e-01,2.789304174939690184e-01,-6.121765437702722523e-03,3.069534156832814942e-02,-5.454507894836858883e-02,3.176033274202709200e-01,-8.552090213580415545e-02,6.694303207563307989e-01
-7.443925887365955285e-01,-5.913625000000000131e-01,-4.189990086195678476e-01,-1.930483086552285676e-01,-6.893163799434187666e-01,-4.019496810514495144e-01,8.030903837647024313e-01,-6.282146611277752424e-01,2.413742041928448323e-01,9.506119002911478377e-01,-1.757953435455392732e-01,8.487811360696759788e-01,7.037327509669213943e-02,7.230984753256968212e-01,7.356333020624848951e-01,-4.345993770235692666e-01,-5.026044737854004074e-01,1.000000000000000000e+00,-4.040204998290740646e-01,-4.761542307282864428e-01,-2.300678112185600699e-01,1.930707226555930800e-01,-6.353468731674121184e-01,4.261713846724381888e-02,6.091286050788203843e-01,4.286405886533681819e-01,1.257499056147764471e-01,-7.126496399769267631e-01,-1.553285847124962100e-02,-8.313795335955123100e-01,-2.172220277164849667e-01,-2.855399068136542096e-01,7.415418951842935036e-02,4.422439439769376701e-01,-7.191592270949780374e-01,2.783402386086297198e-01,5.971334622324454833e-02,4.421190750685478066e-01,-2.461812140948253236e-01
3.574894986193324908e-01,-3.628110599999999630e-01,8.641593518950947406e-01,1.401193266999047893e-01,2.536759929919195633e-01,-9.485025705654158423e-02,-6.049539522939584302e-01,-2.929214282358084120e-01,6.398454197834814172e-01,-4.266552201741782846e-01,6.467852513002629866e-01,-1.628046608789621152e-01,2.793730034140891050e-01,-2.753275337756916352e-02,-5.705827816293377319e-01,-6.187774275777330885e-02,-5.538425761659504509e-02,-4.040204998290740646e-01,1.000000000000000000e+00,5.061441539741282636e-01,1.933086229312218698e-02,-7.640205057879930761e-01,-3.430841665427096787e-01,4.681732278436942507e-01,-3.362632285375265206e-02,4.826057112212064903e-01,6.814895201199928643e-01,-6.943167892950286024e-02,7.671291055525583102e-01,7.312060787260211692e-01,6.553281906981022198e-01,3.758350744046241587e-01,-7.898773326754170432e-01,3.715947718564721614e-01,7.039144501326449754e-01,6.261716946471878043e-01,-5.061745668998338665e-01,-8.397382825166737064e-01,1.830704310895130971e-01
3.067866018451143595e-01,1.181982599999999994e-01,3.112192963171048765e-01,-2.175304388450833015e-01,1.716107239111730465e-02,3.714178154610848215e-01,-4.656110465061309989e-01,1.664899120033025981e-01,8.079578485897237483e-02,-5.517105794967038790e-01,5.947197607276858422e-01,-3.070819748387786374e-01,-1.831092935035678604e-01,-1.092490842143571950e-01,-6.138731270494615089e-01,5.057784373286395851e-01,-8.669482002582223901e-02,-4.761542307282864428e-01,5.061441539741282636e-01,1.000000000000000000e+00,-1.293100262557738689e-01,-2.393000702190832829e-01,1.896426417251242114e-01,1.872821497334525853e-02,-2.068839919648480796e-01,-1.501196547953027038e-01,1.637453699915786820e-01,-1.718652531241924852e-01,3.810476051687406995e-01,6.521785721640555034e-01,5.478007234010537907e-01,-4.147184118848123990e-03,-2.228560700212566803e-01,-2.872512633342220179e-01,7.531841333570550301e-01,6.945369534141733470e-02,-6.759112413095880179e-01,-7.051518161445529120e-01,-2.151507350434536670e-01
-2.299693755895506619e-01,3.132598000000008653e-02,-2.109220076928511670e-02,9.063215510618176651e-01,-2.498689217491713577e-01,2.667230680626717088e-01,-5.377942763815375393e-01,-3.674609244077539551e-03,1.381883933991544244e-01,-4.281075456979125532e-02,-6.157788659853660196e-01,-1.825461492474134695e-01,5.561928296941455636e-03,-7.174146809362357269e-01,-3.971791021703868219e-01,-2.494616970160492830e-01,8.048096531126850417e-01,-2.300678112185600699e-01,1.933086229312218698e-02,-1.293100262557738689e-01,1.000000000000000000e+00,3.101101979079262105e-01,2.062578050050025563e-02,-5.231865769191605675e-02,1.055791642910175604e-01,1.062264248555623292e-01,1.523887609586989378e-01,3.463789299708720515e-01,-2.730099932596786183e-01,-1.129497988661263275e-01,-5.804257357671511741e-01,3.714767811904693406e-01,2.797176110683646799e-01,1.773772075883936761e-01,-8.408206068433829450e-02,8.809246019614717926e-02,2.605895149646541564e-01,-2.102525809153132919e-01,6.916275029632533711e-01
-1.883086490478656783e-01,4.244045000000000734e-01,-6.038347247433507592e-01,1.247003499012033501e-01,-3.614690649433712211e-01,5.858752070485735430e-01,1.555994326037253017e-01,3.637679764094691182e-01,-4.892396511837923678e-01,2.217506501030417077e-01,-7.983327735183248786e-01,-1.136319388650250811e-01,-5.153623349951704791e-01,-3.576337688864589248e-01,2.142131568125915930e-01,-2.265464327131205477e-02,1.793408528545128999e-01,1.930707226555930800e-01,-7.640205057879930761e-01,-2.393000702190832829e-01,3.101101979079262105e-01,1.000000000000000000e+00,3.896996585067790120e-01,-6.122330088367162748e-01,-8.182348964442666406e-02,-4.827208034497185718e-01,-5.037073835810348399e-01,1.291612043531264187e-01,-7.207827276635985214e-01,-5.699461863099422043e-01,-5.016011429962836665e-01,-4.759977306209777770e-01,8.170930293108455977e-01,-4.183668243168131018e-01,-4.308918445211756820e-01,-5.753376405168441066e-01,3.792470460569720148e-01,5.943371977083272695e-01,-2.545427484046712818e-01
5.255195680204735043e-01,9.772868800000000800e-01,-2.614965839023170591e-01,-1.894257539303904059e-01,4.974285773613978945e-01,4.614174038828997571e-01,-2.440938246049572380e-01,9.723285441771405413e-01,-7.754484494024727059e-01,-6.550688863080104118e-01,-2.489541671780335641e-01,-7.945166412907268549e-01,-4.053259079923640096e-01,-6.099640046609815514e-01,-2.649792902106270498e-01,6.298381622015960524e-01,2.657295585566303298e-01,-6.353468731674121184e-01,-3.430841665427096787e-01,1.896426417251242114e-01,2.062578050050025563e-02,3.896996585067790120e-01,1.000000000000000000e+00,-5.620577691460820757e-01,-6.166888653997125713e-01,-9.505037324343348359e-01,-7.889430079663278805e-01,6.626062981817085751e-01,-5.413002909371682492e-01,2.833849995876256411e-01,-1.157260244539461969e-01,-1.777959819643830375e-01,5.601235536805772020e-01,-8.489826596860061692e-01,2.009460862698186356e-01,-9.012407211845731014e-01,2.982199288044840579e-01,1.689024444469506003e-01,-8.800837930567763367e-02
-4.852111861860544835e-03,-5.830857199999999185e-01,3.268304960843436135e-01,2.537533031548591667e-01,1.384965882206505017e-01,-3.778855150222654724e-01,4.283080655012910104e-03,-5.782087726799514105e-01,2.519645882031636974e-01,7.512144825333461062e-02,5.482084955193110565e-01,4.604503588013940663e-01,2.690447279843123929e-01,3.719181782524259572e-01,-1.015772763555390819e-02,-2.287906890761969292e-01,5.526996605106417049e-02,4.261713846724381888e-02,4.681732278436942507e-01,1.872821497334525853e-02,-5.231865769191605675e-02,-6.122330088367162748e-01,-5.620577691460820757e-01,1.000000000000000000e+00,2.990297678478120447e-01,6.244227390329876171e-01,5.848984117240990654e-01,-1.337875061280785483e-01,3.588116113430654952e-01,2.498127918814729842e-01,2.078411471375649425e-02,4.894881680689825987e-01,-6.719817043548423907e-01,3.805929678550767914e-01,2.656165337373895818e-01,6.643592011210922577e-01,-2.886252476902334552e-01,-3.656240403018436447e-01,2.610300696268898490e-01
-4.521399799764002081e-01,-6.750185600000000452e-01,-3.752246708622430926e-02,1.669945644258287176e-01,-5.654872884593381555e-01,-4.841704172712792409e-01,3.843605923329234675e-01,-7.119694989535042540e-01,2.597221924092572021e-01,6.647832369316255541e-01,3.505781285569879030e-02,7.074896918995404738e-01,5.528122420687158201e-01,4.296154504259348528e-01,3.045074145870591345e-02,-6.755606556043444177e-01,-1.363949639819300452e-01,6.091286050788203843e-01,-3.362632285375265206e-02,-2.068839919648480796e-01,1.055791642910175604e-01,-8.182348964442666406e-02,-6.166888653997125713e-01,2.990297678478120447e-01,1.000000000000000000e+00,6.145874809388948146e-01,5.221233429660805392e-01,-3.306177983410998888e-01,3.397239222039357687e-01,-4.862835037795230075e-01,-2.701728470119662551e-01,-1.868634966416603260e-01,-3.052813574089443538e-01,3.463632547091419212e-01,-5.675753729218379062e-01,5.504181224449086196e-01,-3.400018467789200916e-01,3.114815122035221803e-02,5.083652480288592540e-02
-3.679668278124603176e-01,-9.676789799999999664e-01,4.334716502372584768e-01,3.364014019719833715e-01,-3.819740809173850504e-01,-4.882468938216618648e-01,4.904731420591586927e-02,-9.587984216103969670e-01,8.026163965006943846e-01,5.092858409268452569e-01,2.824979952716999421e-01,6.580392010957641924e-01,5.476460667880959088e-01,4.454989102753226238e-01,4.673185124754945796e-02,-7.016836964974845214e-01,-6.670181470889223474e-02,4.286405886533681819e-01,4.826057112212064903e-01,-1.501196547953027038e-01,1.062264248555623292e-01,-4.827208034497185718e-01,-9.505037324343348359e-01,6.244227390329876171e-01,6.145874809388948146e-01,1.000000000000000000e+00,9.124449906323780501e-01,-4.473150880035343668e-01,6.488975462545159001e-01,-1.325252301993398718e-01,1.164767671393590609e-01,2.232345382749572060e-01,-6.686521165436434266e-01,8.436592773550355417e-01,-1.200774941919630495e-01,9.735623586511867877e-01,-3.468996463076288728e-01,-2.760508697161475067e-01,1.994217861424302518e-01
-7.330127606221306658e-02,-8.411764400000000252e-01,6.691726993981552685e-01,3.674567072162495673e-01,-2.569813031430927541e-01,-2.679192922253944564e-01,-2.587688951193814479e-01,-8.176618040870353710e-01,7.658932378830781706e-01,2.025810406552572551e-01,4.113900435589205595e-01,4.126937493688374592e-01,5.500398598822624496e-01,2.287322983291036338e-01,-3.207523835867756024e-01,-6.355710603193664987e-01,3.371640048392521294e-03,1.257499056147764471e-01,6.814895201199928643e-01,1.637453699915786820e-01,1.523887609586989378e-01,-5.037073835810348399e-01,-7.889430079663278805e-01,5.848984117240990654e-01,5.221233429660805392e-01,9.124449906323780501e-01,1.000000000000000000e+00,-2.944621152144083487e-01,7.758099585299224055e-01,1.668839489908727769e-01,3.075966919358100737e-01,1.578659787967411909e-01,-7.717131381617471364e-01,6.471291210154715978e-01,1.589407732497802039e-01,9.617777652316948922e-01,-5.893474375119402975e-01,-5.003686284737116630e-01,1.194146605434161373e-01
6.382014157318306458e-01,6.194403399999999227e-01,1.257024208508834007e-01,3.156370731461259904e-01,6.537761696807141698e-01,2.161239671375263793e-01,-4.460873327862343030e-01,6.068344608166779119e-01,-5.167167613824252825e-01,-5.854910298987648920e-01,-2.865254482115455192e-01,-6.963029824578291782e-01,6.395453706361022006e-02,-7.220291434537503550e-01,-4.365239658291155678e-01,5.318170044025059134e-02,6.180860917931273457e-01,-7.126496399769267631e-01,-6.943167892950286024e-02,-1.718652531241924852e-01,3.463789299708720515e-01,1.291612043531264187e-01,6.626062981817085751e-01,-1.337875061280785483e-01,-3.306177983410998888e-01,-4.473150880035343668e-01,-2.944621152144083487e-01,1.000000000000000000e+00,-2.848204289287349922e-01,3.292348926891603966e-01,-2.655920066273913527e-01,3.067179413275458733e-02,1.317708856571753739e-01,-4.892147191768804748e-01,1.051990581615397380e-01,-4.443309510071003499e-01,3.287711611606194406e-01,1.331014169373778699e-01,2.890381532403577536e-01
1.517002895067410539e-01,-6.261918799999999230e-01,6.927952253702003294e-01,-1.794175043370664080e-01,-5.142129157025548958e-02,-3.893729093957305487e-01,-1.512179595065561710e-01,-5.668656722073905918e-01,7.021201054965939825e-01,-2.538612713638730561e-03,7.163152935209264882e-01,1.448340622693826685e-01,5.160575846057681160e-01,3.836985635641369519e-01,-3.251123545465162690e-01,-2.940686619680321079e-01,-2.967894951123921654e-01,-1.553285847124962100e-02,7.671291055525583102e-01,3.810476051687406995e-01,-2.730099932596786183e-01,-7.207827276635985214e-01,-5.413002909371682492e-01,3.588116113430654952e-01,3.397239222039357687e-01,6.488975462545159001e-01,7.758099585299224055e-01,-2.848204289287349922e-01,1.000000000000000000e+00,3.721676844314140142e-01,6.715520757672454044e-01,-6.937196948940553554e-02,-8.241543200295229354e-01,4.606102190113831596e-01,2.867067250926057520e-01,7.422969724429103744e-01,-6.422817006371538406e-01,-5.079714003625094287e-01,-1.132266838008511162e-01
7.574380206448318997e-01,2.612441400000000691e-01,7.014104867082290307e-01,-2.292960783877984188e-02,7.020102197123164744e-01,2.308170477286625166e-01,-7.257335030370837270e-01,3.275006296582202991e-01,3.567761947832570613e-02,-8.958236185752753711e-01,6.175666803928436810e-01,-5.734368633040780594e-01,6.543677851916984700e-02,-3.272719249498785565e-01,-6.948659429099557361e-01,3.850012033914822496e-01,7.453473732567206245e-02,-8.313795335955123100e-01,7.312060787260211692e-01,6.521785721640555034e-01,-1.129497988661263275e-01,-5.699461863099422043e-01,2.833849995876256411e-01,2.498127918814729842e-01,-4.862835037795230075e-01,-1.325252301993398718e-01,1.668839489908727769e-01,3.292348926891603966e-01,3.721676844314140142e-01,1.000000000000000000e+00,6.164391725889576401e-01,3.622932592163652377e-01,-4.997581983192082022e-01,-2.405108303660659086e-01,9.175499028719128480e-01,5.689739378767921796e-02,-4.115932555064012455e-01,-6.931853445271890513e-01,7.555991189671162900e-02
4.977472247151140672e-01,-1.108415999999999846e-01,6.808042527635811414e-01,-5.175193849760983955e-01,2.971331835710933622e-01,8.132561689126288629e-02,-2.553545371347969439e-01,-2.920435179388552321e-02,3.877683845832168297e-01,-3.834060997664456294e-01,6.905441997185813863e-01,-2.061970421090963401e-01,4.919907338932267421e-02,2.408371109073449423e-01,-2.510854165544577077e-01,1.513551406986337333e-01,-6.058012363839303527e-01,-2.172220277164849667e-01,6.553281906981022198e-01,5.478007234010537907e-01,-5.804257357671511741e-01,-5.016011429962836665e-01,-1.157260244539461969e-01,2.078411471375649425e-02,-2.701728470119662551e-01,1.164767671393590609e-01,3.075966919358100737e-01,-2.655920066273913527e-01,6.715520757672454044e-01,6.164391725889576401e-01,1.000000000000000000e+00,-1.477423420299604218e-01,-5.803129736523403581e-01,2.909190850297546302e-02,6.208960188484912157e-01,2.408011086571093529e-01,-5.536248489936121953e-01,-4.339739024488677988e-01,-4.617751039660749623e-01
-1.212431129943730007e-01,-1.063051600000000096e-01,2.078840037050561917e-01,5.304260865490573185e-01,2.632982255758505308e-01,-1.561757146743582847e-01,-4.093870929496602473e-01,-9.165208398414996516e-02,2.506799617460958585e-01,-2.619356489293610535e-01,1.089068204217905622e-01,2.829010708139342162e-02,1.596723485866604619e-01,-2.046179458934116457e-01,-1.542285831820510156e-01,1.275822754991503272e-01,3.953371105624349791e-01,-2.855399068136542096e-01,3.758350744046241587e-01,-4.147184118848123990e-03,3.714767811904693406e-01,-4.759977306209777770e-01,-1.777959819643830375e-01,4.894881680689825987e-01,-1.868634966416603260e-01,2.232345382749572060e-01,1.578659787967411909e-01,3.067179413275458733e-02,-6.937196948940553554e-02,3.622932592163652377e-01,-1.477423420299604218e-01,1.000000000000000000e+00,-1.767717053150168749e-01,3.703154837457469650e-01,3.586153347191510243e-01,2.662399840918523997e-01,1.239861554784721792e-01,-5.022659328518039867e-01,7.521616199628559096e-01
-3.116565572420550434e-01,5.957242799999999949e-01,-7.927795646443391853e-01,2.026047306178793347e-02,-2.587269525026266170e-01,3.656003108398571122e-01,1.937900911942349869e-01,5.461652257128991605e-01,-5.178736477816627826e-01,1.103249219288802430e-01,-7.524352467331667516e-01,-2.429361389207844169e-01,-5.731492284769892365e-01,-3.655536895817212972e-01,3.199352595398718968e-01,3.426588139843281811e-01,2.789304174939690184e-01,7.415418951842935036e-02,-7.898773326754170432e-01,-2.228560700212566803e-01,2.797176110683646799e-01,8.170930293108455977e-01,5.601235536805772020e-01,-6.719817043548423907e-01,-3.052813574089443538e-01,-6.686521165436434266e-01,-7.717131381617471364e-01,1.317708856571753739e-01,-8.241543200295229354e-01,-4.997581983192082022e-01,-5.803129736523403581e-01,-1.767717053150168749e-01,1.000000000000000000e+00,-3.843630489521579485e-01,-3.870899817334492177e-01,-7.494727897636261904e-01,6.226680052849542513e-01,5.229809258600524036e-01,1.203048690292800316e-03
-5.646040193695022191e-01,-8.168951600000000646e-01,2.434224894098483416e-01,3.113388403981806607e-01,-4.148457904300968391e-01,-5.054461966963833541e-01,8.263537920866477482e-02,-8.022120334186869650e-01,8.714580775750357944e-01,5.294676533198130475e-01,6.777036335123924615e-02,5.115647614000328192e-01,3.868479674736840512e-01,3.656970950918809748e-01,2.653690701026800158e-01,-5.114994786393795012e-01,-6.121765437702722523e-03,4.422439439769376701e-01,3.715947718564721614e-01,-2.872512633342220179e-01,1.773772075883936761e-01,-4.183668243168131018e-01,-8.489826596860061692e-01,3.805929678550767914e-01,3.463632547091419212e-01,8.436592773550355417e-01,6.471291210154715978e-01,-4.892147191768804748e-01,4.606102190113831596e-01,-2.405108303660659086e-01,2.909190850297546302e-02,3.703154837457469650e-01,-3.843630489521579485e-01,1.000000000000000000e+00,-1.873588774702138748e-01,7.815292727983714771e-01,3.172596165573904337e-02,-1.772202693060793144e-01,3.172367795781342870e-01
5.877762932292870390e-01,2.053577200000000769e-01,5.740285590073436195e-01,-2.632048700024900573e-02,4.984423624949257392e-01,4.129525830569406586e-01,-6.919740105238136874e-01,2.696224284247860092e-01,1.042088389650907554e-01,-8.030176482326664145e-01,5.810112980755554046e-01,-4.920008806458227024e-01,-2.364969265038499857e-01,-2.708993509085728113e-01,-5.645924296841965395e-01,4.968907397574834905e-01,3.069534156832814942e-02,-7.191592270949780374e-01,7.039144501326449754e-01,7.531841333570550301e-01,-8.408206068433829450e-02,-4.308918445211756820e-01,2.009460862698186356e-01,2.656165337373895818e-01,-5.675753729218379062e-01,-1.200774941919630495e-01,1.589407732497802039e-01,1.051990581615397380e-01,2.867067250926057520e-01,9.175499028719128480e-01,6.208960188484912157e-01,3.586153347191510243e-01,-3.870899817334492177e-01,-1.873588774702138748e-01,1.000000000000000000e+00,7.801180320745407237e-02,-3.963975391679310789e-01,-7.270531193734262043e-01,9.216685977839492172e-03
-2.642073297098493923e-01,-9.351274600000000214e-01,5.374012171243589542e-01,3.140450441015663063e-01,-3.259902983152531686e-01,-4.163347664239450685e-01,-8.933858717396429838e-02,-9.139045964459995286e-01,8.184649063257409818e-01,3.474426166487691314e-01,4.342604142977004589e-01,5.693217938290362490e-01,5.325570772640003669e-01,3.991340592974701451e-01,-1.172152943760212396e-01,-5.883446454944161186e-01,-5.454507894836858883e-02,2.783402386086297198e-01,6.261716946471878043e-01,6.945369534141733470e-02,8.809246019614717926e-02,-5.753376405168441066e-01,-9.012407211845731014e-01,6.643592011210922577e-01,5.504181224449086196e-01,9.735623586511867877e-01,9.617777652316948922e-01,-4.443309510071003499e-01,7.422969724429103744e-01,5.689739378767921796e-02,2.408011086571093529e-01,2.662399840918523997e-01,-7.494727897636261904e-01,7.815292727983714771e-01,7.801180320745407237e-02,1.000000000000000000e+00,-4.958032492780243827e-01,-4.554413024624361372e-01,1.879516995414596825e-01
-2.059830441522371713e-01,3.771699200000000474e-01,-5.172136537320815020e-01,1.507331267018638954e-01,1.012247489339088424e-01,-4.937827329616035349e-02,2.140447825879727151e-01,3.438612697778250515e-01,-2.718578953505770279e-01,1.421652221913835834e-01,-6.691354878260760142e-01,-2.280262204042806662e-01,-3.710009264853599831e-01,-2.487265789923824300e-01,5.113100030911287286e-01,1.063236294471367471e-01,3.176033274202709200e-01,5.971334622324454833e-02,-5.061745668998338665e-01,-6.759112413095880179e-01,2.605895149646541564e-01,3.792470460569720148e-01,2.982199288044840579e-01,-2.886252476902334552e-01,-3.400018467789200916e-01,-3.468996463076288728e-01,-5.893474375119402975e-01,3.287711611606194406e-01,-6.422817006371538406e-01,-4.115932555064012455e-01,-5.536248489936121953e-01,1.239861554784721792e-01,6.226680052849542513e-01,3.172596165573904337e-02,-3.963975391679310789e-01,-4.958032492780243827e-01,1.000000000000000000e+00,5.642389562413407944e-01,2.991567109856131945e-01
-1.749151795044711633e-01,1.954951199999999112e-01,-6.113163114920300290e-01,-2.356930506536762671e-01,-8.549294262458427551e-02,-3.246911344396903598e-02,6.662532972014757471e-01,1.425224006852621184e-01,-4.704305334628391955e-01,4.813282792602496807e-01,-5.334692970173282589e-01,1.471917367894800543e-01,-1.423903797569327501e-01,1.803113112036721088e-01,6.863760665616318590e-01,-2.003596880573303984e-01,-8.552090213580415545e-02,4.421190750685478066e-01,-8.397382825166737064e-01,-7.051518161445529120e-01,-2.102525809153132919e-01,5.943371977083272695e-01,1.689024444469506003e-01,-3.656240403018436447e-01,3.114815122035221803e-02,-2.760508697161475067e-01,-5.003686284737116630e-01,1.331014169373778699e-01,-5.079714003625094287e-01,-6.931853445271890513e-01,-4.339739024488677988e-01,-5.022659328518039867e-01,5.229809258600524036e-01,-1.772202693060793144e-01,-7.270531193734262043e-01,-4.554413024624361372e-01,5.642389562413407944e-01,1.000000000000000000e+00,-3.356464398409322314e-01
-2.475586714827273938e-01,-6.615658000000002037e-02,8.383687150294315965e-03,6.776458359786815544e-01,6.158328403050943728e-02,-2.097206698390086110e-01,-3.722187763229159452e-01,-7.620063257599915540e-02,2.168499177799486644e-01,-9.575230549957791659e-02,-2.353785484723616983e-01,-4.323919286897108527e-02,2.015778147059175684e-01,-3.949353799772331031e-01,-2.280362959811074175e-01,-1.050035565869881712e-02,6.694303207563307989e-01,-2.461812140948253236e-01,1.830704310895130971e-01,-2.151507350434536670e-01,6.916275029632533711e-01,-2.545427484046712818e-01,-8.800837930567763367e-02,2.610300696268898490e-01,5.083652480288592540e-02,1.994217861424302518e-01,1.194146605434161373e-01,2.890381532403577536e-01,-1.132266838008511162e-01,7.555991189671162900e-02,-4.617751039660749623e-01,7.521616199628559096e-01,1.203048690292800316e-03,3.172367795781342870e-01,9.216685977839492172e-03,1.879516995414596825e-01,2.991567109856131945e-01,-3.356464398409322314e-01,1.000000000000000000e+00
