1.000000000000000000e+00,-6.233196150558385079e-03,-1.918077204375527867e-01,2.138968394915074511e-01,1.471745067050237929e-02,-7.979042916858379852e-01,-8.792058152837231022e-01,4.914117131041746966e-01,5.907342132866777451e-01,4.612541542800875360e-01,3.506464774596870781e-01,-3.229275298172860076e-01,6.895333690708751462e-01,-7.088297753451212602e-01,-9.992114784657260551e-02,-9.143597979514579421e-01,5.109712733209510471e-01,8.618851599999999280e-01,-7.070672750144630925e-01,-5.808066379628892134e-02,7.194249002547812299e-01,3.084497203968547541e-01,-5.674438394843549505e-01,-1.585953953705812602e-01,1.293191632601927710e-01,5.869970779164431773e-01,-3.639812163512732950e-03,-1.236163220610110580e-01,3.634869573033542856e-01,-8.670822807142315458e-01,4.754948018536585552e-01,2.057618796081353563e-01,1.311804057870624880e-02,-3.521987532460136849e-01,-1.791012094359517581e-01,-2.487326711038762850e-01,-2.434560952486687913e-01,-5.244869031404168769e-02,-6.449621405349725833e-01
-6.233196150558385079e-03,1.000000000000000000e+00,-5.398528968916133097e-01,3.315078854023314481e-01,6.801503049753100660e-02,2.955209309674876605e-01,-8.120115990926299321e-02,1.132893132542267256e-01,-2.968543670411943544e-02,3.602488617863897624e-01,-7.228465808678627424e-02,-5.439411625797453409e-01,-3.127634096460947810e-01,2.958778903691692830e-01,-1.822657228662939999e-01,9.185188627159754371e-02,2.916691363407964976e-01,1.140444199999999242e-01,-1.822119872178225020e-01,-2.773127047161875330e-02,-6.713387238594720197e-02,2.841205914187140968e-01,-3.252773079393513900e-01,-1.490301034988697759e-01,-2.348992240569639234e-01,1.620731104938349654e-01,1.246501925518419263e-01,2.684571680353426554e-02,-3.239489720480646651e-01,-8.545609256703891321e-02,1.779400452252543618e-01,-5.357657097429472381e-01,-1.881507581855464128e-01,3.441381704089013782e-01,-6.441258614971057117e-02,-1.748554966282624967e-01,6.249284842920191374e-02,2.422394879142537316e-01,1.827711471034582646e-01
-1.918077204375527867e-01,-5.398528968916133097e-01,1.000000000000000000e+00,-6.016750032125374181e-01,-5.793835892148029298e-01,-2.890386379669125372e-01,3.859752035973579298e-01,-4.989139724525731845e-01,-2.288311623935680716e-01,-4.076941271582408821e-01,3.453376627846988511e-01,3.779989795636268246e-01,2.390255502678058919e-01,2.297002840048334438e-01,7.829107087782344321e-01,1.035955325835143243e-01,-4.807348440531025169e-01,-5.068444400000000627e-01,7.201970747556345476e-01,-5.307231842207992267e-01,2.570867479150978907e-01,-7.107564223126193736e-01,2.205266319705883882e-01,1.037584285824771635e-01,7.069074635252659000e-01,-2.563943178209337481e-01,-5.969093340364427513e-01,2.818920763464159013e-02,2.596573207486379542e-01,3.806531118456816243e-01,1.253055066176369386e-02,1.888311974681165240e-01,-1.064325554484705783e-01,1.839528596648102102e-02,-4.428702710598498293e-01,2.590086073025656827e-02,1.719457225589029470e-01,-7.281634828890539701e-01,1.540653617945050569e-01
2.138968394915074511e-01,3.315078854023314481e-01,-6.016750032125374181e-01,1.000000000000000000e+00,5.320190346035029716e-01,4.218502556916065016e-02,-5.848018296749201150e-01,-2.434408208480789634e-02,-1.937487823387951114e-01,5.118036546570715606e-01,-6.758355133145550475e-01,-3.754977497069194592e-01,4.505777326404879213e-02,-3.059448029745638342e-01,-3.363416109240134344e-01,-8.125877107765919205e-02,6.806303347938202908e-01,5.832012200000000757e-01,-5.140051995020510356e-01,1.934794565155158463e-01,6.972975691117001829e-02,2.687931348251932362e-01,-6.178731690395745657e-01,-6.573754997816010359e-01,-1.125578553811394517e-01,5.636304374432664632e-01,-9.019357482560053096e-02,4.175458893457346110e-01,-5.549458144478979227e-01,-6.075378041897754322e-01,4.039588027170910034e-01,-2.025310695653744220e-01,-4.449736890002363721e-01,-3.252609740369239999e-01,3.081214888892960246e-01,1.803457483142885953e-01,3.006673060945478371e-01,3.548039780533575049e-01,-2.938978581238638199e-01
1.471745067050237929e-02,6.801503049753100660e-02,-5.793835892148029298e-01,5.320190346035029716e-01,1.000000000000000000e+00,4.376183718630483610e-01,-2.078709828488099487e-01,3.289623816821533597e-01,1.663240258515449876e-01,2.800138940216843064e-01,-6.375249944247965983e-01,2.527225737688620910e-01,-1.265188289289122421e-02,-3.178499759489051835e-01,-5.918396952068780692e-01,1.741364486740355488e-01,3.733574857720858287e-01,3.195743600000000573e-01,-5.365833138569882088e-01,5.729138316499710060e-01,-3.155979301142228244e-01,7.402948900468540039e-01,-1.709845417300592807e-02,-2.591916547671737070e-01,-6.614418037538185580e-01,1.229083788677634848e-01,5.385487628103681201e-01,7.417628520271141168e-02,-1.025966902252770235e-01,-2.065060369508714688e-01,-3.906808899804807833e-01,2.935603812185441641e-01,2.231947604509241789e-01,-5.643348323978887304e-01,8.666555616836431053e-01,-1.732218471659423553e-01,3.036391267120404081e-01,5.861693846090354487e-01,-1.600659845574372298e-01
-7.979042916858379852e-01,2.955209309674876605e-01,-2.890386379669125372e-01,4.218502556916065016e-02,4.376183718630483610e-01,1.000000000000000000e+00,6.819537851362991177e-01,-1.177840089852998373e-01,-2.892857707741942064e-01,-1.838019544480727907e-01,-5.570892082147539393e-01,2.550418586584273228e-01,-6.411733059859554551e-01,5.522578355544118800e-01,-2.767125232885139230e-01,8.827841555541374730e-01,-1.760936966695019201e-01,-5.911676000000000153e-01,2.994685323895327489e-01,3.548388578701055507e-01,-7.472853102640403256e-01,2.007297010256637870e-01,4.357161165710757289e-01,6.018954130204811487e-02,-5.668878199018939634e-01,-4.122091005994867330e-01,3.697053063193846967e-01,-7.032092681614178498e-02,-3.965353891050963364e-01,6.781132005265048113e-01,-6.491011920689278014e-01,-1.389294814609959849e-01,6.972345083701408930e-02,2.398993779284155914e-01,4.990183773751200591e-01,-5.026816272418917209e-03,2.214130241157843959e-01,3.655093016396595562e-01,6.091310049260205695e-01
-8.792058152837231022e-01,-8.120115990926299321e-02,3.859752035973579298e-01,-5.848018296749201150e-01,-2.078709828488099487e-01,6.819537851362991177e-01,1.000000000000000000e+00,-4.239525137368246877e-01,-4.189750940530672096e-01,-5.663919662736457417e-01,-3.044593442644233372e-02,4.180496965963538258e-01,-6.001708635920695034e-01,7.651895874290109978e-01,2.077735095719456804e-01,8.249134258097072792e-01,-7.077102648443078792e-01,-9.824961599999999518e-01,8.157445790235646754e-01,-3.767759806669246370e-02,-6.290714549315188364e-01,-3.213438292244668593e-01,7.441673196010298863e-01,3.915406316955196697e-01,-8.766691607441755296e-02,-7.091855581523193175e-01,4.042131554746286604e-02,-1.019272410817395613e-01,-1.338702707773392897e-01,9.991728534373037762e-01,-6.184467626467887724e-01,-1.467415514579121505e-01,1.502130025217685017e-01,4.990349302139668319e-01,2.778389769415651189e-02,7.951501936848220931e-02,6.420294001978746334e-02,-9.746277709636397280e-02,6.678917522691018016e-01
4.914117131041746966e-01,1.132893132542267256e-01,-4.989139724525731845e-01,-2.434408208480789634e-02,3.289623816821533597e-01,-1.177840089852998373e-01,-4.239525137368246877e-01,1.000000000000000000e+00,9.315901430034769781e-01,1.909300713467840527e-01,8.171529837374523486e-02,-1.270950815430227365e-01,4.176289976527439718e-01,-3.947926009319472351e-01,-4.167645086072325200e-01,-4.556562851179579710e-01,5.232903123395303835e-01,5.129578999999999667e-01,-6.537527794528744662e-01,5.104663014771089191e-01,3.020225508554620353e-01,5.266579530100689022e-01,-2.602253893981207877e-01,1.959062861595219640e-01,-4.346884070150899282e-01,3.582396686752516990e-01,5.251506777040710894e-01,-6.958220399331385142e-01,5.308509682834726684e-01,-3.923828273143907808e-01,-7.283644956257842584e-03,5.469701651319123226e-01,2.087451014319118836e-01,-2.799752658015882134e-01,7.096121913043351714e-02,-1.512077499811654846e-01,-3.252027185770534068e-01,1.554748163862716415e-01,1.302282577905990515e-02
5.907342132866777451e-01,-2.968543670411943544e-02,-2.288311623935680716e-01,-1.937487823387951114e-01,1.663240258515449876e-01,-2.892857707741942064e-01,-4.189750940530672096e-01,9.315901430034769781e-01,1.000000000000000000e+00,1.111423486763004342e-01,2.423882271051992776e-01,-7.687103415108599569e-02,6.323085033400146493e-01,-4.079712013801634618e-01,-1.935324497952184974e-01,-5.475449423768238288e-01,4.782947000667807647e-01,4.727935199999999671e-01,-5.381214078097219522e-01,3.827144144850765928e-01,5.057292340121553043e-01,3.602836702368187316e-01,-2.891262873835135916e-01,2.111231798540497973e-01,-2.237612070461624802e-01,3.999549935281268009e-01,3.593399320505077932e-01,-7.841172413178578715e-01,6.812002096760151337e-01,-3.852501044143277209e-01,2.857783783018637974e-02,6.657476452346967610e-01,1.692791608324879793e-01,-3.271815676242743054e-01,-8.257245711378818909e-02,-2.388434224052902732e-01,-2.438094254700644281e-01,-9.303417968527406823e-02,-6.010820378150748180e-04
4.612541542800875360e-01,3.602488617863897624e-01,-4.076941271582408821e-01,5.118036546570715606e-01,2.800138940216843064e-01,-1.838019544480727907e-01,-5.663919662736457417e-01,1.909300713467840527e-01,1.111423486763004342e-01,1.000000000000000000e+00,-2.111744246328004226e-01,1.146078634594609527e-02,2.356608473721649444e-01,-5.528554568762570343e-01,-1.668905903535030516e-02,-1.973083316863012693e-01,5.519692593020986138e-01,5.525367599999999602e-01,-4.569707016827205259e-01,-3.711298630054856162e-01,3.037137401021993144e-01,4.648502618155647692e-01,-5.130784246573070195e-01,-7.579536217666945630e-01,-7.220484961872999929e-02,1.403671793997349482e-01,-4.700847060645056696e-02,1.639269094374511959e-01,-3.243371556577009929e-01,-5.765111323270721844e-01,1.603066387127048686e-01,-1.402874869445458472e-01,-1.917015002902050791e-01,-1.291709325830406041e-01,8.286371797579707155e-02,-4.396226083222423697e-01,-1.039179007488361811e-01,9.268752791753363807e-02,-2.553446531958137311e-01
3.506464774596870781e-01,-7.228465808678627424e-02,3.453376627846988511e-01,-6.758355133145550475e-01,-6.375249944247965983e-01,-5.570892082147539393e-01,-3.044593442644233372e-02,8.171529837374523486e-02,2.423882271051992776e-01,-2.111744246328004226e-01,1.000000000000000000e+00,-1.021672246729759675e-01,9.046260774094724844e-02,-6.609721506754225040e-02,1.898162510907699663e-01,-5.303260620962831906e-01,-4.697022604250954969e-01,2.062691999999999304e-02,2.216755790319831568e-02,-3.469197395165823927e-01,2.181838073426955737e-01,-9.385901893129822149e-02,2.306993994303881690e-01,5.508194342545045252e-01,2.027674353125579476e-01,-2.226059699170317152e-01,7.539286286301934148e-02,-8.990397574620967447e-02,5.556647978696945822e-01,-1.039880378273070477e-02,8.186628734631655469e-02,-9.396513419296489977e-02,4.855102263888108061e-01,2.400556665738168838e-01,-4.007323142032944707e-01,-3.119019987336005828e-01,-4.339159310822047200e-01,-1.719471632746236156e-01,-3.262345650475207415e-01
-3.229275298172860076e-01,-5.439411625797453409e-01,3.779989795636268246e-01,-3.754977497069194592e-01,2.527225737688620910e-01,2.550418586584273228e-01,4.180496965963538258e-01,-1.270950815430227365e-01,-7.687103415108599569e-02,1.146078634594609527e-02,-1.021672246729759675e-01,1.000000000000000000e+00,-2.750676026587645789e-02,-1.320487211791908366e-01,1.936549134437348663e-01,4.357300775532578774e-01,-3.840577773137167084e-01,-4.012814999999999577e-01,3.144143887296681483e-01,-1.871886318457942067e-01,-2.946659623890895419e-01,1.266405261423939332e-01,5.308011841209451243e-01,-1.258359675195840077e-01,-1.386915110787065308e-01,-6.376330141230329707e-01,1.206911180328857913e-01,7.485390903524059142e-03,2.610651255060232254e-02,4.195583958172350858e-01,-7.063300054422868568e-01,3.338914652292642171e-01,3.468828301730857988e-01,-1.851595852024497113e-01,3.922002077027516576e-01,-3.706068013377941117e-01,-1.560582879788375427e-05,-7.254906200444051489e-02,1.125446342702953462e-01
6.895333690708751462e-01,-3.127634096460947810e-01,2.390255502678058919e-01,4.505777326404879213e-02,-1.265188289289122421e-02,-6.411733059859554551e-01,-6.001708635920695034e-01,4.176289976527439718e-01,6.323085033400146493e-01,2.356608473721649444e-01,9.046260774094724844e-02,-2.750676026587645789e-02,1.000000000000000000e+00,-4.789646730767502802e-01,3.842628470746674574e-01,-5.924759470393702321e-01,5.967554746154949408e-01,5.182807199999999170e-01,-2.728775286535116140e-01,-2.802809113526665355e-02,8.754302611809707813e-01,-9.843470551455447970e-02,-6.401307723417540840e-01,-2.971308730954535515e-01,4.630107945727081620e-01,6.375760960679718314e-01,-3.724067951962032330e-01,-3.901233626768453311e-01,4.186063846229018948e-01,-5.913596639908144104e-01,4.331441197284581213e-01,7.075455882335601743e-01,-3.024773580612805102e-01,-6.243877240742597978e-01,-2.983832069438421275e-01,-1.115116906733712304e-01,1.874457267548119699e-01,-5.896269629070484131e-01,-1.661933207042878002e-01
-7.088297753451212602e-01,2.958778903691692830e-01,2.297002840048334438e-01,-3.059448029745638342e-01,-3.178499759489051835e-01,5.522578355544118800e-01,7.651895874290109978e-01,-3.947926009319472351e-01,-4.079712013801634618e-01,-5.528554568762570343e-01,-6.609721506754225040e-02,-1.320487211791908366e-01,-4.789646730767502802e-01,1.000000000000000000e+00,2.935603648217109396e-01,6.360379705734270361e-01,-3.932656514055232755e-01,-7.906156600000000534e-01,7.401359313241118176e-01,7.224539247767004790e-02,-4.003275856766274066e-01,-4.564222742548565970e-01,3.064361806442732483e-01,3.398806313613134122e-01,1.685660625111405908e-01,-2.150503536323832010e-01,-2.234586505086747776e-01,-7.460016860188549426e-02,-2.664398898862201381e-01,7.580289885216688894e-01,-9.369055028642071792e-02,-2.613378323178161544e-01,-2.045464742694909355e-01,4.657426753575610312e-01,-2.452501245655674678e-01,3.644762803038267274e-01,2.941991138262637917e-01,-2.419822984805803656e-01,6.940134129538810814e-01
-9.992114784657260551e-02,-1.822657228662939999e-01,7.829107087782344321e-01,-3.363416109240134344e-01,-5.918396952068780692e-01,-2.767125232885139230e-01,2.077735095719456804e-01,-4.167645086072325200e-01,-1.935324497952184974e-01,-1.668905903535030516e-02,1.898162510907699663e-01,1.936549134437348663e-01,3.842628470746674574e-01,2.935603648217109396e-01,1.000000000000000000e+00,1.201155314890303416e-01,-9.364986165214811420e-02,-3.717154599999999975e-01,6.891639000859604014e-01,-6.451741659061258627e-01,4.519132651171989812e-01,-7.000203083969517293e-01,-2.098026981513867462e-01,-2.910575597712568019e-01,8.670834565141121164e-01,-2.885101170399428927e-02,-8.451238494896253783e-01,-5.721329794010724182e-03,-7.866862970850585501e-02,1.938152612935824526e-01,2.889376652997152073e-01,1.366282646760855479e-01,-4.615050723262806298e-01,-1.007164058917137291e-02,-6.114998031775533693e-01,-2.725169014308089291e-02,3.116801958392705352e-01,-9.243344230897559965e-01,3.151232455249961539e-01
-9.143597979514579421e-01,9.185188627159754371e-02,1.035955325835143243e-01,-8.125877107765919205e-02,1.741364486740355488e-01,8.827841555541374730e-01,8.249134258097072792e-01,-4.556562851179579710e-01,-5.475449423768238288e-01,-1.973083316863012693e-01,-5.303260620962831906e-01,4.357300775532578774e-01,-5.924759470393702321e-01,6.360379705734270361e-01,1.201155314890303416e-01,1.000000000000000000e+00,-3.393259236808909840e-01,-8.078591800000000100e-01,6.553874656913624142e-01,1.479228744685034957e-03,-6.559623716980068631e-01,-1.429678115787647585e-01,4.651260439705131033e-01,-9.629567382727992342e-02,-1.930637323928530991e-01,-5.493614153886788865e-01,-1.458331223094057327e-02,7.461414649983033609e-02,-5.130028285770540375e-01,8.099755866988657127e-01,-5.809259683701527566e-01,-1.839455272244246431e-01,-1.124495877665050436e-01,3.069471908707999130e-01,2.778742685209913410e-01,5.402661411619198023e-02,2.919672281360154997e-01,3.707263425145206764e-02,6.809470974657625408e-01
5.109712733209510471e-01,2.916691363407964976e-01,-4.807348440531025169e-01,6.806303347938202908e-01,3.733574857720858287e-01,-1.760936966695019201e-01,-7.077102648443078792e-01,5.232903123395303835e-01,4.782947000667807647e-01,5.519692593020986138e-01,-4.697022604250954969e-01,-3.840577773137167084e-01,5.967554746154949408e-01,-3.932656514055232755e-01,-9.364986165214811420e-02,-3.393259236808909840e-01,1.000000000000000000e+00,6.853852199999999062e-01,-5.646067619106932556e-01,2.424035924732926839e-01,5.920272657785170534e-01,2.038631753622751897e-01,-8.895766081406184522e-01,-5.803210200995829737e-01,2.800418995076912193e-02,8.156220911023570608e-01,-1.486638261695903684e-01,-2.821541591923588110e-01,-1.039683007264353420e-01,-7.098011198821940759e-01,5.012785856452330879e-01,3.151430118387045787e-01,-5.700006088583271513e-01,-4.329283098701575128e-01,-6.484531666379172998e-02,4.548318497373859959e-02,1.893708648863924315e-01,-9.677540493175318392e-02,3.483581558669790468e-04
8.618851599999999280e-01,1.140444199999999242e-01,-5.068444400000000627e-01,5.832012200000000757e-01,3.195743600000000573e-01,-5.911676000000000153e-01,-9.824961599999999518e-01,5.129578999999999667e-01,4.727935199999999671e-01,5.525367599999999602e-01,2.062691999999999304e-02,-4.012814999999999577e-01,5.182807199999999170e-01,-7.906156600000000534e-01,-3.717154599999999975e-01,-8.078591800000000100e-01,6.853852199999999062e-01,1.000000000000000000e+00,-9.091065799999999975e-01,1.523984400000000239e-01,5.181290800000000196e-01,4.660712000000000188e-01,-6.564501200000000258e-01,-3.089605600000000507e-01,-9.425751999999998354e-02,6.583376199999999567e-01,1.442024799999999107e-01,7.127218000000001830e-02,1.742458399999999852e-01,-9.774441600000000063e-01,5.012427600000000094e-01,1.482177200000001083e-01,-1.952858000000001759e-02,-4.938708800000000121e-01,1.037048199999999198e-01,-1.243008199999999785e-01,-1.178786200000000450e-01,2.558572400000000968e-01,-6.879363800000000140e-01
-7.070672750144630925e-01,-1.822119872178225020e-01,7.201970747556345476e-01,-5.140051995020510356e-01,-5.365833138569882088e-01,2.994685323895327489e-01,8.157445790235646754e-01,-6.537527794528744662e-01,-5.381214078097219522e-01,-4.569707016827205259e-01,2.216755790319831568e-02,3.144143887296681483e-01,-2.728775286535116140e-01,7.401359313241118176e-01,6.891639000859604014e-01,6.553874656913624142e-01,-5.646067619106932556e-01,-9.091065799999999975e-01,1.000000000000000000e+00,-3.962775310473370394e-01,-2.072606896868233184e-01,-7.296988286733190332e-01,3.878255424442320631e-01,9.593662155979135187e-02,4.915791907519136972e-01,-4.693410397212844365e-01,-5.350938327813948847e-01,1.921659433975387438e-02,-2.337284970383826654e-01,8.020012557839362177e-01,-1.753456007801696137e-01,-1.386167466602628850e-01,-2.588546971964882926e-01,4.197827655572909378e-01,-3.832281247506848509e-01,2.057529045336991269e-01,2.155300533586076150e-01,-5.721770625475806060e-01,6.262494902910645811e-01
-5.808066379628892134e-02,-2.773127047161875330e-02,-5.307231842207992267e-01,1.934794565155158463e-01,5.729138316499710060e-01,3.548388578701055507e-01,-3.767759806669246370e-02,5.104663014771089191e-01,3.827144144850765928e-01,-3.711298630054856162e-01,-3.469197395165823927e-01,-1.871886318457942067e-01,-2.802809113526665355e-02,7.224539247767004790e-02,-6.451741659061258627e-01,1.479228744685034957e-03,2.424035924732926839e-01,1.523984400000000239e-01,-3.962775310473370394e-01,1.000000000000000000e+00,-3.020563399077416111e-01,3.540417126308467166e-01,7.271247269162797733e-02,3.950341397731230719e-01,-5.414507557282881578e-01,3.328906418229820030e-01,5.503838074920553991e-01,-3.396948649098608386e-01,1.982785204261526824e-01,-2.057602249580305076e-02,-1.480008469966133111e-01,4.207133454622875024e-01,2.050058690746188184e-01,-3.364126155023098308e-01,4.564143558012294100e-01,3.804627844150447191e-01,1.834528812709080581e-01,4.356429335747057374e-01,8.980691419416973742e-02
7.194249002547812299e-01,-6.713387238594720197e-02,2.570867479150978907e-01,6.972975691117001829e-02,-3.155979301142228244e-01,-7.472853102640403256e-01,-6.290714549315188364e-01,3.020225508554620353e-01,5.057292340121553043e-01,3.037137401021993144e-01,2.181838073426955737e-01,-2.946659623890895419e-01,8.754302611809707813e-01,-4.003275856766274066e-01,4.519132651171989812e-01,-6.559623716980068631e-01,5.920272657785170534e-01,5.181290800000000196e-01,-2.072606896868233184e-01,-3.020563399077416111e-01,1.000000000000000000e+00,-2.753941310686877642e-01,-7.639747193575188167e-01,-3.227217869922142102e-01,5.954119179724732813e-01,6.619685018259291454e-01,-5.267636955291242762e-01,-3.325539558188693734e-01,3.282344699059543958e-01,-6.252242075967519019e-01,6.498330509559114843e-01,3.506664519718745709e-01,-4.960961374756908682e-01,-2.760097615760837564e-01,-6.115518237413679614e-01,-8.520100689237539160e-02,-1.647781152401023991e-02,-6.366247140949120586e-01,-1.355829987937047509e-01
3.084497203968547541e-01,2.841205914187140968e-01,-7.107564223126193736e-01,2.687931348251932362e-01,7.402948900468540039e-01,2.007297010256637870e-01,-3.213438292244668593e-01,5.266579530100689022e-01,3.602836702368187316e-01,4.648502618155647692e-01,-9.385901893129822149e-02,1.266405261423939332e-01,-9.843470551455447970e-02,-4.564222742548565970e-01,-7.000203083969517293e-01,-1.429678115787647585e-01,2.038631753622751897e-01,4.660712000000000188e-01,-7.296988286733190332e-01,3.540417126308467166e-01,-2.753941310686877642e-01,1.000000000000000000e+00,9.171125514530148459e-02,-2.744322584907511395e-02,-7.958945379296066269e-01,-6.570857199535329318e-02,7.888588389207263907e-01,1.106808005421665818e-02,7.619868466147004804e-02,-3.066873267502921441e-01,-4.132373396497788787e-01,5.234591504615695307e-02,5.712561312368256150e-01,-2.652084334010413880e-01,7.184768946084466590e-01,-4.929605753996713080e-01,-1.682626577982585803e-01,7.182050086991811355e-01,-3.805875832233679423e-01
-5.674438394843549505e-01,-3.252773079393513900e-01,2.205266319705883882e-01,-6.178731690395745657e-01,-1.709845417300592807e-02,4.357161165710757289e-01,7.441673196010298863e-01,-2.602253893981207877e-01,-2.891262873835135916e-01,-5.130784246573070195e-01,2.306993994303881690e-01,5.308011841209451243e-01,-6.401307723417540840e-01,3.064361806442732483e-01,-2.098026981513867462e-01,4.651260439705131033e-01,-8.895766081406184522e-01,-6.564501200000000258e-01,3.878255424442320631e-01,7.271247269162797733e-02,-7.639747193575188167e-01,9.171125514530148459e-02,1.000000000000000000e+00,6.158432800080105851e-01,-4.016709681454810887e-01,-8.515832931773225090e-01,4.766904629998489629e-01,8.376574817154315566e-02,1.435984241577260290e-01,7.542319805181335601e-01,-7.844901549410665531e-01,-1.287896612975482080e-01,7.022571590131043706e-01,3.435648327404585700e-01,3.639512097488850073e-01,-8.089823348473455800e-02,-2.419367795285082556e-01,3.363163757017136879e-01,9.800039623876292960e-02
-1.585953953705812602e-01,-1.490301034988697759e-01,1.037584285824771635e-01,-6.573754997816010359e-01,-2.591916547671737070e-01,6.018954130204811487e-02,3.915406316955196697e-01,1.959062861595219640e-01,2.111231798540497973e-01,-7.579536217666945630e-01,5.508194342545045252e-01,-1.258359675195840077e-01,-2.971308730954535515e-01,3.398806313613134122e-01,-2.910575597712568019e-01,-9.629567382727992342e-02,-5.803210200995829737e-01,-3.089605600000000507e-01,9.593662155979135187e-02,3.950341397731230719e-01,-3.227217869922142102e-01,-2.744322584907511395e-02,6.158432800080105851e-01,1.000000000000000000e+00,-2.528244253117892804e-01,-2.576608608409569068e-01,4.737155330104318440e-01,-3.003235404729933666e-01,5.932708631971073121e-01,4.185544993320977070e-01,-2.591157332805879565e-01,6.699360600211221040e-02,5.939338971135861289e-01,2.700402540188964196e-01,-3.727100115009029935e-02,1.900803258347742997e-01,-3.139273228195225696e-01,1.913982862553358921e-01,5.733828707792075485e-02
1.293191632601927710e-01,-2.348992240569639234e-01,7.069074635252659000e-01,-1.125578553811394517e-01,-6.614418037538185580e-01,-5.668878199018939634e-01,-8.766691607441755296e-02,-4.346884070150899282e-01,-2.237612070461624802e-01,-7.220484961872999929e-02,2.027674353125579476e-01,-1.386915110787065308e-01,4.630107945727081620e-01,1.685660625111405908e-01,8.670834565141121164e-01,-1.930637323928530991e-01,2.800418995076912193e-02,-9.425751999999998354e-02,4.915791907519136972e-01,-5.414507557282881578e-01,5.954119179724732813e-01,-7.958945379296066269e-01,-4.016709681454810887e-01,-2.528244253117892804e-01,1.000000000000000000e+00,2.823366373501581816e-01,-9.426552445827874882e-01,1.397462486469899234e-01,-4.807409372929760671e-02,-1.051858594492721261e-01,6.559687440250601131e-01,5.908293742408012028e-02,-5.796023599779356328e-01,-6.870362409591924957e-02,-7.305584849535075032e-01,2.939838092384761126e-01,2.879949527634936834e-01,-8.590778798100631164e-01,5.111513369512851734e-02
5.869970779164431773e-01,1.620731104938349654e-01,-2.563943178209337481e-01,5.636304374432664632e-01,1.229083788677634848e-01,-4.122091005994867330e-01,-7.091855581523193175e-01,3.582396686752516990e-01,3.999549935281268009e-01,1.403671793997349482e-01,-2.226059699170317152e-01,-6.376330141230329707e-01,6.375760960679718314e-01,-2.150503536323832010e-01,-2.885101170399428927e-02,-5.493614153886788865e-01,8.156220911023570608e-01,6.583376199999999567e-01,-4.693410397212844365e-01,3.328906418229820030e-01,6.619685018259291454e-01,-6.570857199535329318e-02,-8.515832931773225090e-01,-2.576608608409569068e-01,2.823366373501581816e-01,1.000000000000000000e+00,-2.989088101798274000e-01,-1.945332895528762984e-01,5.705910157071990979e-02,-7.105068638271290205e-01,7.441699523292162333e-01,2.844604979024929481e-01,-5.569697990784537867e-01,-4.393907366835886896e-01,-2.504970962381624089e-01,3.245480426611615510e-01,2.855502609829501659e-01,-2.060689487342015902e-01,-1.569142572127021629e-01
-3.639812163512732950e-03,1.246501925518419263e-01,-5.969093340364427513e-01,-9.019357482560053096e-02,5.385487628103681201e-01,3.697053063193846967e-01,4.042131554746286604e-02,5.251506777040710894e-01,3.593399320505077932e-01,-4.700847060645056696e-02,7.539286286301934148e-02,1.206911180328857913e-01,-3.724067951962032330e-01,-2.234586505086747776e-01,-8.451238494896253783e-01,-1.458331223094057327e-02,-1.486638261695903684e-01,1.442024799999999107e-01,-5.350938327813948847e-01,5.503838074920553991e-01,-5.267636955291242762e-01,7.888588389207263907e-01,4.766904629998489629e-01,4.737155330104318440e-01,-9.426552445827874882e-01,-2.989088101798274000e-01,1.000000000000000000e+00,-1.804567596352258108e-01,3.186158746469345271e-01,6.618372873394773315e-02,-6.133007398342753547e-01,4.761600360657625153e-02,7.739793086953761225e-01,5.962537125371232018e-03,6.621950255470108182e-01,-3.043054294824226180e-01,-3.583069843201278082e-01,8.143950300290164757e-01,-1.805232353636277709e-01
-1.236163220610110580e-01,2.684571680353426554e-02,2.818920763464159013e-02,4.175458893457346110e-01,7.417628520271141168e-02,-7.032092681614178498e-02,-1.019272410817395613e-01,-6.958220399331385142e-01,-7.841172413178578715e-01,1.639269094374511959e-01,-8.990397574620967447e-02,7.485390903524059142e-03,-3.901233626768453311e-01,-7.460016860188549426e-02,-5.721329794010724182e-03,7.461414649983033609e-02,-2.821541591923588110e-01,7.127218000000001830e-02,1.921659433975387438e-02,-3.396948649098608386e-01,-3.325539558188693734e-01,1.106808005421665818e-02,8.376574817154315566e-02,-3.003235404729933666e-01,1.397462486469899234e-01,-1.945332895528762984e-01,-1.804567596352258108e-01,1.000000000000000000e+00,-4.759781173732933190e-01,-1.315753388226564291e-01,1.454253571519881771e-01,-5.519497668073578556e-01,8.341121586640729002e-02,-9.037955860236465688e-02,3.064710280913220952e-01,4.211117032111667130e-02,2.375675272056395892e-01,3.094653787502619213e-01,-5.524055706459436443e-01
3.634869573033542856e-01,-3.239489720480646651e-01,2.596573207486379542e-01,-5.549458144478979227e-01,-1.025966902252770235e-01,-3.965353891050963364e-01,-1.338702707773392897e-01,5.308509682834726684e-01,6.812002096760151337e-01,-3.243371556577009929e-01,5.556647978696945822e-01,2.610651255060232254e-02,4.186063846229018948e-01,-2.664398898862201381e-01,-7.866862970850585501e-02,-5.130028285770540375e-01,-1.039683007264353420e-01,1.742458399999999852e-01,-2.337284970383826654e-01,1.982785204261526824e-01,3.282344699059543958e-01,7.619868466147004804e-02,1.435984241577260290e-01,5.932708631971073121e-01,-4.807409372929760671e-02,5.705910157071990979e-02,3.186158746469345271e-01,-4.759781173732933190e-01,1.000000000000000000e+00,-1.015548547134904195e-01,-6.410652289431548190e-02,5.633016579703661320e-01,4.642065841676852878e-01,-2.576838039410823122e-01,-1.008699192250689380e-01,-1.323245850611867447e-01,-1.967382849612063778e-01,-1.083752754312607841e-01,-1.567001951211454136e-01
-8.670822807142315458e-01,-8.545609256703891321e-02,3.806531118456816243e-01,-6.075378041897754322e-01,-2.065060369508714688e-01,6.781132005265048113e-01,9.991728534373037762e-01,-3.923828273143907808e-01,-3.852501044143277209e-01,-5.765111323270721844e-01,-1.039880378273070477e-02,4.195583958172350858e-01,-5.913596639908144104e-01,7.580289885216688894e-01,1.938152612935824526e-01,8.099755866988657127e-01,-7.098011198821940759e-01,-9.774441600000000063e-01,8.020012557839362177e-01,-2.057602249580305076e-02,-6.252242075967519019e-01,-3.066873267502921441e-01,7.542319805181335601e-01,4.185544993320977070e-01,-1.051858594492721261e-01,-7.105068638271290205e-01,6.618372873394773315e-02,-1.315753388226564291e-01,-1.015548547134904195e-01,1.000000000000000000e+00,-6.311638715668114186e-01,-1.273350278811031799e-01,1.732270172001063868e-01,4.978654884856745233e-01,2.879526574533306654e-02,6.936118066078171551e-02,4.683533627782350550e-02,-9.250184029192541624e-02,6.689349001471495137e-01
4.754948018536585552e-01,1.779400452252543618e-01,1.253055066176369386e-02,4.039588027170910034e-01,-3.906808899804807833e-01,-6.491011920689278014e-01,-6.184467626467887724e-01,-7.283644956257842584e-03,2.857783783018637974e-02,1.603066387127048686e-01,8.186628734631655469e-02,-7.063300054422868568e-01,4.331441197284581213e-01,-9.369055028642071792e-02,2.889376652997152073e-01,-5.809259683701527566e-01,5.012785856452330879e-01,5.012427600000000094e-01,-1.753456007801696137e-01,-1.480008469966133111e-01,6.498330509559114843e-01,-4.132373396497788787e-01,-7.844901549410665531e-01,-2.591157332805879565e-01,6.559687440250601131e-01,7.441699523292162333e-01,-6.133007398342753547e-01,1.454253571519881771e-01,-6.410652289431548190e-02,-6.311638715668114186e-01,1.000000000000000000e+00,-8.254557225749850624e-02,-6.053022387191377973e-01,-1.398827462986746428e-01,-6.173681785894562513e-01,4.568114344518315884e-01,1.364370559065336552e-01,-3.849692775523785304e-01,-2.154042088000680255e-01
2.057618796081353563e-01,-5.357657097429472381e-01,1.888311974681165240e-01,-2.025310695653744220e-01,2.935603812185441641e-01,-1.389294814609959849e-01,-1.467415514579121505e-01,5.469701651319123226e-01,6.657476452346967610e-01,-1.402874869445458472e-01,-9.396513419296489977e-02,3.338914652292642171e-01,7.075455882335601743e-01,-2.613378323178161544e-01,1.366282646760855479e-01,-1.839455272244246431e-01,3.151430118387045787e-01,1.482177200000001083e-01,-1.386167466602628850e-01,4.207133454622875024e-01,3.506664519718745709e-01,5.234591504615695307e-02,-1.287896612975482080e-01,6.699360600211221040e-02,5.908293742408012028e-02,2.844604979024929481e-01,4.761600360657625153e-02,-5.519497668073578556e-01,5.633016579703661320e-01,-1.273350278811031799e-01,-8.254557225749850624e-02,1.000000000000000000e+00,6.933207129535186308e-02,-7.116608810916210670e-01,1.113452218944596672e-01,1.631066522627601378e-02,2.497094608416938200e-01,-3.504415533227073221e-01,1.256196531312379072e-01
1.311804057870624880e-02,-1.881507581855464128e-01,-1.064325554484705783e-01,-4.449736890002363721e-01,2.231947604509241789e-01,6.972345083701408930e-02,1.502130025217685017e-01,2.087451014319118836e-01,1.692791608324879793e-01,-1.917015002902050791e-01,4.855102263888108061e-01,3.468828301730857988e-01,-3.024773580612805102e-01,-2.045464742694909355e-01,-4.615050723262806298e-01,-1.124495877665050436e-01,-5.700006088583271513e-01,-1.952858000000001759e-02,-2.588546971964882926e-01,2.050058690746188184e-01,-4.960961374756908682e-01,5.712561312368256150e-01,7.022571590131043706e-01,5.939338971135861289e-01,-5.796023599779356328e-01,-5.569697990784537867e-01,7.739793086953761225e-01,8.341121586640729002e-02,4.642065841676852878e-01,1.732270172001063868e-01,-6.053022387191377973e-01,6.933207129535186308e-02,1.000000000000000000e+00,-7.245820470427732918e-02,5.491346891998372115e-01,-4.028026989789273982e-01,-2.969246288131856537e-01,5.519988273944180790e-01,-4.053747152210798177e-01
-3.521987532460136849e-01,3.441381704089013782e-01,1.839528596648102102e-02,-3.252609740369239999e-01,-5.643348323978887304e-01,2.398993779284155914e-01,4.990349302139668319e-01,-2.799752658015882134e-01,-3.271815676242743054e-01,-1.291709325830406041e-01,2.400556665738168838e-01,-1.851595852024497113e-01,-6.243877240742597978e-01,4.657426753575610312e-01,-1.007164058917137291e-02,3.069471908707999130e-01,-4.329283098701575128e-01,-4.938708800000000121e-01,4.197827655572909378e-01,-3.364126155023098308e-01,-2.760097615760837564e-01,-2.652084334010413880e-01,3.435648327404585700e-01,2.700402540188964196e-01,-6.870362409591924957e-02,-4.393907366835886896e-01,5.962537125371232018e-03,-9.037955860236465688e-02,-2.576838039410823122e-01,4.978654884856745233e-01,-1.398827462986746428e-01,-7.116608810916210670e-01,-7.245820470427732918e-02,1.000000000000000000e+00,-4.270804459353361171e-01,5.699475628839766050e-02,-5.344285351111859317e-01,5.999187864601050746e-02,3.768640425268705574e-01
-1.791012094359517581e-01,-6.441258614971057117e-02,-4.428702710598498293e-01,3.081214888892960246e-01,8.666555616836431053e-01,4.990183773751200591e-01,2.778389769415651189e-02,7.096121913043351714e-02,-8.257245711378818909e-02,8.286371797579707155e-02,-4.007323142032944707e-01,3.922002077027516576e-01,-2.983832069438421275e-01,-2.452501245655674678e-01,-6.114998031775533693e-01,2.778742685209913410e-01,-6.484531666379172998e-02,1.037048199999999198e-01,-3.832281247506848509e-01,4.564143558012294100e-01,-6.115518237413679614e-01,7.184768946084466590e-01,3.639512097488850073e-01,-3.727100115009029935e-02,-7.305584849535075032e-01,-2.504970962381624089e-01,6.621950255470108182e-01,3.064710280913220952e-01,-1.008699192250689380e-01,2.879526574533306654e-02,-6.173681785894562513e-01,1.113452218944596672e-01,5.491346891998372115e-01,-4.270804459353361171e-01,1.000000000000000000e+00,-2.912537897196504355e-01,2.091399855084352666e-01,7.317274555063637553e-01,-2.972472674275706273e-01
-2.487326711038762850e-01,-1.748554966282624967e-01,2.590086073025656827e-02,1.803457483142885953e-01,-1.732218471659423553e-01,-5.026816272418917209e-03,7.951501936848220931e-02,-1.512077499811654846e-01,-2.388434224052902732e-01,-4.396226083222423697e-01,-3.119019987336005828e-01,-3.706068013377941117e-01,-1.115116906733712304e-01,3.644762803038267274e-01,-2.725169014308089291e-02,5.402661411619198023e-02,4.548318497373859959e-02,-1.243008199999999785e-01,2.057529045336991269e-01,3.804627844150447191e-01,-8.520100689237539160e-02,-4.929605753996713080e-01,-8.089823348473455800e-02,1.900803258347742997e-01,2.939838092384761126e-01,3.245480426611615510e-01,-3.043054294824226180e-01,4.211117032111667130e-02,-1.323245850611867447e-01,6.936118066078171551e-02,4.568114344518315884e-01,1.631066522627601378e-02,-4.028026989789273982e-01,5.699475628839766050e-02,-2.912537897196504355e-01,1.000000000000000000e+00,1.591061327506232415e-01,-1.128431766252983581e-01,2.323034869734179886e-01
-2.434560952486687913e-01,6.249284842920191374e-02,1.719457225589029470e-01,3.006673060945478371e-01,3.036391267120404081e-01,2.214130241157843959e-01,6.420294001978746334e-02,-3.252027185770534068e-01,-2.438094254700644281e-01,-1.039179007488361811e-01,-4.339159310822047200e-01,-1.560582879788375427e-05,1.874457267548119699e-01,2.941991138262637917e-01,3.116801958392705352e-01,2.919672281360154997e-01,1.893708648863924315e-01,-1.178786200000000450e-01,2.155300533586076150e-01,1.834528812709080581e-01,-1.647781152401023991e-02,-1.682626577982585803e-01,-2.419367795285082556e-01,-3.139273228195225696e-01,2.879949527634936834e-01,2.855502609829501659e-01,-3.583069843201278082e-01,2.375675272056395892e-01,-1.967382849612063778e-01,4.683533627782350550e-02,1.364370559065336552e-01,2.497094608416938200e-01,-2.969246288131856537e-01,-5.344285351111859317e-01,2.091399855084352666e-01,1.591061327506232415e-01,1.000000000000000000e+00,-2.524738236380855705e-01,1.426251576132471499e-01
-5.244869031404168769e-02,2.422394879142537316e-01,-7.281634828890539701e-01,3.548039780533575049e-01,5.861693846090354487e-01,3.655093016396595562e-01,-9.746277709636397280e-02,1.554748163862716415e-01,-9.303417968527406823e-02,9.268752791753363807e-02,-1.719471632746236156e-01,-7.254906200444051489e-02,-5.896269629070484131e-01,-2.419822984805803656e-01,-9.243344230897559965e-01,3.707263425145206764e-02,-9.677540493175318392e-02,2.558572400000000968e-01,-5.721770625475806060e-01,4.356429335747057374e-01,-6.366247140949120586e-01,7.182050086991811355e-01,3.363163757017136879e-01,1.913982862553358921e-01,-8.590778798100631164e-01,-2.060689487342015902e-01,8.143950300290164757e-01,3.094653787502619213e-01,-1.083752754312607841e-01,-9.250184029192541624e-02,-3.849692775523785304e-01,-3.504415533227073221e-01,5.519988273944180790e-01,5.999187864601050746e-02,7.317274555063637553e-01,-1.128431766252983581e-01,-2.524738236380855705e-01,1.000000000000000000e+00,-3.957639188421330223e-01
-6.449621405349725833e-01,1.827711471034582646e-01,1.540653617945050569e-01,-2.938978581238638199e-01,-1.600659845574372298e-01,6.091310049260205695e-01,6.678917522691018016e-01,1.302282577905990515e-02,-6.010820378150748180e-04,-2.553446531958137311e-01,-3.262345650475207415e-01,1.125446342702953462e-01,-1.661933207042878002e-01,6.940134129538810814e-01,3.151232455249961539e-01,6.809470974657625408e-01,3.483581558669790468e-04,-6.879363800000000140e-01,6.262494902910645811e-01,8.980691419416973742e-02,-1.355829987937047509e-01,-3.805875832233679423e-01,9.800039623876292960e-02,5.733828707792075485e-02,5.111513369512851734e-02,-1.569142572127021629e-01,-1.805232353636277709e-01,-5.524055706459436443e-01,-1.567001951211454136e-01,6.689349001471495137e-01,-2.154042088000680255e-01,1.256196531312379072e-01,-4.053747152210798177e-01,3.768640425268705574e-01,-2.972472674275706273e-01,2.323034869734179886e-01,1.426251576132471499e-01,-3.957639188421330223e-01,1.000000000000000000e+00
