1.0,-0.19835396884895193,-0.80783259074063229,0.55691587499188444,-0.047400413813154671,-0.067792700786178939,0.61808437424925977,0.45548387039917232,-0.62701618453084296,0.13999177128855847,0.51476849870077013,-0.23865195208461221,0.62589305999999989,0.58110979421587838,0.61682909189817647,-0.091231056803667984,0.43027381036415224,-0.160962165074093,-0.0043492583030952979,-0.16780027072439904,0.59625000884124812,0.001777432802424983,-0.19015765705370805,-0.09219228969403534,0.38379893739744325,0.0089497966038408865,-0.11566442713294227,0.20788649940068482,0.37792634550937487,-0.072867413964923827,0.31454912490857551,-0.60722866966023403,0.067840117038766065,-0.50311277181306635,-0.40300578609257137,-0.45832805331437571,0.35056968511429171,0.69924628233729469,0.063139691804184675
-0.19835396884895193,1.0,0.17446212642496262,-0.2311342673580884,0.19511034525390356,0.16483112971231059,-0.27200115136947722,0.45128551512097664,0.69836119288819476,-0.8705526612523532,0.30657625263914745,0.29375893957922461,-0.69416548,-0.54890717062785577,0.19365108524168614,0.44468670519303599,0.34791919562220708,0.87977830927815937,-0.19812429006656546,-0.38169671540194794,0.62023974982960728,-0.53178226180418697,0.74893957515970211,-0.27978746774697416,-0.68196165805797471,0.573771439148271,-0.27624570358503475,0.90342742716808422,0.21690977105052028,-0.55969913033421093,0.2858520584272517,-0.0087485249943985433,0.76831831271433948,0.26366759844467852,0.8026549604449259,0.84199201666903167,-0.90300231102035977,-0.11084993380558281,-0.66289655057798014
-0.80783259074063229,0.17446212642496262,1.0,-0.11727511722021988,0.26883819918145629,-0.046034189744413971,-0.38543020369642256,-0.40216319461610978,0.70833715708547695,-0.20701946316912828,-0.16665806018103119,0.43143348252976055,-0.62082400000000004,-0.68132074009489996,-0.70538259830566075,-0.19395982808225115,-0.50758355349560436,0.1018740942642031,0.34102007323319139,0.21645109153929887,-0.54822626292782461,0.28705005863838468,0.27386693763691022,-0.045657907675301333,-0.43461878125249676,0.34565739382396032,0.28413304531551858,-0.23210271101229679,-0.13416933269661424,-0.12557755394115427,-0.0094976920890687822,0.72387727800024626,-0.01388543357484498,0.53128793056911283,0.22508895085255409,0.44120393935477425,-0.34075759816966827,-0.66720619451437579,-0.034371228174328236
0.55691587499188444,-0.2311342673580884,-0.11727511722021988,1.0,0.40631213266659572,-0.44345226426562329,0.72184567741267724,-0.054661277999006247,-0.22951903962612319,-0.056134754209894389,0.62798483317663722,-0.10891351367772489,0.15330077999999991,0.10549091022979178,-0.12396607659762454,-0.32273062288136878,-0.21647771894752446,-0.13794639426987373,0.54292711792659953,-0.028880082844652114,0.12579433271690721,0.45489731400313349,0.077998590637471429,-0.44075738090068672,-0.049737711623470446,0.51774912217557867,0.29282569822300625,-0.1093643947076024,0.54778221060055698,-0.35126018575430645,0.23459942709246198,0.089248217290874954,0.16165193069453401,0.0087059092942374516,-0.3956486379479085,-0.14979971457411503,0.35553917587228484,0.067510048883095863,0.28225719304324826
-0.047400413813154671,0.19511034525390356,0.26883819918145629,0.40631213266659572,1.0,-0.40936919737486288,0.17757557940802182,-0.17604082236537708,0.099217529920404959,-0.37107621856249851,0.4921962766777811,0.21505476381512736,-0.35712630000000001,-0.3529357885896135,-0.23237127854770667,-0.08011987892648309,-0.21207510290050369,0.48612195009503378,0.30796145546195047,0.085544285164763839,0.06275691713601983,0.034831119336292113,0.40050655838220178,-0.56567080574933515,-0.42890557347535158,0.46696876874604276,0.21194594699457406,0.14194624339837902,0.75032014025726446,-0.16719306811757007,-0.27119579801302063,0.73019182096942226,0.39052712508475346,0.045349187498443175,0.092418588421512848,0.34620425188611825,-0.010840434611271557,-0.33809082306282157,-0.1904321655019697
-0.067792700786178939,0.16483112971231059,-0.046034189744413971,-0.44345226426562329,-0.40936919737486288,1.0,-0.47071301924185416,0.70252516317686209,0.34184975463031597,0.26035227289854879,-0.28041490898417187,0.45206958336363628,0.34904241999999996,0.084280512805324254,0.62429800138379576,-0.28146276628823974,0.72566866509093264,-0.15034516745414589,-0.60658620116978756,0.026350116555901363,0.23723422025894941,0.21400607409489483,-0.22509008024859647,0.83864070564837523,0.52049959080470687,-0.43392823373140571,-0.061843992649305499,0.20108019460018811,-0.45863976743155932,0.41871800572554196,0.18695576944424663,-0.3849553292332159,-0.41999341211172414,-0.37805944506505645,-0.018688173622153387,-0.27545262899019052,-0.46310420198273905,0.64144056724652987,-0.43743566037203574
0.61808437424925977,-0.27200115136947722,-0.38543020369642256,0.72184567741267724,0.17757557940802182,-0.47071301924185416,1.0,-0.021445313037929369,-0.42356178315542953,-0.089106458034105399,0.25217215593358971,-0.14747616970666097,0.19916254000000011,0.57002648976829173,-0.053792677697831963,0.14882948195525889,-0.26439632873330321,-0.16588207349777853,0.20073150530054845,-0.2610256496407668,0.10252734923247371,0.11960369298657794,0.16151075668426715,-0.28356959353013456,0.024870228612471266,0.31967949337817914,0.040451984249380915,-0.087160453894463918,0.6178912178486069,-0.47288156194897973,0.18690801006529717,-0.13250491594379515,0.27841899788653424,0.22843733289555393,-0.1159871183385838,-0.16303929079028034,0.53943598665452031,0.068333400625203253,0.51416458353091832
0.45548387039917232,0.45128551512097664,-0.40216319461610978,-0.054661277999006247,-0.17604082236537708,0.70252516317686209,-0.021445313037929369,1.0,0.2008682544825956,-0.16142611641976948,0.29052858842608537,0.32007199754045734,0.28260799999999997,0.15486603101140722,0.86221491015168383,-0.076139278721170975,0.88421678600491749,0.21704507813776761,-0.5364515514461663,-0.22601158434479351,0.7927829019518734,-0.061856773246197427,0.120238644554548,0.3837329657398304,0.27865022653034716,0.014838774614178209,-0.21645672477517214,0.664901443632538,0.073590510636644249,-0.041274370963891145,0.48422489342400954,-0.56197192471526236,0.12128695691234367,-0.39536845169571888,0.11426212176237002,-0.069929940855659692,-0.51274164415506784,0.79442951610412471,-0.52186452913817716
-0.62701618453084296,0.69836119288819476,0.70833715708547695,-0.22951903962612319,0.099217529920404959,0.34184975463031597,-0.42356178315542953,0.2008682544825956,1.0,-0.56243777651596549,0.0033707064322318504,0.48241175165288386,-0.68886848000000001,-0.70732759088443131,-0.21042956878802505,-0.00055239419422035486,0.023284409423711322,0.44727566051994899,-0.063160855914137906,-0.11141320184546007,0.046515301271015594,0.015094611402628744,0.55632199181477981,0.041897303436565662,-0.51912392757857317,0.49738535726873995,0.036338845082061172,0.38067854840683735,-0.13836129575115672,-0.3639824379979153,0.23225531690591072,0.31923244160173841,0.30645708760842455,0.47202857039182855,0.56621907662976012,0.66898056423264329,-0.84552797167007165,-0.30940241209046071,-0.37974500655362259
0.13999177128855847,-0.8705526612523532,-0.20701946316912828,-0.056134754209894389,-0.37107621856249851,0.26035227289854879,-0.089106458034105399,-0.16142611641976948,-0.56243777651596549,1.0,-0.36482191704409178,-0.20588659321230526,0.82935661999999999,0.46102296449621999,0.13070960166041043,-0.5606520543693857,0.055416538977853244,-0.86993324016705409,-0.13603133807979198,0.31519999942786631,-0.44885186555306894,0.54773228774988647,-0.92263477942162786,0.59469626305435475,0.8822689538029721,-0.78747438472947895,0.14924471992634705,-0.74865839960436709,-0.454063005799418,0.84348601424416481,-0.25560434086559625,-0.17160446360712958,-0.95191005678229945,-0.56061195679058695,-0.8291705457423495,-0.93180016245163622,0.63260457472540266,0.3974681869224162,0.31849811355532209
0.51476849870077013,0.30657625263914745,-0.16665806018103119,0.62798483317663722,0.4921962766777811,-0.28041490898417187,0.25217215593358971,0.29052858842608537,0.0033707064322318504,-0.36482191704409178,1.0,-0.17474144662312779,-0.06514076000000002,-0.36071763890614589,0.21625337304316952,-0.27753776069374569,0.23473368141519763,0.3847892530398882,0.25330900744527324,-0.11385709246026796,0.62242456616978481,0.015738512155497601,0.2665877369173556,-0.63010310811015546,-0.28427926893089062,0.65336716159856156,0.089825339594467715,0.45231307533910692,0.5662125229649132,-0.3055984743554474,0.34039566418545192,0.063676942751454121,0.43105850854468097,-0.30079954341712489,-0.18125357149419258,0.18183474437933489,-0.18505258924413986,0.19047610082269686,-0.29676335291749251
-0.23865195208461221,0.29375893957922461,0.43143348252976055,-0.10891351367772489,0.21505476381512736,0.45206958336363628,-0.14747616970666097,0.32007199754045734,0.48241175165288386,-0.20588659321230526,-0.17474144662312779,1.0,-0.17993583999999996,-0.077511713721813189,0.05376294924098915,-0.063604398621936051,0.15202873613028706,0.17364092681576204,0.043220569144017063,0.24167675735445651,-0.0059453785895099299,0.13094470445182546,0.26918450810419198,0.36625647198225775,-0.057495543862257213,0.096673839473475021,0.18257767130320257,0.17433426101561056,0.10915162558622651,-0.084737764775505292,0.36182424957020431,0.1973318003900365,0.040745122318406435,0.20203044648018059,0.3177755353208338,0.18262402083596974,-0.37370519516349876,0.036912321659026026,-0.35840449058740326
0.62589305999999989,-0.69416548,-0.62082400000000004,0.15330077999999991,-0.35712630000000001,0.34904241999999996,0.19916254000000011,0.28260799999999997,-0.68886848000000001,0.82935661999999999,-0.06514076000000002,-0.17993583999999996,1.0,0.69982648000000003,0.56239020000000006,-0.46767444000000002,0.41555853999999992,-0.72065311999999992,-0.25034825999999999,0.14829541999999996,0.050070580000000087,0.41184916000000005,-0.78287430000000002,0.54935611999999989,0.94640802000000002,-0.66727113999999998,0.026404279999999947,-0.37489234000000005,-0.18699188,0.64303806000000008,-0.0062940999999999692,-0.51865844000000005,-0.71083454000000001,-0.73239403999999997,-0.78336581999999999,-0.96410896000000001,0.56398868000000002,0.78793387999999998,0.19440071999999997
0.58110979421587838,-0.54890717062785577,-0.68132074009489996,0.10549091022979178,-0.3529357885896135,0.084280512805324254,0.57002648976829173,0.15486603101140722,-0.70732759088443131,0.46102296449621999,-0.36071763890614589,-0.077511713721813189,0.69982648000000003,1.0,0.3663693751935449,0.16989503850678292,0.12210426776000108,-0.51095826973559322,-0.22194454856405232,-0.06171168559385095,-0.0071700017776228087,0.042726366497448202,-0.37056549535485905,0.41947306887278968,0.64778445820797725,-0.5451560700528234,-0.13809839454845085,-0.26075282339877204,0.047205577776269908,0.16009929120182784,-0.04463485536442259,-0.55615764973251036,-0.28457632858181459,-0.17958201588441025,-0.25756583933914745,-0.64750986072655048,0.64871549158239605,0.48566315823899164,0.43224954085779443
0.61682909189817647,0.19365108524168614,-0.70538259830566075,-0.12396607659762454,-0.23237127854770667,0.62429800138379576,-0.053792677697831963,0.86221491015168383,-0.21042956878802505,0.13070960166041043,0.21625337304316952,0.05376294924098915,0.56239020000000006,0.3663693751935449,1.0,-0.041792166054453142,0.95854864657988281,0.068925438891223489,-0.60025628041743029,-0.22492767565758259,0.77390469838164277,-0.14398199691776128,-0.21127755074958254,0.40150231997042413,0.49920786456429217,-0.32075240919425557,-0.31941201053435098,0.532558161238323,0.014857887267716134,0.27021926948998448,0.21486665026508489,-0.70373950402555474,-0.065796654108034314,-0.71362672215984202,-0.10828262681581236,-0.33851148176760987,-0.22384711854920833,0.91947874996377432,-0.49135152633976814
-0.091231056803667984,0.44468670519303599,-0.19395982808225115,-0.32273062288136878,-0.08011987892648309,-0.28146276628823974,0.14882948195525889,-0.076139278721170975,-0.00055239419422035486,-0.5606520543693857,-0.27753776069374569,-0.063604398621936051,-0.46767444000000002,0.16989503850678292,-0.041792166054453142,1.0,-0.09925772708786379,0.51206099161101837,-0.18465742825587306,-0.49152496735604628,0.19391926377692759,-0.74350079788290613,0.47463261273613722,-0.25026178315436176,-0.48806885054410531,0.11378752028514097,-0.51910322311279711,0.44246314536237297,0.1914765179436568,-0.51149667798192577,-0.091267911041871569,-0.20460665875285805,0.6603634969328348,0.47922247989003464,0.79152311434062517,0.55705637869362878,-0.14934567901584681,-0.32213307837277511,-0.050887002214346694
0.43027381036415224,0.34791919562220708,-0.50758355349560436,-0.21647771894752446,-0.21207510290050369,0.72566866509093264,-0.26439632873330321,0.88421678600491749,0.023284409423711322,0.055416538977853244,0.23473368141519763,0.15202873613028706,0.41555853999999992,0.12210426776000108,0.95854864657988281,-0.09925772708786379,1.0,0.16869895051678344,-0.62068442042355598,-0.23359796844196615,0.77549559263333301,-0.11707234735521452,-0.1643570534407669,0.42050185344235108,0.39452864719091496,-0.23990600937312706,-0.31142358582810314,0.60637014456687277,-0.068751741314648757,0.28483797897205637,0.26162004233037467,-0.61155311842946236,-0.054756705479460328,-0.68820816196832257,-0.031901186720651557,-0.20280234899913854,-0.44445816933302357,0.85298039291027028,-0.66540096766756007
-0.160962165074093,0.87977830927815937,0.1018740942642031,-0.13794639426987373,0.48612195009503378,-0.15034516745414589,-0.16588207349777853,0.21704507813776761,0.44727566051994899,-0.86993324016705409,0.3847892530398882,0.17364092681576204,-0.72065311999999992,-0.51095826973559322,0.068925438891223489,0.51206099161101837,0.16869895051678344,1.0,-0.066665361956897318,-0.30741233777896015,0.5392296296562501,-0.65795506530241488,0.76227209873192803,-0.54225917902177401,-0.75715463510625769,0.55728805244433832,-0.24597446735412817,0.81351649850394558,0.46057676477219206,-0.51964616565068522,0.027696309754945039,0.21203067167569678,0.84606101449192495,0.22958858279403052,0.75567211838197601,0.85052754467304748,-0.65343609237758526,-0.27812198539169308,-0.61633399873431161
-0.0043492583030952979,-0.19812429006656546,0.34102007323319139,0.54292711792659953,0.30796145546195047,-0.60658620116978756,0.20073150530054845,-0.5364515514461663,-0.063160855914137906,-0.13603133807979198,0.25330900744527324,0.043220569144017063,-0.25034825999999999,-0.22194454856405232,-0.60025628041743029,-0.18465742825587306,-0.62068442042355598,-0.066665361956897318,1.0,0.49916101910441973,-0.33830380216807837,0.16228259258370639,0.16480537492534858,-0.53629425720761825,-0.37241601937726537,0.39989834052768458,0.49701414135322936,-0.31194652858304905,0.14177684198817153,-0.33119445128957875,0.10219298965288007,0.37564360762808796,0.12112522993622291,0.31693579013068063,-0.16272864925789862,0.13757815666909357,0.26278927229181881,-0.47154522498070944,0.37054166666273392
-0.16780027072439904,-0.38169671540194794,0.21645109153929887,-0.028880082844652114,0.085544285164763839,0.026350116555901363,-0.2610256496407668,-0.22601158434479351,-0.11141320184546007,0.31519999942786631,-0.11385709246026796,0.24167675735445651,0.14829541999999996,-0.06171168559385095,-0.22492767565758259,-0.49152496735604628,-0.23359796844196615,-0.30741233777896015,0.49916101910441973,1.0,-0.44096520257192151,0.2352081512533962,-0.23048240997070135,0.084724770600837648,0.17924135935113744,-0.27926429788023532,0.62092562881571978,-0.46276875542860774,-0.27319492778647192,0.35988070507525849,-0.057275836038887529,0.34597777232119192,-0.43524341708630027,-0.10515319823242716,-0.3615725972420068,-0.26706767126726927,0.24060300007348945,-0.095944986793758444,0.26878882691598449
0.59625000884124812,0.62023974982960728,-0.54822626292782461,0.12579433271690721,0.06275691713601983,0.23723422025894941,0.10252734923247371,0.7927829019518734,0.046515301271015594,-0.44885186555306894,0.62242456616978481,-0.0059453785895099299,0.050070580000000087,-0.0071700017776228087,0.77390469838164277,0.19391926377692759,0.77549559263333301,0.5392296296562501,-0.33830380216807837,-0.44096520257192151,1.0,-0.37278763280370331,0.30934139075471168,-0.16629878790310937,-0.10506129270616252,0.30527186420057995,-0.32246307614554975,0.88478096845445409,0.37402939066738983,-0.28709593843499187,0.40409927971536802,-0.52445761192097462,0.52314727661128191,-0.38113335289269795,0.23496970767438419,0.20852524433614544,-0.48718723478567455,0.5845637543827642,-0.60372312699858099
0.001777432802424983,-0.53178226180418697,0.28705005863838468,0.45489731400313349,0.034831119336292113,0.21400607409489483,0.11960369298657794,-0.061856773246197427,0.015094611402628744,0.54773228774988647,0.015738512155497601,0.13094470445182546,0.41184916000000005,0.042726366497448202,-0.14398199691776128,-0.74350079788290613,-0.11707234735521452,-0.65795506530241488,0.16228259258370639,0.2352081512533962,-0.37278763280370331,1.0,-0.39982898003383038,0.36095914592167178,0.46941060827991654,-0.086412249554051981,0.45814592877829236,-0.57659655760589967,-0.098324801689426894,0.33969183539134307,0.080388359337412507,0.19952485278380094,-0.61886865769756527,-0.16501295131987578,-0.65226596429107075,-0.53794896347759025,0.27025853342128281,0.17799682569386224,0.26129229094609202
-0.19015765705370805,0.74893957515970211,0.27386693763691022,0.077998590637471429,0.40050655838220178,-0.22509008024859647,0.16151075668426715,0.120238644554548,0.55632199181477981,-0.92263477942162786,0.2665877369173556,0.26918450810419198,-0.78287430000000002,-0.37056549535485905,-0.21127755074958254,0.47463261273613722,-0.1643570534407669,0.76227209873192803,0.16480537492534858,-0.23048240997070135,0.30934139075471168,-0.39982898003383038,1.0,-0.5028001479797618,-0.79747386983474233,0.73059660590957864,0.071937891682365737,0.59899775637498454,0.50739288167554786,-0.83977820501972222,0.20412235761852343,0.26587125357577401,0.8553609283662359,0.62462494994980566,0.78171963568000047,0.84886721453324132,-0.5354047058326501,-0.42464173427777352,-0.19629548795267759
-0.09219228969403534,-0.27978746774697416,-0.045657907675301333,-0.44075738090068672,-0.56567080574933515,0.83864070564837523,-0.28356959353013456,0.3837329657398304,0.041897303436565662,0.59469626305435475,-0.63010310811015546,0.36625647198225775,0.54935611999999989,0.41947306887278968,0.40150231997042413,-0.25026178315436176,0.42050185344235108,-0.54225917902177401,-0.53629425720761825,0.084724770600837648,-0.16629878790310937,0.36095914592167178,-0.5028001479797618,1.0,0.75201385788624397,-0.70006267245221965,-0.041341161823924791,-0.24664143286556184,-0.55141949697986503,0.56260702062889389,0.04364446655521536,-0.38272874819489394,-0.69368825133740708,-0.2693487007897189,-0.20289943345912237,-0.56320229863175009,-0.016550821094811534,0.53426645852610166,-0.052433695586368199
0.38379893739744325,-0.68196165805797471,-0.43461878125249676,-0.049737711623470446,-0.42890557347535158,0.52049959080470687,0.024870228612471266,0.27865022653034716,-0.51912392757857317,0.8822689538029721,-0.28427926893089062,-0.057495543862257213,0.94640802000000002,0.64778445820797725,0.49920786456429217,-0.48806885054410531,0.39452864719091496,-0.75715463510625769,-0.37241601937726537,0.17924135935113744,-0.10506129270616252,0.46941060827991654,-0.79747386983474233,0.75201385788624397,1.0,-0.77942837196845838,0.0107748722351223,-0.45190440447312241,-0.35004315526221824,0.73601012345418382,-0.089484880464214545,-0.43261747681383178,-0.83254419947992209,-0.65073701177948151,-0.71082020104333865,-0.94873565296352669,0.46746259651511068,0.72859940945698798,0.17390956453111464
0.0089497966038408865,0.573771439148271,0.34565739382396032,0.51774912217557867,0.46696876874604276,-0.43392823373140571,0.31967949337817914,0.014838774614178209,0.49738535726873995,-0.78747438472947895,0.65336716159856156,0.096673839473475021,-0.66727113999999998,-0.5451560700528234,-0.32075240919425557,0.11378752028514097,-0.23990600937312706,0.55728805244433832,0.39989834052768458,-0.27926429788023532,0.30527186420057995,-0.086412249554051981,0.73059660590957864,-0.70006267245221965,-0.77942837196845838,1.0,0.088797430850207096,0.44957923731559363,0.54880167250163658,-0.81580087762547027,0.4311152048424986,0.30763770512586597,0.75706140144900969,0.4913626306458983,0.3842546716390477,0.70187021407644434,-0.40495097044147343,-0.38791366286522566,-0.12973765759054265
-0.11566442713294227,-0.27624570358503475,0.28413304531551858,0.29282569822300625,0.21194594699457406,-0.061843992649305499,0.040451984249380915,-0.21645672477517214,0.036338845082061172,0.14924471992634705,0.089825339594467715,0.18257767130320257,0.026404279999999947,-0.13809839454845085,-0.31941201053435098,-0.51910322311279711,-0.31142358582810314,-0.24597446735412817,0.49701414135322936,0.62092562881571978,-0.32246307614554975,0.45814592877829236,0.071937891682365737,-0.041341161823924791,0.0107748722351223,0.088797430850207096,1.0,-0.37486320835639553,0.11930806200394731,0.061008668071577898,0.12832215545178571,0.37168042761391246,-0.23289303384777646,0.051245217498292014,-0.30864912519115695,-0.13693345532777049,0.18097404449315116,-0.15588575399815999,0.17883598797008055
0.20788649940068482,0.90342742716808422,-0.23210271101229679,-0.1093643947076024,0.14194624339837902,0.20108019460018811,-0.087160453894463918,0.664901443632538,0.38067854840683735,-0.74865839960436709,0.45231307533910692,0.17433426101561056,-0.37489234000000005,-0.26075282339877204,0.532558161238323,0.44246314536237297,0.60637014456687277,0.81351649850394558,-0.31194652858304905,-0.46276875542860774,0.88478096845445409,-0.57659655760589967,0.59899775637498454,-0.24664143286556184,-0.45190440447312241,0.44957923731559363,-0.37486320835639553,1.0,0.3362173837061242,-0.47702933572954082,0.34277258899709262,-0.30341907383082733,0.74450784116022128,-0.035019628401302849,0.63381445022432148,0.60337300118807402,-0.74807758135375046,0.23448191085697845,-0.69390955492059669
0.37792634550937487,0.21690977105052028,-0.13416933269661424,0.54778221060055698,0.75032014025726446,-0.45863976743155932,0.6178912178486069,0.073590510636644249,-0.13836129575115672,-0.454063005799418,0.5662125229649132,0.10915162558622651,-0.18699188,0.047205577776269908,0.014857887267716134,0.1914765179436568,-0.068751741314648757,0.46057676477219206,0.14177684198817153,-0.27319492778647192,0.37402939066738983,-0.098324801689426894,0.50739288167554786,-0.55141949697986503,-0.35004315526221824,0.54880167250163658,0.11930806200394731,0.3362173837061242,1.0,-0.44716524579527511,0.090215308407465528,0.27501609909776981,0.60066902225519492,0.075987017198787879,0.16960894425518944,0.27286668413165382,0.10385888320663327,-0.086011690984911363,-0.14577259899399564
-0.072867413964923827,-0.55969913033421093,-0.12557755394115427,-0.35126018575430645,-0.16719306811757007,0.41871800572554196,-0.47288156194897973,-0.041274370963891145,-0.3639824379979153,0.84348601424416481,-0.3055984743554474,-0.084737764775505292,0.64303806000000008,0.16009929120182784,0.27021926948998448,-0.51149667798192577,0.28483797897205637,-0.51964616565068522,-0.33119445128957875,0.35988070507525849,-0.28709593843499187,0.33969183539134307,-0.83977820501972222,0.56260702062889389,0.73601012345418382,-0.81580087762547027,0.061008668071577898,-0.47702933572954082,-0.44716524579527511,1.0,-0.3980186474031478,-0.0053754790524457863,-0.8494616363207248,-0.71416342205723138,-0.63409243648220148,-0.70692330856240782,0.30916561873179071,0.37354323670017991,-0.079177827984340532
0.31454912490857551,0.2858520584272517,-0.0094976920890687822,0.23459942709246198,-0.27119579801302063,0.18695576944424663,0.18690801006529717,0.48422489342400954,0.23225531690591072,-0.25560434086559625,0.34039566418545192,0.36182424957020431,-0.0062940999999999692,-0.04463485536442259,0.21486665026508489,-0.091267911041871569,0.26162004233037467,0.027696309754945039,0.10219298965288007,-0.057275836038887529,0.40409927971536802,0.080388359337412507,0.20412235761852343,0.04364446655521536,-0.089484880464214545,0.4311152048424986,0.12832215545178571,0.34277258899709262,0.090215308407465528,-0.3980186474031478,1.0,-0.38019602790236273,0.21694657948690987,0.092344661089753505,0.065218770803060544,0.09504369799916805,-0.3129271230273406,0.29111754502071074,-0.21172696129858293
-0.60722866966023403,-0.0087485249943985433,0.72387727800024626,0.089248217290874954,0.73019182096942226,-0.3849553292332159,-0.13250491594379515,-0.56197192471526236,0.31923244160173841,-0.17160446360712958,0.063676942751454121,0.1973318003900365,-0.51865844000000005,-0.55615764973251036,-0.70373950402555474,-0.20460665875285805,-0.61155311842946236,0.21203067167569678,0.37564360762808796,0.34597777232119192,-0.52445761192097462,0.19952485278380094,0.26587125357577401,-0.38272874819489394,-0.43261747681383178,0.30763770512586597,0.37168042761391246,-0.30341907383082733,0.27501609909776981,-0.0053754790524457863,-0.38019602790236273,1.0,0.066643315687501217,0.33923953375781157,0.06240278228773008,0.34815380172283195,0.021437903171271172,-0.71861150194225587,0.089154419536062124
0.067840117038766065,0.76831831271433948,-0.01388543357484498,0.16165193069453401,0.39052712508475346,-0.41999341211172414,0.27841899788653424,0.12128695691234367,0.30645708760842455,-0.95191005678229945,0.43105850854468097,0.040745122318406435,-0.71083454000000001,-0.28457632858181459,-0.065796654108034314,0.6603634969328348,-0.054756705479460328,0.84606101449192495,0.12112522993622291,-0.43524341708630027,0.52314727661128191,-0.61886865769756527,0.8553609283662359,-0.69368825133740708,-0.83254419947992209,0.75706140144900969,-0.23289303384777646,0.74450784116022128,0.60066902225519492,-0.8494616363207248,0.21694657948690987,0.066643315687501217,1.0,0.47518807361516391,0.75766876367549818,0.84022787389518006,-0.43931143932463368,-0.33860704057312302,-0.26346034528049667
-0.50311277181306635,0.26366759844467852,0.53128793056911283,0.0087059092942374516,0.045349187498443175,-0.37805944506505645,0.22843733289555393,-0.39536845169571888,0.47202857039182855,-0.56061195679058695,-0.30079954341712489,0.20203044648018059,-0.73239403999999997,-0.17958201588441025,-0.71362672215984202,0.47922247989003464,-0.68820816196832257,0.22958858279403052,0.31693579013068063,-0.10515319823242716,-0.38113335289269795,-0.16501295131987578,0.62462494994980566,-0.2693487007897189,-0.65073701177948151,0.4913626306458983,0.051245217498292014,-0.035019628401302849,0.075987017198787879,-0.71416342205723138,0.092344661089753505,0.33923953375781157,0.47518807361516391,1.0,0.6383557663894377,0.63220849100007881,-0.13788752755806252,-0.752707270401897,0.35093431113359447
-0.40300578609257137,0.8026549604449259,0.22508895085255409,-0.3956486379479085,0.092418588421512848,-0.018688173622153387,-0.1159871183385838,0.11426212176237002,0.56621907662976012,-0.8291705457423495,-0.18125357149419258,0.3177755353208338,-0.78336581999999999,-0.25756583933914745,-0.10828262681581236,0.79152311434062517,-0.031901186720651557,0.75567211838197601,-0.16272864925789862,-0.3615725972420068,0.23496970767438419,-0.65226596429107075,0.78171963568000047,-0.20289943345912237,-0.71082020104333865,0.3842546716390477,-0.30864912519115695,0.63381445022432148,0.16960894425518944,-0.63409243648220148,0.065218770803060544,0.06240278228773008,0.75766876367549818,0.6383557663894377,1.0,0.85945285152153472,-0.6201162939962378,-0.41727348866151881,-0.31344566018677333
-0.45832805331437571,0.84199201666903167,0.44120393935477425,-0.14979971457411503,0.34620425188611825,-0.27545262899019052,-0.16303929079028034,-0.069929940855659692,0.66898056423264329,-0.93180016245163622,0.18183474437933489,0.18262402083596974,-0.96410896000000001,-0.64750986072655048,-0.33851148176760987,0.55705637869362878,-0.20280234899913854,0.85052754467304748,0.13757815666909357,-0.26706767126726927,0.20852524433614544,-0.53794896347759025,0.84886721453324132,-0.56320229863175009,-0.94873565296352669,0.70187021407644434,-0.13693345532777049,0.60337300118807402,0.27286668413165382,-0.70692330856240782,0.09504369799916805,0.34815380172283195,0.84022787389518006,0.63220849100007881,0.85945285152153472,1.0,-0.66877122757563812,-0.61935222901923659,-0.33895989694970924
0.35056968511429171,-0.90300231102035977,-0.34075759816966827,0.35553917587228484,-0.010840434611271557,-0.46310420198273905,0.53943598665452031,-0.51274164415506784,-0.84552797167007165,0.63260457472540266,-0.18505258924413986,-0.37370519516349876,0.56398868000000002,0.64871549158239605,-0.22384711854920833,-0.14934567901584681,-0.44445816933302357,-0.65343609237758526,0.26278927229181881,0.24060300007348945,-0.48718723478567455,0.27025853342128281,-0.5354047058326501,-0.016550821094811534,0.46746259651511068,-0.40495097044147343,0.18097404449315116,-0.74807758135375046,0.10385888320663327,0.30916561873179071,-0.3129271230273406,0.021437903171271172,-0.43931143932463368,-0.13788752755806252,-0.6201162939962378,-0.66877122757563812,1.0,-0.0059200412510757531,0.69806470761756034
0.69924628233729469,-0.11084993380558281,-0.66720619451437579,0.067510048883095863,-0.33809082306282157,0.64144056724652987,0.068333400625203253,0.79442951610412471,-0.30940241209046071,0.3974681869224162,0.19047610082269686,0.036912321659026026,0.78793387999999998,0.48566315823899164,0.91947874996377432,-0.32213307837277511,0.85298039291027028,-0.27812198539169308,-0.47154522498070944,-0.095944986793758444,0.5845637543827642,0.17799682569386224,-0.42464173427777352,0.53426645852610166,0.72859940945698798,-0.38791366286522566,-0.15588575399815999,0.23448191085697845,-0.086011690984911363,0.37354323670017991,0.29111754502071074,-0.71861150194225587,-0.33860704057312302,-0.752707270401897,-0.41727348866151881,-0.61935222901923659,-0.0059200412510757531,1.0,-0.26499739669057448
0.063139691804184675,-0.66289655057798014,-0.034371228174328236,0.28225719304324826,-0.1904321655019697,-0.43743566037203574,0.51416458353091832,-0.52186452913817716,-0.37974500655362259,0.31849811355532209,-0.29676335291749251,-0.35840449058740326,0.19440071999999997,0.43224954085779443,-0.49135152633976814,-0.050887002214346694,-0.66540096766756007,-0.61633399873431161,0.37054166666273392,0.26878882691598449,-0.60372312699858099,0.26129229094609202,-0.19629548795267759,-0.052433695586368199,0.17390956453111464,-0.12973765759054265,0.17883598797008055,-0.69390955492059669,-0.14577259899399564,-0.079177827984340532,-0.21172696129858293,0.089154419536062124,-0.26346034528049667,0.35093431113359447,-0.31344566018677333,-0.33895989694970924,0.69806470761756034,-0.26499739669057448,1.0
