1.000000000000000000e+00,4.442949479669219270e-01,-1.870013200000000264e-01,5.460526694949575655e-01,-4.797225349586639598e-01,-3.384509884475891961e-01,5.393557379128555151e-01,-7.533593748304875382e-01,-2.826727758526317857e-01,-3.612073707554112612e-01,-4.549067401330986748e-01,5.998659842917546392e-01,-4.452578814947499297e-01,5.379931823716529449e-01,4.017144619966371843e-01,-2.043243649981297816e-01,-2.763720824411909915e-01,-5.294151459320860231e-02,5.014572947709703410e-01,-6.243366970818226003e-01,-3.851091038866363836e-01,6.876565831553761443e-01,7.289074039651399772e-01,-1.815905884311229401e-01,5.864308338968442502e-01,1.110981072837396999e-01,-6.538315386972542997e-02,-1.529504107052074846e-01,-4.538780057580433236e-01,-5.104820168965136240e-01,6.734401918201285420e-02,1.985848577988074404e-01,4.478685307257597170e-01,-6.467995808835490523e-01,-7.284631931380038117e-02,-3.269817844528645767e-01,5.223572427968901088e-01,-1.327008656298051259e-01,3.451828413757248026e-01
4.442949479669219270e-01,1.000000000000000000e+00,-6.474857400000000318e-01,7.651945681266082433e-01,-6.756953707974634460e-01,-3.008797507510376223e-01,3.135649778737188975e-01,-2.235663236272559251e-01,-2.400708671852876952e-01,4.104095487881126991e-01,2.974624661043629437e-01,7.739204190603995448e-01,-1.496279098065169677e-01,1.845903649630815657e-01,-4.377953247901513190e-01,-4.926552836884183321e-03,3.763510677320168196e-01,3.997143793162505898e-01,3.952366668111316761e-01,-3.062736286746106651e-01,-3.369191759680886800e-01,6.534832740276824703e-01,5.829300109239653471e-01,5.541076125204212914e-04,1.661538425832389532e-01,-2.155444672942762874e-01,1.726575500845912992e-01,-2.642902745024360844e-01,-7.346559184794995145e-01,-4.181917393522687210e-01,6.150470875750361222e-01,-1.884676946348246840e-01,5.868642755810384859e-01,6.238791247009826263e-02,3.855930737539084441e-01,-3.241472067004654845e-01,-1.533836524655001754e-01,-4.524208329938044226e-01,-3.228890949795499843e-01
-1.870013200000000264e-01,-6.474857400000000318e-01,1.000000000000000000e+00,-6.849739599999999928e-01,8.810317800000000421e-01,1.724713600000000735e-01,-3.204571800000000081e-01,-2.220707400000000442e-01,4.350844199999999162e-01,-5.645268800000000642e-01,-6.515093000000000689e-01,-5.185487399999999525e-01,-1.431010000000000337e-01,3.245969999999998024e-02,6.811183800000000232e-01,-4.761428000000000882e-02,-4.755972400000000322e-01,-7.557182399999999856e-01,-8.384091399999999972e-01,-2.715440199999999971e-01,2.322342000000010565e-02,-5.362457600000000157e-01,-5.348520999999999415e-01,-6.249644800000000444e-01,-1.758134199999999980e-01,4.055998800000000237e-01,-5.969682800000000178e-01,2.891874800000000523e-01,9.516312600000000899e-01,-1.335480000000000000e-02,-9.810319800000000257e-01,4.885443800000000003e-01,-4.827649400000000313e-01,-5.723651400000000500e-01,-5.397535199999999866e-01,5.180915999999990973e-02,6.705320599999999853e-01,6.249259799999999920e-01,-1.897140999999999966e-01
5.460526694949575655e-01,7.651945681266082433e-01,-6.849739599999999928e-01,1.000000000000000000e+00,-7.978383398684506522e-01,-7.541120355042012502e-01,5.197594441892135902e-02,-4.893292573050226357e-01,-4.665822881637721187e-01,4.407996173184541844e-01,4.442095476307823532e-01,4.439893548297141890e-01,1.814571871441014728e-01,-1.735362309487388510e-01,-3.611865617581347943e-01,3.097040351364605676e-02,4.931406066765364193e-01,2.168104145443597031e-01,6.045895546200128479e-01,-2.074368869759770917e-01,-1.849351852844339228e-01,5.289120708389131176e-01,4.794520982723295965e-01,2.458646236500487692e-02,-6.182675364371600923e-02,-1.659321474765937665e-01,3.642429748413362200e-01,2.545374188947137351e-02,-7.559717737354959555e-01,-6.167611331601009494e-01,7.050659717995519937e-01,-3.540856461546992295e-01,2.158862741870746782e-01,2.285373845868637552e-03,1.144836341416308051e-01,-6.508217458939252742e-01,-1.435188250537260679e-01,-2.781969645851397055e-01,-5.996393876375487320e-02
-4.797225349586639598e-01,-6.756953707974634460e-01,8.810317800000000421e-01,-7.978383398684506522e-01,1.000000000000000000e+00,3.645348222996973586e-01,-4.848534395626973859e-01,1.669856049238901408e-01,3.478176540995476240e-01,-2.946980929698831964e-01,-4.707641331447167676e-01,-6.152035945897144087e-01,-1.405007781887025187e-01,-4.565437885255003297e-04,4.199790124728302043e-01,-2.739586855422548317e-01,-2.565540141422135711e-01,-5.766207054771754770e-01,-7.978200535063120213e-01,9.238295247859593107e-02,4.130706755651997186e-02,-5.599723454528588995e-01,-6.751713054959795901e-01,-4.412790796383541658e-01,-1.766844875368161760e-01,2.605542028158644996e-01,-2.826062373922382798e-01,3.608703927371729181e-01,9.409787213547914364e-01,3.430522406369753141e-01,-8.459841993199577193e-01,2.647159030225231802e-01,-5.189413747418283318e-01,-2.777669628389874412e-01,-3.045148246359685729e-01,1.611075781376935523e-01,4.151137341560702798e-01,5.207112699890643626e-01,-2.264788578589731760e-01
-3.384509884475891961e-01,-3.008797507510376223e-01,1.724713600000000735e-01,-7.541120355042012502e-01,3.645348222996973586e-01,1.000000000000000000e+00,4.082054376466117684e-01,6.609955674360785682e-01,2.142188555320163890e-01,-2.541082181975456433e-01,-3.414143260467024099e-01,1.384139417322527710e-01,-3.752041719857111546e-01,5.616504631877771159e-01,1.100884544798377274e-01,-1.298919030924097773e-01,-3.606121676121665787e-01,3.421347109542937082e-01,-1.637115154085529434e-01,2.737095561915668940e-01,-3.929861151645398787e-02,-4.921537926462857954e-03,2.930885625548895410e-02,2.314311405101681929e-01,4.904022372956869935e-01,1.196242604207057719e-01,-1.690170945182376538e-01,-3.445516132271772003e-01,2.032467376622590638e-01,7.037989441057369566e-01,-2.692698690282728791e-01,2.015204465968491732e-01,2.736499564284595176e-01,2.124048390544684972e-01,3.188018707774007976e-01,7.410088874498497180e-01,-1.330046232200081113e-01,-2.146782435516379484e-01,1.442258947678400904e-01
5.393557379128555151e-01,3.135649778737188975e-01,-3.204571800000000081e-01,5.197594441892135902e-02,-4.848534395626973859e-01,4.082054376466117684e-01,1.000000000000000000e+00,-6.544236078556847636e-02,6.033958109734760544e-02,-4.569539633075517249e-01,-3.564561687702210158e-01,7.797056343992387895e-01,-3.520238990969741799e-01,7.458969976908762511e-01,2.624771706906370294e-01,1.462586641033191692e-01,-4.548359768526015756e-01,4.582703940161144129e-01,4.440539873313226749e-01,-3.628258225879761323e-01,-1.974976744768379699e-01,6.356215372590672263e-01,8.230114395707377462e-01,2.710685390466227029e-01,7.426953620182525917e-01,7.264897702259254242e-02,-3.147161441191660969e-01,-5.870507625617465974e-01,-5.126113008069094201e-01,-2.995631927923207011e-02,1.514888003783292081e-01,3.657608831701261720e-01,8.004575325273611819e-01,-1.562374031311377642e-01,4.199877376732337186e-01,4.449989744844686235e-01,6.344391593669183871e-02,-4.534841638076475556e-01,4.210844528879354454e-01
-7.533593748304875382e-01,-2.235663236272559251e-01,-2.220707400000000442e-01,-4.893292573050226357e-01,1.669856049238901408e-01,6.609955674360785682e-01,-6.544236078556847636e-02,1.000000000000000000e+00,1.322546348644499936e-01,3.435209108070371720e-01,3.880744432017385614e-01,-1.793758317521328416e-01,6.102498465436234643e-02,-8.434471780220142989e-02,-5.422950104765029700e-01,-1.282280942447899807e-02,1.640086737759722246e-01,4.812818834584072225e-01,-2.047381432247863398e-03,7.450579300007573735e-01,2.280754057702806259e-01,-2.573336709648925691e-01,-2.885387285585361283e-01,6.239360658784005587e-01,-1.681967595773731228e-02,-3.574439743850034157e-01,3.491574269678526798e-01,-2.082978235780760246e-01,1.236503757610163401e-02,8.466830212553834167e-01,2.401339569921947803e-01,-2.433991873668460704e-01,7.889722895810902248e-02,7.964712003548176655e-01,4.080106210781739851e-01,6.475618660705225738e-01,-6.791926898222968578e-01,-2.424437388695357409e-01,2.431688095327855237e-02
-2.826727758526317857e-01,-2.400708671852876952e-01,4.350844199999999162e-01,-4.665822881637721187e-01,3.478176540995476240e-01,2.142188555320163890e-01,6.033958109734760544e-02,1.322546348644499936e-01,1.000000000000000000e+00,-5.619477497798027743e-01,-2.348984002210841582e-01,-1.652245903852068709e-01,1.472122403371520782e-01,-3.488085844772415012e-02,2.226132901302979028e-01,5.922313751498350376e-01,-3.553570471389344565e-01,-5.124608343902061769e-01,-5.435487932715639126e-01,-1.197039196458103416e-01,-1.218817570028927211e-01,-3.358041929424346872e-01,-2.096466196256067671e-01,1.351712990706747108e-01,-2.766730402141768241e-01,-2.489410102214590914e-01,-6.449123920483040839e-01,-3.829086838411013272e-01,4.298863657544714778e-01,6.331648132447112443e-02,-4.345969916377244724e-01,8.195334137645627903e-01,2.254603151407355011e-01,-1.582049637668221931e-01,-1.136958467435067455e-01,5.983252215508148009e-01,3.339539120296859398e-01,2.953558665346175394e-01,-1.591495423397324416e-01
-3.612073707554112612e-01,4.104095487881126991e-01,-5.645268800000000642e-01,4.407996173184541844e-01,-2.946980929698831964e-01,-2.541082181975456433e-01,-4.569539633075517249e-01,3.435209108070371720e-01,-5.619477497798027743e-01,1.000000000000000000e+00,8.326225655909953449e-01,-4.181610633910320257e-02,2.282953696538558841e-01,-4.998940552106141411e-01,-8.606333905519450989e-01,-1.880019995766956664e-01,7.558121129584999265e-01,5.113391181881409286e-01,2.156816682482555203e-01,4.387869230296906342e-01,2.249232486826426014e-01,-5.657446284623764837e-02,-2.157180158296095607e-01,1.176301624179640348e-01,-3.510159259706946422e-01,-2.340455746596657172e-01,7.026088202077751532e-01,2.439607984229777982e-01,-3.661710563573676303e-01,8.207791802605238218e-02,6.754506457184783486e-01,-8.761561103925988858e-01,-2.304952355135004016e-01,7.070149571224192409e-01,2.350774298785311966e-01,-4.092463583555877027e-01,-7.461244790232222091e-01,-2.780553920003217550e-01,-3.821147573979720713e-01
-4.549067401330986748e-01,2.974624661043629437e-01,-6.515093000000000689e-01,4.442095476307823532e-01,-4.707641331447167676e-01,-3.414143260467024099e-01,-3.564561687702210158e-01,3.880744432017385614e-01,-2.348984002210841582e-01,8.326225655909953449e-01,1.000000000000000000e+00,-1.304774926630820897e-01,5.916932527495075700e-01,-7.211389186145964469e-01,-8.737123556498469501e-01,2.921751077475817082e-01,7.091657807692379745e-01,4.606665490758473092e-01,2.612493228706906367e-01,4.794274745103713209e-01,3.486124339404180206e-01,-1.847682058572458763e-01,-2.033242624849208036e-01,4.173011326790706521e-01,-5.759925655083852902e-01,-3.876459783186960162e-01,5.193683096244655628e-01,4.382372508506138936e-02,-4.305070488960349162e-01,6.969664374419047397e-03,7.803342142371805235e-01,-6.501261867692996743e-01,-1.547657375669742597e-01,8.289345381447127403e-01,2.523659885328409236e-01,-1.720379306845944700e-01,-8.467090909573034008e-01,-2.917308791046852590e-01,-2.665115656581716896e-01
5.998659842917546392e-01,7.739204190603995448e-01,-5.185487399999999525e-01,4.439893548297141890e-01,-6.152035945897144087e-01,1.384139417322527710e-01,7.797056343992387895e-01,-1.793758317521328416e-01,-1.652245903852068709e-01,-4.181610633910320257e-02,-1.304774926630820897e-01,1.000000000000000000e+00,-3.695362731889952901e-01,6.386755716410831285e-01,-2.715725971273114450e-02,-3.324386982538533875e-02,-2.872865873324939937e-02,5.066471543834683011e-01,4.673409950460613582e-01,-4.164052532282419006e-01,-4.033771081114248536e-01,8.364571577855244300e-01,8.601646541187161210e-01,7.321657336711102915e-02,6.281918717425738485e-01,9.263229389320280435e-03,-9.675174792227808629e-02,-4.542521561700376687e-01,-7.002086460367242804e-01,-2.596310491097213458e-01,3.869800987910156365e-01,1.070968168408279325e-01,8.080215722762521535e-01,-1.237929074128664708e-01,4.472721934116408726e-01,1.811418997226783498e-02,-2.045656042076920804e-03,-4.737268080110895174e-01,2.233776072966561083e-02
-4.452578814947499297e-01,-1.496279098065169677e-01,-1.431010000000000337e-01,1.814571871441014728e-01,-1.405007781887025187e-01,-3.752041719857111546e-01,-3.520238990969741799e-01,6.102498465436234643e-02,1.472122403371520782e-01,2.282953696538558841e-01,5.916932527495075700e-01,-3.695362731889952901e-01,1.000000000000000000e+00,-6.899090074272342665e-01,-1.887505512308901290e-01,5.922111314518987424e-01,5.253160906518612450e-01,-5.849089781647346525e-02,-6.290749081224394912e-02,3.359821217983237629e-01,2.508542814374312702e-01,-2.595260052052572597e-01,-2.542232443601235570e-01,1.348421115838321083e-01,-7.440358194140831438e-01,1.207765381379171110e-01,-7.599947645026451648e-02,1.651141349113873225e-01,-1.583348685780824536e-02,-2.905597627038409847e-01,2.666935072228503456e-01,-6.712218609488795895e-02,-4.049412901551402433e-01,3.362547302257276605e-01,6.843562272154168902e-02,-1.721412888153074083e-01,-3.706880082315971991e-01,1.297653594923775522e-02,-1.872992523206654381e-01
5.379931823716529449e-01,1.845903649630815657e-01,3.245969999999998024e-02,-1.735362309487388510e-01,-4.565437885255003297e-04,5.616504631877771159e-01,7.458969976908762511e-01,-8.434471780220142989e-02,-3.488085844772415012e-02,-4.998940552106141411e-01,-7.211389186145964469e-01,6.386755716410831285e-01,-6.899090074272342665e-01,1.000000000000000000e+00,4.590606843208067667e-01,-3.758863245027802003e-01,-4.570903469133912322e-01,1.885810055490977077e-01,2.196454017590215024e-01,-2.855900878327242709e-01,-4.377657404268248120e-01,6.554134560400785015e-01,6.434882230066508724e-01,-5.105158596403481380e-02,9.103322247905359932e-01,2.419462600655033491e-01,-2.022325906087089620e-01,-3.531608975006564344e-01,-1.733597328754766798e-01,1.593268925275733994e-01,-2.170150035875088868e-01,3.825035101857405806e-01,6.210437438878358973e-01,-4.422232090127968251e-01,3.018096982081626689e-01,3.010506705112211412e-01,4.053106409037977587e-01,-2.785010499162297593e-01,3.301833842692022403e-01
4.017144619966371843e-01,-4.377953247901513190e-01,6.811183800000000232e-01,-3.611865617581347943e-01,4.199790124728302043e-01,1.100884544798377274e-01,2.624771706906370294e-01,-5.422950104765029700e-01,2.226132901302979028e-01,-8.606333905519450989e-01,-8.737123556498469501e-01,-2.715725971273114450e-02,-1.887505512308901290e-01,4.590606843208067667e-01,1.000000000000000000e+00,-9.374066863110017134e-02,-6.077773356320012033e-01,-5.326212820537794546e-01,-2.821847102691029119e-01,-5.194667210037449134e-01,-1.657753134874227485e-01,9.581758586017594115e-02,1.455478782617538047e-01,-4.934215318149610119e-01,3.177831712635136863e-01,5.738896295784502444e-01,-6.437545133132168695e-01,1.498277365039120124e-01,4.681759945383130450e-01,-2.564340189221862021e-01,-7.693155117512485708e-01,6.379258934529896674e-01,-8.828945875425900369e-02,-8.517412088738410825e-01,-2.647548419051766189e-01,2.350611698916680106e-02,8.032609719129408798e-01,3.612306019576661531e-01,2.692530121279057553e-01
-2.043243649981297816e-01,-4.926552836884183321e-03,-4.761428000000000882e-02,3.097040351364605676e-02,-2.739586855422548317e-01,-1.298919030924097773e-01,1.462586641033191692e-01,-1.282280942447899807e-02,5.922313751498350376e-01,-1.880019995766956664e-01,2.921751077475817082e-01,-3.324386982538533875e-02,5.922111314518987424e-01,-3.758863245027802003e-01,-9.374066863110017134e-02,1.000000000000000000e+00,-1.617561279525990894e-02,-1.031969265855279122e-01,-1.871381899117591785e-01,-5.454596530297139284e-02,1.328896886401715327e-01,-2.724028895076724965e-01,-3.533457926039727109e-02,2.254625718649589938e-01,-5.009816886515504608e-01,-6.389053013309757556e-02,-5.367034149476954674e-01,-4.566861690204927493e-01,-3.451313129537224300e-02,-3.153800859677298729e-01,9.800487558389647802e-02,4.083209884940771084e-01,1.043623184135146764e-01,1.943212706020781555e-01,-1.485321852906963946e-01,2.450384601675699159e-01,-1.530659248757637869e-01,2.727189594011150686e-03,-1.629967397409616270e-01
-2.763720824411909915e-01,3.763510677320168196e-01,-4.755972400000000322e-01,4.931406066765364193e-01,-2.565540141422135711e-01,-3.606121676121665787e-01,-4.548359768526015756e-01,1.640086737759722246e-01,-3.553570471389344565e-01,7.558121129584999265e-01,7.091657807692379745e-01,-2.872865873324939937e-02,5.253160906518612450e-01,-4.570903469133912322e-01,-6.077773356320012033e-01,-1.617561279525990894e-02,1.000000000000000000e+00,2.303612415664110791e-01,1.814449522128224745e-01,4.906820174223593956e-01,5.574770938558805400e-02,1.317698973667154883e-01,-1.499412698670511690e-01,6.549504563009085623e-02,-4.542515680007225276e-01,8.082810356619635900e-03,5.027976821920622230e-01,9.921608089023091492e-02,-3.176675702693748105e-01,-1.746906414337416891e-01,5.815571097736736972e-01,-5.444452741693964759e-01,-2.569234023914081511e-01,4.786981761478909525e-01,2.297263141894060334e-01,-4.981772578725927048e-01,-5.129805027451196375e-01,-3.046844087915608901e-01,-4.859176931287691459e-01
-5.294151459320860231e-02,3.997143793162505898e-01,-7.557182399999999856e-01,2.168104145443597031e-01,-5.766207054771754770e-01,3.421347109542937082e-01,4.582703940161144129e-01,4.812818834584072225e-01,-5.124608343902061769e-01,5.113391181881409286e-01,4.606665490758473092e-01,5.066471543834683011e-01,-5.849089781647346525e-02,1.885810055490977077e-01,-5.326212820537794546e-01,-1.031969265855279122e-01,2.303612415664110791e-01,1.000000000000000000e+00,5.814428423850592775e-01,2.585306258861395645e-01,2.024630656826031105e-01,3.829689961389705077e-01,4.304632863756605032e-01,4.445333810470282754e-01,3.710913982103767328e-01,-8.794479269814994837e-02,4.147391310850087609e-01,-2.110697621233967036e-01,-6.912799020131866756e-01,2.846069464688312234e-01,7.078045908755161708e-01,-5.712498543565439624e-01,3.755726066556205334e-01,6.595189818374299628e-01,6.666443918979541028e-01,1.831323427517423108e-01,-7.807827554067674480e-01,-6.752319239589569255e-01,1.552560941885152979e-01
5.014572947709703410e-01,3.952366668111316761e-01,-8.384091399999999972e-01,6.045895546200128479e-01,-7.978200535063120213e-01,-1.637115154085529434e-01,4.440539873313226749e-01,-2.047381432247863398e-03,-5.435487932715639126e-01,2.156816682482555203e-01,2.612493228706906367e-01,4.673409950460613582e-01,-6.290749081224394912e-02,2.196454017590215024e-01,-2.821847102691029119e-01,-1.871381899117591785e-01,1.814449522128224745e-01,5.814428423850592775e-01,1.000000000000000000e+00,1.859022493160690237e-01,-1.125346531468320865e-01,6.542913830316519075e-01,6.681475925722766274e-01,5.901615841524502359e-01,4.892400681694580311e-01,-2.746578138893165377e-01,6.049713615142440215e-01,-2.045744958593928020e-01,-8.793629526221762305e-01,4.974789631445594718e-02,7.621617308392174550e-01,-3.460027997255409882e-01,4.570234185055698228e-01,2.233711498531353867e-01,3.775558729503565303e-01,-6.082036491171158299e-02,-3.443815637352100056e-01,-4.985542328930672173e-01,6.087485691743081961e-01
-6.243366970818226003e-01,-3.062736286746106651e-01,-2.715440199999999971e-01,-2.074368869759770917e-01,9.238295247859593107e-02,2.737095561915668940e-01,-3.628258225879761323e-01,7.450579300007573735e-01,-1.197039196458103416e-01,4.387869230296906342e-01,4.794274745103713209e-01,-4.164052532282419006e-01,3.359821217983237629e-01,-2.855900878327242709e-01,-5.194667210037449134e-01,-5.454596530297139284e-02,4.906820174223593956e-01,2.585306258861395645e-01,1.859022493160690237e-01,1.000000000000000000e+00,1.342103135181145213e-01,-2.085590967054788969e-01,-3.471987155623946775e-01,5.716595150068120024e-01,-1.929777762043664302e-01,-1.715479737391520654e-01,5.959565323248577906e-01,-4.668473363462857795e-02,-3.120745153042280354e-02,6.402171937307143956e-01,3.326636757949813505e-01,-3.705433372863447539e-01,-2.458002569674997140e-01,7.005917765766644933e-01,1.273400552640721328e-01,2.076412765627009271e-01,-5.997682571512363836e-01,-2.070530038030816700e-01,1.199892343958716689e-01
-3.851091038866363836e-01,-3.369191759680886800e-01,2.322342000000010565e-02,-1.849351852844339228e-01,4.130706755651997186e-02,-3.929861151645398787e-02,-1.974976744768379699e-01,2.280754057702806259e-01,-1.218817570028927211e-01,2.249232486826426014e-01,3.486124339404180206e-01,-4.033771081114248536e-01,2.508542814374312702e-01,-4.377657404268248120e-01,-1.657753134874227485e-01,1.328896886401715327e-01,5.574770938558805400e-02,2.024630656826031105e-01,-1.125346531468320865e-01,1.342103135181145213e-01,1.000000000000000000e+00,-5.045416413358126961e-01,-3.827075999549885421e-01,6.452605047147151607e-02,-3.106424174282954587e-01,2.440160292094183114e-02,7.737719212460492102e-02,2.253170760512295534e-01,1.683703275159525448e-01,9.619462104532183755e-02,5.028477418402318988e-02,-3.534356260277009554e-01,-3.944493993728589443e-01,3.892398289982265669e-01,-7.081249784779522147e-03,9.841079054514542679e-02,-4.392276332972885888e-01,8.737166002800976494e-02,3.147988308636077981e-02
6.876565831553761443e-01,6.534832740276824703e-01,-5.362457600000000157e-01,5.289120708389131176e-01,-5.599723454528588995e-01,-4.921537926462857954e-03,6.356215372590672263e-01,-2.573336709648925691e-01,-3.358041929424346872e-01,-5.657446284623764837e-02,-1.847682058572458763e-01,8.364571577855244300e-01,-2.595260052052572597e-01,6.554134560400785015e-01,9.581758586017594115e-02,-2.724028895076724965e-01,1.317698973667154883e-01,3.829689961389705077e-01,6.542913830316519075e-01,-2.085590967054788969e-01,-5.045416413358126961e-01,1.000000000000000000e+00,8.803661620209666250e-01,9.747684382172067119e-02,6.697700901768235404e-01,1.189208347085090878e-01,1.386251470212576109e-01,-2.529628919321582625e-01,-7.160805991466173692e-01,-2.311052007984520373e-01,4.033191827163359888e-01,5.633307106640247225e-02,6.591167106616971916e-01,-2.426656206435080787e-01,4.773017647158243060e-01,-1.512961200753141222e-01,9.677107714901525548e-02,-4.870933315568983790e-01,2.140345669666712802e-01
7.289074039651399772e-01,5.829300109239653471e-01,-5.348520999999999415e-01,4.794520982723295965e-01,-6.751713054959795901e-01,2.930885625548895410e-02,8.230114395707377462e-01,-2.885387285585361283e-01,-2.096466196256067671e-01,-2.157180158296095607e-01,-2.033242624849208036e-01,8.601646541187161210e-01,-2.542232443601235570e-01,6.434882230066508724e-01,1.455478782617538047e-01,-3.533457926039727109e-02,-1.499412698670511690e-01,4.304632863756605032e-01,6.681475925722766274e-01,-3.471987155623946775e-01,-3.827075999549885421e-01,8.803661620209666250e-01,1.000000000000000000e+00,1.931623984477625067e-01,6.847366763158730940e-01,5.191702299765540290e-02,-3.323879272292735998e-02,-3.086317746696039532e-01,-7.421553977224162324e-01,-2.536649151980803762e-01,3.889210976092577488e-01,1.708424145907220526e-01,7.545834408089486800e-01,-2.309880498238633673e-01,4.176123855834124599e-01,2.695252806430063416e-02,7.820565200533056982e-02,-5.209840259111570004e-01,3.703581910183485482e-01
-1.815905884311229401e-01,5.541076125204212914e-04,-6.249644800000000444e-01,2.458646236500487692e-02,-4.412790796383541658e-01,2.314311405101681929e-01,2.710685390466227029e-01,6.239360658784005587e-01,1.351712990706747108e-01,1.176301624179640348e-01,4.173011326790706521e-01,7.321657336711102915e-02,1.348421115838321083e-01,-5.105158596403481380e-02,-4.934215318149610119e-01,2.254625718649589938e-01,6.549504563009085623e-02,4.445333810470282754e-01,5.901615841524502359e-01,5.716595150068120024e-01,6.452605047147151607e-02,9.747684382172067119e-02,1.931623984477625067e-01,1.000000000000000000e+00,1.434141286016733241e-01,-6.548900035042842793e-01,4.372580641726750428e-01,-4.748553550865010631e-01,-5.012462074431811576e-01,5.498221605324051797e-01,5.962539077722059933e-01,-5.610891636022214551e-02,4.538320344618310687e-01,6.224159830305289187e-01,3.517269916265560181e-01,6.029423732604404229e-01,-5.526041002261032897e-01,-3.302781284544721307e-01,5.037517204986636798e-01
5.864308338968442502e-01,1.661538425832389532e-01,-1.758134199999999980e-01,-6.182675364371600923e-02,-1.766844875368161760e-01,4.904022372956869935e-01,7.426953620182525917e-01,-1.681967595773731228e-02,-2.766730402141768241e-01,-3.510159259706946422e-01,-5.759925655083852902e-01,6.281918717425738485e-01,-7.440358194140831438e-01,9.103322247905359932e-01,3.177831712635136863e-01,-5.009816886515504608e-01,-4.542515680007225276e-01,3.710913982103767328e-01,4.892400681694580311e-01,-1.929777762043664302e-01,-3.106424174282954587e-01,6.697700901768235404e-01,6.847366763158730940e-01,1.434141286016733241e-01,1.000000000000000000e+00,7.537732655579865160e-02,8.299871653060379717e-02,-2.762910412577594954e-01,-3.500224569658472173e-01,2.764874272501458563e-01,-7.538242494527357118e-03,1.290395917811713866e-01,6.153904947425974381e-01,-2.850743997344155622e-01,2.876125343768665132e-01,2.776112280786837139e-01,2.129609815110931892e-01,-2.848549968497447460e-01,5.591793950820412862e-01
1.110981072837396999e-01,-2.155444672942762874e-01,4.055998800000000237e-01,-1.659321474765937665e-01,2.605542028158644996e-01,1.196242604207057719e-01,7.264897702259254242e-02,-3.574439743850034157e-01,-2.489410102214590914e-01,-2.340455746596657172e-01,-3.876459783186960162e-01,9.263229389320280435e-03,1.207765381379171110e-01,2.419462600655033491e-01,5.738896295784502444e-01,-6.389053013309757556e-02,8.082810356619635900e-03,-8.794479269814994837e-02,-2.746578138893165377e-01,-1.715479737391520654e-01,2.440160292094183114e-02,1.189208347085090878e-01,5.191702299765540290e-02,-6.548900035042842793e-01,7.537732655579865160e-02,1.000000000000000000e+00,-4.220771022591994770e-01,2.426920442971125802e-01,2.979490440872132884e-01,-3.688705555461073704e-01,-4.251564843179331254e-01,6.710486321402585330e-02,-4.046075624175691221e-01,-3.792517221202789668e-01,-1.384114437667379183e-01,-3.607560223607334526e-01,2.537042993660214019e-01,-4.458483858329832100e-02,-1.667957897743805595e-01
-6.538315386972542997e-02,1.726575500845912992e-01,-5.969682800000000178e-01,3.642429748413362200e-01,-2.826062373922382798e-01,-1.690170945182376538e-01,-3.147161441191660969e-01,3.491574269678526798e-01,-6.449123920483040839e-01,7.026088202077751532e-01,5.193683096244655628e-01,-9.675174792227808629e-02,-7.599947645026451648e-02,-2.022325906087089620e-01,-6.437545133132168695e-01,-5.367034149476954674e-01,5.027976821920622230e-01,4.147391310850087609e-01,6.049713615142440215e-01,5.959565323248577906e-01,7.737719212460492102e-02,1.386251470212576109e-01,-3.323879272292735998e-02,4.372580641726750428e-01,8.299871653060379717e-02,-4.220771022591994770e-01,1.000000000000000000e+00,2.056446297428201064e-01,-4.393943994856208679e-01,4.001839062989229201e-01,6.331185398633016881e-01,-7.663510355209863789e-01,-8.162263159609682572e-02,5.172718969477939632e-01,1.900368072311345857e-01,-2.226568663695671357e-01,-5.241927006280573398e-01,-2.683337440420763831e-01,2.196648282359996152e-01
-1.529504107052074846e-01,-2.642902745024360844e-01,2.891874800000000523e-01,2.545374188947137351e-02,3.608703927371729181e-01,-3.445516132271772003e-01,-5.870507625617465974e-01,-2.082978235780760246e-01,-3.829086838411013272e-01,2.439607984229777982e-01,4.382372508506138936e-02,-4.542521561700376687e-01,1.651141349113873225e-01,-3.531608975006564344e-01,1.498277365039120124e-01,-4.566861690204927493e-01,9.921608089023091492e-02,-2.110697621233967036e-01,-2.045744958593928020e-01,-4.668473363462857795e-02,2.253170760512295534e-01,-2.529628919321582625e-01,-3.086317746696039532e-01,-4.748553550865010631e-01,-2.762910412577594954e-01,2.426920442971125802e-01,2.056446297428201064e-01,1.000000000000000000e+00,3.371075679794270918e-01,-1.047567852367717323e-01,-2.065203811501400977e-01,-3.880771117103084533e-01,-6.570003225057877705e-01,-1.673294912840088411e-01,-1.349979522984094682e-01,-5.106828204462354748e-01,7.300097451169985929e-02,3.733591585561146231e-01,-5.244394269955918869e-02
-4.538780057580433236e-01,-7.346559184794995145e-01,9.516312600000000899e-01,-7.559717737354959555e-01,9.409787213547914364e-01,2.032467376622590638e-01,-5.126113008069094201e-01,1.236503757610163401e-02,4.298863657544714778e-01,-3.661710563573676303e-01,-4.305070488960349162e-01,-7.002086460367242804e-01,-1.583348685780824536e-02,-1.733597328754766798e-01,4.681759945383130450e-01,-3.451313129537224300e-02,-3.176675702693748105e-01,-6.912799020131866756e-01,-8.793629526221762305e-01,-3.120745153042280354e-02,1.683703275159525448e-01,-7.160805991466173692e-01,-7.421553977224162324e-01,-5.012462074431811576e-01,-3.500224569658472173e-01,2.979490440872132884e-01,-4.393943994856208679e-01,3.371075679794270918e-01,1.000000000000000000e+00,1.509920566795376617e-01,-8.911575580065697055e-01,3.245071083426216418e-01,-6.188249039620955516e-01,-3.158265381945101757e-01,-5.070665415700430501e-01,1.026627047091797779e-01,4.479349824384618040e-01,6.106513170343385033e-01,-2.626866200752593361e-01
-5.104820168965136240e-01,-4.181917393522687210e-01,-1.335480000000000000e-02,-6.167611331601009494e-01,3.430522406369753141e-01,7.037989441057369566e-01,-2.995631927923207011e-02,8.466830212553834167e-01,6.331648132447112443e-02,8.207791802605238218e-02,6.969664374419047397e-03,-2.596310491097213458e-01,-2.905597627038409847e-01,1.593268925275733994e-01,-2.564340189221862021e-01,-3.153800859677298729e-01,-1.746906414337416891e-01,2.846069464688312234e-01,4.974789631445594718e-02,6.402171937307143956e-01,9.619462104532183755e-02,-2.311052007984520373e-01,-2.536649151980803762e-01,5.498221605324051797e-01,2.764874272501458563e-01,-3.688705555461073704e-01,4.001839062989229201e-01,-1.047567852367717323e-01,1.509920566795376617e-01,1.000000000000000000e+00,-1.636455365301670017e-02,-1.405840527264312356e-01,7.881105162698309741e-02,4.807850733612096250e-01,2.251920301212660402e-01,6.671687465793351146e-01,-3.454796018293336268e-01,-6.272506452091911044e-02,3.408201595503544956e-01
6.734401918201285420e-02,6.150470875750361222e-01,-9.810319800000000257e-01,7.050659717995519937e-01,-8.459841993199577193e-01,-2.692698690282728791e-01,1.514888003783292081e-01,2.401339569921947803e-01,-4.345969916377244724e-01,6.754506457184783486e-01,7.803342142371805235e-01,3.869800987910156365e-01,2.666935072228503456e-01,-2.170150035875088868e-01,-7.693155117512485708e-01,9.800487558389647802e-02,5.815571097736736972e-01,7.078045908755161708e-01,7.621617308392174550e-01,3.326636757949813505e-01,5.028477418402318988e-02,4.033191827163359888e-01,3.889210976092577488e-01,5.962539077722059933e-01,-7.538242494527357118e-03,-4.251564843179331254e-01,6.331185398633016881e-01,-2.065203811501400977e-01,-8.911575580065697055e-01,-1.636455365301670017e-02,1.000000000000000000e+00,-5.692097317550698365e-01,3.411253873712205564e-01,6.497253456096858670e-01,4.785200293269032956e-01,-1.299531907198543390e-01,-7.372191602662763188e-01,-5.693658052602602604e-01,8.837209123190654936e-02
1.985848577988074404e-01,-1.884676946348246840e-01,4.885443800000000003e-01,-3.540856461546992295e-01,2.647159030225231802e-01,2.015204465968491732e-01,3.657608831701261720e-01,-2.433991873668460704e-01,8.195334137645627903e-01,-8.761561103925988858e-01,-6.501261867692996743e-01,1.070968168408279325e-01,-6.712218609488795895e-02,3.825035101857405806e-01,6.379258934529896674e-01,4.083209884940771084e-01,-5.444452741693964759e-01,-5.712498543565439624e-01,-3.460027997255409882e-01,-3.705433372863447539e-01,-3.534356260277009554e-01,5.633307106640247225e-02,1.708424145907220526e-01,-5.610891636022214551e-02,1.290395917811713866e-01,6.710486321402585330e-02,-7.663510355209863789e-01,-3.880771117103084533e-01,3.245071083426216418e-01,-1.405840527264312356e-01,-5.692097317550698365e-01,1.000000000000000000e+00,3.646853325318720196e-01,-5.957266844638564596e-01,-1.734664860223847638e-01,4.376493479692467603e-01,6.869432719253925068e-01,2.923442847514392540e-01,1.036655821095137514e-01
4.478685307257597170e-01,5.868642755810384859e-01,-4.827649400000000313e-01,2.158862741870746782e-01,-5.189413747418283318e-01,2.736499564284595176e-01,8.004575325273611819e-01,7.889722895810902248e-02,2.254603151407355011e-01,-2.304952355135004016e-01,-1.547657375669742597e-01,8.080215722762521535e-01,-4.049412901551402433e-01,6.210437438878358973e-01,-8.828945875425900369e-02,1.043623184135146764e-01,-2.569234023914081511e-01,3.755726066556205334e-01,4.570234185055698228e-01,-2.458002569674997140e-01,-3.944493993728589443e-01,6.591167106616971916e-01,7.545834408089486800e-01,4.538320344618310687e-01,6.153904947425974381e-01,-4.046075624175691221e-01,-8.162263159609682572e-02,-6.570003225057877705e-01,-6.188249039620955516e-01,7.881105162698309741e-02,3.411253873712205564e-01,3.646853325318720196e-01,1.000000000000000000e+00,-3.357196862249032382e-02,4.708696230639753955e-01,4.639668969764123574e-01,2.509888120091381680e-02,-3.796977216204561190e-01,2.577505802202929019e-01
-6.467995808835490523e-01,6.238791247009826263e-02,-5.723651400000000500e-01,2.285373845868637552e-03,-2.777669628389874412e-01,2.124048390544684972e-01,-1.562374031311377642e-01,7.964712003548176655e-01,-1.582049637668221931e-01,7.070149571224192409e-01,8.289345381447127403e-01,-1.237929074128664708e-01,3.362547302257276605e-01,-4.422232090127968251e-01,-8.517412088738410825e-01,1.943212706020781555e-01,4.786981761478909525e-01,6.595189818374299628e-01,2.233711498531353867e-01,7.005917765766644933e-01,3.892398289982265669e-01,-2.426656206435080787e-01,-2.309880498238633673e-01,6.224159830305289187e-01,-2.850743997344155622e-01,-3.792517221202789668e-01,5.172718969477939632e-01,-1.673294912840088411e-01,-3.158265381945101757e-01,4.807850733612096250e-01,6.497253456096858670e-01,-5.957266844638564596e-01,-3.357196862249032382e-02,1.000000000000000000e+00,3.531833064207526851e-01,2.673371573076294694e-01,-9.605745737056762268e-01,-4.069822595000560095e-01,-1.039452879581886507e-01
-7.284631931380038117e-02,3.855930737539084441e-01,-5.397535199999999866e-01,1.144836341416308051e-01,-3.045148246359685729e-01,3.188018707774007976e-01,4.199877376732337186e-01,4.080106210781739851e-01,-1.136958467435067455e-01,2.350774298785311966e-01,2.523659885328409236e-01,4.472721934116408726e-01,6.843562272154168902e-02,3.018096982081626689e-01,-2.647548419051766189e-01,-1.485321852906963946e-01,2.297263141894060334e-01,6.666443918979541028e-01,3.775558729503565303e-01,1.273400552640721328e-01,-7.081249784779522147e-03,4.773017647158243060e-01,4.176123855834124599e-01,3.517269916265560181e-01,2.876125343768665132e-01,-1.384114437667379183e-01,1.900368072311345857e-01,-1.349979522984094682e-01,-5.070665415700430501e-01,2.251920301212660402e-01,4.785200293269032956e-01,-1.734664860223847638e-01,4.708696230639753955e-01,3.531833064207526851e-01,1.000000000000000000e+00,3.169715702314229722e-01,-4.276721591009919887e-01,-6.214905954032667879e-01,4.175942288748085013e-02
-3.269817844528645767e-01,-3.241472067004654845e-01,5.180915999999990973e-02,-6.508217458939252742e-01,1.611075781376935523e-01,7.410088874498497180e-01,4.449989744844686235e-01,6.475618660705225738e-01,5.983252215508148009e-01,-4.092463583555877027e-01,-1.720379306845944700e-01,1.811418997226783498e-02,-1.721412888153074083e-01,3.010506705112211412e-01,2.350611698916680106e-02,2.450384601675699159e-01,-4.981772578725927048e-01,1.831323427517423108e-01,-6.082036491171158299e-02,2.076412765627009271e-01,9.841079054514542679e-02,-1.512961200753141222e-01,2.695252806430063416e-02,6.029423732604404229e-01,2.776112280786837139e-01,-3.607560223607334526e-01,-2.226568663695671357e-01,-5.106828204462354748e-01,1.026627047091797779e-01,6.671687465793351146e-01,-1.299531907198543390e-01,4.376493479692467603e-01,4.639668969764123574e-01,2.673371573076294694e-01,3.169715702314229722e-01,1.000000000000000000e+00,-1.371526416445672247e-01,-1.124203414496966480e-01,3.337930374815321621e-01
5.223572427968901088e-01,-1.533836524655001754e-01,6.705320599999999853e-01,-1.435188250537260679e-01,4.151137341560702798e-01,-1.330046232200081113e-01,6.344391593669183871e-02,-6.791926898222968578e-01,3.339539120296859398e-01,-7.461244790232222091e-01,-8.467090909573034008e-01,-2.045656042076920804e-03,-3.706880082315971991e-01,4.053106409037977587e-01,8.032609719129408798e-01,-1.530659248757637869e-01,-5.129805027451196375e-01,-7.807827554067674480e-01,-3.443815637352100056e-01,-5.997682571512363836e-01,-4.392276332972885888e-01,9.677107714901525548e-02,7.820565200533056982e-02,-5.526041002261032897e-01,2.129609815110931892e-01,2.537042993660214019e-01,-5.241927006280573398e-01,7.300097451169985929e-02,4.479349824384618040e-01,-3.454796018293336268e-01,-7.372191602662763188e-01,6.869432719253925068e-01,2.509888120091381680e-02,-9.605745737056762268e-01,-4.276721591009919887e-01,-1.371526416445672247e-01,1.000000000000000000e+00,4.600720753617460468e-01,5.699448510741608048e-02
-1.327008656298051259e-01,-4.524208329938044226e-01,6.249259799999999920e-01,-2.781969645851397055e-01,5.207112699890643626e-01,-2.146782435516379484e-01,-4.534841638076475556e-01,-2.424437388695357409e-01,2.953558665346175394e-01,-2.780553920003217550e-01,-2.917308791046852590e-01,-4.737268080110895174e-01,1.297653594923775522e-02,-2.785010499162297593e-01,3.612306019576661531e-01,2.727189594011150686e-03,-3.046844087915608901e-01,-6.752319239589569255e-01,-4.985542328930672173e-01,-2.070530038030816700e-01,8.737166002800976494e-02,-4.870933315568983790e-01,-5.209840259111570004e-01,-3.302781284544721307e-01,-2.848549968497447460e-01,-4.458483858329832100e-02,-2.683337440420763831e-01,3.733591585561146231e-01,6.106513170343385033e-01,-6.272506452091911044e-02,-5.693658052602602604e-01,2.923442847514392540e-01,-3.796977216204561190e-01,-4.069822595000560095e-01,-6.214905954032667879e-01,-1.124203414496966480e-01,4.600720753617460468e-01,1.000000000000000000e+00,5.249099319594734137e-02
3.451828413757248026e-01,-3.228890949795499843e-01,-1.897140999999999966e-01,-5.996393876375487320e-02,-2.264788578589731760e-01,1.442258947678400904e-01,4.210844528879354454e-01,2.431688095327855237e-02,-1.591495423397324416e-01,-3.821147573979720713e-01,-2.665115656581716896e-01,2.233776072966561083e-02,-1.872992523206654381e-01,3.301833842692022403e-01,2.692530121279057553e-01,-1.629967397409616270e-01,-4.859176931287691459e-01,1.552560941885152979e-01,6.087485691743081961e-01,1.199892343958716689e-01,3.147988308636077981e-02,2.140345669666712802e-01,3.703581910183485482e-01,5.037517204986636798e-01,5.591793950820412862e-01,-1.667957897743805595e-01,2.196648282359996152e-01,-5.244394269955918869e-02,-2.626866200752593361e-01,3.408201595503544956e-01,8.837209123190654936e-02,1.036655821095137514e-01,2.577505802202929019e-01,-1.039452879581886507e-01,4.175942288748085013e-02,3.337930374815321621e-01,5.699448510741608048e-02,5.249099319594734137e-02,1.000000000000000000e+00
