1.0,-0.66634301031699994,-0.33377835393431826,0.61584838640705986,0.79776830689452227,0.4954214050105803,-0.63062893649501583,-0.70473802777755412,0.72831862762869393,-0.5964391866430111,-0.28938939975503575,0.18278400214472898,0.63446578600205916,-0.7706243205546075,0.73340451999999989,0.26494225535732324,0.32905715081292025,-0.5199239431367132,-0.2556319721112762,-0.055071502601769351,0.23358965500285514,-0.57631922410817005,0.63900936005852405,-0.73760182583544931,0.066403387203272046,-0.38425600376630509,-0.565781152662713,0.16418279415014339,0.60058455871983507,-0.59200492725860865,-0.78659812364685089,-0.66556461559334601,0.55426642061121523,-0.244623563303693,-0.28668799621497698,0.1080286619233206,0.70136692746153839,-0.7174866108918736,0.17055852668590049
-0.66634301031699994,1.0,-0.037856646841849736,-0.69866975793648334,-0.65123773718602229,-0.63623110853995291,0.83845201772489131,0.85612402025123968,-0.88413899047357125,0.69140388154892485,0.37397517512664852,0.42797310762516838,-0.10345971047922246,0.79273323045467858,-0.80499991999999998,-0.16197812736925071,0.24431796072460041,0.72954125915972312,0.21515684164319471,0.58092156669806516,-0.31364413893549264,0.27337699571425789,-0.3228558714688487,0.43371183904869748,0.38260639227809429,0.58848698913183939,0.82859900367693107,-0.064130543684072727,-0.061650020391029056,-0.02584720184972817,0.85160530740494778,0.70164279290280784,-0.29022721432963455,0.5407823410406557,-0.14158027241233018,-0.19634621179990935,-0.84952467784409869,0.74896433326416234,0.31181600595222797
-0.33377835393431826,-0.037856646841849736,1.0,0.22108411181260393,-0.11066257676592454,-0.42800366489675468,-0.17261346561218413,0.15664477449235031,0.099284921548680377,0.38355522698695393,-0.2609153460005495,-0.72416909660393625,-0.41256554803526263,0.14859041081923913,-0.036837679999999984,-0.3393849799808818,-0.46387250838331801,-0.19421367548344062,-0.23040231627977481,-0.0059753865587727217,0.043192714964157559,0.30949140295074229,-0.7898128292846095,0.5408711702246306,-0.68099708087116173,-0.30076464157418903,0.12217308627745124,0.11278729666412057,-0.67948373911386817,0.69673548558557641,0.052970700448287153,-0.028169305235889584,-0.61939116731347144,-0.35477171024275139,0.077576841949584849,-0.36027524994488852,-2.3214646755073676e-05,-0.086388986684944297,-0.83897923894538495
0.61584838640705986,-0.69866975793648334,0.22108411181260393,1.0,0.86642274004493514,0.40390285949056198,-0.92512078263262332,-0.66486815157579882,0.81677324334218249,-0.54051176385208977,-0.19849346441632459,-0.48255381567678696,0.51750115189453061,-0.87736390991349444,0.90857768000000005,0.11294650323490925,-0.1269520057367178,-0.94560735812956742,-0.64631109150108923,-0.080532209857215542,0.12963374527161267,-0.57938193884529121,0.12856211621900379,-0.40920010139812896,-0.45519786209679464,-0.8588434086843989,-0.54203902076741317,0.54494349639677853,0.32509314341733375,-0.095100004573421257,-0.88443692032938459,-0.92960131856733097,0.22471132626399645,-0.62813418438311797,0.0025517517350898324,-0.39487580519753462,0.84964949604974016,-0.72000857201078639,-0.34185437781720907
0.79776830689452227,-0.65123773718602229,-0.11066257676592454,0.86642274004493514,1.0,0.37631115593355469,-0.87060342095635157,-0.80588180185865477,0.71433378527535207,-0.6263167637127186,-0.36675644823030218,-0.17362041754358343,0.66014795040425833,-0.94869851571732611,0.9189201600000001,0.38526792015806272,0.15874989192959232,-0.77702154312438232,-0.39519252184677095,-0.08802742694543253,0.33581879346858534,-0.58307899417993803,0.37079617160476913,-0.49783204941105186,-0.097082993505329229,-0.65377391494351189,-0.67665039082488909,0.42967157820193269,0.57702861502650882,-0.46147064445350838,-0.85685097785621278,-0.85397606259427639,0.24625228497510016,-0.53654421007968789,-0.22273452092568835,-0.21177415862752175,0.89160294627125092,-0.80088169000191067,-0.11566415444882724
0.4954214050105803,-0.63623110853995291,-0.42800366489675468,0.40390285949056198,0.37631115593355469,1.0,-0.48483707395608733,-0.49253104832363537,0.58473082216386985,-0.85571708713453831,0.25703327872582321,0.13736203326303345,0.25843494256356447,-0.55303892532367427,0.59523830000000011,0.15516862210568008,-0.10254173328632238,-0.53478466129813651,-0.29797794797275956,-0.36085637607243098,0.0098288293645908305,-0.35695521343856162,0.51278878114772397,-0.62749141426342447,-0.20540421725244434,-0.46594930127024969,-0.37709935147285806,0.37443987835882853,0.40512807008234836,-0.12185056127799085,-0.67702229437755934,-0.58717116761795274,0.7493235728244505,-0.39405328288816149,0.42592103042417973,0.086493302269181338,0.54928118873310228,-0.26258696159582673,0.34074649403791862
-0.63062893649501583,0.83845201772489131,-0.17261346561218413,-0.92512078263262332,-0.87060342095635157,-0.48483707395608733,1.0,0.83755861826366274,-0.86378242759266322,0.69864301343641644,0.29140034543867865,0.51617867042018983,-0.3463381519890269,0.94033795190318026,-0.96837110000000004,-0.2392971628947515,0.21712402609939419,0.89881377791099293,0.47648337922856554,0.36544084605961508,-0.33814750045128339,0.42875873499633155,-0.18491009070597803,0.3232197131820731,0.47264664003973567,0.83773500454708671,0.74565909625982174,-0.46324575063158574,-0.24349771306230605,0.060977804213399669,0.93133704063623313,0.91803190241709154,-0.14451517818400433,0.76427080473536724,-0.10704001584956685,0.21991000123379495,-0.96799805605718792,0.78661757289351153,0.40649516774380001
-0.70473802777755412,0.85612402025123968,0.15664477449235031,-0.66486815157579882,-0.80588180185865477,-0.49253104832363537,0.83755861826366274,1.0,-0.77619884960163688,0.73841478503300007,0.5348106868885435,0.27437527299731129,-0.25030671047760211,0.88623515227471594,-0.84407299999999996,-0.57307383626840225,-0.017225831940582196,0.6331076554435251,-0.023663773320121415,0.55004920996497764,-0.63246036416658047,0.21191268892475282,-0.39692968633110615,0.32892521772143962,0.046531546559445219,0.44344259613591019,0.95971610468837298,-0.059435541916784393,-0.31000216597103897,0.21541568692736299,0.78280485655283749,0.64919005817164832,-0.12819777350932235,0.58301101965882551,0.14088690518651442,-0.27785081080870627,-0.93023205771927919,0.85257139579710295,0.25455066040302204
0.72831862762869393,-0.88413899047357125,0.099284921548680377,0.81677324334218249,0.71433378527535207,0.58473082216386985,-0.86378242759266322,-0.77619884960163688,1.0,-0.63757704487314104,-0.24072580170193392,-0.38898835722638098,0.27740844616347582,-0.82074226801206596,0.84489224000000007,0.14935183584581985,-0.1938844698446279,-0.78232932474467798,-0.40663981658426274,-0.3820849573963187,0.25259491053121758,-0.43904747291641616,0.34662683330212518,-0.42610127799654529,-0.42568762169374674,-0.66179479371326921,-0.68661196128500046,0.27461961572890842,0.18881814549669401,-0.04810986684038808,-0.88586795730155876,-0.79822616092242427,0.32699420633822063,-0.58012165945511718,0.045930281308412368,-0.011128103855152845,0.84893653203209052,-0.72616963703573889,-0.31986959468143644
-0.5964391866430111,0.69140388154892485,0.38355522698695393,-0.54051176385208977,-0.6263167637127186,-0.85571708713453831,0.69864301343641644,0.73841478503300007,-0.63757704487314104,1.0,-0.043708902600036743,-0.070278965794540987,-0.36276859210121626,0.77620080531954005,-0.80570416,-0.46542456997162451,-0.019323656020788952,0.63851859901976094,0.21448122431065575,0.41449460205965183,-0.36029131642870044,0.30213797053743663,-0.46711485367717964,0.53998826263556887,0.13341495927739866,0.59234687859187907,0.61257745362952654,-0.45142276436568751,-0.53250160219089315,0.22414218874151043,0.80046504589253686,0.71909657429151697,-0.54698023514408933,0.64605541578262371,-0.29103507078664215,-0.11187651437195491,-0.79867839458587186,0.52351606885877866,-0.20059272871218675
-0.28938939975503575,0.37397517512664852,-0.2609153460005495,-0.19849346441632459,-0.36675644823030218,0.25703327872582321,0.29140034543867865,0.5348106868885435,-0.24072580170193392,-0.043708902600036743,1.0,0.27361785656426724,0.15824321306718558,0.25278042507202053,-0.19353414000000002,-0.45072570209320634,-0.10255069795108172,0.11370171509956799,-0.46481911930737063,0.31999296293721319,-0.67391336156295778,-0.26598120211008208,0.12768406588368139,-0.16907238568928534,-0.12821576503308643,-0.11590996442520303,0.6071450481017262,0.43186574636802849,0.19470951684896512,0.0051938412731351467,0.10930271042600664,-0.030141983204524322,0.46549624853367805,0.15160647189374205,0.56022854128174093,-0.42003175218332761,-0.36117818356538528,0.60378653199854293,0.51115701700792948
0.18278400214472898,0.42797310762516838,-0.72416909660393625,-0.48255381567678696,-0.17362041754358343,0.13736203326303345,0.51617867042018983,0.27437527299731129,-0.38898835722638098,-0.070278965794540987,0.27361785656426724,1.0,0.34611544097686942,0.26519400017263456,-0.30538275999999998,0.2181105371010551,0.64352848664156848,0.46460369498585941,0.26054601713904779,0.37915280797736906,-0.07457690522397134,-0.066961332767756288,0.43277097219611216,-0.38392347994249426,0.65570988731621438,0.46570503667009422,0.37366914351223285,-0.030188232333851955,0.57340368620446047,-0.59868649423099696,0.25982185152598519,0.31024458501856245,0.50517393753312079,0.43124004794650111,-0.21715717782229513,0.25607829209102489,-0.35894045678861525,0.30624871466078002,0.8858493119706502
0.63446578600205916,-0.10345971047922246,-0.41256554803526263,0.51750115189453061,0.66014795040425833,0.25843494256356447,-0.3463381519890269,-0.25030671047760211,0.27740844616347582,-0.36276859210121626,0.15824321306718558,0.34611544097686942,1.0,-0.55059483888889382,0.52283967999999992,0.18508917691986593,0.64054778560181624,-0.39837203293540668,-0.45496546192792275,0.59001527801871667,-0.10785087596038773,-0.64068802106288281,0.37109821684493871,-0.74358305052619311,0.30307782619975077,-0.36169917978202248,-0.055891474273149513,0.43759025077285824,0.90910739496291015,-0.63882045598224035,-0.50800847499142576,-0.57707784205812485,0.55433215868982699,-0.10437239954963176,-0.36775194719543169,-0.32316523745904624,0.36517735345486346,-0.42490641755842662,0.46233396954846928
-0.7706243205546075,0.79273323045467858,0.14859041081923913,-0.87736390991349444,-0.94869851571732611,-0.55303892532367427,0.94033795190318026,0.88623515227471594,-0.82074226801206596,0.77620080531954005,0.25278042507202053,0.26519400017263456,-0.55059483888889382,1.0,-0.98133371999999996,-0.37365573187636208,-0.0093634810179103779,0.83341518934537651,0.40071051376097333,0.28407697599542542,-0.33234704220564548,0.55991044473270823,-0.43611022135780092,0.51478894568209987,0.19290737812804287,0.7238959760417859,0.77860021346708508,-0.41308062220812364,-0.51102319120075401,0.3434872482147992,0.93928166863206008,0.90795710704234733,-0.32465590323485521,0.6167557525592211,0.018401687188887163,0.11671996770534601,-0.96378615652877786,0.79559613305534094,0.13307235272939744
0.73340451999999989,-0.80499991999999998,-0.036837679999999984,0.90857768000000005,0.9189201600000001,0.59523830000000011,-0.96837110000000004,-0.84407299999999996,0.84489224000000007,-0.80570416,-0.19353414000000002,-0.30538275999999998,0.52283967999999992,-0.98133371999999996,1.0,0.31638512000000008,-0.041778920000000053,-0.88550958000000002,-0.48317951999999997,-0.26395312000000004,0.31484906000000001,-0.51553285999999998,0.32572558000000007,-0.49953228000000005,-0.32274959999999997,-0.81712666,-0.71353770000000005,0.51631951999999992,0.46593061999999996,-0.22671909999999995,-0.96940789999999999,-0.95110859999999997,0.33077881999999992,-0.72271713999999998,0.066695479999999918,-0.19260122000000002,0.97124627999999991,-0.78644687999999996,-0.17702337999999995
0.26494225535732324,-0.16197812736925071,-0.3393849799808818,0.11294650323490925,0.38526792015806272,0.15516862210568008,-0.2392971628947515,-0.57307383626840225,0.14935183584581985,-0.46542456997162451,-0.45072570209320634,0.2181105371010551,0.18508917691986593,-0.37365573187636208,0.31638512000000008,1.0,0.41845829306283616,-0.074093631052275816,0.52161798055235908,-0.23552338334131351,0.84247367612079582,0.22173776962299821,0.16295471510940251,-0.0019063249414102135,0.49878019804563228,0.10564240538893588,-0.5447232108020339,-0.043912692541144771,0.43914038268683608,-0.25758150334833702,-0.15242370858944604,-0.068117570583766371,-0.10437456891791569,-0.37012148405870754,-0.41887498241448223,0.47194672135120952,0.43773012303841563,-0.47319795793712,0.057733658337749391
0.32905715081292025,0.24431796072460041,-0.46387250838331801,-0.1269520057367178,0.15874989192959232,-0.10254173328632238,0.21712402609939419,-0.017225831940582196,-0.1938844698446279,-0.019323656020788952,-0.10255069795108172,0.64352848664156848,0.64054778560181624,-0.0093634810179103779,-0.041778920000000053,0.41845829306283616,1.0,0.25293109916328188,0.3021700881612045,0.63230619618404604,0.21776367819694281,0.065467007058122126,0.1149582986079357,-0.43614422296637906,0.80079132020532506,0.34098593320071624,0.097058479489160479,-0.16383328188779256,0.69570805549785419,-0.4610091098843665,0.086224418021901755,0.1309402967223863,0.2267622366872819,0.18643856955993193,-0.74655687699393247,0.24991328685236822,-0.085974565918867471,-0.28398627487351663,0.52222073687465975
-0.5199239431367132,0.72954125915972312,-0.19421367548344062,-0.94560735812956742,-0.77702154312438232,-0.53478466129813651,0.89881377791099293,0.6331076554435251,-0.78232932474467798,0.63851859901976094,0.11370171509956799,0.46460369498585941,-0.39837203293540668,0.83341518934537651,-0.88550958000000002,-0.074093631052275816,0.25293109916328188,1.0,0.65051562261422247,0.20652697807339937,-0.07732922691455292,0.54219107199890793,-0.12368539629159114,0.4166723405137443,0.54647187103132322,0.91251015651259626,0.51894140310329806,-0.59178690266320455,-0.26016431269583845,-0.0051346228205567147,0.8828627081434538,0.91705493171877295,-0.31498904139237827,0.64696211011486793,-0.21672154321446582,0.35265701220936241,-0.82899004873470061,0.60294948128649306,0.27677126062924179
-0.2556319721112762,0.21515684164319471,-0.23040231627977481,-0.64631109150108923,-0.39519252184677095,-0.29797794797275956,0.47648337922856554,-0.023663773320121415,-0.40663981658426274,0.21448122431065575,-0.46481911930737063,0.26054601713904779,-0.45496546192792275,0.40071051376097333,-0.48317951999999997,0.52161798055235908,0.3021700881612045,0.65051562261422247,1.0,-0.26646383099844662,0.56623674178315575,0.72818656036290519,-0.0604287093606104,0.38029370081709457,0.64717857996355621,0.8025775920978705,-0.16704614156046138,-0.7607957149835255,-0.20165809143260638,0.066359056362237379,0.56425743820106067,0.72877155427770224,-0.41130674513935439,0.27676552544914634,-0.4181983931184986,0.8153730659684717,-0.29743171357570775,0.044232197911185378,0.022057822569594543
-0.055071502601769351,0.58092156669806516,-0.0059753865587727217,-0.080532209857215542,-0.08802742694543253,-0.36085637607243098,0.36544084605961508,0.55004920996497764,-0.3820849573963187,0.41449460205965183,0.31999296293721319,0.37915280797736906,0.59001527801871667,0.28407697599542542,-0.26395312000000004,-0.23552338334131351,0.63230619618404604,0.20652697807339937,-0.26646383099844662,1.0,-0.41670125737771441,-0.14722053048934514,-0.25105351410500143,-0.24778344774514871,0.32258925316298293,0.11397203262251604,0.67385672549043718,0.17890661728068935,0.40788980365506666,-0.20809942557571037,0.25650780625972847,0.11136408188280145,0.13671660036841377,0.30481953907686787,-0.43273321210362758,-0.42440408529528451,-0.42903209277391874,0.14865993881792516,0.3709796898548986
0.23358965500285514,-0.31364413893549264,0.043192714964157559,0.12963374527161267,0.33581879346858534,0.0098288293645908305,-0.33814750045128339,-0.63246036416658047,0.25259491053121758,-0.36029131642870044,-0.67391336156295778,-0.07457690522397134,-0.10785087596038773,-0.33234704220564548,0.31484906000000001,0.84247367612079582,0.21776367819694281,-0.07732922691455292,0.56623674178315575,-0.41670125737771441,1.0,0.46926959907129062,-0.073666718331948086,0.24514335327025866,0.21682308878176318,0.062690127593688971,-0.63226533806432306,-0.13914255196103487,0.075410668729044075,0.051992234071037556,-0.16347844704729089,-0.040599705708930262,-0.39698279714570073,-0.53779553498270216,-0.40264456560455131,0.47787576628213324,0.49616323626959213,-0.59423545481765894,-0.35034304855710019
-0.57631922410817005,0.27337699571425789,0.30949140295074229,-0.57938193884529121,-0.58307899417993803,-0.35695521343856162,0.42875873499633155,0.21191268892475282,-0.43904747291641616,0.30213797053743663,-0.26598120211008208,-0.066961332767756288,-0.64068802106288281,0.55991044473270823,-0.51553285999999998,0.22173776962299821,0.065467007058122126,0.54219107199890793,0.72818656036290519,-0.14722053048934514,0.46926959907129062,1.0,-0.63682699158016554,0.62659531826037551,0.16438489173589665,0.52515885225173586,0.11539922096194102,-0.46098366533854523,-0.50470512534990075,0.61783814888552646,0.58879734382825799,0.66477187396955362,-0.62028771828481655,-0.074054394231758566,-0.15805745300434648,0.43930909659337919,-0.36301158477334206,0.11800149288142894,-0.30663464264311857
0.63900936005852405,-0.3228558714688487,-0.7898128292846095,0.12856211621900379,0.37079617160476913,0.51278878114772397,-0.18491009070597803,-0.39692968633110615,0.34662683330212518,-0.46711485367717964,0.12768406588368139,0.43277097219611216,0.37109821684493871,-0.43611022135780092,0.32572558000000007,0.16295471510940251,0.1149582986079357,-0.12368539629159114,-0.0604287093606104,-0.25105351410500143,-0.073666718331948086,-0.63682699158016554,1.0,-0.57652463921890285,0.29221406477392953,0.0026490875915871157,-0.37030332159308293,-0.01348643323220973,0.52806746915609493,-0.73051186127171375,-0.3961396246568139,-0.29139797498639369,0.65906010364575762,0.22806660394804956,0.040874878699846337,0.25293911985377854,0.29781917091349597,-0.097254866884774971,0.54112873620979773
-0.73760182583544931,0.43371183904869748,0.5408711702246306,-0.40920010139812896,-0.49783204941105186,-0.62749141426342447,0.3232197131820731,0.32892521772143962,-0.42610127799654529,0.53998826263556887,-0.16907238568928534,-0.38392347994249426,-0.74358305052619311,0.51478894568209987,-0.49953228000000005,-0.0019063249414102135,-0.43614422296637906,0.4166723405137443,0.38029370081709457,-0.24778344774514871,0.24514335327025866,0.62659531826037551,-0.57652463921890285,1.0,-0.17885553483603206,0.33943346225128929,0.18680316587782364,-0.17020161234198095,-0.70515413106062808,0.52237052581224852,0.6162186551329244,0.53883179796994396,-0.88916873590401468,-0.035323700956819831,0.059246446602933975,-0.048318580497339052,-0.36217291789075212,0.38181120645965194,-0.59838755265142585
0.066403387203272046,0.38260639227809429,-0.68099708087116173,-0.45519786209679464,-0.097082993505329229,-0.20540421725244434,0.47264664003973567,0.046531546559445219,-0.42568762169374674,0.13341495927739866,-0.12821576503308643,0.65570988731621438,0.30307782619975077,0.19290737812804287,-0.32274959999999997,0.49878019804563228,0.80079132020532506,0.54647187103132322,0.64717857996355621,0.32258925316298293,0.21682308878176318,0.16438489173589665,0.29221406477392953,-0.17885553483603206,1.0,0.70007016713115711,0.021602438155867605,-0.50190944175875507,0.4894755654487089,-0.50383170862754001,0.39326465639395841,0.46896546691247637,0.072161760723119875,0.4982829404249301,-0.64995818203557965,0.52655824301298282,-0.29447651028333227,0.0056710166352887861,0.56623947858450008
-0.38425600376630509,0.58848698913183939,-0.30076464157418903,-0.8588434086843989,-0.65377391494351189,-0.46594930127024969,0.83773500454708671,0.44344259613591019,-0.66179479371326921,0.59234687859187907,-0.11590996442520303,0.46570503667009422,-0.36169917978202248,0.7238959760417859,-0.81712666,0.10564240538893588,0.34098593320071624,0.91251015651259626,0.8025775920978705,0.11397203262251604,0.062690127593688971,0.52515885225173586,0.0026490875915871157,0.33943346225128929,0.70007016713115711,1.0,0.31351347538505359,-0.74673426208849369,-0.19407510863025465,-0.058656558304852516,0.82981616250225287,0.91830991247161575,-0.27675816408193565,0.70001426888299001,-0.42841208414984228,0.55015622532156949,-0.72298405322549208,0.44344583299773954,0.26116719060667709
-0.565781152662713,0.82859900367693107,0.12217308627745124,-0.54203902076741317,-0.67665039082488909,-0.37709935147285806,0.74565909625982174,0.95971610468837298,-0.68661196128500046,0.61257745362952654,0.6071450481017262,0.37366914351223285,-0.055891474273149513,0.77860021346708508,-0.71353770000000005,-0.5447232108020339,0.097058479489160479,0.51894140310329806,-0.16704614156046138,0.67385672549043718,-0.63226533806432306,0.11539922096194102,-0.37030332159308293,0.18680316587782364,0.021602438155867605,0.31351347538505359,1.0,0.14043975750397747,-0.12314291367764037,0.134778239850222,0.64761749963484982,0.49469524861930242,0.013869654880968123,0.46925141918305702,0.11103438204216443,-0.40154879541037458,-0.83578486944884267,0.77620189986820132,0.34096318665633085
0.16418279415014339,-0.064130543684072727,0.11278729666412057,0.54494349639677853,0.42967157820193269,0.37443987835882853,-0.46324575063158574,-0.059435541916784393,0.27461961572890842,-0.45142276436568751,0.43186574636802849,-0.030188232333851955,0.43759025077285824,-0.41308062220812364,0.51631951999999992,-0.043912692541144771,-0.16383328188779256,-0.59178690266320455,-0.7607957149835255,0.17890661728068935,-0.13914255196103487,-0.46098366533854523,-0.01348643323220973,-0.17020161234198095,-0.50190944175875507,-0.74673426208849369,0.14043975750397747,1.0,0.391776547226387,-0.092534131939438019,-0.49056203647461449,-0.6759513292497108,0.27911242001729264,-0.58363186908984777,0.38623740575840637,-0.76992270340890756,0.38741393940477309,-0.033803180545802392,0.057464935970595203
0.60058455871983507,-0.061650020391029056,-0.67948373911386817,0.32509314341733375,0.57702861502650882,0.40512807008234836,-0.24349771306230605,-0.31000216597103897,0.18881814549669401,-0.53250160219089315,0.19470951684896512,0.57340368620446047,0.90910739496291015,-0.51102319120075401,0.46593061999999996,0.43914038268683608,0.69570805549785419,-0.26016431269583845,-0.20165809143260638,0.40788980365506666,0.075410668729044075,-0.50470512534990075,0.52806746915609493,-0.70515413106062808,0.4894755654487089,-0.19407510863025465,-0.12314291367764037,0.391776547226387,1.0,-0.7132192274762712,-0.42735634505358705,-0.45146969753307054,0.61224237770906476,-0.10976775767991674,-0.31352110353383766,-0.089792253879258113,0.3530510360062723,-0.33607983851782686,0.64933297086205521
-0.59200492725860865,-0.02584720184972817,0.69673548558557641,-0.095100004573421257,-0.46147064445350838,-0.12185056127799085,0.060977804213399669,0.21541568692736299,-0.04810986684038808,0.22414218874151043,0.0051938412731351467,-0.59868649423099696,-0.63882045598224035,0.3434872482147992,-0.22671909999999995,-0.25758150334833702,-0.4610091098843665,-0.0051346228205567147,0.066359056362237379,-0.20809942557571037,0.051992234071037556,0.61783814888552646,-0.73051186127171375,0.52237052581224852,-0.50383170862754001,-0.058656558304852516,0.134778239850222,-0.092534131939438019,-0.7132192274762712,1.0,0.22142321323255004,0.21177184137101451,-0.4463032411977329,-0.290752734109055,0.27275337467640381,-0.016867233618992394,-0.16296934198337104,0.11921368114978993,-0.60340581285893091
-0.78659812364685089,0.85160530740494778,0.052970700448287153,-0.88443692032938459,-0.85685097785621278,-0.67702229437755934,0.93133704063623313,0.78280485655283749,-0.88586795730155876,0.80046504589253686,0.10930271042600664,0.25982185152598519,-0.50800847499142576,0.93928166863206008,-0.96940789999999999,-0.15242370858944604,0.086224418021901755,0.8828627081434538,0.56425743820106067,0.25650780625972847,-0.16347844704729089,0.58879734382825799,-0.3961396246568139,0.6162186551329244,0.39326465639395841,0.82981616250225287,0.64761749963484982,-0.49056203647461449,-0.42735634505358705,0.22142321323255004,1.0,0.95727668102174324,-0.48250925265439704,0.63544500143078175,-0.15332323017511054,0.17761687443993296,-0.91769573292313777,0.72824120860893748,0.10264866125699333
-0.66556461559334601,0.70164279290280784,-0.028169305235889584,-0.92960131856733097,-0.85397606259427639,-0.58717116761795274,0.91803190241709154,0.64919005817164832,-0.79822616092242427,0.71909657429151697,-0.030141983204524322,0.31024458501856245,-0.57707784205812485,0.90795710704234733,-0.95110859999999997,-0.068117570583766371,0.1309402967223863,0.91705493171877295,0.72877155427770224,0.11136408188280145,-0.040599705708930262,0.66477187396955362,-0.29139797498639369,0.53883179796994396,0.46896546691247637,0.91830991247161575,0.49469524861930242,-0.6759513292497108,-0.45146969753307054,0.21177184137101451,0.95727668102174324,1.0,-0.42391624847880793,0.65732543847728986,-0.20888147301571197,0.43216302982031685,-0.86084726591705663,0.62143488355532794,0.12056190539378968
0.55426642061121523,-0.29022721432963455,-0.61939116731347144,0.22471132626399645,0.24625228497510016,0.7493235728244505,-0.14451517818400433,-0.12819777350932235,0.32699420633822063,-0.54698023514408933,0.46549624853367805,0.50517393753312079,0.55433215868982699,-0.32465590323485521,0.33077881999999992,-0.10437456891791569,0.2267622366872819,-0.31498904139237827,-0.41130674513935439,0.13671660036841377,-0.39698279714570073,-0.62028771828481655,0.65906010364575762,-0.88916873590401468,0.072161760723119875,-0.27675816408193565,0.013869654880968123,0.27911242001729264,0.61224237770906476,-0.4463032411977329,-0.48250925265439704,-0.42391624847880793,1.0,0.11009630981192245,0.22857783690448358,0.021009988929695189,0.18660273732826405,-0.035170186044081037,0.72872925777239328
-0.244623563303693,0.5407823410406557,-0.35477171024275139,-0.62813418438311797,-0.53654421007968789,-0.39405328288816149,0.76427080473536724,0.58301101965882551,-0.58012165945511718,0.64605541578262371,0.15160647189374205,0.43124004794650111,-0.10437239954963176,0.6167557525592211,-0.72271713999999998,-0.37012148405870754,0.18643856955993193,0.64696211011486793,0.27676552544914634,0.30481953907686787,-0.53779553498270216,-0.074054394231758566,0.22806660394804956,-0.035323700956819831,0.4982829404249301,0.70001426888299001,0.46925141918305702,-0.58363186908984777,-0.10976775767991674,-0.290752734109055,0.63544500143078175,0.65732543847728986,0.11009630981192245,1.0,-0.1760945116758357,0.23710038395840682,-0.75682635381987029,0.590166726752407,0.45947612884526146
-0.28668799621497698,-0.14158027241233018,0.077576841949584849,0.0025517517350898324,-0.22273452092568835,0.42592103042417973,-0.10704001584956685,0.14088690518651442,0.045930281308412368,-0.29103507078664215,0.56022854128174093,-0.21715717782229513,-0.36775194719543169,0.018401687188887163,0.066695479999999918,-0.41887498241448223,-0.74655687699393247,-0.21672154321446582,-0.4181983931184986,-0.43273321210362758,-0.40264456560455131,-0.15805745300434648,0.040874878699846337,0.059246446602933975,-0.64995818203557965,-0.42841208414984228,0.11103438204216443,0.38623740575840637,-0.31352110353383766,0.27275337467640381,-0.15332323017511054,-0.20888147301571197,0.22857783690448358,-0.1760945116758357,1.0,-0.25862647345970952,0.019927889524497276,0.42947690952377721,0.0302126225270202
0.1080286619233206,-0.19634621179990935,-0.36027524994488852,-0.39487580519753462,-0.21177415862752175,0.086493302269181338,0.21991000123379495,-0.27785081080870627,-0.011128103855152845,-0.11187651437195491,-0.42003175218332761,0.25607829209102489,-0.32316523745904624,0.11671996770534601,-0.19260122000000002,0.47194672135120952,0.24991328685236822,0.35265701220936241,0.8153730659684717,-0.42440408529528451,0.47787576628213324,0.43930909659337919,0.25293911985377854,-0.048318580497339052,0.52655824301298282,0.55015622532156949,-0.40154879541037458,-0.76992270340890756,-0.089792253879258113,-0.016867233618992394,0.17761687443993296,0.43216302982031685,0.021009988929695189,0.23710038395840682,-0.25862647345970952,1.0,-0.037077743271436189,-0.16665526834462896,0.13877046380701877
0.70136692746153839,-0.84952467784409869,-2.3214646755073676e-05,0.84964949604974016,0.89160294627125092,0.54928118873310228,-0.96799805605718792,-0.93023205771927919,0.84893653203209052,-0.79867839458587186,-0.36117818356538528,-0.35894045678861525,0.36517735345486346,-0.96378615652877786,0.97124627999999991,0.43773012303841563,-0.085974565918867471,-0.82899004873470061,-0.29743171357570775,-0.42903209277391874,0.49616323626959213,-0.36301158477334206,0.29781917091349597,-0.36217291789075212,-0.29447651028333227,-0.72298405322549208,-0.83578486944884267,0.38741393940477309,0.3530510360062723,-0.16296934198337104,-0.91769573292313777,-0.86084726591705663,0.18660273732826405,-0.75682635381987029,0.019927889524497276,-0.037077743271436189,1.0,-0.83242711453112295,-0.29388300125639333
-0.7174866108918736,0.74896433326416234,-0.086388986684944297,-0.72000857201078639,-0.80088169000191067,-0.26258696159582673,0.78661757289351153,0.85257139579710295,-0.72616963703573889,0.52351606885877866,0.60378653199854293,0.30624871466078002,-0.42490641755842662,0.79559613305534094,-0.78644687999999996,-0.47319795793712,-0.28398627487351663,0.60294948128649306,0.044232197911185378,0.14865993881792516,-0.59423545481765894,0.11800149288142894,-0.097254866884774971,0.38181120645965194,0.0056710166352887861,0.44344583299773954,0.77620189986820132,-0.033803180545802392,-0.33607983851782686,0.11921368114978993,0.72824120860893748,0.62143488355532794,-0.035170186044081037,0.590166726752407,0.42947690952377721,-0.16665526834462896,-0.83242711453112295,1.0,0.34105638922421416
0.17055852668590049,0.31181600595222797,-0.83897923894538495,-0.34185437781720907,-0.11566415444882724,0.34074649403791862,0.40649516774380001,0.25455066040302204,-0.31986959468143644,-0.20059272871218675,0.51115701700792948,0.8858493119706502,0.46233396954846928,0.13307235272939744,-0.17702337999999995,0.057733658337749391,0.52222073687465975,0.27677126062924179,0.022057822569594543,0.3709796898548986,-0.35034304855710019,-0.30663464264311857,0.54112873620979773,-0.59838755265142585,0.56623947858450008,0.26116719060667709,0.34096318665633085,0.057464935970595203,0.64933297086205521,-0.60340581285893091,0.10264866125699333,0.12056190539378968,0.72872925777239328,0.45947612884526146,0.0302126225270202,0.13877046380701877,-0.29388300125639333,0.34105638922421416,1.0
