1.0,0.13251318179173083,0.94729409589719038,0.32390774732103694,0.15658614881951341,-0.1290986740020344,0.84876533715793911,-0.79851752764902484,-0.21576243161919123,-0.54211785397325973,0.3852824009082283,-0.29659105005030828,0.1631962478125967,0.15083380262627308,-0.060480919331709661,0.15855540771839718,-0.25563451510619406,0.67748958374700807,0.25418783999999994,0.70786435267422609,-0.0078682706215224881,-0.2377369285216778,0.43681264122793928,-0.22815720752963226,0.21878832905140352,0.92619491595021175,0.30807641901626071,-0.11469862722800017,-0.5085033369825751,0.12063253283749692,0.70461585254527381,0.070714963180616,0.13508318996212687,0.67599756292987689,-0.51971085069661804,-0.90320750237303749,-0.090135925611484063,0.84398821092036591,0.83682570566048742
0.13251318179173083,1.0,0.24310405136272856,-0.67231541239841386,0.35747417096575573,0.92224688154868795,-0.10704732530762248,-0.037812375200183768,0.62133493868184309,0.12734288670803748,0.45074544355250457,-0.88755280543369319,0.10616933901875808,0.55180306266081391,0.59088504054595359,0.14932220147826847,-0.61531636095411413,-0.48533592076950888,0.97622698000000008,-0.5467850661340542,-0.95868673986205066,0.2709252026738373,-0.79980069012653499,-0.70350324872848058,0.61495297583302988,0.15949856936328219,-0.35626735437829837,0.18322542435597,-0.65301991742923626,0.6010464948770794,0.48228705188305143,-0.77033724794173797,0.43141905350791881,0.68238687201276871,-0.38827055238638669,-0.49460113735300204,-0.94879538777137296,-0.025236754451985467,0.47158635366222373
0.94729409589719038,0.24310405136272856,1.0,0.24051408361416879,0.24067208280543093,-0.014701160897958428,0.67170120750203666,-0.73962775833741712,-0.17643672666638116,-0.44714360383802665,0.26064643946746607,-0.35177070129189542,0.16556777672839598,0.055444564723745378,0.12952407666108043,0.31270624237625833,-0.31381095431966705,0.67965939734818837,0.32510069999999991,0.56069336006622428,-0.082599704653173317,-0.28588391972078919,0.3557068577410003,-0.18700015181609908,0.40980100279003151,0.97967037732702211,0.31050322627123755,-0.070608275934985282,-0.55455077236461092,0.0051540261015064811,0.76095162421135087,-0.054622189666589327,0.34997491987396812,0.60454502873206883,-0.53412659267109408,-0.89582968091514092,-0.14209601790896112,0.74146213754939294,0.78201097772434958
0.32390774732103694,-0.67231541239841386,0.24051408361416879,1.0,0.13840961830685883,-0.68691340020051661,0.34025623237902974,-0.30377687641271972,-0.32238587294992865,-0.48849697301466516,-0.35824954129557962,0.5539109519103117,0.19186158096483175,-0.15813285980513808,-0.20568413379174352,-0.20788295381721217,0.50697015758988029,0.69734970252597228,-0.60297515999999995,0.58966794561986602,0.68753730251064893,-0.70871474979559423,0.73650058311927591,0.4702233034449248,-0.20203710613095055,0.2532423845309858,-0.019350442514771062,0.22552100111024287,0.41103273818405456,-0.30247395742714278,0.11872294047831312,0.74999236585805973,-0.38422593659172277,-0.28582970851642114,-0.047554850951644849,0.044733235950237558,0.62525882335102001,0.26796136427277073,-0.098877045560793478
0.15658614881951341,0.35747417096575573,0.24067208280543093,0.13840961830685883,1.0,0.47079961807118675,-0.18969220023823158,-0.36050313307678788,0.73877070050933891,-0.21772444758947757,-0.4301794870981247,-0.37452428450336861,0.84049156101114475,0.50449266387286495,0.73926374648232773,-0.47950895866698179,-0.18667269386501506,0.083454980122732114,0.36685795999999993,-0.31479205526582116,-0.23486219715143902,-0.40513178626024765,-0.24278314914612142,-0.39322531063005328,0.71120520621366357,0.175730040175687,-0.3319246792066099,0.85193892395981585,0.24455753638665406,0.22770564172602367,0.67196114496479586,-0.25523369952796182,0.16283096093099336,0.17389109042816242,-0.71840928859982622,-0.19716303330515034,-0.43358995052292348,-0.2011517049169676,-0.076435557258049763
-0.1290986740020344,0.92224688154868795,-0.014701160897958428,-0.68691340020051661,0.47079961807118675,1.0,-0.3673178838812392,0.059651895146010964,0.79273404679696413,0.198269390647899,0.21726195626693781,-0.85790316395213506,0.15655057015004428,0.5521600514767202,0.63827549720482424,-0.10744297420679703,-0.62130454632581367,-0.65492195531631481,0.89867252000000009,-0.74316766026990899,-0.9303370330029167,0.23108679023879355,-0.91849587466217175,-0.68080554810247629,0.67554489425547404,-0.096801458728878423,-0.41674321230626976,0.33409193873433535,-0.34618158337824723,0.59517217062742289,0.30631751419454373,-0.85496366423539927,0.36314064430237175,0.4629509857809852,-0.26343852418518138,-0.24481477693033657,-0.95184649839204061,-0.36388037926820899,0.15215479264689946
0.84876533715793911,-0.10704732530762248,0.67170120750203666,0.34025623237902974,-0.18969220023823158,-0.3673178838812392,1.0,-0.67366174039159632,-0.34498487196475863,-0.61518046665423021,0.59333371852245409,-0.092147652339397229,-0.030571784232779453,0.2175285564745707,-0.48474299330498416,0.024889872090046783,-0.038303068946692387,0.52964628877393016,0.039643120000000032,0.85415440448493318,0.15834852501326652,-0.10125056970720658,0.52062321535584,-0.17585387705004638,-0.26487837630065847,0.63974025786907596,0.34258556806993956,-0.31587879710828737,-0.43638382014424737,0.23550550685299454,0.33741167923254001,0.32754761129848492,-0.3029746865696894,0.63815678956323407,-0.26327765979269802,-0.71541983986235569,0.086308038668898052,0.90190955028057962,0.77843840178081547
-0.79851752764902484,-0.037812375200183768,-0.73962775833741712,-0.30377687641271972,-0.36050313307678788,0.059651895146010964,-0.67366174039159632,1.0,-0.029829949728356665,0.76681359858645137,-0.10472254910482172,0.3295569607982663,-0.36749959150546191,-0.27732247438737295,0.07168522329225506,0.28041188577612552,0.48738978372268577,-0.53068548576479624,-0.20617065999999995,-0.56684046446570802,-0.05202908107162281,0.17134063313655534,-0.34072971304250699,0.25867246973692604,-0.26884046074177093,-0.72895279859588513,-0.32094767298080146,0.031713209403539999,0.13785568742508797,-0.22162936374051534,-0.50694375030891892,0.096797302766792659,-0.052582027787161936,-0.53987970263643115,0.52002459908423915,0.75333608305110256,0.13445526550327694,-0.51859909555891526,-0.54161890415874769
-0.21576243161919123,0.62133493868184309,-0.17643672666638116,-0.32238587294992865,0.73877070050933891,0.79273404679696413,-0.34498487196475863,-0.029829949728356665,1.0,-0.088937883038755328,-0.066963571487144144,-0.62472393653263647,0.51056510623670981,0.79802660777339585,0.55976374314311583,-0.59456469197174233,-0.29184434600764209,-0.57250234579692294,0.62473828000000009,-0.65823136655605652,-0.61263312155164684,-0.06879066929897934,-0.74930101611614464,-0.67506568914524601,0.51421967293777271,-0.30084396584284084,-0.5509597257084855,0.69141732600232009,0.10674055966756148,0.67237007157607043,0.28580390454945803,-0.50404144870989842,-0.080260935504095285,0.30004845139885544,-0.3856294629625121,-0.023526860104317152,-0.76364513786224453,-0.4264822167820681,-0.12421663548396401
-0.54211785397325973,0.12734288670803748,-0.44714360383802665,-0.48849697301466516,-0.21772444758947757,0.198269390647899,-0.61518046665423021,0.76681359858645137,-0.088937883038755328,1.0,-0.14428025245353404,0.14101012192225618,-0.21873994507650502,-0.42933434239970192,0.26370345714954407,0.41302746593456363,0.18200918464155233,-0.33326434657104453,-0.039364100000000013,-0.49376982183718005,-0.14388720607848127,0.30429735330953855,-0.29180560601934147,0.13091648922510368,0.016106949017189037,-0.37941785914105486,0.044583239434436039,-0.010135380467287273,0.010052035610599057,-0.39171597128815611,-0.19648313545779642,-0.21331157046937199,0.38098338086137457,-0.38881329489459698,0.26657529817808795,0.44172291314080919,0.01410969970323122,-0.40066250146678767,-0.36519695955992704
0.3852824009082283,0.45074544355250457,0.26064643946746607,-0.35824954129557962,-0.4301794870981247,0.21726195626693781,0.59333371852245409,-0.10472254910482172,-0.066963571487144144,-0.14428025245353404,1.0,-0.47068068538771818,-0.41539060917370652,0.38105944223017113,-0.28928290560347575,0.2585543186300957,-0.26154483248282795,-0.24329616566362947,0.52063258000000001,0.20137220685847954,-0.51256071793317981,0.34752105573890163,-0.23168665849119086,-0.40408984772385576,-0.2109127705707578,0.19453485289853822,-0.042024902505759729,-0.42291011342980156,-0.81430066243251453,0.57800689761537749,0.066011706383993576,-0.14650341391858898,-0.17463891855660518,0.77386392569590157,0.027789067716569461,-0.54997730197969263,-0.43241876072451185,0.53190871292184383,0.78049597469234189
-0.29659105005030828,-0.88755280543369319,-0.35177070129189542,0.5539109519103117,-0.37452428450336861,-0.85790316395213506,-0.092147652339397229,0.3295569607982663,-0.62472393653263647,0.14101012192225618,-0.47068068538771818,1.0,-0.046155519997896591,-0.62046850052952263,-0.37056703040038896,0.10253112315167756,0.76569637659445733,0.40918336792529636,-0.95208408,0.33585818513425036,0.88681197102052478,-0.13083157393030095,0.69287694946912426,0.77488995398921801,-0.64144177254141421,-0.25510166228765518,0.2235503438799778,-0.1063508785750487,0.55435529206234391,-0.72680548534735911,-0.43400362691706007,0.79996576532616848,-0.28012999650279358,-0.75647238673001194,0.29690735067961949,0.62537353903471049,0.94017851556171528,-0.018301579453803687,-0.53206701209341345
0.1631962478125967,0.10616933901875808,0.16556777672839598,0.19186158096483175,0.84049156101114475,0.15655057015004428,-0.030571784232779453,-0.36749959150546191,0.51056510623670981,-0.21873994507650502,-0.41539060917370652,-0.046155519997896591,1.0,0.41824814068170624,0.56781496169241097,-0.45411771118383076,0.026920479644679602,0.24475013399728177,0.10051805999999996,-0.10196107681815014,0.061392148508498987,-0.17943124669459171,0.030315944085327562,-0.26937743710687234,0.36172254115077523,0.14368279275513363,-0.14919866004762397,0.75054590686527978,0.32134788466470315,0.061243123648616511,0.61394092131570932,0.035155483300265855,0.04007034419401663,0.12572819504314142,-0.85416423676686737,-0.11085885327410695,-0.15951197538962733,-0.008025753716126462,-0.084536515427592204
0.15083380262627308,0.55180306266081391,0.055444564723745378,-0.15813285980513808,0.50449266387286495,0.5521600514767202,0.2175285564745707,-0.27732247438737295,0.79802660777339585,-0.42933434239970192,0.38105944223017113,-0.62046850052952263,0.41824814068170624,1.0,0.20043099528063005,-0.57001322768302787,-0.21859688542016081,-0.4043310881993365,0.62641594,-0.22225246157104436,-0.54434766473136498,-0.052351801591098104,-0.51576346288043728,-0.76052326855706565,0.17831314423661024,-0.09622053167765944,-0.50299194974510353,0.46327385490049128,-0.17690873710641794,0.906436525715693,0.35067018253773441,-0.22390898053724356,-0.397086819082342,0.66137773718359716,-0.45415918107142605,-0.32757897677820669,-0.70516026546984256,0.080483781638861954,0.30795752462901849
-0.060480919331709661,0.59088504054595359,0.12952407666108043,-0.20568413379174352,0.73926374648232773,0.63827549720482424,-0.48474299330498416,0.07168522329225506,0.55976374314311583,0.26370345714954407,-0.28928290560347575,-0.37056703040038896,0.56781496169241097,0.20043099528063005,1.0,0.086705491179720623,-0.22641979452015587,-0.098400683237155687,0.49732413999999991,-0.63549898084291789,-0.49233351959400473,-0.1352669947625989,-0.47348257230243151,-0.17162571551228714,0.77106992608752312,0.11045333340669147,-0.44682040827505293,0.69713332231726821,-0.089394367141200998,0.0082528517000862479,0.58228319327861977,-0.41935528031779873,0.54920658149782842,0.092639463954917067,-0.57628780567984816,-0.09097709886428676,-0.50939466730801852,-0.34795075861702474,-0.047656541199521396
0.15855540771839718,0.14932220147826847,0.31270624237625833,-0.20788295381721217,-0.47950895866698179,-0.10744297420679703,0.024889872090046783,0.28041188577612552,-0.59456469197174233,0.41302746593456363,0.2585543186300957,0.10253112315167756,-0.45411771118383076,-0.57001322768302787,0.086705491179720623,1.0,0.033999724256414066,0.2349818045858561,0.040035360000000075,0.081188468650644191,-0.081071046440927524,0.18864565714992654,0.13215672434293624,0.3445216886846254,-0.0063010124261730083,0.37610698735136072,0.20469989599220717,-0.46900425248187166,-0.63586464819350341,-0.46571206757216532,0.086447448004468797,0.0060222083982680585,0.56520241416102412,0.012817325642976371,0.11711027705897337,-0.18371713103423715,0.1465775121421809,0.31781538580491769,0.34933252693470307
-0.25563451510619406,-0.61531636095411413,-0.31381095431966705,0.50697015758988029,-0.18667269386501506,-0.62130454632581367,-0.038303068946692387,0.48738978372268577,-0.29184434600764209,0.18200918464155233,-0.26154483248282795,0.76569637659445733,0.026920479644679602,-0.21859688542016081,-0.22641979452015587,0.033999724256414066,1.0,0.25150736376445809,-0.70211946000000003,0.21613433350902939,0.64349373566096169,-0.41597237045757723,0.47159949487529984,0.45169947961169304,-0.55339716218548185,-0.33063652744198135,-0.058205743699138501,0.23994646888812646,0.38695613126184658,-0.40797797123371199,-0.20546201215530871,0.86318957940308993,-0.53197246780644381,-0.51763032210628601,0.18313486915265398,0.552157809252526,0.6751982476940166,0.068669252679839268,-0.39826590620343988
0.67748958374700807,-0.48533592076950888,0.67965939734818837,0.69734970252597228,0.083454980122732114,-0.65492195531631481,0.52964628877393016,-0.53068548576479624,-0.57250234579692294,-0.33326434657104453,-0.24329616566362947,0.40918336792529636,0.24475013399728177,-0.4043310881993365,-0.098400683237155687,0.2349818045858561,0.25150736376445809,1.0,-0.44279389999999996,0.77833140212235563,0.63881368237593406,-0.45386823891024636,0.88671832784356097,0.39739264216839021,-0.00041867675952864298,0.74067329596133646,0.47522283667378112,-0.03179780438938519,0.0358190387922575,-0.56467835369952257,0.43887398014158563,0.5313271100817275,0.12438300721342833,-0.047830302484348781,-0.33943161637970232,-0.35664731158156482,0.58301018769297841,0.60747043180936788,0.26202724082248041
0.25418783999999994,0.97622698000000008,0.32510069999999991,-0.60297515999999995,0.36685795999999993,0.89867252000000009,0.039643120000000032,-0.20617065999999995,0.62473828000000009,-0.039364100000000013,0.52063258000000001,-0.95208408,0.10051805999999996,0.62641594,0.49732413999999991,0.040035360000000075,-0.70211946000000003,-0.44279389999999996,1.0,-0.42903497999999995,-0.95344275999999994,0.23696881999999997,-0.75228468000000004,-0.75291255999999995,0.60997393999999994,0.23436746000000008,-0.32320992000000004,0.1456054200000001,-0.65911063999999997,0.69969828000000001,0.4958770400000001,-0.77475572000000004,0.35203892000000003,0.78192905999999995,-0.39610053999999995,-0.60616256000000002,-0.97262417999999995,0.047465639999999976,0.56219032000000002
0.70786435267422609,-0.5467850661340542,0.56069336006622428,0.58966794561986602,-0.31479205526582116,-0.74316766026990899,0.85415440448493318,-0.56684046446570802,-0.65823136655605652,-0.49376982183718005,0.20137220685847954,0.33585818513425036,-0.10196107681815014,-0.22225246157104436,-0.63549898084291789,0.081188468650644191,0.21613433350902939,0.77833140212235563,-0.42903497999999995,1.0,0.60604458913785231,-0.23621756730830923,0.86722263926445176,0.21157454792918079,-0.40360684758410692,0.59026595701042361,0.58508983267363435,-0.39959860644961337,-0.090261221396033375,-0.22752334841654509,0.13001582542754361,0.57184358048602457,-0.27451520711412547,0.17120890283934656,-0.045787572122476125,-0.42117812285904999,0.55174095802077694,0.79662137449541703,0.44013170844230581
-0.0078682706215224881,-0.95868673986205066,-0.082599704653173317,0.68753730251064893,-0.23486219715143902,-0.9303370330029167,0.15834852501326652,-0.05202908107162281,-0.61263312155164684,-0.14388720607848127,-0.51256071793317981,0.88681197102052478,0.061392148508498987,-0.54434766473136498,-0.49233351959400473,-0.081071046440927524,0.64349373566096169,0.63881368237593406,-0.95344275999999994,0.60604458913785231,1.0,-0.30354439645372056,0.88007902793760495,0.64621993140306921,-0.53435004774209149,-0.0035672339111152899,0.44426457671075714,-0.11445064204968214,0.60930764986153263,-0.67287096512944267,-0.28314388366305304,0.79141716973902687,-0.32639742897756668,-0.62568246602442468,0.18112269708283374,0.38907708533888419,0.95535168103485668,0.15784688245524103,-0.40209060507432437
-0.2377369285216778,0.2709252026738373,-0.28588391972078919,-0.70871474979559423,-0.40513178626024765,0.23108679023879355,-0.10125056970720658,0.17134063313655534,-0.06879066929897934,0.30429735330953855,0.34752105573890163,-0.13083157393030095,-0.17943124669459171,-0.052351801591098104,-0.1352669947625989,0.18864565714992654,-0.41597237045757723,-0.45386823891024636,0.23696881999999997,-0.23621756730830923,-0.30354439645372056,1.0,-0.34673284823546657,-0.22057518684244035,-0.21867326432477285,-0.21115645367257127,0.17570712714121861,-0.52692245563896933,-0.26549747573720078,0.1259845409314154,-0.26207068050179566,-0.4430390707514037,0.30112672960922093,0.17931224577516941,0.034664564189039258,0.016086808619004526,-0.24058938238665661,-0.037967410563640842,0.10152609446244779
0.43681264122793928,-0.79980069012653499,0.3557068577410003,0.73650058311927591,-0.24278314914612142,-0.91849587466217175,0.52062321535584,-0.34072971304250699,-0.74930101611614464,-0.29180560601934147,-0.23168665849119086,0.69287694946912426,0.030315944085327562,-0.51576346288043728,-0.47348257230243151,0.13215672434293624,0.47159949487529984,0.88671832784356097,-0.75228468000000004,0.86722263926445176,0.88007902793760495,-0.34673284823546657,1.0,0.55870892410009709,-0.40934872122057453,0.4330955663423659,0.56021877947749221,-0.23054411355864057,0.23770388379099625,-0.61954076428822891,0.027817305675000514,0.74961879473842252,-0.18196219388992829,-0.27259685084335239,-0.0083296063236872331,-0.058024921828648844,0.84762462168827701,0.53493551860611654,0.047850522146668739
-0.22815720752963226,-0.70350324872848058,-0.18700015181609908,0.4702233034449248,-0.39322531063005328,-0.68080554810247629,-0.17585387705004638,0.25867246973692604,-0.67506568914524601,0.13091648922510368,-0.40408984772385576,0.77488995398921801,-0.26937743710687234,-0.76052326855706565,-0.17162571551228714,0.3445216886846254,0.45169947961169304,0.39739264216839021,-0.75291255999999995,0.21157454792918079,0.64621993140306921,-0.22057518684244035,0.55870892410009709,1.0,-0.3778207538905678,-0.081283020680458992,0.12212808313564551,-0.1915182905182104,0.31674520683869506,-0.76071422186462012,-0.43789943413894111,0.55872200939102601,0.015608335711488477,-0.70948774854259344,0.41195746526053523,0.46421553062207244,0.78868271669609036,-0.1421073052711761,-0.39605391975076976
0.21878832905140352,0.61495297583302988,0.40980100279003151,-0.20203710613095055,0.71120520621366357,0.67554489425547404,-0.26487837630065847,-0.26884046074177093,0.51421967293777271,0.016106949017189037,-0.2109127705707578,-0.64144177254141421,0.36172254115077523,0.17831314423661024,0.77106992608752312,-0.0063010124261730083,-0.55339716218548185,-0.00041867675952864298,0.60997393999999994,-0.40360684758410692,-0.53435004774209149,-0.21867326432477285,-0.40934872122057453,-0.3778207538905678,1.0,0.3848342800976628,-0.17115893111085206,0.45721367161760135,-0.14838547652609091,0.11600276783340378,0.6147907560530842,-0.64667649870360644,0.60517904851647819,0.25167246479169131,-0.44012704178203998,-0.3716913295976893,-0.59497869708955609,-0.24023489903925019,0.13692793961039201
0.92619491595021175,0.15949856936328219,0.97967037732702211,0.2532423845309858,0.175730040175687,-0.096801458728878423,0.63974025786907596,-0.72895279859588513,-0.30084396584284084,-0.37941785914105486,0.19453485289853822,-0.25510166228765518,0.14368279275513363,-0.09622053167765944,0.11045333340669147,0.37610698735136072,-0.33063652744198135,0.74067329596133646,0.23436746000000008,0.59026595701042361,-0.0035672339111152899,-0.21115645367257127,0.4330955663423659,-0.081283020680458992,0.3848342800976628,1.0,0.39550646190054234,-0.15376654340606916,-0.51109868992375229,-0.13241300121590691,0.71658132163335286,-0.048538992826724879,0.43932136197334593,0.51355151560728685,-0.50296456388922139,-0.85438093500060164,-0.043347697790684647,0.72093923021378303,0.73637673450322561
0.30807641901626071,-0.35626735437829837,0.31050322627123755,-0.019350442514771062,-0.3319246792066099,-0.41674321230626976,0.34258556806993956,-0.32094767298080146,-0.5509597257084855,0.044583239434436039,-0.042024902505759729,0.2235503438799778,-0.14919866004762397,-0.50299194974510353,-0.44682040827505293,0.20469989599220717,-0.058205743699138501,0.47522283667378112,-0.32320992000000004,0.58508983267363435,0.44426457671075714,0.17570712714121861,0.56021877947749221,0.12212808313564551,-0.17115893111085206,0.39550646190054234,1.0,-0.51256252120108092,-0.0010325685760267413,-0.5005136676565819,-0.071958523761789045,0.030784757602754273,0.16181385579109309,-0.05545287687156901,0.082478577760232416,-0.224721998597981,0.40365854118305688,0.36749764709874233,0.097121453853385387
-0.11469862722800017,0.18322542435597,-0.070608275934985282,0.22552100111024287,0.85193892395981585,0.33409193873433535,-0.31587879710828737,0.031713209403539999,0.69141732600232009,-0.010135380467287273,-0.42291011342980156,-0.1063508785750487,0.75054590686527978,0.46327385490049128,0.69713332231726821,-0.46900425248187166,0.23994646888812646,-0.03179780438938519,0.1456054200000001,-0.39959860644961337,-0.11445064204968214,-0.52692245563896933,-0.23054411355864057,-0.1915182905182104,0.45721367161760135,-0.15376654340606916,-0.51256252120108092,1.0,0.36705569657342979,0.14608419957670801,0.45462482636655205,0.053638444799038565,-0.13641518387411666,-0.045630980187081484,-0.51850908943655016,0.14442802628798354,-0.25424757648184942,-0.33381587062345403,-0.29093988964228279
-0.5085033369825751,-0.65301991742923626,-0.55455077236461092,0.41103273818405456,0.24455753638665406,-0.34618158337824723,-0.43638382014424737,0.13785568742508797,0.10674055966756148,0.010052035610599057,-0.81430066243251453,0.55435529206234391,0.32134788466470315,-0.17690873710641794,-0.089394367141200998,-0.63586464819350341,0.38695613126184658,0.0358190387922575,-0.65911063999999997,-0.090261221396033375,0.60930764986153263,-0.26549747573720078,0.23770388379099625,0.31674520683869506,-0.14838547652609091,-0.51109868992375229,-0.0010325685760267413,0.36705569657342979,1.0,-0.31958022883354781,-0.37221608151261015,0.31447792586612794,-0.32823236453351939,-0.75306471134984754,0.18016746355808139,0.71164586431938182,0.49057814914679426,-0.55902610522884855,-0.86025924800727172
0.12063253283749692,0.6010464948770794,0.0051540261015064811,-0.30247395742714278,0.22770564172602367,0.59517217062742289,0.23550550685299454,-0.22162936374051534,0.67237007157607043,-0.39171597128815611,0.57800689761537749,-0.72680548534735911,0.061243123648616511,0.906436525715693,0.0082528517000862479,-0.46571206757216532,-0.40797797123371199,-0.56467835369952257,0.69969828000000001,-0.22752334841654509,-0.67287096512944267,0.1259845409314154,-0.61954076428822891,-0.76071422186462012,0.11600276783340378,-0.13241300121590691,-0.5005136676565819,0.14608419957670801,-0.31958022883354781,1.0,0.15098931127416207,-0.37707353861176901,-0.3381042311257873,0.70071176338935515,-0.17557362571296226,-0.3520796067218126,-0.76335312764408225,0.058881785670991116,0.39813614661515906
0.70461585254527381,0.48228705188305143,0.76095162421135087,0.11872294047831312,0.67196114496479586,0.30631751419454373,0.33741167923254001,-0.50694375030891892,0.28580390454945803,-0.19648313545779642,0.066011706383993576,-0.43400362691706007,0.61394092131570932,0.35067018253773441,0.58228319327861977,0.086447448004468797,-0.20546201215530871,0.43887398014158563,0.4958770400000001,0.13001582542754361,-0.28314388366305304,-0.26207068050179566,0.027817305675000514,-0.43789943413894111,0.6147907560530842,0.71658132163335286,-0.071958523761789045,0.45462482636655205,-0.37221608151261015,0.15098931127416207,1.0,-0.15139403551515029,0.38312112290048667,0.58400998544499849,-0.86820625376214,-0.70332328477580275,-0.39602176131267119,0.47806402293594175,0.57047413922191526
0.070714963180616,-0.77033724794173797,-0.054622189666589327,0.74999236585805973,-0.25523369952796182,-0.85496366423539927,0.32754761129848492,0.096797302766792659,-0.50404144870989842,-0.21331157046937199,-0.14650341391858898,0.79996576532616848,0.035155483300265855,-0.22390898053724356,-0.41935528031779873,0.0060222083982680585,0.86318957940308993,0.5313271100817275,-0.77475572000000004,0.57184358048602457,0.79141716973902687,-0.4430390707514037,0.74961879473842252,0.55872200939102601,-0.64667649870360644,-0.048538992826724879,0.030784757602754273,0.053638444799038565,0.31447792586612794,-0.37707353861176901,-0.15139403551515029,1.0,-0.58908778881905044,-0.36256186011037422,0.098572849112441852,0.3037772616187584,0.79671423114850815,0.34119367732730227,-0.146374806706253
0.13508318996212687,0.43141905350791881,0.34997491987396812,-0.38422593659172277,0.16283096093099336,0.36314064430237175,-0.3029746865696894,-0.052582027787161936,-0.080260935504095285,0.38098338086137457,-0.17463891855660518,-0.28012999650279358,0.04007034419401663,-0.397086819082342,0.54920658149782842,0.56520241416102412,-0.53197246780644381,0.12438300721342833,0.35203892000000003,-0.27451520711412547,-0.32639742897756668,0.30112672960922093,-0.18196219388992829,0.015608335711488477,0.60517904851647819,0.43932136197334593,0.16181385579109309,-0.13641518387411666,-0.32823236453351939,-0.3381042311257873,0.38312112290048667,-0.58908778881905044,1.0,0.041188733780003713,-0.26619904522164978,-0.28225775205909637,-0.24567800445260887,-0.061904781931630994,0.16250624556552129
0.67599756292987689,0.68238687201276871,0.60454502873206883,-0.28582970851642114,0.17389109042816242,0.4629509857809852,0.63815678956323407,-0.53987970263643115,0.30004845139885544,-0.38881329489459698,0.77386392569590157,-0.75647238673001194,0.12572819504314142,0.66137773718359716,0.092639463954917067,0.012817325642976371,-0.51763032210628601,-0.047830302484348781,0.78192905999999995,0.17120890283934656,-0.62568246602442468,0.17931224577516941,-0.27259685084335239,-0.70948774854259344,0.25167246479169131,0.51355151560728685,-0.05545287687156901,-0.045630980187081484,-0.75306471134984754,0.70071176338935515,0.58400998544499849,-0.36256186011037422,0.041188733780003713,1.0,-0.51836697085172978,-0.86615526944774512,-0.69559251957850599,0.58976487702896907,0.88895705989181217
-0.51971085069661804,-0.38827055238638669,-0.53412659267109408,-0.047554850951644849,-0.71840928859982622,-0.26343852418518138,-0.26327765979269802,0.52002459908423915,-0.3856294629625121,0.26657529817808795,0.027789067716569461,0.29690735067961949,-0.85416423676686737,-0.45415918107142605,-0.57628780567984816,0.11711027705897337,0.18313486915265398,-0.33943161637970232,-0.39610053999999995,-0.045787572122476125,0.18112269708283374,0.034664564189039258,-0.0083296063236872331,0.41195746526053523,-0.44012704178203998,-0.50296456388922139,0.082478577760232416,-0.51850908943655016,0.18016746355808139,-0.17557362571296226,-0.86820625376214,0.098572849112441852,-0.26619904522164978,-0.51836697085172978,1.0,0.53317658466277851,0.35215756156228228,-0.36603084239160821,-0.39967890824500824
-0.90320750237303749,-0.49460113735300204,-0.89582968091514092,0.044733235950237558,-0.19716303330515034,-0.24481477693033657,-0.71541983986235569,0.75333608305110256,-0.023526860104317152,0.44172291314080919,-0.54997730197969263,0.62537353903471049,-0.11085885327410695,-0.32757897677820669,-0.09097709886428676,-0.18371713103423715,0.552157809252526,-0.35664731158156482,-0.60616256000000002,-0.42117812285904999,0.38907708533888419,0.016086808619004526,-0.058024921828648844,0.46421553062207244,-0.3716913295976893,-0.85438093500060164,-0.224721998597981,0.14442802628798354,0.71164586431938182,-0.3520796067218126,-0.70332328477580275,0.3037772616187584,-0.28225775205909637,-0.86615526944774512,0.53317658466277851,1.0,0.45519277884085529,-0.7117528330657894,-0.91389861843965914
-0.090135925611484063,-0.94879538777137296,-0.14209601790896112,0.62525882335102001,-0.43358995052292348,-0.95184649839204061,0.086308038668898052,0.13445526550327694,-0.76364513786224453,0.01410969970323122,-0.43241876072451185,0.94017851556171528,-0.15951197538962733,-0.70516026546984256,-0.50939466730801852,0.1465775121421809,0.6751982476940166,0.58301018769297841,-0.97262417999999995,0.55174095802077694,0.95535168103485668,-0.24058938238665661,0.84762462168827701,0.78868271669609036,-0.59497869708955609,-0.043347697790684647,0.40365854118305688,-0.25424757648184942,0.49057814914679426,-0.76335312764408225,-0.39602176131267119,0.79671423114850815,-0.24567800445260887,-0.69559251957850599,0.35215756156228228,0.45519277884085529,1.0,0.12716331610676379,-0.39306981377324207
0.84398821092036591,-0.025236754451985467,0.74146213754939294,0.26796136427277073,-0.2011517049169676,-0.36388037926820899,0.90190955028057962,-0.51859909555891526,-0.4264822167820681,-0.40066250146678767,0.53190871292184383,-0.018301579453803687,-0.008025753716126462,0.080483781638861954,-0.34795075861702474,0.31781538580491769,0.068669252679839268,0.60747043180936788,0.047465639999999976,0.79662137449541703,0.15784688245524103,-0.037967410563640842,0.53493551860611654,-0.1421073052711761,-0.24023489903925019,0.72093923021378303,0.36749764709874233,-0.33381587062345403,-0.55902610522884855,0.058881785670991116,0.47806402293594175,0.34119367732730227,-0.061904781931630994,0.58976487702896907,-0.36603084239160821,-0.7117528330657894,0.12716331610676379,1.0,0.80029537454551514
0.83682570566048742,0.47158635366222373,0.78201097772434958,-0.098877045560793478,-0.076435557258049763,0.15215479264689946,0.77843840178081547,-0.54161890415874769,-0.12421663548396401,-0.36519695955992704,0.78049597469234189,-0.53206701209341345,-0.084536515427592204,0.30795752462901849,-0.047656541199521396,0.34933252693470307,-0.39826590620343988,0.26202724082248041,0.56219032000000002,0.44013170844230581,-0.40209060507432437,0.10152609446244779,0.047850522146668739,-0.39605391975076976,0.13692793961039201,0.73637673450322561,0.097121453853385387,-0.29093988964228279,-0.86025924800727172,0.39813614661515906,0.57047413922191526,-0.146374806706253,0.16250624556552129,0.88895705989181217,-0.39967890824500824,-0.91389861843965914,-0.39306981377324207,0.80029537454551514,1.0
