1.0,-0.64954380083891927,0.80804583717802592,-0.90026446404399219,-0.33176548594007643,-0.16723019085856985,0.095611539605681944,-0.65846654242186986,-0.79624737738250528,0.31534061587225226,0.19431148061895462,-0.11084398047226295,0.61490747594589912,-0.84327936771475132,-0.47130654074531231,0.58454855582893384,-0.68004663936287013,0.54867038068831342,0.77501645045529433,-0.80739919801627891,-0.061945789276607363,0.45430291421946323,-0.35208298975690033,-0.80431345139636423,0.66986142462163156,-0.7687406970343359,-0.37046136506924937,-0.50975728519241181,0.075476480290631601,-0.96155601999999996,0.50969074320405605,0.063220792327765105,0.81724886258021079,-0.65808891845574236,0.052563838474098519,-0.0045580739070855206,0.62466509440536466,0.90032405807320159,-0.32601784210543361
-0.64954380083891927,1.0,-0.85589589258034704,0.48725279259969556,-0.052705479583200487,0.49151894961366538,-0.170568093338923,0.36370021356178844,0.79269116022723207,-0.53883810419892397,-0.16333432674331499,-0.10271348654943155,-0.027900218542106781,0.31303902885398471,0.56121058503454424,-0.25337393728228602,0.36516526797349058,-0.46993568398991115,-0.81281578604190274,0.31496467572100628,0.5317718129099257,0.12037742807340855,-0.015625475681300186,0.57969045923931328,-0.43635046917613596,0.26606498043664223,0.7014844645108006,0.19167590730706024,-0.37214736254784092,0.53983676000000003,-0.53100173416161134,-0.29616430347733741,-0.56241232864274349,0.83240765797393812,-0.22620748178660519,-0.37829389834668481,-0.5521576854879906,-0.57193329692537465,-0.30736733183028747
0.80804583717802592,-0.85589589258034704,1.0,-0.54100602426990929,-0.24457656736295336,-0.2015879943233444,0.3413879053862271,-0.32223495226011478,-0.93502669064963251,0.71887031387354061,0.44998018529045214,0.23082616906069731,0.34856060165348518,-0.45631215452907531,-0.51378911877177613,0.24570269740907669,-0.5384293174799436,0.62011707784564951,0.98059588910809836,-0.47142026203915999,-0.41798128808987023,0.18584462892286635,-0.26316667225869927,-0.77460612625675973,0.52767521125971961,-0.47167343199137002,-0.48808778494923577,-0.35086115334543727,0.49875653675409792,-0.72345794000000008,0.530329619419728,0.18434835436133787,0.67352983347537176,-0.77440639606002515,0.2324699553577467,0.36736379596136082,0.78955090408748996,0.66818812794031546,-0.014333756141139076
-0.90026446404399219,0.48725279259969556,-0.54100602426990929,1.0,0.27909209033430321,0.20093399987681679,0.25814656408521408,0.80255640711377896,0.51297292493986857,0.020513031080769573,0.04372361681781297,0.4107956507411023,-0.68661708200396832,0.90017100731278876,0.32606044248149407,-0.73706719507262553,0.62665357057764615,-0.39121045247356684,-0.47559789964905702,0.90242848425401467,-0.26491600245490488,-0.57532393597597264,0.29302849748482995,0.60251872629157233,-0.66643285820221021,0.84744806820115959,0.22578700697681445,0.6137089610022437,0.19038546929779565,0.92691254000000001,-0.33058066902524641,0.11189541728488253,-0.71595655091347943,0.43184698785172043,0.19305442417065849,0.27429044382310824,-0.41414679856942244,-0.9148097011905072,0.40673748088537548
-0.33176548594007643,-0.052705479583200487,-0.24457656736295336,0.27909209033430321,1.0,-0.50493173850639661,0.13364737686409728,0.4388386381271252,0.050573581846644705,-0.26954208652932993,-0.077010432482429503,0.43515755132458728,-0.48784070234155402,0.29359758791060903,-0.42935871311646934,-0.5068806975757062,-0.091558051236826657,-0.62628474732728268,-0.17507584182403763,0.59413893780140736,-0.34607712277682812,-0.67475701764782881,0.075771119618160021,0.053719028493248562,-0.45092777596199835,0.60740457058701414,-0.40333098914388554,0.70876536983745975,-0.28127562360552827,0.29736300000000004,0.42042850886157929,0.64457069676120604,0.082507027001638811,-0.13043994976081635,0.5942724355938932,0.41545638150167935,-0.11804086433802417,-0.28062369526312014,0.13989763428946644
-0.16723019085856985,0.49151894961366538,-0.2015879943233444,0.20093399987681679,-0.50493173850639661,1.0,0.16361119614699676,-0.092126210977429263,0.26483156052727935,-0.19613033779713349,-0.10255165569807047,-0.12233320387890768,0.19155374369750083,-0.12018520535061253,0.73838944660428218,0.034257387572589518,0.097144659393382835,0.37540942362883645,-0.12826186443343343,-0.12624927277178855,0.29723013064670428,0.43909560692055544,-0.086911822413633003,0.087548688715228071,-0.35720920022591707,-0.21279588665947249,0.49815561888066789,-0.31968375893008139,0.45361313963840916,0.20493614000000004,-0.5687671447721323,-0.55343646700473537,-0.47300476267828045,0.53420724438762879,-0.42138036257041117,-0.63053170534139036,-0.25728506172121957,-0.41810320749549384,-0.082314599163348656
0.095611539605681944,-0.170568093338923,0.3413879053862271,0.25814656408521408,0.13364737686409728,0.16361119614699676,1.0,0.30924674015083636,-0.5104036326675464,0.42711666166425155,0.15363369036377228,0.70615549925614263,-0.3773457940453227,0.01639042228399511,-0.35151104344791617,-0.36846797613102916,-0.19546909610299379,0.36405258718952382,0.45784703170542562,0.27146140898600457,-0.6974952050121519,-0.44163316038133937,-0.016047370490553617,-0.40024658099042659,-0.077648922140435853,0.26223758889614845,-0.25072352139887716,0.44626528705872648,0.39899684414562725,0.033158680000000107,0.42828524456935813,0.49661502892362153,0.16543855718283618,-0.48871154797328753,0.63963213725964696,0.41769348087344399,0.13378769615885192,-0.21585201832753595,0.25451327534084534
-0.65846654242186986,0.36370021356178844,-0.32223495226011478,0.80255640711377896,0.4388386381271252,-0.092126210977429263,0.30924674015083636,1.0,0.23814954785531009,0.16593087303744122,0.33882399744363251,0.56644494913303689,-0.44347433868931146,0.7804520573620668,-0.058945477798225364,-0.73989422528197935,0.25370945511408627,-0.53296454993373477,-0.26980629300457187,0.82435075408030722,-0.28528825738518054,-0.52196258966122611,0.055590998339904968,0.29201807809836661,-0.41821794680850244,0.72158014220258471,0.22790543986682754,0.63699947907211474,-0.035461923572212312,0.60859478,0.03824357245990357,0.34359737495886838,-0.29499324957539663,0.20201710522915101,0.47170480216243271,0.6034009016911972,-0.057743172353698205,-0.58227158566872284,0.070164848533934301
-0.79624737738250528,0.79269116022723207,-0.93502669064963251,0.51297292493986857,0.050573581846644705,0.26483156052727935,-0.5104036326675464,0.23814954785531009,1.0,-0.60619041144839902,-0.47839679342525027,-0.34231222278601697,-0.26405079808776166,0.51072211167284254,0.7184463696440675,-0.14694006293690628,0.56417131517704355,-0.53329851243729609,-0.9652700060612136,0.34398651116934403,0.53997775077333943,-0.0061854841236042776,0.4037322712115296,0.89551327885125576,-0.469692788387508,0.33228587031123186,0.56176221245810021,0.081537092422420493,-0.3500870402898657,0.72969025999999992,-0.76878114140364295,-0.47126027271493337,-0.81490562089288554,0.87600220302797127,-0.51305218077273895,-0.47178751675433106,-0.78509288450489556,-0.63561541608240602,0.10552260159556731
0.31534061587225226,-0.53883810419892397,0.71887031387354061,0.020513031080769573,-0.26954208652932993,-0.19613033779713349,0.42711666166425155,0.16593087303744122,-0.60619041144839902,1.0,0.53132722810532151,0.50310460341767727,0.021805177877250274,0.16150410562987796,-0.33361195205547456,-0.2016810080709325,-0.1751269228948569,0.37844315024712727,0.67905284756592832,-0.033764317648495426,-0.46071093209384745,-0.035164935092361092,-0.0073820049291272822,-0.29044333846805065,0.37950083393450512,-0.042108976694735539,-0.23874507813870935,-0.11050881254993196,0.52084698356448289,-0.22871651999999998,0.23937684109485893,0.10721074917053403,0.24430731861443367,-0.50470485037261481,0.23197424760962951,0.62133551624188699,0.59787501098458762,0.25702812443956768,0.19126235943195277
0.19431148061895462,-0.16333432674331499,0.44998018529045214,0.04372361681781297,-0.077010432482429503,-0.10255165569807047,0.15363369036377228,0.33882399744363251,-0.47839679342525027,0.53132722810532151,1.0,0.37789330852515274,0.41123000478312588,0.077388839744756147,-0.39910385498652967,-0.32931991146589457,-0.079000781573114909,-0.06744276800238895,0.49960693589080984,0.14604746071902605,-0.18341917483066666,0.12271486669548724,-0.74208523960762773,-0.48365923414669243,0.036593970700298621,0.078306360833498831,-0.032327211515052572,0.085018375700634349,0.26358797787282112,-0.27273024000000001,0.43644580243833692,0.33371258414950505,0.43816951220863631,-0.17922297649627314,0.46285132291741599,0.61307574617647409,0.85132792956411618,0.24745326344693394,-0.51037883239835768
-0.11084398047226295,-0.10271348654943155,0.23082616906069731,0.4107956507411023,0.43515755132458728,-0.12233320387890768,0.70615549925614263,0.56644494913303689,-0.34231222278601697,0.50310460341767727,0.37789330852515274,1.0,-0.33573070879668432,0.34166020759135418,-0.3914515451529354,-0.66465104574073219,-0.27565049805005076,-0.18427191448321917,0.31683382361563989,0.48776213188180062,-0.55219809252358532,-0.45807398646477909,-0.016390237075159908,-0.12496823391587286,-0.24122206950495162,0.46035663831347667,-0.38286022043090767,0.54391077484435268,0.29298227817509714,0.15838435999999989,0.39424390914595947,0.50787181178574414,0.12093641440537239,-0.28579618031813098,0.66898899453437677,0.66385364962690596,0.27635349234411788,-0.25350904776118133,0.10935590039311401
0.61490747594589912,-0.027900218542106781,0.34856060165348518,-0.68661708200396832,-0.48784070234155402,0.19155374369750083,-0.3773457940453227,-0.44347433868931146,-0.26405079808776166,0.021805177877250274,0.41123000478312588,-0.33573070879668432,1.0,-0.64385695625911643,0.0070717411474857791,0.45576346968427472,-0.47175998715813078,0.18105985222770365,0.31236199762801514,-0.73101778855004995,0.5867474734671676,0.90024686863787184,-0.64295093762506195,-0.47156836614764941,0.38910550575537062,-0.77488862309423279,0.27479946751299672,-0.70381572889178923,-0.050891672341302201,-0.73776858000000001,0.03549887422236829,-0.36925800656220525,0.48047100555569233,0.09023295869619212,-0.30845909084210765,-0.28931311208242516,0.58096994951901382,0.68627056497234817,-0.81227747876659395
-0.84327936771475132,0.31303902885398471,-0.45631215452907531,0.90017100731278876,0.29359758791060903,-0.12018520535061253,0.01639042228399511,0.7804520573620668,0.51072211167284254,0.16150410562987796,0.077388839744756147,0.34166020759135418,-0.64385695625911643,1.0,0.23173009559476609,-0.6731958994664341,0.63596899387023687,-0.5114072228719948,-0.46218769069762561,0.8407137965677669,-0.21665391353341226,-0.54918100319400986,0.41469595676482085,0.69162483268698127,-0.49173599942977131,0.81114072961559347,0.16565796540095151,0.50057733300971741,0.094111672333530835,0.85732268,-0.34068171755143173,0.055661480831718797,-0.6632675717191765,0.37551329042326026,0.10013036032811574,0.40878388343671729,-0.31438190576543307,-0.72354514253854585,0.45034159957541964
-0.47130654074531231,0.56121058503454424,-0.51378911877177613,0.32606044248149407,-0.42935871311646934,0.73838944660428218,-0.35151104344791617,-0.058945477798225364,0.7184463696440675,-0.33361195205547456,-0.39910385498652967,-0.3914515451529354,0.0070717411474857791,0.23173009559476609,1.0,0.069581602731018571,0.37575016124030253,0.041932626774620591,-0.54022606996284583,-0.032033596602351638,0.50978894602503544,0.38413470712715919,0.3657578931594086,0.62764757806561511,-0.40094889388499905,-0.096594577322676983,0.56506486601016892,-0.41149464177759282,0.24262921498648399,0.50091982000000002,-0.95026257762858335,-0.83268214926248263,-0.83446182488302101,0.81401339967558572,-0.79565026783095172,-0.72232845362758336,-0.58807273297056972,-0.52912781312367785,0.17806922847028775
0.58454855582893384,-0.25337393728228602,0.24570269740907669,-0.73706719507262553,-0.5068806975757062,0.034257387572589518,-0.36846797613102916,-0.73989422528197935,-0.14694006293690628,-0.2016810080709325,-0.32931991146589457,-0.66465104574073219,0.45576346968427472,-0.6731958994664341,0.069581602731018571,1.0,-0.25822329280097511,0.46219220195405381,0.15083868356917232,-0.80479234364564034,0.38561799507280681,0.50980627180744231,0.035985580835118394,-0.22175578296823528,0.62768158334601054,-0.78249890764204821,0.016801542614402233,-0.64961433159712845,-0.17307709075211525,-0.59236646000000004,-0.058705264272876229,-0.37320055910475003,0.29285002106428848,-0.18016934732958934,-0.48941321427617501,-0.52709308845493985,0.020473068872480064,0.61113900733092541,-0.14556604025754305
-0.68004663936287013,0.36516526797349058,-0.5384293174799436,0.62665357057764615,-0.091558051236826657,0.097144659393382835,-0.19546909610299379,0.25370945511408627,0.56417131517704355,-0.1751269228948569,-0.079000781573114909,-0.27565049805005076,-0.47175998715813078,0.63596899387023687,0.37575016124030253,-0.25822329280097511,1.0,-0.19356667703594049,-0.53063425944922193,0.5570698974502839,-0.07128634399556652,-0.34350581856351103,0.21249159047852334,0.56708556523703646,-0.41336980692987868,0.59695749359450268,0.27331109553288913,0.30905889953185367,0.044773172141557759,0.71320403999999993,-0.42910997154870612,-0.070300454223507503,-0.64471769074421381,0.43431370236594824,-0.135983632573657,-0.039877400400812328,-0.43606796458312563,-0.58918235516229456,0.37191586918627895
0.54867038068831342,-0.46993568398991115,0.62011707784564951,-0.39121045247356684,-0.62628474732728268,0.37540942362883645,0.36405258718952382,-0.53296454993373477,-0.53329851243729609,0.37844315024712727,-0.06744276800238895,-0.18427191448321917,0.18105985222770365,-0.5114072228719948,0.041932626774620591,0.46219220195405381,-0.19356667703594049,1.0,0.61022069940189305,-0.56280962851587746,-0.17145565481004668,0.2942197242749095,-0.011110514754319602,-0.46930040683696789,0.46503811249623894,-0.55557758966092707,-0.050145485647257973,-0.50367775855949359,0.55946945568047513,-0.43058036,0.01311106872044597,-0.23213100568446776,0.17857262579341623,-0.43961475699552999,-0.21028643035864822,-0.23655875773621321,0.20662914637722402,0.3074061750328892,0.22978493735870731
0.77501645045529433,-0.81281578604190274,0.98059588910809836,-0.47559789964905702,-0.17507584182403763,-0.12826186443343343,0.45784703170542562,-0.26980629300457187,-0.9652700060612136,0.67905284756592832,0.49960693589080984,0.31683382361563989,0.31236199762801514,-0.46218769069762561,-0.54022606996284583,0.15083868356917232,-0.53063425944922193,0.61022069940189305,1.0,-0.3831831666881515,-0.49350611768584046,0.12169225866979677,-0.35322963976311667,-0.83978631681746407,0.40639833703668832,-0.38907619124481441,-0.51683029949945314,-0.23783990306940689,0.54529347357404778,-0.68501321999999998,0.59803521521947889,0.28667997160245484,0.68509510215178571,-0.77603654032428715,0.35157409669696649,0.38973055420092256,0.79940713172748379,0.58430761475589965,-0.04185774064328087
-0.80739919801627891,0.31496467572100628,-0.47142026203915999,0.90242848425401467,0.59413893780140736,-0.12624927277178855,0.27146140898600457,0.82435075408030722,0.34398651116934403,-0.033764317648495426,0.14604746071902605,0.48776213188180062,-0.73101778855004995,0.8407137965677669,-0.032033596602351638,-0.80479234364564034,0.5570698974502839,-0.56280962851587746,-0.3831831666881515,1.0,-0.44093075614726968,-0.78339636767655785,0.13983396078821073,0.41353423216375379,-0.67375870855803133,0.97568340582344926,-0.034240665682193028,0.84798000138773033,0.023812783036823895,0.81448206000000001,0.028774854747247183,0.47722460502156572,-0.43818008941387032,0.20454107602055749,0.50692075396545255,0.50417606905651735,-0.26610698005598554,-0.77925152277187382,0.33335538625413869
-0.061945789276607363,0.5317718129099257,-0.41798128808987023,-0.26491600245490488,-0.34607712277682812,0.29723013064670428,-0.6974952050121519,-0.28528825738518054,0.53997775077333943,-0.46071093209384745,-0.18341917483066666,-0.55219809252358532,0.5867474734671676,-0.21665391353341226,0.50978894602503544,0.38561799507280681,-0.07128634399556652,-0.17145565481004668,-0.49350611768584046,-0.44093075614726968,1.0,0.74025224512671695,-0.12347835582310276,0.33286446587287144,0.12750460410117981,-0.46214124267074946,0.64807349519482604,-0.56059790430757428,-0.37947171139124469,-0.10890058000000002,-0.55767358966371372,-0.69732675436600866,-0.19721197640135416,0.66372371112299289,-0.70583152705876651,-0.64749859604361426,-0.1768886514050802,0.14590147993501801,-0.53061979625861755
0.45430291421946323,0.12037742807340855,0.18584462892286635,-0.57532393597597264,-0.67475701764782881,0.43909560692055544,-0.44163316038133937,-0.52196258966122611,-0.0061854841236042776,-0.035164935092361092,0.12271486669548724,-0.45807398646477909,0.90024686863787184,-0.54918100319400986,0.38413470712715919,0.50980627180744231,-0.34350581856351103,0.2942197242749095,0.12169225866979677,-0.78339636767655785,0.74025224512671695,1.0,-0.33641466697347855,-0.18033974292246679,0.32083191848591674,-0.82628489925634785,0.45114017836200815,-0.88148498405511044,0.067110359120795882,-0.53482965999999998,-0.36305475277228255,-0.72340572388751112,0.12297701306030835,0.32638804515002029,-0.65519062670937911,-0.57463878493415677,0.27738356432271793,0.48517665382015579,-0.58990127010857452
-0.35208298975690033,-0.015625475681300186,-0.26316667225869927,0.29302849748482995,0.075771119618160021,-0.086911822413633003,-0.016047370490553617,0.055590998339904968,0.4037322712115296,-0.0073820049291272822,-0.74208523960762773,-0.016390237075159908,-0.64295093762506195,0.41469595676482085,0.3657578931594086,0.035985580835118394,0.21249159047852334,-0.011110514754319602,-0.35322963976311667,0.13983396078821073,-0.12347835582310276,-0.33641466697347855,1.0,0.64589611797411128,-0.053971524900875145,0.17472827677290181,-0.064965351670086269,3.4939786775737766e-05,0.029113866966809988,0.49074287999999999,-0.48894668399730778,-0.31000753711346701,-0.59369612946024919,0.095585116481302884,-0.36620512441199871,-0.16050555200841501,-0.69466295531791722,-0.37742891143135904,0.80830114907128425
-0.80431345139636423,0.57969045923931328,-0.77460612625675973,0.60251872629157233,0.053719028493248562,0.087548688715228071,-0.40024658099042659,0.29201807809836661,0.89551327885125576,-0.29044333846805065,-0.48365923414669243,-0.12496823391587286,-0.47156836614764941,0.69162483268698127,0.62764757806561511,-0.22175578296823528,0.56708556523703646,-0.46930040683696789,-0.83978631681746407,0.41353423216375379,0.33286446587287144,-0.18033974292246679,0.64589611797411128,1.0,-0.34624278807849757,0.42357007373898342,0.34851284601901528,0.12732016310725983,-0.20849278490124601,0.78615374000000005,-0.75051767920135981,-0.43142583256665751,-0.85040515630311697,0.69032423103138585,-0.4742306658479879,-0.25548675713639796,-0.75004655487013705,-0.64171940958548079,0.38543656671458376
0.66986142462163156,-0.43635046917613596,0.52767521125971961,-0.66643285820221021,-0.45092777596199835,-0.35720920022591707,-0.077648922140435853,-0.41821794680850244,-0.469692788387508,0.37950083393450512,0.036593970700298621,-0.24122206950495162,0.38910550575537062,-0.49173599942977131,-0.40094889388499905,0.62768158334601054,-0.41336980692987868,0.46503811249623894,0.40639833703668832,-0.67375870855803133,0.12750460410117981,0.32083191848591674,-0.053971524900875145,-0.34624278807849757,1.0,-0.63715118732765175,-0.047558313652137994,-0.44155225859298131,-0.24813534433573947,-0.71591085999999993,0.28765238569251661,-0.059871960194567038,0.57722612089585801,-0.55228975002782688,-0.11357510687275903,0.097040280657324993,0.36672433434598017,0.79981006447078062,-0.1779461796365451
-0.7687406970343359,0.26606498043664223,-0.47167343199137002,0.84744806820115959,0.60740457058701414,-0.21279588665947249,0.26223758889614845,0.72158014220258471,0.33228587031123186,-0.042108976694735539,0.078306360833498831,0.46035663831347667,-0.77488862309423279,0.81114072961559347,-0.096594577322676983,-0.78249890764204821,0.59695749359450268,-0.55557758966092707,-0.38907619124481441,0.97568340582344926,-0.46214124267074946,-0.82628489925634785,0.17472827677290181,0.42357007373898342,-0.63715118732765175,1.0,-0.10735739026379114,0.87502255575977972,-0.028381165256888292,0.7926387800000001,0.061807001196318906,0.51559009414739632,-0.40901643928744813,0.14796171053938453,0.51603622831569373,0.49758126262064978,-0.29491182105831831,-0.73480953295519491,0.38298020184693404
-0.37046136506924937,0.7014844645108006,-0.48808778494923577,0.22578700697681445,-0.40333098914388554,0.49815561888066789,-0.25072352139887716,0.22790543986682754,0.56176221245810021,-0.23874507813870935,-0.032327211515052572,-0.38286022043090767,0.27479946751299672,0.16565796540095151,0.56506486601016892,0.016801542614402233,0.27331109553288913,-0.050145485647257973,-0.51683029949945314,-0.034240665682193028,0.64807349519482604,0.45114017836200815,-0.064965351670086269,0.34851284601901528,-0.047558313652137994,-0.10735739026379114,1.0,-0.28425981251296573,-0.17416132777413265,0.25271771999999992,-0.60783633008924309,-0.57305848037895746,-0.44896064512800826,0.6923202241993941,-0.47542482202671921,-0.39216560044157622,-0.26919240055096072,-0.24468148118828559,-0.31189564814104692
-0.50975728519241181,0.19167590730706024,-0.35086115334543727,0.6137089610022437,0.70876536983745975,-0.31968375893008139,0.44626528705872648,0.63699947907211474,0.081537092422420493,-0.11050881254993196,0.085018375700634349,0.54391077484435268,-0.70381572889178923,0.50057733300971741,-0.41149464177759282,-0.64961433159712845,0.30905889953185367,-0.50367775855949359,-0.23783990306940689,0.84798000138773033,-0.56059790430757428,-0.88148498405511044,3.4939786775737766e-05,0.12732016310725983,-0.44155225859298131,0.87502255575977972,-0.28425981251296573,1.0,-0.23361905048764661,0.5111410999999999,0.4309750430587943,0.80107479004041493,-0.040877184211722373,-0.13834554798404158,0.7847977185117867,0.57053190029243628,-0.1919388528557075,-0.51278457341058681,0.19431885000890964
0.075476480290631601,-0.37214736254784092,0.49875653675409792,0.19038546929779565,-0.28127562360552827,0.45361313963840916,0.39899684414562725,-0.035461923572212312,-0.3500870402898657,0.52084698356448289,0.26358797787282112,0.29298227817509714,-0.050891672341302201,0.094111672333530835,0.24262921498648399,-0.17307709075211525,0.044773172141557759,0.55946945568047513,0.54529347357404778,0.023812783036823895,-0.37947171139124469,0.067110359120795882,0.029113866966809988,-0.20849278490124601,-0.24813534433573947,-0.028381165256888292,-0.17416132777413265,-0.23361905048764661,1.0,0.078217320000000035,-0.16203437931085596,-0.18700638812159787,-0.20412880594288463,-0.10641498735282497,-0.067933284329712712,0.037173663253864779,0.28041301377093003,-0.2073884906635752,0.38896264356212334
-0.96155601999999996,0.53983676000000003,-0.72345794000000008,0.92691254000000001,0.29736300000000004,0.20493614000000004,0.033158680000000107,0.60859478,0.72969025999999992,-0.22871651999999998,-0.27273024000000001,0.15838435999999989,-0.73776858000000001,0.85732268,0.50091982000000002,-0.59236646000000004,0.71320403999999993,-0.43058036,-0.68501321999999998,0.81448206000000001,-0.10890058000000002,-0.53482965999999998,0.49074287999999999,0.78615374000000005,-0.71591085999999993,0.7926387800000001,0.25271771999999992,0.5111410999999999,0.078217320000000035,1.0,-0.52658234000000004,-0.062145519999999954,-0.87140700000000004,0.57181130000000002,-0.048920239999999948,0.0034292000000000211,-0.67680447999999993,-0.95161229999999997,0.52198304000000006
0.50969074320405605,-0.53100173416161134,0.530329619419728,-0.33058066902524641,0.42042850886157929,-0.5687671447721323,0.42828524456935813,0.03824357245990357,-0.76878114140364295,0.23937684109485893,0.43644580243833692,0.39424390914595947,0.03549887422236829,-0.34068171755143173,-0.95026257762858335,-0.058705264272876229,-0.42910997154870612,0.01311106872044597,0.59803521521947889,0.028774854747247183,-0.55767358966371372,-0.36305475277228255,-0.48894668399730778,-0.75051767920135981,0.28765238569251661,0.061807001196318906,-0.60783633008924309,0.4309750430587943,-0.16203437931085596,-0.52658234000000004,1.0,0.87796162822755408,0.86672176116319011,-0.81094538811969596,0.84973232179176994,0.65115495547107172,0.60135514899561948,0.48187914091749368,-0.24427019624597868
0.063220792327765105,-0.29616430347733741,0.18434835436133787,0.11189541728488253,0.64457069676120604,-0.55343646700473537,0.49661502892362153,0.34359737495886838,-0.47126027271493337,0.10721074917053403,0.33371258414950505,0.50787181178574414,-0.36925800656220525,0.055661480831718797,-0.83268214926248263,-0.37320055910475003,-0.070300454223507503,-0.23213100568446776,0.28667997160245484,0.47722460502156572,-0.69732675436600866,-0.72340572388751112,-0.31000753711346701,-0.43142583256665751,-0.059871960194567038,0.51559009414739632,-0.57305848037895746,0.80107479004041493,-0.18700638812159787,-0.062145519999999954,0.87796162822755408,1.0,0.53232883607616976,-0.62072505048949189,0.96059892377129663,0.73169674641076821,0.29866292725073695,0.04049330780048168,-0.0087247672608734353
0.81724886258021079,-0.56241232864274349,0.67352983347537176,-0.71595655091347943,0.082507027001638811,-0.47300476267828045,0.16543855718283618,-0.29499324957539663,-0.81490562089288554,0.24430731861443367,0.43816951220863631,0.12093641440537239,0.48047100555569233,-0.6632675717191765,-0.83446182488302101,0.29285002106428848,-0.64471769074421381,0.17857262579341623,0.68509510215178571,-0.43818008941387032,-0.19721197640135416,0.12297701306030835,-0.59369612946024919,-0.85040515630311697,0.57722612089585801,-0.40901643928744813,-0.44896064512800826,-0.040877184211722373,-0.20412880594288463,-0.87140700000000004,0.86672176116319011,0.53232883607616976,1.0,-0.74395095694053248,0.50904093697695985,0.38285302825804346,0.74298951189538798,0.83352764135758384,-0.50547581914647466
-0.65808891845574236,0.83240765797393812,-0.77440639606002515,0.43184698785172043,-0.13043994976081635,0.53420724438762879,-0.48871154797328753,0.20201710522915101,0.87600220302797127,-0.50470485037261481,-0.17922297649627314,-0.28579618031813098,0.09023295869619212,0.37551329042326026,0.81401339967558572,-0.18016934732958934,0.43431370236594824,-0.43961475699552999,-0.77603654032428715,0.20454107602055749,0.66372371112299289,0.32638804515002029,0.095585116481302884,0.69032423103138585,-0.55228975002782688,0.14796171053938453,0.6923202241993941,-0.13834554798404158,-0.10641498735282497,0.57181130000000002,-0.81094538811969596,-0.62072505048949189,-0.74395095694053248,1.0,-0.56841818960306834,-0.54520477681084623,-0.5044387520483905,-0.55787697880076981,-0.17776446646022007
0.052563838474098519,-0.22620748178660519,0.2324699553577467,0.19305442417065849,0.5942724355938932,-0.42138036257041117,0.63963213725964696,0.47170480216243271,-0.51305218077273895,0.23197424760962951,0.46285132291741599,0.66898899453437677,-0.30845909084210765,0.10013036032811574,-0.79565026783095172,-0.48941321427617501,-0.135983632573657,-0.21028643035864822,0.35157409669696649,0.50692075396545255,-0.70583152705876651,-0.65519062670937911,-0.36620512441199871,-0.4742306658479879,-0.11357510687275903,0.51603622831569373,-0.47542482202671921,0.7847977185117867,-0.067933284329712712,-0.048920239999999948,0.84973232179176994,0.96059892377129663,0.50904093697695985,-0.56841818960306834,1.0,0.78358615531504416,0.38168029970843032,-0.01444290429186762,-0.077497258820680343
-0.0045580739070855206,-0.37829389834668481,0.36736379596136082,0.27429044382310824,0.41545638150167935,-0.63053170534139036,0.41769348087344399,0.6034009016911972,-0.47178751675433106,0.62133551624188699,0.61307574617647409,0.66385364962690596,-0.28931311208242516,0.40878388343671729,-0.72232845362758336,-0.52709308845493985,-0.039877400400812328,-0.23655875773621321,0.38973055420092256,0.50417606905651735,-0.64749859604361426,-0.57463878493415677,-0.16050555200841501,-0.25548675713639796,0.097040280657324993,0.49758126262064978,-0.39216560044157622,0.57053190029243628,0.037173663253864779,0.0034292000000000211,0.65115495547107172,0.73169674641076821,0.38285302825804346,-0.54520477681084623,0.78358615531504416,1.0,0.51848973694217726,0.073389491135067347,0.068012848814510293
0.62466509440536466,-0.5521576854879906,0.78955090408748996,-0.41414679856942244,-0.11804086433802417,-0.25728506172121957,0.13378769615885192,-0.057743172353698205,-0.78509288450489556,0.59787501098458762,0.85132792956411618,0.27635349234411788,0.58096994951901382,-0.31438190576543307,-0.58807273297056972,0.020473068872480064,-0.43606796458312563,0.20662914637722402,0.79940713172748379,-0.26610698005598554,-0.1768886514050802,0.27738356432271793,-0.69466295531791722,-0.75004655487013705,0.36672433434598017,-0.29491182105831831,-0.26919240055096072,-0.1919388528557075,0.28041301377093003,-0.67680447999999993,0.60135514899561948,0.29866292725073695,0.74298951189538798,-0.5044387520483905,0.38168029970843032,0.51848973694217726,1.0,0.64499300003514848,-0.48193523920834203
0.90032405807320159,-0.57193329692537465,0.66818812794031546,-0.9148097011905072,-0.28062369526312014,-0.41810320749549384,-0.21585201832753595,-0.58227158566872284,-0.63561541608240602,0.25702812443956768,0.24745326344693394,-0.25350904776118133,0.68627056497234817,-0.72354514253854585,-0.52912781312367785,0.61113900733092541,-0.58918235516229456,0.3074061750328892,0.58430761475589965,-0.77925152277187382,0.14590147993501801,0.48517665382015579,-0.37742891143135904,-0.64171940958548079,0.79981006447078062,-0.73480953295519491,-0.24468148118828559,-0.51278457341058681,-0.2073884906635752,-0.95161229999999997,0.48187914091749368,0.04049330780048168,0.83352764135758384,-0.55787697880076981,-0.01444290429186762,0.073389491135067347,0.64499300003514848,1.0,-0.45923399970075035
-0.32601784210543361,-0.30736733183028747,-0.014333756141139076,0.40673748088537548,0.13989763428946644,-0.082314599163348656,0.25451327534084534,0.070164848533934301,0.10552260159556731,0.19126235943195277,-0.51037883239835768,0.10935590039311401,-0.81227747876659395,0.45034159957541964,0.17806922847028775,-0.14556604025754305,0.37191586918627895,0.22978493735870731,-0.04185774064328087,0.33335538625413869,-0.53061979625861755,-0.58990127010857452,0.80830114907128425,0.38543656671458376,-0.1779461796365451,0.38298020184693404,-0.31189564814104692,0.19431885000890964,0.38896264356212334,0.52198304000000006,-0.24427019624597868,-0.0087247672608734353,-0.50547581914647466,-0.17776446646022007,-0.077497258820680343,0.068012848814510293,-0.48193523920834203,-0.45923399970075035,1.0
