1.000000000000000000e+00,1.295543430315834188e-01,-6.429003365115327773e-01,-9.275301750579221238e-01,-3.161192051097128086e-01,-5.000318925366505907e-01,9.374200208454884498e-02,7.201214196933261036e-01,2.875424931037157683e-01,4.274769652482353077e-01,6.183562330880114644e-01,2.261881913085744822e-01,-7.676758232129954340e-01,1.643738673229359626e-01,-5.962316410209982376e-01,5.143255907360139156e-01,2.614633996869972776e-01,7.584822964929327505e-01,1.250227179939000614e-02,7.033220953337395720e-01,8.191433960650469359e-01,5.036717175408171876e-01,-6.128975868756618706e-01,1.445062595917203374e-01,7.773884399999999584e-01,-5.168344683405966533e-01,-5.600286478572762405e-01,-2.958363377579216746e-01,7.539359765940486513e-01,6.007738581913575349e-01,2.366328286341862763e-01,7.392220758367537004e-01,-6.416538978129268656e-02,-3.572213524223756265e-01,3.959306091141219508e-02,-4.256295610823030984e-01,-6.513551822854743989e-01,2.296250537986196938e-01,-5.452370411279420237e-01
1.295543430315834188e-01,1.000000000000000000e+00,4.958730457409001868e-01,-1.235107549759369844e-01,1.106601659411929617e-01,-1.331925241555251271e-01,2.718658074971297411e-02,1.140607613002501408e-01,-2.498540880886522542e-01,1.029034071791374294e-01,-2.707991559974459034e-02,-1.877391639825619629e-01,9.019618533524750847e-02,-1.872977163128004552e-01,-5.249967683349551217e-01,9.161397240703370026e-02,-1.434052227650496336e-01,-5.855930782868613849e-02,-8.617580893747396331e-01,7.114804808480512666e-02,-1.164047514352894025e-01,-3.578998604112174076e-01,4.151503819177262411e-01,3.928123997546328905e-01,-8.443730000000004843e-02,1.170463425767245547e-01,3.563870503977907833e-01,-5.632842997637743654e-02,3.755252875253018985e-01,-6.197562124529684136e-01,-3.852588414373995240e-01,-8.458714122295761528e-02,-3.698516480243006499e-01,-1.809898924940269715e-01,4.744087168459172887e-01,5.804980342075520827e-01,3.946899998430812850e-01,-8.182315432402276212e-03,5.875354835044449553e-03
-6.429003365115327773e-01,4.958730457409001868e-01,1.000000000000000000e+00,4.579621019544373728e-01,5.770009418303867488e-01,2.493348211251688318e-01,2.958951509377386047e-01,-1.313823963438325582e-01,-3.812596505555559956e-02,1.782324418253944942e-01,-1.957024328584663353e-01,-2.269277003548411109e-01,3.898141173656393677e-01,-6.888461552400451104e-01,-5.441357461953499897e-02,-3.123683488487097315e-02,-4.235514033036647530e-01,-3.721939718513436746e-01,-7.128424648353099968e-01,-7.634412698271930697e-01,-5.787099805125781593e-01,-5.084263569768466828e-01,8.579806696668571542e-01,-1.626800261670208192e-02,-4.367609399999999864e-01,6.680420800534681014e-01,7.940963472948725510e-01,1.677953098458739856e-02,-3.953289404482849823e-01,-8.167328300441594191e-01,-3.654528308774429579e-01,-2.854104658207048950e-01,-2.160828124022783348e-01,-2.375820474934943194e-01,2.310163098192431486e-01,5.431663838968424640e-01,7.940121564697517620e-01,-2.502340779041248853e-01,3.050955371516848036e-01
-9.275301750579221238e-01,-1.235107549759369844e-01,4.579621019544373728e-01,1.000000000000000000e+00,2.554298291641235452e-01,6.408258428608639701e-01,-2.733332159066116929e-01,-8.374754696502885176e-01,-5.743279751572757386e-01,-6.826665204843367363e-01,-8.438030299692297342e-01,-9.377281481281246611e-02,8.077750482250665165e-01,1.005563007333314524e-01,5.413998982072456556e-01,-5.901768357645804652e-01,-2.295031915142189127e-01,-9.310565852663919006e-01,8.846494966172899210e-02,-4.528862575852206640e-01,-9.210764514827775029e-01,-4.763351051057765351e-01,5.905820538397197339e-01,1.670587889568866599e-02,-9.340126600000000501e-01,4.674262460224156701e-01,4.324607112023950983e-01,2.397464004407133531e-01,-7.306791547848953128e-01,-5.697402473024267833e-01,-4.271947795811568693e-01,-8.617446132687397453e-01,-2.126871483938876442e-02,4.501653928717785913e-01,-2.263087639408713214e-01,4.170573665465782121e-01,6.846867304941655075e-01,-3.708761653988982276e-01,3.975604277292208444e-01
-3.161192051097128086e-01,1.106601659411929617e-01,5.770009418303867488e-01,2.554298291641235452e-01,1.000000000000000000e+00,4.654911668784743606e-01,4.962050796943231479e-01,1.646437325530870632e-01,-1.207004977470478579e-02,2.388292379847635483e-01,-1.385809312742942445e-01,3.730929410725647433e-01,-4.588328741540040334e-02,-6.191552831838883497e-01,-2.086140737500177256e-01,3.454239924216606084e-01,-3.035781148839007959e-01,-2.266508650306680306e-01,-4.186061751468904135e-01,-5.655271914888093665e-01,-4.227275056972291112e-01,-9.621138777425848609e-02,6.817077522877902362e-01,-7.346329441316543085e-02,-2.942061000000000259e-01,5.825826574847189354e-01,4.622422116327674635e-01,-3.076965778671372220e-01,-3.708169044670340808e-01,-3.751912878877149971e-01,-4.285455569271860443e-01,4.876726662585294941e-02,-4.184984511878528379e-01,-5.102071519624634677e-01,-3.591071662630959116e-01,-9.147572773531414958e-02,6.353026053405352869e-01,-5.819114794812627611e-01,-1.934809498844831110e-01
-5.000318925366505907e-01,-1.331925241555251271e-01,2.493348211251688318e-01,6.408258428608639701e-01,4.654911668784743606e-01,1.000000000000000000e+00,-3.281961498147364237e-02,-3.128595285526800662e-01,-5.447999730452667277e-01,-3.956360412983608299e-01,-6.787146009058571128e-01,3.055028620648471693e-01,3.536574461968945426e-01,-1.224260463977058094e-02,-2.753853416136586504e-02,-1.556194765703083072e-01,-5.005422775033782079e-01,-7.199156905732364553e-01,1.854163382625764397e-02,-1.740397066606219345e-01,-7.469398518939325271e-01,-1.344681736093638613e-01,6.302006770457690976e-01,2.351975819646931198e-01,-7.346924999999999706e-01,6.557089367451287565e-01,2.896558813637742924e-01,-4.563586787541976664e-01,-6.940498784878977867e-01,-3.068848741103166189e-01,-7.230277963578646272e-01,-3.800858110079286534e-01,-9.907116748277271234e-02,-1.307405501351781296e-01,-5.487593467921428880e-01,-3.219460203353378958e-02,6.794390310999528504e-01,-7.403412467443509781e-01,-2.237423464260410999e-01
9.374200208454884498e-02,2.718658074971297411e-02,2.958951509377386047e-01,-2.733332159066116929e-01,4.962050796943231479e-01,-3.281961498147364237e-02,1.000000000000000000e+00,6.099064842404678943e-01,5.076795662218913652e-01,6.297314774054084685e-01,4.459001878511152928e-01,3.765568182898981764e-01,-5.561235855269075490e-01,-6.283702477182997459e-01,-2.534994152708011095e-01,6.312156845480885181e-01,1.107593571564557261e-01,3.870540672385533454e-01,-2.865611632868289016e-01,-3.206873203560122731e-01,1.456015133578516807e-01,4.010158286385394621e-01,2.152319858937319363e-01,-3.065023878042636429e-01,3.159584200000000731e-01,2.950632690248467527e-01,2.844289629641233996e-01,-4.835595277293001093e-01,7.111094437540797786e-02,6.366928115255049425e-02,1.828016175471209870e-01,4.639522495029234084e-01,-3.910977846716403028e-01,-6.483888460283780963e-01,-1.879432517611014930e-01,-3.534576555479648219e-01,9.786779938847800508e-02,-2.381213141120917254e-01,-3.372259321070014693e-01
7.201214196933261036e-01,1.140607613002501408e-01,-1.313823963438325582e-01,-8.374754696502885176e-01,1.646437325530870632e-01,-3.128595285526800662e-01,6.099064842404678943e-01,1.000000000000000000e+00,5.551452647425035858e-01,8.559765993041875687e-01,7.385332101942655436e-01,2.423262494728984362e-01,-8.304831533225071061e-01,-4.617737856920654527e-01,-6.683761832667715064e-01,8.536536763512410086e-01,-5.281113691050205033e-02,7.850536217247098270e-01,-2.672815844825467968e-01,1.187389007319520351e-01,6.547275131014854699e-01,5.451669143464357159e-01,-1.673099493242538038e-01,-1.855745783450923891e-01,7.461774000000001017e-01,-3.260346778270309387e-02,-1.916995952657444824e-01,-5.308353608814355695e-01,4.108757936169228908e-01,3.561980821535203900e-01,1.607596062871857190e-01,9.071093815113341341e-01,-2.236909982902527405e-01,-7.950801338524680073e-01,-3.561769541185606097e-02,-5.367128024423138966e-01,-3.247526165312392687e-01,-8.347502993173794295e-02,-5.183725543312772688e-01
2.875424931037157683e-01,-2.498540880886522542e-01,-3.812596505555559956e-02,-5.743279751572757386e-01,-1.207004977470478579e-02,-5.447999730452667277e-01,5.076795662218913652e-01,5.551452647425035858e-01,1.000000000000000000e+00,8.018225643764728128e-01,9.164335174680525720e-01,1.198159215583486925e-01,-6.176172045920322873e-01,-4.588878811175156613e-01,3.518514808064950820e-03,2.674136141118059196e-01,2.945487424662034948e-01,8.209855391524465418e-01,2.128547920532774043e-02,-1.574207907761470682e-01,6.676684305762494720e-01,2.351285186484687317e-01,-3.861071591488275390e-01,-2.541701720466885139e-01,7.989478000000000968e-01,-8.056586630481410438e-02,1.198889533965206422e-01,-1.024120340850899064e-01,2.627714481833600679e-01,5.373810218117190951e-01,7.354751578997741346e-01,6.613861486553669344e-01,3.835466306643157131e-01,-3.952188765392966041e-01,1.874668913121889657e-01,-2.736453501334394356e-01,-4.794268806376802972e-01,5.411382227768600783e-01,-2.439157714780349276e-02
4.274769652482353077e-01,1.029034071791374294e-01,1.782324418253944942e-01,-6.826665204843367363e-01,2.388292379847635483e-01,-3.956360412983608299e-01,6.297314774054084685e-01,8.559765993041875687e-01,8.018225643764728128e-01,1.000000000000000000e+00,8.429366526943384841e-01,1.382671192955127470e-01,-7.138266038386946732e-01,-7.007277104460472028e-01,-4.906996242503765537e-01,6.429652077593585036e-01,-4.652632443729536743e-02,7.744575872167339670e-01,-3.349433172881455256e-01,-2.080206300282003706e-01,5.686195538564273733e-01,2.166101178464597266e-01,-3.431607338946895958e-02,-2.150713140122762490e-01,7.241425800000000912e-01,1.663697406704072179e-01,1.756644115344167811e-01,-3.825840347428135502e-01,2.440427919336522755e-01,2.515123100485201491e-01,2.927394489958636270e-01,8.515574351667174469e-01,-6.705123027559780312e-03,-7.860052217392251572e-01,1.167653299132772049e-01,-2.581393078489822579e-01,-1.996238018355964983e-01,1.295091696645812307e-01,-2.443295327647461712e-01
6.183562330880114644e-01,-2.707991559974459034e-02,-1.957024328584663353e-01,-8.438030299692297342e-01,-1.385809312742942445e-01,-6.787146009058571128e-01,4.459001878511152928e-01,7.385332101942655436e-01,9.164335174680525720e-01,8.429366526943384841e-01,1.000000000000000000e+00,9.879520183804096911e-02,-7.616645372858330543e-01,-3.566766010259445063e-01,-2.759806111183726318e-01,4.160921644837644595e-01,3.004800534065562023e-01,9.676848039706846816e-01,-9.633186288904925509e-02,1.171679368543106503e-01,8.607804163837903255e-01,3.270744343607450699e-01,-5.052803523421671716e-01,-1.189737204775108970e-01,9.542976400000000581e-01,-2.647142300398333536e-01,-7.641854354702772023e-02,-1.695392267188816360e-01,5.456462601868261597e-01,5.753329038804556594e-01,6.677912470011511115e-01,8.141240032078308486e-01,2.725803555836727177e-01,-4.638072838532251718e-01,2.901893246676347515e-01,-2.979652598930536134e-01,-6.048222033899182115e-01,5.662861095016462620e-01,-1.873958691518797792e-01
2.261881913085744822e-01,-1.877391639825619629e-01,-2.269277003548411109e-01,-9.377281481281246611e-02,3.730929410725647433e-01,3.055028620648471693e-01,3.765568182898981764e-01,2.423262494728984362e-01,1.198159215583486925e-01,1.382671192955127470e-01,9.879520183804096911e-02,1.000000000000000000e+00,-5.819752201123445934e-01,4.888865827981785789e-02,-2.296980693609357305e-01,2.110951560213560341e-01,4.034580728744416867e-01,8.204168111490625637e-02,1.607302249145711182e-01,2.970392758917556608e-01,1.212050622351524415e-02,2.212555566605632629e-01,1.597930472390640677e-02,1.796178950450730560e-01,6.061289999999996958e-02,2.711054322320021193e-01,2.013162490886355183e-01,-6.668343885238710023e-01,6.808516719608322110e-02,4.401282667118816549e-01,-1.009073971332173081e-01,2.689560094226870479e-01,-1.813085496958853349e-01,-4.413962650036739599e-01,-7.167518927864637845e-01,-3.481185861509591417e-01,7.536362714876285174e-02,-3.236792774012172691e-01,-6.020513632492885403e-01
-7.676758232129954340e-01,9.019618533524750847e-02,3.898141173656393677e-01,8.077750482250665165e-01,-4.588328741540040334e-02,3.536574461968945426e-01,-5.561235855269075490e-01,-8.304831533225071061e-01,-6.176172045920322873e-01,-7.138266038386946732e-01,-7.616645372858330543e-01,-5.819752201123445934e-01,1.000000000000000000e+00,2.387561210210181473e-01,5.372471932692290952e-01,-6.513579190468802294e-01,-3.825424318084549857e-01,-8.023883010799471860e-01,-3.569344642567198050e-02,-3.565496574041628342e-01,-6.995138034537534688e-01,-5.726859425760159050e-01,3.866852359584895260e-01,-9.857916866753990183e-04,-7.783553599999999406e-01,1.554290663889392465e-01,1.865481422641549758e-01,5.373099296682813941e-01,-5.582322523508006507e-01,-6.751554161130628451e-01,-3.404910300827964642e-01,-8.748755643229921830e-01,8.001080480846026188e-02,6.768608681354830736e-01,2.320018716943997861e-01,5.608935380818168559e-01,4.518642703531917104e-01,-8.423472944928818429e-02,6.681649738934035687e-01
1.643738673229359626e-01,-1.872977163128004552e-01,-6.888461552400451104e-01,1.005563007333314524e-01,-6.191552831838883497e-01,-1.224260463977058094e-02,-6.283702477182997459e-01,-4.617737856920654527e-01,-4.588878811175156613e-01,-7.007277104460472028e-01,-3.566766010259445063e-01,4.888865827981785789e-02,2.387561210210181473e-01,1.000000000000000000e+00,3.588410345507424548e-01,-4.563055672109927463e-01,3.805720023416001574e-01,-2.241401683775738618e-01,5.756373551910216602e-01,6.911164554310412766e-01,4.597972912205892243e-02,-2.553440025767866189e-02,-5.376412900959277597e-01,1.193651904254558055e-01,-1.462136800000000125e-01,-4.792979165789327256e-01,-4.588725778629760277e-01,2.030647853191377694e-01,1.396850967703584245e-01,2.979665296741033642e-01,6.758514963328458858e-02,-3.832788012515238041e-01,1.131918608340952564e-01,6.892206418779427413e-01,-1.051142090425240538e-01,1.330522809360605227e-02,-4.059492772194281396e-01,1.736897806439094971e-01,1.517152745902501376e-01
-5.962316410209982376e-01,-5.249967683349551217e-01,-5.441357461953499897e-02,5.413998982072456556e-01,-2.086140737500177256e-01,-2.753853416136586504e-02,-2.534994152708011095e-01,-6.683761832667715064e-01,3.518514808064950820e-03,-4.906996242503765537e-01,-2.759806111183726318e-01,-2.296980693609357305e-01,5.372471932692290952e-01,3.588410345507424548e-01,1.000000000000000000e+00,-5.296542819213884146e-01,3.268059865218825299e-01,-3.036057156777011157e-01,5.372439100350440144e-01,-2.833995970478158100e-01,-2.209943249360737660e-01,-1.386674416349353289e-01,-2.321941887088278533e-01,-4.438579979304791978e-01,-2.735642799999999930e-01,-2.123737244610123809e-01,-1.864541389354804762e-02,6.142740612639896458e-01,-3.212097528834756965e-01,1.444727227054920515e-02,4.669473918456715222e-01,-6.001946153691436470e-01,2.886395381990930487e-01,7.791398058445618835e-01,6.955540497035432590e-02,3.684374801432405144e-02,-1.718039991805130895e-01,2.883808803022619438e-01,7.108522160184466143e-01
5.143255907360139156e-01,9.161397240703370026e-02,-3.123683488487097315e-02,-5.901768357645804652e-01,3.454239924216606084e-01,-1.556194765703083072e-01,6.312156845480885181e-01,8.536536763512410086e-01,2.674136141118059196e-01,6.429652077593585036e-01,4.160921644837644595e-01,2.110951560213560341e-01,-6.513579190468802294e-01,-4.563055672109927463e-01,-5.296542819213884146e-01,1.000000000000000000e+00,-3.840634446119071954e-02,5.152725177990320482e-01,-2.066095564118544947e-01,-9.216720299640686342e-02,4.013496406846305264e-01,5.780940679706133567e-01,9.161675919179268490e-03,-4.317582614210207503e-01,4.626702199999999099e-01,-6.621030834535727994e-02,-2.857489117745133922e-01,-3.797542317194612660e-01,3.050575277094444981e-01,9.728265632389754280e-02,2.312234065503870548e-02,7.053069712266029079e-01,-5.898705009689362289e-01,-6.486427378443460068e-01,-1.212566985731696328e-01,-6.375867918311480809e-01,-1.624733818152951093e-01,-3.894754516529824739e-01,-4.083218275888120252e-01
2.614633996869972776e-01,-1.434052227650496336e-01,-4.235514033036647530e-01,-2.295031915142189127e-01,-3.035781148839007959e-01,-5.005422775033782079e-01,1.107593571564557261e-01,-5.281113691050205033e-02,2.945487424662034948e-01,-4.652632443729536743e-02,3.004800534065562023e-01,4.034580728744416867e-01,-3.825424318084549857e-01,3.805720023416001574e-01,3.268059865218825299e-01,-3.840634446119071954e-02,1.000000000000000000e+00,3.382838222039627474e-01,3.714264136752661316e-01,3.564473696438238970e-01,3.860564863282943127e-01,1.865992387676126407e-01,-5.801743110213948285e-01,-1.147062173005918007e-01,3.537150200000001021e-01,-5.296132243760535152e-01,-1.260971183360139469e-01,1.860489988057151545e-01,5.874081169903129229e-01,4.749947950238869732e-01,6.531204710191124141e-01,5.053141810713335930e-02,-2.468139738316880993e-02,3.013361170625448726e-01,1.164124139893575431e-02,-1.470064032068994497e-01,-5.079841714156779764e-01,4.612023652929734263e-01,4.510582813147332587e-02
7.584822964929327505e-01,-5.855930782868613849e-02,-3.721939718513436746e-01,-9.310565852663919006e-01,-2.266508650306680306e-01,-7.199156905732364553e-01,3.870540672385533454e-01,7.850536217247098270e-01,8.209855391524465418e-01,7.744575872167339670e-01,9.676848039706846816e-01,8.204168111490625637e-02,-8.023883010799471860e-01,-2.241401683775738618e-01,-3.036057156777011157e-01,5.152725177990320482e-01,3.382838222039627474e-01,1.000000000000000000e+00,-1.809903174356775404e-03,2.465281586654761159e-01,9.435752955016323273e-01,4.649812832373292903e-01,-6.299072460841758092e-01,-1.730436532483172474e-01,9.958112400000000974e-01,-4.363389894016865278e-01,-3.072583138317426243e-01,-1.362326807693848840e-01,6.455982089991249007e-01,6.382295238027066997e-01,6.720621036821637917e-01,8.487080759590687196e-01,1.773858728993782663e-01,-4.043565187636847247e-01,2.651342840196443951e-01,-4.339072690644198427e-01,-7.322753361236372660e-01,5.222560019683133437e-01,-2.410794338256667946e-01
1.250227179939000614e-02,-8.617580893747396331e-01,-7.128424648353099968e-01,8.846494966172899210e-02,-4.186061751468904135e-01,1.854163382625764397e-02,-2.865611632868289016e-01,-2.672815844825467968e-01,2.128547920532774043e-02,-3.349433172881455256e-01,-9.633186288904925509e-02,1.607302249145711182e-01,-3.569344642567198050e-02,5.756373551910216602e-01,5.372439100350440144e-01,-2.066095564118544947e-01,3.714264136752661316e-01,-1.809903174356775404e-03,1.000000000000000000e+00,2.361201407585859224e-01,1.632976731966400974e-01,2.288002372075897961e-01,-5.977532998121506402e-01,-3.018255820110165022e-01,5.128519999999991974e-02,-3.512089463943135481e-01,-5.079953990174301826e-01,1.645748575177797546e-01,-1.721975543606694414e-01,6.345670940275018879e-01,3.736748506936456438e-01,-1.694194365984136655e-02,2.685997975760409662e-01,4.329497956652501589e-01,-3.925172328496439600e-01,-4.448088536859160502e-01,-5.401523346232667278e-01,1.038337290797743673e-01,7.939842121816567677e-02
7.033220953337395720e-01,7.114804808480512666e-02,-7.634412698271930697e-01,-4.528862575852206640e-01,-5.655271914888093665e-01,-1.740397066606219345e-01,-3.206873203560122731e-01,1.187389007319520351e-01,-1.574207907761470682e-01,-2.080206300282003706e-01,1.171679368543106503e-01,2.970392758917556608e-01,-3.565496574041628342e-01,6.911164554310412766e-01,-2.833995970478158100e-01,-9.216720299640686342e-02,3.564473696438238970e-01,2.465281586654761159e-01,2.361201407585859224e-01,1.000000000000000000e+00,4.013478923995806302e-01,3.006344201959292861e-01,-5.841777455187504575e-01,4.873747558556249526e-01,3.027463399999998916e-01,-4.498157323758888992e-01,-4.556480722121881155e-01,-2.556431009890853812e-01,5.644262916326004964e-01,5.489936348655332088e-01,5.605361428267317814e-02,1.553918561538513987e-01,1.525083985154867539e-01,9.754625967263187702e-02,-1.132787783345296229e-01,-1.182453146045408660e-01,-4.797527815910874738e-01,2.262768015250677112e-01,-4.525893239660940814e-01
8.191433960650469359e-01,-1.164047514352894025e-01,-5.787099805125781593e-01,-9.210764514827775029e-01,-4.227275056972291112e-01,-7.469398518939325271e-01,1.456015133578516807e-01,6.547275131014854699e-01,6.676684305762494720e-01,5.686195538564273733e-01,8.607804163837903255e-01,1.212050622351524415e-02,-6.995138034537534688e-01,4.597972912205892243e-02,-2.209943249360737660e-01,4.013496406846305264e-01,3.860564863282943127e-01,9.435752955016323273e-01,1.632976731966400974e-01,4.013478923995806302e-01,1.000000000000000000e+00,4.362203404096376969e-01,-7.993685062283342191e-01,-1.607944171750449458e-01,9.647491999999999734e-01,-6.308419257764691368e-01,-5.140201621577852320e-01,-3.459608157388495333e-03,6.879085027982871914e-01,6.993778227767944999e-01,6.728918576108727789e-01,7.599095788007870222e-01,2.088651669183904658e-01,-1.843803200606184411e-01,3.033187124597752637e-01,-4.468036898363995646e-01,-8.718038087694762739e-01,5.830608462798418934e-01,-1.765238332339778837e-01
5.036717175408171876e-01,-3.578998604112174076e-01,-5.084263569768466828e-01,-4.763351051057765351e-01,-9.621138777425848609e-02,-1.344681736093638613e-01,4.010158286385394621e-01,5.451669143464357159e-01,2.351285186484687317e-01,2.166101178464597266e-01,3.270744343607450699e-01,2.212555566605632629e-01,-5.726859425760159050e-01,-2.553440025767866189e-02,-1.386674416349353289e-01,5.780940679706133567e-01,1.865992387676126407e-01,4.649812832373292903e-01,2.288002372075897961e-01,3.006344201959292861e-01,4.362203404096376969e-01,1.000000000000000000e+00,-4.122997398359355969e-01,-2.362556086898974783e-01,4.553678599999999577e-01,-3.856184368547098118e-01,-6.018366743648044803e-01,-2.471615259857314617e-01,3.781181816700622811e-01,5.163501150499028025e-01,3.413529803452691747e-01,4.129050117217240579e-01,-7.407890663155645983e-02,-2.360260114076117022e-01,-2.260843146636895840e-01,-8.223478271592695732e-01,-4.589376364831604382e-01,-1.164524724672697381e-01,-5.378607053263897431e-01
-6.128975868756618706e-01,4.151503819177262411e-01,8.579806696668571542e-01,5.905820538397197339e-01,6.817077522877902362e-01,6.302006770457690976e-01,2.152319858937319363e-01,-1.673099493242538038e-01,-3.861071591488275390e-01,-3.431607338946895958e-02,-5.052803523421671716e-01,1.597930472390640677e-02,3.866852359584895260e-01,-5.376412900959277597e-01,-2.321941887088278533e-01,9.161675919179268490e-03,-5.801743110213948285e-01,-6.299072460841758092e-01,-5.977532998121506402e-01,-5.841777455187504575e-01,-7.993685062283342191e-01,-4.122997398359355969e-01,1.000000000000000000e+00,1.451569352131644175e-01,-6.903892400000000151e-01,8.233362517261906266e-01,6.934209710542240668e-01,-2.509717325561472423e-01,-5.583912001077957488e-01,-7.995206538576683508e-01,-7.484465136563229759e-01,-3.386820098525440415e-01,-3.721497913222933662e-01,-3.358900692025005852e-01,-1.678856702982713944e-01,4.145734293794002823e-01,9.731780417179987097e-01,-6.547312377848679699e-01,-1.176640343555068746e-02
1.445062595917203374e-01,3.928123997546328905e-01,-1.626800261670208192e-02,1.670587889568866599e-02,-7.346329441316543085e-02,2.351975819646931198e-01,-3.065023878042636429e-01,-1.855745783450923891e-01,-2.541701720466885139e-01,-2.150713140122762490e-01,-1.189737204775108970e-01,1.796178950450730560e-01,-9.857916866753990183e-04,1.193651904254558055e-01,-4.438579979304791978e-01,-4.317582614210207503e-01,-1.147062173005918007e-01,-1.730436532483172474e-01,-3.018255820110165022e-01,4.873747558556249526e-01,-1.607944171750449458e-01,-2.362556086898974783e-01,1.451569352131644175e-01,1.000000000000000000e+00,-1.528929999999999456e-01,1.437290664183172306e-01,2.272604837571105263e-01,-2.680488079175550320e-01,1.936997923884987149e-01,-4.577551139614111086e-03,-3.966608889664760551e-01,-1.243169547464410135e-01,3.318896808431285872e-01,-1.160811031528720255e-01,1.488800857182615012e-02,4.387432270837552939e-01,2.929472766017942043e-01,1.321659619843231770e-01,-4.748845694095265579e-01
7.773884399999999584e-01,-8.443730000000004843e-02,-4.367609399999999864e-01,-9.340126600000000501e-01,-2.942061000000000259e-01,-7.346924999999999706e-01,3.159584200000000731e-01,7.461774000000001017e-01,7.989478000000000968e-01,7.241425800000000912e-01,9.542976400000000581e-01,6.061289999999996958e-02,-7.783553599999999406e-01,-1.462136800000000125e-01,-2.735642799999999930e-01,4.626702199999999099e-01,3.537150200000001021e-01,9.958112400000000974e-01,5.128519999999991974e-02,3.027463399999998916e-01,9.647491999999999734e-01,4.553678599999999577e-01,-6.903892400000000151e-01,-1.528929999999999456e-01,1.000000000000000000e+00,-4.864365000000000494e-01,-3.555964600000000031e-01,-1.042385000000000117e-01,6.555190600000000423e-01,6.750738999999998935e-01,6.892560999999999272e-01,8.275949400000000011e-01,2.213153800000000615e-01,-3.432662600000000452e-01,2.755834800000001028e-01,-4.267579400000000023e-01,-7.817921399999999688e-01,5.643299600000000193e-01,-2.226447599999999971e-01
-5.168344683405966533e-01,1.170463425767245547e-01,6.680420800534681014e-01,4.674262460224156701e-01,5.825826574847189354e-01,6.557089367451287565e-01,2.950632690248467527e-01,-3.260346778270309387e-02,-8.056586630481410438e-02,1.663697406704072179e-01,-2.647142300398333536e-01,2.711054322320021193e-01,1.554290663889392465e-01,-4.792979165789327256e-01,-2.123737244610123809e-01,-6.621030834535727994e-02,-5.296132243760535152e-01,-4.363389894016865278e-01,-3.512089463943135481e-01,-4.498157323758888992e-01,-6.308419257764691368e-01,-3.856184368547098118e-01,8.233362517261906266e-01,1.437290664183172306e-01,-4.864365000000000494e-01,1.000000000000000000e+00,7.918526060181136916e-01,-5.511704280694481595e-01,-7.026700416468730781e-01,-4.006533065533844917e-01,-6.016478826364618504e-01,-1.067978669429053007e-01,-8.508571528954765595e-02,-5.104229852171199289e-01,-4.123469757420704096e-01,3.093955314722164340e-01,7.952150555506950491e-01,-5.636482923845247406e-01,-1.117261817052839501e-01
-5.600286478572762405e-01,3.563870503977907833e-01,7.940963472948725510e-01,4.324607112023950983e-01,4.622422116327674635e-01,2.896558813637742924e-01,2.844289629641233996e-01,-1.916995952657444824e-01,1.198889533965206422e-01,1.756644115344167811e-01,-7.641854354702772023e-02,2.013162490886355183e-01,1.865481422641549758e-01,-4.588725778629760277e-01,-1.864541389354804762e-02,-2.857489117745133922e-01,-1.260971183360139469e-01,-3.072583138317426243e-01,-5.079953990174301826e-01,-4.556480722121881155e-01,-5.140201621577852320e-01,-6.018366743648044803e-01,6.934209710542240668e-01,2.272604837571105263e-01,-3.555964600000000031e-01,7.918526060181136916e-01,1.000000000000000000e+00,-2.556478707168229336e-01,-3.790902291314497408e-01,-4.544434930762595859e-01,-2.660601248623973292e-01,-2.372378651270036498e-01,2.943075151567793937e-02,-2.825533293905878596e-01,-2.536224655401637940e-02,6.140889196118102245e-01,7.041941259717258150e-01,-9.546419287949786670e-02,1.582635209005709420e-01
-2.958363377579216746e-01,-5.632842997637743654e-02,1.677953098458739856e-02,2.397464004407133531e-01,-3.076965778671372220e-01,-4.563586787541976664e-01,-4.835595277293001093e-01,-5.308353608814355695e-01,-1.024120340850899064e-01,-3.825840347428135502e-01,-1.695392267188816360e-01,-6.668343885238710023e-01,5.373099296682813941e-01,2.030647853191377694e-01,6.142740612639896458e-01,-3.797542317194612660e-01,1.860489988057151545e-01,-1.362326807693848840e-01,1.645748575177797546e-01,-2.556431009890853812e-01,-3.459608157388495333e-03,-2.471615259857314617e-01,-2.509717325561472423e-01,-2.680488079175550320e-01,-1.042385000000000117e-01,-5.511704280694481595e-01,-2.556478707168229336e-01,1.000000000000000000e+00,9.538398715775514569e-02,-2.362107543782206720e-01,3.683881433888667178e-01,-4.582830922028264808e-01,1.341208354178883566e-01,7.627810193469126698e-01,5.144864368714379133e-01,2.607482925848321753e-01,-2.158656573717540883e-01,4.786498484856321900e-01,6.916353015020350048e-01
7.539359765940486513e-01,3.755252875253018985e-01,-3.953289404482849823e-01,-7.306791547848953128e-01,-3.708169044670340808e-01,-6.940498784878977867e-01,7.111094437540797786e-02,4.108757936169228908e-01,2.627714481833600679e-01,2.440427919336522755e-01,5.456462601868261597e-01,6.808516719608322110e-02,-5.582322523508006507e-01,1.396850967703584245e-01,-3.212097528834756965e-01,3.050575277094444981e-01,5.874081169903129229e-01,6.455982089991249007e-01,-1.721975543606694414e-01,5.644262916326004964e-01,6.879085027982871914e-01,3.781181816700622811e-01,-5.583912001077957488e-01,1.936997923884987149e-01,6.555190600000000423e-01,-7.026700416468730781e-01,-3.790902291314497408e-01,9.538398715775514569e-02,1.000000000000000000e+00,3.282725647979767292e-01,4.483547715963612235e-01,3.815613125050600352e-01,-6.648827617150322722e-02,-3.067623735801680226e-02,4.124815388231245494e-01,-1.478910412352717751e-01,-5.506412152321517040e-01,5.023810186295296631e-01,-2.707913985379598043e-01
6.007738581913575349e-01,-6.197562124529684136e-01,-8.167328300441594191e-01,-5.697402473024267833e-01,-3.751912878877149971e-01,-3.068848741103166189e-01,6.366928115255049425e-02,3.561980821535203900e-01,5.373810218117190951e-01,2.515123100485201491e-01,5.753329038804556594e-01,4.401282667118816549e-01,-6.751554161130628451e-01,2.979665296741033642e-01,1.444727227054920515e-02,9.728265632389754280e-02,4.749947950238869732e-01,6.382295238027066997e-01,6.345670940275018879e-01,5.489936348655332088e-01,6.993778227767944999e-01,5.163501150499028025e-01,-7.995206538576683508e-01,-4.577551139614111086e-03,6.750738999999998935e-01,-4.006533065533844917e-01,-4.544434930762595859e-01,-2.362107543782206720e-01,3.282725647979767292e-01,1.000000000000000000e+00,5.752735766708461096e-01,5.626975737635599994e-01,4.263247578209421462e-01,-1.116539171550380849e-01,-2.941139198410295807e-01,-5.812212245160002233e-01,-7.684703792814977508e-01,3.782662245825471614e-01,-3.978567330320553763e-01
2.366328286341862763e-01,-3.852588414373995240e-01,-3.654528308774429579e-01,-4.271947795811568693e-01,-4.285455569271860443e-01,-7.230277963578646272e-01,1.828016175471209870e-01,1.607596062871857190e-01,7.354751578997741346e-01,2.927394489958636270e-01,6.677912470011511115e-01,-1.009073971332173081e-01,-3.404910300827964642e-01,6.758514963328458858e-02,4.669473918456715222e-01,2.312234065503870548e-02,6.531204710191124141e-01,6.720621036821637917e-01,3.736748506936456438e-01,5.605361428267317814e-02,6.728918576108727789e-01,3.413529803452691747e-01,-7.484465136563229759e-01,-3.966608889664760551e-01,6.892560999999999272e-01,-6.016478826364618504e-01,-2.660601248623973292e-01,3.683881433888667178e-01,4.483547715963612235e-01,5.752735766708461096e-01,1.000000000000000000e+00,2.719490073145702236e-01,3.846757434008650223e-01,2.536901877508937475e-01,3.485144135354610873e-01,-2.986850038483785386e-01,-7.750048720601733221e-01,7.541947215217498224e-01,2.722938533719385656e-01
7.392220758367537004e-01,-8.458714122295761528e-02,-2.854104658207048950e-01,-8.617446132687397453e-01,4.876726662585294941e-02,-3.800858110079286534e-01,4.639522495029234084e-01,9.071093815113341341e-01,6.613861486553669344e-01,8.515574351667174469e-01,8.141240032078308486e-01,2.689560094226870479e-01,-8.748755643229921830e-01,-3.832788012515238041e-01,-6.001946153691436470e-01,7.053069712266029079e-01,5.053141810713335930e-02,8.487080759590687196e-01,-1.694194365984136655e-02,1.553918561538513987e-01,7.599095788007870222e-01,4.129050117217240579e-01,-3.386820098525440415e-01,-1.243169547464410135e-01,8.275949400000000011e-01,-1.067978669429053007e-01,-2.372378651270036498e-01,-4.582830922028264808e-01,3.815613125050600352e-01,5.626975737635599994e-01,2.719490073145702236e-01,1.000000000000000000e+00,-2.305125995050626500e-02,-7.248734125662289474e-01,-5.091974511460263531e-02,-5.127594423437484839e-01,-4.690065221465424261e-01,9.786426301356536406e-02,-4.883878679317172899e-01
-6.416538978129268656e-02,-3.698516480243006499e-01,-2.160828124022783348e-01,-2.126871483938876442e-02,-4.184984511878528379e-01,-9.907116748277271234e-02,-3.910977846716403028e-01,-2.236909982902527405e-01,3.835466306643157131e-01,-6.705123027559780312e-03,2.725803555836727177e-01,-1.813085496958853349e-01,8.001080480846026188e-02,1.131918608340952564e-01,2.886395381990930487e-01,-5.898705009689362289e-01,-2.468139738316880993e-02,1.773858728993782663e-01,2.685997975760409662e-01,1.525083985154867539e-01,2.088651669183904658e-01,-7.407890663155645983e-02,-3.721497913222933662e-01,3.318896808431285872e-01,2.213153800000000615e-01,-8.508571528954765595e-02,2.943075151567793937e-02,1.341208354178883566e-01,-6.648827617150322722e-02,4.263247578209421462e-01,3.846757434008650223e-01,-2.305125995050626500e-02,1.000000000000000000e+00,2.067096003157995465e-01,2.388611012702818448e-01,1.140468651138802914e-01,-2.961237875845527667e-01,6.364177209713065553e-01,1.175467910305782598e-01
-3.572213524223756265e-01,-1.809898924940269715e-01,-2.375820474934943194e-01,4.501653928717785913e-01,-5.102071519624634677e-01,-1.307405501351781296e-01,-6.483888460283780963e-01,-7.950801338524680073e-01,-3.952188765392966041e-01,-7.860052217392251572e-01,-4.638072838532251718e-01,-4.413962650036739599e-01,6.768608681354830736e-01,6.892206418779427413e-01,7.791398058445618835e-01,-6.486427378443460068e-01,3.013361170625448726e-01,-4.043565187636847247e-01,4.329497956652501589e-01,9.754625967263187702e-02,-1.843803200606184411e-01,-2.360260114076117022e-01,-3.358900692025005852e-01,-1.160811031528720255e-01,-3.432662600000000452e-01,-5.104229852171199289e-01,-2.825533293905878596e-01,7.627810193469126698e-01,-3.067623735801680226e-02,-1.116539171550380849e-01,2.536901877508937475e-01,-7.248734125662289474e-01,2.067096003157995465e-01,1.000000000000000000e+00,3.001478567222460314e-01,2.594636613160539729e-01,-2.219115612831926432e-01,3.690824472860290140e-01,6.567303574749605577e-01
3.959306091141219508e-02,4.744087168459172887e-01,2.310163098192431486e-01,-2.263087639408713214e-01,-3.591071662630959116e-01,-5.487593467921428880e-01,-1.879432517611014930e-01,-3.561769541185606097e-02,1.874668913121889657e-01,1.167653299132772049e-01,2.901893246676347515e-01,-7.167518927864637845e-01,2.320018716943997861e-01,-1.051142090425240538e-01,6.955540497035432590e-02,-1.212566985731696328e-01,1.164124139893575431e-02,2.651342840196443951e-01,-3.925172328496439600e-01,-1.132787783345296229e-01,3.033187124597752637e-01,-2.260843146636895840e-01,-1.678856702982713944e-01,1.488800857182615012e-02,2.755834800000001028e-01,-4.123469757420704096e-01,-2.536224655401637940e-02,5.144864368714379133e-01,4.124815388231245494e-01,-2.941139198410295807e-01,3.485144135354610873e-01,-5.091974511460263531e-02,2.388611012702818448e-01,3.001478567222460314e-01,1.000000000000000000e+00,3.721121573291717444e-01,-2.155334751209767863e-01,6.407471588297871667e-01,5.020653041661173877e-01
-4.256295610823030984e-01,5.804980342075520827e-01,5.431663838968424640e-01,4.170573665465782121e-01,-9.147572773531414958e-02,-3.219460203353378958e-02,-3.534576555479648219e-01,-5.367128024423138966e-01,-2.736453501334394356e-01,-2.581393078489822579e-01,-2.979652598930536134e-01,-3.481185861509591417e-01,5.608935380818168559e-01,1.330522809360605227e-02,3.684374801432405144e-02,-6.375867918311480809e-01,-1.470064032068994497e-01,-4.339072690644198427e-01,-4.448088536859160502e-01,-1.182453146045408660e-01,-4.468036898363995646e-01,-8.223478271592695732e-01,4.145734293794002823e-01,4.387432270837552939e-01,-4.267579400000000023e-01,3.093955314722164340e-01,6.140889196118102245e-01,2.607482925848321753e-01,-1.478910412352717751e-01,-5.812212245160002233e-01,-2.986850038483785386e-01,-5.127594423437484839e-01,1.140468651138802914e-01,2.594636613160539729e-01,3.721121573291717444e-01,1.000000000000000000e+00,4.908174669414293034e-01,2.355991376592089792e-01,4.093126369078364801e-01
-6.513551822854743989e-01,3.946899998430812850e-01,7.940121564697517620e-01,6.846867304941655075e-01,6.353026053405352869e-01,6.794390310999528504e-01,9.786779938847800508e-02,-3.247526165312392687e-01,-4.794268806376802972e-01,-1.996238018355964983e-01,-6.048222033899182115e-01,7.536362714876285174e-02,4.518642703531917104e-01,-4.059492772194281396e-01,-1.718039991805130895e-01,-1.624733818152951093e-01,-5.079841714156779764e-01,-7.322753361236372660e-01,-5.401523346232667278e-01,-4.797527815910874738e-01,-8.718038087694762739e-01,-4.589376364831604382e-01,9.731780417179987097e-01,2.929472766017942043e-01,-7.817921399999999688e-01,7.952150555506950491e-01,7.041941259717258150e-01,-2.158656573717540883e-01,-5.506412152321517040e-01,-7.684703792814977508e-01,-7.750048720601733221e-01,-4.690065221465424261e-01,-2.961237875845527667e-01,-2.219115612831926432e-01,-2.155334751209767863e-01,4.908174669414293034e-01,1.000000000000000000e+00,-6.098743939625925758e-01,-3.979135195751367510e-02
2.296250537986196938e-01,-8.182315432402276212e-03,-2.502340779041248853e-01,-3.708761653988982276e-01,-5.819114794812627611e-01,-7.403412467443509781e-01,-2.381213141120917254e-01,-8.347502993173794295e-02,5.411382227768600783e-01,1.295091696645812307e-01,5.662861095016462620e-01,-3.236792774012172691e-01,-8.423472944928818429e-02,1.736897806439094971e-01,2.883808803022619438e-01,-3.894754516529824739e-01,4.612023652929734263e-01,5.222560019683133437e-01,1.038337290797743673e-01,2.262768015250677112e-01,5.830608462798418934e-01,-1.164524724672697381e-01,-6.547312377848679699e-01,1.321659619843231770e-01,5.643299600000000193e-01,-5.636482923845247406e-01,-9.546419287949786670e-02,4.786498484856321900e-01,5.023810186295296631e-01,3.782662245825471614e-01,7.541947215217498224e-01,9.786426301356536406e-02,6.364177209713065553e-01,3.690824472860290140e-01,6.407471588297871667e-01,2.355991376592089792e-01,-6.098743939625925758e-01,1.000000000000000000e+00,3.355659989847229463e-01
-5.452370411279420237e-01,5.875354835044449553e-03,3.050955371516848036e-01,3.975604277292208444e-01,-1.934809498844831110e-01,-2.237423464260410999e-01,-3.372259321070014693e-01,-5.183725543312772688e-01,-2.439157714780349276e-02,-2.443295327647461712e-01,-1.873958691518797792e-01,-6.020513632492885403e-01,6.681649738934035687e-01,1.517152745902501376e-01,7.108522160184466143e-01,-4.083218275888120252e-01,4.510582813147332587e-02,-2.410794338256667946e-01,7.939842121816567677e-02,-4.525893239660940814e-01,-1.765238332339778837e-01,-5.378607053263897431e-01,-1.176640343555068746e-02,-4.748845694095265579e-01,-2.226447599999999971e-01,-1.117261817052839501e-01,1.582635209005709420e-01,6.916353015020350048e-01,-2.707913985379598043e-01,-3.978567330320553763e-01,2.722938533719385656e-01,-4.883878679317172899e-01,1.175467910305782598e-01,6.567303574749605577e-01,5.020653041661173877e-01,4.093126369078364801e-01,-3.979135195751367510e-02,3.355659989847229463e-01,1.000000000000000000e+00
