1.0,0.28351934110529886,0.57973447799764399,0.1602342272505089,0.66213172034910317,0.023507443840835751,0.02577890848322506,0.48688762460692825,0.034502838915500988,0.17263987004555592,-0.024130857888026602,-0.88451593651403015,-0.057092440242073328,0.006175779603927789,0.467440632019961,0.61586012780873101,0.88405141237690188,0.7254394578006621,-0.43947986356187391,-0.30178659243338413,0.24789964214101778,-0.070320854747843553,0.34226019705696453,-0.28614613631784802,-0.3181570226417707,-0.49353162240602255,-0.074104757312763503,-0.33031075239831792,0.21071039999999996,-0.0087891968845897894,0.4639254590514163,0.28459119667013821,-0.10160398555268452,-0.52752689574535394,-0.37342296298283301,0.73806753691741711,0.45862996480497498,0.4375016384715732,-0.26573636211951879
0.28351934110529886,1.0,0.87681874391127756,-0.79633232634104967,0.16609434821611241,0.55773404162750795,-0.5727149994657188,0.12796054502658893,-0.611510006735835,-0.5504489702185501,0.69252661627991108,-0.29198404627075925,-0.25922463983049659,0.43432908410941068,0.49509761765389765,-0.089911111284849438,0.44951214987292404,0.6825987169108686,-0.58525860575869892,-0.23953084580626599,-0.68020220053237068,-0.95837899594765152,0.198275877896055,-0.30536199451385737,0.6560109972443644,-0.67409170492840775,-0.66867274262260545,0.41866542205371954,0.30920400000000003,0.50687786809432511,0.27200930202857154,-0.55895375424737503,0.73898847972498394,-0.75145631835771853,0.25913796846907988,0.26667176555489008,0.57689166754197041,0.35188034274302693,-0.51084558228943322
0.57973447799764399,0.87681874391127756,1.0,-0.5916810473720151,0.30808380606036917,0.57081011240793456,-0.5618140645784937,0.43675915277386912,-0.43648172015680642,-0.14569258673593935,0.42711293426272356,-0.41074328898786472,-0.41913016070100723,0.28038469309067593,0.46781174278097087,0.24193055402438776,0.58729376556029145,0.81211844520780041,-0.46160332991855202,-0.53939515333910937,-0.44858619548214962,-0.82086155589965826,0.47228097320705842,-0.4791112876552211,0.27927977361754391,-0.80555549177888386,-0.46558126823687795,0.37397749487347715,0.45616867999999999,0.58815773256432158,0.4544569780353831,-0.22521137028326466,0.4212572257567917,-0.90881521968801282,0.040982449707859428,0.47450867619542098,0.67483385280450092,0.37968188964567129,-0.49719495231898664
0.1602342272505089,-0.79633232634104967,-0.5916810473720151,1.0,0.35866049163382707,-0.40935869834294797,0.50860027796954643,0.13963625080424158,0.6623945456074235,0.59978857711944489,-0.77837631579261324,-0.10418437002918345,0.05256511564177635,-0.45674335835577656,-0.10504000168047806,0.49919863433442246,-0.06716936930646708,-0.39773806739925638,0.30432097086285204,0.20185775474950154,0.74643335773623742,0.89200933495982693,0.070477030161144302,0.040998993676655396,-0.78832933658635373,0.39627700124201182,0.70383615720076831,-0.69243450648552307,-0.014926899999999965,-0.35429212509303548,0.23855241730269389,0.59153170485667894,-0.83652819080702701,0.49673178947174479,-0.70206939930531076,0.1992496696229559,-0.49196411212902602,-0.15603363243035565,0.60736881852384217
0.66213172034910317,0.16609434821611241,0.30808380606036917,0.35866049163382707,1.0,-0.15194780938602956,0.18178102240118285,0.11367523923525238,-0.12807428552850195,0.24881555913837172,-0.32470997208047803,-0.54413738376844445,-0.018496575755830965,-0.18902281729612869,0.33337778095979631,0.55453817053819243,0.43605402389750009,0.54749728631702643,-0.44286205768756587,-0.18128304334729514,0.21102915226705715,0.058396319779535744,0.50999911563399203,0.037359995648359463,-0.21419124873581119,-0.10135741481710524,-0.11537314538606597,-0.5288221664176167,0.18293548000000004,0.034269738694811175,0.4651835467953066,0.19277130824165176,-0.27453219431880976,-0.20591394957868461,-0.56034809452229017,0.47100384420523844,0.3060962696464179,0.16181525909591435,-0.017329722460750704
0.023507443840835751,0.55773404162750795,0.57081011240793456,-0.40935869834294797,-0.15194780938602956,1.0,-0.74477430835040115,0.69130272097945278,0.17802839595731035,-0.18637075478627532,0.18685832736892904,0.02225339237738274,-0.89566500163396745,-0.069951306311000078,0.63508922003411505,0.35292655318338612,0.059787228591093644,0.047729956364069862,0.11544108652353191,-0.023211269564434457,-0.25956816417209699,-0.62936083487862537,0.40622599042002078,-0.87469621114172735,0.039619898316764726,-0.83729813010543175,0.12655850119558007,0.26505048292248345,0.87487037999999995,0.89522661123185965,0.60449674964113165,-0.47417400952960637,0.15459128451740703,-0.57367993444667997,0.0016025576044839071,0.47772649592648248,-0.16570069947943161,-0.14918794658600057,-0.092501190397483057
0.02577890848322506,-0.5727149994657188,-0.5618140645784937,0.50860027796954643,0.18178102240118285,-0.74477430835040115,1.0,-0.49860315685579049,0.14672376222013553,0.14662897347155684,-0.22633939792597899,-0.065238090005412308,0.61416952564251581,-0.14014252386636827,-0.37770737988809605,-0.12055349684893094,0.033025457349302942,-0.10322064731500327,-0.069852724351752271,0.17019795174821975,0.31897340511088501,0.64657565412988371,-0.40963856862513498,0.64282563094908085,-0.26001840758635503,0.58313491889142222,0.22415475212694896,-0.38499749128636301,-0.60208054,-0.74539974245714868,-0.33518517184518531,0.51807757792899378,-0.33775227970036775,0.55301855334258565,-0.067890217874025882,-0.29322154142440587,-0.092723501897638783,0.14390373143089918,0.314240996495116
0.48688762460692825,0.12796054502658893,0.43675915277386912,0.13963625080424158,0.11367523923525238,0.69130272097945278,-0.49860315685579049,1.0,0.53723733422032593,0.34189466260346907,-0.28046214513749551,-0.34059981909945669,-0.79624652436627941,-0.32956879322153126,0.57903727636871805,0.816939888963095,0.30295398964768772,0.090433555656197956,0.20085693298988713,-0.1636158389985205,0.33163941520238088,-0.10313577634207038,0.59394539605206897,-0.89106554046158293,-0.57307664676035786,-0.73193971893232246,0.47549261949391436,-0.13920673481302556,0.83858041999999999,0.62641426892958529,0.6675105022293939,0.087985859289369361,-0.35220917585075623,-0.47778795170080712,-0.35297528312816251,0.75915811640482755,-0.18039841244234092,-0.13189869988081601,-0.038233560499847885
0.034502838915500988,-0.611510006735835,-0.43648172015680642,0.6623945456074235,-0.12807428552850195,0.17802839595731035,0.14672376222013553,0.53723733422032593,1.0,0.32331631270069044,-0.55946392355469954,-0.079351857257265623,-0.37999378394687955,-0.4998181884322816,0.26061729674854578,0.56973137480082858,-0.071558230262039474,-0.58527050896201083,0.58683279851721148,0.43456139454163734,0.71644057754111279,0.61237553232596476,0.022279165053950705,-0.47662106654348568,-0.79684561007961596,-0.098362415846046991,0.89709466767170243,-0.52880009408009931,0.39593334000000002,0.018085078179865707,0.36238890255616357,0.23379599217530364,-0.70731255492584544,0.30455873599256744,-0.41546843755698865,0.4182429281566547,-0.79915887339818537,-0.33942941824115447,0.47736920616752965
0.17263987004555592,-0.5504489702185501,-0.14569258673593935,0.59978857711944489,0.24881555913837172,-0.18637075478627532,0.14662897347155684,0.34189466260346907,0.32331631270069044,1.0,-0.78891871747039732,0.19792309126110688,-0.23093376364111806,-0.43605689461522262,-0.40854582513728394,0.4992473693776569,-0.2243386210655246,-0.094257696577148997,0.43111013341947568,-0.55855117557162492,0.47440312245637922,0.52804634571154396,0.55952800298590255,-0.060770197616616478,-0.75415806156065213,0.18938974014568818,0.52776572992569226,-0.098788429816471124,0.14661079999999993,0.089432410787819022,0.16571119489641264,0.77634792973282007,-0.82339442817756303,0.048958593327695955,-0.50852673120849512,0.046600535259612344,-0.0033359797573859276,-0.1718786488186155,0.30190299641361934
-0.024130857888026602,0.69252661627991108,0.42711293426272356,-0.77837631579261324,-0.32470997208047803,0.18685832736892904,-0.22633939792597899,-0.28046214513749551,-0.55946392355469954,-0.78891871747039732,1.0,-0.1376107819699397,0.22844971944274009,0.69719586256594712,0.11086051438824202,-0.62212118077138634,0.39243254257780136,0.35948951225953818,-0.46518189222695328,0.010833521345271491,-0.78570750947731982,-0.70249704223013787,-0.53822725937661842,0.028351242941459624,0.80897682324208753,-0.29374257723626346,-0.61721565100679332,0.57336282195541133,-0.26125195999999995,-0.063376889128125502,-0.18441442843444891,-0.43384856123365567,0.93251497471039135,-0.40754406936020915,0.47975564564039003,-0.094955147303413395,0.44347060876861955,0.58038870891227368,-0.27604570014098695
-0.88451593651403015,-0.29198404627075925,-0.41074328898786472,-0.10418437002918345,-0.54413738376844445,0.02225339237738274,-0.065238090005412308,-0.34059981909945669,-0.079351857257265623,0.19792309126110688,-0.1376107819699397,1.0,-0.12306919241080254,-0.065176670864567493,-0.63475414715962675,-0.46977721518993032,-0.89519401396311538,-0.57355299075653599,0.54785212117597359,-0.12210245353940279,-0.29132524344954913,0.050073443811976426,-0.067530730649703788,0.19832988179838223,0.13912578078462953,0.4138685762847874,0.14300666138804582,0.51167857396839866,-0.10202798000000002,0.1872358116412188,-0.31639900270713078,-0.0078680772927701842,-0.098253678460601179,0.32634162471799044,0.20198221723406296,-0.71456778664450882,-0.2543118914381291,-0.36722135127696731,0.33888379354350751
-0.057092440242073328,-0.25922463983049659,-0.41913016070100723,0.05256511564177635,-0.018496575755830965,-0.89566500163396745,0.61416952564251581,-0.79624652436627941,-0.37999378394687955,-0.23093376364111806,0.22844971944274009,-0.12306919241080254,1.0,0.31165415276493014,-0.49689622775600528,-0.5968790647442741,0.08267872262952472,0.069653052462573695,-0.32529578970388162,0.15143307458459834,-0.0074683518054119505,0.32771979451206096,-0.63563373351546437,0.88124757227755435,0.31558356517810865,0.70270008589821897,-0.41112893329745009,-0.10966037711652096,-0.95454908000000005,-0.91413594248868879,-0.73055412296069588,0.17054496343922163,0.26993588811974034,0.45888781191755412,0.29595320431627176,-0.50944614795802035,0.27580340286259519,0.28009043002484135,-0.12921797485236702
0.006175779603927789,0.43432908410941068,0.28038469309067593,-0.45674335835577656,-0.18902281729612869,-0.069951306311000078,-0.14014252386636827,-0.32956879322153126,-0.4998181884322816,-0.43605689461522262,0.69719586256594712,-0.065176670864567493,0.31165415276493014,1.0,-0.15860674422940757,-0.57094744573471479,0.3003821961967888,0.25228333228499,-0.4802192933982451,-0.15119413852105665,-0.58565747564932857,-0.4111234353682261,-0.41552889377750818,0.12617855301386188,0.64710321968211548,-0.069265590042623809,-0.44872203828526419,0.5135819040398576,-0.38925746000000006,-0.21336836237622447,-0.11635706604937783,-0.091654274241514219,0.65508692706490801,-0.24264473865085254,0.12573696618928137,-0.18330878243211765,0.47328458907777815,0.67217338224843692,-0.032437358483369191
0.467440632019961,0.49509761765389765,0.46781174278097087,-0.10504000168047806,0.33337778095979631,0.63508922003411505,-0.37770737988809605,0.57903727636871805,0.26061729674854578,-0.40854582513728394,0.11086051438824202,-0.63475414715962675,-0.49689622775600528,-0.15860674422940757,1.0,0.57553101414857566,0.50090831149689086,0.25931613529503811,-0.27035927889843164,0.39962974830836728,0.13775083949086037,-0.36690424084929507,0.27609749334020328,-0.64745790089169619,-0.053705692291660112,-0.73657656712587616,0.0043217750750125239,-0.4316341762443392,0.69654517999999999,0.45637383998615466,0.61637000623563654,-0.54076720290007785,0.12552741890656577,-0.36301335657352751,-0.11793158138213822,0.77778538771076744,-0.19751002326467482,-0.095379670180112064,-0.2631972943043363
0.61586012780873101,-0.089911111284849438,0.24193055402438776,0.49919863433442246,0.55453817053819243,0.35292655318338612,-0.12055349684893094,0.816939888963095,0.56973137480082858,0.4992473693776569,-0.62212118077138634,-0.46977721518993032,-0.5968790647442741,-0.57094744573471479,0.57553101414857566,1.0,0.29552201956241031,0.15478528649877646,0.10195662296848199,-0.067382120479082333,0.6114307391213204,0.20295853063767344,0.70335762173800098,-0.60471144448971914,-0.76399780651212812,-0.47464529516654591,0.49868090209960075,-0.57901434918129602,0.73008527999999995,0.41912051714231741,0.67254684818813204,0.21976480048117417,-0.64050053891264802,-0.21419542482035259,-0.54141116433777448,0.7517099998331862,-0.22056789508049049,-0.26078435303765646,0.022728603533188247
0.88405141237690188,0.44951214987292404,0.58729376556029145,-0.06716936930646708,0.43605402389750009,0.059787228591093644,0.033025457349302942,0.30295398964768772,-0.071558230262039474,-0.2243386210655246,0.39243254257780136,-0.89519401396311538,0.08267872262952472,0.3003821961967888,0.50090831149689086,0.29552201956241031,1.0,0.7049725240861987,-0.56090382643275394,-0.12297950477838972,-0.035274859259547084,-0.24701751603989608,-0.052355333955967767,-0.25722043126439137,-0.003203107585299474,-0.53533121779235837,-0.21831853517781982,-0.15309775553114713,0.044991919999999963,-0.13976190947737591,0.38138776040161759,0.091680352085878394,0.25536936158961554,-0.55423861727691093,-0.20610877207189277,0.66403679587224662,0.47135656506028994,0.67297560721746652,-0.22597159328709732
0.7254394578006621,0.6825987169108686,0.81211844520780041,-0.39773806739925638,0.54749728631702643,0.047729956364069862,-0.10322064731500327,0.090433555656197956,-0.58527050896201083,-0.094257696577148997,0.35948951225953818,-0.57355299075653599,0.069653052462573695,0.25228333228499,0.25931613529503811,0.15478528649877646,0.7049725240861987,1.0,-0.64303820573096548,-0.54943067159524017,-0.34419669004718317,-0.56006092956073239,0.29672725704904823,-0.0044986324634887507,0.23656693513612659,-0.470917663341055,-0.63909532664502589,0.1443705996442522,0.031954000000000038,0.13483599861210546,0.15852417708255084,-0.013915277217876748,0.37170745497129515,-0.66288769434432526,0.097385151550915733,0.29093910301708376,0.85874703073403136,0.4694544920097411,-0.56884636272396816
-0.43947986356187391,-0.58525860575869892,-0.46160332991855202,0.30432097086285204,-0.44286205768756587,0.11544108652353191,-0.069852724351752271,0.20085693298988713,0.58683279851721148,0.43111013341947568,-0.46518189222695328,0.54785212117597359,-0.32529578970388162,-0.4802192933982451,-0.27035927889843164,0.10195662296848199,-0.56090382643275394,-0.64303820573096548,1.0,0.089164536244157225,0.3201074752439596,0.41247518102273051,0.012937261099324257,-0.20965272669804691,-0.5069845017952479,0.13717866945710661,0.57101424656261257,0.031082226130338106,0.1893728400000001,0.14862272714243047,-0.0039505227867284486,0.14086284929392329,-0.55968695467261786,0.24757409384188175,-0.12405741198935344,-0.063353022055943758,-0.56206912533154341,-0.4948907183872,0.38493349831645213
-0.30178659243338413,-0.23953084580626599,-0.53939515333910937,0.20185775474950154,-0.18128304334729514,-0.023211269564434457,0.17019795174821975,-0.1636158389985205,0.43456139454163734,-0.55855117557162492,0.010833521345271491,-0.12210245353940279,0.15143307458459834,-0.15119413852105665,0.39962974830836728,-0.067382120479082333,-0.12297950477838972,-0.54943067159524017,0.089164536244157225,1.0,0.32121536053079947,0.28295057717475292,-0.47408078339382198,0.034404194862871287,0.041317668771779566,0.17488444152001834,0.1955700548828497,-0.57617782954753782,-0.02205948000000002,-0.27298996173879331,-0.072403439847917347,-0.49796972940050005,0.042670677066700018,0.55863664873106122,0.086897350757862812,0.075491051111254565,-0.74331971759778415,-0.33581539268570992,0.13934492449097383
0.24789964214101778,-0.68020220053237068,-0.44858619548214962,0.74643335773623742,0.21102915226705715,-0.25956816417209699,0.31897340511088501,0.33163941520238088,0.71644057754111279,0.47440312245637922,-0.78570750947731982,-0.29132524344954913,-0.0074683518054119505,-0.58565747564932857,0.13775083949086037,0.6114307391213204,-0.035274859259547084,-0.34419669004718317,0.3201074752439596,0.32121536053079947,1.0,0.76443992836658892,0.23489026325441081,-0.057094362267441537,-0.78382217358857809,0.20139043365756573,0.60399266818936959,-0.78635420107261333,0.1293162000000001,-0.23169602002181713,0.097546740033598978,0.33182592339203731,-0.76224818384238646,0.44068822563581739,-0.34869435135817284,0.3155825696765886,-0.51397695171540869,-0.45316880503367174,0.086422060152467187
-0.070320854747843553,-0.95837899594765152,-0.82086155589965826,0.89200933495982693,0.058396319779535744,-0.62936083487862537,0.64657565412988371,-0.10313577634207038,0.61237553232596476,0.52804634571154396,-0.70249704223013787,0.050073443811976426,0.32771979451206096,-0.4111234353682261,-0.36690424084929507,0.20295853063767344,-0.24701751603989608,-0.56006092956073239,0.41247518102273051,0.28295057717475292,0.76443992836658892,1.0,-0.16988989627772177,0.31909484371716906,-0.68436735469530263,0.65187348365157594,0.64661330097039349,-0.59640944159802756,-0.31959572000000003,-0.59817734339213713,-0.17157179809807277,0.60391069171749989,-0.75358536024773304,0.71393220793446632,-0.40155256488765467,-0.098551849389351576,-0.5190005794164374,-0.230395061947126,0.50601896836121274
0.34226019705696453,0.198275877896055,0.47228097320705842,0.070477030161144302,0.50999911563399203,0.40622599042002078,-0.40963856862513498,0.59394539605206897,0.022279165053950705,0.55952800298590255,-0.53822725937661842,-0.067530730649703788,-0.63563373351546437,-0.41552889377750818,0.27609749334020328,0.70335762173800098,-0.052355333955967767,0.29672725704904823,0.012937261099324257,-0.47408078339382198,0.23489026325441081,-0.16988989627772177,1.0,-0.40756218459751664,-0.36224737046221339,-0.37864484863293962,0.103975125750636,-0.11679024025049356,0.68876789999999999,0.69977092882362868,0.48136736189975859,0.087906828332083034,-0.41485025988210794,-0.38992465547551358,-0.30482982208529874,0.37723079770303286,0.15051094803902731,-0.3329118130337495,-0.23254146429218076
-0.28614613631784802,-0.30536199451385737,-0.4791112876552211,0.040998993676655396,0.037359995648359463,-0.87469621114172735,0.64282563094908085,-0.89106554046158293,-0.47662106654348568,-0.060770197616616478,0.028351242941459624,0.19832988179838223,0.88124757227755435,0.12617855301386188,-0.64745790089169619,-0.60471144448971914,-0.25722043126439137,-0.0044986324634887507,-0.20965272669804691,0.034404194862871287,-0.057094362267441537,0.31909484371716906,-0.40756218459751664,1.0,0.31087054642467521,0.83134607371107183,-0.39581119297499351,-0.04356278242643398,-0.87683770000000005,-0.72849978399711701,-0.7747075194809695,0.1759356478735517,0.12655859736310943,0.54674283038043292,0.32369831788569792,-0.71761737590617136,0.24513823988300096,0.050671582536404143,-0.090121971734128836
-0.3181570226417707,0.6560109972443644,0.27927977361754391,-0.78832933658635373,-0.21419124873581119,0.039619898316764726,-0.26001840758635503,-0.57307664676035786,-0.79684561007961596,-0.75415806156065213,0.80897682324208753,0.13912578078462953,0.31558356517810865,0.64710321968211548,-0.053705692291660112,-0.76399780651212812,-0.003203107585299474,0.23656693513612659,-0.5069845017952479,0.041317668771779566,-0.78382217358857809,-0.68436735469530263,-0.36224737046221339,0.31087054642467521,1.0,0.02475997525262889,-0.78338810592298647,0.52967791759245642,-0.33999440000000003,-0.020678579096460335,-0.33232273872739443,-0.58354513632360894,0.91566309612964636,-0.18515755963112981,0.52012261851553931,-0.39677817211191785,0.4250419381940132,0.29912022513845959,-0.33134295892676574
-0.49353162240602255,-0.67409170492840775,-0.80555549177888386,0.39627700124201182,-0.10135741481710524,-0.83729813010543175,0.58313491889142222,-0.73193971893232246,-0.098362415846046991,0.18938974014568818,-0.29374257723626346,0.4138685762847874,0.70270008589821897,-0.069265590042623809,-0.73657656712587616,-0.47464529516654591,-0.53533121779235837,-0.470917663341055,0.13717866945710661,0.17488444152001834,0.20139043365756573,0.65187348365157594,-0.37864484863293962,0.83134607371107183,0.02475997525262889,1.0,0.038979856389558254,-0.15950377118954537,-0.7498418,-0.70000063161183756,-0.64109236066732678,0.31908199200140247,-0.2050102205950903,0.76756162158348384,0.029727019426878446,-0.69136299453468231,-0.16491548427396291,-0.14683440850155446,0.28814183341058286
-0.074104757312763503,-0.66867274262260545,-0.46558126823687795,0.70383615720076831,-0.11537314538606597,0.12655850119558007,0.22415475212694896,0.47549261949391436,0.89709466767170243,0.52776572992569226,-0.61721565100679332,0.14300666138804582,-0.41112893329745009,-0.44872203828526419,0.0043217750750125239,0.49868090209960075,-0.21831853517781982,-0.63909532664502589,0.57101424656261257,0.1955700548828497,0.60399266818936959,0.64661330097039349,0.103975125750636,-0.39581119297499351,-0.78338810592298647,0.038979856389558254,1.0,-0.33754601217966379,0.34104475999999995,0.04519670681666741,0.34851949652396347,0.4914582955519653,-0.78237345925446156,0.30455613337067583,-0.52833480006621225,0.24784291153467011,-0.71817111127869571,-0.24679142174384319,0.68152522591803621
-0.33031075239831792,0.41866542205371954,0.37397749487347715,-0.69243450648552307,-0.5288221664176167,0.26505048292248345,-0.38499749128636301,-0.13920673481302556,-0.52880009408009931,-0.098788429816471124,0.57336282195541133,0.51167857396839866,-0.10966037711652096,0.5135819040398576,-0.4316341762443392,-0.57901434918129602,-0.15309775553114713,0.1443705996442522,0.031082226130338106,-0.57617782954753782,-0.78635420107261333,-0.59640944159802756,-0.11679024025049356,-0.04356278242643398,0.52967791759245642,-0.15950377118954537,-0.33754601217966379,1.0,-0.11923521999999998,0.27735270523291849,-0.18767952667047572,-0.038136670435429232,0.514486778644479,-0.44574943765352298,0.36455027898767478,-0.40488506739435171,0.47967760359721279,0.34611401389651059,-0.073680906078637101
0.21071039999999996,0.30920400000000003,0.45616867999999999,-0.014926899999999965,0.18293548000000004,0.87487037999999995,-0.60208054,0.83858041999999999,0.39593334000000002,0.14661079999999993,-0.26125195999999995,-0.10202798000000002,-0.95454908000000005,-0.38925746000000006,0.69654517999999999,0.73008527999999995,0.044991919999999963,0.031954000000000038,0.1893728400000001,-0.02205948000000002,0.1293162000000001,-0.31959572000000003,0.68876789999999999,-0.87683770000000005,-0.33999440000000003,-0.7498418,0.34104475999999995,-0.11923521999999998,1.0,0.88488923999999991,0.75330582000000001,-0.27181971999999999,-0.25694154000000002,-0.43749256000000003,-0.28356329999999996,0.64123679999999994,-0.28804068000000005,-0.34522105999999997,-0.019414939999999992
-0.0087891968845897894,0.50687786809432511,0.58815773256432158,-0.35429212509303548,0.034269738694811175,0.89522661123185965,-0.74539974245714868,0.62641426892958529,0.018085078179865707,0.089432410787819022,-0.063376889128125502,0.1872358116412188,-0.91413594248868879,-0.21336836237622447,0.45637383998615466,0.41912051714231741,-0.13976190947737591,0.13483599861210546,0.14862272714243047,-0.27298996173879331,-0.23169602002181713,-0.59817734339213713,0.69977092882362868,-0.72849978399711701,-0.020678579096460335,-0.70000063161183756,0.04519670681666741,0.27735270523291849,0.88488923999999991,1.0,0.55846530694589647,-0.3740114250107377,-0.006722350506360426,-0.5466081453733409,-0.033574125507510488,0.32924508067939962,-0.027466530435656042,-0.31749966429921339,-0.16163844252711385
0.4639254590514163,0.27200930202857154,0.4544569780353831,0.23855241730269389,0.4651835467953066,0.60449674964113165,-0.33518517184518531,0.6675105022293939,0.36238890255616357,0.16571119489641264,-0.18441442843444891,-0.31639900270713078,-0.73055412296069588,-0.11635706604937783,0.61637000623563654,0.67254684818813204,0.38138776040161759,0.15852417708255084,-0.0039505227867284486,-0.072403439847917347,0.097546740033598978,-0.17157179809807277,0.48136736189975859,-0.7747075194809695,-0.33232273872739443,-0.64109236066732678,0.34851949652396347,-0.18767952667047572,0.75330582000000001,0.55846530694589647,1.0,-0.015019899339323135,-0.29191383583642344,-0.50558334090796009,-0.72019318612962013,0.78837869497432012,-0.11567119775312898,0.17168698496969789,0.33005420703946037
0.28459119667013821,-0.55895375424737503,-0.22521137028326466,0.59153170485667894,0.19277130824165176,-0.47417400952960637,0.51807757792899378,0.087985859289369361,0.23379599217530364,0.77634792973282007,-0.43384856123365567,-0.0078680772927701842,0.17054496343922163,-0.091654274241514219,-0.54076720290007785,0.21976480048117417,0.091680352085878394,-0.013915277217876748,0.14086284929392329,-0.49796972940050005,0.33182592339203731,0.60391069171749989,0.087906828332083034,0.1759356478735517,-0.58354513632360894,0.31908199200140247,0.4914582955519653,-0.038136670435429232,-0.27181971999999999,-0.3740114250107377,-0.015019899339323135,1.0,-0.59532834199326345,0.096803718405688535,-0.4759216879047069,-0.030654066534407182,0.14611148788584938,0.30929285715215804,0.44687151492983912
-0.10160398555268452,0.73898847972498394,0.4212572257567917,-0.83652819080702701,-0.27453219431880976,0.15459128451740703,-0.33775227970036775,-0.35220917585075623,-0.70731255492584544,-0.82339442817756303,0.93251497471039135,-0.098253678460601179,0.26993588811974034,0.65508692706490801,0.12552741890656577,-0.64050053891264802,0.25536936158961554,0.37170745497129515,-0.55968695467261786,0.042670677066700018,-0.76224818384238646,-0.75358536024773304,-0.41485025988210794,0.12655859736310943,0.91566309612964636,-0.2050102205950903,-0.78237345925446156,0.514486778644479,-0.25694154000000002,-0.006722350506360426,-0.29191383583642344,-0.59532834199326345,1.0,-0.32454103010771701,0.59595290601585815,-0.20626958567347087,0.4626117147466004,0.37998035831811811,-0.47183139037582877
-0.52752689574535394,-0.75145631835771853,-0.90881521968801282,0.49673178947174479,-0.20591394957868461,-0.57367993444667997,0.55301855334258565,-0.47778795170080712,0.30455873599256744,0.048958593327695955,-0.40754406936020915,0.32634162471799044,0.45888781191755412,-0.24264473865085254,-0.36301335657352751,-0.21419542482035259,-0.55423861727691093,-0.66288769434432526,0.24757409384188175,0.55863664873106122,0.44068822563581739,0.71393220793446632,-0.38992465547551358,0.54674283038043292,-0.18515755963112981,0.76756162158348384,0.30455613337067583,-0.44574943765352298,-0.43749256000000003,-0.5466081453733409,-0.50558334090796009,0.096803718405688535,-0.32454103010771701,1.0,0.10008838182775891,-0.53494537618672489,-0.59461857186023093,-0.47268857960766536,0.29469071332577434
-0.37342296298283301,0.25913796846907988,0.040982449707859428,-0.70206939930531076,-0.56034809452229017,0.0016025576044839071,-0.067890217874025882,-0.35297528312816251,-0.41546843755698865,-0.50852673120849512,0.47975564564039003,0.20198221723406296,0.29595320431627176,0.12573696618928137,-0.11793158138213822,-0.54141116433777448,-0.20610877207189277,0.097385151550915733,-0.12405741198935344,0.086897350757862812,-0.34869435135817284,-0.40155256488765467,-0.30482982208529874,0.32369831788569792,0.52012261851553931,0.029727019426878446,-0.52833480006621225,0.36455027898767478,-0.28356329999999996,-0.033574125507510488,-0.72019318612962013,-0.4759216879047069,0.59595290601585815,0.10008838182775891,1.0,-0.55137108889513886,0.16776266492712605,-0.24994800310993481,-0.67193562382003591
0.73806753691741711,0.26667176555489008,0.47450867619542098,0.1992496696229559,0.47100384420523844,0.47772649592648248,-0.29322154142440587,0.75915811640482755,0.4182429281566547,0.046600535259612344,-0.094955147303413395,-0.71456778664450882,-0.50944614795802035,-0.18330878243211765,0.77778538771076744,0.7517099998331862,0.66403679587224662,0.29093910301708376,-0.063353022055943758,0.075491051111254565,0.3155825696765886,-0.098551849389351576,0.37723079770303286,-0.71761737590617136,-0.39677817211191785,-0.69136299453468231,0.24784291153467011,-0.40488506739435171,0.64123679999999994,0.32924508067939962,0.78837869497432012,-0.030654066534407182,-0.20626958567347087,-0.53494537618672489,-0.55137108889513886,1.0,-0.060781742177179882,0.18704848708412952,-0.0030406576950753467
0.45862996480497498,0.57689166754197041,0.67483385280450092,-0.49196411212902602,0.3060962696464179,-0.16570069947943161,-0.092723501897638783,-0.18039841244234092,-0.79915887339818537,-0.0033359797573859276,0.44347060876861955,-0.2543118914381291,0.27580340286259519,0.47328458907777815,-0.19751002326467482,-0.22056789508049049,0.47135656506028994,0.85874703073403136,-0.56206912533154341,-0.74331971759778415,-0.51397695171540869,-0.5190005794164374,0.15051094803902731,0.24513823988300096,0.4250419381940132,-0.16491548427396291,-0.71817111127869571,0.47967760359721279,-0.28804068000000005,-0.027466530435656042,-0.11567119775312898,0.14611148788584938,0.4626117147466004,-0.59461857186023093,0.16776266492712605,-0.060781742177179882,1.0,0.59077339439819498,-0.47669848711813345
0.4375016384715732,0.35188034274302693,0.37968188964567129,-0.15603363243035565,0.16181525909591435,-0.14918794658600057,0.14390373143089918,-0.13189869988081601,-0.33942941824115447,-0.1718786488186155,0.58038870891227368,-0.36722135127696731,0.28009043002484135,0.67217338224843692,-0.095379670180112064,-0.26078435303765646,0.67297560721746652,0.4694544920097411,-0.4948907183872,-0.33581539268570992,-0.45316880503367174,-0.230395061947126,-0.3329118130337495,0.050671582536404143,0.29912022513845959,-0.14683440850155446,-0.24679142174384319,0.34611401389651059,-0.34522105999999997,-0.31749966429921339,0.17168698496969789,0.30929285715215804,0.37998035831811811,-0.47268857960766536,-0.24994800310993481,0.18704848708412952,0.59077339439819498,1.0,0.17366194091201284
-0.26573636211951879,-0.51084558228943322,-0.49719495231898664,0.60736881852384217,-0.017329722460750704,-0.092501190397483057,0.314240996495116,-0.038233560499847885,0.47736920616752965,0.30190299641361934,-0.27604570014098695,0.33888379354350751,-0.12921797485236702,-0.032437358483369191,-0.2631972943043363,0.022728603533188247,-0.22597159328709732,-0.56884636272396816,0.38493349831645213,0.13934492449097383,0.086422060152467187,0.50601896836121274,-0.23254146429218076,-0.090121971734128836,-0.33134295892676574,0.28814183341058286,0.68152522591803621,-0.073680906078637101,-0.019414939999999992,-0.16163844252711385,0.33005420703946037,0.44687151492983912,-0.47183139037582877,0.29469071332577434,-0.67193562382003591,-0.0030406576950753467,-0.47669848711813345,0.17366194091201284,1.0
