1.000000000000000000e+00,-4.193848799999999599e-01,2.735067485484174443e-01,4.232186667391774071e-02,1.326993037062826897e-01,-2.184573771856253011e-01,5.617921399514019809e-01,-1.929790796103612871e-01,7.535486143810048165e-02,5.253314501316787011e-01,-2.849996991347464870e-01,-2.599172806392822666e-01,-3.734925490939176029e-01,-1.234027856008562407e-01,-1.803675726855966804e-02,7.656984492770668727e-01,2.948768078701042294e-01,-3.030655000358218332e-01,-6.285679388455998051e-01,8.419593296624617862e-01,-6.890876680420371381e-01,6.007714182241354894e-01,7.114649717837725484e-01,3.254206682123967909e-01,1.682676638437338168e-01,-3.125573320701934693e-02,7.629306076756946497e-01,3.303739436838740162e-01,3.204105640454968373e-01,-6.639412764143548529e-01,-3.139176985007871568e-01,3.822035401593514292e-01,-6.821422021076974929e-01,6.614623552598014600e-01,6.628574321815752235e-01,5.398068428782633044e-01,-2.683334699180378591e-01,8.555161171532272846e-01,6.529525504749061904e-01
-4.193848799999999599e-01,1.000000000000000000e+00,-8.510820799999999631e-01,-8.221428400000000414e-01,1.744352000000004566e-02,-6.478251600000000110e-01,-9.768917999999999768e-01,2.336889600000000566e-01,4.562793999999992245e-02,4.858089999999992692e-02,9.824117999999999462e-01,-2.890502200000000244e-01,9.880879600000000984e-01,6.990772599999999226e-01,6.270440799999998926e-01,-2.903505199999999453e-01,-8.169561199999999523e-01,2.451319999999999055e-01,9.562467599999999734e-01,-2.735921000000000047e-01,-1.175866199999999751e-01,-7.132555400000000212e-01,1.659931800000000734e-01,2.827291599999999239e-01,-8.296324400000000265e-01,-8.498255999999999588e-01,-7.617751999999999857e-01,-2.416249999999999787e-01,-2.925564200000000392e-01,8.723967399999998928e-01,8.905008800000000502e-01,-2.163338000000003536e-02,8.551909600000000555e-01,-3.868219400000000308e-01,-6.529309199999999702e-01,-8.323249600000000026e-01,-2.206931600000000548e-01,-4.957488599999999579e-01,-5.955140400000000778e-01
2.735067485484174443e-01,-8.510820799999999631e-01,1.000000000000000000e+00,8.239932887872962741e-01,-1.246462611681943694e-01,7.582976778356793623e-01,7.804184697559465311e-01,5.750579032147912911e-02,6.089367430342264992e-02,-2.413677032758207441e-01,-8.713335715222481070e-01,4.128416984987238747e-01,-8.694436286684101844e-01,-7.766288794913900340e-01,-3.541615789298479533e-01,1.897848359276898753e-02,7.648969293360480259e-01,-4.197275548381789734e-01,-8.089339847204320977e-01,4.247674344331797691e-02,2.644513618970708024e-01,5.325129993996220445e-01,-3.581769077221745312e-01,-1.872869875270971318e-01,8.564868488774285415e-01,8.114920187682468367e-01,4.953144132299966418e-01,4.303275386671762681e-01,4.008667584790525651e-01,-7.563345422474979651e-01,-6.995803821971918746e-01,-3.071062215704847276e-01,-5.914837114758225711e-01,1.349689171429014067e-01,4.037592727735812015e-01,7.575031287373142908e-01,4.632215624101497231e-01,2.452039746676744070e-01,3.241626946454637115e-01
4.232186667391774071e-02,-8.221428400000000414e-01,8.239932887872962741e-01,1.000000000000000000e+00,-2.930380949302408000e-01,7.941751599152079288e-01,7.028634100570683163e-01,-1.209846180216727074e-01,9.244546693014321637e-02,-5.751360178474168583e-01,-8.354913257859649667e-01,6.434677330191298505e-01,-8.843110250887192825e-01,-6.013996214142633967e-01,-4.297471398162533429e-01,-1.888690440362691403e-01,9.048032806731207689e-01,-4.513705934908084361e-01,-6.613157786273256011e-01,-6.678203667743620731e-02,5.687284584440264190e-01,4.839464827693318871e-01,-4.725053252466614451e-01,-2.372537952149986751e-01,8.098466478233280474e-01,8.111459780723664359e-01,5.301189576620299881e-01,9.978246601304224805e-03,3.865274357478029055e-01,-5.166341809711038069e-01,-8.327710168502234778e-01,-3.874230593858101201e-01,-5.086798890867566536e-01,-2.065553711043228158e-01,2.022909147077719128e-01,7.116628775789035632e-01,2.006968389996378610e-01,7.564667862884438820e-02,1.539337388383882621e-01
1.326993037062826897e-01,1.744352000000004566e-02,-1.246462611681943694e-01,-2.930380949302408000e-01,1.000000000000000000e+00,-3.121601281910051928e-01,1.112711142814286208e-01,-2.726524629663576449e-01,-7.267468657472085924e-01,2.772117227209494605e-01,-9.092637037314035527e-04,1.443095681826209349e-02,9.811478118881614141e-02,-3.280388900787137851e-01,9.046007385317515748e-02,-2.362342483106450591e-02,-4.141698312267897419e-01,5.526456768507235218e-01,-6.561684009816891316e-02,4.338417215876777533e-02,-4.061501502433492172e-01,-2.918667061090300385e-01,1.481894110516191188e-01,-3.095134900558128010e-01,1.118366575813875136e-01,-1.497001406599478279e-01,1.019822374075367161e-01,4.574300353742337677e-01,-1.490890447843050935e-02,-2.873433776822544861e-01,3.623080005183644259e-01,7.094157253512720640e-01,-8.557938888826811807e-02,4.606840430243063222e-01,1.178961834444405138e-01,-2.171814623728530735e-01,3.769533696447223137e-01,8.243728062464483752e-02,-5.123349298548469238e-02
-2.184573771856253011e-01,-6.478251600000000110e-01,7.582976778356793623e-01,7.941751599152079288e-01,-3.121601281910051928e-01,1.000000000000000000e+00,4.927190894016182932e-01,3.405807825662692800e-01,3.338792092205323248e-01,-4.084033155690921513e-01,-7.222426990528945101e-01,6.033843816172229646e-01,-6.875166916758005398e-01,-5.314602934652750132e-01,-4.256953656035497580e-01,-3.368585003943994627e-01,6.816410136230519612e-01,-3.225377845704294200e-01,-5.192800916936065603e-01,-3.194799368742946566e-01,6.149252118823118618e-01,3.503971737575183876e-01,-6.773420265717308153e-01,-4.165914807357306571e-01,6.082921540883206024e-01,8.952810886926504397e-01,8.517700075060852249e-02,1.221794619134850546e-01,-7.323850669102723032e-02,-3.243157116803607187e-01,-6.417315757336946591e-01,-5.305056481241333666e-01,-3.100141136483139381e-01,-1.837057446069647049e-01,1.183301506335164288e-01,5.381458232953610921e-01,3.495516919399282441e-01,-1.245963567137089861e-01,1.575890684671995001e-01
5.617921399514019809e-01,-9.768917999999999768e-01,7.804184697559465311e-01,7.028634100570683163e-01,1.112711142814286208e-01,4.927190894016182932e-01,1.000000000000000000e+00,-3.218781576117525356e-01,-1.253050170278244280e-01,1.044502482737838522e-01,-9.395009367831428371e-01,1.770868894415771611e-01,-9.436261626202735453e-01,-6.841716958221233380e-01,-5.953630938345991774e-01,4.292904724077427070e-01,7.290827899569130022e-01,-1.695521298561395163e-01,-9.775863037178966763e-01,4.075801271563845307e-01,-6.934631748616036651e-02,7.239143547723738692e-01,7.494711921695246856e-04,-2.316542158538672513e-01,7.807944448197181586e-01,7.492136096393979816e-01,8.426728170678637886e-01,3.047670878778273029e-01,3.012487613622992777e-01,-9.374998000325333036e-01,-8.253134521617873087e-01,1.911121322011258283e-01,-9.167467492773202498e-01,5.428159178443667798e-01,7.378756049962769126e-01,8.138266241574578785e-01,1.831960909588950526e-01,6.202573692321026178e-01,6.625299346318347382e-01
-1.929790796103612871e-01,2.336889600000000566e-01,5.750579032147912911e-02,-1.209846180216727074e-01,-2.726524629663576449e-01,3.405807825662692800e-01,-3.218781576117525356e-01,1.000000000000000000e+00,5.002351191342812031e-01,4.403164503840262256e-03,1.880162170428688051e-01,1.357263912803132744e-01,2.075434263313668815e-01,2.061372619109107795e-01,2.526090938077606984e-01,-2.458383544311684710e-01,-8.188678149329906009e-02,-4.096716908420909853e-01,1.566083770738098957e-01,-2.626597317041254875e-01,6.345768604682651415e-02,-1.352379069779793830e-01,-2.217505103276223299e-01,-2.287113121018079787e-01,-1.935892329887305419e-01,2.213347122652513377e-02,-5.423037193976056880e-01,6.186763066532929151e-02,-3.640397730808345722e-01,2.876991688045918982e-01,1.843121855549316734e-01,-4.265039623497980936e-01,3.485387322944850097e-01,-2.131126476850154217e-01,-2.301983739818575236e-01,-1.202443914715193574e-01,8.997945533693268994e-02,-2.710104687125090006e-01,-8.352632827065258059e-02
7.535486143810048165e-02,4.562793999999992245e-02,6.089367430342264992e-02,9.244546693014321637e-02,-7.267468657472085924e-01,3.338792092205323248e-01,-1.253050170278244280e-01,5.002351191342812031e-01,1.000000000000000000e+00,1.949021391012262239e-02,8.086752653259535184e-02,2.081771673203036688e-02,-5.938264680445111236e-03,3.826872599394878227e-01,7.201143401263922217e-02,1.697050822765595879e-02,2.980442550833660165e-01,-5.108632912425660200e-01,8.475524394989394179e-04,1.059516734989146558e-01,1.917191778563165083e-01,3.183760659729250042e-01,3.748499633186136437e-02,3.715653368577657711e-01,-3.180983602791325193e-01,9.897575801076945179e-02,-1.539688480822568317e-01,-1.403622236065993067e-01,-2.671928618534227806e-01,2.615009461329643181e-01,-2.328415066026133518e-01,-5.987708380895833127e-01,-7.156255486539388026e-04,-2.495226846021885436e-01,-1.024852536920594151e-02,2.454265346971779838e-01,-4.734334021752029109e-01,6.320154417774054290e-02,2.470033647615217376e-01
5.253314501316787011e-01,4.858089999999992692e-02,-2.413677032758207441e-01,-5.751360178474168583e-01,2.772117227209494605e-01,-4.084033155690921513e-01,1.044502482737838522e-01,4.403164503840262256e-03,1.949021391012262239e-02,1.000000000000000000e+00,1.269257144878404298e-01,-7.760497690114880331e-01,1.436033742804190549e-01,2.572544445174384520e-01,-2.307712446286660779e-01,7.624446937528445156e-01,-3.034565549888482705e-01,2.654299351149927988e-01,-1.834919554376407413e-01,6.334245531947025887e-01,-8.307775310463531016e-01,3.393817420459530609e-01,6.917417106175104413e-01,2.009274920335905323e-01,-4.008380261364602459e-01,-1.778507411229693636e-01,1.113786744438812204e-01,1.654590870930782998e-01,-2.306265514770845515e-01,-2.606973562654293919e-01,1.202720427368337841e-01,6.353688428008561484e-01,-3.614335336318830194e-01,8.410627300085256053e-01,6.563396103973099249e-01,7.366480158878487006e-02,-2.552397671140774205e-01,6.719363341219578567e-01,6.318808171730760925e-01
-2.849996991347464870e-01,9.824117999999999462e-01,-8.713335715222481070e-01,-8.354913257859649667e-01,-9.092637037314035527e-04,-7.222426990528945101e-01,-9.395009367831428371e-01,1.880162170428688051e-01,8.086752653259535184e-02,1.269257144878404298e-01,1.000000000000000000e+00,-3.488597832208369387e-01,9.645129897326972790e-01,7.804056817134380486e-01,6.043368735631267086e-01,-1.813986465104020229e-01,-7.596043749358740715e-01,1.619655432439737475e-01,9.117195816050246426e-01,-9.826349269103362705e-02,-2.298356447472228725e-01,-6.016008431809484192e-01,3.330178962414809263e-01,3.980663790954990788e-01,-8.823668109572813112e-01,-8.926596158498956157e-01,-6.521085246755520259e-01,-2.948053182557827112e-01,-2.042927015911727706e-01,8.294807914030012386e-01,8.469395460301220036e-01,6.035464854168650500e-02,7.621264248379038264e-01,-3.348114409774857192e-01,-5.528092129680803879e-01,-7.432708110366896825e-01,-3.670383703862619140e-01,-3.457520395310249017e-01,-5.229393796576625730e-01
-2.599172806392822666e-01,-2.890502200000000244e-01,4.128416984987238747e-01,6.434677330191298505e-01,1.443095681826209349e-02,6.033843816172229646e-01,1.770868894415771611e-01,1.357263912803132744e-01,2.081771673203036688e-02,-7.760497690114880331e-01,-3.488597832208369387e-01,1.000000000000000000e+00,-3.538560559439990483e-01,-4.436497351026500446e-01,1.387668771772487819e-01,-7.012871779942809747e-01,4.239626185829365457e-01,-2.677316254410482821e-01,-1.382706370300962051e-01,-4.228814264048147975e-01,5.963772975677991139e-01,-1.014021743304781842e-01,-5.735368950890695761e-01,-3.391419195099752426e-01,5.048753294681407322e-01,3.880965737135355087e-01,9.941278798328516408e-02,4.871534437751710855e-02,6.899643264079177718e-02,-4.550406598247648537e-02,-2.136582987087515817e-01,-3.956449175730554768e-01,4.793018778707041488e-02,-5.397754667183033428e-01,-4.040995109718381606e-01,1.826184875218681558e-01,2.810106309215535947e-01,-3.997891698539167704e-01,-4.105164670608974498e-01
-3.734925490939176029e-01,9.880879600000000984e-01,-8.694436286684101844e-01,-8.843110250887192825e-01,9.811478118881614141e-02,-6.875166916758005398e-01,-9.436261626202735453e-01,2.075434263313668815e-01,-5.938264680445111236e-03,1.436033742804190549e-01,9.645129897326972790e-01,-3.538560559439990483e-01,1.000000000000000000e+00,6.537685999785621815e-01,6.235801582269515642e-01,-2.098316305088360478e-01,-8.901909796276025189e-01,3.456927327355207580e-01,9.248833042046270547e-01,-2.635956435227496675e-01,-1.934713637773290973e-01,-7.301708294659853271e-01,1.869536012650903078e-01,2.291594499730766066e-01,-8.191442780860922479e-01,-8.605729918724015493e-01,-7.472537476895129149e-01,-1.636289384806518810e-01,-3.695234906495877270e-01,8.222104886218418729e-01,9.189198625009988852e-01,5.017402874414143149e-02,8.263149307018354817e-01,-2.654865604108114785e-01,-6.089716804938575256e-01,-8.706119701175983883e-01,-1.684705743251548316e-01,-4.638273164939392124e-01,-5.301592450330102624e-01
-1.234027856008562407e-01,6.990772599999999226e-01,-7.766288794913900340e-01,-6.013996214142633967e-01,-3.280388900787137851e-01,-5.314602934652750132e-01,-6.841716958221233380e-01,2.061372619109107795e-01,3.826872599394878227e-01,2.572544445174384520e-01,7.804056817134380486e-01,-4.436497351026500446e-01,6.537685999785621815e-01,1.000000000000000000e+00,1.694739486867993805e-01,8.612191740577347654e-02,-3.478581539101996412e-01,-1.329735458344136756e-01,6.346659667714464881e-01,2.266270356824460208e-01,-2.241012547530354948e-01,-1.035290275984959013e-01,4.913785945444141268e-01,4.400352057173257947e-01,-9.106893282951348256e-01,-6.273645304635804276e-01,-4.046090053840755152e-01,-6.501133768298649196e-01,-1.707965333397752639e-01,7.182341724017227147e-01,3.582398046656913304e-01,8.708829605396813112e-02,3.987819248226989743e-01,-2.426961990277954617e-01,-1.870791637459416346e-01,-3.620020588634380587e-01,-7.990694385165257874e-01,-1.207189428859084101e-03,-9.577265755745309472e-02
-1.803675726855966804e-02,6.270440799999998926e-01,-3.541615789298479533e-01,-4.297471398162533429e-01,9.046007385317515748e-02,-4.256953656035497580e-01,-5.953630938345991774e-01,2.526090938077606984e-01,7.201143401263922217e-02,-2.307712446286660779e-01,6.043368735631267086e-01,1.387668771772487819e-01,6.235801582269515642e-01,1.694739486867993805e-01,1.000000000000000000e+00,-3.131100756971966770e-01,-5.238140347044893952e-01,-2.839169704065597211e-02,5.533064098212386872e-01,-2.730861788924903166e-01,-3.484662917226674650e-02,-6.654124406734974739e-01,4.213199109364470368e-02,2.127799481865281506e-01,-2.832026903038378229e-01,-7.173889414173632018e-01,-3.620856801393260160e-01,2.754363932783668867e-01,-1.056050381579205638e-01,4.689802041705349311e-01,6.879090796420300746e-01,-2.648971148924490482e-01,6.537619727623836807e-01,-3.658267725111842283e-01,-6.950144078029063532e-01,-5.814264752707190009e-01,8.643402851540105125e-02,-4.481849695497218677e-01,-5.399859983889103709e-01
7.656984492770668727e-01,-2.903505199999999453e-01,1.897848359276898753e-02,-1.888690440362691403e-01,-2.362342483106450591e-02,-3.368585003943994627e-01,4.292904724077427070e-01,-2.458383544311684710e-01,1.697050822765595879e-02,7.624446937528445156e-01,-1.813986465104020229e-01,-7.012871779942809747e-01,-2.098316305088360478e-01,8.612191740577347654e-02,-3.131100756971966770e-01,1.000000000000000000e+00,7.142142928394164259e-02,-2.238900637226292484e-02,-4.662771727990756010e-01,7.562824108604427886e-01,-7.217234366079359198e-01,5.635833685546711713e-01,6.777164488736696635e-01,2.021081889531891052e-01,-3.519772418559675986e-02,-4.518680052223720406e-02,5.425595363552754291e-01,6.992221754979006942e-02,6.764314815664899949e-02,-4.976494711910167124e-01,-2.825448495412835048e-01,4.675640951326085482e-01,-5.959373514477416256e-01,8.025628487373939191e-01,7.434523466146144566e-01,3.218421374216610675e-01,-3.148757667116754977e-01,8.114483786442997504e-01,7.747312605845193545e-01
2.948768078701042294e-01,-8.169561199999999523e-01,7.648969293360480259e-01,9.048032806731207689e-01,-4.141698312267897419e-01,6.816410136230519612e-01,7.290827899569130022e-01,-8.188678149329906009e-02,2.980442550833660165e-01,-3.034565549888482705e-01,-7.596043749358740715e-01,4.239626185829365457e-01,-8.901909796276025189e-01,-3.478581539101996412e-01,-5.238140347044893952e-01,7.142142928394164259e-02,1.000000000000000000e+00,-6.341782775556670249e-01,-7.337469839528784066e-01,3.061293654993333391e-01,3.130870904918090503e-01,7.670295799112230029e-01,-1.157399759267240119e-01,3.780141572441490794e-02,5.976564624230324974e-01,7.439704852807605961e-01,6.501838381343947315e-01,-1.156465182018519278e-01,4.704936130040461295e-01,-5.590842689309718505e-01,-9.116904144341650973e-01,-2.615991720772269935e-01,-6.844955933988264851e-01,-6.577856137026288907e-02,4.559669259333296587e-01,9.034580015454642954e-01,-1.379944480623209180e-01,4.064543592428199736e-01,3.748188554872192713e-01
-3.030655000358218332e-01,2.451319999999999055e-01,-4.197275548381789734e-01,-4.513705934908084361e-01,5.526456768507235218e-01,-3.225377845704294200e-01,-1.695521298561395163e-01,-4.096716908420909853e-01,-5.108632912425660200e-01,2.654299351149927988e-01,1.619655432439737475e-01,-2.677316254410482821e-01,3.456927327355207580e-01,-1.329735458344136756e-01,-2.839169704065597211e-02,-2.238900637226292484e-02,-6.341782775556670249e-01,1.000000000000000000e+00,2.688281131056118323e-01,-3.013790130898457154e-01,-8.707557893916753611e-02,-4.275396663871983138e-01,-1.239285257161813897e-01,-2.283388881776607093e-01,-1.521641406940797692e-01,-1.830433838017464510e-01,-2.611137014256491029e-01,1.716195720713168948e-01,-5.038122825257508319e-01,1.094950933201560284e-01,4.296113824778596268e-01,4.035689515898432944e-01,2.034423349283933646e-01,3.088183627644024987e-01,-9.557602596107511728e-02,-5.207767260359772443e-01,3.391356705431644025e-01,-2.264756755952712919e-01,-9.935005151904943710e-02
-6.285679388455998051e-01,9.562467599999999734e-01,-8.089339847204320977e-01,-6.613157786273256011e-01,-6.561684009816891316e-02,-5.192800916936065603e-01,-9.775863037178966763e-01,1.566083770738098957e-01,8.475524394989394179e-04,-1.834919554376407413e-01,9.117195816050246426e-01,-1.382706370300962051e-01,9.248833042046270547e-01,6.346659667714464881e-01,5.533064098212386872e-01,-4.662771727990756010e-01,-7.337469839528784066e-01,2.688281131056118323e-01,1.000000000000000000e+00,-4.557280899890234771e-01,1.359025078152539534e-01,-7.700789997186907598e-01,-4.834412443061082004e-02,1.937605564894088195e-01,-7.294052766597807214e-01,-7.344829774581113080e-01,-7.964784779564491046e-01,-3.614796242342700472e-01,-2.730131594302588893e-01,9.393837152475602581e-01,8.104992121694972740e-01,-1.407225327267445092e-01,9.115300406478774597e-01,-5.737592267492458431e-01,-7.764518280003922523e-01,-8.471313245100751121e-01,-1.612228060153737541e-01,-6.654332217338888578e-01,-7.261289728682239764e-01
8.419593296624617862e-01,-2.735921000000000047e-01,4.247674344331797691e-02,-6.678203667743620731e-02,4.338417215876777533e-02,-3.194799368742946566e-01,4.075801271563845307e-01,-2.626597317041254875e-01,1.059516734989146558e-01,6.334245531947025887e-01,-9.826349269103362705e-02,-4.228814264048147975e-01,-2.635956435227496675e-01,2.266270356824460208e-01,-2.730861788924903166e-01,7.562824108604427886e-01,3.061293654993333391e-01,-3.013790130898457154e-01,-4.557280899890234771e-01,1.000000000000000000e+00,-7.333549888663661864e-01,7.154472496175606766e-01,8.936257093307221622e-01,5.091964815480786166e-01,-1.458214498967816408e-01,-6.493489416699468886e-02,6.757519221024668177e-01,-7.239329197775057345e-02,3.924034587509026561e-01,-4.807779624056423562e-01,-3.034402340841870771e-01,5.630237373624457087e-01,-6.893706276452841175e-01,5.793997917632250916e-01,7.631316112231691928e-01,5.797204596688726452e-01,-6.027833952000891671e-01,9.543621148777176044e-01,6.000174318389511763e-01
-6.890876680420371381e-01,-1.175866199999999751e-01,2.644513618970708024e-01,5.687284584440264190e-01,-4.061501502433492172e-01,6.149252118823118618e-01,-6.934631748616036651e-02,6.345768604682651415e-02,1.917191778563165083e-01,-8.307775310463531016e-01,-2.298356447472228725e-01,5.963772975677991139e-01,-1.934713637773290973e-01,-2.241012547530354948e-01,-3.484662917226674650e-02,-7.217234366079359198e-01,3.130870904918090503e-01,-8.707557893916753611e-02,1.359025078152539534e-01,-7.333549888663661864e-01,1.000000000000000000e+00,-2.187137683978848668e-01,-8.504613861895182758e-01,-2.489077141475895538e-01,3.202179143722855836e-01,4.107946024806190533e-01,-2.830724170302953979e-01,-1.901950544870189552e-01,-6.637316286832210810e-02,2.982191675254093899e-01,-2.652176934594318580e-01,-7.248536752097292091e-01,2.920418400750045551e-01,-7.278935102246716360e-01,-5.180007614401291871e-01,-4.129790597296072868e-02,2.585531816349806999e-01,-6.845372898956676444e-01,-3.771883799203793464e-01
6.007714182241354894e-01,-7.132555400000000212e-01,5.325129993996220445e-01,4.839464827693318871e-01,-2.918667061090300385e-01,3.503971737575183876e-01,7.239143547723738692e-01,-1.352379069779793830e-01,3.183760659729250042e-01,3.393817420459530609e-01,-6.016008431809484192e-01,-1.014021743304781842e-01,-7.301708294659853271e-01,-1.035290275984959013e-01,-6.654124406734974739e-01,5.635833685546711713e-01,7.670295799112230029e-01,-4.275396663871983138e-01,-7.700789997186907598e-01,7.154472496175606766e-01,-2.187137683978848668e-01,1.000000000000000000e+00,3.592667508835612478e-01,2.713568451783506252e-01,2.603078118485971371e-01,5.609254085822031888e-01,6.870790166731317594e-01,-1.073656008793167776e-01,3.201823189772207701e-01,-6.501895625134259671e-01,-7.903171277476673806e-01,1.384228333447187209e-01,-8.582248337623920031e-01,4.319887054204027965e-01,8.260320820570220546e-01,9.075495322811365506e-01,-3.620925117248147695e-01,8.201572223123045902e-01,7.441582667482827818e-01
7.114649717837725484e-01,1.659931800000000734e-01,-3.581769077221745312e-01,-4.725053252466614451e-01,1.481894110516191188e-01,-6.773420265717308153e-01,7.494711921695246856e-04,-2.217505103276223299e-01,3.748499633186136437e-02,6.917417106175104413e-01,3.330178962414809263e-01,-5.735368950890695761e-01,1.869536012650903078e-01,4.913785945444141268e-01,4.213199109364470368e-02,6.777164488736696635e-01,-1.157399759267240119e-01,-1.239285257161813897e-01,-4.834412443061082004e-02,8.936257093307221622e-01,-8.504613861895182758e-01,3.592667508835612478e-01,1.000000000000000000e+00,5.969871867350842187e-01,-4.854208381260571858e-01,-4.871215410504824428e-01,3.833717820153695888e-01,-1.166738201837439343e-01,2.526365967574739635e-01,-1.372230235353898986e-01,1.266787256791935823e-01,6.304420281013589644e-01,-3.246966968357923866e-01,4.835478510281234210e-01,4.816693928637444388e-01,1.675023051279893316e-01,-6.615363102303203346e-01,7.535625381241135567e-01,3.535645214589862029e-01
3.254206682123967909e-01,2.827291599999999239e-01,-1.872869875270971318e-01,-2.372537952149986751e-01,-3.095134900558128010e-01,-4.165914807357306571e-01,-2.316542158538672513e-01,-2.287113121018079787e-01,3.715653368577657711e-01,2.009274920335905323e-01,3.980663790954990788e-01,-3.391419195099752426e-01,2.291594499730766066e-01,4.400352057173257947e-01,2.127799481865281506e-01,2.021081889531891052e-01,3.780141572441490794e-02,-2.283388881776607093e-01,1.937605564894088195e-01,5.091964815480786166e-01,-2.489077141475895538e-01,2.713568451783506252e-01,5.969871867350842187e-01,1.000000000000000000e+00,-4.736989269118697110e-01,-4.019876168950544670e-01,9.465938859397096672e-02,-1.375928123251917157e-01,3.912711516602263018e-01,1.489751312982726394e-01,1.348541452473545066e-01,-3.722731674552632458e-02,-1.741611720898368632e-02,-9.971956318089132687e-02,9.320354646471247506e-02,1.809401782692547644e-01,-5.418378025775396623e-01,3.449249248504713261e-01,-1.323886774923979485e-02
1.682676638437338168e-01,-8.296324400000000265e-01,8.564868488774285415e-01,8.098466478233280474e-01,1.118366575813875136e-01,6.082921540883206024e-01,7.807944448197181586e-01,-1.935892329887305419e-01,-3.180983602791325193e-01,-4.008380261364602459e-01,-8.823668109572813112e-01,5.048753294681407322e-01,-8.191442780860922479e-01,-9.106893282951348256e-01,-2.832026903038378229e-01,-3.519772418559675986e-02,5.976564624230324974e-01,-1.521641406940797692e-01,-7.294052766597807214e-01,-1.458214498967816408e-01,3.202179143722855836e-01,2.603078118485971371e-01,-4.854208381260571858e-01,-4.736989269118697110e-01,1.000000000000000000e+00,7.043642429622339884e-01,5.488445590432518006e-01,4.140099749383917005e-01,3.407195754512920560e-01,-7.341901456224917411e-01,-6.088330481404090611e-01,-1.645691730961812427e-01,-4.846480173534683522e-01,1.272147645422717910e-01,2.281991442003783177e-01,5.050237429050596916e-01,6.227615547064057067e-01,6.096138443151966069e-02,1.727747973857184927e-01
-3.125573320701934693e-02,-8.498255999999999588e-01,8.114920187682468367e-01,8.111459780723664359e-01,-1.497001406599478279e-01,8.952810886926504397e-01,7.492136096393979816e-01,2.213347122652513377e-02,9.897575801076945179e-02,-1.778507411229693636e-01,-8.926596158498956157e-01,3.880965737135355087e-01,-8.605729918724015493e-01,-6.273645304635804276e-01,-7.173889414173632018e-01,-4.518680052223720406e-02,7.439704852807605961e-01,-1.830433838017464510e-01,-7.344829774581113080e-01,-6.493489416699468886e-02,4.107946024806190533e-01,5.609254085822031888e-01,-4.871215410504824428e-01,-4.019876168950544670e-01,7.043642429622339884e-01,1.000000000000000000e+00,3.576994048836313334e-01,1.214993396595665381e-01,7.900465508265412662e-02,-6.014762758967120426e-01,-7.969660015693620370e-01,-1.981348067413150893e-01,-6.199940282270304248e-01,1.371626592828227575e-01,4.551776155146739500e-01,7.022232803736828677e-01,3.211924686155901987e-01,1.779443141191964783e-01,3.930578502968264942e-01
7.629306076756946497e-01,-7.617751999999999857e-01,4.953144132299966418e-01,5.301189576620299881e-01,1.019822374075367161e-01,8.517700075060852249e-02,8.426728170678637886e-01,-5.423037193976056880e-01,-1.539688480822568317e-01,1.113786744438812204e-01,-6.521085246755520259e-01,9.941278798328516408e-02,-7.472537476895129149e-01,-4.046090053840755152e-01,-3.620856801393260160e-01,5.425595363552754291e-01,6.501838381343947315e-01,-2.611137014256491029e-01,-7.964784779564491046e-01,6.757519221024668177e-01,-2.830724170302953979e-01,6.870790166731317594e-01,3.833717820153695888e-01,9.465938859397096672e-02,5.488445590432518006e-01,3.576994048836313334e-01,1.000000000000000000e+00,1.099254003374156158e-01,4.972499793524363665e-01,-8.018028056421215854e-01,-6.743067417612691461e-01,3.506944368340691454e-01,-8.622135715377265974e-01,4.590193392007006490e-01,6.552204189789179178e-01,7.412835307874662272e-01,-1.723973906738296424e-01,7.498260704201469284e-01,5.336322597590329453e-01
3.303739436838740162e-01,-2.416249999999999787e-01,4.303275386671762681e-01,9.978246601304224805e-03,4.574300353742337677e-01,1.221794619134850546e-01,3.047670878778273029e-01,6.186763066532929151e-02,-1.403622236065993067e-01,1.654590870930782998e-01,-2.948053182557827112e-01,4.871534437751710855e-02,-1.636289384806518810e-01,-6.501133768298649196e-01,2.754363932783668867e-01,6.992221754979006942e-02,-1.156465182018519278e-01,1.716195720713168948e-01,-3.614796242342700472e-01,-7.239329197775057345e-02,-1.901950544870189552e-01,-1.073656008793167776e-01,-1.166738201837439343e-01,-1.375928123251917157e-01,4.140099749383917005e-01,1.214993396595665381e-01,1.099254003374156158e-01,1.000000000000000000e+00,-2.085793448321806784e-02,-4.837369450918942437e-01,1.046075726482027651e-01,-1.992344167362306712e-02,-1.601170211003103416e-01,4.148397066202912931e-01,1.482217419592369578e-01,6.024386156973275674e-02,6.456710881623335396e-01,6.148144051298751883e-02,1.710835843119626609e-01
3.204105640454968373e-01,-2.925564200000000392e-01,4.008667584790525651e-01,3.865274357478029055e-01,-1.490890447843050935e-02,-7.323850669102723032e-02,3.012487613622992777e-01,-3.640397730808345722e-01,-2.671928618534227806e-01,-2.306265514770845515e-01,-2.042927015911727706e-01,6.899643264079177718e-02,-3.695234906495877270e-01,-1.707965333397752639e-01,-1.056050381579205638e-01,6.764314815664899949e-02,4.704936130040461295e-01,-5.038122825257508319e-01,-2.730131594302588893e-01,3.924034587509026561e-01,-6.637316286832210810e-02,3.201823189772207701e-01,2.526365967574739635e-01,3.912711516602263018e-01,3.407195754512920560e-01,7.900465508265412662e-02,4.972499793524363665e-01,-2.085793448321806784e-02,1.000000000000000000e+00,-3.818402178708197869e-01,-2.794549127066353056e-01,8.787764536409110872e-02,-3.166353033818508633e-01,-1.031008715331709069e-01,2.439062418035867486e-01,4.788893222007648554e-01,-5.678019164457204226e-02,3.324571681573380011e-01,-7.641413816608585985e-02
-6.639412764143548529e-01,8.723967399999998928e-01,-7.563345422474979651e-01,-5.166341809711038069e-01,-2.873433776822544861e-01,-3.243157116803607187e-01,-9.374998000325333036e-01,2.876991688045918982e-01,2.615009461329643181e-01,-2.606973562654293919e-01,8.294807914030012386e-01,-4.550406598247648537e-02,8.222104886218418729e-01,7.182341724017227147e-01,4.689802041705349311e-01,-4.976494711910167124e-01,-5.590842689309718505e-01,1.094950933201560284e-01,9.393837152475602581e-01,-4.807779624056423562e-01,2.982191675254093899e-01,-6.501895625134259671e-01,-1.372230235353898986e-01,1.489751312982726394e-01,-7.341901456224917411e-01,-6.014762758967120426e-01,-8.018028056421215854e-01,-4.837369450918942437e-01,-3.818402178708197869e-01,1.000000000000000000e+00,6.148969972140692075e-01,-3.194430170256308821e-01,8.701973601763779431e-01,-6.732830727003683569e-01,-7.747373550342887549e-01,-7.509988943604710698e-01,-3.042884445036918573e-01,-6.820504885907062720e-01,-6.071374956587679561e-01
-3.139176985007871568e-01,8.905008800000000502e-01,-6.995803821971918746e-01,-8.327710168502234778e-01,3.623080005183644259e-01,-6.417315757336946591e-01,-8.253134521617873087e-01,1.843121855549316734e-01,-2.328415066026133518e-01,1.202720427368337841e-01,8.469395460301220036e-01,-2.136582987087515817e-01,9.189198625009988852e-01,3.582398046656913304e-01,6.879090796420300746e-01,-2.825448495412835048e-01,-9.116904144341650973e-01,4.296113824778596268e-01,8.104992121694972740e-01,-3.034402340841870771e-01,-2.652176934594318580e-01,-7.903171277476673806e-01,1.266787256791935823e-01,1.348541452473545066e-01,-6.088330481404090611e-01,-7.969660015693620370e-01,-6.743067417612691461e-01,1.046075726482027651e-01,-2.794549127066353056e-01,6.148969972140692075e-01,1.000000000000000000e+00,1.378012765556670405e-01,7.790056260663166254e-01,-1.705676956094829555e-01,-5.891907982549704492e-01,-8.283626006327607927e-01,1.272237586610140969e-01,-4.626793280688037413e-01,-6.265863524521035899e-01
3.822035401593514292e-01,-2.163338000000003536e-02,-3.071062215704847276e-01,-3.874230593858101201e-01,7.094157253512720640e-01,-5.305056481241333666e-01,1.911121322011258283e-01,-4.265039623497980936e-01,-5.987708380895833127e-01,6.353688428008561484e-01,6.035464854168650500e-02,-3.956449175730554768e-01,5.017402874414143149e-02,8.708829605396813112e-02,-2.648971148924490482e-01,4.675640951326085482e-01,-2.615991720772269935e-01,4.035689515898432944e-01,-1.407225327267445092e-01,5.630237373624457087e-01,-7.248536752097292091e-01,1.384228333447187209e-01,6.304420281013589644e-01,-3.722731674552632458e-02,-1.645691730961812427e-01,-1.981348067413150893e-01,3.506944368340691454e-01,-1.992344167362306712e-02,8.787764536409110872e-02,-3.194430170256308821e-01,1.378012765556670405e-01,1.000000000000000000e+00,-3.795046906009946208e-01,6.705470409856051361e-01,5.033738355924803898e-01,1.401566120738972562e-02,-1.868673294103221361e-01,5.553700676205796105e-01,2.692461062559901031e-01
-6.821422021076974929e-01,8.551909600000000555e-01,-5.914837114758225711e-01,-5.086798890867566536e-01,-8.557938888826811807e-02,-3.100141136483139381e-01,-9.167467492773202498e-01,3.485387322944850097e-01,-7.156255486539388026e-04,-3.614335336318830194e-01,7.621264248379038264e-01,4.793018778707041488e-02,8.263149307018354817e-01,3.987819248226989743e-01,6.537619727623836807e-01,-5.959373514477416256e-01,-6.844955933988264851e-01,2.034423349283933646e-01,9.115300406478774597e-01,-6.893706276452841175e-01,2.920418400750045551e-01,-8.582248337623920031e-01,-3.246966968357923866e-01,-1.741611720898368632e-02,-4.846480173534683522e-01,-6.199940282270304248e-01,-8.622135715377265974e-01,-1.601170211003103416e-01,-3.166353033818508633e-01,8.701973601763779431e-01,7.790056260663166254e-01,-3.795046906009946208e-01,1.000000000000000000e+00,-6.430310304683208855e-01,-8.956947526253569158e-01,-8.658604647493354234e-01,1.386181750498230170e-01,-8.461251204034860862e-01,-7.678452939975073388e-01
6.614623552598014600e-01,-3.868219400000000308e-01,1.349689171429014067e-01,-2.065553711043228158e-01,4.606840430243063222e-01,-1.837057446069647049e-01,5.428159178443667798e-01,-2.131126476850154217e-01,-2.495226846021885436e-01,8.410627300085256053e-01,-3.348114409774857192e-01,-5.397754667183033428e-01,-2.654865604108114785e-01,-2.426961990277954617e-01,-3.658267725111842283e-01,8.025628487373939191e-01,-6.577856137026288907e-02,3.088183627644024987e-01,-5.737592267492458431e-01,5.793997917632250916e-01,-7.278935102246716360e-01,4.319887054204027965e-01,4.835478510281234210e-01,-9.971956318089132687e-02,1.272147645422717910e-01,1.371626592828227575e-01,4.590193392007006490e-01,4.148397066202912931e-01,-1.031008715331709069e-01,-6.732830727003683569e-01,-1.705676956094829555e-01,6.705470409856051361e-01,-6.430310304683208855e-01,1.000000000000000000e+00,7.898741735607942571e-01,2.757931226442881245e-01,7.067905170963464934e-02,7.289828235208201113e-01,7.600663149207168567e-01
6.628574321815752235e-01,-6.529309199999999702e-01,4.037592727735812015e-01,2.022909147077719128e-01,1.178961834444405138e-01,1.183301506335164288e-01,7.378756049962769126e-01,-2.301983739818575236e-01,-1.024852536920594151e-02,6.563396103973099249e-01,-5.528092129680803879e-01,-4.040995109718381606e-01,-6.089716804938575256e-01,-1.870791637459416346e-01,-6.950144078029063532e-01,7.434523466146144566e-01,4.559669259333296587e-01,-9.557602596107511728e-02,-7.764518280003922523e-01,7.631316112231691928e-01,-5.180007614401291871e-01,8.260320820570220546e-01,4.816693928637444388e-01,9.320354646471247506e-02,2.281991442003783177e-01,4.551776155146739500e-01,6.552204189789179178e-01,1.482217419592369578e-01,2.439062418035867486e-01,-7.747373550342887549e-01,-5.891907982549704492e-01,5.033738355924803898e-01,-8.956947526253569158e-01,7.898741735607942571e-01,1.000000000000000000e+00,7.340376746422249132e-01,-1.763972742294567797e-01,9.072165588426536198e-01,8.321716979128940261e-01
5.398068428782633044e-01,-8.323249600000000026e-01,7.575031287373142908e-01,7.116628775789035632e-01,-2.171814623728530735e-01,5.381458232953610921e-01,8.138266241574578785e-01,-1.202443914715193574e-01,2.454265346971779838e-01,7.366480158878487006e-02,-7.432708110366896825e-01,1.826184875218681558e-01,-8.706119701175983883e-01,-3.620020588634380587e-01,-5.814264752707190009e-01,3.218421374216610675e-01,9.034580015454642954e-01,-5.207767260359772443e-01,-8.471313245100751121e-01,5.797204596688726452e-01,-4.129790597296072868e-02,9.075495322811365506e-01,1.675023051279893316e-01,1.809401782692547644e-01,5.050237429050596916e-01,7.022232803736828677e-01,7.412835307874662272e-01,6.024386156973275674e-02,4.788893222007648554e-01,-7.509988943604710698e-01,-8.283626006327607927e-01,1.401566120738972562e-02,-8.658604647493354234e-01,2.757931226442881245e-01,7.340376746422249132e-01,1.000000000000000000e+00,-1.473880974501572960e-01,7.009380443031292263e-01,5.549851452828030718e-01
-2.683334699180378591e-01,-2.206931600000000548e-01,4.632215624101497231e-01,2.006968389996378610e-01,3.769533696447223137e-01,3.495516919399282441e-01,1.831960909588950526e-01,8.997945533693268994e-02,-4.734334021752029109e-01,-2.552397671140774205e-01,-3.670383703862619140e-01,2.810106309215535947e-01,-1.684705743251548316e-01,-7.990694385165257874e-01,8.643402851540105125e-02,-3.148757667116754977e-01,-1.379944480623209180e-01,3.391356705431644025e-01,-1.612228060153737541e-01,-6.027833952000891671e-01,2.585531816349806999e-01,-3.620925117248147695e-01,-6.615363102303203346e-01,-5.418378025775396623e-01,6.227615547064057067e-01,3.211924686155901987e-01,-1.723973906738296424e-01,6.456710881623335396e-01,-5.678019164457204226e-02,-3.042884445036918573e-01,1.272237586610140969e-01,-1.868673294103221361e-01,1.386181750498230170e-01,7.067905170963464934e-02,-1.763972742294567797e-01,-1.473880974501572960e-01,1.000000000000000000e+00,-4.172658150730604310e-01,-2.320253318164723078e-01
8.555161171532272846e-01,-4.957488599999999579e-01,2.452039746676744070e-01,7.564667862884438820e-02,8.243728062464483752e-02,-1.245963567137089861e-01,6.202573692321026178e-01,-2.710104687125090006e-01,6.320154417774054290e-02,6.719363341219578567e-01,-3.457520395310249017e-01,-3.997891698539167704e-01,-4.638273164939392124e-01,-1.207189428859084101e-03,-4.481849695497218677e-01,8.114483786442997504e-01,4.064543592428199736e-01,-2.264756755952712919e-01,-6.654332217338888578e-01,9.543621148777176044e-01,-6.845372898956676444e-01,8.201572223123045902e-01,7.535625381241135567e-01,3.449249248504713261e-01,6.096138443151966069e-02,1.779443141191964783e-01,7.498260704201469284e-01,6.148144051298751883e-02,3.324571681573380011e-01,-6.820504885907062720e-01,-4.626793280688037413e-01,5.553700676205796105e-01,-8.461251204034860862e-01,7.289828235208201113e-01,9.072165588426536198e-01,7.009380443031292263e-01,-4.172658150730604310e-01,1.000000000000000000e+00,7.513735309534723683e-01
6.529525504749061904e-01,-5.955140400000000778e-01,3.241626946454637115e-01,1.539337388383882621e-01,-5.123349298548469238e-02,1.575890684671995001e-01,6.625299346318347382e-01,-8.352632827065258059e-02,2.470033647615217376e-01,6.318808171730760925e-01,-5.229393796576625730e-01,-4.105164670608974498e-01,-5.301592450330102624e-01,-9.577265755745309472e-02,-5.399859983889103709e-01,7.747312605845193545e-01,3.748188554872192713e-01,-9.935005151904943710e-02,-7.261289728682239764e-01,6.000174318389511763e-01,-3.771883799203793464e-01,7.441582667482827818e-01,3.535645214589862029e-01,-1.323886774923979485e-02,1.727747973857184927e-01,3.930578502968264942e-01,5.336322597590329453e-01,1.710835843119626609e-01,-7.641413816608585985e-02,-6.071374956587679561e-01,-6.265863524521035899e-01,2.692461062559901031e-01,-7.678452939975073388e-01,7.600663149207168567e-01,8.321716979128940261e-01,5.549851452828030718e-01,-2.320253318164723078e-01,7.513735309534723683e-01,1.000000000000000000e+00
