1.0,0.14002903520789309,-0.68240783612731337,-0.19948234289516228,0.87593093296299684,0.36236189105472616,0.42668275371883857,0.2718033923694736,0.18610647576697609,0.63370375981269134,-0.63858906585333997,-0.43090493612801667,0.43736412409128494,0.58107903107940706,0.43919497721539469,0.94587798468895434,0.29749939900442102,0.48756314761371439,-0.080996868413651085,0.81845111748535859,0.40537867360263447,-0.56701856758587144,0.068550167017176811,0.53623322662653083,-0.060844123338837805,0.36382155731106575,0.31469868000000001,-0.12165992437377915,0.71359260204686847,0.3333718354550339,-0.063806507230628612,0.87397115844834894,0.929513659445101,0.48793010382527036,0.20111015512453398,0.54087039002941906,0.42862978654519007,0.74522824853083347,0.018444931105593025
0.14002903520789309,1.0,-0.39526044017734308,0.33704825332333527,0.30917265797931204,0.51882046142690585,0.1494740336363671,-0.50394729479096123,0.46433205299030295,0.55702771393267125,0.20360154562785987,-0.61475485865560886,0.24570951039096173,-0.0087025543150928281,-0.24276048066328401,0.25191819461214499,0.004936577603792458,-0.36385753731214504,0.64726612378029513,0.37015502820240875,0.61163744851729618,0.33996184048605632,0.56287483796294613,0.34911854862638614,0.42861223735238396,-0.32545195746354855,0.61749166,0.31861846544712197,0.38176449357274178,0.60494819505357089,-0.4577586900424831,0.097741582774902067,-0.096957429111462295,0.57137197329577272,0.23066424160012772,-0.0092801649464237211,0.49794412518052544,0.51856630409559701,-0.59104751928867838
-0.68240783612731337,-0.39526044017734308,1.0,-0.18756363662219211,-0.50439481985887957,-0.15258581570166407,0.092046828047917945,-0.32915001876228461,-0.29347543574126067,-0.37636596713813253,0.20886765752990227,0.22392264019514646,-0.084110489023203755,-0.59839628306316284,-0.54395398083870461,-0.5976412383216031,-0.21273267707057372,-0.26427503063874141,0.023142326807925807,-0.4922661478773826,-0.16460309573437282,0.27086239583679167,0.062990587713226756,-0.28989753724763634,-0.31417427756237393,-0.27119538872977356,-0.16038759999999996,0.27594405259242222,-0.61919797321449566,-0.20013598566386856,0.20197414482061724,-0.74149604651706313,-0.67974261554771509,-0.23938154744507997,-0.10715123983999383,-0.52227821353535009,-0.28640289228609495,-0.47062804577312217,-0.06302606642413619
-0.19948234289516228,0.33704825332333527,-0.18756363662219211,1.0,-0.34634311785177113,0.3468173594643788,-0.34899941857860894,-0.056337833132381006,-0.24229988291697591,-0.034887466045067338,-0.1436450152986562,0.022190857407909756,0.42015528427091536,-0.5676934096418087,-0.5014252196895238,-0.027603638920040918,-0.48832850613534939,-0.43804658595281837,0.23887268384630408,-0.31020749605451292,-0.1803225985566316,0.071449033194207701,0.43361951429013124,0.40281159957932916,-0.095166576851885898,-0.17398943873004138,0.21941304000000006,0.48780532525483078,-0.10575735101357965,0.22166777089672421,0.16024534319441405,-0.4240462830020898,-0.31354807168725285,0.21258241046633114,-0.42852133306837992,-0.62402434546506791,-0.048383416724272134,0.20000081068376974,-0.32214115303466734
0.87593093296299684,0.30917265797931204,-0.50439481985887957,-0.34634311785177113,1.0,0.3212739984592955,0.40642082047434674,0.020926590613453942,0.28668083384899729,0.77693725883236464,-0.37579427098442097,-0.58904441742081248,0.34394824293681253,0.55776924115560955,0.30581953106984305,0.81037946844314956,0.1577116735738083,0.44722831152521253,0.07578734813287738,0.97753955413799354,0.53918262405258266,-0.21202430391432311,0.13734486937683768,0.40174338433610629,0.0086576577005542457,0.01533750598362587,0.38293358,-0.12719751147289593,0.62187868853251538,0.3779691744449965,-0.30635749710675386,0.78583059448022374,0.7441678440464784,0.52099778271023434,0.54388701643352177,0.59298802555472951,0.4533576849377261,0.71637796915580354,-0.069916823893066707
0.36236189105472616,0.51882046142690585,-0.15258581570166407,0.3468173594643788,0.3212739984592955,1.0,0.61766348917633818,-0.43578978509796867,0.41742299900588803,0.39371610050143596,-0.32445723822764377,-0.71279689973228744,0.71707723155283776,-0.18687686655344768,-0.40704129600791128,0.61972836204237547,0.1139960001904287,-0.45066283472920426,0.73357344603823393,0.33192479589811108,0.75856066311883386,-0.15934818433839659,0.85158462653853162,0.86506761023442669,0.18565660937491391,-0.072011476381122555,0.90972517999999991,0.81733847603790089,0.6530031048891568,0.91300476567129352,0.061537567497634324,0.093315505562162365,0.060011039011763814,0.91425912924531683,-0.40203429242670879,-0.39889823868144431,0.74783033694862533,0.8001368312810091,-0.84675544899068678
0.42668275371883857,0.1494740336363671,0.092046828047917945,-0.34899941857860894,0.40642082047434674,0.61766348917633818,1.0,-0.3093492042231174,0.38972935676158688,0.29892802028075011,-0.3220497712552382,-0.53848463799420643,0.39183185358326184,0.13437747784046586,-0.049965434904797025,0.55162048500521266,0.64331297752012162,0.034941735920239345,0.33451884172202606,0.33817515921342917,0.76504620915656651,-0.5038996073362223,0.4289261548847822,0.41493588804917797,0.03458139271758405,0.38664278429781207,0.54762796000000002,0.36719461145827076,0.50591705963501865,0.54445917958226442,0.25605200066893863,0.29552752367045321,0.28947428422942284,0.57940619357033618,-0.17100878220959509,0.043315011673240519,0.71433971734706436,0.50722903521549734,-0.444341756775196
0.2718033923694736,-0.50394729479096123,-0.32915001876228461,-0.056337833132381006,0.020926590613453942,-0.43578978509796867,-0.3093492042231174,1.0,-0.42436278439631298,-0.29795507680741462,-0.28861731782591571,0.69570945390826389,-0.26569889092539539,0.39972928950660414,0.62244964551771476,0.053566258110850695,0.11820644609374571,0.57641628752049556,-0.81382001286849348,-0.12539917970828168,-0.49872794359894213,-0.43577603165340906,-0.7197273771122219,-0.25922069748847054,-0.11741590300395723,0.46201934360448788,-0.67824287999999999,-0.63308978163469598,-0.1139782289544093,-0.64611246498624653,0.42793201660974894,0.27753534335263375,0.54730136553379405,-0.56721827239264777,-0.075393247811523817,0.40091598324187971,-0.31416018106491073,-0.25931699329989322,0.78997334710124545
0.18610647576697609,0.46433205299030295,-0.29347543574126067,-0.24229988291697591,0.28668083384899729,0.41742299900588803,0.38972935676158688,-0.42436278439631298,1.0,0.036555483297545717,0.4637582574390447,-0.62937105657967196,-0.21537343088300406,0.5193983954166338,0.28042304952598257,0.23705614893771065,0.54528894997964605,-0.22014915376751032,0.67348650627880757,0.34232568352743709,0.72110955868907789,0.14412808670979879,0.25689210856823869,0.12367614935026158,0.80095610631044523,-0.042779801130484893,0.5873432999999999,0.17509209638845027,0.76008763226367704,0.61789874830872105,-0.33170247064052255,0.44949363472557469,0.070729087854056849,0.45509721766586225,-0.072741744973603001,0.26434697493812015,0.75369769585113511,0.24362983940721286,-0.54466442502762002
0.63370375981269134,0.55702771393267125,-0.37636596713813253,-0.034887466045067338,0.77693725883236464,0.39371610050143596,0.29892802028075011,-0.29795507680741462,0.036555483297545717,1.0,-0.44313330387684624,-0.64588063245926408,0.61833445681683652,0.059890845577583791,-0.17297472086821383,0.67436810686641979,-0.1554447629566521,0.09329753924754372,0.24166271954918039,0.81312701484927963,0.47095391158857874,-0.0051495091313635902,0.45589606779526914,0.5494657659445904,-0.19308981514738793,-0.20907554535276249,0.49919548000000002,0.1352566360564644,0.34982462778992884,0.46874654945857042,-0.45558605221907278,0.4096577190244261,0.39600098690217472,0.63420224711813311,0.56589397579579848,0.21670178879406038,0.24780480465930066,0.79728265015285105,-0.28143938924035772
-0.63858906585333997,0.20360154562785987,0.20886765752990227,-0.1436450152986562,-0.37579427098442097,-0.32445723822764377,-0.3220497712552382,-0.28861731782591571,0.4637582574390447,-0.44313330387684624,1.0,0.079991970044499608,-0.77709990394270489,0.13557915446105884,0.10775085932292502,-0.69966301107134554,0.084174733990608722,-0.23377258766613726,0.2565368639099096,-0.31128501693587629,0.026278102002954683,0.67671716166936946,-0.21722462657837571,-0.6550402298418736,0.62227784457775404,-0.36496000469889417,-0.14660846000000005,-0.16530626162051298,-0.17154898105791849,-0.14400217191706541,-0.30517199742798978,-0.26411902185800595,-0.56838018572926174,-0.35743699666377515,0.15571288683774356,0.093927896097601604,0.0033738435821165794,-0.59740580406684496,-0.046957971684694351
-0.43090493612801667,-0.61475485865560886,0.22392264019514646,0.022190857407909756,-0.58904441742081248,-0.71279689973228744,-0.53848463799420643,0.69570945390826389,-0.62937105657967196,-0.64588063245926408,0.079991970044499608,1.0,-0.49467576989667428,-0.087395508768795621,0.2387243433896605,-0.5970651465037331,-0.10667512388065173,0.2801360512126711,-0.77702477146758164,-0.68083994901151013,-0.80845635458993381,-0.068877873596504907,-0.73217904574206283,-0.62717023757168477,-0.23746693943065891,0.26420573850428569,-0.89385749999999997,-0.51742695916820669,-0.682431550486433,-0.88346253321956547,0.45021541226777123,-0.36166100149626118,-0.11942483059639565,-0.88700026384849506,-0.14507998394618579,0.0012148592163452045,-0.68450879094053663,-0.76652022389415342,0.7721211949998974
0.43736412409128494,0.24570951039096173,-0.084110489023203755,0.42015528427091536,0.34394824293681253,0.71707723155283776,0.39183185358326184,-0.26569889092539539,-0.21537343088300406,0.61833445681683652,-0.77709990394270489,-0.49467576989667428,1.0,-0.46317671381848557,-0.58177917383826661,0.65936702922140511,-0.29758053111511901,-0.22850919226531022,0.32595119337776485,0.36025736158582961,0.29686569074619606,-0.3100915894134208,0.75005430286064745,0.90273386213531437,-0.4634557062033588,-0.048824213140876552,0.62998924000000001,0.662577703812542,0.25809163580976113,0.60786139420635155,0.080825982209604533,-0.0024993524322105432,0.16336860539308082,0.76317206778096813,-0.17757291371988856,-0.46259138024111141,0.2456839840610307,0.82109704760681645,-0.52163678101679356
0.58107903107940706,-0.0087025543150928281,-0.59839628306316284,-0.5676934096418087,0.55776924115560955,-0.18687686655344768,0.13437747784046586,0.39972928950660414,0.5193983954166338,0.059890845577583791,0.13557915446105884,-0.087395508768795621,-0.46317671381848557,1.0,0.92936113231790729,0.3588256520546772,0.61292423922658468,0.59506993793814467,-0.22809854499179452,0.50041304287990807,0.24408992142508998,-0.24457991632749457,-0.51289742125215576,-0.23285663064492459,0.46369026468524982,0.37099671721785626,-0.13248397999999995,-0.6230434373098569,0.5701302330224155,-0.091204931660410549,-0.1668989540598958,0.87402137719827289,0.72473985118903861,-0.10772875819455931,0.30192610461273672,0.91353699751518458,0.32099253217447771,0.040281221547827234,0.35306159985169999
0.43919497721539469,-0.24276048066328401,-0.54395398083870461,-0.5014252196895238,0.30581953106984305,-0.40704129600791128,-0.049965434904797025,0.62244964551771476,0.28042304952598257,-0.17297472086821383,0.10775085932292502,0.2387243433896605,-0.58177917383826661,0.92936113231790729,1.0,0.17757651109184258,0.57018252992185048,0.67431178401575709,-0.49838767459700467,0.22597818567961361,-0.060917639196052087,-0.33511787480954824,-0.74428100306129874,-0.39454357204704782,0.32651565674249211,0.51944334815220317,-0.42553359999999996,-0.74247635463049355,0.35035604144854182,-0.37805389423974095,-0.01870033493960839,0.74485307027703185,0.68890203131252925,-0.39340344562174118,0.1765696044872597,0.86448382090198428,0.052028362937335974,-0.20649892000291914,0.60028758191582343
0.94587798468895434,0.25191819461214499,-0.5976412383216031,-0.027603638920040918,0.81037946844314956,0.61972836204237547,0.55162048500521266,0.053566258110850695,0.23705614893771065,0.67436810686641979,-0.69966301107134554,-0.5970651465037331,0.65936702922140511,0.3588256520546772,0.17757651109184258,1.0,0.24354889873868135,0.24504347205792754,0.16785758312193619,0.77645031273300702,0.53544281664019922,-0.55937659603113388,0.3677666832000982,0.7622779371387628,-0.073805364942617802,0.29511816896958631,0.56674417999999993,0.19151248982014757,0.77445379219033184,0.58086575425807896,-0.027360344730029351,0.7348971630766008,0.78013334793331779,0.72199372976690479,0.019927933049980973,0.27023401917913803,0.55929242144539049,0.89745790823190896,-0.27209046658844283
0.29749939900442102,0.004936577603792458,-0.21273267707057372,-0.48832850613534939,0.1577116735738083,0.1139960001904287,0.64331297752012162,0.11820644609374571,0.54528894997964605,-0.1554447629566521,0.084174733990608722,-0.10667512388065173,-0.29758053111511901,0.61292423922658468,0.57018252992185048,0.24354889873868135,1.0,0.24328503402667534,0.0046477646516971888,0.053106095078017668,0.48335805560395217,-0.51674427150285807,-0.1705129496462667,-0.13720240062338226,0.45709620155252023,0.67260246025929626,0.062385780000000057,-0.22118696343923661,0.47837717927198192,0.099244748952086667,0.31016739813778016,0.49509401510975609,0.40157032743576526,0.027589156105824228,-0.2099064396776556,0.4747369521631517,0.59319795927506436,0.011287838952047425,0.010263407844179286
0.48756314761371439,-0.36385753731214504,-0.26427503063874141,-0.43804658595281837,0.44722831152521253,-0.45066283472920426,0.034941735920239345,0.57641628752049556,-0.22014915376751032,0.09329753924754372,-0.23377258766613726,0.2801360512126711,-0.22850919226531022,0.59506993793814467,0.67431178401575709,0.24504347205792754,0.24328503402667534,1.0,-0.74509427800424277,0.34291115178362025,-0.22890504527051139,-0.50800200923768168,-0.67791929452118815,-0.35373507270200338,-0.36847938000161129,0.55491130419933266,-0.52807850000000001,-0.66382086260679052,-0.014737998616948024,-0.52398116339092848,0.15126042037874698,0.55468567695916315,0.70443520947056837,-0.3856467135503413,0.45828971481559239,0.74462228025407595,-0.16691495411406965,-0.11163040102431994,0.7362944351894638
-0.080996868413651085,0.64726612378029513,0.023142326807925807,0.23887268384630408,0.07578734813287738,0.73357344603823393,0.33451884172202606,-0.81382001286849348,0.67348650627880757,0.24166271954918039,0.2565368639099096,-0.77702477146758164,0.32595119337776485,-0.22809854499179452,-0.49838767459700467,0.16785758312193619,0.0046477646516971888,-0.74509427800424277,1.0,0.1928595399808482,0.69241325215016847,0.38247865965027045,0.8379289872955602,0.51707880756000968,0.48964524761848111,-0.4618811367798657,0.89769857999999991,0.73505918593484343,0.48704492670683169,0.8936409336252148,-0.32705727019490344,-0.10319979835634532,-0.3940582009631054,0.77112619156185713,-0.21292707315310039,-0.41998482759508532,0.63836323828406361,0.47533833833263373,-0.96627691125716686
0.81845111748535859,0.37015502820240875,-0.4922661478773826,-0.31020749605451292,0.97753955413799354,0.33192479589811108,0.33817515921342917,-0.12539917970828168,0.34232568352743709,0.81312701484927963,-0.31128501693587629,-0.68083994901151013,0.36025736158582961,0.50041304287990807,0.22597818567961361,0.77645031273300702,0.053106095078017668,0.34291115178362025,0.1928595399808482,1.0,0.53485811682261553,-0.084431892909327899,0.21524038711090754,0.43350600475640927,0.025476029196433433,-0.11092505033618011,0.4626179800000001,-0.056925860237808622,0.63043557103904402,0.45475642488612228,-0.46265798208286085,0.75275614608111641,0.64834829361250335,0.58117765131216415,0.57623690973015096,0.53254866045214777,0.42011068283847203,0.73047968530238616,-0.16724090604308231
0.40537867360263447,0.61163744851729618,-0.16460309573437282,-0.1803225985566316,0.53918262405258266,0.75856066311883386,0.76504620915656651,-0.49872794359894213,0.72110955868907789,0.47095391158857874,0.026278102002954683,-0.80845635458993381,0.29686569074619606,0.24408992142508998,-0.060917639196052087,0.53544281664019922,0.48335805560395217,-0.22890504527051139,0.69241325215016847,0.53485811682261553,1.0,-0.023734097734644414,0.59822603165314414,0.47865045902522957,0.48166471624104046,-0.064983013541628651,0.79211345999999994,0.43174323982156088,0.71891561992233621,0.79308570548220358,-0.16092070668516431,0.35427643229876304,0.16715533347931194,0.75810521206096937,0.013946189943053125,0.10324932891238617,0.87753581987427032,0.64607419940369148,-0.69010561011053229
-0.56701856758587144,0.33996184048605632,0.27086239583679167,0.071449033194207701,-0.21202430391432311,-0.15934818433839659,-0.5038996073362223,-0.43577603165340906,0.14412808670979879,-0.0051495091313635902,0.67671716166936946,-0.068877873596504907,-0.3100915894134208,-0.24457991632749457,-0.33511787480954824,-0.55937659603113388,-0.51674427150285807,-0.50800200923768168,0.38247865965027045,-0.084431892909327899,-0.023734097734644414,1.0,0.11891224821385039,-0.25757861346890559,0.3593165655587508,-0.89289286698630077,0.050977480000000019,0.07343541288596335,-0.2820271999211631,0.027294546497668735,-0.59954365027204137,-0.43383247572058947,-0.66253195520553465,-0.089445399740516907,0.35057666503881141,-0.19219845846657971,-0.23248189235055666,-0.26464848229677301,-0.2119233162481978
0.068550167017176811,0.56287483796294613,0.062990587713226756,0.43361951429013124,0.13734486937683768,0.85158462653853162,0.4289261548847822,-0.7197273771122219,0.25689210856823869,0.45589606779526914,-0.21722462657837571,-0.73217904574206283,0.75005430286064745,-0.51289742125215576,-0.74428100306129874,0.3677666832000982,-0.1705129496462667,-0.67791929452118815,0.8379289872955602,0.21524038711090754,0.59822603165314414,0.11891224821385039,1.0,0.77645584475055962,0.054092410426891599,-0.35853913777240615,0.90013019999999999,0.85862077995019104,0.3377325715453196,0.88009297821585641,-0.079015481601802398,-0.20456969098411149,-0.28450697287480309,0.87760192696953976,-0.2549180780042099,-0.60464119481571321,0.53660086951235075,0.7021825506594751,-0.92816218406808049
0.53623322662653083,0.34911854862638614,-0.28989753724763634,0.40281159957932916,0.40174338433610629,0.86506761023442669,0.41493588804917797,-0.25922069748847054,0.12367614935026158,0.5494657659445904,-0.6550402298418736,-0.62717023757168477,0.90273386213531437,-0.23285663064492459,-0.39454357204704782,0.7622779371387628,-0.13720240062338226,-0.35373507270200338,0.51707880756000968,0.43350600475640927,0.47865045902522957,-0.25757861346890559,0.77645584475055962,1.0,-0.10250693176105145,-0.070027977758369442,0.79645062000000011,0.70326863923138827,0.58778245882641855,0.79891073646918465,-0.035848501913949837,0.19346901816582657,0.24517193517438268,0.88523192616846302,-0.32537914437392745,-0.38216359155462154,0.45894334100117534,0.89714237623764848,-0.66466160484217718
-0.060844123338837805,0.42861223735238396,-0.31417427756237393,-0.095166576851885898,0.0086576577005542457,0.18565660937491391,0.03458139271758405,-0.11741590300395723,0.80095610631044523,-0.19308981514738793,0.62227784457775404,-0.23746693943065891,-0.4634557062033588,0.46369026468524982,0.32651565674249211,-0.073805364942617802,0.45709620155252023,-0.36847938000161129,0.48964524761848111,0.025476029196433433,0.48166471624104046,0.3593165655587508,0.054092410426891599,-0.10250693176105145,1.0,-0.18156497103640906,0.28004742000000005,-0.050393033082788016,0.49954966518383248,0.31978081858298613,-0.20981349476273786,0.23013485737062936,-0.082166185655190349,0.11800396588060545,-0.14038352969801782,0.22655932358823733,0.54032537238046019,-0.027111999550401625,-0.31621612543646538
0.36382155731106575,-0.32545195746354855,-0.27119538872977356,-0.17398943873004138,0.01533750598362587,-0.072011476381122555,0.38664278429781207,0.46201934360448788,-0.042779801130484893,-0.20907554535276249,-0.36496000469889417,0.26420573850428569,-0.048824213140876552,0.37099671721785626,0.51944334815220317,0.29511816896958631,0.67260246025929626,0.55491130419933266,-0.4618811367798657,-0.11092505033618011,-0.064983013541628651,-0.89289286698630077,-0.35853913777240615,-0.070027977758369442,-0.18156497103640906,1.0,-0.25500102000000002,-0.26693121612678017,0.18439826822897121,-0.22277209626721414,0.55610165679584522,0.39844628525672338,0.55458742993233878,-0.17533638004329385,-0.32020530910663336,0.31900157542124308,0.13691137600881501,-0.041230315678931935,0.3538825788385751
0.31469868000000001,0.61749166,-0.16038759999999996,0.21941304000000006,0.38293358,0.90972517999999991,0.54762796000000002,-0.67824287999999999,0.5873432999999999,0.49919548000000002,-0.14660846000000005,-0.89385749999999997,0.62998924000000001,-0.13248397999999995,-0.42553359999999996,0.56674417999999993,0.062385780000000057,-0.52807850000000001,0.89769857999999991,0.4626179800000001,0.79211345999999994,0.050977480000000019,0.90013019999999999,0.79645062000000011,0.28004742000000005,-0.25500102000000002,1.0,0.76558334000000006,0.6853243,0.99729460000000003,-0.23653628000000004,0.15688148000000002,-0.029355380000000042,0.97058237999999997,-0.19811568000000002,-0.31716635999999998,0.74379810000000002,0.79439287999999997,-0.94127682000000001
-0.12165992437377915,0.31861846544712197,0.27594405259242222,0.48780532525483078,-0.12719751147289593,0.81733847603790089,0.36719461145827076,-0.63308978163469598,0.17509209638845027,0.1352566360564644,-0.16530626162051298,-0.51742695916820669,0.662577703812542,-0.6230434373098569,-0.74247635463049355,0.19151248982014757,-0.22118696343923661,-0.66382086260679052,0.73505918593484343,-0.056925860237808622,0.43174323982156088,0.07343541288596335,0.85862077995019104,0.70326863923138827,-0.050393033082788016,-0.26693121612678017,0.76558334000000006,1.0,0.23547820384505366,0.75175485081677818,0.037459909471021839,-0.39112509428050757,-0.41314017546683024,0.71592798459913176,-0.50754253014205819,-0.79110584840942488,0.37574294522211538,0.46992268929491493,-0.86161662753016788
0.71359260204686847,0.38176449357274178,-0.61919797321449566,-0.10575735101357965,0.62187868853251538,0.6530031048891568,0.50591705963501865,-0.1139782289544093,0.76008763226367704,0.34982462778992884,-0.17154898105791849,-0.682431550486433,0.25809163580976113,0.5701302330224155,0.35035604144854182,0.77445379219033184,0.47837717927198192,-0.014737998616948024,0.48704492670683169,0.63043557103904402,0.71891561992233621,-0.2820271999211631,0.3377325715453196,0.58778245882641855,0.49954966518383248,0.18439826822897121,0.6853243,0.23547820384505366,1.0,0.72434842323575044,-0.19432412506318417,0.74976796566898873,0.56105168008123618,0.69791375846174719,-0.15983733091148075,0.30246585861272374,0.78167974034872822,0.68718761950424778,-0.47658870713624124
0.3333718354550339,0.60494819505357089,-0.20013598566386856,0.22166777089672421,0.3779691744449965,0.91300476567129352,0.54445917958226442,-0.64611246498624653,0.61789874830872105,0.46874654945857042,-0.14400217191706541,-0.88346253321956547,0.60786139420635155,-0.091204931660410549,-0.37805389423974095,0.58086575425807896,0.099244748952086667,-0.52398116339092848,0.8936409336252148,0.45475642488612228,0.79308570548220358,0.027294546497668735,0.88009297821585641,0.79891073646918465,0.31978081858298613,-0.22277209626721414,0.99729460000000003,0.75175485081677818,0.72434842323575044,1.0,-0.22076104916797398,0.19130268661526556,-0.00067840208566786325,0.96497750330814247,-0.23662994250157252,-0.29751452406405177,0.76305077100045959,0.79088294008006887,-0.93411074705823272
-0.063806507230628612,-0.4577586900424831,0.20197414482061724,0.16024534319441405,-0.30635749710675386,0.061537567497634324,0.25605200066893863,0.42793201660974894,-0.33170247064052255,-0.45558605221907278,-0.30517199742798978,0.45021541226777123,0.080825982209604533,-0.1668989540598958,-0.01870033493960839,-0.027360344730029351,0.31016739813778016,0.15126042037874698,-0.32705727019490344,-0.46265798208286085,-0.16092070668516431,-0.59954365027204137,-0.079015481601802398,-0.035848501913949837,-0.20981349476273786,0.55610165679584522,-0.23653628000000004,0.037459909471021839,-0.19432412506318417,-0.22076104916797398,1.0,-0.22097643897098454,0.065686561709596303,-0.200443135632738,-0.57474148065815045,-0.22811756642821032,0.12375850622045072,-0.15046526913482469,0.18279237279360216
0.87397115844834894,0.097741582774902067,-0.74149604651706313,-0.4240462830020898,0.78583059448022374,0.093315505562162365,0.29552752367045321,0.27753534335263375,0.44949363472557469,0.4096577190244261,-0.26411902185800595,-0.36166100149626118,-0.0024993524322105432,0.87402137719827289,0.74485307027703185,0.7348971630766008,0.49509401510975609,0.55468567695916315,-0.10319979835634532,0.75275614608111641,0.35427643229876304,-0.43383247572058947,-0.20456969098411149,0.19346901816582657,0.23013485737062936,0.39844628525672338,0.15688148000000002,-0.39112509428050757,0.74976796566898873,0.19130268661526556,-0.22097643897098454,1.0,0.89708744201559365,0.25764165587898469,0.28157633593422793,0.79785173847352853,0.41119286239252323,0.45565048118288126,0.14795249084563736
0.929513659445101,-0.096957429111462295,-0.67974261554771509,-0.31354807168725285,0.7441678440464784,0.060011039011763814,0.28947428422942284,0.54730136553379405,0.070729087854056849,0.39600098690217472,-0.56838018572926174,-0.11942483059639565,0.16336860539308082,0.72473985118903861,0.68890203131252925,0.78013334793331779,0.40157032743576526,0.70443520947056837,-0.3940582009631054,0.64834829361250335,0.16715533347931194,-0.66253195520553465,-0.28450697287480309,0.24517193517438268,-0.082166185655190349,0.55458742993233878,-0.029355380000000042,-0.41314017546683024,0.56105168008123618,-0.00067840208566786325,0.065686561709596303,0.89708744201559365,1.0,0.14547894571264156,0.20056566018458966,0.70789482087556677,0.24501713248568702,0.45671155050110146,0.35094704845540614
0.48793010382527036,0.57137197329577272,-0.23938154744507997,0.21258241046633114,0.52099778271023434,0.91425912924531683,0.57940619357033618,-0.56721827239264777,0.45509721766586225,0.63420224711813311,-0.35743699666377515,-0.88700026384849506,0.76317206778096813,-0.10772875819455931,-0.39340344562174118,0.72199372976690479,0.027589156105824228,-0.3856467135503413,0.77112619156185713,0.58117765131216415,0.75810521206096937,-0.089445399740516907,0.87760192696953976,0.88523192616846302,0.11800396588060545,-0.17533638004329385,0.97058237999999997,0.71592798459913176,0.69791375846174719,0.96497750330814247,-0.200443135632738,0.25764165587898469,0.14547894571264156,1.0,-0.13116904675194641,-0.25156139712079578,0.70420388377243281,0.90971985687398693,-0.85033902971446729
0.20111015512453398,0.23066424160012772,-0.10715123983999383,-0.42852133306837992,0.54388701643352177,-0.40203429242670879,-0.17100878220959509,-0.075393247811523817,-0.072741744973603001,0.56589397579579848,0.15571288683774356,-0.14507998394618579,-0.17757291371988856,0.30192610461273672,0.1765696044872597,0.019927933049980973,-0.2099064396776556,0.45828971481559239,-0.21292707315310039,0.57623690973015096,0.013946189943053125,0.35057666503881141,-0.2549180780042099,-0.32537914437392745,-0.14038352969801782,-0.32020530910663336,-0.19811568000000002,-0.50754253014205819,-0.15983733091148075,-0.23662994250157252,-0.57474148065815045,0.28157633593422793,0.20056566018458966,-0.13116904675194641,1.0,0.59919905279357455,-0.21770507352152593,0.02715539124755393,0.32979055455285061
0.54087039002941906,-0.0092801649464237211,-0.52227821353535009,-0.62402434546506791,0.59298802555472951,-0.39889823868144431,0.043315011673240519,0.40091598324187971,0.26434697493812015,0.21670178879406038,0.093927896097601604,0.0012148592163452045,-0.46259138024111141,0.91353699751518458,0.86448382090198428,0.27023401917913803,0.4747369521631517,0.74462228025407595,-0.41998482759508532,0.53254866045214777,0.10324932891238617,-0.19219845846657971,-0.60464119481571321,-0.38216359155462154,0.22655932358823733,0.31900157542124308,-0.31716635999999998,-0.79110584840942488,0.30246585861272374,-0.29751452406405177,-0.22811756642821032,0.79785173847352853,0.70789482087556677,-0.25156139712079578,0.59919905279357455,1.0,0.10401305790979322,-0.026331982687026904,0.54271273931977537
0.42862978654519007,0.49794412518052544,-0.28640289228609495,-0.048383416724272134,0.4533576849377261,0.74783033694862533,0.71433971734706436,-0.31416018106491073,0.75369769585113511,0.24780480465930066,0.0033738435821165794,-0.68450879094053663,0.2456839840610307,0.32099253217447771,0.052028362937335974,0.55929242144539049,0.59319795927506436,-0.16691495411406965,0.63836323828406361,0.42011068283847203,0.87753581987427032,-0.23248189235055666,0.53660086951235075,0.45894334100117534,0.54032537238046019,0.13691137600881501,0.74379810000000002,0.37574294522211538,0.78167974034872822,0.76305077100045959,0.12375850622045072,0.41119286239252323,0.24501713248568702,0.70420388377243281,-0.21770507352152593,0.10401305790979322,1.0,0.59584402477925102,-0.64337236205250314
0.74522824853083347,0.51856630409559701,-0.47062804577312217,0.20000081068376974,0.71637796915580354,0.8001368312810091,0.50722903521549734,-0.25931699329989322,0.24362983940721286,0.79728265015285105,-0.59740580406684496,-0.76652022389415342,0.82109704760681645,0.040281221547827234,-0.20649892000291914,0.89745790823190896,0.011287838952047425,-0.11163040102431994,0.47533833833263373,0.73047968530238616,0.64607419940369148,-0.26464848229677301,0.7021825506594751,0.89714237623764848,-0.027111999550401625,-0.041230315678931935,0.79439287999999997,0.46992268929491493,0.68718761950424778,0.79088294008006887,-0.15046526913482469,0.45565048118288126,0.45671155050110146,0.90971985687398693,0.02715539124755393,-0.026331982687026904,0.59584402477925102,1.0,-0.57645256951190638
0.018444931105593025,-0.59104751928867838,-0.06302606642413619,-0.32214115303466734,-0.069916823893066707,-0.84675544899068678,-0.444341756775196,0.78997334710124545,-0.54466442502762002,-0.28143938924035772,-0.046957971684694351,0.7721211949998974,-0.52163678101679356,0.35306159985169999,0.60028758191582343,-0.27209046658844283,0.010263407844179286,0.7362944351894638,-0.96627691125716686,-0.16724090604308231,-0.69010561011053229,-0.2119233162481978,-0.92816218406808049,-0.66466160484217718,-0.31621612543646538,0.3538825788385751,-0.94127682000000001,-0.86161662753016788,-0.47658870713624124,-0.93411074705823272,0.18279237279360216,0.14795249084563736,0.35094704845540614,-0.85033902971446729,0.32979055455285061,0.54271273931977537,-0.64337236205250314,-0.57645256951190638,1.0
