1.000000000000000000e+00,-9.147874200000000178e-01,8.057090352495939189e-01,2.897611755113557730e-01,8.614688730163595487e-01,-1.576205633899858960e-01,-6.966777721676347124e-01,-3.343459702885903106e-01,-8.915735438946346125e-01,-3.593879960697161091e-01,3.982303904101088671e-02,-8.028299131211474871e-01,-7.193510365678907892e-01,-7.598797487480926094e-01,-4.212364671115417236e-01,-4.567857429767206989e-01,-3.852352811344318395e-01,6.731703797665886668e-01,5.428230752529921155e-01,-1.879249567235037888e-01,8.472523798124182992e-01,6.343417534598293495e-01,9.843822087660406006e-02,6.297751743626469612e-01,7.889062544157284806e-01,-1.363790461149352040e-01,-7.050414640544427902e-01,8.676602380915342527e-01,3.650857743215252249e-01,5.907142152215378861e-01,-1.483958618514413796e-02,3.632736829742659324e-01,5.260082908099626975e-01,8.632820921930295377e-01,-5.537394947108741083e-02,-3.258281790611534112e-01,-9.369206750351106727e-01,-9.270446897958620758e-01,-8.165819434859080683e-01
-9.147874200000000178e-01,1.000000000000000000e+00,-7.468952200000000818e-01,-5.164533999999998404e-02,-7.953072599999999603e-01,9.024841999999999587e-02,6.373325999999999159e-01,4.941698400000000824e-01,9.182905199999999990e-01,3.826616800000000040e-01,-2.646514800000000500e-01,8.793100599999998934e-01,8.257170799999999922e-01,9.292834800000000506e-01,3.232994000000000145e-01,2.920463600000000604e-01,3.562774399999999453e-01,-7.800508400000000231e-01,-7.425121199999999977e-01,-3.612314000000005354e-02,-7.976881999999999584e-01,-6.124421399999999682e-01,-3.349512999999999519e-01,-8.508261200000000191e-01,-8.508525999999999589e-01,1.125684199999998913e-01,7.995827200000000801e-01,-9.134995399999999988e-01,-5.310128800000000204e-01,-5.846793399999999918e-01,-2.058576000000000850e-02,-3.259441199999999483e-01,-3.169417199999999823e-01,-7.599835200000000235e-01,2.687487600000000310e-01,4.390542399999999290e-01,9.161005399999999632e-01,9.331299600000000360e-01,7.799231799999999382e-01
8.057090352495939189e-01,-7.468952200000000818e-01,1.000000000000000000e+00,6.385698300032737196e-01,5.173172466306880102e-01,-2.866240247036438427e-01,-7.349245120634504413e-01,-5.871613831832960262e-01,-8.954212662957196089e-01,-3.772360949056412505e-01,-1.296120616396088665e-01,-5.703129870351492103e-01,-7.096855638648201792e-01,-7.225584120857834192e-01,-6.817624942329471027e-01,-7.543525390396529917e-02,-4.754749166099830893e-01,5.014451291901276253e-01,5.341922572449619988e-01,1.090606851602916594e-01,5.297389576381505982e-01,8.915071466489442598e-01,2.584031337460533928e-01,3.915133471724008829e-01,7.273932162445648775e-01,-2.383891003629647898e-01,-5.563176981807909094e-01,6.265509835129504657e-01,6.297938935065110488e-01,2.015694897764726823e-01,-1.384329570194473558e-01,3.728574952482926474e-01,7.170077117270353684e-01,6.953822791875701181e-01,-3.685693913775758834e-01,-1.744874496048210433e-01,-7.051982061787628320e-01,-8.495466370263198286e-01,-4.863490660744704264e-01
2.897611755113557730e-01,-5.164533999999998404e-02,6.385698300032737196e-01,1.000000000000000000e+00,5.393983291035380628e-02,-2.671411569844481249e-01,-4.810413867606069260e-01,-1.819972015944117116e-01,-3.588619741415070563e-01,4.258270999165430365e-02,-3.597566421619505239e-01,8.871376983729020727e-02,-1.127621947900260407e-01,7.673366904858980320e-03,-6.593794454676801253e-01,-7.402080430419989698e-02,-3.705418887743630041e-01,-1.515971780907801325e-01,-1.103400166823708811e-01,-8.205380245857547827e-02,6.172371513445411989e-02,6.763337998686493879e-01,-2.385794348089830819e-01,-3.574243838830994391e-01,1.525854004023590726e-01,-2.526300587864367397e-01,-1.009916825550899282e-02,1.162655643640311647e-02,1.692576834615436288e-01,-3.378051519353589827e-01,-2.125473987084766092e-01,2.310239524718093185e-01,8.664839250478505450e-01,2.813653821354757945e-01,-3.237941722140072476e-02,2.222668018181325755e-01,-1.252123887135972724e-01,-2.755235619286136584e-01,1.566114529247470133e-01
8.614688730163595487e-01,-7.953072599999999603e-01,5.173172466306880102e-01,5.393983291035380628e-02,1.000000000000000000e+00,-5.727696238915404997e-02,-4.322437000339090507e-01,-5.922165020469271485e-02,-6.833220544862895762e-01,-1.332784232088772003e-01,8.375965361003390175e-02,-7.374276940589193918e-01,-5.133961646428267800e-01,-5.895363172488297110e-01,-8.770142989493662222e-02,-5.303707465121014764e-01,-2.428740557475933537e-01,6.071687071043883055e-01,4.018973932029734630e-01,-2.391312494235184327e-01,8.770563357135567895e-01,3.005815328767488248e-01,-8.957094129854535625e-02,6.363079926047420232e-01,6.467106966843778615e-01,-8.843549493778148085e-02,-5.308649640066037678e-01,7.913772869564674739e-01,1.129118450001953960e-01,5.545341476826871618e-01,2.190703663017878888e-02,3.610614396356809364e-01,2.363441792816789733e-01,7.312436086599837237e-01,1.419936861610418544e-01,-4.399413542253376996e-01,-8.268586593335319757e-01,-7.761128619299393350e-01,-7.502228762703998521e-01
-1.576205633899858960e-01,9.024841999999999587e-02,-2.866240247036438427e-01,-2.671411569844481249e-01,-5.727696238915404997e-02,1.000000000000000000e+00,-3.164110741775264524e-01,6.363537825195156872e-01,2.980823480818848847e-01,-6.959350912411531309e-02,4.034701877653688040e-01,-3.542693304660474718e-01,2.757538847044505581e-01,-1.538324467625099001e-03,6.481779637440538977e-01,6.383961742213264956e-02,8.973298905885235266e-01,-5.580101705686655311e-01,4.051283077010648381e-01,-5.780404948620427863e-01,-3.787617281461328478e-01,-4.139430703654753407e-01,-2.309701903797435618e-01,-1.509009347740332685e-01,-5.808537926356300840e-01,9.428020596885660076e-01,-3.546675767960884018e-01,2.566670621981383960e-01,-4.954814564402016397e-01,3.829696280164316957e-01,9.567978345902243831e-01,-8.658088636504633895e-01,-3.050570954539599255e-01,-5.931312707360059111e-01,-2.921047072550084223e-01,5.216784976973855015e-01,2.778270714177160094e-01,9.786059605024897967e-02,2.817775173781609244e-01
-6.966777721676347124e-01,6.373325999999999159e-01,-7.349245120634504413e-01,-4.810413867606069260e-01,-4.322437000339090507e-01,-3.164110741775264524e-01,1.000000000000000000e+00,1.223376728309602535e-01,6.799871755979282062e-01,2.760107708623400491e-01,-2.187243795728800455e-01,7.150135904877608084e-01,4.658729454202319431e-01,6.032477267955516087e-01,3.970319614861880231e-01,2.829048983742969980e-01,-1.392095255898756490e-02,-8.773152408757650678e-02,-6.498415217468430649e-01,4.152511720255829264e-01,-3.092839899473830978e-01,-6.711102684538323704e-01,1.265802310323760338e-02,-2.621735375748074359e-01,-3.168001192315453851e-01,-3.244832007906456872e-01,7.962147609846736973e-01,-7.548383735078871837e-01,-1.569642301088589043e-01,-5.181408922759696001e-01,-4.546135351956506754e-01,2.084564409458186385e-01,-6.680622725257876482e-01,-3.674252187876029252e-01,3.358314227763728455e-01,-1.766599704858572428e-01,5.726401593173325866e-01,6.724613810132165082e-01,2.994526189273453154e-01
-3.343459702885903106e-01,4.941698400000000824e-01,-5.871613831832960262e-01,-1.819972015944117116e-01,-5.922165020469271485e-02,6.363537825195156872e-01,1.223376728309602535e-01,1.000000000000000000e+00,6.009252654605546917e-01,3.419315330580611767e-01,9.152418774765935794e-02,1.379813540394436711e-01,7.408020602556415479e-01,5.845144056599625992e-01,6.710768930958129763e-01,-1.769008391953701131e-01,7.192032144172000319e-01,-7.162155438132179475e-01,-3.031106983579055503e-01,-6.974402780609866292e-01,-3.147081720904561508e-01,-6.982450599745733122e-01,-7.160820874940596603e-01,-5.208014318320044467e-01,-7.603315254645206522e-01,6.161194383504502436e-01,2.373635949051780825e-01,-1.921786840987198264e-01,-8.932579414827491737e-01,1.052362204608340568e-01,5.851924496886989902e-01,-5.851940156332344767e-01,-2.947436109214867095e-01,-5.082048846846267676e-01,3.973373925311321497e-01,4.234416956453259107e-01,4.113704345366529513e-01,4.341136438751455606e-01,3.609858233629683610e-01
-8.915735438946346125e-01,9.182905199999999990e-01,-8.954212662957196089e-01,-3.588619741415070563e-01,-6.833220544862895762e-01,2.980823480818848847e-01,6.799871755979282062e-01,6.009252654605546917e-01,1.000000000000000000e+00,2.143419399532525416e-01,-1.786559784303761167e-01,7.016730108286373113e-01,7.808543291240954698e-01,8.457467681041821450e-01,5.949005072963439167e-01,2.507470696888922657e-01,5.580798268224930192e-01,-7.071306845625390247e-01,-6.081355114584470201e-01,-1.524528514366341181e-01,-7.414670435651334879e-01,-8.401758674751852451e-01,-3.066293209164009381e-01,-6.874567548924696014e-01,-8.787401377130361624e-01,3.018571418969837050e-01,6.825077659864877688e-01,-7.597097338365286223e-01,-6.227743046303905183e-01,-3.608941801591243337e-01,1.639620801379654269e-01,-4.547942523635856160e-01,-5.656072868766087725e-01,-8.226569382803101682e-01,2.510815741246343324e-01,3.888112219021652161e-01,8.946200354146885969e-01,9.103916050144902350e-01,6.550315726422999418e-01
-3.593879960697161091e-01,3.826616800000000040e-01,-3.772360949056412505e-01,4.258270999165430365e-02,-1.332784232088772003e-01,-6.959350912411531309e-02,2.760107708623400491e-01,3.419315330580611767e-01,2.143419399532525416e-01,1.000000000000000000e+00,3.167441205999423914e-01,4.347851405507352496e-01,5.618014118761928133e-01,4.860615385411773404e-01,9.534871508254057215e-02,-2.568193437543750401e-01,-7.536038340358834631e-02,-3.552532705728829177e-01,-4.668952215930545213e-01,-1.751061891845660801e-02,-1.231044468888148335e-01,-1.251232240420765418e-01,-3.829272107961215199e-01,-2.705407925919512402e-01,-3.002633718656564921e-01,-1.519442465584465440e-01,3.513951627306449166e-01,-4.045747151941760933e-01,-4.177054040084446918e-01,-3.337469652804291864e-01,-1.246591184314858047e-01,6.117210184652481508e-02,-2.910106593677223158e-02,-2.014185260077441808e-01,4.076394023688800217e-01,-2.644777498258213400e-02,2.512126095186215102e-01,4.425482306906535768e-01,4.264244287460232652e-01
3.982303904101088671e-02,-2.646514800000000500e-01,-1.296120616396088665e-01,-3.597566421619505239e-01,8.375965361003390175e-02,4.034701877653688040e-01,-2.187243795728800455e-01,9.152418774765935794e-02,-1.786559784303761167e-01,3.167441205999423914e-01,1.000000000000000000e+00,-3.101282166629951154e-01,-2.220317528417564343e-02,-2.636055848576313032e-01,2.212175735576406288e-01,-1.390279488686688436e-01,1.163058088432730314e-01,8.523011513473292139e-03,3.596692252832914272e-01,-2.351949932522309425e-02,9.977703610709695581e-02,1.482215432577216677e-02,-3.061261905239262560e-02,4.141414470467293940e-01,5.237185821795387053e-02,2.066611011803867470e-01,-3.695672513824894700e-01,2.871309225366068807e-01,-8.062419097156264813e-02,2.089675146786619808e-01,3.225883129409384820e-01,-2.447453391068557527e-01,-1.493395741110817021e-01,-6.127889476373621358e-02,-3.479248821170385919e-02,-3.644950712059417952e-02,-2.134767147185360758e-01,-9.164007947515795394e-02,7.202380234216583521e-02
-8.028299131211474871e-01,8.793100599999998934e-01,-5.703129870351492103e-01,8.871376983729020727e-02,-7.374276940589193918e-01,-3.542693304660474718e-01,7.150135904877608084e-01,1.379813540394436711e-01,7.016730108286373113e-01,4.347851405507352496e-01,-3.101282166629951154e-01,1.000000000000000000e+00,6.364776159720656468e-01,8.616097384117533675e-01,-1.984320869292009737e-02,2.221473626828428805e-01,-1.231405529727695319e-01,-4.794746906271697418e-01,-8.777946034442737355e-01,2.653818353115992013e-01,-5.634861884913003882e-01,-3.346387409360278009e-01,-2.444613723952652473e-01,-6.808746673619237022e-01,-5.088406863456331752e-01,-3.662067634224384083e-01,8.954699483664668724e-01,-9.647349797091645529e-01,-2.660637434861389816e-01,-7.842398896248629070e-01,-4.759948181933926770e-01,8.976548623986270459e-02,-1.124441950201548329e-01,-4.498404182216198532e-01,4.043437916784268782e-01,1.482366640910506017e-01,7.215531849367659012e-01,8.364686098974870587e-01,6.736458961999887141e-01
-7.193510365678907892e-01,8.257170799999999922e-01,-7.096855638648201792e-01,-1.127621947900260407e-01,-5.133961646428267800e-01,2.757538847044505581e-01,4.658729454202319431e-01,7.408020602556415479e-01,7.808543291240954698e-01,5.618014118761928133e-01,-2.220317528417564343e-02,6.364776159720656468e-01,1.000000000000000000e+00,8.801386610329976490e-01,5.260777395290756608e-01,-2.761529710607715793e-02,4.700669781386025425e-01,-7.731858309188880396e-01,-6.606872747786312061e-01,-3.190358647176742557e-01,-5.416021179130015017e-01,-6.503919381670548727e-01,-6.553177337910706113e-01,-7.135495783267634673e-01,-8.331339737322852601e-01,2.504418986601520958e-01,6.549632957222976115e-01,-6.388393675473194033e-01,-8.060673879684595589e-01,-3.436448033666909541e-01,1.909248428734103831e-01,-4.403251581418942684e-01,-2.939978437132127476e-01,-6.679824693230027588e-01,4.384239990041311485e-01,2.214066748259344575e-01,7.285507606156769178e-01,8.149120851836049173e-01,6.825958432842793577e-01
-7.598797487480926094e-01,9.292834800000000506e-01,-7.225584120857834192e-01,7.673366904858980320e-03,-5.895363172488297110e-01,-1.538324467625099001e-03,6.032477267955516087e-01,5.845144056599625992e-01,8.457467681041821450e-01,4.860615385411773404e-01,-2.636055848576313032e-01,8.616097384117533675e-01,8.801386610329976490e-01,1.000000000000000000e+00,2.866657298417827349e-01,-4.056451951520422677e-02,2.244435960440489264e-01,-7.007747168107532065e-01,-8.967494529392886493e-01,-2.153629574822860382e-01,-5.402323433797280305e-01,-5.820123565911524688e-01,-5.932088515410668395e-01,-7.920842087139664534e-01,-7.578162676363857653e-01,-1.503455620747675206e-02,8.160547723625035665e-01,-8.275559386141925211e-01,-7.060907639282604231e-01,-5.112857398709449441e-01,-1.131426068472972113e-01,-1.981150006144254960e-01,-1.657093360856414233e-01,-5.604841611390481981e-01,5.814492832233559838e-01,2.694847923647051280e-01,7.511634675729065291e-01,8.926991392370883238e-01,6.603049556277471588e-01
-4.212364671115417236e-01,3.232994000000000145e-01,-6.817624942329471027e-01,-6.593794454676801253e-01,-8.770142989493662222e-02,6.481779637440538977e-01,3.970319614861880231e-01,6.710768930958129763e-01,5.949005072963439167e-01,9.534871508254057215e-02,2.212175735576406288e-01,-1.984320869292009737e-02,5.260777395290756608e-01,2.866657298417827349e-01,1.000000000000000000e+00,1.144114181110248707e-01,7.823320230847055079e-01,-3.679086725912366074e-01,-3.399847378494663674e-03,-3.124743424738601894e-01,-2.826461894636714267e-01,-8.568531403909043220e-01,-2.449031158562933463e-01,-1.135907310002173959e-01,-5.802838056397111588e-01,5.953811329875228209e-01,1.425767380528437378e-01,-9.782158321335741868e-02,-5.717198827028978636e-01,1.322915550054351574e-01,5.433529878860697826e-01,-4.841711056413803838e-01,-7.880554452681214350e-01,-6.258017821243315737e-01,1.652994374876504136e-02,9.905641008567235561e-02,4.682700518014423219e-01,3.776946838374334314e-01,2.511851690772557988e-01
-4.567857429767206989e-01,2.920463600000000604e-01,-7.543525390396529917e-02,-7.402080430419989698e-02,-5.303707465121014764e-01,6.383961742213264956e-02,2.829048983742969980e-01,-1.769008391953701131e-01,2.507470696888922657e-01,-2.568193437543750401e-01,-1.390279488686688436e-01,2.221473626828428805e-01,-2.761529710607715793e-02,-4.056451951520422677e-02,1.144114181110248707e-01,1.000000000000000000e+00,2.424012685202449335e-01,-2.186287554778778008e-01,1.922091893146810615e-01,5.902582554070955334e-01,-6.323179835065600995e-01,-1.554562040333455075e-01,4.999050635536291254e-01,-2.422071851143252630e-01,-2.275196298451190036e-01,1.344819008537974647e-01,2.584646891645588918e-01,-4.003537940747655122e-01,4.523015900457220129e-01,-4.602710966489345079e-01,2.833998219371258731e-02,-1.507276956716915861e-01,-4.041602019845365046e-01,-4.723473405422876636e-01,-6.342036913328339409e-01,3.516809847844563075e-01,4.645167922259442195e-01,1.277329613040303069e-01,3.895358600814730066e-01
-3.852352811344318395e-01,3.562774399999999453e-01,-4.754749166099830893e-01,-3.705418887743630041e-01,-2.428740557475933537e-01,8.973298905885235266e-01,-1.392095255898756490e-02,7.192032144172000319e-01,5.580798268224930192e-01,-7.536038340358834631e-02,1.163058088432730314e-01,-1.231405529727695319e-01,4.700669781386025425e-01,2.244435960440489264e-01,7.823320230847055079e-01,2.424012685202449335e-01,1.000000000000000000e+00,-6.573084117032855778e-01,2.027692376605237934e-01,-5.150824237350627444e-01,-5.699734406474452619e-01,-6.544737363185362256e-01,-1.791688520107598825e-01,-3.629544484460225928e-01,-7.646074173385514205e-01,9.392573679691226252e-01,-7.034953940832787411e-02,-2.523902268029416460e-02,-5.529542743888632428e-01,2.774020413516520844e-01,8.794656308181013626e-01,-8.450117433197509298e-01,-5.239945375306389597e-01,-7.528000421853155988e-01,-2.736727933586765582e-01,5.617056808383760202e-01,5.243957075105399879e-01,3.277396331463847123e-01,3.422672271725509252e-01
6.731703797665886668e-01,-7.800508400000000231e-01,5.014451291901276253e-01,-1.515971780907801325e-01,6.071687071043883055e-01,-5.580101705686655311e-01,-8.773152408757650678e-02,-7.162155438132179475e-01,-7.071306845625390247e-01,-3.552532705728829177e-01,8.523011513473292139e-03,-4.794746906271697418e-01,-7.731858309188880396e-01,-7.007747168107532065e-01,-3.679086725912366074e-01,-2.186287554778778008e-01,-6.573084117032855778e-01,1.000000000000000000e+00,3.525909041279950418e-01,4.113080916503025208e-01,8.005436090891917544e-01,4.404146691731413155e-01,4.937013160107744936e-01,8.416174007031581583e-01,9.330997592600813739e-01,-5.574422782401567966e-01,-3.851020615522059432e-01,5.410007842050218452e-01,6.524559575873157824e-01,3.193485141646693060e-01,-4.931374255439978094e-01,6.703822324843888847e-01,9.076333229832368732e-02,8.087304301369934167e-01,-4.543649366226384934e-02,-7.202576088209977634e-01,-7.690237125364903781e-01,-6.643144711521867807e-01,-8.203069365197365181e-01
5.428230752529921155e-01,-7.425121199999999977e-01,5.341922572449619988e-01,-1.103400166823708811e-01,4.018973932029734630e-01,4.051283077010648381e-01,-6.498415217468430649e-01,-3.031106983579055503e-01,-6.081355114584470201e-01,-4.668952215930545213e-01,3.596692252832914272e-01,-8.777946034442737355e-01,-6.606872747786312061e-01,-8.967494529392886493e-01,-3.399847378494663674e-03,1.922091893146810615e-01,2.027692376605237934e-01,3.525909041279950418e-01,1.000000000000000000e+00,2.903997697668402392e-02,2.134769593252352216e-01,3.580017030242275133e-01,5.365022332820185147e-01,5.911600976241784267e-01,3.935461419083625678e-01,4.311760780069084364e-01,-8.508345584097831704e-01,7.798349807008522205e-01,4.940522093831753447e-01,5.719446519778907945e-01,5.087889353086096911e-01,-2.108033154080382610e-01,-1.513520014944603163e-02,1.812781707305178569e-01,-7.600882390270174982e-01,2.431724557451193577e-02,-4.798352846698146768e-01,-7.206152042992135520e-01,-4.190845036711717264e-01
-1.879249567235037888e-01,-3.612314000000005354e-02,1.090606851602916594e-01,-8.205380245857547827e-02,-2.391312494235184327e-01,-5.780404948620427863e-01,4.152511720255829264e-01,-6.974402780609866292e-01,-1.524528514366341181e-01,-1.751061891845660801e-02,-2.351949932522309425e-02,2.653818353115992013e-01,-3.190358647176742557e-01,-2.153629574822860382e-01,-3.124743424738601894e-01,5.902582554070955334e-01,-5.150824237350627444e-01,4.113080916503025208e-01,2.903997697668402392e-02,1.000000000000000000e+00,-6.558636184974492300e-02,2.111710802528036501e-01,6.261166891874260232e-01,2.339912554334286354e-01,3.872156440377814146e-01,-5.964060411501124204e-01,2.524837752003110114e-01,-2.959132498489265295e-01,7.519101594286997647e-01,-5.166266880451239052e-01,-6.333846674258845066e-01,4.628858040169347987e-01,-2.014650823244243938e-01,1.038884747917750567e-01,-3.043024928667338314e-01,-3.213716482089035154e-01,2.095115664904845937e-02,-3.866208276680622308e-02,3.459530367616979463e-02
8.472523798124182992e-01,-7.976881999999999584e-01,5.297389576381505982e-01,6.172371513445411989e-02,8.770563357135567895e-01,-3.787617281461328478e-01,-3.092839899473830978e-01,-3.147081720904561508e-01,-7.414670435651334879e-01,-1.231044468888148335e-01,9.977703610709695581e-02,-5.634861884913003882e-01,-5.416021179130015017e-01,-5.402323433797280305e-01,-2.826461894636714267e-01,-6.323179835065600995e-01,-5.699734406474452619e-01,8.005436090891917544e-01,2.134769593252352216e-01,-6.558636184974492300e-02,1.000000000000000000e+00,4.333870273177545251e-01,-6.008743951939318761e-02,7.347271248325761839e-01,8.297120182505155483e-01,-4.430851468065044596e-01,-4.163807063916866724e-01,6.844099353758790194e-01,2.204898562615463797e-01,4.184064472285144998e-01,-3.188953672243851623e-01,6.029663182567601698e-01,3.496358903682502683e-01,8.941213905857383626e-01,3.127906158911711865e-01,-6.858155625571751290e-01,-8.886893367836384838e-01,-7.103086667136361276e-01,-7.835740063665945776e-01
6.343417534598293495e-01,-6.124421399999999682e-01,8.915071466489442598e-01,6.763337998686493879e-01,3.005815328767488248e-01,-4.139430703654753407e-01,-6.711102684538323704e-01,-6.982450599745733122e-01,-8.401758674751852451e-01,-1.251232240420765418e-01,1.482215432577216677e-02,-3.346387409360278009e-01,-6.503919381670548727e-01,-5.820123565911524688e-01,-8.568531403909043220e-01,-1.554562040333455075e-01,-6.544737363185362256e-01,4.404146691731413155e-01,3.580017030242275133e-01,2.111710802528036501e-01,4.333870273177545251e-01,1.000000000000000000e+00,2.721970180257106686e-01,3.520661053649306038e-01,6.964747632839849434e-01,-4.128283746016117584e-01,-4.707095700719387543e-01,4.349061663813200695e-01,6.209268524135924672e-01,3.359404861670023390e-02,-3.010101893770495418e-01,4.334254441308039163e-01,8.234497569635573777e-01,6.447698963113306370e-01,-2.665868109048911139e-01,-1.670364182525062580e-01,-6.162160253306872004e-01,-6.415964340544307865e-01,-3.079251478597899161e-01
9.843822087660406006e-02,-3.349512999999999519e-01,2.584031337460533928e-01,-2.385794348089830819e-01,-8.957094129854535625e-02,-2.309701903797435618e-01,1.265802310323760338e-02,-7.160820874940596603e-01,-3.066293209164009381e-01,-3.829272107961215199e-01,-3.061261905239262560e-02,-2.444613723952652473e-01,-6.553177337910706113e-01,-5.932088515410668395e-01,-2.449031158562933463e-01,4.999050635536291254e-01,-1.791688520107598825e-01,4.937013160107744936e-01,5.365022332820185147e-01,6.261166891874260232e-01,-6.008743951939318761e-02,2.721970180257106686e-01,1.000000000000000000e+00,4.100815847452903284e-01,4.049642043489686261e-01,-9.723739550904075823e-02,-3.316223767539862033e-01,1.273904105082430682e-01,8.131119118023544257e-01,1.399150313161244830e-01,-1.448295443552767292e-01,2.056719122586533055e-01,-2.416830786110253371e-01,1.169830917787164637e-01,-7.182292722864794809e-01,-3.517722420388076643e-02,-1.477541230114486071e-01,-2.875790042869223462e-01,-3.440996840256348999e-01
6.297751743626469612e-01,-8.508261200000000191e-01,3.915133471724008829e-01,-3.574243838830994391e-01,6.363079926047420232e-01,-1.509009347740332685e-01,-2.621735375748074359e-01,-5.208014318320044467e-01,-6.874567548924696014e-01,-2.705407925919512402e-01,4.141414470467293940e-01,-6.808746673619237022e-01,-7.135495783267634673e-01,-7.920842087139664534e-01,-1.135907310002173959e-01,-2.422071851143252630e-01,-3.629544484460225928e-01,8.416174007031581583e-01,5.911600976241784267e-01,2.339912554334286354e-01,7.347271248325761839e-01,3.520661053649306038e-01,4.100815847452903284e-01,1.000000000000000000e+00,7.934952755499885546e-01,-2.311415855019307575e-01,-6.035681825027839897e-01,7.070769754610147784e-01,4.747239369823884614e-01,4.796762950504254164e-01,-1.155529794057742476e-01,3.880311984620390953e-01,-2.449533775623567722e-02,5.981500625031546114e-01,-1.459826187541948261e-01,-6.435520176323858976e-01,-7.620472365222498157e-01,-6.496950200020045196e-01,-6.855200573442629119e-01
7.889062544157284806e-01,-8.508525999999999589e-01,7.273932162445648775e-01,1.525854004023590726e-01,6.467106966843778615e-01,-5.808537926356300840e-01,-3.168001192315453851e-01,-7.603315254645206522e-01,-8.787401377130361624e-01,-3.002633718656564921e-01,5.237185821795387053e-02,-5.088406863456331752e-01,-8.331339737322852601e-01,-7.578162676363857653e-01,-5.802838056397111588e-01,-2.275196298451190036e-01,-7.646074173385514205e-01,9.330997592600813739e-01,3.935461419083625678e-01,3.872156440377814146e-01,8.297120182505155483e-01,6.964747632839849434e-01,4.049642043489686261e-01,7.934952755499885546e-01,1.000000000000000000e+00,-6.043650864421310498e-01,-4.472355480976479281e-01,5.903086002408374222e-01,7.156077717663716919e-01,2.235443085587291712e-01,-5.041136981035014841e-01,7.167647311737190829e-01,3.848244704367246305e-01,9.000562206085571670e-01,-7.422348492134277220e-02,-6.257154118752130678e-01,-8.669418634035209736e-01,-7.956913244336057955e-01,-7.430791134371854678e-01
-1.363790461149352040e-01,1.125684199999998913e-01,-2.383891003629647898e-01,-2.526300587864367397e-01,-8.843549493778148085e-02,9.428020596885660076e-01,-3.244832007906456872e-01,6.161194383504502436e-01,3.018571418969837050e-01,-1.519442465584465440e-01,2.066611011803867470e-01,-3.662067634224384083e-01,2.504418986601520958e-01,-1.503455620747675206e-02,5.953811329875228209e-01,1.344819008537974647e-01,9.392573679691226252e-01,-5.574422782401567966e-01,4.311760780069084364e-01,-5.964060411501124204e-01,-4.430851468065044596e-01,-4.128283746016117584e-01,-9.723739550904075823e-02,-2.311415855019307575e-01,-6.043650864421310498e-01,1.000000000000000000e+00,-3.587324194481279482e-01,2.297511091219320289e-01,-4.384519972041232561e-01,4.787647745499828411e-01,9.805120995004278361e-01,-8.731363920429630054e-01,-3.223288652998382298e-01,-5.794556246179796144e-01,-3.866003429217413356e-01,5.971198497423598761e-01,2.906630461576744651e-01,8.876418593381522892e-02,1.800447594210928259e-01
-7.050414640544427902e-01,7.995827200000000801e-01,-5.563176981807909094e-01,-1.009916825550899282e-02,-5.308649640066037678e-01,-3.546675767960884018e-01,7.962147609846736973e-01,2.373635949051780825e-01,6.825077659864877688e-01,3.513951627306449166e-01,-3.695672513824894700e-01,8.954699483664668724e-01,6.549632957222976115e-01,8.160547723625035665e-01,1.425767380528437378e-01,2.584646891645588918e-01,-7.034953940832787411e-02,-3.851020615522059432e-01,-8.508345584097831704e-01,2.524837752003110114e-01,-4.163807063916866724e-01,-4.707095700719387543e-01,-3.316223767539862033e-01,-6.035681825027839897e-01,-4.472355480976479281e-01,-3.587324194481279482e-01,1.000000000000000000e+00,-8.829914813993026135e-01,-2.932353863607693456e-01,-7.324984471807075570e-01,-4.718511721733288367e-01,1.434138293487600968e-01,-2.526430313948979656e-01,-3.682851153883117679e-01,4.750329495877627095e-01,3.787349139690814222e-03,6.277910258656407283e-01,7.217946953615118622e-01,5.403440912130335061e-01
8.676602380915342527e-01,-9.134995399999999988e-01,6.265509835129504657e-01,1.162655643640311647e-02,7.913772869564674739e-01,2.566670621981383960e-01,-7.548383735078871837e-01,-1.921786840987198264e-01,-7.597097338365286223e-01,-4.045747151941760933e-01,2.871309225366068807e-01,-9.647349797091645529e-01,-6.388393675473194033e-01,-8.275559386141925211e-01,-9.782158321335741868e-02,-4.003537940747655122e-01,-2.523902268029416460e-02,5.410007842050218452e-01,7.798349807008522205e-01,-2.959132498489265295e-01,6.844099353758790194e-01,4.349061663813200695e-01,1.273904105082430682e-01,7.070769754610147784e-01,5.903086002408374222e-01,2.297511091219320289e-01,-8.829914813993026135e-01,1.000000000000000000e+00,2.290229188226459434e-01,7.586502530131771227e-01,3.639568133752821844e-01,-1.878958432081499763e-02,2.717229886242106818e-01,5.608466505533121760e-01,-2.608040688223208226e-01,-2.764798861315619916e-01,-7.917705458782187122e-01,-8.444634706337652563e-01,-6.928910190513718481e-01
3.650857743215252249e-01,-5.310128800000000204e-01,6.297938935065110488e-01,1.692576834615436288e-01,1.129118450001953960e-01,-4.954814564402016397e-01,-1.569642301088589043e-01,-8.932579414827491737e-01,-6.227743046303905183e-01,-4.177054040084446918e-01,-8.062419097156264813e-02,-2.660637434861389816e-01,-8.060673879684595589e-01,-7.060907639282604231e-01,-5.717198827028978636e-01,4.523015900457220129e-01,-5.529542743888632428e-01,6.524559575873157824e-01,4.940522093831753447e-01,7.519101594286997647e-01,2.204898562615463797e-01,6.209268524135924672e-01,8.131119118023544257e-01,4.747239369823884614e-01,7.156077717663716919e-01,-4.384519972041232561e-01,-2.932353863607693456e-01,2.290229188226459434e-01,1.000000000000000000e+00,-9.886789584263078190e-02,-4.289085778021202722e-01,4.989171153411640636e-01,1.572790700524518970e-01,4.550020454173167583e-01,-5.904479403506480706e-01,-2.235803340224820912e-01,-4.110035367180860377e-01,-5.811228990078218803e-01,-3.712625637038821091e-01
5.907142152215378861e-01,-5.846793399999999918e-01,2.015694897764726823e-01,-3.378051519353589827e-01,5.545341476826871618e-01,3.829696280164316957e-01,-5.181408922759696001e-01,1.052362204608340568e-01,-3.608941801591243337e-01,-3.337469652804291864e-01,2.089675146786619808e-01,-7.842398896248629070e-01,-3.436448033666909541e-01,-5.112857398709449441e-01,1.322915550054351574e-01,-4.602710966489345079e-01,2.774020413516520844e-01,3.193485141646693060e-01,5.719446519778907945e-01,-5.166266880451239052e-01,4.184064472285144998e-01,3.359404861670023390e-02,1.399150313161244830e-01,4.796762950504254164e-01,2.235443085587291712e-01,4.787647745499828411e-01,-7.324984471807075570e-01,7.586502530131771227e-01,-9.886789584263078190e-02,1.000000000000000000e+00,5.383412242605515319e-01,-2.814573405248135263e-01,-4.017436920154447699e-02,3.185844399850519815e-01,-1.069912116091782661e-01,-4.259866413045543254e-02,-5.499700512320304657e-01,-4.461999171901261385e-01,-7.162494713716947015e-01
-1.483958618514413796e-02,-2.058576000000000850e-02,-1.384329570194473558e-01,-2.125473987084766092e-01,2.190703663017878888e-02,9.567978345902243831e-01,-4.546135351956506754e-01,5.851924496886989902e-01,1.639620801379654269e-01,-1.246591184314858047e-01,3.225883129409384820e-01,-4.759948181933926770e-01,1.909248428734103831e-01,-1.131426068472972113e-01,5.433529878860697826e-01,2.833998219371258731e-02,8.794656308181013626e-01,-4.931374255439978094e-01,5.087889353086096911e-01,-6.333846674258845066e-01,-3.188953672243851623e-01,-3.010101893770495418e-01,-1.448295443552767292e-01,-1.155529794057742476e-01,-5.041136981035014841e-01,9.805120995004278361e-01,-4.718511721733288367e-01,3.639568133752821844e-01,-4.289085778021202722e-01,5.383412242605515319e-01,1.000000000000000000e+00,-8.520537301364340399e-01,-2.205242403225131653e-01,-4.818646396375979579e-01,-3.681398045710915223e-01,5.140624312919254146e-01,1.568750806094400541e-01,-2.009188691493607459e-02,1.311049869598592821e-01
3.632736829742659324e-01,-3.259441199999999483e-01,3.728574952482926474e-01,2.310239524718093185e-01,3.610614396356809364e-01,-8.658088636504633895e-01,2.084564409458186385e-01,-5.851940156332344767e-01,-4.547942523635856160e-01,6.117210184652481508e-02,-2.447453391068557527e-01,8.976548623986270459e-02,-4.403251581418942684e-01,-1.981150006144254960e-01,-4.841711056413803838e-01,-1.507276956716915861e-01,-8.450117433197509298e-01,6.703822324843888847e-01,-2.108033154080382610e-01,4.628858040169347987e-01,6.029663182567601698e-01,4.334254441308039163e-01,2.056719122586533055e-01,3.880311984620390953e-01,7.167647311737190829e-01,-8.731363920429630054e-01,1.434138293487600968e-01,-1.878958432081499763e-02,4.989171153411640636e-01,-2.814573405248135263e-01,-8.520537301364340399e-01,1.000000000000000000e+00,2.824241118883144552e-01,6.818728649359239169e-01,2.424617488291339329e-01,-5.567738129579242745e-01,-4.484159222572614567e-01,-3.328097799969609860e-01,-3.918580280579626596e-01
5.260082908099626975e-01,-3.169417199999999823e-01,7.170077117270353684e-01,8.664839250478505450e-01,2.363441792816789733e-01,-3.050570954539599255e-01,-6.680622725257876482e-01,-2.947436109214867095e-01,-5.656072868766087725e-01,-2.910106593677223158e-02,-1.493395741110817021e-01,-1.124441950201548329e-01,-2.939978437132127476e-01,-1.657093360856414233e-01,-7.880554452681214350e-01,-4.041602019845365046e-01,-5.239945375306389597e-01,9.076333229832368732e-02,-1.513520014944603163e-02,-2.014650823244243938e-01,3.496358903682502683e-01,8.234497569635573777e-01,-2.416830786110253371e-01,-2.449533775623567722e-02,3.848244704367246305e-01,-3.223288652998382298e-01,-2.526430313948979656e-01,2.717229886242106818e-01,1.572790700524518970e-01,-4.017436920154447699e-02,-2.205242403225131653e-01,2.824241118883144552e-01,1.000000000000000000e+00,5.352708316615182316e-01,1.232357278335149964e-01,1.121994119048028322e-02,-4.449996015547471595e-01,-4.041637141286852919e-01,-1.072222875936909292e-01
8.632820921930295377e-01,-7.599835200000000235e-01,6.953822791875701181e-01,2.813653821354757945e-01,7.312436086599837237e-01,-5.931312707360059111e-01,-3.674252187876029252e-01,-5.082048846846267676e-01,-8.226569382803101682e-01,-2.014185260077441808e-01,-6.127889476373621358e-02,-4.498404182216198532e-01,-6.679824693230027588e-01,-5.604841611390481981e-01,-6.258017821243315737e-01,-4.723473405422876636e-01,-7.528000421853155988e-01,8.087304301369934167e-01,1.812781707305178569e-01,1.038884747917750567e-01,8.941213905857383626e-01,6.447698963113306370e-01,1.169830917787164637e-01,5.981500625031546114e-01,9.000562206085571670e-01,-5.794556246179796144e-01,-3.682851153883117679e-01,5.608466505533121760e-01,4.550020454173167583e-01,3.185844399850519815e-01,-4.818646396375979579e-01,6.818728649359239169e-01,5.352708316615182316e-01,1.000000000000000000e+00,2.289271254864955751e-01,-5.201814946912022286e-01,-9.160640370172596914e-01,-7.484853096484213042e-01,-8.073423262672986267e-01
-5.537394947108741083e-02,2.687487600000000310e-01,-3.685693913775758834e-01,-3.237941722140072476e-02,1.419936861610418544e-01,-2.921047072550084223e-01,3.358314227763728455e-01,3.973373925311321497e-01,2.510815741246343324e-01,4.076394023688800217e-01,-3.479248821170385919e-02,4.043437916784268782e-01,4.384239990041311485e-01,5.814492832233559838e-01,1.652994374876504136e-02,-6.342036913328339409e-01,-2.736727933586765582e-01,-4.543649366226384934e-02,-7.600882390270174982e-01,-3.043024928667338314e-01,3.127906158911711865e-01,-2.665868109048911139e-01,-7.182292722864794809e-01,-1.459826187541948261e-01,-7.422348492134277220e-02,-3.866003429217413356e-01,4.750329495877627095e-01,-2.608040688223208226e-01,-5.904479403506480706e-01,-1.069912116091782661e-01,-3.681398045710915223e-01,2.424617488291339329e-01,1.232357278335149964e-01,2.289271254864955751e-01,1.000000000000000000e+00,-2.709270442730038475e-01,-6.475152498130157253e-02,3.306735147549896836e-01,-1.829160141969496042e-02
-3.258281790611534112e-01,4.390542399999999290e-01,-1.744874496048210433e-01,2.222668018181325755e-01,-4.399413542253376996e-01,5.216784976973855015e-01,-1.766599704858572428e-01,4.234416956453259107e-01,3.888112219021652161e-01,-2.644777498258213400e-02,-3.644950712059417952e-02,1.482366640910506017e-01,2.214066748259344575e-01,2.694847923647051280e-01,9.905641008567235561e-02,3.516809847844563075e-01,5.617056808383760202e-01,-7.202576088209977634e-01,2.431724557451193577e-02,-3.213716482089035154e-01,-6.858155625571751290e-01,-1.670364182525062580e-01,-3.517722420388076643e-02,-6.435520176323858976e-01,-6.257154118752130678e-01,5.971198497423598761e-01,3.787349139690814222e-03,-2.764798861315619916e-01,-2.235803340224820912e-01,-4.259866413045543254e-02,5.140624312919254146e-01,-5.567738129579242745e-01,1.121994119048028322e-02,-5.201814946912022286e-01,-2.709270442730038475e-01,1.000000000000000000e+00,4.530220357905317408e-01,2.581173593812936540e-01,4.177966402130761647e-01
-9.369206750351106727e-01,9.161005399999999632e-01,-7.051982061787628320e-01,-1.252123887135972724e-01,-8.268586593335319757e-01,2.778270714177160094e-01,5.726401593173325866e-01,4.113704345366529513e-01,8.946200354146885969e-01,2.512126095186215102e-01,-2.134767147185360758e-01,7.215531849367659012e-01,7.285507606156769178e-01,7.511634675729065291e-01,4.682700518014423219e-01,4.645167922259442195e-01,5.243957075105399879e-01,-7.690237125364903781e-01,-4.798352846698146768e-01,2.095115664904845937e-02,-8.886893367836384838e-01,-6.162160253306872004e-01,-1.477541230114486071e-01,-7.620472365222498157e-01,-8.669418634035209736e-01,2.906630461576744651e-01,6.277910258656407283e-01,-7.917705458782187122e-01,-4.110035367180860377e-01,-5.499700512320304657e-01,1.568750806094400541e-01,-4.484159222572614567e-01,-4.449996015547471595e-01,-9.160640370172596914e-01,-6.475152498130157253e-02,4.530220357905317408e-01,1.000000000000000000e+00,8.579777047519808741e-01,8.327097867221621152e-01
-9.270446897958620758e-01,9.331299600000000360e-01,-8.495466370263198286e-01,-2.755235619286136584e-01,-7.761128619299393350e-01,9.786059605024897967e-02,6.724613810132165082e-01,4.341136438751455606e-01,9.103916050144902350e-01,4.425482306906535768e-01,-9.164007947515795394e-02,8.364686098974870587e-01,8.149120851836049173e-01,8.926991392370883238e-01,3.776946838374334314e-01,1.277329613040303069e-01,3.277396331463847123e-01,-6.643144711521867807e-01,-7.206152042992135520e-01,-3.866208276680622308e-02,-7.103086667136361276e-01,-6.415964340544307865e-01,-2.875790042869223462e-01,-6.496950200020045196e-01,-7.956913244336057955e-01,8.876418593381522892e-02,7.217946953615118622e-01,-8.444634706337652563e-01,-5.811228990078218803e-01,-4.461999171901261385e-01,-2.009188691493607459e-02,-3.328097799969609860e-01,-4.041637141286852919e-01,-7.484853096484213042e-01,3.306735147549896836e-01,2.581173593812936540e-01,8.579777047519808741e-01,1.000000000000000000e+00,7.070550191586195687e-01
-8.165819434859080683e-01,7.799231799999999382e-01,-4.863490660744704264e-01,1.566114529247470133e-01,-7.502228762703998521e-01,2.817775173781609244e-01,2.994526189273453154e-01,3.609858233629683610e-01,6.550315726422999418e-01,4.264244287460232652e-01,7.202380234216583521e-02,6.736458961999887141e-01,6.825958432842793577e-01,6.603049556277471588e-01,2.511851690772557988e-01,3.895358600814730066e-01,3.422672271725509252e-01,-8.203069365197365181e-01,-4.190845036711717264e-01,3.459530367616979463e-02,-7.835740063665945776e-01,-3.079251478597899161e-01,-3.440996840256348999e-01,-6.855200573442629119e-01,-7.430791134371854678e-01,1.800447594210928259e-01,5.403440912130335061e-01,-6.928910190513718481e-01,-3.712625637038821091e-01,-7.162494713716947015e-01,1.311049869598592821e-01,-3.918580280579626596e-01,-1.072222875936909292e-01,-8.073423262672986267e-01,-1.829160141969496042e-02,4.177966402130761647e-01,8.327097867221621152e-01,7.070550191586195687e-01,1.000000000000000000e+00
