1.0,-0.2311202317926217,-0.21021385682518873,-0.22615022518773203,0.15258168844201275,-0.27514702811550684,-0.048043731168820547,-0.40829063423699913,-0.17405963488250756,0.079861918343743898,-0.49693989184336174,0.49619015410609246,-0.14924326052395376,-0.19102031526893079,0.23543871332679156,-0.00597184203927284,0.57038344243885331,0.44908604806968044,-0.29943568892321587,0.28102781296066714,-0.56284500251585246,-0.12931393889088549,0.6136246979428901,0.24219443783167663,0.047596509360534167,0.31868583629616271,-0.18069899975557902,-0.180555820565939,0.0620340909733339,0.31568324557708755,0.22198408619317139,0.028358424389462927,0.36815164,-0.20292392061291023,0.11267633246236917,0.00066862444397368381,0.40763873080306656,0.1247951731676735,0.17114711513035807
-0.2311202317926217,1.0,-0.635913215008862,-0.045474264309363736,0.40384865033089118,0.76181440168717351,0.037382964770643567,-0.012847939779558962,-0.13584984099113426,0.91196768732547751,0.2472602970923502,-0.15571308325395661,0.5294657654045638,-0.33949528076269309,-0.6569645728268898,0.01876881681784438,0.34105322118720327,-0.71491776619390679,0.27350124472915788,-0.044853677530940002,0.69260642235738346,-0.18532930880565335,0.080946501718622998,0.71210057924362613,-0.4624523670561162,-0.15364345729388346,-0.010011599630846588,-0.12728639825530069,-0.81341041350594789,0.23166277240423652,-0.75355057015842142,-0.096005531800920488,-0.22067594000000001,0.32957995767262871,0.21925765947262638,-0.0015797519075221775,-0.24450236483518364,-0.51404638817213844,0.067519465246368759
-0.21021385682518873,-0.635913215008862,1.0,-0.40933031089292432,-0.36821129078145676,-0.46717126195420794,-0.50905417530665309,-0.28262412311129226,-0.39674123875356992,-0.65226574130733861,-0.32032920635654455,-0.4377912651437757,-0.45995445205740743,0.0022052156352773051,0.47801864973968633,-0.50038401538487687,-0.68174012830077702,0.20812951010849209,-0.024987933196051103,-0.24848708740416203,-0.30516918900180651,-0.38073566620232119,-0.31721814079218219,-0.78028185675156492,0.72418730250715424,-0.044892970445137285,0.67951594322591713,-0.35257896155347246,0.32306812412054009,0.148250173224519,0.52682523318903174,-0.35767315379626946,0.36370904000000004,-0.31119359094786619,-0.18013346558195117,-0.12430951613671992,0.16588366439378677,0.78020486253799348,0.26397115262685578
-0.22615022518773203,-0.045474264309363736,-0.40933031089292432,1.0,-0.16105169614384496,0.28738726796470521,0.65563680500273747,0.90831453940818252,0.89234623142350145,-0.14770244571898755,0.66473889879596482,0.53894303746144745,0.36887565135334871,0.71506402350394438,-0.4397492917408295,0.81884298538679257,0.17989447686584428,0.092894229451571927,0.32159321549854891,-0.18365137357229924,0.34908758984073007,0.87612855970652204,-0.43057971540515155,-0.065269974028748026,-0.65659362231337359,0.035105949982078666,-0.65106475428319288,0.80178556715307447,0.24124316993410078,-0.78276849362755763,-0.010532037034577281,0.58562265294785987,-0.79374588000000001,0.21355042483961775,-0.36505789713193826,0.2283273845863214,-0.62039335194678236,-0.72859791346405434,-0.77364519859040437
0.15258168844201275,0.40384865033089118,-0.36821129078145676,-0.16105169614384496,1.0,0.12143431520099306,-0.45662172219202651,-0.12631455132585412,-0.29959807415203715,0.48149115932218506,0.17831278434057982,0.15773540333850605,-0.12458510199864974,-0.54231508230850489,-0.18206935669406693,0.077576816790593153,0.54811260320623378,-0.54516896661201131,0.13264142340496912,-0.14233780219704728,0.12913486912912844,-0.039896008514588299,0.55461095046997133,0.71669858458221825,-0.13096887998030654,-0.45076194492752347,0.16433922652914201,-0.48689911525518592,-0.45529862607999066,0.5805167419726821,-0.47133796059752059,-0.40277430112165535,0.35291363999999992,-0.58495566175099123,0.51023861449607799,0.6701829348864824,0.020070263988691182,0.017861431076531754,0.5299696897725773
-0.27514702811550684,0.76181440168717351,-0.46717126195420794,0.28738726796470521,0.12143431520099306,1.0,0.18513418485020927,0.28844943675694751,0.10983357098264242,0.75975269541588442,0.33722709324202754,0.056049376493168886,0.82071232998829957,0.082532588374854582,-0.95578364447455566,0.33578133312147285,0.25226686954677247,-0.55012631209834517,0.65297387950881214,-0.36552451537959862,0.91582193944835,-0.039143681582579824,-0.43507004845359576,0.29950086944844073,-0.61519330508446979,0.092229823799102176,0.03787397014608803,0.13136599672876881,-0.79358996426083639,-0.074157101442158729,-0.51587118455044589,0.14202351884517028,-0.64381864,0.33343783280168127,-0.33839733790749493,-0.010274118387619198,-0.62736683688006634,-0.70127500359814843,-0.35312198821747498
-0.048043731168820547,0.037382964770643567,-0.50905417530665309,0.65563680500273747,-0.45662172219202651,0.18513418485020927,1.0,0.49845228948400661,0.81928859632700135,-0.03329557711161546,0.12342609592990234,0.26425481392851274,0.56231186991807003,0.6352793627669997,-0.23093452657681968,0.58083326656210288,-0.021636268283770854,0.48900160373485191,-0.11090146545030272,0.46317411209387399,0.059422568113761579,0.54969321690170103,-0.31568049788760688,-0.10108954355537147,-0.43921926045349668,0.5513836804165646,-0.84913362278076709,0.94946630111236163,0.34595545563877128,-0.84813869779614359,-0.026866861636787531,0.9358742143584331,-0.72416582000000007,0.56437352106420713,-0.37558574552849611,-0.34475418548804598,-0.12943011064985299,-0.75839526477902375,-0.86477606290317088
-0.40829063423699913,-0.012847939779558962,-0.28262412311129226,0.90831453940818252,-0.12631455132585412,0.28844943675694751,0.49845228948400661,1.0,0.87175923038176739,-0.21259441925378669,0.76904978677468783,0.50633316102609605,0.2291732820938156,0.77777650913380392,-0.43940756765301087,0.7809229467210741,0.1759210563666681,-0.064979966714862961,0.54126073892742355,-0.25651777680942878,0.40046883338282002,0.89999101014333949,-0.52552540933490866,-0.094606647621831255,-0.6661991360855567,-0.12857331854641921,-0.53156341499596904,0.69178252940747165,0.22905891855892235,-0.7609460876793247,0.1253041344565361,0.42491908602502804,-0.78396661999999995,0.24948774381979089,-0.24179794085207817,0.4284620989270847,-0.7925177120064395,-0.61171917237920981,-0.63958188897215928
-0.17405963488250756,-0.13584984099113426,-0.39674123875356992,0.89234623142350145,-0.29959807415203715,0.10983357098264242,0.81928859632700135,0.87175923038176739,1.0,-0.28219184802659847,0.49783155948114188,0.54517883213680762,0.30605623324389752,0.84762384915831113,-0.25858329060869989,0.80449250560426622,0.12718118438963441,0.34345120694817544,0.21727372949460796,0.16472628878025389,0.10526429975889182,0.90375273881040974,-0.41086962808136301,-0.14574627828728956,-0.59229805902034871,0.23423215680757051,-0.81866224638506935,0.92840006671938247,0.47202586611588837,-0.92461600449383063,0.19700760256477071,0.76597380458066999,-0.78255631999999997,0.36174278891255807,-0.29697602642611104,0.15767133413898463,-0.4840972515530973,-0.68419958334176023,-0.80778257790163643
0.079861918343743898,0.91196768732547751,-0.65226574130733861,-0.14770244571898755,0.48149115932218506,0.75975269541588442,-0.03329557711161546,-0.21259441925378669,-0.28219184802659847,1.0,0.047347969635328474,-0.054171507518267582,0.57982697463525179,-0.46917727601415404,-0.65620287247284514,0.00041395719454281193,0.45738381409933004,-0.59879739713167179,0.21154638766286366,-0.056392853915600921,0.60292348487180303,-0.34062182133308094,0.21268211161600364,0.73908392261260003,-0.407174470225945,-0.012346967740380084,0.064525310027886501,-0.23816292212892198,-0.90028006852237774,0.40274284449100167,-0.7486342612141742,-0.1049602542660184,-0.10896101999999996,0.16746475039359468,0.11224540302343303,-0.047669063275363119,-0.10535286417694914,-0.47115913383832386,0.11104756303802957
-0.49693989184336174,0.2472602970923502,-0.32032920635654455,0.66473889879596482,0.17831278434057982,0.33722709324202754,0.12342609592990234,0.76904978677468783,0.49783155948114188,0.047347969635328474,1.0,0.34253098701211537,0.057834300209922432,0.29486047564078027,-0.42386673700616306,0.46416456759941133,0.21554418615891083,-0.49960084642754571,0.47453488900420199,-0.40419707010531364,0.5719838047794652,0.65824159158780338,-0.23334152319631915,0.26729253791137692,-0.64356824819789371,-0.49384359001310929,-0.23885451817110934,0.28497863162280346,-0.094142725272848837,-0.31620786217318819,-0.19558750545479314,-0.047373846286450728,-0.46143990000000001,0.073421399149936492,0.044518117477046495,0.48916395829842563,-0.64891895822555712,-0.42250762395871566,-0.23160194571963549
0.49619015410609246,-0.15571308325395661,-0.4377912651437757,0.53894303746144745,0.15773540333850605,0.056049376493168886,0.26425481392851274,0.50633316102609605,0.54517883213680762,-0.054171507518267582,0.34253098701211537,1.0,0.023538717863870039,0.47479540063324477,-0.24104323648870782,0.72286938321368677,0.72502852289888342,0.22611953597841677,0.34416271009014809,-0.043303882750197691,-0.082574207281328652,0.63426175014223851,0.096397748674965242,0.22886223801777392,-0.59754483799410341,0.16412327223243506,-0.51111596788012492,0.32520857437961526,0.15905812791926444,-0.27708667759339084,0.35771342016507746,0.27769159763462697,-0.31966764000000003,-0.094501718702875645,0.010192927653094215,0.53540556616478796,-0.38317637153162032,-0.36412159593305748,-0.27321143168511713
-0.14924326052395376,0.5294657654045638,-0.45995445205740743,0.36887565135334871,-0.12458510199864974,0.82071232998829957,0.56231186991807003,0.2291732820938156,0.30605623324389752,0.57982697463525179,0.057834300209922432,0.023538717863870039,1.0,0.22830360493485258,-0.8196505278060956,0.38598646249918245,0.011094207967144998,-0.058346184329662841,0.33934856380890954,0.0065888498613802578,0.65755599735901249,-0.0028357906168216679,-0.49345636623562322,0.058467776173361102,-0.44339773446610625,0.48808547931376162,-0.20551628965210417,0.47731937001000191,-0.4767506810839458,-0.36552863207722225,-0.46989456438207378,0.59445440083757761,-0.73420551999999994,0.40082269891521838,-0.56825844073252196,-0.33682912493326678,-0.33254119281691946,-0.80547215584573306,-0.66842495701123517
-0.19102031526893079,-0.33949528076269309,0.0022052156352773051,0.71506402350394438,-0.54231508230850489,0.082532588374854582,0.6352793627669997,0.77777650913380392,0.84762384915831113,-0.46917727601415404,0.29486047564078027,0.47479540063324477,0.22830360493485258,1.0,-0.21019025880632713,0.72124998073264412,-0.035785218932509799,0.44045907010932706,0.41234905457122917,-0.019359184749066942,0.05229872482997195,0.69804478618247345,-0.67796146585474082,-0.5162780503453327,-0.38158612197042791,0.38711894280772097,-0.52236704156988356,0.78604055649293303,0.49934719012461115,-0.88607224738536539,0.56274287242854959,0.66933816020346903,-0.76903092000000006,0.32335869442929982,-0.4281804048634722,0.11564852533126295,-0.59391541805095749,-0.42960016443505583,-0.76362506930769325
0.23543871332679156,-0.6569645728268898,0.47801864973968633,-0.4397492917408295,-0.18206935669406693,-0.95578364447455566,-0.23093452657681968,-0.43940756765301087,-0.25858329060869989,-0.65620287247284514,-0.42386673700616306,-0.24104323648870782,-0.8196505278060956,-0.21019025880632713,1.0,-0.50041655329121992,-0.31341573101831732,0.46552767180470933,-0.73173112929280693,0.38164124708063796,-0.87580549664531926,-0.13858009901120352,0.46712124519160947,-0.26791172517476025,0.64928366601805687,-0.096176530417137029,0.039823839501354125,-0.23156992907218332,0.68663488281024365,0.18276527126741512,0.44721793979759411,-0.2342705671509924,0.71358852000000006,-0.22627196916732586,0.3488006927388545,-0.15284771098305269,0.69811184072761767,0.75455559119707638,0.44212997185225905
-0.00597184203927284,0.01876881681784438,-0.50038401538487687,0.81884298538679257,0.077576816790593153,0.33578133312147285,0.58083326656210288,0.7809229467210741,0.80449250560426622,0.00041395719454281193,0.46416456759941133,0.72286938321368677,0.38598646249918245,0.72124998073264412,-0.50041655329121992,1.0,0.43830881193048593,0.13129210314557599,0.46514796325138824,-0.14083056691279758,0.25159908185802582,0.76891328954012539,-0.33116811389642092,0.049718017767833578,-0.65923271148890672,0.23954457650655561,-0.62317522826295058,0.66814637509318076,0.13359601738481008,-0.6286939531632334,0.12496903003567288,0.61791900445206116,-0.73630793999999999,0.032486173856874426,-0.19389814219987941,0.45048920115986363,-0.63180801773813999,-0.7022441047764465,-0.64373027464504262
0.57038344243885331,0.34105322118720327,-0.68174012830077702,0.17989447686584428,0.54811260320623378,0.25226686954677247,-0.021636268283770854,0.1759210563666681,0.12718118438963441,0.45738381409933004,0.21554418615891083,0.72502852289888342,0.011094207967144998,-0.035785218932509799,-0.31341573101831732,0.43830881193048593,1.0,-0.23328032839510415,0.27720756384822975,-0.067816075278374854,0.058441458602319814,0.30519685497880267,0.4806154372061171,0.71703319575335567,-0.593719816353802,-0.1354711717678081,-0.35565973137821616,-0.099671163559130249,-0.31968992392100859,0.20970660941935138,-0.078943755380944114,-0.07854075055493559,-0.036355460000000006,-0.053462480000894541,0.35113226943113951,0.56120412946873532,-0.28563828668338298,-0.33778948105594775,0.128256969057157
0.44908604806968044,-0.71491776619390679,0.20812951010849209,0.092894229451571927,-0.54516896661201131,-0.55012631209834517,0.48900160373485191,-0.064979966714862961,0.34345120694817544,-0.59879739713167179,-0.49960084642754571,0.22611953597841677,-0.058346184329662841,0.44045907010932706,0.46552767180470933,0.13129210314557599,-0.23328032839510415,1.0,-0.4303257653353727,0.54728202409175108,-0.70785193659407186,0.15460964712558672,-0.04944990714476119,-0.55119127376648158,0.28689632879829163,0.69184257935025062,-0.40180867917091928,0.48499230287876705,0.75875589579530167,-0.46092986754437903,0.58433093640536826,0.62337280055041833,-0.037480540000000007,0.033629034768638273,-0.31441933173365921,-0.35617553703988181,0.41271200234594141,0.086604687871485994,-0.41346614737357967
-0.29943568892321587,0.27350124472915788,-0.024987933196051103,0.32159321549854891,0.13264142340496912,0.65297387950881214,-0.11090146545030272,0.54126073892742355,0.21727372949460796,0.21154638766286366,0.47453488900420199,0.34416271009014809,0.33934856380890954,0.41234905457122917,-0.73173112929280693,0.46514796325138824,0.27720756384822975,-0.4303257653353727,1.0,-0.55524581394735528,0.66111966784121345,0.21972245744078489,-0.58197512939867313,-0.031304390167345306,-0.52110394159070805,-0.06528642071852539,0.19650632455828654,0.027259172512344516,-0.42678230912391596,-0.13816096605859218,0.10881882911435867,-0.048015035653814014,-0.55607169999999995,0.014185245149553714,-0.26542644235218876,0.52329480562491093,-0.87747798389662446,-0.31811204254727143,-0.20472692614844651
0.28102781296066714,-0.044853677530940002,-0.24848708740416203,-0.18365137357229924,-0.14233780219704728,-0.36552451537959862,0.46317411209387399,-0.25651777680942878,0.16472628878025389,-0.056392853915600921,-0.40419707010531364,-0.043303882750197691,0.0065888498613802578,-0.019359184749066942,0.38164124708063796,-0.14083056691279758,-0.067816075278374854,0.54728202409175108,-0.55524581394735528,1.0,-0.52707097509331557,-0.012037441771332702,0.33682420230532217,0.10201674113686617,0.10517976211601143,0.45886625670232528,-0.4872416533797701,0.29706536196749611,0.39124477147371972,-0.19104148907645457,0.049729010169718077,0.4537825120204082,0.1334560600000001,0.21771524292965791,0.08700736501103129,-0.36342420505682549,0.60201400050028808,-0.049429704174969877,-0.065403328870199978
-0.56284500251585246,0.69260642235738346,-0.30516918900180651,0.34908758984073007,0.12913486912912844,0.91582193944835,0.059422568113761579,0.40046883338282002,0.10526429975889182,0.60292348487180303,0.5719838047794652,-0.082574207281328652,0.65755599735901249,0.05229872482997195,-0.87580549664531926,0.25159908185802582,0.058441458602319814,-0.70785193659407186,0.66111966784121345,-0.52707097509331557,1.0,0.039402706566888573,-0.50953927850618852,0.22661562442482741,-0.56157703194557373,-0.18199943563952836,0.15724785276457628,0.090257012315210189,-0.72303687104954362,-0.083718471961287483,-0.5546256830911207,-0.025961027883188145,-0.59988165999999998,0.24791322662807666,-0.30728515600346878,0.072018764789672632,-0.68026163368971293,-0.58341698821475174,-0.28600208773286295
-0.12931393889088549,-0.18532930880565335,-0.38073566620232119,0.87612855970652204,-0.039896008514588299,-0.039143681582579824,0.54969321690170103,0.89999101014333949,0.90375273881040974,-0.34062182133308094,0.65824159158780338,0.63426175014223851,-0.0028357906168216679,0.69804478618247345,-0.13858009901120352,0.76891328954012539,0.30519685497880267,0.15460964712558672,0.21972245744078489,-0.012037441771332702,0.039402706566888573,1.0,-0.17720966569874863,0.0220133540055375,-0.5823388224052326,-0.13195926043979328,-0.74561922073721321,0.70912086464405044,0.47770135194120944,-0.72431333107716755,0.18856283457407708,0.4661762734891472,-0.56028556000000007,0.14440308528829743,-0.041322418299059582,0.46312776652158971,-0.50953605659316126,-0.51570794981526036,-0.54574256578221436
0.6136246979428901,0.080946501718622998,-0.31721814079218219,-0.43057971540515155,0.55461095046997133,-0.43507004845359576,-0.31568049788760688,-0.52552540933490866,-0.41086962808136301,0.21268211161600364,-0.23334152319631915,0.096397748674965242,-0.49345636623562322,-0.67796146585474082,0.46712124519160947,-0.33116811389642092,0.4806154372061171,-0.04944990714476119,-0.58197512939867313,0.33682420230532217,-0.50953927850618852,-0.17720966569874863,1.0,0.67038582966452487,0.15697518795319773,-0.28921443081523901,-0.093161258266001162,-0.47361584925400785,-0.029265763262885658,0.61892992692167559,-0.21972693391336381,-0.3877967028084045,0.74630630000000009,-0.29428041188517884,0.68394795049049406,0.14751561374092415,0.6270437473688395,0.31077595280725728,0.63850404443227859
0.24219443783167663,0.71210057924362613,-0.78028185675156492,-0.065269974028748026,0.71669858458221825,0.29950086944844073,-0.10108954355537147,-0.094606647621831255,-0.14574627828728956,0.73908392261260003,0.26729253791137692,0.22886223801777392,0.058467776173361102,-0.5162780503453327,-0.26791172517476025,0.049718017767833578,0.71703319575335567,-0.55119127376648158,-0.031304390167345306,0.10201674113686617,0.22661562442482741,0.0220133540055375,0.67038582966452487,1.0,-0.44794401604152034,-0.35035318814214622,-0.21182313787558518,-0.26513952067847069,-0.54180548183632271,0.43665630995824767,-0.61513472183112272,-0.25601953910526959,0.18039760000000005,-0.0034985597837556728,0.57454671424293968,0.3146216027323977,0.046064347892860659,-0.30092638270153538,0.35281924282347177
0.047596509360534167,-0.4624523670561162,0.72418730250715424,-0.65659362231337359,-0.13096887998030654,-0.61519330508446979,-0.43921926045349668,-0.6661991360855567,-0.59229805902034871,-0.407174470225945,-0.64356824819789371,-0.59754483799410341,-0.44339773446610625,-0.38158612197042791,0.64928366601805687,-0.65923271148890672,-0.593719816353802,0.28689632879829163,-0.52110394159070805,0.10517976211601143,-0.56157703194557373,-0.5823388224052326,0.15697518795319773,-0.44794401604152034,1.0,-0.015452922984647746,0.52747921130757858,-0.44262743321347736,0.28664648945100446,0.36475621970447114,0.187412471707193,-0.28545423168254908,0.6660692800000001,-0.3290013056789039,0.18874157364104827,-0.30557193867191917,0.65421170138859763,0.76562072597813446,0.430319837593167
0.31868583629616271,-0.15364345729388346,-0.044892970445137285,0.035105949982078666,-0.45076194492752347,0.092229823799102176,0.5513836804165646,-0.12857331854641921,0.23423215680757051,-0.012346967740380084,-0.49384359001310929,0.16412327223243506,0.48808547931376162,0.38711894280772097,-0.096176530417137029,0.23954457650655561,-0.1354711717678081,0.69184257935025062,-0.06528642071852539,0.45886625670232528,-0.18199943563952836,-0.13195926043979328,-0.28921443081523901,-0.35035318814214622,-0.015452922984647746,1.0,-0.25266747230319531,0.44239879849812158,0.16862311007290498,-0.3629977768818089,0.296042919728561,0.70066355667257418,-0.33826592,0.18211842117474197,-0.4883440536337163,-0.4659208923334332,0.17548638899577682,-0.24424757536178973,-0.511974293521538
-0.18069899975557902,-0.010011599630846588,0.67951594322591713,-0.65106475428319288,0.16433922652914201,0.03787397014608803,-0.84913362278076709,-0.53156341499596904,-0.81866224638506935,0.064525310027886501,-0.23885451817110934,-0.51111596788012492,-0.20551628965210417,-0.52236704156988356,0.039823839501354125,-0.62317522826295058,-0.35565973137821616,-0.40180867917091928,0.19650632455828654,-0.4872416533797701,0.15724785276457628,-0.74561922073721321,-0.093161258266001162,-0.21182313787558518,0.52747921130757858,-0.25266747230319531,1.0,-0.79891597624421251,-0.43283184624310184,0.68304136811238836,-0.022825723687266167,-0.72659254238385296,0.48184515999999999,-0.43040184626607819,-0.0087986951812623945,0.004176234049853538,0.095244736556283266,0.6543515706429307,0.59661345641658836
-0.180555820565939,-0.12728639825530069,-0.35257896155347246,0.80178556715307447,-0.48689911525518592,0.13136599672876881,0.94946630111236163,0.69178252940747165,0.92840006671938247,-0.23816292212892198,0.28497863162280346,0.32520857437961526,0.47731937001000191,0.78604055649293303,-0.23156992907218332,0.66814637509318076,-0.099671163559130249,0.48499230287876705,0.027259172512344516,0.29706536196749611,0.090257012315210189,0.70912086464405044,-0.47361584925400785,-0.26513952067847069,-0.44262743321347736,0.44239879849812158,-0.79891597624421251,1.0,0.46576131367542473,-0.95877708666855688,0.097078246715369146,0.90906675511761181,-0.7956548,0.47051650093034236,-0.45278238024040263,-0.1905282922491752,-0.2878234959210238,-0.71060900246256098,-0.92184896317030363
0.0620340909733339,-0.81341041350594789,0.32306812412054009,0.24124316993410078,-0.45529862607999066,-0.79358996426083639,0.34595545563877128,0.22905891855892235,0.47202586611588837,-0.90028006852237774,-0.094142725272848837,0.15905812791926444,-0.4767506810839458,0.49934719012461115,0.68663488281024365,0.13359601738481008,-0.31968992392100859,0.75875589579530167,-0.42678230912391596,0.39124477147371972,-0.72303687104954362,0.47770135194120944,-0.029265763262885658,-0.54180548183632271,0.28664648945100446,0.16862311007290498,-0.43283184624310184,0.46576131367542473,1.0,-0.54150636624976412,0.64132330345658994,0.37915604586165574,0.046166160000000067,-0.026672746893608323,-0.015337489025822659,-0.037246316385149081,0.25727665404572553,0.24752343838836099,-0.24429593128487356
0.31568324557708755,0.23166277240423652,0.148250173224519,-0.78276849362755763,0.5805167419726821,-0.074157101442158729,-0.84813869779614359,-0.7609460876793247,-0.92461600449383063,0.40274284449100167,-0.31620786217318819,-0.27708667759339084,-0.36552863207722225,-0.88607224738536539,0.18276527126741512,-0.6286939531632334,0.20970660941935138,-0.46092986754437903,-0.13816096605859218,-0.19104148907645457,-0.083718471961287483,-0.72431333107716755,0.61892992692167559,0.43665630995824767,0.36475621970447114,-0.3629977768818089,0.68304136811238836,-0.95877708666855688,-0.54150636624976412,1.0,-0.26198686479296673,-0.82064593276533371,0.79947415999999993,-0.4802621913670036,0.45763221688653277,0.12912449540014131,0.40042793967507256,0.58245185311941061,0.88077120981739909
0.22198408619317139,-0.75355057015842142,0.52682523318903174,-0.010532037034577281,-0.47133796059752059,-0.51587118455044589,-0.026866861636787531,0.1253041344565361,0.19700760256477071,-0.7486342612141742,-0.19558750545479314,0.35771342016507746,-0.46989456438207378,0.56274287242854959,0.44721793979759411,0.12496903003567288,-0.078943755380944114,0.58433093640536826,0.10881882911435867,0.049729010169718077,-0.5546256830911207,0.18856283457407708,-0.21972693391336381,-0.61513472183112272,0.187412471707193,0.296042919728561,-0.022825723687266167,0.097078246715369146,0.64132330345658994,-0.26198686479296673,1.0,0.074239139203498922,0.034996980000000066,-0.074383027888040118,-0.10058180668792682,0.14352360584863622,-0.08314263630165511,0.42413424334164646,-0.032873221197454366
0.028358424389462927,-0.096005531800920488,-0.35767315379626946,0.58562265294785987,-0.40277430112165535,0.14202351884517028,0.9358742143584331,0.42491908602502804,0.76597380458066999,-0.1049602542660184,-0.047373846286450728,0.27769159763462697,0.59445440083757761,0.66933816020346903,-0.2342705671509924,0.61791900445206116,-0.07854075055493559,0.62337280055041833,-0.048015035653814014,0.4537825120204082,-0.025961027883188145,0.4661762734891472,-0.3877967028084045,-0.25601953910526959,-0.28545423168254908,0.70066355667257418,-0.72659254238385296,0.90906675511761181,0.37915604586165574,-0.82064593276533371,0.074239139203498922,1.0,-0.69510848000000003,0.3681803650889397,-0.4613293766335273,-0.28114609727013007,-0.091172590212470747,-0.67199948210010474,-0.87290075206263984
0.36815164,-0.22067594000000001,0.36370904000000004,-0.79374588000000001,0.35291363999999992,-0.64381864,-0.72416582000000007,-0.78396661999999995,-0.78255631999999997,-0.10896101999999996,-0.46143990000000001,-0.31966764000000003,-0.73420551999999994,-0.76903092000000006,0.71358852000000006,-0.73630793999999999,-0.036355460000000006,-0.037480540000000007,-0.55607169999999995,0.1334560600000001,-0.59988165999999998,-0.56028556000000007,0.74630630000000009,0.18039760000000005,0.6660692800000001,-0.33826592,0.48184515999999999,-0.7956548,0.046166160000000067,0.79947415999999993,0.034996980000000066,-0.69510848000000003,1.0,-0.49565150000000002,0.56940980000000008,0.027266039999999991,0.72912504,0.84057110000000002,0.88174749999999991
-0.20292392061291023,0.32957995767262871,-0.31119359094786619,0.21355042483961775,-0.58495566175099123,0.33343783280168127,0.56437352106420713,0.24948774381979089,0.36174278891255807,0.16746475039359468,0.073421399149936492,-0.094501718702875645,0.40082269891521838,0.32335869442929982,-0.22627196916732586,0.032486173856874426,-0.053462480000894541,0.033629034768638273,0.014185245149553714,0.21771524292965791,0.24791322662807666,0.14440308528829743,-0.29428041188517884,-0.0034985597837556728,-0.3290013056789039,0.18211842117474197,-0.43040184626607819,0.47051650093034236,-0.026672746893608323,-0.4802621913670036,-0.074383027888040118,0.3681803650889397,-0.49565150000000002,1.0,-0.14064539709162799,-0.49267613917379,-0.22118047262210525,-0.47879031691043716,-0.46456433056892266
0.11267633246236917,0.21925765947262638,-0.18013346558195117,-0.36505789713193826,0.51023861449607799,-0.33839733790749493,-0.37558574552849611,-0.24179794085207817,-0.29697602642611104,0.11224540302343303,0.044518117477046495,0.010192927653094215,-0.56825844073252196,-0.4281804048634722,0.3488006927388545,-0.19389814219987941,0.35113226943113951,-0.31441933173365921,-0.26542644235218876,0.08700736501103129,-0.30728515600346878,-0.041322418299059582,0.68394795049049406,0.57454671424293968,0.18874157364104827,-0.4883440536337163,-0.0087986951812623945,-0.45278238024040263,-0.015337489025822659,0.45763221688653277,-0.10058180668792682,-0.4613293766335273,0.56940980000000008,-0.14064539709162799,1.0,0.39135919797363167,0.26381576499712084,0.32438882609916864,0.64721238956557703
0.00066862444397368381,-0.0015797519075221775,-0.12430951613671992,0.2283273845863214,0.6701829348864824,-0.010274118387619198,-0.34475418548804598,0.4284620989270847,0.15767133413898463,-0.047669063275363119,0.48916395829842563,0.53540556616478796,-0.33682912493326678,0.11564852533126295,-0.15284771098305269,0.45048920115986363,0.56120412946873532,-0.35617553703988181,0.52329480562491093,-0.36342420505682549,0.072018764789672632,0.46312776652158971,0.14751561374092415,0.3146216027323977,-0.30557193867191917,-0.4659208923334332,0.004176234049853538,-0.1905282922491752,-0.037246316385149081,0.12912449540014131,0.14352360584863622,-0.28114609727013007,0.027266039999999991,-0.49267613917379,0.39135919797363167,1.0,-0.46546688489578331,0.028839852949339703,0.25900883150801224
0.40763873080306656,-0.24450236483518364,0.16588366439378677,-0.62039335194678236,0.020070263988691182,-0.62736683688006634,-0.12943011064985299,-0.7925177120064395,-0.4840972515530973,-0.10535286417694914,-0.64891895822555712,-0.38317637153162032,-0.33254119281691946,-0.59391541805095749,0.69811184072761767,-0.63180801773813999,-0.28563828668338298,0.41271200234594141,-0.87747798389662446,0.60201400050028808,-0.68026163368971293,-0.50953605659316126,0.6270437473688395,0.046064347892860659,0.65421170138859763,0.17548638899577682,0.095244736556283266,-0.2878234959210238,0.25727665404572553,0.40042793967507256,-0.08314263630165511,-0.091172590212470747,0.72912504,-0.22118047262210525,0.26381576499712084,-0.46546688489578331,1.0,0.50446281397426496,0.39795600073796639
0.1247951731676735,-0.51404638817213844,0.78020486253799348,-0.72859791346405434,0.017861431076531754,-0.70127500359814843,-0.75839526477902375,-0.61171917237920981,-0.68419958334176023,-0.47115913383832386,-0.42250762395871566,-0.36412159593305748,-0.80547215584573306,-0.42960016443505583,0.75455559119707638,-0.7022441047764465,-0.33778948105594775,0.086604687871485994,-0.31811204254727143,-0.049429704174969877,-0.58341698821475174,-0.51570794981526036,0.31077595280725728,-0.30092638270153538,0.76562072597813446,-0.24424757536178973,0.6543515706429307,-0.71060900246256098,0.24752343838836099,0.58245185311941061,0.42413424334164646,-0.67199948210010474,0.84057110000000002,-0.47879031691043716,0.32438882609916864,0.028839852949339703,0.50446281397426496,1.0,0.74813144539982501
0.17114711513035807,0.067519465246368759,0.26397115262685578,-0.77364519859040437,0.5299696897725773,-0.35312198821747498,-0.86477606290317088,-0.63958188897215928,-0.80778257790163643,0.11104756303802957,-0.23160194571963549,-0.27321143168511713,-0.66842495701123517,-0.76362506930769325,0.44212997185225905,-0.64373027464504262,0.128256969057157,-0.41346614737357967,-0.20472692614844651,-0.065403328870199978,-0.28600208773286295,-0.54574256578221436,0.63850404443227859,0.35281924282347177,0.430319837593167,-0.511974293521538,0.59661345641658836,-0.92184896317030363,-0.24429593128487356,0.88077120981739909,-0.032873221197454366,-0.87290075206263984,0.88174749999999991,-0.46456433056892266,0.64721238956557703,0.25900883150801224,0.39795600073796639,0.74813144539982501,1.0
