1.000000000000000000e+00,-7.781289594484153138e-01,3.803467549049374119e-01,-7.446105165946032001e-01,-3.399072841636507913e-01,4.100574136906837142e-01,-9.114535144187083660e-01,7.809051417401294826e-01,-2.274451732229208767e-01,1.141688902444633197e-01,3.306777817003010433e-01,-5.395832906383571936e-01,6.366369097733255433e-01,2.879913104152729275e-01,-7.102589382213355673e-01,7.377196599973575575e-01,5.977197812186246795e-01,2.676182030020845537e-01,8.014249923428218292e-01,8.908689599999999320e-01,6.395003715798016630e-01,4.365773056453870482e-01,2.786745923747358522e-01,4.230608232583809025e-01,7.817029890194826525e-01,9.324960329184402985e-01,-7.317814885738679331e-01,1.626002105926113994e-01,8.732090906579029754e-01,-6.661158679949245043e-01,4.166214775701536643e-01,7.168353456514398037e-02,6.124782766649636834e-01,8.260726654020988935e-01,5.663825418980196202e-01,1.817715112678118250e-01,-2.730645432666302663e-01,3.582724879229597370e-01,-3.417283901642381716e-02
-7.781289594484153138e-01,1.000000000000000000e+00,-2.021264137075478029e-01,4.151173276575847448e-01,9.394189017829698840e-02,5.815035002692934413e-02,7.196313617761339598e-01,-5.077948941536869487e-01,4.810026852161740363e-02,-8.219598498442290402e-02,-6.068807170341149471e-01,7.696741323295280823e-01,-2.893437728490537708e-01,-5.157931523415758557e-01,6.743003684848185575e-01,-3.891939631206900452e-01,-3.674583642063183886e-01,-6.259152592265745385e-01,-4.929418898033576246e-01,-6.928067199999999870e-01,-5.758223806692055469e-01,8.989868999476692199e-03,1.458868403379332268e-01,-7.774455906492596657e-01,-7.964309843514494336e-01,-8.292456113325870071e-01,7.825507519627155073e-01,1.989588907730232559e-01,-7.123939674063860528e-01,8.000588477331087578e-01,-5.883414522432474092e-01,-5.065262995819836550e-02,-1.865213670541256974e-01,-6.444672528795227784e-01,-1.554743128047174627e-01,-2.465937456336524947e-01,3.221712267482383651e-02,-6.209779413601869136e-01,-1.121864656856139397e-01
3.803467549049374119e-01,-2.021264137075478029e-01,1.000000000000000000e+00,-7.659038181858474070e-01,-9.616710475016332360e-02,4.029415851414571703e-01,-5.741181935488305355e-01,2.001096252341729165e-01,-3.193941898566953208e-01,-4.979876874892796845e-02,-9.082378669402668692e-02,3.285421985959691149e-02,8.301327215666941539e-01,3.665020735901119986e-01,-3.632465399455483412e-01,4.402750831385158214e-01,6.032373570569385390e-02,2.052949985065121163e-01,2.971908747571727627e-01,6.064684399999999975e-01,7.997281432375099586e-01,1.581377040913269916e-01,1.907023281509278023e-01,3.259662334150438268e-01,4.009946080294510828e-01,3.461429901620092786e-01,-4.227181906826334989e-01,1.446048963389577335e-01,6.262553674087287803e-01,-1.378828600096836943e-01,-2.271147847227327210e-01,2.188850838213209915e-01,2.390946751245215940e-01,6.268210650789325378e-01,2.825910704514392746e-01,2.461886399035492223e-01,2.726363085031002775e-02,-1.959695320843950761e-01,-3.652469758503492647e-01
-7.446105165946032001e-01,4.151173276575847448e-01,-7.659038181858474070e-01,1.000000000000000000e+00,6.033322659538319366e-01,-7.517648031621019244e-01,8.658553613233431756e-01,-6.774791321011360834e-01,2.670840185677905709e-01,-9.333819773140061837e-02,2.161848794670012397e-01,-3.127579367901658219e-02,-9.581984515905355160e-01,-1.780542225471751505e-01,4.903679168581966952e-01,-8.858942961223881252e-01,-6.486710688884507192e-01,-2.493771551606092374e-01,-8.045288633646309195e-01,-8.697490199999999838e-01,-6.726241573764453197e-01,-6.653195021836911804e-01,-4.252301790225549438e-01,-2.603261645314131623e-01,-5.057499023100362479e-01,-6.258505447776698816e-01,5.009484232523306879e-01,-4.935412268881489983e-01,-9.028670162934125942e-01,2.607601417047369363e-01,-9.391976365702320306e-02,1.145600530436988312e-01,-7.035621049258613535e-01,-8.280578003554115440e-01,-7.188055601502023606e-01,-3.144471728984410408e-01,1.892073126952349138e-01,1.640199125000994518e-01,5.093833791015515144e-01
-3.399072841636507913e-01,9.394189017829698840e-02,-9.616710475016332360e-02,6.033322659538319366e-01,1.000000000000000000e+00,-7.467872687833877476e-01,4.628125475905948139e-01,-6.222162967500414199e-01,9.009014289933212072e-02,-7.712944218846856659e-02,6.672119500100870404e-01,-4.665855891964302282e-01,-4.989916337416314684e-01,4.093551681453144186e-01,1.516139040306677677e-01,-7.502903004005406773e-01,-9.147609107371943438e-01,-5.374123336233416898e-02,-7.700562594360744750e-01,-4.626269400000000420e-01,9.830241809977718903e-02,-8.399996569394433399e-01,-3.093021723467335171e-01,1.414765712080723881e-01,-6.118694835485326972e-02,-2.268581629704806979e-01,6.098464929872224327e-02,-6.550934016282455863e-01,-5.067700951252556152e-01,-1.546221761836908681e-01,-5.056292041343746213e-02,6.966763690887751714e-01,-8.105004356397680354e-01,-4.641524448348146037e-01,-8.231337059295488201e-01,-2.651004307841427488e-01,2.889347511106933331e-01,2.767844545040331616e-01,5.946843408485086302e-01
4.100574136906837142e-01,5.815035002692934413e-02,4.029415851414571703e-01,-7.517648031621019244e-01,-7.467872687833877476e-01,1.000000000000000000e+00,-4.318639551740062199e-01,5.063429490814788103e-01,1.930098264703574568e-02,4.217825605523706223e-01,-6.140205463354823090e-01,4.549798503538119987e-01,6.549567748625483299e-01,-1.718683439176823258e-01,2.290183783116582494e-02,7.645201769059835062e-01,6.420344610767108051e-01,-1.530171722080191088e-01,7.634788749514708206e-01,4.296442000000000316e-01,1.043540439332887454e-01,9.417826768760915179e-01,7.875131318476171760e-01,-3.464403854533093519e-01,-6.948939884525226485e-02,1.475065402464816045e-01,1.202308896564822094e-01,8.538903293825825802e-01,4.666102232943727945e-01,6.581347437440356052e-03,-1.282193422701150276e-01,-3.112538938983697157e-01,7.881570215787649936e-01,4.472263991076925183e-01,7.296202951168824224e-01,-5.259254071511851314e-02,-5.321078296849612865e-01,-6.232710440372029037e-01,-4.703705449522978532e-01
-9.114535144187083660e-01,7.196313617761339598e-01,-5.741181935488305355e-01,8.658553613233431756e-01,4.628125475905948139e-01,-4.318639551740062199e-01,1.000000000000000000e+00,-8.427057516948831539e-01,4.321001340956153736e-01,8.874672093615602886e-02,-1.537687878051030299e-01,3.721534816154269398e-01,-8.152747348283073681e-01,-2.046139980923238899e-01,7.881552781344247638e-01,-8.392137761456107681e-01,-6.447848596299545765e-01,-3.551620593718125551e-01,-8.077136772821972288e-01,-9.961409199999999853e-01,-7.288601722773845326e-01,-4.290504694690912557e-01,-1.548070090454084224e-01,-5.112481673418298733e-01,-8.447754093782867679e-01,-9.167374525520408657e-01,8.345368503010964778e-01,-1.162553722279898866e-01,-9.786846946594204288e-01,4.728541260592586393e-01,-3.142842434553840270e-01,-1.079466798407022893e-02,-6.359714274357444186e-01,-9.233793464783927041e-01,-6.801510605376072105e-01,-4.769714233695640515e-01,8.593251001142707124e-02,-3.356920572813345549e-01,2.161521397557981117e-01
7.809051417401294826e-01,-5.077948941536869487e-01,2.001096252341729165e-01,-6.774791321011360834e-01,-6.222162967500414199e-01,5.063429490814788103e-01,-8.427057516948831539e-01,1.000000000000000000e+00,-5.210968487548859329e-01,-1.564883194906201147e-02,-2.992068272828227182e-02,-2.204955183083844861e-01,5.909054030208338304e-01,-1.749066781272085869e-01,-6.572546972783263053e-01,8.554710917445589313e-01,7.549189825815905142e-01,5.304872038447475818e-02,8.680741488850391985e-01,8.323075600000000573e-01,3.411918820455365764e-01,5.873165633637433825e-01,2.640189841004875748e-01,1.582539837201746291e-01,6.651329075196082963e-01,7.754919687036043729e-01,-6.241141227685813586e-01,1.584840510233109512e-01,7.717965768448424857e-01,-2.996880206378275679e-01,2.804095697835092826e-01,-7.274457435072177736e-02,7.684121179210766650e-01,7.541262663785139875e-01,8.240684682321923749e-01,4.382675801134818250e-01,-2.444644631031054893e-01,2.972091125494688013e-01,-8.376447200685323280e-02
-2.274451732229208767e-01,4.810026852161740363e-02,-3.193941898566953208e-01,2.670840185677905709e-01,9.009014289933212072e-02,1.930098264703574568e-02,4.321001340956153736e-01,-5.210968487548859329e-01,1.000000000000000000e+00,5.621927352999114280e-01,6.928482835163787823e-02,4.028796886752739059e-02,-3.749548504576900587e-01,4.047732626262991462e-01,6.671785056537541392e-01,-2.473165061914595619e-01,-1.246371768247486189e-01,2.971630217625325088e-01,-1.810282614123036038e-01,-4.844678599999999724e-01,-2.899372424931769276e-01,8.260289195437992005e-02,2.767156452014356005e-01,1.846956826827103604e-03,-5.773508902761279593e-01,-4.207309488127156660e-01,5.762230074725804840e-01,4.303637643722999506e-01,-3.363114251460583293e-01,-2.212227795812098663e-01,3.427008801282256378e-01,-2.122563320356307404e-01,-3.495460418296050809e-01,-5.052820228628581711e-01,-4.863708167402415183e-01,-4.333345304858437497e-01,-6.349925106329648572e-02,-4.310484562659009367e-01,-7.211141212795676991e-02
1.141688902444633197e-01,-8.219598498442290402e-02,-4.979876874892796845e-02,-9.333819773140061837e-02,-7.712944218846856659e-02,4.217825605523706223e-01,8.874672093615602886e-02,-1.564883194906201147e-02,5.621927352999114280e-01,1.000000000000000000e+00,-2.842886108907823062e-03,-3.757436739934917613e-02,-1.152426698921098502e-01,3.128929671289854553e-01,4.511296662518090583e-01,1.007072620840245847e-01,4.130079041981137705e-02,-4.826504861212285030e-02,2.351816408421291416e-01,-1.271736999999999451e-01,-1.059492370270452011e-01,3.660777210969614615e-01,6.223039255921637425e-01,-1.999010544574865433e-01,-3.207332383788347174e-01,-1.468013559824665470e-01,3.977633950524750439e-01,4.425978353943602617e-01,-4.847217476375863254e-02,-4.189334961659254009e-01,1.666527963964568038e-01,8.493568436970537483e-02,6.464855393473840917e-02,-9.148665547075966742e-02,-9.531782786708475896e-02,-4.277754741277497996e-01,-5.001963402129440128e-01,-4.652035129797847945e-01,1.094058885140210546e-01
3.306777817003010433e-01,-6.068807170341149471e-01,-9.082378669402668692e-02,2.161848794670012397e-01,6.672119500100870404e-01,-6.140205463354823090e-01,-1.537687878051030299e-01,-2.992068272828227182e-02,6.928482835163787823e-02,-2.842886108907823062e-03,1.000000000000000000e+00,-9.556443795362846716e-01,-2.339771272267172353e-01,6.483283830193516950e-01,-3.342815301597872879e-01,-2.427050848493788882e-01,-3.849092932852868354e-01,3.539991456778714962e-01,-2.067056640062231720e-01,1.170957599999999932e-01,4.333824445769401956e-01,-5.840257631298390040e-01,-2.773549095710756696e-01,6.259252342750725173e-01,4.949022911436715688e-01,4.477582754485269767e-01,-4.833213391151536253e-01,-6.167056366136396406e-01,9.341901555542210522e-02,-7.055090648432268408e-01,5.434883574162053810e-01,5.951385425896558168e-01,-4.844840588003104243e-01,2.024283190114231634e-02,-5.015939829373378123e-01,-2.076112546097075989e-02,2.401357303589690684e-01,6.837789105184651772e-01,5.666408412213755907e-01
-5.395832906383571936e-01,7.696741323295280823e-01,3.285421985959691149e-02,-3.127579367901658219e-02,-4.665855891964302282e-01,4.549798503538119987e-01,3.721534816154269398e-01,-2.204955183083844861e-01,4.028796886752739059e-02,-3.757436739934917613e-02,-9.556443795362846716e-01,1.000000000000000000e+00,9.919100502777672412e-02,-5.902456103912646634e-01,5.138816157374341831e-01,3.700524279178524223e-02,1.574812312454526575e-01,-3.665372198875598286e-01,-5.791171750681989999e-02,-3.381691399999999792e-01,-4.890621386289084604e-01,4.197314760319765248e-01,2.037961114937049123e-01,-6.615916333519393788e-01,-6.702699436248741316e-01,-6.419980626919578048e-01,6.376247225815321329e-01,5.615866497196928542e-01,-3.018596224747163159e-01,8.211800509312211505e-01,-5.602825877224549833e-01,-5.117411065844910123e-01,2.386285134556860310e-01,-2.639641886895016665e-01,2.694376556336285367e-01,-5.309415129704053715e-02,-6.732207315363392119e-02,-7.557537831094376379e-01,-5.610286611796472256e-01
6.366369097733255433e-01,-2.893437728490537708e-01,8.301327215666941539e-01,-9.581984515905355160e-01,-4.989916337416314684e-01,6.549567748625483299e-01,-8.152747348283073681e-01,5.909054030208338304e-01,-3.749548504576900587e-01,-1.152426698921098502e-01,-2.339771272267172353e-01,9.919100502777672412e-02,1.000000000000000000e+00,1.290358542320939328e-01,-4.976888095723575045e-01,8.257650142246171221e-01,5.254135517119273846e-01,2.303659473177462336e-01,6.576346008912171692e-01,8.286170600000000164e-01,7.082215075757328782e-01,5.590958420055790468e-01,3.267001519174988489e-01,2.474180240505682027e-01,4.944079167867816982e-01,5.706121060159310421e-01,-5.138199923971996652e-01,4.149896140910386277e-01,8.435988561371442485e-01,-8.464613844297536049e-02,3.810787564446027620e-03,-5.027260024019636342e-02,6.100867439693771210e-01,7.638860064606011191e-01,6.770432198584428463e-01,4.017739030062030814e-01,-2.161076011518001452e-03,-1.553506557157288692e-01,-5.455214726486933285e-01
2.879913104152729275e-01,-5.157931523415758557e-01,3.665020735901119986e-01,-1.780542225471751505e-01,4.093551681453144186e-01,-1.718683439176823258e-01,-2.046139980923238899e-01,-1.749066781272085869e-01,4.047732626262991462e-01,3.128929671289854553e-01,6.483283830193516950e-01,-5.902456103912646634e-01,1.290358542320939328e-01,1.000000000000000000e+00,-3.613581104319352200e-02,-4.789159261647506216e-02,-2.401282295713124126e-01,6.310684255497508444e-01,-1.028122312034910335e-01,1.628646600000001055e-01,6.650209838726123257e-01,-2.690509271775308742e-01,7.107792025309633875e-04,7.179590046414482396e-01,2.130134078222896410e-01,2.210001665133156101e-01,-2.453068902577915655e-01,-8.591192470363828715e-02,2.921068138680064652e-01,-7.008596087016358833e-01,5.679109970592416401e-01,4.128376960091059145e-01,-4.596414454101482305e-01,4.965590371333363645e-02,-5.135016761586561618e-01,-5.015388190315485384e-02,2.342345698934536757e-01,6.072915564144514000e-02,-3.211141431785523997e-02
-7.102589382213355673e-01,6.743003684848185575e-01,-3.632465399455483412e-01,4.903679168581966952e-01,1.516139040306677677e-01,2.290183783116582494e-02,7.881552781344247638e-01,-6.572546972783263053e-01,6.671785056537541392e-01,4.511296662518090583e-01,-3.342815301597872879e-01,5.138816157374341831e-01,-4.976888095723575045e-01,-3.613581104319352200e-02,1.000000000000000000e+00,-4.489005054358559121e-01,-3.662450655560867130e-01,-2.451797669065700902e-01,-4.753570374824673817e-01,-8.072534000000000098e-01,-5.866615117549426328e-01,2.977687738345822371e-02,2.336006664200920846e-01,-4.967809551071037943e-01,-9.289451924211633571e-01,-8.701650660612284538e-01,9.152622512681902744e-01,3.391221781118992085e-01,-7.154046294150459007e-01,3.561426443003489206e-01,-1.133461955106518371e-01,-5.003152286401374438e-02,-4.247393828062525634e-01,-8.047867573003886221e-01,-4.724967985749626842e-01,-3.325623174237004598e-01,3.689713145921731663e-02,-7.020996143624668173e-01,-8.342291120370520785e-02
7.377196599973575575e-01,-3.891939631206900452e-01,4.402750831385158214e-01,-8.858942961223881252e-01,-7.502903004005406773e-01,7.645201769059835062e-01,-8.392137761456107681e-01,8.554710917445589313e-01,-2.473165061914595619e-01,1.007072620840245847e-01,-2.427050848493788882e-01,3.700524279178524223e-02,8.257650142246171221e-01,-4.789159261647506216e-02,-4.489005054358559121e-01,1.000000000000000000e+00,7.907265144728576889e-01,2.048809743666635819e-01,9.078323300396247131e-01,8.227851799999998939e-01,4.260328044645571022e-01,8.064582466445260334e-01,4.938912262172862055e-01,1.371572635601513712e-01,4.597985027711555817e-01,6.424739709363612716e-01,-4.440644721247087867e-01,5.362547437990063948e-01,8.268841717112597189e-01,-1.937463177533431391e-01,2.532022930921082327e-01,-2.080399785639795995e-01,7.890811154986913101e-01,7.249934957773414013e-01,8.443156968860578981e-01,3.965510195441691033e-01,-1.733829653524870118e-01,-9.222637297443550541e-02,-4.049216409199232758e-01
5.977197812186246795e-01,-3.674583642063183886e-01,6.032373570569385390e-02,-6.486710688884507192e-01,-9.147609107371943438e-01,6.420344610767108051e-01,-6.447848596299545765e-01,7.549189825815905142e-01,-1.246371768247486189e-01,4.130079041981137705e-02,-3.849092932852868354e-01,1.574812312454526575e-01,5.254135517119273846e-01,-2.401282295713124126e-01,-3.662450655560867130e-01,7.907265144728576889e-01,1.000000000000000000e+00,1.963297844570585926e-01,8.421842925308854477e-01,6.321157200000000476e-01,6.668830891848308295e-02,7.824716540658864794e-01,2.182464793233795664e-01,6.950252162336147121e-02,3.094648720829781263e-01,4.921192156414792573e-01,-3.058599904702171690e-01,5.504906774875780728e-01,6.789734331678349832e-01,-9.144972497157485836e-02,3.017795429375740301e-01,-6.057859930881913657e-01,8.197842832345669795e-01,5.825263769051558516e-01,8.059370349480223794e-01,3.107828579302289729e-01,-2.608624099185717360e-01,-9.847201349460828201e-03,-5.250894351193272636e-01
2.676182030020845537e-01,-6.259152592265745385e-01,2.052949985065121163e-01,-2.493771551606092374e-01,-5.374123336233416898e-02,-1.530171722080191088e-01,-3.551620593718125551e-01,5.304872038447475818e-02,2.971630217625325088e-01,-4.826504861212285030e-02,3.539991456778714962e-01,-3.665372198875598286e-01,2.303659473177462336e-01,6.310684255497508444e-01,-2.451797669065700902e-01,2.048809743666635819e-01,1.963297844570585926e-01,1.000000000000000000e+00,9.019115875399283389e-02,3.184615600000000324e-01,4.295609684708446840e-01,-9.683987789507332578e-02,-2.597777704587939107e-01,8.193788960954578870e-01,3.243462720488568540e-01,3.156013010045024547e-01,-4.044687081613147495e-01,1.721149270749146309e-02,4.489433206520540565e-01,-3.974968154502422357e-01,6.418160123042990772e-01,-1.147354587890228317e-01,-2.151977539845766618e-01,1.836732039215239198e-01,-1.695720580953435086e-01,3.614341554044998572e-01,4.452129210427762107e-01,2.253164416120000402e-01,-2.912428241710393051e-01
8.014249923428218292e-01,-4.929418898033576246e-01,2.971908747571727627e-01,-8.045288633646309195e-01,-7.700562594360744750e-01,7.634788749514708206e-01,-8.077136772821972288e-01,8.680741488850391985e-01,-1.810282614123036038e-01,2.351816408421291416e-01,-2.067056640062231720e-01,-5.791171750681989999e-02,6.576346008912171692e-01,-1.028122312034910335e-01,-4.753570374824673817e-01,9.078323300396247131e-01,8.421842925308854477e-01,9.019115875399283389e-02,1.000000000000000000e+00,7.963759399999998934e-01,2.870518651269864940e-01,8.053618865939533578e-01,5.209649981485917625e-01,7.638281698738080827e-02,4.878751831919850845e-01,6.718792742094502612e-01,-4.263030874311143359e-01,4.970297947420161955e-01,7.851820118762212752e-01,-3.722496945208853547e-01,1.860028015891107556e-01,-2.914890315093768836e-01,8.917672598444054133e-01,7.928502250702784693e-01,8.577434157045717988e-01,2.235023218902792985e-01,-4.995887398719440764e-01,8.182590867052067082e-04,-2.141187634092736325e-01
8.908689599999999320e-01,-6.928067199999999870e-01,6.064684399999999975e-01,-8.697490199999999838e-01,-4.626269400000000420e-01,4.296442000000000316e-01,-9.961409199999999853e-01,8.323075600000000573e-01,-4.844678599999999724e-01,-1.271736999999999451e-01,1.170957599999999932e-01,-3.381691399999999792e-01,8.286170600000000164e-01,1.628646600000001055e-01,-8.072534000000000098e-01,8.227851799999998939e-01,6.321157200000000476e-01,3.184615600000000324e-01,7.963759399999998934e-01,1.000000000000000000e+00,7.258072600000000651e-01,4.113640599999999203e-01,1.290006999999999682e-01,4.883684200000000253e-01,8.537979600000000779e-01,9.065017799999999237e-01,-8.432193399999999839e-01,9.324043999999998000e-02,9.734574799999999861e-01,-4.312541399999999525e-01,2.382771400000001094e-01,5.075460000000031613e-03,6.534363800000000388e-01,9.469834200000000202e-01,7.000516000000001071e-01,4.851457400000001030e-01,-9.878354000000000301e-02,3.381643199999999627e-01,-2.168533000000000266e-01
6.395003715798016630e-01,-5.758223806692055469e-01,7.997281432375099586e-01,-6.726241573764453197e-01,9.830241809977718903e-02,1.043540439332887454e-01,-7.288601722773845326e-01,3.411918820455365764e-01,-2.899372424931769276e-01,-1.059492370270452011e-01,4.333824445769401956e-01,-4.890621386289084604e-01,7.082215075757328782e-01,6.650209838726123257e-01,-5.866615117549426328e-01,4.260328044645571022e-01,6.668830891848308295e-02,4.295609684708446840e-01,2.870518651269864940e-01,7.258072600000000651e-01,1.000000000000000000e+00,-3.789533725333106562e-02,1.052220492200508714e-02,6.961222079217949110e-01,6.875945725091907601e-01,6.633870289022577582e-01,-7.182013278515109178e-01,-1.215905606686063095e-01,7.537768352420618490e-01,-5.132611260355721683e-01,2.868877500869100317e-01,4.103496627675576880e-01,5.887653727876902832e-02,6.245564611240186359e-01,1.066606447206169123e-01,3.039724997703200926e-01,2.180050262161393193e-01,2.275962342036437214e-01,-1.908239324835481754e-01
4.365773056453870482e-01,8.989868999476692199e-03,1.581377040913269916e-01,-6.653195021836911804e-01,-8.399996569394433399e-01,9.417826768760915179e-01,-4.290504694690912557e-01,5.873165633637433825e-01,8.260289195437992005e-02,3.660777210969614615e-01,-5.840257631298390040e-01,4.197314760319765248e-01,5.590958420055790468e-01,-2.690509271775308742e-01,2.977687738345822371e-02,8.064582466445260334e-01,7.824716540658864794e-01,-9.683987789507332578e-02,8.053618865939533578e-01,4.113640599999999203e-01,-3.789533725333106562e-02,1.000000000000000000e+00,7.248100380040687352e-01,-3.380974649174099955e-01,-6.868798277308078848e-02,1.944042506553612937e-01,1.107664586231281723e-01,8.729457594253413610e-01,4.501441501486851404e-01,2.851157762137037505e-02,6.367961880469918956e-02,-4.408930136094818542e-01,8.164698391561456825e-01,3.770635946021755336e-01,7.747682930431384341e-01,3.659236657042803237e-02,-4.468689906236604226e-01,-5.101569221516588648e-01,-4.773603091132893605e-01
2.786745923747358522e-01,1.458868403379332268e-01,1.907023281509278023e-01,-4.252301790225549438e-01,-3.093021723467335171e-01,7.875131318476171760e-01,-1.548070090454084224e-01,2.640189841004875748e-01,2.767156452014356005e-01,6.223039255921637425e-01,-2.773549095710756696e-01,2.037961114937049123e-01,3.267001519174988489e-01,7.107792025309633875e-04,2.336006664200920846e-01,4.938912262172862055e-01,2.182464793233795664e-01,-2.597777704587939107e-01,5.209649981485917625e-01,1.290006999999999682e-01,1.052220492200508714e-02,7.248100380040687352e-01,1.000000000000000000e+00,-4.386331048729921744e-01,-2.277129961388129342e-01,1.953735883978104104e-03,3.198476261339027182e-01,7.144105576755698239e-01,1.343026831929271803e-01,-1.978702371832462559e-01,-6.902088512485260452e-02,2.152860604053656243e-02,4.555292925812537419e-01,1.331993070165075899e-01,3.614422876414834507e-01,-3.179481139515504817e-01,-5.866242299210289168e-01,-6.130046760794741756e-01,-3.483714077691953820e-02
4.230608232583809025e-01,-7.774455906492596657e-01,3.259662334150438268e-01,-2.603261645314131623e-01,1.414765712080723881e-01,-3.464403854533093519e-01,-5.112481673418298733e-01,1.582539837201746291e-01,1.846956826827103604e-03,-1.999010544574865433e-01,6.259252342750725173e-01,-6.615916333519393788e-01,2.474180240505682027e-01,7.179590046414482396e-01,-4.967809551071037943e-01,1.371572635601513712e-01,6.950252162336147121e-02,8.193788960954578870e-01,7.638281698738080827e-02,4.883684200000000253e-01,6.961222079217949110e-01,-3.380974649174099955e-01,-4.386331048729921744e-01,1.000000000000000000e+00,6.424396970124357509e-01,5.554162700056852753e-01,-7.125097545150707035e-01,-3.713425147336703591e-01,5.652009741158831035e-01,-5.918507883951391602e-01,6.181930047987129750e-01,1.634684270127736982e-01,-2.577015002043931968e-01,3.727474168008811928e-01,-1.965761126517657775e-01,4.536679798261773477e-01,4.508970852551917874e-01,5.439358741160483790e-01,-8.344459314514322823e-02
7.817029890194826525e-01,-7.964309843514494336e-01,4.009946080294510828e-01,-5.057499023100362479e-01,-6.118694835485326972e-02,-6.948939884525226485e-02,-8.447754093782867679e-01,6.651329075196082963e-01,-5.773508902761279593e-01,-3.207332383788347174e-01,4.949022911436715688e-01,-6.702699436248741316e-01,4.944079167867816982e-01,2.130134078222896410e-01,-9.289451924211633571e-01,4.597985027711555817e-01,3.094648720829781263e-01,3.243462720488568540e-01,4.878751831919850845e-01,8.537979600000000779e-01,6.875945725091907601e-01,-6.868798277308078848e-02,-2.277129961388129342e-01,6.424396970124357509e-01,1.000000000000000000e+00,9.373737382917320948e-01,-9.874350983595101550e-01,-4.049113479898219792e-01,7.732712356388680153e-01,-5.273923181144390959e-01,2.536273513169171046e-01,2.258709288530920678e-01,3.355395471403724295e-01,8.229633125355287904e-01,3.936948819855388693e-01,4.772089863412858346e-01,3.837588521375021738e-02,7.546577693884947147e-01,1.729286935936097114e-01
9.324960329184402985e-01,-8.292456113325870071e-01,3.461429901620092786e-01,-6.258505447776698816e-01,-2.268581629704806979e-01,1.475065402464816045e-01,-9.167374525520408657e-01,7.754919687036043729e-01,-4.207309488127156660e-01,-1.468013559824665470e-01,4.477582754485269767e-01,-6.419980626919578048e-01,5.706121060159310421e-01,2.210001665133156101e-01,-8.701650660612284538e-01,6.424739709363612716e-01,4.921192156414792573e-01,3.156013010045024547e-01,6.718792742094502612e-01,9.065017799999999237e-01,6.633870289022577582e-01,1.944042506553612937e-01,1.953735883978104104e-03,5.554162700056852753e-01,9.373737382917320948e-01,1.000000000000000000e+00,-9.090088257181918596e-01,-1.375322113279039415e-01,8.478814333679953741e-01,-5.934929534354586034e-01,3.931664606408104001e-01,1.287579654447832123e-01,4.936297077830052449e-01,8.392430092725656765e-01,5.167079896104019854e-01,3.591981026888239059e-01,-6.530356668204055637e-02,6.218836694360571071e-01,7.434805410964316630e-02
-7.317814885738679331e-01,7.825507519627155073e-01,-4.227181906826334989e-01,5.009484232523306879e-01,6.098464929872224327e-02,1.202308896564822094e-01,8.345368503010964778e-01,-6.241141227685813586e-01,5.762230074725804840e-01,3.977633950524750439e-01,-4.833213391151536253e-01,6.376247225815321329e-01,-5.138199923971996652e-01,-2.453068902577915655e-01,9.152622512681902744e-01,-4.440644721247087867e-01,-3.058599904702171690e-01,-4.044687081613147495e-01,-4.263030874311143359e-01,-8.432193399999999839e-01,-7.182013278515109178e-01,1.107664586231281723e-01,3.198476261339027182e-01,-7.125097545150707035e-01,-9.874350983595101550e-01,-9.090088257181918596e-01,1.000000000000000000e+00,4.210067220351377815e-01,-7.811790088942234256e-01,4.674509903512324982e-01,-2.977218809631688168e-01,-1.999194283539276196e-01,-2.690285429094989578e-01,-7.863468607634707119e-01,-3.534371692711614221e-01,-5.575828938936107093e-01,-1.759337993891045282e-01,-7.531002060817945098e-01,-7.438204394717751189e-02
1.626002105926113994e-01,1.989588907730232559e-01,1.446048963389577335e-01,-4.935412268881489983e-01,-6.550934016282455863e-01,8.538903293825825802e-01,-1.162553722279898866e-01,1.584840510233109512e-01,4.303637643722999506e-01,4.425978353943602617e-01,-6.167056366136396406e-01,5.615866497196928542e-01,4.149896140910386277e-01,-8.591192470363828715e-02,3.391221781118992085e-01,5.362547437990063948e-01,5.504906774875780728e-01,1.721149270749146309e-02,4.970297947420161955e-01,9.324043999999998000e-02,-1.215905606686063095e-01,8.729457594253413610e-01,7.144105576755698239e-01,-3.713425147336703591e-01,-4.049113479898219792e-01,-1.375322113279039415e-01,4.210067220351377815e-01,1.000000000000000000e+00,2.004485039717824879e-01,1.260385197944454139e-01,3.388624405626372571e-02,-4.828077869657920740e-01,5.237364510835995635e-01,6.329059592720730210e-02,4.377155825488120433e-01,-2.118326532418986219e-01,-3.435144481698380603e-01,-7.716455080295855362e-01,-6.047827564587484606e-01
8.732090906579029754e-01,-7.123939674063860528e-01,6.262553674087287803e-01,-9.028670162934125942e-01,-5.067700951252556152e-01,4.666102232943727945e-01,-9.786846946594204288e-01,7.717965768448424857e-01,-3.363114251460583293e-01,-4.847217476375863254e-02,9.341901555542210522e-02,-3.018596224747163159e-01,8.435988561371442485e-01,2.921068138680064652e-01,-7.154046294150459007e-01,8.268841717112597189e-01,6.789734331678349832e-01,4.489433206520540565e-01,7.851820118762212752e-01,9.734574799999999861e-01,7.537768352420618490e-01,4.501441501486851404e-01,1.343026831929271803e-01,5.652009741158831035e-01,7.732712356388680153e-01,8.478814333679953741e-01,-7.811790088942234256e-01,2.004485039717824879e-01,1.000000000000000000e+00,-4.655026427840365244e-01,3.518265796965256431e-01,-6.548106261207853329e-02,5.997207044623030781e-01,8.956530527193559132e-01,6.316182691018781270e-01,4.751264993879417142e-01,-5.067949622903038936e-02,2.352424017632045727e-01,-3.671036823118239423e-01
-6.661158679949245043e-01,8.000588477331087578e-01,-1.378828600096836943e-01,2.607601417047369363e-01,-1.546221761836908681e-01,6.581347437440356052e-03,4.728541260592586393e-01,-2.996880206378275679e-01,-2.212227795812098663e-01,-4.189334961659254009e-01,-7.055090648432268408e-01,8.211800509312211505e-01,-8.464613844297536049e-02,-7.008596087016358833e-01,3.561426443003489206e-01,-1.937463177533431391e-01,-9.144972497157485836e-02,-3.974968154502422357e-01,-3.722496945208853547e-01,-4.312541399999999525e-01,-5.132611260355721683e-01,2.851157762137037505e-02,-1.978702371832462559e-01,-5.918507883951391602e-01,-5.273923181144390959e-01,-5.934929534354586034e-01,4.674509903512324982e-01,1.260385197944454139e-01,-4.655026427840365244e-01,1.000000000000000000e+00,-5.559139474152073879e-01,-3.105173836711043744e-01,-8.028595681711294535e-03,-4.035064837443181340e-01,1.071053110763745542e-01,7.588893249559736098e-02,2.822965381370714510e-01,-3.747387796444972552e-01,-3.316468007266484830e-01
4.166214775701536643e-01,-5.883414522432474092e-01,-2.271147847227327210e-01,-9.391976365702320306e-02,-5.056292041343746213e-02,-1.282193422701150276e-01,-3.142842434553840270e-01,2.804095697835092826e-01,3.427008801282256378e-01,1.666527963964568038e-01,5.434883574162053810e-01,-5.602825877224549833e-01,3.810787564446027620e-03,5.679109970592416401e-01,-1.133461955106518371e-01,2.532022930921082327e-01,3.017795429375740301e-01,6.418160123042990772e-01,1.860028015891107556e-01,2.382771400000001094e-01,2.868877500869100317e-01,6.367961880469918956e-02,-6.902088512485260452e-02,6.181930047987129750e-01,2.536273513169171046e-01,3.931664606408104001e-01,-2.977218809631688168e-01,3.388624405626372571e-02,3.518265796965256431e-01,-5.559139474152073879e-01,1.000000000000000000e+00,4.027137664453073196e-02,-1.677820555119830526e-01,-1.150791867160848303e-02,-1.529166814037897781e-01,2.325299434527068332e-01,3.472746419179227884e-01,2.989298411033398661e-01,-1.208251275987348716e-01
7.168353456514398037e-02,-5.065262995819836550e-02,2.188850838213209915e-01,1.145600530436988312e-01,6.966763690887751714e-01,-3.112538938983697157e-01,-1.079466798407022893e-02,-7.274457435072177736e-02,-2.122563320356307404e-01,8.493568436970537483e-02,5.951385425896558168e-01,-5.117411065844910123e-01,-5.027260024019636342e-02,4.128376960091059145e-01,-5.003152286401374438e-02,-2.080399785639795995e-01,-6.057859930881913657e-01,-1.147354587890228317e-01,-2.914890315093768836e-01,5.075460000000031613e-03,4.103496627675576880e-01,-4.408930136094818542e-01,2.152860604053656243e-02,1.634684270127736982e-01,2.258709288530920678e-01,1.287579654447832123e-01,-1.999194283539276196e-01,-4.828077869657920740e-01,-6.548106261207853329e-02,-3.105173836711043744e-01,4.027137664453073196e-02,1.000000000000000000e+00,-4.152230393164706435e-01,-5.958486396017424747e-02,-3.707162240140700615e-01,1.144595788887356816e-02,1.972496587646899169e-01,2.190674272279582724e-01,5.252015788480397518e-01
6.124782766649636834e-01,-1.865213670541256974e-01,2.390946751245215940e-01,-7.035621049258613535e-01,-8.105004356397680354e-01,7.881570215787649936e-01,-6.359714274357444186e-01,7.684121179210766650e-01,-3.495460418296050809e-01,6.464855393473840917e-02,-4.844840588003104243e-01,2.386285134556860310e-01,6.100867439693771210e-01,-4.596414454101482305e-01,-4.247393828062525634e-01,7.890811154986913101e-01,8.197842832345669795e-01,-2.151977539845766618e-01,8.917672598444054133e-01,6.534363800000000388e-01,5.887653727876902832e-02,8.164698391561456825e-01,4.555292925812537419e-01,-2.577015002043931968e-01,3.355395471403724295e-01,4.936297077830052449e-01,-2.690285429094989578e-01,5.237364510835995635e-01,5.997207044623030781e-01,-8.028595681711294535e-03,-1.677820555119830526e-01,-4.152230393164706435e-01,1.000000000000000000e+00,7.189241206850602861e-01,9.600624004813415047e-01,1.200465370218391781e-01,-5.744053918680841475e-01,-8.990709300620793043e-02,-2.585567653252403009e-01
8.260726654020988935e-01,-6.444672528795227784e-01,6.268210650789325378e-01,-8.280578003554115440e-01,-4.641524448348146037e-01,4.472263991076925183e-01,-9.233793464783927041e-01,7.541262663785139875e-01,-5.052820228628581711e-01,-9.148665547075966742e-02,2.024283190114231634e-02,-2.639641886895016665e-01,7.638860064606011191e-01,4.965590371333363645e-02,-8.047867573003886221e-01,7.249934957773414013e-01,5.825263769051558516e-01,1.836732039215239198e-01,7.928502250702784693e-01,9.469834200000000202e-01,6.245564611240186359e-01,3.770635946021755336e-01,1.331993070165075899e-01,3.727474168008811928e-01,8.229633125355287904e-01,8.392430092725656765e-01,-7.863468607634707119e-01,6.329059592720730210e-02,8.956530527193559132e-01,-4.035064837443181340e-01,-1.150791867160848303e-02,-5.958486396017424747e-02,7.189241206850602861e-01,1.000000000000000000e+00,7.232454218625302689e-01,3.594108638454054372e-01,-3.041657805274275983e-01,3.152985012025770750e-01,-1.199790981176323545e-01
5.663825418980196202e-01,-1.554743128047174627e-01,2.825910704514392746e-01,-7.188055601502023606e-01,-8.231337059295488201e-01,7.296202951168824224e-01,-6.801510605376072105e-01,8.240684682321923749e-01,-4.863708167402415183e-01,-9.531782786708475896e-02,-5.015939829373378123e-01,2.694376556336285367e-01,6.770432198584428463e-01,-5.135016761586561618e-01,-4.724967985749626842e-01,8.443156968860578981e-01,8.059370349480223794e-01,-1.695720580953435086e-01,8.577434157045717988e-01,7.000516000000001071e-01,1.066606447206169123e-01,7.747682930431384341e-01,3.614422876414834507e-01,-1.965761126517657775e-01,3.936948819855388693e-01,5.167079896104019854e-01,-3.534371692711614221e-01,4.377155825488120433e-01,6.316182691018781270e-01,1.071053110763745542e-01,-1.529166814037897781e-01,-3.707162240140700615e-01,9.600624004813415047e-01,7.232454218625302689e-01,1.000000000000000000e+00,3.320795113887628491e-01,-3.665104726656676637e-01,-3.437161925976539578e-02,-3.050583534425966858e-01
1.817715112678118250e-01,-2.465937456336524947e-01,2.461886399035492223e-01,-3.144471728984410408e-01,-2.651004307841427488e-01,-5.259254071511851314e-02,-4.769714233695640515e-01,4.382675801134818250e-01,-4.333345304858437497e-01,-4.277754741277497996e-01,-2.076112546097075989e-02,-5.309415129704053715e-02,4.017739030062030814e-01,-5.015388190315485384e-02,-3.325623174237004598e-01,3.965510195441691033e-01,3.107828579302289729e-01,3.614341554044998572e-01,2.235023218902792985e-01,4.851457400000001030e-01,3.039724997703200926e-01,3.659236657042803237e-02,-3.179481139515504817e-01,4.536679798261773477e-01,4.772089863412858346e-01,3.591981026888239059e-01,-5.575828938936107093e-01,-2.118326532418986219e-01,4.751264993879417142e-01,7.588893249559736098e-02,2.325299434527068332e-01,1.144595788887356816e-02,1.200465370218391781e-01,3.594108638454054372e-01,3.320795113887628491e-01,1.000000000000000000e+00,5.225181570623288474e-01,3.384595942085212306e-01,-2.391641828737445796e-01
-2.730645432666302663e-01,3.221712267482383651e-02,2.726363085031002775e-02,1.892073126952349138e-01,2.889347511106933331e-01,-5.321078296849612865e-01,8.593251001142707124e-02,-2.444644631031054893e-01,-6.349925106329648572e-02,-5.001963402129440128e-01,2.401357303589690684e-01,-6.732207315363392119e-02,-2.161076011518001452e-03,2.342345698934536757e-01,3.689713145921731663e-02,-1.733829653524870118e-01,-2.608624099185717360e-01,4.452129210427762107e-01,-4.995887398719440764e-01,-9.878354000000000301e-02,2.180050262161393193e-01,-4.468689906236604226e-01,-5.866242299210289168e-01,4.508970852551917874e-01,3.837588521375021738e-02,-6.530356668204055637e-02,-1.759337993891045282e-01,-3.435144481698380603e-01,-5.067949622903038936e-02,2.822965381370714510e-01,3.472746419179227884e-01,1.972496587646899169e-01,-5.744053918680841475e-01,-3.041657805274275983e-01,-3.665104726656676637e-01,5.225181570623288474e-01,1.000000000000000000e+00,2.126568665641760392e-01,-2.738160427061249180e-01
3.582724879229597370e-01,-6.209779413601869136e-01,-1.959695320843950761e-01,1.640199125000994518e-01,2.767844545040331616e-01,-6.232710440372029037e-01,-3.356920572813345549e-01,2.972091125494688013e-01,-4.310484562659009367e-01,-4.652035129797847945e-01,6.837789105184651772e-01,-7.557537831094376379e-01,-1.553506557157288692e-01,6.072915564144514000e-02,-7.020996143624668173e-01,-9.222637297443550541e-02,-9.847201349460828201e-03,2.253164416120000402e-01,8.182590867052067082e-04,3.381643199999999627e-01,2.275962342036437214e-01,-5.101569221516588648e-01,-6.130046760794741756e-01,5.439358741160483790e-01,7.546577693884947147e-01,6.218836694360571071e-01,-7.531002060817945098e-01,-7.716455080295855362e-01,2.352424017632045727e-01,-3.747387796444972552e-01,2.989298411033398661e-01,2.190674272279582724e-01,-8.990709300620793043e-02,3.152985012025770750e-01,-3.437161925976539578e-02,3.384595942085212306e-01,2.126568665641760392e-01,1.000000000000000000e+00,4.900176283642074804e-01
-3.417283901642381716e-02,-1.121864656856139397e-01,-3.652469758503492647e-01,5.093833791015515144e-01,5.946843408485086302e-01,-4.703705449522978532e-01,2.161521397557981117e-01,-8.376447200685323280e-02,-7.211141212795676991e-02,1.094058885140210546e-01,5.666408412213755907e-01,-5.610286611796472256e-01,-5.455214726486933285e-01,-3.211141431785523997e-02,-8.342291120370520785e-02,-4.049216409199232758e-01,-5.250894351193272636e-01,-2.912428241710393051e-01,-2.141187634092736325e-01,-2.168533000000000266e-01,-1.908239324835481754e-01,-4.773603091132893605e-01,-3.483714077691953820e-02,-8.344459314514322823e-02,1.729286935936097114e-01,7.434805410964316630e-02,-7.438204394717751189e-02,-6.047827564587484606e-01,-3.671036823118239423e-01,-3.316468007266484830e-01,-1.208251275987348716e-01,5.252015788480397518e-01,-2.585567653252403009e-01,-1.199790981176323545e-01,-3.050583534425966858e-01,-2.391641828737445796e-01,-2.738160427061249180e-01,4.900176283642074804e-01,1.000000000000000000e+00
