1.0,0.41957009092458952,0.39401135365466994,-0.23196724526144144,0.24854984927598919,0.60941806843847846,0.17010359142813275,-0.57328489526194781,-0.74223706873663242,0.44455456258722059,-0.69498466735146158,0.13929145422061529,0.21180525262680888,-0.49095416075230519,-0.51453876699015244,-0.72219587165617305,-0.092276363606742295,0.54516144132127464,-0.21643202189717795,0.69232521999306396,0.1685670912071047,-0.33301643418798599,0.18475862343849594,0.36635860127510761,-0.39675356803818917,0.54365231367952538,0.64433085137048551,-0.25581487354257781,-0.062049518493571459,-0.041304666212175559,-0.81173740341007161,-0.35921649956583929,-0.16661323645211515,-0.23329182000000004,0.089619406139583177,-0.31490549320304656,-0.3943422019928316,-0.030367820125007189,0.1395316559913676
0.41957009092458952,1.0,-0.26021346757296271,-0.38002736672065884,-0.41328618881883683,0.076113121292817998,0.86958205798120469,0.34370856454442861,-0.63407020160521321,-0.5047469837626456,-0.83243236083294647,0.87157867610531681,0.38343329371434687,0.23870085952078035,0.057333175962793456,-0.28552460100999277,0.75274815006307394,0.77861186131147142,-0.053840729813590449,0.60818074395309774,-0.67849774478666425,-0.8296969207837257,-0.73027770109963297,-0.61722832654616155,0.26246102779276564,0.35022565254955362,-0.14142521362434257,-0.96574049516418581,0.27117968302328915,0.73327159815226972,-0.17783765531642287,-0.2890028026713769,0.23869720606242725,-0.97815646000000001,-0.5112571383812714,-0.51076380275079325,-0.53781212278875368,-0.83387647567060086,0.74012042739317219
0.39401135365466994,-0.26021346757296271,1.0,0.1262858924999205,0.30633839332728979,0.45262536071933313,-0.27737646423115614,-0.65580331846379791,-0.13000641339597974,0.63612524749883437,0.0031100624344636875,-0.39348307590719961,-0.087370962126368787,-0.40808233496491997,-0.4692584109471305,-0.23780948793453402,-0.20446768220477121,-0.20264713686030311,-0.23786435703093925,0.036119110412405515,0.37628289622666361,-0.11268880241847466,0.36534051465646405,0.5523695830615829,-0.32877489171674701,-0.10113316580403717,0.5661530867521164,0.28430425771675244,0.084664899291497397,-0.47091984382696733,-0.19502410498801032,-0.37346929304505805,-0.23416159312263879,0.3657786999999999,0.42266013627337234,-0.46685001509405666,-0.32454117215834033,0.32576168819921497,-0.22653180315077831
-0.23196724526144144,-0.38002736672065884,0.1262858924999205,1.0,0.041988286430184416,0.022659834190846138,-0.40421796660624149,-0.26197104698336698,0.24424845867351427,0.25779708345248159,0.59073075642935724,-0.32144433991189447,-0.16352369235807335,-0.33384612180977885,-0.27428483999343045,0.14156737990330984,-0.19646361849548991,-0.20358550658977448,-0.11088045318538892,-0.17168781901292271,0.45865801124191274,0.26756790021768923,0.30883602196999177,0.38004080295496079,0.017190113350529779,-0.21069819614980798,-0.16098836763440275,0.34433487755921582,-0.024897364056891001,-0.3744149344425084,0.12378314371927562,-0.053180463598851792,-0.35861874252749715,0.3692330800000001,0.18322560961955922,0.13340420591826874,0.20898373060709771,0.25249775488311055,-0.43934566640352263
0.24854984927598919,-0.41328618881883683,0.30633839332728979,0.041988286430184416,1.0,0.67734853985429211,-0.43099674991635373,-0.67182379668137082,-0.39440618787850334,0.30376632612065546,0.15015851902806415,-0.78877255479723429,0.49104454206866921,-0.23682082516499431,-0.63531512792439104,-0.66222272491863465,-0.77665814460682414,-0.25479541952521784,0.45817433919719408,-0.16184785364894616,0.40226937696910114,0.51565559276501427,0.74717422469881101,0.61177838194143908,-0.90423258794878947,0.07789438913604077,0.67719583831057484,0.59378700410638563,-0.077442339608887495,-0.60832318156545839,-0.66943373569545506,0.40799581204045365,0.12516819277505636,0.53845337999999998,0.12462217519525472,-0.0096708865155395018,0.32061066731203375,0.53389815627792647,-0.063695912977989502
0.60941806843847846,0.076113121292817998,0.45262536071933313,0.022659834190846138,0.67734853985429211,1.0,-0.081954100126831617,-0.75139321784672841,-0.66256623243779034,0.28184360738452235,-0.40656788292107582,-0.36845461944737551,0.54886948152839665,-0.36793160695788152,-0.59866834262450319,-0.78060382990051835,-0.32643586485258247,0.22684254082428931,-0.098575104199217736,0.4551432783921493,0.32815890074062709,-0.089079496734639718,0.48580306311635896,0.53806968445906145,-0.550884672929846,0.26823764581948178,0.85982516756721761,0.051609164034770942,-0.1478016002243773,-0.41585397448137418,-0.71692403189208997,-0.29321848994064648,-0.20879167376828026,0.10128446000000002,0.26640068426525226,-0.32054686873705796,-0.14965865981881643,0.16749472848519037,0.24033760518029396
0.17010359142813275,0.86958205798120469,-0.27737646423115614,-0.40421796660624149,-0.43099674991635373,-0.081954100126831617,1.0,0.48126659625435603,-0.46445033997188373,-0.55926465475739273,-0.66009648978287805,0.79625012376538618,0.30841269323320814,0.22763067104828497,0.27638275931841166,-0.19180150220039419,0.73916331510042987,0.71554210321351297,0.0046181335556735523,0.44063476522054695,-0.66849994584281436,-0.71658179071591399,-0.73597352566686869,-0.68854157380114833,0.34104162642159636,0.32708975830838777,-0.27214601368320862,-0.873880209689056,0.12898012644474555,0.71567767196663645,0.0042761185834730708,-0.17028480511080829,0.23805837852035122,-0.89084194000000005,-0.42376882216719786,-0.37507487089227437,-0.30543416197255341,-0.85803901818412653,0.73144280445657428
-0.57328489526194781,0.34370856454442861,-0.65580331846379791,-0.26197104698336698,-0.67182379668137082,-0.75139321784672841,0.48126659625435603,1.0,0.35378036054018053,-0.6785108737425023,0.016189029022541469,0.63470066751047749,-0.11871252898698843,0.71014788439841936,0.58289115824701532,0.56243141303248112,0.62140142697753964,-0.0083806514866438045,0.12005957298783725,-0.24338026031956547,-0.72465840903528156,-0.25833793732743165,-0.79080749024863017,-0.88495265993556194,0.64639545799497367,-0.33685864709974012,-0.7451622065562149,-0.48080464143146773,0.088306613697146916,0.78293221865621132,0.6814373707214656,0.20719194527901852,0.36132431184325586,-0.51828797999999998,-0.37074308218864116,0.10730641576261891,-0.030278388202343881,-0.59535663312546849,0.32193654389183102
-0.74223706873663242,-0.63407020160521321,-0.13000641339597974,0.24424845867351427,-0.39440618787850334,-0.66256623243779034,-0.46445033997188373,0.35378036054018053,1.0,0.057440113314754966,0.69962989041112411,-0.20478719729577199,-0.75868234577841676,0.12770271627918167,0.56991889966369369,0.82594586114309443,-0.10455319055874047,-0.57780133681610668,-0.27749017857109576,-0.49271529506837541,0.24610009441998165,0.43893184358734028,0.062971553828892315,0.0024912378319392812,0.53646123438920723,-0.46107731763694731,-0.442193970881265,0.43694122728910795,-0.18153190684591655,-0.11787005329952317,0.78857197762629827,0.0075183768879442722,-0.29466366077382189,0.4877287400000001,0.35653781700575043,0.56106500385883418,0.24228388466046988,0.28797336164443965,-0.60076556980494689
0.44455456258722059,-0.5047469837626456,0.63612524749883437,0.25779708345248159,0.30376632612065546,0.28184360738452235,-0.55926465475739273,-0.6785108737425023,0.057440113314754966,1.0,0.18394234646363336,-0.50226036427634202,-0.2909382372976671,-0.70741372608313813,-0.47694718913472611,-0.12680953127419603,-0.53609974644758029,-0.285467057149559,-0.3001718410051103,-0.0043648486907934001,0.70109334143954283,0.27775809871500318,0.63729730291051601,0.76517235955980067,-0.36426918309607503,0.015366908553316351,0.55001169709319997,0.55468904213432646,-0.4616681645445696,-0.6357737830313035,-0.31660015912627093,-0.16733628375694534,-0.41273311928689876,0.61824458000000004,0.69257559245936962,0.17217808050229153,0.1896992064776396,0.69203425809047014,-0.54065772472720097
-0.69498466735146158,-0.83243236083294647,0.0031100624344636875,0.59073075642935724,0.15015851902806415,-0.40656788292107582,-0.66009648978287805,0.016189029022541469,0.69962989041112411,0.18394234646363336,1.0,-0.61061746667547578,-0.36470909496058768,-0.032772846308125381,0.032179557248689192,0.47734490632145643,-0.47282398926783586,-0.74101162701779599,0.24034671323475099,-0.75693360123875653,0.39574334648995929,0.74012902961221716,0.3989477145533662,0.27554646347946188,-0.063975528188871922,-0.45359475294313856,-0.34307741758287436,0.76995516669306141,-0.033963420554062693,-0.46595088007645585,0.42150486545584154,0.45828436959367019,-0.060493748082591121,0.73481602000000001,0.17093525529891218,0.45770464750543038,0.55377647114686823,0.52679133381206411,-0.64500442592388763
0.13929145422061529,0.87157867610531681,-0.39348307590719961,-0.32144433991189447,-0.78877255479723429,-0.36845461944737551,0.79625012376538618,0.63470066751047749,-0.20478719729577199,-0.50226036427634202,-0.61061746667547578,1.0,-0.0041577346817618932,0.327874911793815,0.37019810641871209,0.16636094360480608,0.87631002744725572,0.61838672636742031,-0.20189454590624936,0.43569326217290066,-0.69571335309568827,-0.77292145285855962,-0.8872378677418522,-0.76453313763824671,0.61559522035891434,0.17878640384605046,-0.48204045680125629,-0.93170669735906042,0.2165315553855558,0.84735856981822366,0.22214634656961418,-0.30644917478549438,0.16193859145976708,-0.92900516,-0.44827363147099958,-0.28467367074713668,-0.48323568343769163,-0.82272405509584079,0.50872624695250224
0.21180525262680888,0.38343329371434687,-0.087370962126368787,-0.16352369235807335,0.49104454206866921,0.54886948152839665,0.30841269323320814,-0.11871252898698843,-0.75868234577841676,-0.2909382372976671,-0.36470909496058768,-0.0041577346817618932,1.0,0.24701615394281493,-0.51030348530510805,-0.51420353608382197,0.098422021333612289,0.13522286314009432,0.59938787242168179,-0.0085403726766555277,-0.42278997662730189,-0.261486991184252,-0.11578111570682925,-0.21146862997718602,-0.55129664274114687,0.031697126825737262,0.27027768506814609,-0.24104651183429138,0.13287370096068266,0.038567131950839176,-0.45083588943464797,0.34810367452946855,0.60492319118453908,-0.31923056000000005,-0.42095785676535097,-0.47878866656568064,0.13125355608382622,-0.12802092057196432,0.70755311912416818
-0.49095416075230519,0.23870085952078035,-0.40808233496491997,-0.33384612180977885,-0.23682082516499431,-0.36793160695788152,0.22763067104828497,0.71014788439841936,0.12770271627918167,-0.70741372608313813,-0.032772846308125381,0.327874911793815,0.24701615394281493,1.0,0.23763696257958944,0.34968970229684426,0.45799780989440325,-0.24915053791126313,0.38826663091623015,-0.41573010347575745,-0.77500651082916683,-0.26180239240571451,-0.6338683353895268,-0.75344802062806604,0.230692894057418,-0.5838443951367206,-0.41974584214132826,-0.31591469577891462,0.40565890963810763,0.63024522526397597,0.49697657354019703,0.31238650504855026,0.64947135965408576,-0.36646909999999999,-0.50709764331579432,-0.27586723853278061,-0.20382886341185577,-0.39232091573136252,0.43114512892117474
-0.51453876699015244,0.057333175962793456,-0.4692584109471305,-0.27428483999343045,-0.63531512792439104,-0.59866834262450319,0.27638275931841166,0.58289115824701532,0.56991889966369369,-0.47694718913472611,0.032179557248689192,0.37019810641871209,-0.51030348530510805,0.23763696257958944,1.0,0.5482351366183893,0.33201888752827602,0.17734963391138847,-0.32082141948010473,0.06412428107722136,-0.13471407309977576,0.0023711432836595568,-0.35738847448611211,-0.42780763600131139,0.75874393824598374,0.12983045238408356,-0.56366512219510101,-0.22371771954572417,-0.05897194045112427,0.35954113589097442,0.60108990647248428,-0.18547538455586565,-0.20776954050876414,-0.19183680000000003,-0.051362708156100195,0.40996295173103542,0.0083057030293848168,-0.32122973266362753,-0.098791618489677394
-0.72219587165617305,-0.28552460100999277,-0.23780948793453402,0.14156737990330984,-0.66222272491863465,-0.78060382990051835,-0.19180150220039419,0.56243141303248112,0.82594586114309443,-0.12680953127419603,0.47734490632145643,0.16636094360480608,-0.51420353608382197,0.34968970229684426,0.5482351366183893,1.0,0.34030261218892977,-0.4825639907781259,-0.13342895648419587,-0.52127182989449417,-0.178244771343332,0.035328805202973788,-0.37326709025691507,-0.38312159052579386,0.63084368284326608,-0.52880772254100583,-0.66544625688955361,0.082783125479305733,0.010378033158968599,0.11220181658241808,0.90287083729972917,0.034171749829869334,0.056810813550775711,0.11065984000000006,0.027469618608636889,0.24817256746519409,0.16998753251686291,0.10237646346820881,-0.26720929606163918
-0.092276363606742295,0.75274815006307394,-0.20446768220477121,-0.19646361849548991,-0.77665814460682414,-0.32643586485258247,0.73916331510042987,0.62140142697753964,-0.10455319055874047,-0.53609974644758029,-0.47282398926783586,0.87631002744725572,0.098422021333612289,0.45799780989440325,0.33201888752827602,0.34030261218892977,1.0,0.38240539644729876,-0.16095346204943775,0.19957156163852249,-0.77413319012198767,-0.87676488020214927,-0.94862517420974324,-0.81833215009386084,0.64043154443173855,-0.11721896314357601,-0.49715582435552491,-0.86982518761043348,0.3065160162537251,0.72567331923662426,0.47057790403856375,-0.3394965886443343,0.25915690601966279,-0.84000452000000003,-0.39641900194753649,-0.51838130912937874,-0.46803494143202717,-0.75546948954936954,0.61122747646105047
0.54516144132127464,0.77861186131147142,-0.20264713686030311,-0.20358550658977448,-0.25479541952521784,0.22684254082428931,0.71554210321351297,-0.0083806514866438045,-0.57780133681610668,-0.285467057149559,-0.74101162701779599,0.61838672636742031,0.13522286314009432,-0.24915053791126313,0.17734963391138847,-0.4825639907781259,0.38240539644729876,1.0,-0.29706537940238292,0.87043497976067952,-0.14066032575209592,-0.49919031691245885,-0.28587126359032305,-0.16075738132370843,0.21478987823587598,0.74568325396897928,0.01375369808765785,-0.71783010590903273,0.045331442447549559,0.418112549249951,-0.41829260210854186,-0.44524986309160824,-0.2303693163485358,-0.70523384,-0.25822352261339726,-0.15603300618578245,-0.38775882610951412,-0.6241041997628255,0.36670162177561488
-0.21643202189717795,-0.053840729813590449,-0.23786435703093925,-0.11088045318538892,0.45817433919719408,-0.098575104199217736,0.0046181335556735523,0.12005957298783725,-0.27749017857109576,-0.3001718410051103,0.24034671323475099,-0.20189454590624936,0.59938787242168179,0.38826663091623015,-0.32082141948010473,-0.13342895648419587,-0.16095346204943775,-0.29706537940238292,1.0,-0.60460182608240753,-0.39399737015996567,0.25071969499721719,-0.043525632082129902,-0.25367580090443298,-0.62373654672403256,-0.13782627229455263,-0.19752248624632632,0.19723094915830142,0.38701458274442296,-0.01207189030348565,-0.17786625835895087,0.91508839411195397,0.85884726153691748,0.023414360000000078,-0.65150197396323506,-0.16792030841124742,0.41799687469148761,0.11681651589648509,0.24493261792224119
0.69232521999306396,0.60818074395309774,0.036119110412405515,-0.17168781901292271,-0.16184785364894616,0.4551432783921493,0.44063476522054695,-0.24338026031956547,-0.49271529506837541,-0.0043648486907934001,-0.75693360123875653,0.43569326217290066,-0.0085403726766555277,-0.41573010347575745,0.06412428107722136,-0.52127182989449417,0.19957156163852249,0.87043497976067952,-0.60460182608240753,1.0,0.12903287262257562,-0.43599963164731959,-0.040913603007784884,0.13204317593026646,0.2122049098877492,0.69678881051308716,0.34568417687658415,-0.56784881184044256,-0.12721842961728025,0.20516852363918917,-0.48076935938842796,-0.71578093328373615,-0.53148012597900729,-0.48993014000000001,0.10353321281020264,-0.094990547179090293,-0.51854611194596723,-0.43820102665283039,0.20840259186192778
0.1685670912071047,-0.67849774478666425,0.37628289622666361,0.45865801124191274,0.40226937696910114,0.32815890074062709,-0.66849994584281436,-0.72465840903528156,0.24610009441998165,0.70109334143954283,0.39574334648995929,-0.69571335309568827,-0.42278997662730189,-0.77500651082916683,-0.13471407309977576,-0.178244771343332,-0.77413319012198767,-0.14066032575209592,-0.39399737015996567,0.12903287262257562,1.0,0.64464451504977038,0.89714072616482465,0.93190070297260652,-0.23326192129368917,0.25331557174968633,0.43778061142185976,0.70580036100895582,-0.42866302427764724,-0.77253087836926904,-0.30554237882207441,-0.21627890673713041,-0.74448858467492607,0.77096543999999989,0.66301497652064023,0.52026746979108962,0.28308767538014745,0.66395713339416451,-0.76145029090406935
-0.33301643418798599,-0.8296969207837257,-0.11268880241847466,0.26756790021768923,0.51565559276501427,-0.089079496734639718,-0.71658179071591399,-0.25833793732743165,0.43893184358734028,0.27775809871500318,0.74012902961221716,-0.77292145285855962,-0.261486991184252,-0.26180239240571451,0.0023711432836595568,0.035328805202973788,-0.87676488020214927,-0.49919031691245885,0.25071969499721719,-0.43599963164731959,0.64464451504977038,1.0,0.76327486967764901,0.56067012612783629,-0.36834510761797534,0.0007476045473625429,0.056142120470750595,0.87793075836284951,-0.25854190058723714,-0.60014498680175954,-0.10419472425859175,0.51556627583090042,-0.18015709001782101,0.82072802,0.24305975855963446,0.7368211569726173,0.64997936013011282,0.67737710411696295,-0.69049348745067629
0.18475862343849594,-0.73027770109963297,0.36534051465646405,0.30883602196999177,0.74717422469881101,0.48580306311635896,-0.73597352566686869,-0.79080749024863017,0.062971553828892315,0.63729730291051601,0.3989477145533662,-0.8872378677418522,-0.11578111570682925,-0.6338683353895268,-0.35738847448611211,-0.37326709025691507,-0.94862517420974324,-0.28587126359032305,-0.043525632082129902,-0.040913603007784884,0.89714072616482465,0.76327486967764901,1.0,0.93999690369127864,-0.58177094915920913,0.18862959988785261,0.60545763878091285,0.82896228407546124,-0.34973857998939101,-0.84620960381876764,-0.49237060688664791,0.089577457496276741,-0.44903317730037962,0.84367977999999999,0.53329273895140827,0.43003314056860065,0.38879779457420732,0.77038228681635201,-0.60878387468827133
0.36635860127510761,-0.61722832654616155,0.5523695830615829,0.38004080295496079,0.61177838194143908,0.53806968445906145,-0.68854157380114833,-0.88495265993556194,0.0024912378319392812,0.76517235955980067,0.27554646347946188,-0.76453313763824671,-0.21146862997718602,-0.75344802062806604,-0.42780763600131139,-0.38312159052579386,-0.81833215009386084,-0.16075738132370843,-0.25367580090443298,0.13204317593026646,0.93190070297260652,0.56067012612783629,0.93999690369127864,1.0,-0.49162604091019385,0.21436286934031745,0.65086766177724664,0.70305371284610729,-0.30872823375783071,-0.82358216704492659,-0.50842759041693042,-0.16664208208546999,-0.58568499992476319,0.75475186000000005,0.60134382012216425,0.27496915473978545,0.17060491426766997,0.71046284646320401,-0.62897819416972345
-0.39675356803818917,0.26246102779276564,-0.32877489171674701,0.017190113350529779,-0.90423258794878947,-0.550884672929846,0.34104162642159636,0.64639545799497367,0.53646123438920723,-0.36426918309607503,-0.063975528188871922,0.61559522035891434,-0.55129664274114687,0.230692894057418,0.75874393824598374,0.63084368284326608,0.64043154443173855,0.21478987823587598,-0.62373654672403256,0.2122049098877492,-0.23326192129368917,-0.36834510761797534,-0.58177094915920913,-0.49162604091019385,1.0,-0.12514222340827286,-0.5604128931854202,-0.4876932390626037,-0.090527832643754858,0.52183432968646515,0.73678549992932307,-0.52735841367582192,-0.36501497913562031,-0.39196418,0.1024860504645575,0.17476462144064464,-0.29333980883890737,-0.51877586892452443,0.013896416544921492
0.54365231367952538,0.35022565254955362,-0.10113316580403717,-0.21069819614980798,0.07789438913604077,0.26823764581948178,0.32708975830838777,-0.33685864709974012,-0.46107731763694731,0.015366908553316351,-0.45359475294313856,0.17878640384605046,0.031697126825737262,-0.5838443951367206,0.12983045238408356,-0.52880772254100583,-0.11721896314357601,0.74568325396897928,-0.13782627229455263,0.69678881051308716,0.25331557174968633,0.0007476045473625429,0.18862959988785261,0.21436286934031745,-0.12514222340827286,1.0,0.16401834019410427,-0.22010369932834856,-0.023265327640139576,-0.095370819069129073,-0.62605787444190752,-0.1981074938213388,-0.29388176111130654,-0.24617129999999998,-0.151386442500615,0.14203627153404544,-0.029290363711049223,-0.17522042122475662,0.025941746650418391
0.64433085137048551,-0.14142521362434257,0.5661530867521164,-0.16098836763440275,0.67719583831057484,0.85982516756721761,-0.27214601368320862,-0.7451622065562149,-0.442193970881265,0.55001169709319997,-0.34307741758287436,-0.48204045680125629,0.27027768506814609,-0.41974584214132826,-0.56366512219510101,-0.66544625688955361,-0.49715582435552491,0.01375369808765785,-0.19752248624632632,0.34568417687658415,0.43778061142185976,0.056142120470750595,0.60545763878091285,0.65086766177724664,-0.5604128931854202,0.16401834019410427,1.0,0.25124930037957272,-0.3412664130825388,-0.46706659036492043,-0.65946468171605943,-0.26599215828750439,-0.26342486467154702,0.31903068000000001,0.53176567858422652,-0.14296658178513094,-0.12005265098576136,0.38520471265804113,0.038951227613012472
-0.25581487354257781,-0.96574049516418581,0.28430425771675244,0.34433487755921582,0.59378700410638563,0.051609164034770942,-0.873880209689056,-0.48080464143146773,0.43694122728910795,0.55468904213432646,0.76995516669306141,-0.93170669735906042,-0.24104651183429138,-0.31591469577891462,-0.22371771954572417,0.082783125479305733,-0.86982518761043348,-0.71783010590903273,0.19723094915830142,-0.56784881184044256,0.70580036100895582,0.87793075836284951,0.82896228407546124,0.70305371284610729,-0.4876932390626037,-0.22010369932834856,0.25124930037957272,1.0,-0.22756913420608044,-0.79527788456937398,-0.059628929195860131,0.39979621849493741,-0.15490726582898939,0.98163102000000002,0.42234594734917336,0.46979301420148639,0.57150911705304208,0.88278130364830931,-0.71270412960461638
-0.062049518493571459,0.27117968302328915,0.084664899291497397,-0.024897364056891001,-0.077442339608887495,-0.1478016002243773,0.12898012644474555,0.088306613697146916,-0.18153190684591655,-0.4616681645445696,-0.033963420554062693,0.2165315553855558,0.13287370096068266,0.40565890963810763,-0.05897194045112427,0.010378033158968599,0.3065160162537251,0.045331442447549559,0.38701458274442296,-0.12721842961728025,-0.42866302427764724,-0.25854190058723714,-0.34973857998939101,-0.30872823375783071,-0.090527832643754858,-0.023265327640139576,-0.3412664130825388,-0.22756913420608044,1.0,0.22978350370402156,0.05489638129716512,0.1184641137570616,0.45694670020999156,-0.3031779,-0.75670089011816333,-0.62617295748496438,-0.51129203421362013,-0.31538825794692016,0.15218338406641765
-0.041304666212175559,0.73327159815226972,-0.47091984382696733,-0.3744149344425084,-0.60832318156545839,-0.41585397448137418,0.71567767196663645,0.78293221865621132,-0.11787005329952317,-0.6357737830313035,-0.46595088007645585,0.84735856981822366,0.038567131950839176,0.63024522526397597,0.35954113589097442,0.11220181658241808,0.72567331923662426,0.418112549249951,-0.01207189030348565,0.20516852363918917,-0.77253087836926904,-0.60014498680175954,-0.84620960381876764,-0.82358216704492659,0.52183432968646515,-0.095370819069129073,-0.46706659036492043,-0.79527788456937398,0.22978350370402156,1.0,0.28535174043388045,-0.069184479200379193,0.30919799079195071,-0.81620278000000002,-0.46108712060517582,-0.22615875883336289,-0.46433879508177656,-0.82889973708487785,0.48430445792231441
-0.81173740341007161,-0.17783765531642287,-0.19502410498801032,0.12378314371927562,-0.66943373569545506,-0.71692403189208997,0.0042761185834730708,0.6814373707214656,0.78857197762629827,-0.31660015912627093,0.42150486545584154,0.22214634656961418,-0.45083588943464797,0.49697657354019703,0.60108990647248428,0.90287083729972917,0.47057790403856375,-0.41829260210854186,-0.17786625835895087,-0.48076935938842796,-0.30554237882207441,-0.10419472425859175,-0.49237060688664791,-0.50842759041693042,0.73678549992932307,-0.62605787444190752,-0.65946468171605943,-0.059628929195860131,0.05489638129716512,0.28535174043388045,1.0,-0.063477084073348025,0.032803697458285042,-0.010378879999999979,0.050829114833962685,0.098546114370659105,0.010756693697767702,-0.16087095524555917,-0.082699512890741622
-0.35921649956583929,-0.2890028026713769,-0.37346929304505805,-0.053180463598851792,0.40799581204045365,-0.29321848994064648,-0.17028480511080829,0.20719194527901852,0.0075183768879442722,-0.16733628375694534,0.45828436959367019,-0.30644917478549438,0.34810367452946855,0.31238650504855026,-0.18547538455586565,0.034171749829869334,-0.3394965886443343,-0.44524986309160824,0.91508839411195397,-0.71578093328373615,-0.21627890673713041,0.51556627583090042,0.089577457496276741,-0.16664208208546999,-0.52735841367582192,-0.1981074938213388,-0.26599215828750439,0.39979621849493741,0.1184641137570616,-0.069184479200379193,-0.063477084073348025,1.0,0.71011538496105842,0.23122846000000008,-0.44274531360090352,0.20678222685900891,0.64223614731910916,0.27985118194884573,-0.0030526541702567411
-0.16661323645211515,0.23869720606242725,-0.23416159312263879,-0.35861874252749715,0.12516819277505636,-0.20879167376828026,0.23805837852035122,0.36132431184325586,-0.29466366077382189,-0.41273311928689876,-0.060493748082591121,0.16193859145976708,0.60492319118453908,0.64947135965408576,-0.20776954050876414,0.056810813550775711,0.25915690601966279,-0.2303693163485358,0.85884726153691748,-0.53148012597900729,-0.74448858467492607,-0.18015709001782101,-0.44903317730037962,-0.58568499992476319,-0.36501497913562031,-0.29388176111130654,-0.26342486467154702,-0.15490726582898939,0.45694670020999156,0.30919799079195071,0.032803697458285042,0.71011538496105842,1.0,-0.29439534000000001,-0.71060843769850468,-0.42576411424651844,0.136259118440649,-0.10370048508412287,0.50199301802378193
-0.23329182000000004,-0.97815646000000001,0.3657786999999999,0.3692330800000001,0.53845337999999998,0.10128446000000002,-0.89084194000000005,-0.51828797999999998,0.4877287400000001,0.61824458000000004,0.73481602000000001,-0.92900516,-0.31923056000000005,-0.36646909999999999,-0.19183680000000003,0.11065984000000006,-0.84000452000000003,-0.70523384,0.023414360000000078,-0.48993014000000001,0.77096543999999989,0.82072802,0.84367977999999999,0.75475186000000005,-0.39196418,-0.24617129999999998,0.31903068000000001,0.98163102000000002,-0.3031779,-0.81620278000000002,-0.010378879999999979,0.23122846000000008,-0.29439534000000001,1.0,0.56601290000000004,0.46473323999999994,0.49845651999999996,0.88356071999999997,-0.73498276000000007
0.089619406139583177,-0.5112571383812714,0.42266013627337234,0.18322560961955922,0.12462217519525472,0.26640068426525226,-0.42376882216719786,-0.37074308218864116,0.35653781700575043,0.69257559245936962,0.17093525529891218,-0.44827363147099958,-0.42095785676535097,-0.50709764331579432,-0.051362708156100195,0.027469618608636889,-0.39641900194753649,-0.25822352261339726,-0.65150197396323506,0.10353321281020264,0.66301497652064023,0.24305975855963446,0.53329273895140827,0.60134382012216425,0.1024860504645575,-0.151386442500615,0.53176567858422652,0.42234594734917336,-0.75670089011816333,-0.46108712060517582,0.050829114833962685,-0.44274531360090352,-0.71060843769850468,0.56601290000000004,1.0,0.38069158321079194,0.14458784065406108,0.44641158879330939,-0.38678069929613923
-0.31490549320304656,-0.51076380275079325,-0.46685001509405666,0.13340420591826874,-0.0096708865155395018,-0.32054686873705796,-0.37507487089227437,0.10730641576261891,0.56106500385883418,0.17217808050229153,0.45770464750543038,-0.28467367074713668,-0.47878866656568064,-0.27586723853278061,0.40996295173103542,0.24817256746519409,-0.51838130912937874,-0.15603300618578245,-0.16792030841124742,-0.094990547179090293,0.52026746979108962,0.7368211569726173,0.43003314056860065,0.27496915473978545,0.17476462144064464,0.14203627153404544,-0.14296658178513094,0.46979301420148639,-0.62617295748496438,-0.22615875883336289,0.098546114370659105,0.20678222685900891,-0.42576411424651844,0.46473323999999994,0.38069158321079194,1.0,0.61592544903776347,0.3672053325162315,-0.57915084041947051
-0.3943422019928316,-0.53781212278875368,-0.32454117215834033,0.20898373060709771,0.32061066731203375,-0.14965865981881643,-0.30543416197255341,-0.030278388202343881,0.24228388466046988,0.1896992064776396,0.55377647114686823,-0.48323568343769163,0.13125355608382622,-0.20382886341185577,0.0083057030293848168,0.16998753251686291,-0.46803494143202717,-0.38775882610951412,0.41799687469148761,-0.51854611194596723,0.28308767538014745,0.64997936013011282,0.38879779457420732,0.17060491426766997,-0.29333980883890737,-0.029290363711049223,-0.12005265098576136,0.57150911705304208,-0.51129203421362013,-0.46433879508177656,0.010756693697767702,0.64223614731910916,0.136259118440649,0.49845651999999996,0.14458784065406108,0.61592544903776347,1.0,0.55331892179919262,-0.22294171422292763
-0.030367820125007189,-0.83387647567060086,0.32576168819921497,0.25249775488311055,0.53389815627792647,0.16749472848519037,-0.85803901818412653,-0.59535663312546849,0.28797336164443965,0.69203425809047014,0.52679133381206411,-0.82272405509584079,-0.12802092057196432,-0.39232091573136252,-0.32122973266362753,0.10237646346820881,-0.75546948954936954,-0.6241041997628255,0.11681651589648509,-0.43820102665283039,0.66395713339416451,0.67737710411696295,0.77038228681635201,0.71046284646320401,-0.51877586892452443,-0.17522042122475662,0.38520471265804113,0.88278130364830931,-0.31538825794692016,-0.82889973708487785,-0.16087095524555917,0.27985118194884573,-0.10370048508412287,0.88356071999999997,0.44641158879330939,0.3672053325162315,0.55331892179919262,1.0,-0.61661593911192414
0.1395316559913676,0.74012042739317219,-0.22653180315077831,-0.43934566640352263,-0.063695912977989502,0.24033760518029396,0.73144280445657428,0.32193654389183102,-0.60076556980494689,-0.54065772472720097,-0.64500442592388763,0.50872624695250224,0.70755311912416818,0.43114512892117474,-0.098791618489677394,-0.26720929606163918,0.61122747646105047,0.36670162177561488,0.24493261792224119,0.20840259186192778,-0.76145029090406935,-0.69049348745067629,-0.60878387468827133,-0.62897819416972345,0.013896416544921492,0.025941746650418391,0.038951227613012472,-0.71270412960461638,0.15218338406641765,0.48430445792231441,-0.082699512890741622,-0.0030526541702567411,0.50199301802378193,-0.73498276000000007,-0.38678069929613923,-0.57915084041947051,-0.22294171422292763,-0.61661593911192414,1.0
