1.000000000000000000e+00,3.235128767151598250e-01,1.672064133650928985e-01,1.006932723630290516e-01,-2.187087440829486029e-01,-6.354277152654611571e-01,-1.367026422256144291e-01,-9.838019636230301845e-01,-7.143688373674560166e-02,5.186148824612465402e-01,-4.538874934214353618e-01,-6.328834047706406452e-01,-2.783329992609169801e-01,-3.745399579428255188e-01,-9.324078573869426512e-02,-4.238848475225238666e-01,1.749467046182527630e-01,3.047659113763529493e-01,7.369076352329686497e-01,-3.207927601450457078e-01,-4.436792200000000408e-01,5.339910241179872674e-01,2.941023082006165024e-01,-6.543481208420736106e-01,-2.610099633985656364e-01,-6.644900050566631133e-01,5.096455838152419426e-01,-1.685974553462759318e-01,1.924027389909684638e-01,-2.572460949463247215e-01,4.297429426092431171e-01,9.299771951649191126e-02,3.335380611212961366e-01,4.204501725234929266e-01,1.881278869116149721e-01,1.637981267643479621e-01,3.031077688042877472e-01,9.904748911440391934e-02,-4.879567382066246628e-01
3.235128767151598250e-01,1.000000000000000000e+00,-1.550707957822234084e-01,-2.814891357442373954e-01,3.894521182142314797e-01,-2.398012259898903709e-01,-5.493826877287375510e-01,-3.293384912364186734e-01,2.572427645701279020e-01,-1.206234039384579126e-01,3.103749003871744683e-01,3.185762746953280100e-01,4.807143498402674520e-01,-2.727744367926509539e-01,-2.244020510929964352e-01,1.622142405923370778e-01,-5.941387015807544358e-01,-3.933973416032417458e-01,3.578366368165610822e-01,-6.926501016627888418e-01,1.852592200000000577e-01,-1.352694134446459640e-01,1.513892035409106218e-01,8.885797072602815219e-03,2.552691348114718428e-01,-1.090365691835048639e-01,-1.058356821893492727e-01,1.483254525805726420e-01,2.394212167701681160e-01,-6.060057963761313893e-01,-2.045255472251415740e-02,4.870585215230646137e-01,8.567345913744928154e-02,8.194378819056267194e-01,-4.972120983030834940e-01,-1.662986146183314806e-01,-5.760643917682601867e-01,-2.782151025202096450e-01,1.409981729803730932e-01
1.672064133650928985e-01,-1.550707957822234084e-01,1.000000000000000000e+00,-1.647305150797469253e-02,5.731046817884340172e-02,-6.687044282912766313e-01,1.407115561478621268e-01,-4.307137117242593183e-02,-8.411138064952613513e-01,-3.207202840974830993e-01,3.045174769760451428e-01,-1.242606603352502531e-01,3.810363417154503246e-02,7.027749763060939792e-01,-2.637497154856001669e-01,5.323992905571581780e-01,-1.434402070892903946e-01,9.135496459385306078e-02,2.510066222674025571e-01,9.686573068421294730e-02,4.554708599999999219e-01,-3.930055845052705665e-01,-4.799493213481893089e-02,3.540957905854394960e-01,3.834599713799704546e-01,-7.981295389528322293e-01,-4.777338321548740274e-01,-9.821337335684735548e-01,8.585047513965424759e-01,4.895622782420400165e-01,6.229539271926439747e-01,5.036408908030121090e-01,1.865091647856547963e-01,2.920591342342395702e-01,7.001241644049761570e-01,-6.273043567407453336e-02,3.036177199863218101e-01,-4.463022720330520610e-01,-6.576021832134341105e-01
1.006932723630290516e-01,-2.814891357442373954e-01,-1.647305150797469253e-02,1.000000000000000000e+00,-6.045634370803258939e-01,-2.541349270011273309e-01,8.604544075915686596e-01,-2.095929823844422391e-01,2.677896325267974803e-02,6.885747576021862271e-01,-6.131125043927547758e-01,-6.303723928104699725e-01,-7.834718498111568064e-01,4.449312866491709345e-02,-3.249659883276500572e-01,-5.453671593520631466e-01,9.701908982363910416e-02,7.661974517365874870e-01,5.211535963998418231e-01,7.140062885473672516e-01,-5.984529400000000443e-01,6.180167529616680255e-01,2.412305683373374698e-01,-3.081730778459463305e-01,-7.065549848471129879e-01,-1.445789626156597230e-01,6.291355938889190424e-01,-1.589272587560696531e-02,-1.220344718433834380e-01,-5.751616763832529539e-02,6.275447467075767616e-01,-6.740425542561392369e-01,8.438973641672412596e-01,-2.806480732131066413e-01,1.966986168935239143e-01,7.992330228263501424e-02,4.483233920453222887e-01,2.053694340231881355e-01,-5.204452990519527200e-02
-2.187087440829486029e-01,3.894521182142314797e-01,5.731046817884340172e-02,-6.045634370803258939e-01,1.000000000000000000e+00,2.224619756041994190e-01,-6.026051020317341189e-01,2.683674164920444305e-01,-2.883215743928629546e-02,-4.435993529663292412e-01,4.317067245893862482e-01,4.838800104656828527e-01,5.221151087989442940e-01,-1.686750248827384446e-01,1.063499416312482793e-02,3.862355446978281148e-01,-3.104619918322599342e-02,-5.461489832432447900e-01,-4.749855239123962902e-01,-5.778208736624861341e-01,3.993859600000000398e-01,-4.448930062979603028e-01,1.740436367410863050e-01,2.404517591010318089e-01,6.647210317288061443e-01,1.412638896463875582e-01,-5.009896530238405754e-01,5.442117199244397852e-02,2.116167062120312414e-01,-1.327626811691415276e-01,-2.805931284625924338e-01,3.843469934588288339e-01,-4.860543672337783727e-01,1.603197998154196890e-01,-1.621065925148025000e-01,2.082160082639531173e-01,-2.605303757827029387e-01,2.486135513280185450e-02,-1.356213640398561127e-01
-6.354277152654611571e-01,-2.398012259898903709e-01,-6.687044282912766313e-01,-2.541349270011273309e-01,2.224619756041994190e-01,1.000000000000000000e+00,-6.473285834788604365e-02,5.774834503550001497e-01,3.850028383992075698e-01,-4.619959266124439717e-02,-1.605481906313690338e-02,3.200371638352066395e-01,3.297507367165136705e-02,-3.868160993522711810e-01,4.143425676707258587e-01,-1.745635044982604966e-01,3.110471088141915641e-01,-1.373959234228895043e-01,-8.358792105772906433e-01,-5.668381741519059464e-02,-1.130928199999999828e-01,-9.591203183291712288e-04,8.868830419486961603e-02,2.133254057597203657e-01,8.689181303579802951e-02,9.008164874014579215e-01,-1.452796937819589816e-02,7.074816447551395271e-01,-7.810313518686794465e-01,1.784171418084891381e-01,-7.902118503721446974e-01,-4.325541347163341932e-01,-5.067208001812576468e-01,-6.202715042227829878e-01,-4.699871057476169289e-01,3.257257632372337897e-01,-9.655360132929248496e-02,5.325518475327226664e-01,4.538810305375840515e-01
-1.367026422256144291e-01,-5.493826877287375510e-01,1.407115561478621268e-01,8.604544075915686596e-01,-6.026051020317341189e-01,-6.473285834788604365e-02,1.000000000000000000e+00,6.158428547184902069e-02,-2.157784145543363841e-01,5.037938647971272887e-01,-4.773320806815343209e-01,-5.612613593507579379e-01,-7.901305616581688618e-01,2.523050451446496867e-01,-2.133348444484510775e-01,-3.752651173006377738e-01,1.830322372306475986e-01,7.247917179069313098e-01,2.284979519135008907e-01,8.307053596225161263e-01,-4.342471799999999549e-01,4.325611736490811987e-01,2.034922363626819053e-01,1.509737938567901061e-02,-5.454282276992433731e-01,-8.756941997176885539e-02,3.976165810540391310e-01,-1.776661773024945101e-01,-1.484443868599024385e-01,3.812294971027802015e-01,5.029533183937182628e-01,-6.547490362682658604e-01,6.430903179797787805e-01,-4.742537983152781966e-01,3.067169488073543393e-01,1.838491005330111783e-01,5.855508131394233651e-01,2.408221128323606020e-01,-1.561441139561897673e-01
-9.838019636230301845e-01,-3.293384912364186734e-01,-4.307137117242593183e-02,-2.095929823844422391e-01,2.683674164920444305e-01,5.774834503550001497e-01,6.158428547184902069e-02,1.000000000000000000e+00,-2.455468976476257725e-02,-6.343398247374905097e-01,5.583356010088711407e-01,6.852269078343817821e-01,3.682036468723270950e-01,4.653657822840600033e-01,1.090519071772956261e-01,5.476997857278999016e-01,-2.043579326251734329e-01,-3.778819692642739758e-01,-7.576774705022839562e-01,2.711105422923921759e-01,5.649061600000000460e-01,-6.497216416417990192e-01,-3.455146993772673092e-01,7.226132970612026973e-01,3.767493320571833060e-01,5.830630815553630164e-01,-6.301051942771961345e-01,4.787545351851643649e-02,-7.662959742068309321e-02,3.296810209154066307e-01,-4.290441097013939498e-01,4.191107933513883721e-02,-4.089170015208142273e-01,-3.596771926106160921e-01,-1.267664502060649179e-01,-1.989484633916320799e-01,-3.179958471970896206e-01,-1.866926756155754541e-01,4.185690582489041134e-01
-7.143688373674560166e-02,2.572427645701279020e-01,-8.411138064952613513e-01,2.677896325267974803e-02,-2.883215743928629546e-02,3.850028383992075698e-01,-2.157784145543363841e-01,-2.455468976476257725e-02,1.000000000000000000e+00,1.712188205824419218e-01,-9.665167080450801085e-02,2.460928330006842968e-01,1.575124850824201062e-01,-4.979757877538228406e-01,3.871235515756471512e-01,-3.539282860617259385e-01,-6.278138268835027104e-03,-2.214614890557244919e-01,-2.236725104401135825e-02,-5.173322031322266645e-02,-2.799254599999999593e-01,2.374344174535291119e-01,-2.743824257883901718e-01,-4.658357728178346147e-01,-3.370169098679147712e-01,6.613926172686365179e-01,4.337907071329569209e-01,8.303188452871298475e-01,-5.786725280210183175e-01,-6.426267805715496495e-01,-5.659443095806329094e-01,-2.684273681979600368e-01,-1.242090627140389619e-01,-7.731656779972441440e-02,-8.232374384751103280e-01,-3.303110168386267365e-01,-5.346962097036311867e-01,7.781516172786581698e-02,5.777965864371982230e-01
5.186148824612465402e-01,-1.206234039384579126e-01,-3.207202840974830993e-01,6.885747576021862271e-01,-4.435993529663292412e-01,-4.619959266124439717e-02,5.037938647971272887e-01,-6.343398247374905097e-01,1.712188205824419218e-01,1.000000000000000000e+00,-9.477118502822193813e-01,-8.732550192020053226e-01,-8.773324632238036491e-01,-6.173296057602360998e-01,-1.056320021214860183e-01,-9.560411471067562506e-01,5.056951737715998929e-01,7.783185256457721968e-01,4.289507867150982867e-01,2.213559111851724215e-01,-9.760396999999999545e-01,9.871119243454027359e-01,5.944142863983663538e-01,-6.881438524645080435e-01,-7.080676032876284109e-01,-8.106070068372986381e-02,9.319252192389719802e-01,3.326241753805236345e-01,-4.766337581244247112e-01,-1.474909331521709055e-01,3.523507036899848344e-01,-7.844106987906800388e-01,5.846275979249471177e-01,-3.233636274555992673e-01,6.667762529436922769e-02,5.415908447394688352e-01,6.320566935756282145e-01,7.055285399782975642e-01,-1.928852790071366730e-01
-4.538874934214353618e-01,3.103749003871744683e-01,3.045174769760451428e-01,-6.131125043927547758e-01,4.317067245893862482e-01,-1.605481906313690338e-02,-4.773320806815343209e-01,5.583356010088711407e-01,-9.665167080450801085e-02,-9.477118502822193813e-01,1.000000000000000000e+00,8.840724036039872002e-01,8.875487972946761728e-01,6.031630670269191308e-01,1.431090805803156285e-01,9.458831002717920100e-01,-6.570337972624737954e-01,-7.298493371429188858e-01,-2.752674473742067751e-01,-3.026516235548257772e-01,9.652415599999999429e-01,-9.652720911219702105e-01,-5.313988910951543687e-01,7.204135837366385520e-01,7.331237131846801702e-01,5.006440936671463504e-02,-8.981910645334988397e-01,-3.228026752985245773e-01,5.278093124250052837e-01,9.192096130772593743e-02,-3.057239630010011866e-01,8.183445326709107848e-01,-4.243521485365058799e-01,4.966419059451547269e-01,-2.253186951365951374e-01,-5.813040409734957503e-01,-7.232574305756259703e-01,-7.661056567585813326e-01,1.700895186529501613e-01
-6.328834047706406452e-01,3.185762746953280100e-01,-1.242606603352502531e-01,-6.303723928104699725e-01,4.838800104656828527e-01,3.200371638352066395e-01,-5.612613593507579379e-01,6.852269078343817821e-01,2.460928330006842968e-01,-8.732550192020053226e-01,8.840724036039872002e-01,1.000000000000000000e+00,9.076834494582252111e-01,3.237033971416140021e-01,1.613375579597324805e-01,7.642360898949658310e-01,-5.848763697433985165e-01,-8.360560966403743910e-01,-4.884896002173726992e-01,-2.997865369462275331e-01,8.165909000000000084e-01,-8.550664238399521278e-01,-5.340104297567704883e-01,5.904893811294472661e-01,5.842029902342672498e-01,4.524347666615633479e-01,-7.530302401918431698e-01,1.155399741181619699e-01,1.505344354478370117e-01,-1.453414337378383658e-01,-5.909414279706250994e-01,5.908283519672614670e-01,-5.598975107534424067e-01,2.883855265565375414e-01,-4.788958198723582971e-01,-5.545754573745212967e-01,-8.620535822488900601e-01,-5.683552951668690012e-01,5.245778899227402370e-01
-2.783329992609169801e-01,4.807143498402674520e-01,3.810363417154503246e-02,-7.834718498111568064e-01,5.221151087989442940e-01,3.297507367165136705e-02,-7.901305616581688618e-01,3.682036468723270950e-01,1.575124850824201062e-01,-8.773324632238036491e-01,8.875487972946761728e-01,9.076834494582252111e-01,1.000000000000000000e+00,2.770815598077493447e-01,1.556406117707802017e-01,7.939169990018444256e-01,-5.795877108233881136e-01,-8.976970310674130538e-01,-2.747385364814406983e-01,-5.294233012015320261e-01,8.428737600000000274e-01,-8.431374779223554938e-01,-5.476325506639426743e-01,4.183460437330870918e-01,6.590709137205104096e-01,1.554179819948284524e-01,-7.463473826188882221e-01,-4.463154393866494707e-02,3.651766535966687321e-01,-2.367010045960564468e-01,-4.829257434703860263e-01,8.312691452829406025e-01,-5.832525087805190411e-01,5.458352116464660897e-01,-3.686769541938664796e-01,-5.873105192438902167e-01,-8.539888934429169520e-01,-6.731424587955863181e-01,3.330819894253309599e-01
-3.745399579428255188e-01,-2.727744367926509539e-01,7.027749763060939792e-01,4.449312866491709345e-02,-1.686750248827384446e-01,-3.868160993522711810e-01,2.523050451446496867e-01,4.653657822840600033e-01,-4.979757877538228406e-01,-6.173296057602360998e-01,6.031630670269191308e-01,3.237033971416140021e-01,2.770815598077493447e-01,1.000000000000000000e+00,-1.269751513280845678e-01,7.505911335278367957e-01,-4.611840617772676731e-01,-1.374202501178181657e-01,5.307026102059383271e-02,4.283225611936014587e-01,7.061196800000000273e-01,-6.733978546663783593e-01,-5.475241521573221970e-01,6.180927926398381844e-01,2.992363797213380971e-01,-3.354656913745788227e-01,-6.363102701932320526e-01,-7.606756307800548456e-01,6.741704845280136471e-01,4.291126848864904031e-01,3.022850753914426702e-01,4.655679105780546334e-01,7.793869054361818316e-02,1.820492992739414506e-01,3.746487904672919367e-01,-5.617973014023102118e-01,-1.482486784272093183e-01,-7.526280855395208746e-01,-7.176184799788053181e-02
-9.324078573869426512e-02,-2.244020510929964352e-01,-2.637497154856001669e-01,-3.249659883276500572e-01,1.063499416312482793e-02,4.143425676707258587e-01,-2.133348444484510775e-01,1.090519071772956261e-01,3.871235515756471512e-01,-1.056320021214860183e-01,1.431090805803156285e-01,1.613375579597324805e-01,1.556406117707802017e-01,-1.269751513280845678e-01,1.000000000000000000e+00,-4.974901897973778298e-02,3.934200874677342696e-01,-4.685955077184139617e-02,-3.389745983793794326e-01,-1.726089857459897348e-01,1.196259999999949031e-03,-5.029859125511251805e-02,-3.544597653020497563e-01,-8.591515507971371479e-02,2.098155944743991808e-01,3.764267147557729953e-01,3.673457968751493025e-02,2.694074951150760011e-01,-2.815249846496871156e-01,2.621412479450950239e-01,-6.347825781196465567e-01,-2.920352145230355537e-02,-4.605518817556262245e-01,-2.340412601074451648e-01,-3.855173533723482704e-01,-8.508617225962288033e-02,-1.436977843271037558e-01,8.700016249535225121e-02,-4.573756131439377787e-02
-4.238848475225238666e-01,1.622142405923370778e-01,5.323992905571581780e-01,-5.453671593520631466e-01,3.862355446978281148e-01,-1.745635044982604966e-01,-3.752651173006377738e-01,5.476997857278999016e-01,-3.539282860617259385e-01,-9.560411471067562506e-01,9.458831002717920100e-01,7.642360898949658310e-01,7.939169990018444256e-01,7.505911335278367957e-01,-4.974901897973778298e-02,1.000000000000000000e+00,-6.128937640540159659e-01,-6.549059908155426823e-01,-2.347079486398268022e-01,-1.728352666235323520e-01,9.948661000000000865e-01,-9.814762273039675522e-01,-5.036116560853922675e-01,7.447860583996335215e-01,7.055711978818285379e-01,-1.494788204707947765e-01,-9.542688958209222250e-01,-5.490617177851329078e-01,6.783431720207667714e-01,1.924256381618976441e-01,-8.691202519336130305e-02,8.372012221188241954e-01,-3.678486603301254210e-01,4.533935345704211417e-01,8.090425042690461976e-02,-5.337131785533528738e-01,-5.390800983936214763e-01,-7.916184309823639520e-01,4.014478761449272876e-02
1.749467046182527630e-01,-5.941387015807544358e-01,-1.434402070892903946e-01,9.701908982363910416e-02,-3.104619918322599342e-02,3.110471088141915641e-01,1.830322372306475986e-01,-2.043579326251734329e-01,-6.278138268835027104e-03,5.056951737715998929e-01,-6.570337972624737954e-01,-5.848763697433985165e-01,-5.795877108233881136e-01,-4.611840617772676731e-01,3.934200874677342696e-01,-6.128937640540159659e-01,1.000000000000000000e+00,4.792038687736033253e-01,-2.823180794610217759e-01,1.397066661508934715e-01,-6.177477599999999791e-01,5.675961763179654396e-01,2.568116717204533828e-01,-5.056576301443405086e-01,-2.505811059579496347e-01,1.129338349726847907e-01,5.044415168735147947e-01,2.188472966854148050e-01,-4.612107083629304327e-01,3.008617848399947059e-01,-1.165917272355957712e-01,-5.955381613734938018e-01,-1.898553020015003590e-01,-7.375534929001655859e-01,2.595391549210903093e-01,6.122661397991885357e-01,6.954088836724294787e-01,7.494899129055661025e-01,-3.814335747412314070e-01
3.047659113763529493e-01,-3.933973416032417458e-01,9.135496459385306078e-02,7.661974517365874870e-01,-5.461489832432447900e-01,-1.373959234228895043e-01,7.247917179069313098e-01,-3.778819692642739758e-01,-2.214614890557244919e-01,7.783185256457721968e-01,-7.298493371429188858e-01,-8.360560966403743910e-01,-8.976970310674130538e-01,-1.374202501178181657e-01,-4.685955077184139617e-02,-6.549059908155426823e-01,4.792038687736033253e-01,1.000000000000000000e+00,3.743571719552842292e-01,4.103547950785718657e-01,-7.093653799999999343e-01,7.255268379706303339e-01,4.800911324972905181e-01,-2.997789498576538536e-01,-5.283441141790373718e-01,-2.614634775365486941e-01,6.481751517038386590e-01,-8.068127603584338003e-02,-1.964571950639706077e-01,2.958290157370996876e-01,5.265355058712420933e-01,-6.747534764595252144e-01,6.694559695421494760e-01,-3.838177208341010394e-01,3.491010291456889125e-01,4.719930435417237224e-01,7.479332599796609804e-01,4.988272819666132452e-01,-3.838254643476466943e-01
7.369076352329686497e-01,3.578366368165610822e-01,2.510066222674025571e-01,5.211535963998418231e-01,-4.749855239123962902e-01,-8.358792105772906433e-01,2.284979519135008907e-01,-7.576774705022839562e-01,-2.236725104401135825e-02,4.289507867150982867e-01,-2.752674473742067751e-01,-4.884896002173726992e-01,-2.747385364814406983e-01,5.307026102059383271e-02,-3.389745983793794326e-01,-2.347079486398268022e-01,-2.823180794610217759e-01,3.743571719552842292e-01,1.000000000000000000e+00,8.353519084605021128e-02,-2.766889399999999943e-01,3.856638927345500401e-01,8.047172451287455675e-02,-4.341992381911466969e-01,-4.363739746591481783e-01,-6.825337357303344898e-01,4.363007274283910442e-01,-3.100722531828853379e-01,3.870567371302871540e-01,-3.701978377123243957e-01,7.060769434562623736e-01,8.869503610772674906e-02,7.456592764175041799e-01,5.573388823686228344e-01,1.345065986530190050e-01,-2.559967896011201005e-01,7.510968581356848583e-02,-2.964675137417869255e-01,-2.601500873590398832e-01
-3.207927601450457078e-01,-6.926501016627888418e-01,9.686573068421294730e-02,7.140062885473672516e-01,-5.778208736624861341e-01,-5.668381741519059464e-02,8.307053596225161263e-01,2.711105422923921759e-01,-5.173322031322266645e-02,2.213559111851724215e-01,-3.026516235548257772e-01,-2.997865369462275331e-01,-5.294233012015320261e-01,4.283225611936014587e-01,-1.726089857459897348e-01,-1.728352666235323520e-01,1.397066661508934715e-01,4.103547950785718657e-01,8.353519084605021128e-02,1.000000000000000000e+00,-2.132544400000000451e-01,1.994556755999747633e-01,-2.379440225857755442e-01,-4.238740022675846486e-02,-5.479752544227877165e-01,4.632113415160708098e-02,2.541166199916985446e-01,-1.521987709318300130e-01,-1.079770418360788825e-01,2.327783278374864762e-01,3.301669965645687155e-01,-5.249047755478821742e-01,3.617642683025473760e-01,-5.456030523977135616e-01,3.090842667247936104e-01,-1.789769941138673603e-01,3.469181676349765153e-01,-9.760123648458386703e-03,8.284909071485424548e-02
-4.436792200000000408e-01,1.852592200000000577e-01,4.554708599999999219e-01,-5.984529400000000443e-01,3.993859600000000398e-01,-1.130928199999999828e-01,-4.342471799999999549e-01,5.649061600000000460e-01,-2.799254599999999593e-01,-9.760396999999999545e-01,9.652415599999999429e-01,8.165909000000000084e-01,8.428737600000000274e-01,7.061196800000000273e-01,1.196259999999949031e-03,9.948661000000000865e-01,-6.177477599999999791e-01,-7.093653799999999343e-01,-2.766889399999999943e-01,-2.132544400000000451e-01,1.000000000000000000e+00,-9.919235600000000375e-01,-5.363761599999999907e-01,7.334506000000000636e-01,7.169660600000000716e-01,-7.623537999999996373e-02,-9.525892999999999722e-01,-4.734097800000000023e-01,6.211781999999999027e-01,1.596664199999999756e-01,-1.776009600000000299e-01,8.416137599999999885e-01,-4.244826999999999906e-01,4.499805199999999950e-01,5.694359999999898392e-03,-5.565444600000000186e-01,-6.011394199999999799e-01,-7.858592399999999589e-01,1.082926799999999190e-01
5.339910241179872674e-01,-1.352694134446459640e-01,-3.930055845052705665e-01,6.180167529616680255e-01,-4.448930062979603028e-01,-9.591203183291712288e-04,4.325611736490811987e-01,-6.497216416417990192e-01,2.374344174535291119e-01,9.871119243454027359e-01,-9.652720911219702105e-01,-8.550664238399521278e-01,-8.431374779223554938e-01,-6.733978546663783593e-01,-5.029859125511251805e-02,-9.814762273039675522e-01,5.675961763179654396e-01,7.255268379706303339e-01,3.856638927345500401e-01,1.994556755999747633e-01,-9.919235600000000375e-01,1.000000000000000000e+00,5.315570176948032355e-01,-7.535228313307750225e-01,-7.314003214709535738e-01,-2.998977346047782683e-02,9.604042867659629001e-01,4.011463276102092967e-01,-5.431757228649033431e-01,-1.818982921262423391e-01,2.598036652638656685e-01,-7.844881872012732238e-01,4.844448187126740302e-01,-3.575177410235413911e-01,3.512581998104869624e-02,5.197159434924634169e-01,6.030563450373820356e-01,7.248791170622537194e-01,-1.457510864285148089e-01
2.941023082006165024e-01,1.513892035409106218e-01,-4.799493213481893089e-02,2.412305683373374698e-01,1.740436367410863050e-01,8.868830419486961603e-02,2.034922363626819053e-01,-3.455146993772673092e-01,-2.743824257883901718e-01,5.944142863983663538e-01,-5.313988910951543687e-01,-5.340104297567704883e-01,-5.476325506639426743e-01,-5.475241521573221970e-01,-3.544597653020497563e-01,-5.036116560853922675e-01,2.568116717204533828e-01,4.800911324972905181e-01,8.047172451287455675e-02,-2.379440225857755442e-01,-5.363761599999999907e-01,5.315570176948032355e-01,1.000000000000000000e+00,-9.417637203374198962e-02,-1.576114502830153474e-01,-1.702077007361570971e-01,3.272473465663074399e-01,1.155642773662149125e-01,-2.217631771713217681e-01,4.028069545158742548e-02,3.378892545925287760e-01,-4.003343720812889139e-01,3.492791724376057005e-01,-8.699758795411779988e-02,1.879810031345049981e-01,8.575268186948645788e-01,5.689788767271479752e-01,6.982238126432593894e-01,-3.977984494572893159e-01
-6.543481208420736106e-01,8.885797072602815219e-03,3.540957905854394960e-01,-3.081730778459463305e-01,2.404517591010318089e-01,2.133254057597203657e-01,1.509737938567901061e-02,7.226132970612026973e-01,-4.658357728178346147e-01,-6.881438524645080435e-01,7.204135837366385520e-01,5.904893811294472661e-01,4.183460437330870918e-01,6.180927926398381844e-01,-8.591515507971371479e-02,7.447860583996335215e-01,-5.056576301443405086e-01,-2.997789498576538536e-01,-4.341992381911466969e-01,-4.238740022675846486e-02,7.334506000000000636e-01,-7.535228313307750225e-01,-9.417637203374198962e-02,1.000000000000000000e+00,6.139374675257029956e-01,8.893900057667272763e-02,-8.266976948923868695e-01,-3.750370764124088541e-01,3.090784588737464644e-01,5.247326309066308037e-01,-1.201989524185666514e-01,4.105279032839899145e-01,-1.969435849724490983e-01,1.436048043907554583e-01,3.632345108982749926e-02,-9.926120213882264065e-02,-2.535298200666862845e-01,-3.655071133715251386e-01,1.005655864049064541e-01
-2.610099633985656364e-01,2.552691348114718428e-01,3.834599713799704546e-01,-7.065549848471129879e-01,6.647210317288061443e-01,8.689181303579802951e-02,-5.454282276992433731e-01,3.767493320571833060e-01,-3.370169098679147712e-01,-7.080676032876284109e-01,7.331237131846801702e-01,5.842029902342672498e-01,6.590709137205104096e-01,2.992363797213380971e-01,2.098155944743991808e-01,7.055711978818285379e-01,-2.505811059579496347e-01,-5.283441141790373718e-01,-4.363739746591481783e-01,-5.479752544227877165e-01,7.169660600000000716e-01,-7.314003214709535738e-01,-1.576114502830153474e-01,6.139374675257029956e-01,1.000000000000000000e+00,-1.409344106142653569e-02,-7.861530397304058448e-01,-3.305213756827350413e-01,4.794973720567068387e-01,3.534811614543509894e-01,-2.991696302995939249e-01,6.619466436762931894e-01,-4.616292034100681896e-01,3.133387905237257076e-01,-6.470441279244328048e-02,-1.898021102540178862e-02,-3.098611270150067876e-01,-3.115562882962059632e-01,-8.684856594644355110e-02
-6.644900050566631133e-01,-1.090365691835048639e-01,-7.981295389528322293e-01,-1.445789626156597230e-01,1.412638896463875582e-01,9.008164874014579215e-01,-8.756941997176885539e-02,5.830630815553630164e-01,6.613926172686365179e-01,-8.106070068372986381e-02,5.006440936671463504e-02,4.524347666615633479e-01,1.554179819948284524e-01,-3.354656913745788227e-01,3.764267147557729953e-01,-1.494788204707947765e-01,1.129338349726847907e-01,-2.614634775365486941e-01,-6.825337357303344898e-01,4.632113415160708098e-02,-7.623537999999996373e-02,-2.998977346047782683e-02,-1.702077007361570971e-01,8.893900057667272763e-02,-1.409344106142653569e-02,1.000000000000000000e+00,5.582469545485084506e-02,8.138024901243274822e-01,-7.494901621765668320e-01,-1.117089509156029142e-01,-8.059041312858670203e-01,-4.012381941471102054e-01,-4.125040803631762065e-01,-5.100178253366037806e-01,-6.695877825308967912e-01,-2.679573823794814680e-03,-3.654977485670623527e-01,3.141706272189277449e-01,7.061721742974880200e-01
5.096455838152419426e-01,-1.058356821893492727e-01,-4.777338321548740274e-01,6.291355938889190424e-01,-5.009896530238405754e-01,-1.452796937819589816e-02,3.976165810540391310e-01,-6.301051942771961345e-01,4.337907071329569209e-01,9.319252192389719802e-01,-8.981910645334988397e-01,-7.530302401918431698e-01,-7.463473826188882221e-01,-6.363102701932320526e-01,3.673457968751493025e-02,-9.542688958209222250e-01,5.044415168735147947e-01,6.481751517038386590e-01,4.363007274283910442e-01,2.541166199916985446e-01,-9.525892999999999722e-01,9.604042867659629001e-01,3.272473465663074399e-01,-8.266976948923868695e-01,-7.861530397304058448e-01,5.582469545485084506e-02,1.000000000000000000e+00,4.770188894514235112e-01,-5.620082001693488261e-01,-2.991349829661699156e-01,1.679908126863975948e-01,-7.523385864445213400e-01,4.788723793521226790e-01,-3.312150935855815992e-01,-1.247829954941574726e-01,2.962856242663944872e-01,4.258201408595643778e-01,5.871591434840935930e-01,-1.690636806561257935e-02
-1.685974553462759318e-01,1.483254525805726420e-01,-9.821337335684735548e-01,-1.589272587560696531e-02,5.442117199244397852e-02,7.074816447551395271e-01,-1.776661773024945101e-01,4.787545351851643649e-02,8.303188452871298475e-01,3.326241753805236345e-01,-3.228026752985245773e-01,1.155399741181619699e-01,-4.463154393866494707e-02,-7.606756307800548456e-01,2.694074951150760011e-01,-5.490617177851329078e-01,2.188472966854148050e-01,-8.068127603584338003e-02,-3.100722531828853379e-01,-1.521987709318300130e-01,-4.734097800000000023e-01,4.011463276102092967e-01,1.155642773662149125e-01,-3.750370764124088541e-01,-3.305213756827350413e-01,8.138024901243274822e-01,4.770188894514235112e-01,1.000000000000000000e+00,-8.675072597776867234e-01,-4.774858495678218073e-01,-6.411605964049444939e-01,-5.206151236315612607e-01,-2.033819577344774254e-01,-3.432346396678894740e-01,-7.052779779119048298e-01,1.469705240986628747e-01,-2.625939420672560587e-01,5.162136350262157558e-01,6.031293153611568814e-01
1.924027389909684638e-01,2.394212167701681160e-01,8.585047513965424759e-01,-1.220344718433834380e-01,2.116167062120312414e-01,-7.810313518686794465e-01,-1.484443868599024385e-01,-7.662959742068309321e-02,-5.786725280210183175e-01,-4.766337581244247112e-01,5.278093124250052837e-01,1.505344354478370117e-01,3.651766535966687321e-01,6.741704845280136471e-01,-2.815249846496871156e-01,6.783431720207667714e-01,-4.612107083629304327e-01,-1.964571950639706077e-01,3.870567371302871540e-01,-1.079770418360788825e-01,6.211781999999999027e-01,-5.431757228649033431e-01,-2.217631771713217681e-01,3.090784588737464644e-01,4.794973720567068387e-01,-7.494901621765668320e-01,-5.620082001693488261e-01,-8.675072597776867234e-01,1.000000000000000000e+00,8.973362850854457728e-02,5.591093405404230499e-01,7.416301394079343190e-01,1.588832993824440543e-01,6.409588415479009482e-01,4.476680698063867925e-01,-3.592652101095938910e-01,-1.122425553201862880e-01,-7.156671880295359944e-01,-4.407994539450114102e-01
-2.572460949463247215e-01,-6.060057963761313893e-01,4.895622782420400165e-01,-5.751616763832529539e-02,-1.327626811691415276e-01,1.784171418084891381e-01,3.812294971027802015e-01,3.296810209154066307e-01,-6.426267805715496495e-01,-1.474909331521709055e-01,9.192096130772593743e-02,-1.453414337378383658e-01,-2.367010045960564468e-01,4.291126848864904031e-01,2.621412479450950239e-01,1.924256381618976441e-01,3.008617848399947059e-01,2.958290157370996876e-01,-3.701978377123243957e-01,2.327783278374864762e-01,1.596664199999999756e-01,-1.818982921262423391e-01,4.028069545158742548e-02,5.247326309066308037e-01,3.534811614543509894e-01,-1.117089509156029142e-01,-2.991349829661699156e-01,-4.774858495678218073e-01,8.973362850854457728e-02,1.000000000000000000e+00,-4.828140664162349546e-04,-5.530111896743222788e-02,-1.030005645640628548e-01,-3.908032074746243811e-01,3.973000427637907728e-01,3.270187870252752038e-01,5.007238060358472076e-01,1.372983449983581905e-01,-3.712318665225863845e-01
4.297429426092431171e-01,-2.045255472251415740e-02,6.229539271926439747e-01,6.275447467075767616e-01,-2.805931284625924338e-01,-7.902118503721446974e-01,5.029533183937182628e-01,-4.290441097013939498e-01,-5.659443095806329094e-01,3.523507036899848344e-01,-3.057239630010011866e-01,-5.909414279706250994e-01,-4.829257434703860263e-01,3.022850753914426702e-01,-6.347825781196465567e-01,-8.691202519336130305e-02,-1.165917272355957712e-01,5.265355058712420933e-01,7.060769434562623736e-01,3.301669965645687155e-01,-1.776009600000000299e-01,2.598036652638656685e-01,3.378892545925287760e-01,-1.201989524185666514e-01,-2.991696302995939249e-01,-8.059041312858670203e-01,1.679908126863975948e-01,-6.411605964049444939e-01,5.591093405404230499e-01,-4.828140664162349546e-04,1.000000000000000000e+00,-3.063942357424531693e-02,7.447265486603260598e-01,2.465019641454333499e-01,6.776415462096997411e-01,9.932320274138950467e-02,4.957899676611139395e-01,-1.260823619532039364e-01,-5.284086184748624238e-01
9.299771951649191126e-02,4.870585215230646137e-01,5.036408908030121090e-01,-6.740425542561392369e-01,3.843469934588288339e-01,-4.325541347163341932e-01,-6.547490362682658604e-01,4.191107933513883721e-02,-2.684273681979600368e-01,-7.844106987906800388e-01,8.183445326709107848e-01,5.908283519672614670e-01,8.312691452829406025e-01,4.655679105780546334e-01,-2.920352145230355537e-02,8.372012221188241954e-01,-5.955381613734938018e-01,-6.747534764595252144e-01,8.869503610772674906e-02,-5.249047755478821742e-01,8.416137599999999885e-01,-7.844881872012732238e-01,-4.003343720812889139e-01,4.105279032839899145e-01,6.619466436762931894e-01,-4.012381941471102054e-01,-7.523385864445213400e-01,-5.206151236315612607e-01,7.416301394079343190e-01,-5.530111896743222788e-02,-3.063942357424531693e-02,1.000000000000000000e+00,-3.304716041009349570e-01,7.773450249675485368e-01,2.057163845414885714e-02,-5.065878040353063438e-01,-5.621885822667814780e-01,-7.819527569409845391e-01,-1.091591321163381811e-01
3.335380611212961366e-01,8.567345913744928154e-02,1.865091647856547963e-01,8.438973641672412596e-01,-4.860543672337783727e-01,-5.067208001812576468e-01,6.430903179797787805e-01,-4.089170015208142273e-01,-1.242090627140389619e-01,5.846275979249471177e-01,-4.243521485365058799e-01,-5.598975107534424067e-01,-5.832525087805190411e-01,7.793869054361818316e-02,-4.605518817556262245e-01,-3.678486603301254210e-01,-1.898553020015003590e-01,6.694559695421494760e-01,7.456592764175041799e-01,3.617642683025473760e-01,-4.244826999999999906e-01,4.844448187126740302e-01,3.492791724376057005e-01,-1.969435849724490983e-01,-4.616292034100681896e-01,-4.125040803631762065e-01,4.788723793521226790e-01,-2.033819577344774254e-01,1.588832993824440543e-01,-1.030005645640628548e-01,7.447265486603260598e-01,-3.304716041009349570e-01,1.000000000000000000e+00,1.400513864613168735e-01,1.527930601896656804e-01,3.712229617685650074e-02,3.047082814595734046e-01,3.234753531535156101e-03,-1.356579862639112066e-01
4.204501725234929266e-01,8.194378819056267194e-01,2.920591342342395702e-01,-2.806480732131066413e-01,1.603197998154196890e-01,-6.202715042227829878e-01,-4.742537983152781966e-01,-3.596771926106160921e-01,-7.731656779972441440e-02,-3.233636274555992673e-01,4.966419059451547269e-01,2.883855265565375414e-01,5.458352116464660897e-01,1.820492992739414506e-01,-2.340412601074451648e-01,4.533935345704211417e-01,-7.375534929001655859e-01,-3.838177208341010394e-01,5.573388823686228344e-01,-5.456030523977135616e-01,4.499805199999999950e-01,-3.575177410235413911e-01,-8.699758795411779988e-02,1.436048043907554583e-01,3.133387905237257076e-01,-5.100178253366037806e-01,-3.312150935855815992e-01,-3.432346396678894740e-01,6.409588415479009482e-01,-3.908032074746243811e-01,2.465019641454333499e-01,7.773450249675485368e-01,1.400513864613168735e-01,1.000000000000000000e+00,-1.327261307903011833e-01,-4.213565853318310683e-01,-5.203194434292858217e-01,-6.505698885311492763e-01,-8.434569327357850643e-02
1.881278869116149721e-01,-4.972120983030834940e-01,7.001241644049761570e-01,1.966986168935239143e-01,-1.621065925148025000e-01,-4.699871057476169289e-01,3.067169488073543393e-01,-1.267664502060649179e-01,-8.232374384751103280e-01,6.667762529436922769e-02,-2.253186951365951374e-01,-4.788958198723582971e-01,-3.686769541938664796e-01,3.746487904672919367e-01,-3.855173533723482704e-01,8.090425042690461976e-02,2.595391549210903093e-01,3.491010291456889125e-01,1.345065986530190050e-01,3.090842667247936104e-01,5.694359999999898392e-03,3.512581998104869624e-02,1.879810031345049981e-01,3.632345108982749926e-02,-6.470441279244328048e-02,-6.695877825308967912e-01,-1.247829954941574726e-01,-7.052779779119048298e-01,4.476680698063867925e-01,3.973000427637907728e-01,6.776415462096997411e-01,2.057163845414885714e-02,1.527930601896656804e-01,-1.327261307903011833e-01,1.000000000000000000e+00,2.720641238230510073e-01,6.743745638604503601e-01,2.581323890292164247e-02,-5.712030884390784102e-01
1.637981267643479621e-01,-1.662986146183314806e-01,-6.273043567407453336e-02,7.992330228263501424e-02,2.082160082639531173e-01,3.257257632372337897e-01,1.838491005330111783e-01,-1.989484633916320799e-01,-3.303110168386267365e-01,5.415908447394688352e-01,-5.813040409734957503e-01,-5.545754573745212967e-01,-5.873105192438902167e-01,-5.617973014023102118e-01,-8.508617225962288033e-02,-5.337131785533528738e-01,6.122661397991885357e-01,4.719930435417237224e-01,-2.559967896011201005e-01,-1.789769941138673603e-01,-5.565444600000000186e-01,5.197159434924634169e-01,8.575268186948645788e-01,-9.926120213882264065e-02,-1.898021102540178862e-02,-2.679573823794814680e-03,2.962856242663944872e-01,1.469705240986628747e-01,-3.592652101095938910e-01,3.270187870252752038e-01,9.932320274138950467e-02,-5.065878040353063438e-01,3.712229617685650074e-02,-4.213565853318310683e-01,2.720641238230510073e-01,1.000000000000000000e+00,7.399690138348018476e-01,8.830432106984211771e-01,-4.164258605578261552e-01
3.031077688042877472e-01,-5.760643917682601867e-01,3.036177199863218101e-01,4.483233920453222887e-01,-2.605303757827029387e-01,-9.655360132929248496e-02,5.855508131394233651e-01,-3.179958471970896206e-01,-5.346962097036311867e-01,6.320566935756282145e-01,-7.232574305756259703e-01,-8.620535822488900601e-01,-8.539888934429169520e-01,-1.482486784272093183e-01,-1.436977843271037558e-01,-5.390800983936214763e-01,6.954088836724294787e-01,7.479332599796609804e-01,7.510968581356848583e-02,3.469181676349765153e-01,-6.011394199999999799e-01,6.030563450373820356e-01,5.689788767271479752e-01,-2.535298200666862845e-01,-3.098611270150067876e-01,-3.654977485670623527e-01,4.258201408595643778e-01,-2.625939420672560587e-01,-1.122425553201862880e-01,5.007238060358472076e-01,4.957899676611139395e-01,-5.621885822667814780e-01,3.047082814595734046e-01,-5.203194434292858217e-01,6.743745638604503601e-01,7.399690138348018476e-01,1.000000000000000000e+00,6.480510969959589751e-01,-6.184186495222249169e-01
9.904748911440391934e-02,-2.782151025202096450e-01,-4.463022720330520610e-01,2.053694340231881355e-01,2.486135513280185450e-02,5.325518475327226664e-01,2.408221128323606020e-01,-1.866926756155754541e-01,7.781516172786581698e-02,7.055285399782975642e-01,-7.661056567585813326e-01,-5.683552951668690012e-01,-6.731424587955863181e-01,-7.526280855395208746e-01,8.700016249535225121e-02,-7.916184309823639520e-01,7.494899129055661025e-01,4.988272819666132452e-01,-2.964675137417869255e-01,-9.760123648458386703e-03,-7.858592399999999589e-01,7.248791170622537194e-01,6.982238126432593894e-01,-3.655071133715251386e-01,-3.115562882962059632e-01,3.141706272189277449e-01,5.871591434840935930e-01,5.162136350262157558e-01,-7.156671880295359944e-01,1.372983449983581905e-01,-1.260823619532039364e-01,-7.819527569409845391e-01,3.234753531535156101e-03,-6.505698885311492763e-01,2.581323890292164247e-02,8.830432106984211771e-01,6.480510969959589751e-01,1.000000000000000000e+00,-1.371124384229618354e-01
-4.879567382066246628e-01,1.409981729803730932e-01,-6.576021832134341105e-01,-5.204452990519527200e-02,-1.356213640398561127e-01,4.538810305375840515e-01,-1.561441139561897673e-01,4.185690582489041134e-01,5.777965864371982230e-01,-1.928852790071366730e-01,1.700895186529501613e-01,5.245778899227402370e-01,3.330819894253309599e-01,-7.176184799788053181e-02,-4.573756131439377787e-02,4.014478761449272876e-02,-3.814335747412314070e-01,-3.838254643476466943e-01,-2.601500873590398832e-01,8.284909071485424548e-02,1.082926799999999190e-01,-1.457510864285148089e-01,-3.977984494572893159e-01,1.005655864049064541e-01,-8.684856594644355110e-02,7.061721742974880200e-01,-1.690636806561257935e-02,6.031293153611568814e-01,-4.407994539450114102e-01,-3.712318665225863845e-01,-5.284086184748624238e-01,-1.091591321163381811e-01,-1.356579862639112066e-01,-8.434569327357850643e-02,-5.712030884390784102e-01,-4.164258605578261552e-01,-6.184186495222249169e-01,-1.371124384229618354e-01,1.000000000000000000e+00
