1.000000000000000000e+00,4.203949199999998942e-01,-1.008491485065849125e-01,-2.724773171063014088e-01,6.475711255489424722e-01,-3.812623715244659039e-01,-7.934599900203880285e-01,1.241844367586232151e-01,7.004356357582285364e-01,5.051581927568586927e-01,1.768330057486250939e-01,3.545604575929304780e-01,6.956780089035684567e-01,-3.800994900621446626e-01,-8.399246925806747033e-01,-5.491884388092035385e-01,1.265475648781310136e-01,-5.093342853845664875e-01,4.303815975287792472e-01,-6.545395140472693996e-01,5.925801650579755331e-02,-1.176127363639730694e-01,-1.979060027764058538e-01,-7.476079207295085460e-01,-2.683402987155745767e-01,6.591392918937741818e-01,6.069483329124808479e-01,-5.903310722656242016e-01,-5.713575177755385592e-01,-4.556634130875604205e-01,-8.672471142531529287e-02,3.687538458111233597e-01,1.192260431876737692e-01,3.492668637534921405e-01,-3.789574926629026286e-01,-7.762879856195756823e-01,6.330811259083760634e-01,-3.853168613290779421e-01,8.292767655640563840e-01
4.203949199999998942e-01,1.000000000000000000e+00,6.345030400000000181e-01,-5.532499999999995755e-02,-2.674206999999999557e-01,-8.546960599999999797e-01,1.263704400000000838e-01,-1.563098600000000227e-01,7.600213999999994030e-02,7.759784599999999255e-01,3.783410799999999963e-01,5.483506000000004654e-02,7.862520200000000514e-01,6.081699799999999989e-01,-2.227941599999999633e-01,-1.593990600000000368e-01,8.206275599999999226e-01,-4.673696800000000096e-01,5.343983000000001038e-01,1.920270799999999056e-01,-6.021723999999999410e-01,-3.735799400000000547e-01,-7.446158800000000078e-01,-6.137446399999999525e-01,-9.152071400000000301e-01,-1.995027799999999907e-01,5.652765399999999385e-01,-9.134699400000000358e-01,-4.176538800000000329e-01,-9.864036400000000260e-01,-9.130097799999999930e-01,-4.177456800000000081e-01,-9.504188000000002301e-02,-6.473884599999999434e-01,9.868831999999994053e-02,9.984118000000008486e-02,3.145869400000000926e-01,-2.715543599999999946e-01,7.037914000000000669e-02
-1.008491485065849125e-01,6.345030400000000181e-01,1.000000000000000000e+00,2.396301141155673109e-01,-4.522809034269212325e-01,-4.401483600237336979e-01,4.436651763679830829e-01,-1.418276332563178643e-01,-4.024882251497783892e-01,3.584630051544620000e-01,1.223744743515268046e-01,-2.461219206569002435e-02,5.166668242783214460e-01,6.219754690249128526e-01,8.502412422504017353e-02,-2.241152432360948021e-01,6.664451473376363788e-01,6.250365883060085906e-03,2.531746702740333421e-01,4.823678152057870316e-01,-6.222661460543289502e-01,-3.695991346226745189e-01,-1.882126887393454351e-01,-2.746852587691988590e-01,-7.661956059515662165e-01,-4.442768602663111910e-01,4.272811174287274305e-01,-4.820215615281245314e-01,-1.272991403411984634e-01,-5.862263606012927397e-01,-7.580153166739771464e-01,-5.955514824688565856e-01,-2.798687305213701237e-01,-7.063958041105156127e-01,1.174479472296475341e-01,4.910752776560937116e-01,-8.417453831474838721e-02,-2.596402416602010543e-01,-2.481896284708934031e-01
-2.724773171063014088e-01,-5.532499999999995755e-02,2.396301141155673109e-01,1.000000000000000000e+00,9.705456719797975196e-02,9.507041582298880744e-02,3.333049740343784206e-01,2.332031998995945377e-01,1.008831161048246994e-01,3.735079443057823245e-01,7.145690991688556926e-01,-8.277625888796529274e-01,-2.051671061978662947e-01,4.532426962721243235e-01,3.747900735171828535e-01,-4.641147656486292045e-02,-2.127827375317239700e-01,7.590853370886186946e-01,5.656744620465148365e-01,-1.416660047955256851e-01,4.149578884585273797e-01,-8.206873537369846483e-01,-3.965218771285706698e-03,-1.870615105972128767e-01,-1.883450873377138790e-01,1.796029000047849600e-01,-1.360629232016953849e-01,-7.960011115314589991e-02,-5.163672378266321861e-01,1.068924289012018469e-01,-3.349835309444029047e-02,3.572076060101851414e-01,-8.395952764880225683e-01,1.055822044864520581e-01,7.208925558192141869e-02,2.411790507225836377e-01,3.349250819914977861e-01,4.241094419916029978e-01,1.312415714935054323e-01
6.475711255489424722e-01,-2.674206999999999557e-01,-4.522809034269212325e-01,9.705456719797975196e-02,1.000000000000000000e+00,7.802453139078618927e-02,-7.401413828184845167e-01,1.679919366519116719e-01,7.950779939558064724e-01,2.020297384336258439e-01,2.648157680823538529e-01,-1.201866090107596603e-02,4.379726283044401564e-02,-6.187691219872126780e-01,-5.841033914278476180e-01,-6.052960047381856779e-01,-5.979304985209599188e-01,1.050653879023242254e-01,2.756221553518060086e-01,-8.616540996290005250e-01,7.026845937819372612e-01,-2.114628706795097512e-01,3.026674330211037156e-01,-5.018580161154146957e-01,3.187348718032699257e-01,9.265588582011956564e-01,2.008518478359408999e-01,-8.024942101401463801e-03,-5.223482052628172223e-01,2.355340892521035623e-01,4.907688387134975239e-01,8.855109670228589192e-01,-2.268924243719377953e-01,8.712907141006395184e-01,-3.625168993645240256e-01,-8.486301606259358810e-01,5.802496428478102208e-01,-1.453312681070152539e-02,8.010019044770056995e-01
-3.812623715244659039e-01,-8.546960599999999797e-01,-4.401483600237336979e-01,9.507041582298880744e-02,7.802453139078618927e-02,1.000000000000000000e+00,-1.862806624996879989e-01,4.772362206785982219e-01,-1.752409543376673429e-01,-7.750786909399617342e-01,-4.285593105380831047e-01,-5.037715775831306392e-02,-5.668321950167665157e-01,-5.277806193026333137e-01,1.545735275866414460e-01,3.403558451784580718e-01,-5.693178115546234652e-01,3.655498884337506915e-01,-4.409213142881855951e-01,-1.945383920007289213e-01,4.092180797484243904e-01,3.628434399757928253e-01,7.728804577693724198e-01,6.407313749439008665e-01,6.594923465579313193e-01,1.156263943743893463e-01,-5.337945324456092600e-01,7.524742178978237606e-01,3.669570524664481082e-01,8.562268530115878518e-01,8.366882571790674739e-01,2.148499472225070539e-01,1.917242300839461511e-01,5.094293298078935717e-01,-2.810913664919104105e-01,9.502365128019803209e-02,-2.405564184857488519e-01,1.908614137271988920e-01,3.789543712688287630e-02
-7.934599900203880285e-01,1.263704400000000838e-01,4.436651763679830829e-01,3.333049740343784206e-01,-7.401413828184845167e-01,-1.862806624996879989e-01,1.000000000000000000e+00,-3.207068096338319685e-01,-6.538031393472764075e-01,-3.603901645053601312e-03,1.308233322792315412e-01,-3.448530846531592808e-01,-3.233071641331127233e-01,7.631237928748872967e-01,7.933451218806765182e-01,2.987006259788288487e-01,3.116545269366545190e-01,4.283651966584117732e-01,-1.167604679262834455e-01,8.325991959774210471e-01,-3.748816999834427843e-01,-1.614739727446397599e-01,-3.041178604738110636e-01,3.744305974049084718e-01,-2.023651159052693160e-01,-7.718390340300178565e-01,-1.908365223952019629e-01,1.357231863753787515e-01,2.617894530369491157e-01,-1.104509999004264637e-01,-4.847324272428517600e-01,-5.483327908539700202e-01,-3.572297764197533976e-01,-7.125487488193466001e-01,6.774499056024959609e-01,7.370178407288116018e-01,-5.284524375849958266e-01,2.218141274603679380e-01,-8.442396815458582671e-01
1.241844367586232151e-01,-1.563098600000000227e-01,-1.418276332563178643e-01,2.332031998995945377e-01,1.679919366519116719e-01,4.772362206785982219e-01,-3.207068096338319685e-01,1.000000000000000000e+00,1.323177500094555037e-01,-4.015597135949163649e-02,1.276909457876742870e-01,-2.047379563770287403e-01,-1.132501543192663759e-02,-1.420333290317989938e-01,-1.169167542584967495e-01,1.897863787270674119e-01,-4.794666117909720388e-02,2.167868701888940319e-01,3.043451923103610013e-01,-3.643332549034234980e-01,2.401863803247428764e-01,-7.643686407105181047e-02,1.849211904262302031e-01,4.454987611387263569e-02,-1.128110692751285900e-02,3.544233209992492806e-01,-5.151133413861708199e-02,-5.935591081965241322e-02,-2.980181256992721073e-01,1.474580426409651257e-01,2.943368342919479019e-01,1.935022116318767527e-01,-1.227803114979758442e-01,2.897115794150377788e-01,-1.655478077600801012e-01,-5.301628217541540927e-02,2.491702767042521804e-01,1.280730367992033714e-01,4.300724354027765650e-01
7.004356357582285364e-01,7.600213999999994030e-02,-4.024882251497783892e-01,1.008831161048246994e-01,7.950779939558064724e-01,-1.752409543376673429e-01,-6.538031393472764075e-01,1.323177500094555037e-01,1.000000000000000000e+00,5.234925454726947480e-01,5.410262434751655913e-01,-2.376393637028142714e-01,1.404407518533574706e-01,-2.670101426587809801e-01,-4.726369685826748990e-01,-2.886444519532765929e-01,-3.307195143096375856e-01,-1.852761781002052466e-01,5.096553261071957719e-01,-8.702075235285134935e-01,6.468493228568037434e-01,-3.318007827868929560e-01,-4.224737366787510717e-02,-5.687253876246043394e-01,-3.540552691465883445e-02,8.618897266748538621e-01,2.933220063453735593e-02,-3.808793898707730219e-01,-7.039831837699184192e-01,-9.827507991657091768e-02,2.254141083800733081e-01,7.950166318226734585e-01,-1.434937952297841990e-01,6.414953626928151520e-01,-4.594538625751171668e-01,-6.701547487342699450e-01,8.433269218879273499e-01,2.225526101795366196e-01,7.848719230325350571e-01
5.051581927568586927e-01,7.759784599999999255e-01,3.584630051544620000e-01,3.735079443057823245e-01,2.020297384336258439e-01,-7.750786909399617342e-01,-3.603901645053601312e-03,-4.015597135949163649e-02,5.234925454726947480e-01,1.000000000000000000e+00,8.444784064845813898e-01,-3.898808652178208378e-01,5.298911056048296597e-01,5.493079941352103646e-01,-1.839109972715299579e-01,-3.066307007391528283e-01,3.829529293357168962e-01,-1.015664309632142992e-01,8.437505677994254771e-01,-2.482565678228618455e-01,-2.757162228509858672e-03,-7.568477274274002520e-01,-6.598776922609893569e-01,-7.979741288354250672e-01,-7.489003608506630272e-01,2.757436261548587009e-01,4.104967239543375612e-01,-8.783910976772892898e-01,-8.333346611170446838e-01,-7.661147393330592914e-01,-6.422146910456928426e-01,1.928678377226368812e-01,-5.200813083853661478e-01,-1.822233633056168367e-01,2.646681987755013232e-02,-1.649605310434480998e-01,7.049474459683345851e-01,7.561320066765996051e-02,3.933440719034080324e-01
1.768330057486250939e-01,3.783410799999999963e-01,1.223744743515268046e-01,7.145690991688556926e-01,2.648157680823538529e-01,-4.285593105380831047e-01,1.308233322792315412e-01,1.276909457876742870e-01,5.410262434751655913e-01,8.444784064845813898e-01,1.000000000000000000e+00,-7.876124533385774340e-01,6.672384198906960995e-02,5.586112389474943152e-01,1.281366391819347417e-01,-1.007909945247482397e-01,3.967214402702251043e-03,3.162550742339592103e-01,8.299565669104461696e-01,-3.399691569283691539e-01,3.942765371972541955e-01,-8.740390272875496747e-01,-4.504795592900942003e-01,-5.506460695901553848e-01,-4.608980388721677368e-01,3.643718314261137903e-01,1.656023220919825012e-02,-5.612475235296087162e-01,-8.340756424124312618e-01,-3.584988717643757261e-01,-3.115051425649023042e-01,4.613217681773512102e-01,-7.560541582635674773e-01,5.830998314880353472e-02,5.648456884473846557e-02,-4.304111827207136171e-02,7.076979750655781887e-01,4.516401615628530264e-01,3.345962029676892713e-01
3.545604575929304780e-01,5.483506000000004654e-02,-2.461219206569002435e-02,-8.277625888796529274e-01,-1.201866090107596603e-02,-5.037715775831306392e-02,-3.448530846531592808e-01,-2.047379563770287403e-01,-2.376393637028142714e-01,-3.898808652178208378e-01,-7.876124533385774340e-01,1.000000000000000000e+00,3.858127301897347206e-01,-5.559850629269671440e-01,-4.822705934369313496e-01,-3.343404069663423184e-01,2.651416403537419919e-01,-5.327944996044260417e-01,-5.034615847293536506e-01,1.939493880617738364e-01,-5.310570854630161097e-01,7.200795544597454745e-01,7.615841425798711151e-02,5.438370152612608671e-02,1.626916484505147031e-01,-1.317225285672532498e-01,5.082624007666597388e-01,1.188813501161669339e-01,4.449420498586815764e-01,-1.145364003805914715e-01,-2.301938350546655146e-02,-3.894024213726479111e-01,6.645850925330804015e-01,-8.824956934381122942e-02,5.138491759306699352e-02,-3.813791845323121765e-01,-4.591172969850296215e-01,-7.450871681591235696e-01,-2.263111592108537490e-02
6.956780089035684567e-01,7.862520200000000514e-01,5.166668242783214460e-01,-2.051671061978662947e-01,4.379726283044401564e-02,-5.668321950167665157e-01,-3.233071641331127233e-01,-1.132501543192663759e-02,1.404407518533574706e-01,5.298911056048296597e-01,6.672384198906960995e-02,3.858127301897347206e-01,1.000000000000000000e+00,9.577783686919390249e-02,-6.833209480684702131e-01,-4.258509787177105488e-01,5.921763217126830847e-01,-5.136478970487787787e-01,4.165309717067418038e-01,-8.869418301179483877e-02,-5.564596966681316648e-01,-2.313696792283217729e-01,-4.022128085144784371e-01,-7.292856221173729114e-01,-6.748211771695667993e-01,7.536004051954452165e-02,7.903015065805231165e-01,-7.416325655638545955e-01,-3.260407333000068797e-01,-7.638708705386073605e-01,-5.875902014082886593e-01,-2.658164228491948777e-01,7.688057676282041009e-02,-2.994697710322595796e-01,-2.014214700720154683e-01,-2.036891436360710184e-01,3.343495997024297783e-01,-6.268059329494515275e-01,4.237976318879795867e-01
-3.800994900621446626e-01,6.081699799999999989e-01,6.219754690249128526e-01,4.532426962721243235e-01,-6.187691219872126780e-01,-5.277806193026333137e-01,7.631237928748872967e-01,-1.420333290317989938e-01,-2.670101426587809801e-01,5.493079941352103646e-01,5.586112389474943152e-01,-5.559850629269671440e-01,9.577783686919390249e-02,1.000000000000000000e+00,5.408718780725081388e-01,2.911682186001753880e-01,5.590170888846346386e-01,1.447205797677968420e-01,4.142251769895722857e-01,5.168719974149366125e-01,-3.581580041255095770e-01,-5.395804132717484380e-01,-6.007681747194995037e-01,-9.988101395382234515e-02,-7.048386460888658167e-01,-5.266281677675326289e-01,-4.443306325302764925e-02,-4.881539124228897464e-01,-2.238006895237340532e-01,-5.641872861126200345e-01,-7.670241179902114181e-01,-4.352295317274176290e-01,-4.572141416236694678e-01,-7.579197725572244249e-01,3.798189904029588559e-01,6.783711944446977338e-01,4.697152248621405679e-02,2.862498756099840502e-01,-4.524615267575786692e-01
-8.399246925806747033e-01,-2.227941599999999633e-01,8.502412422504017353e-02,3.747900735171828535e-01,-5.841033914278476180e-01,1.545735275866414460e-01,7.933451218806765182e-01,-1.169167542584967495e-01,-4.726369685826748990e-01,-1.839109972715299579e-01,1.281366391819347417e-01,-4.822705934369313496e-01,-6.833209480684702131e-01,5.408718780725081388e-01,1.000000000000000000e+00,5.144946838930422039e-01,5.614913109966870181e-02,4.568586225223976727e-01,-1.695943744933250119e-01,5.616593322973253422e-01,3.969473566932482655e-02,-1.946194805082974511e-03,-5.405153530057985045e-02,6.597364036122352893e-01,5.311104748075854559e-02,-5.193443061748179712e-01,-5.896573922815235846e-01,3.077422342125299970e-01,2.108300648042023551e-01,2.137985164804163396e-01,-8.293961309608220700e-02,-2.603030999331605866e-01,-2.216699081590968179e-01,-3.722221981545000835e-01,4.842960446714926759e-01,6.376607448097314501e-01,-4.320221482577075167e-01,5.844018736401010994e-01,-7.220921270636960765e-01
-5.491884388092035385e-01,-1.593990600000000368e-01,-2.241152432360948021e-01,-4.641147656486292045e-02,-6.052960047381856779e-01,3.403558451784580718e-01,2.987006259788288487e-01,1.897863787270674119e-01,-2.886444519532765929e-01,-3.066307007391528283e-01,-1.007909945247482397e-01,-3.343404069663423184e-01,-4.258509787177105488e-01,2.911682186001753880e-01,5.144946838930422039e-01,1.000000000000000000e+00,5.528687283677622549e-02,-1.469829505756753141e-01,-2.596625099393928271e-01,2.266483072589886294e-01,-2.463431281349455146e-02,2.537165948153496386e-01,-2.191019475564316005e-02,6.345144768726266316e-01,5.385898543769985364e-02,-4.530308361765767455e-01,-7.777917746749544170e-01,1.656682523825261377e-01,3.843457772399940797e-01,1.948014978710711775e-01,1.451222882112996604e-01,-2.878696240275948059e-01,3.500770092999517247e-01,-2.501129912173783443e-01,-1.140120839482962750e-01,6.664622420114035828e-01,-1.283699450043677970e-01,5.416790075211149746e-01,-4.176862236419979224e-01
1.265475648781310136e-01,8.206275599999999226e-01,6.664451473376363788e-01,-2.127827375317239700e-01,-5.979304985209599188e-01,-5.693178115546234652e-01,3.116545269366545190e-01,-4.794666117909720388e-02,-3.307195143096375856e-01,3.829529293357168962e-01,3.967214402702251043e-03,2.651416403537419919e-01,5.921763217126830847e-01,5.590170888846346386e-01,5.614913109966870181e-02,5.528687283677622549e-02,1.000000000000000000e+00,-4.351587420541625506e-01,1.652846029205586598e-01,5.167267277839862061e-01,-8.261512221904753206e-01,2.490249361409003701e-02,-5.729934295823647661e-01,-1.265319018218588332e-01,-8.118150815814805243e-01,-5.264464672140088952e-01,4.379193144531518533e-01,-6.433008769174958230e-01,-1.087362544499118344e-01,-8.450034589607381408e-01,-8.498043150698194603e-01,-7.624000993557479289e-01,1.476042639406215384e-01,-8.296762767640406544e-01,2.730469954865485382e-01,3.172678413605558578e-01,-1.235295071174516146e-01,-2.832109871329948070e-01,-2.373843395875097906e-01
-5.093342853845664875e-01,-4.673696800000000096e-01,6.250365883060085906e-03,7.590853370886186946e-01,1.050653879023242254e-01,3.655498884337506915e-01,4.283651966584117732e-01,2.167868701888940319e-01,-1.852761781002052466e-01,-1.015664309632142992e-01,3.162550742339592103e-01,-5.327944996044260417e-01,-5.136478970487787787e-01,1.447205797677968420e-01,4.568586225223976727e-01,-1.469829505756753141e-01,-4.351587420541625506e-01,1.000000000000000000e+00,1.273040066838249385e-01,8.870414488312933221e-02,3.889352176765660252e-01,-4.271001963429121306e-01,2.203943902496973695e-01,1.587379487383200061e-01,3.014353582085214089e-01,6.125135161640505449e-02,-1.249426093140119098e-01,4.562452089496729091e-01,-1.251059637854858297e-01,4.726632482989215900e-01,2.268754412070413673e-01,2.945445359748521397e-01,-7.668992416445802318e-01,2.046637653362448628e-01,4.246529686205472998e-01,1.317435909704484376e-01,-1.748227357235352664e-01,2.380542456993523515e-01,-1.345504532638003570e-01
4.303815975287792472e-01,5.343983000000001038e-01,2.531746702740333421e-01,5.656744620465148365e-01,2.756221553518060086e-01,-4.409213142881855951e-01,-1.167604679262834455e-01,3.043451923103610013e-01,5.096553261071957719e-01,8.437505677994254771e-01,8.299565669104461696e-01,-5.034615847293536506e-01,4.165309717067418038e-01,4.142251769895722857e-01,-1.695943744933250119e-01,-2.596625099393928271e-01,1.652846029205586598e-01,1.273040066838249385e-01,1.000000000000000000e+00,-3.788773756612900945e-01,2.001977070913788515e-01,-8.335321161937282453e-01,-5.203549560489273418e-01,-7.411748620863988224e-01,-5.670575364999104195e-01,4.685108200004490797e-01,3.342493762557674497e-01,-7.293543587946158535e-01,-8.129991614828382396e-01,-4.916968868234203316e-01,-3.884085176955002772e-01,3.416687983480249380e-01,-5.701740465173578132e-01,2.655422632967685548e-02,-6.340328550143463360e-02,-1.758472126723586715e-01,7.081622793726661813e-01,7.409674937884119794e-02,5.342936671657623204e-01
-6.545395140472693996e-01,1.920270799999999056e-01,4.823678152057870316e-01,-1.416660047955256851e-01,-8.616540996290005250e-01,-1.945383920007289213e-01,8.325991959774210471e-01,-3.643332549034234980e-01,-8.702075235285134935e-01,-2.482565678228618455e-01,-3.399691569283691539e-01,1.939493880617738364e-01,-8.869418301179483877e-02,5.168719974149366125e-01,5.616593322973253422e-01,2.266483072589886294e-01,5.167267277839862061e-01,8.870414488312933221e-02,-3.788773756612900945e-01,1.000000000000000000e+00,-7.339367358187370849e-01,2.520005349173782827e-01,-2.874436715220731742e-01,4.433609903762491533e-01,-1.580120400673213632e-01,-9.151155759186642147e-01,4.990503472715263067e-02,1.682332378644110227e-01,5.755278442311614340e-01,-1.914771764066916515e-01,-5.308990186852240445e-01,-8.615937413344285645e-01,6.486071841643391289e-02,-8.464501561977111344e-01,6.788303532888362302e-01,6.426623871720720249e-01,-8.108181053475631561e-01,-1.930149840725714494e-01,-9.101499198617232222e-01
5.925801650579755331e-02,-6.021723999999999410e-01,-6.222661460543289502e-01,4.149578884585273797e-01,7.026845937819372612e-01,4.092180797484243904e-01,-3.748816999834427843e-01,2.401863803247428764e-01,6.468493228568037434e-01,-2.757162228509858672e-03,3.942765371972541955e-01,-5.310570854630161097e-01,-5.564596966681316648e-01,-3.581580041255095770e-01,3.969473566932482655e-02,-2.463431281349455146e-02,-8.261512221904753206e-01,3.889352176765660252e-01,2.001977070913788515e-01,-7.339367358187370849e-01,1.000000000000000000e+00,-2.518805229711690297e-01,4.073041351710467994e-01,-1.650959998356916342e-02,5.024721225540380587e-01,7.399932547348182510e-01,-4.859065586870911502e-01,2.756773050568857575e-01,-3.558324210596013337e-01,6.021786587103085120e-01,7.126562759828179994e-01,9.255569170392504708e-01,-2.964971017971016476e-01,8.532427268857416536e-01,-3.414772979024257582e-01,-3.849702351278066481e-01,4.864842149049335984e-01,5.773611612495361811e-01,4.568892560744234888e-01
-1.176127363639730694e-01,-3.735799400000000547e-01,-3.695991346226745189e-01,-8.206873537369846483e-01,-2.114628706795097512e-01,3.628434399757928253e-01,-1.614739727446397599e-01,-7.643686407105181047e-02,-3.318007827868929560e-01,-7.568477274274002520e-01,-8.740390272875496747e-01,7.200795544597454745e-01,-2.313696792283217729e-01,-5.395804132717484380e-01,-1.946194805082974511e-03,2.537165948153496386e-01,2.490249361409003701e-02,-4.271001963429121306e-01,-8.335321161937282453e-01,2.520005349173782827e-01,-2.518805229711690297e-01,1.000000000000000000e+00,3.327998361557981677e-01,6.610035004869573294e-01,4.768668451742349434e-01,-2.796039384083631174e-01,-1.904144544928522143e-01,4.997067977672919881e-01,6.986523283261283357e-01,3.000148988268251382e-01,3.408030733895397457e-01,-3.547029624118264168e-01,8.147240826156599836e-01,-2.764583492605665604e-03,3.050228287842577518e-02,-6.867304471954320533e-02,-6.126081700702822319e-01,-2.077436092172374460e-01,-3.319959365341629831e-01
-1.979060027764058538e-01,-7.446158800000000078e-01,-1.882126887393454351e-01,-3.965218771285706698e-03,3.026674330211037156e-01,7.728804577693724198e-01,-3.041178604738110636e-01,1.849211904262302031e-01,-4.224737366787510717e-02,-6.598776922609893569e-01,-4.504795592900942003e-01,7.615841425798711151e-02,-4.022128085144784371e-01,-6.007681747194995037e-01,-5.405153530057985045e-02,-2.191019475564316005e-02,-5.729934295823647661e-01,2.203943902496973695e-01,-5.203549560489273418e-01,-2.874436715220731742e-01,4.073041351710467994e-01,3.327998361557981677e-01,1.000000000000000000e+00,4.171134958345406041e-01,5.354734002144651006e-01,2.045761590791274620e-01,-3.792184893341069563e-01,6.319320492672775291e-01,2.742734037144708981e-01,7.441855718474560399e-01,7.478718673936624040e-01,2.701169963186130785e-01,1.549873354941593007e-01,5.484707226112757184e-01,-4.773861431836525226e-01,-2.176454882106618888e-02,-1.245637740722207315e-01,1.195468793028271193e-01,1.017639734425333092e-01
-7.476079207295085460e-01,-6.137446399999999525e-01,-2.746852587691988590e-01,-1.870615105972128767e-01,-5.018580161154146957e-01,6.407313749439008665e-01,3.744305974049084718e-01,4.454987611387263569e-02,-5.687253876246043394e-01,-7.979741288354250672e-01,-5.506460695901553848e-01,5.438370152612608671e-02,-7.292856221173729114e-01,-9.988101395382234515e-02,6.597364036122352893e-01,6.345144768726266316e-01,-1.265319018218588332e-01,1.587379487383200061e-01,-7.411748620863988224e-01,4.433609903762491533e-01,-1.650959998356916342e-02,6.610035004869573294e-01,4.171134958345406041e-01,1.000000000000000000e+00,4.897789281354267832e-01,-5.024167634258567272e-01,-6.791780285677770923e-01,7.203943376292786249e-01,6.676977202833460634e-01,5.760501556405310808e-01,4.033701362617903574e-01,-3.242993966273867712e-01,3.796303243552805462e-01,-1.005745111379386658e-01,1.948093575871123195e-01,4.647346131033663896e-01,-6.787033927675839573e-01,3.205083978954157975e-01,-6.439014053339372490e-01
-2.683402987155745767e-01,-9.152071400000000301e-01,-7.661956059515662165e-01,-1.883450873377138790e-01,3.187348718032699257e-01,6.594923465579313193e-01,-2.023651159052693160e-01,-1.128110692751285900e-02,-3.540552691465883445e-02,-7.489003608506630272e-01,-4.608980388721677368e-01,1.626916484505147031e-01,-6.748211771695667993e-01,-7.048386460888658167e-01,5.311104748075854559e-02,5.385898543769985364e-02,-8.118150815814805243e-01,3.014353582085214089e-01,-5.670575364999104195e-01,-1.580120400673213632e-01,5.024721225540380587e-01,4.768668451742349434e-01,5.354734002144651006e-01,4.897789281354267832e-01,1.000000000000000000e+00,2.127689759593167085e-01,-3.918033401292466689e-01,8.856919938214076193e-01,5.147925479755796063e-01,8.943589679907900658e-01,8.482319077653509565e-01,4.002728267586432853e-01,2.204811539205759618e-01,6.315530559684976453e-01,1.798080783816399450e-02,-2.933956434673530289e-01,-3.762732512276709684e-01,7.812354304844672248e-02,-7.502140915021926482e-02
6.591392918937741818e-01,-1.995027799999999907e-01,-4.442768602663111910e-01,1.796029000047849600e-01,9.265588582011956564e-01,1.156263943743893463e-01,-7.718390340300178565e-01,3.544233209992492806e-01,8.618897266748538621e-01,2.757436261548587009e-01,3.643718314261137903e-01,-1.317225285672532498e-01,7.536004051954452165e-02,-5.266281677675326289e-01,-5.193443061748179712e-01,-4.530308361765767455e-01,-5.264464672140088952e-01,6.125135161640505449e-02,4.685108200004490797e-01,-9.151155759186642147e-01,7.399932547348182510e-01,-2.796039384083631174e-01,2.045761590791274620e-01,-5.024167634258567272e-01,2.127689759593167085e-01,1.000000000000000000e+00,1.239228162055367594e-01,-1.421120258805381176e-01,-6.069593401806994137e-01,1.835809949328003621e-01,4.668847711603457684e-01,8.774929657628840474e-01,-1.912075128161367099e-01,8.430800157616535895e-01,-4.408388592390182770e-01,-7.781598930616213661e-01,6.827681169763660796e-01,7.759533518767174065e-02,8.713272684426714987e-01
6.069483329124808479e-01,5.652765399999999385e-01,4.272811174287274305e-01,-1.360629232016953849e-01,2.008518478359408999e-01,-5.337945324456092600e-01,-1.908365223952019629e-01,-5.151133413861708199e-02,2.933220063453735593e-02,4.104967239543375612e-01,1.656023220919825012e-02,5.082624007666597388e-01,7.903015065805231165e-01,-4.443306325302764925e-02,-5.896573922815235846e-01,-7.777917746749544170e-01,4.379193144531518533e-01,-1.249426093140119098e-01,3.342493762557674497e-01,4.990503472715263067e-02,-4.859065586870911502e-01,-1.904144544928522143e-01,-3.792184893341069563e-01,-6.791780285677770923e-01,-3.918033401292466689e-01,1.239228162055367594e-01,1.000000000000000000e+00,-4.559288217916793173e-01,-2.957983816243526798e-01,-5.907304711984027179e-01,-5.214770436257706310e-01,-1.697569748406226320e-01,-1.691742282687157817e-01,-1.910898897468481517e-01,2.500347862038531099e-01,-4.521112910595650458e-01,3.339992814682125888e-02,-7.823449010829093275e-01,3.174120958968491557e-01
-5.903310722656242016e-01,-9.134699400000000358e-01,-4.820215615281245314e-01,-7.960011115314589991e-02,-8.024942101401463801e-03,7.524742178978237606e-01,1.357231863753787515e-01,-5.935591081965241322e-02,-3.808793898707730219e-01,-8.783910976772892898e-01,-5.612475235296087162e-01,1.188813501161669339e-01,-7.416325655638545955e-01,-4.881539124228897464e-01,3.077422342125299970e-01,1.656682523825261377e-01,-6.433008769174958230e-01,4.562452089496729091e-01,-7.293543587946158535e-01,1.682332378644110227e-01,2.756773050568857575e-01,4.997067977672919881e-01,6.319320492672775291e-01,7.203943376292786249e-01,8.856919938214076193e-01,-1.421120258805381176e-01,-4.559288217916793173e-01,1.000000000000000000e+00,6.622762954072937136e-01,8.948966401672314719e-01,7.144859878718771151e-01,9.813797348987284008e-02,1.484133570239269950e-01,3.516870457331112698e-01,1.525970596345838093e-01,6.238111597553729071e-02,-6.247164819561014104e-01,6.872922481388006599e-02,-3.759126706836390386e-01
-5.713575177755385592e-01,-4.176538800000000329e-01,-1.272991403411984634e-01,-5.163672378266321861e-01,-5.223482052628172223e-01,3.669570524664481082e-01,2.617894530369491157e-01,-2.980181256992721073e-01,-7.039831837699184192e-01,-8.333346611170446838e-01,-8.340756424124312618e-01,4.449420498586815764e-01,-3.260407333000068797e-01,-2.238006895237340532e-01,2.108300648042023551e-01,3.843457772399940797e-01,-1.087362544499118344e-01,-1.251059637854858297e-01,-8.129991614828382396e-01,5.755278442311614340e-01,-3.558324210596013337e-01,6.986523283261283357e-01,2.742734037144708981e-01,6.676977202833460634e-01,5.147925479755796063e-01,-6.069593401806994137e-01,-2.957983816243526798e-01,6.622762954072937136e-01,1.000000000000000000e+00,4.468286101911198016e-01,2.371968549740887111e-01,-5.224942604262552415e-01,5.945523049199461507e-01,-2.394007737895649246e-01,1.200459845901124534e-01,3.888959398246777943e-01,-8.080378077042245089e-01,-1.955227794729585966e-01,-6.741500337842973867e-01
-4.556634130875604205e-01,-9.864036400000000260e-01,-5.862263606012927397e-01,1.068924289012018469e-01,2.355340892521035623e-01,8.562268530115878518e-01,-1.104509999004264637e-01,1.474580426409651257e-01,-9.827507991657091768e-02,-7.661147393330592914e-01,-3.584988717643757261e-01,-1.145364003805914715e-01,-7.638708705386073605e-01,-5.641872861126200345e-01,2.137985164804163396e-01,1.948014978710711775e-01,-8.450034589607381408e-01,4.726632482989215900e-01,-4.916968868234203316e-01,-1.914771764066916515e-01,6.021786587103085120e-01,3.000148988268251382e-01,7.441855718474560399e-01,5.760501556405310808e-01,8.943589679907900658e-01,1.835809949328003621e-01,-5.907304711984027179e-01,8.948966401672314719e-01,4.468286101911198016e-01,1.000000000000000000e+00,9.051988548290520464e-01,4.091294798691385570e-01,8.468690137374480786e-02,6.282800570873462442e-01,-1.667657678180632097e-01,-2.338408551041870620e-02,-2.860472212908673484e-01,2.848713319688772061e-01,-7.415779773955626097e-02
-8.672471142531529287e-02,-9.130097799999999930e-01,-7.580153166739771464e-01,-3.349835309444029047e-02,4.907688387134975239e-01,8.366882571790674739e-01,-4.847324272428517600e-01,2.943368342919479019e-01,2.254141083800733081e-01,-6.422146910456928426e-01,-3.115051425649023042e-01,-2.301938350546655146e-02,-5.875902014082886593e-01,-7.670241179902114181e-01,-8.293961309608220700e-02,1.451222882112996604e-01,-8.498043150698194603e-01,2.268754412070413673e-01,-3.884085176955002772e-01,-5.308990186852240445e-01,7.126562759828179994e-01,3.408030733895397457e-01,7.478718673936624040e-01,4.033701362617903574e-01,8.482319077653509565e-01,4.668847711603457684e-01,-5.214770436257706310e-01,7.144859878718771151e-01,2.371968549740887111e-01,9.051988548290520464e-01,1.000000000000000000e+00,6.014586243286293987e-01,2.190655365794978715e-01,8.423711310466341917e-01,-4.129319188930952733e-01,-3.012349250450631621e-01,9.753372064987735415e-03,2.589489847027660607e-01,2.785455648392282657e-01
3.687538458111233597e-01,-4.177456800000000081e-01,-5.955514824688565856e-01,3.572076060101851414e-01,8.855109670228589192e-01,2.148499472225070539e-01,-5.483327908539700202e-01,1.935022116318767527e-01,7.950166318226734585e-01,1.928678377226368812e-01,4.613217681773512102e-01,-3.894024213726479111e-01,-2.658164228491948777e-01,-4.352295317274176290e-01,-2.603030999331605866e-01,-2.878696240275948059e-01,-7.624000993557479289e-01,2.945445359748521397e-01,3.416687983480249380e-01,-8.615937413344285645e-01,9.255569170392504708e-01,-3.547029624118264168e-01,2.701169963186130785e-01,-3.242993966273867712e-01,4.002728267586432853e-01,8.774929657628840474e-01,-1.697569748406226320e-01,9.813797348987284008e-02,-5.224942604262552415e-01,4.091294798691385570e-01,6.014586243286293987e-01,1.000000000000000000e+00,-3.484831772195895461e-01,9.009431982811186845e-01,-3.527181752474054521e-01,-6.311619894410929188e-01,6.368972296528269128e-01,3.374488842132089550e-01,6.843424994249830418e-01
1.192260431876737692e-01,-9.504188000000002301e-02,-2.798687305213701237e-01,-8.395952764880225683e-01,-2.268924243719377953e-01,1.917242300839461511e-01,-3.572297764197533976e-01,-1.227803114979758442e-01,-1.434937952297841990e-01,-5.200813083853661478e-01,-7.560541582635674773e-01,6.645850925330804015e-01,7.688057676282041009e-02,-4.572141416236694678e-01,-2.216699081590968179e-01,3.500770092999517247e-01,1.476042639406215384e-01,-7.668992416445802318e-01,-5.701740465173578132e-01,6.486071841643391289e-02,-2.964971017971016476e-01,8.147240826156599836e-01,1.549873354941593007e-01,3.796303243552805462e-01,2.204811539205759618e-01,-1.912075128161367099e-01,-1.691742282687157817e-01,1.484133570239269950e-01,5.945523049199461507e-01,8.468690137374480786e-02,2.190655365794978715e-01,-3.484831772195895461e-01,1.000000000000000000e+00,-4.530718595747507127e-02,-3.578292066631857948e-01,-2.773346852701000231e-02,-2.867599383341268293e-01,-1.954733720829200938e-01,-1.022297575958923815e-01
3.492668637534921405e-01,-6.473884599999999434e-01,-7.063958041105156127e-01,1.055822044864520581e-01,8.712907141006395184e-01,5.094293298078935717e-01,-7.125487488193466001e-01,2.897115794150377788e-01,6.414953626928151520e-01,-1.822233633056168367e-01,5.830998314880353472e-02,-8.824956934381122942e-02,-2.994697710322595796e-01,-7.579197725572244249e-01,-3.722221981545000835e-01,-2.501129912173783443e-01,-8.296762767640406544e-01,2.046637653362448628e-01,2.655422632967685548e-02,-8.464501561977111344e-01,8.532427268857416536e-01,-2.764583492605665604e-03,5.484707226112757184e-01,-1.005745111379386658e-01,6.315530559684976453e-01,8.430800157616535895e-01,-1.910898897468481517e-01,3.516870457331112698e-01,-2.394007737895649246e-01,6.282800570873462442e-01,8.423711310466341917e-01,9.009431982811186845e-01,-4.530718595747507127e-02,1.000000000000000000e+00,-4.620207220341632781e-01,-6.707819178022633722e-01,4.135999153256890715e-01,1.767264511422715900e-01,6.732448768049256183e-01
-3.789574926629026286e-01,9.868831999999994053e-02,1.174479472296475341e-01,7.208925558192141869e-02,-3.625168993645240256e-01,-2.810913664919104105e-01,6.774499056024959609e-01,-1.655478077600801012e-01,-4.594538625751171668e-01,2.646681987755013232e-02,5.648456884473846557e-02,5.138491759306699352e-02,-2.014214700720154683e-01,3.798189904029588559e-01,4.842960446714926759e-01,-1.140120839482962750e-01,2.730469954865485382e-01,4.246529686205472998e-01,-6.340328550143463360e-02,6.788303532888362302e-01,-3.414772979024257582e-01,3.050228287842577518e-02,-4.773861431836525226e-01,1.948093575871123195e-01,1.798080783816399450e-02,-4.408388592390182770e-01,2.500347862038531099e-01,1.525970596345838093e-01,1.200459845901124534e-01,-1.667657678180632097e-01,-4.129319188930952733e-01,-3.527181752474054521e-01,-3.578292066631857948e-01,-4.620207220341632781e-01,1.000000000000000000e+00,1.005410054773329676e-01,-5.852092618950002212e-01,-1.423132637999417194e-01,-5.777715687495372787e-01
-7.762879856195756823e-01,9.984118000000008486e-02,4.910752776560937116e-01,2.411790507225836377e-01,-8.486301606259358810e-01,9.502365128019803209e-02,7.370178407288116018e-01,-5.301628217541540927e-02,-6.701547487342699450e-01,-1.649605310434480998e-01,-4.304111827207136171e-02,-3.813791845323121765e-01,-2.036891436360710184e-01,6.783711944446977338e-01,6.376607448097314501e-01,6.664622420114035828e-01,3.172678413605558578e-01,1.317435909704484376e-01,-1.758472126723586715e-01,6.426623871720720249e-01,-3.849702351278066481e-01,-6.867304471954320533e-02,-2.176454882106618888e-02,4.647346131033663896e-01,-2.933956434673530289e-01,-7.781598930616213661e-01,-4.521112910595650458e-01,6.238111597553729071e-02,3.888959398246777943e-01,-2.338408551041870620e-02,-3.012349250450631621e-01,-6.311619894410929188e-01,-2.773346852701000231e-02,-6.707819178022633722e-01,1.005410054773329676e-01,1.000000000000000000e+00,-3.396915487076787032e-01,3.162477453200203126e-01,-6.958515598864278839e-01
6.330811259083760634e-01,3.145869400000000926e-01,-8.417453831474838721e-02,3.349250819914977861e-01,5.802496428478102208e-01,-2.405564184857488519e-01,-5.284524375849958266e-01,2.491702767042521804e-01,8.433269218879273499e-01,7.049474459683345851e-01,7.076979750655781887e-01,-4.591172969850296215e-01,3.343495997024297783e-01,4.697152248621405679e-02,-4.320221482577075167e-01,-1.283699450043677970e-01,-1.235295071174516146e-01,-1.748227357235352664e-01,7.081622793726661813e-01,-8.108181053475631561e-01,4.864842149049335984e-01,-6.126081700702822319e-01,-1.245637740722207315e-01,-6.787033927675839573e-01,-3.762732512276709684e-01,6.827681169763660796e-01,3.339992814682125888e-02,-6.247164819561014104e-01,-8.080378077042245089e-01,-2.860472212908673484e-01,9.753372064987735415e-03,6.368972296528269128e-01,-2.867599383341268293e-01,4.135999153256890715e-01,-5.852092618950002212e-01,-3.396915487076787032e-01,1.000000000000000000e+00,2.764392076414642352e-01,7.907005122644148454e-01
-3.853168613290779421e-01,-2.715543599999999946e-01,-2.596402416602010543e-01,4.241094419916029978e-01,-1.453312681070152539e-02,1.908614137271988920e-01,2.218141274603679380e-01,1.280730367992033714e-01,2.225526101795366196e-01,7.561320066765996051e-02,4.516401615628530264e-01,-7.450871681591235696e-01,-6.268059329494515275e-01,2.862498756099840502e-01,5.844018736401010994e-01,5.416790075211149746e-01,-2.832109871329948070e-01,2.380542456993523515e-01,7.409674937884119794e-02,-1.930149840725714494e-01,5.773611612495361811e-01,-2.077436092172374460e-01,1.195468793028271193e-01,3.205083978954157975e-01,7.812354304844672248e-02,7.759533518767174065e-02,-7.823449010829093275e-01,6.872922481388006599e-02,-1.955227794729585966e-01,2.848713319688772061e-01,2.589489847027660607e-01,3.374488842132089550e-01,-1.954733720829200938e-01,1.767264511422715900e-01,-1.423132637999417194e-01,3.162477453200203126e-01,2.764392076414642352e-01,1.000000000000000000e+00,-1.046966255166105475e-01
8.292767655640563840e-01,7.037914000000000669e-02,-2.481896284708934031e-01,1.312415714935054323e-01,8.010019044770056995e-01,3.789543712688287630e-02,-8.442396815458582671e-01,4.300724354027765650e-01,7.848719230325350571e-01,3.933440719034080324e-01,3.345962029676892713e-01,-2.263111592108537490e-02,4.237976318879795867e-01,-4.524615267575786692e-01,-7.220921270636960765e-01,-4.176862236419979224e-01,-2.373843395875097906e-01,-1.345504532638003570e-01,5.342936671657623204e-01,-9.101499198617232222e-01,4.568892560744234888e-01,-3.319959365341629831e-01,1.017639734425333092e-01,-6.439014053339372490e-01,-7.502140915021926482e-02,8.713272684426714987e-01,3.174120958968491557e-01,-3.759126706836390386e-01,-6.741500337842973867e-01,-7.415779773955626097e-02,2.785455648392282657e-01,6.843424994249830418e-01,-1.022297575958923815e-01,6.732448768049256183e-01,-5.777715687495372787e-01,-6.958515598864278839e-01,7.907005122644148454e-01,-1.046966255166105475e-01,1.000000000000000000e+00
