1.000000000000000000e+00,-5.605349896490287309e-02,5.594129131863382343e-01,-6.658300868462250222e-01,4.153998981959424186e-01,-3.574082810446045366e-01,-6.438283039022157928e-01,-5.850542092043241604e-01,-5.392216096325075370e-01,8.315908964122910307e-02,3.043567650751188292e-01,-3.895137775526867907e-01,8.144272346774757976e-01,7.204385046666164083e-01,-2.265028807473806749e-01,7.843594345483472230e-01,4.390517674741023502e-02,-7.455185062882435654e-02,8.387380006073590355e-01,7.870601102285484929e-01,-5.810127707380063899e-01,5.731159981160968871e-03,2.456971623209902589e-01,8.627014707097011570e-01,4.725712071014779303e-01,-8.255408243621805697e-01,2.032743195765992772e-01,-6.449088920298347016e-01,-2.450325508125851259e-01,4.008565744201494918e-01,-6.764209263575696740e-01,1.169072143975621036e-01,4.475701315751242637e-01,7.949966922298157268e-01,7.952235514486963308e-02,1.649176452748001287e-01,-2.964418432299479322e-01,1.262443101505123511e-01,7.708263600000000437e-01
-5.605349896490287309e-02,1.000000000000000000e+00,3.342976229503361041e-01,-6.152059989545262120e-01,6.198568003708903040e-01,-5.015158109511037576e-01,5.578325705670519330e-01,2.987917018036329586e-01,5.558633106851609273e-01,-5.068767252782828692e-01,5.268836607031602837e-01,4.807612425599388506e-01,-5.901737979331384693e-02,-6.196508916713657777e-01,1.929845395515963624e-01,-4.709458738548794043e-02,-1.777719314957789953e-01,2.774627488763931615e-01,2.045324666719788853e-01,-9.729856042486724477e-02,5.805869373509608966e-01,-2.499524031284819092e-01,5.256999886346569451e-01,-4.401309834488040806e-01,1.812475930620164599e-01,-1.555627827576818167e-01,2.187476804695595300e-01,5.581280774517393128e-01,-6.316901881945694575e-01,-1.239126664401976052e-01,2.392884021069961037e-02,8.845224208347234329e-01,4.600911328656890342e-01,-4.788802351254392575e-01,7.854996402694780500e-01,-1.241747553717355707e-01,8.770114615778790146e-01,-7.664546101631793951e-01,-5.415326000000000306e-01
5.594129131863382343e-01,3.342976229503361041e-01,1.000000000000000000e+00,-5.660240754912215788e-01,2.292816690665782087e-01,-7.876419098725906398e-01,1.110100991425662098e-01,1.269043710678458281e-01,-2.961454554700140296e-01,-3.644870542936870517e-01,7.191365661487664207e-01,2.181193927187061732e-01,2.191937453418201787e-01,1.804171909937047902e-01,6.177993335360215665e-01,3.680996756654595359e-01,-3.200121130500681033e-01,-3.144127690551286047e-01,7.839813817392149442e-01,8.952155312600551529e-02,-4.102926467845074976e-03,1.616886995753654688e-01,2.940478573036975352e-03,3.269107270300978807e-01,-1.283726031396121015e-01,-3.060029791682867262e-01,-4.404958080273847776e-02,-1.810844809184477822e-01,-3.206914497463961844e-01,-3.140424272725588217e-01,-4.073068747834196479e-01,6.313926072777708010e-01,7.438044400492851982e-02,2.418530742311124082e-01,3.562902586872200850e-01,-5.125170086494900135e-01,2.765594781822362513e-01,-5.201152126997256042e-01,1.809651999999999372e-01
-6.658300868462250222e-01,-6.152059989545262120e-01,-5.660240754912215788e-01,1.000000000000000000e+00,-7.682025220039532254e-01,6.252792230745208846e-01,1.380422220488595753e-01,3.547960628168752573e-01,-1.359041173907915290e-01,3.858481004012219717e-01,-5.433998355906501931e-01,1.230493367734392107e-02,-6.170837206858470481e-01,-7.859281585635052858e-02,1.566450369914712537e-01,-4.375663843154120602e-01,-1.425332090058351042e-02,-9.548732522327962879e-02,-7.411894006843262606e-01,-5.823043620989093450e-01,-4.245668267960939213e-02,1.012957930667901518e-01,-6.737958872761278251e-01,-2.769380652250267305e-01,-5.658319416567043625e-01,7.168800083972721726e-01,-2.392689359477373490e-01,6.988598387561884007e-03,5.275125343169674297e-01,-2.333672713730037263e-01,3.524979934520622304e-01,-6.952171205653447927e-01,-8.321248568345552821e-01,-1.964300463913287165e-01,-7.364478596964388890e-01,-1.398719709289500956e-01,-3.989280932145494174e-01,3.381543384866534385e-01,-1.509525400000000239e-01
4.153998981959424186e-01,6.198568003708903040e-01,2.292816690665782087e-01,-7.682025220039532254e-01,1.000000000000000000e+00,-2.048490754309414963e-01,-2.098301169282225931e-01,-2.465867493756002671e-01,1.620193294145717833e-02,-1.463420846918899454e-01,6.095165210853012994e-01,-2.887853036150653807e-01,6.230169849191199427e-01,-5.076663546711655817e-02,-4.052319088164412220e-01,5.460765826047196958e-01,-3.008198424181904307e-01,2.155414230630169070e-02,5.489578878984278099e-01,6.352251439131535449e-01,-4.303511027317672571e-02,1.391631275012248509e-02,3.676849362321162329e-01,2.017640100479853316e-01,4.968425184362507130e-01,-4.973070941870166295e-01,7.489512031138002568e-01,-1.150685922914816278e-01,-5.616933111620199259e-01,2.886131351093487174e-01,-5.378537743559320683e-01,5.923046961929957499e-01,7.946585372055451346e-01,1.086234209054190852e-01,7.598502071878202591e-01,1.031119497813664798e-01,3.028250299322503003e-01,-4.198726751566869142e-01,1.532782599999999995e-01
-3.574082810446045366e-01,-5.015158109511037576e-01,-7.876419098725906398e-01,6.252792230745208846e-01,-2.048490754309414963e-01,1.000000000000000000e+00,-3.539378197495516853e-01,-1.543048921821452146e-01,-1.247200039103106700e-01,3.036618708792696575e-01,-5.566518495385388565e-01,-4.623864850322575437e-01,-1.120533978105031359e-01,1.728247153503025546e-01,-5.102116348136020996e-01,-1.708160165638230588e-01,7.989138480915111695e-02,-4.663225464659438019e-02,-6.038518465792521717e-01,2.172137992710134261e-02,-4.650202802781057132e-01,-2.527912146865745613e-01,-3.371502072678946860e-01,-6.270091918552260501e-03,2.033161302661786254e-02,3.223492652788016999e-01,3.398582168431490969e-01,-1.268669459208060235e-01,2.348000753502942350e-01,3.619640039190598069e-01,3.830896168785668469e-03,-7.195736003113923918e-01,-2.902005310995086629e-01,2.434567783966536114e-02,-4.887904572481991949e-01,4.394155622406221151e-01,-5.351199955650798312e-01,5.689632410109602967e-01,1.412707200000000718e-01
-6.438283039022157928e-01,5.578325705670519330e-01,1.110100991425662098e-01,1.380422220488595753e-01,-2.098301169282225931e-01,-3.539378197495516853e-01,1.000000000000000000e+00,8.348498656929700390e-01,6.460963097937063582e-01,-3.838032049367705034e-01,2.030027496308579038e-01,9.019845241977364481e-01,-8.202365059790370783e-01,-8.707690144306498015e-01,6.645474338720225305e-01,-5.756975192837944233e-01,2.115659772762278068e-02,3.144070749683882116e-01,-3.914803639877989516e-01,-8.536978317174055420e-01,8.787994878648056618e-01,-1.373107564197627584e-01,1.090886371794192178e-01,-8.680084447126997782e-01,-3.605912512382126733e-01,4.430841875834345411e-01,-3.632171554001938918e-01,8.229058654507608317e-01,-2.251076972456503011e-01,-5.149106575175982359e-01,5.555913325252505031e-01,5.409518717457080239e-01,-2.716771717428053678e-01,-8.360052367819295061e-01,2.313636509286112752e-01,-4.512783366458859025e-01,8.287865696095908508e-01,-6.638011212327941113e-01,-9.225731799999999927e-01
-5.850542092043241604e-01,2.987917018036329586e-01,1.269043710678458281e-01,3.547960628168752573e-01,-2.465867493756002671e-01,-1.543048921821452146e-01,8.348498656929700390e-01,1.000000000000000000e+00,2.370351858643059972e-01,-1.791698891434899688e-01,3.570837163804910230e-01,7.378462327353203509e-01,-8.018727918959862588e-01,-6.728996675934881821e-01,6.832117775587237540e-01,-3.028199589106650436e-01,-1.170560215906047002e-01,2.029250878138548764e-01,-3.574932002397591124e-01,-7.908276707546919582e-01,5.976630820559768464e-01,-3.784171577782009105e-02,-2.687341542746702339e-01,-6.500928604734669269e-01,-6.092222693360096475e-01,4.345971090391800851e-01,-1.491928734580589000e-01,4.949918546514656681e-01,-8.905878214480796029e-02,-4.274292708819804054e-01,2.751285521427081493e-01,3.857188060089140613e-01,-4.661967661635839089e-01,-7.050998367809501177e-01,-3.006187586448562030e-02,-6.063571165789506390e-01,5.867522230627504332e-01,-6.880413507794016503e-01,-6.808448200000000172e-01
-5.392216096325075370e-01,5.558633106851609273e-01,-2.961454554700140296e-01,-1.359041173907915290e-01,1.620193294145717833e-02,-1.247200039103106700e-01,6.460963097937063582e-01,2.370351858643059972e-01,1.000000000000000000e+00,-5.159280936556152053e-01,-1.769081910465758745e-01,6.137964456724950280e-01,-4.821043861416061671e-01,-7.533552428751705277e-01,9.847113883718332239e-03,-7.000076446527712104e-01,4.121517014407609647e-01,4.901671612562966129e-01,-4.874611281862157308e-01,-4.411175248416366879e-01,7.681892791759691308e-01,-4.005846687209090873e-01,6.560229972222394457e-01,-8.338293826749085813e-01,1.990850724579103781e-01,1.615806701867637252e-01,-3.295940216862728311e-01,9.416408975107554147e-01,-1.966163502766182236e-01,-6.170953957611815394e-02,7.438646299767448511e-01,3.659703819679684944e-01,2.786473243009782719e-01,-7.875762060500905992e-01,4.134771487600703010e-01,2.364556701178866238e-01,7.285308756321172696e-01,-1.978216333874737165e-01,-8.539624399999999893e-01
8.315908964122910307e-02,-5.068767252782828692e-01,-3.644870542936870517e-01,3.858481004012219717e-01,-1.463420846918899454e-01,3.036618708792696575e-01,-3.838032049367705034e-01,-1.791698891434899688e-01,-5.159280936556152053e-01,1.000000000000000000e+00,-2.825127374690822313e-01,-4.157346286583937789e-01,2.059925217398203279e-01,2.575383917232383912e-01,-3.627400031184493390e-01,4.565371670453775566e-01,-1.173947643201223023e-02,1.239253982666623510e-01,-5.082741570200745296e-02,2.214159659925393764e-01,-2.927425314078124230e-01,4.127936800156695174e-01,-3.880492383067158380e-01,3.649760791189177733e-01,7.523758210780975841e-02,4.364175326051693976e-03,1.724388486599135184e-01,-5.680924123936446080e-01,1.858898783324159643e-01,1.992530316762295417e-01,-3.402491060514226118e-01,-5.373228399188263449e-01,-2.274055647955375570e-01,5.011137971931071133e-01,-5.082082813934981624e-01,-1.646268604389779233e-02,-5.754896720255444631e-01,2.838277188773764004e-01,4.433282199999999396e-01
3.043567650751188292e-01,5.268836607031602837e-01,7.191365661487664207e-01,-5.433998355906501931e-01,6.095165210853012994e-01,-5.566518495385388565e-01,2.030027496308579038e-01,3.570837163804910230e-01,-1.769081910465758745e-01,-2.825127374690822313e-01,1.000000000000000000e+00,1.554215830613776550e-01,1.724186401216560582e-01,-1.536787786015514912e-01,3.499648635664152629e-01,4.751852279422801306e-01,-4.288344415889195904e-01,-1.825773270876194787e-01,6.378920486208707885e-01,1.323406123023700698e-01,1.555110013411684644e-01,2.416692441999724328e-01,-3.999430206404752663e-02,8.899303744643236036e-02,-7.027454197121259238e-02,-2.441740388763784797e-01,4.208928363147074192e-01,-7.567396474604573542e-02,-5.053239494849113278e-01,-1.500814465198871406e-01,-4.779827976717318516e-01,7.901744076989889454e-01,2.976238609926629142e-01,-5.958835503414177531e-02,5.954928065521974956e-01,-5.438623111642176822e-01,4.664787878362312568e-01,-7.820894887474251211e-01,-1.353948000000004814e-02
-3.895137775526867907e-01,4.807612425599388506e-01,2.181193927187061732e-01,1.230493367734392107e-02,-2.887853036150653807e-01,-4.623864850322575437e-01,9.019845241977364481e-01,7.378462327353203509e-01,6.137964456724950280e-01,-4.157346286583937789e-01,1.554215830613776550e-01,1.000000000000000000e+00,-7.460617993814476767e-01,-6.876533508680144902e-01,6.341168649037718374e-01,-4.660224171736935816e-01,3.260374958868493822e-01,5.225434745894353972e-01,-2.789118975870087391e-01,-7.498246041229796877e-01,7.667656142358610927e-01,-3.488167379432744464e-01,3.272508410127843437e-01,-6.974866616627630744e-01,-2.247602625551098077e-01,1.191383582331399377e-01,-5.602350815529428818e-01,7.690276974522154418e-01,-2.545953578488779900e-01,-2.852725436480211263e-01,5.652559411267767953e-01,5.061862203215197198e-01,-2.063715930388963227e-01,-7.076981539446780545e-01,7.047047090971873817e-02,-2.677347788359045189e-01,7.892855358439978541e-01,-5.344186746540002808e-01,-7.944668999999999759e-01
8.144272346774757976e-01,-5.901737979331384693e-02,2.191937453418201787e-01,-6.170837206858470481e-01,6.230169849191199427e-01,-1.120533978105031359e-01,-8.202365059790370783e-01,-8.018727918959862588e-01,-4.821043861416061671e-01,2.059925217398203279e-01,1.724186401216560582e-01,-7.460617993814476767e-01,1.000000000000000000e+00,6.532055285626960917e-01,-5.783578322597704435e-01,7.370214391861756864e-01,-1.832659724589811856e-01,-2.309584437118390177e-01,7.297336338367960140e-01,9.728759563340850791e-01,-5.943377470980836241e-01,2.134518143941871726e-01,1.801489848146968775e-01,8.148224154199730229e-01,4.974014937597567299e-01,-6.610376514765415878e-01,4.612930045944467206e-01,-7.020748652010997404e-01,-6.385502517925553678e-02,3.947400373621137715e-01,-6.575365197310434340e-01,-2.086648195268514527e-02,6.382245080744319843e-01,7.606096718653980737e-01,2.559351040759864082e-01,3.087312020341250185e-01,-4.250333057734928532e-01,2.382926405608347953e-01,7.981547799999999526e-01
7.204385046666164083e-01,-6.196508916713657777e-01,1.804171909937047902e-01,-7.859281585635052858e-02,-5.076663546711655817e-02,1.728247153503025546e-01,-8.707690144306498015e-01,-6.728996675934881821e-01,-7.533552428751705277e-01,2.575383917232383912e-01,-1.536787786015514912e-01,-6.876533508680144902e-01,6.532055285626960917e-01,1.000000000000000000e+00,-2.839454350903763413e-01,5.307035355124271048e-01,3.520729866477401160e-02,-3.950671054338254495e-01,4.446104790758447778e-01,6.515637224572710107e-01,-9.000915157758198060e-01,1.072108918520264520e-01,-2.131888037503770761e-01,9.134049016240054497e-01,1.729357722603846736e-01,-4.126249821731563516e-01,1.129712575787016615e-01,-8.316579804235451068e-01,2.548284547120214238e-01,3.919862507003940011e-01,-5.481259007324048582e-01,-5.055051228527271956e-01,7.314622499616270888e-03,8.839640468611493773e-01,-3.910851023044183417e-01,2.184398606624681494e-01,-8.132670833018753598e-01,6.134005620992248886e-01,9.253918999999999340e-01
-2.265028807473806749e-01,1.929845395515963624e-01,6.177993335360215665e-01,1.566450369914712537e-01,-4.052319088164412220e-01,-5.102116348136020996e-01,6.645474338720225305e-01,6.832117775587237540e-01,9.847113883718332239e-03,-3.627400031184493390e-01,3.499648635664152629e-01,6.341168649037718374e-01,-5.783578322597704435e-01,-2.839454350903763413e-01,1.000000000000000000e+00,-3.057223595981927167e-01,-2.846037758694692776e-01,-2.539990930698575733e-01,4.693891452974233158e-02,-7.029758840652666763e-01,3.975664664492417066e-01,1.278194244085711362e-01,-3.319103349589516694e-01,-3.114546277720850465e-01,-6.519219299684443358e-01,4.162389602858036497e-01,-4.215485075463843434e-01,2.780364065988975564e-01,-1.577559849454072266e-02,-7.225436946285743733e-01,1.713338052040145887e-01,3.922289701657137306e-01,-5.715762439597927846e-01,-3.114803650428542570e-01,1.028356983943660638e-02,-7.464139315644645611e-01,4.011446226368240442e-01,-5.358246934335564315e-01,-3.913555399999999462e-01
7.843594345483472230e-01,-4.709458738548794043e-02,3.680996756654595359e-01,-4.375663843154120602e-01,5.460765826047196958e-01,-1.708160165638230588e-01,-5.756975192837944233e-01,-3.028199589106650436e-01,-7.000076446527712104e-01,4.565371670453775566e-01,4.751852279422801306e-01,-4.660224171736935816e-01,7.370214391861756864e-01,5.307035355124271048e-01,-3.057223595981927167e-01,1.000000000000000000e+00,-1.811100632683123601e-01,-5.622128791408012582e-03,7.275676051481100304e-01,7.420695298726722733e-01,-5.219149320205086484e-01,2.343676158204285043e-01,-6.113883484751628239e-02,7.824143835760032362e-01,3.058318334091971735e-01,-6.728197589224165220e-01,5.367491526354795095e-01,-7.644349041559105329e-01,-2.583305024266447925e-01,4.145660135250500700e-01,-8.549372510070182285e-01,1.044415807424244336e-01,3.507587498377347512e-01,6.997125826103997026e-01,2.668878677453639936e-02,-4.188871301764255511e-02,-3.038740072586793017e-01,-1.122948033283023700e-01,7.351241799999999049e-01
4.390517674741023502e-02,-1.777719314957789953e-01,-3.200121130500681033e-01,-1.425332090058351042e-02,-3.008198424181904307e-01,7.989138480915111695e-02,2.115659772762278068e-02,-1.170560215906047002e-01,4.121517014407609647e-01,-1.173947643201223023e-02,-4.288344415889195904e-01,3.260374958868493822e-01,-1.832659724589811856e-01,3.520729866477401160e-02,-2.846037758694692776e-01,-1.811100632683123601e-01,1.000000000000000000e+00,6.830670964990794847e-01,-3.325473598708215683e-01,-4.242678277015399235e-02,9.303192707564553188e-02,-4.826905419130704811e-01,6.031253126942003329e-01,-1.318437895654472336e-01,4.578605429202031174e-01,-3.684065907573146337e-01,-4.785514538780183402e-01,3.147928162768328653e-01,-2.080264927449224088e-02,5.968868390417643166e-01,4.060524022526419419e-01,-2.055347071826919836e-01,1.683399321931669246e-01,-1.008674970456737291e-01,-3.125464446284681452e-01,5.081425401134519459e-01,5.150175598111136205e-02,3.993791615185262600e-01,-1.546325200000000510e-01
-7.455185062882435654e-02,2.774627488763931615e-01,-3.144127690551286047e-01,-9.548732522327962879e-02,2.155414230630169070e-02,-4.663225464659438019e-02,3.144070749683882116e-01,2.029250878138548764e-01,4.901671612562966129e-01,1.239253982666623510e-01,-1.825773270876194787e-01,5.225434745894353972e-01,-2.309584437118390177e-01,-3.950671054338254495e-01,-2.539990930698575733e-01,-5.622128791408012582e-03,6.830670964990794847e-01,1.000000000000000000e+00,-3.099293773271623031e-01,-1.139339781710910771e-01,3.842962951476328604e-01,-5.384854600299944227e-01,6.422162220125187115e-01,-3.261640100374139095e-01,3.789107479018717362e-01,-4.153936565880654852e-01,-2.236671855126617647e-01,4.237409896770188977e-01,-2.887387974846219452e-01,4.491672414917198264e-01,3.169429967176990437e-01,1.254803415759929708e-01,2.260677905501553286e-01,-3.297294692333176958e-01,-1.389940243432029043e-01,3.908437475375869385e-01,4.097655409063171161e-01,-9.486591948502491600e-02,-3.724414799999999914e-01
8.387380006073590355e-01,2.045324666719788853e-01,7.839813817392149442e-01,-7.411894006843262606e-01,5.489578878984278099e-01,-6.038518465792521717e-01,-3.914803639877989516e-01,-3.574932002397591124e-01,-4.874611281862157308e-01,-5.082741570200745296e-02,6.378920486208707885e-01,-2.789118975870087391e-01,7.297336338367960140e-01,4.446104790758447778e-01,4.693891452974233158e-02,7.275676051481100304e-01,-3.325473598708215683e-01,-3.099293773271623031e-01,1.000000000000000000e+00,6.350249731668413666e-01,-3.287995707898096476e-01,2.581998692267424289e-01,1.044118515215951698e-01,6.900327790778993942e-01,2.242119207304622275e-01,-6.068276759828142852e-01,2.696529513472069595e-01,-5.373013064105589542e-01,-2.995981829751389602e-01,5.709997437584167501e-02,-6.667163825499913266e-01,4.255102699202685246e-01,4.463846712503274916e-01,5.920292864304556035e-01,3.943633702212224201e-01,-1.424118021887391949e-01,-4.776994786200958881e-02,-2.497982357278358267e-01,5.832110200000000244e-01
7.870601102285484929e-01,-9.729856042486724477e-02,8.952155312600551529e-02,-5.823043620989093450e-01,6.352251439131535449e-01,2.172137992710134261e-02,-8.536978317174055420e-01,-7.908276707546919582e-01,-4.411175248416366879e-01,2.214159659925393764e-01,1.323406123023700698e-01,-7.498246041229796877e-01,9.728759563340850791e-01,6.515637224572710107e-01,-7.029758840652666763e-01,7.420695298726722733e-01,-4.242678277015399235e-02,-1.139339781710910771e-01,6.350249731668413666e-01,1.000000000000000000e+00,-6.345101377694912781e-01,9.915632284125844298e-02,2.370274477051905471e-01,7.907107433749680503e-01,5.658059060433207055e-01,-7.201928438429040513e-01,5.104162723541237900e-01,-6.716884786218224601e-01,-7.584340078752778436e-02,5.733847087083630001e-01,-6.421755013734047335e-01,-7.831862853912427425e-02,6.825317720365271512e-01,7.143689134368241822e-01,1.970468682633184365e-01,4.275414823699895117e-01,-4.380104023629919352e-01,2.960938494763777906e-01,7.850210200000000693e-01
-5.810127707380063899e-01,5.805869373509608966e-01,-4.102926467845074976e-03,-4.245668267960939213e-02,-4.303511027317672571e-02,-4.650202802781057132e-01,8.787994878648056618e-01,5.976630820559768464e-01,7.681892791759691308e-01,-2.927425314078124230e-01,1.555110013411684644e-01,7.667656142358610927e-01,-5.943377470980836241e-01,-9.000915157758198060e-01,3.975664664492417066e-01,-5.219149320205086484e-01,9.303192707564553188e-02,3.842962951476328604e-01,-3.287995707898096476e-01,-6.345101377694912781e-01,1.000000000000000000e+00,6.974444351736849845e-02,3.119625721621505643e-01,-8.500555044142291683e-01,-1.599308474520308720e-01,3.175068279421091599e-01,-3.817912858635839624e-01,8.048974403023637647e-01,-1.513507998239912444e-01,-4.707959631894270691e-01,6.298868967798885166e-01,5.574969762325004963e-01,5.494362967887164023e-02,-7.925727570107843345e-01,4.216340083008955908e-01,-3.420266337925061961e-01,8.259716845675002528e-01,-5.825705726714225374e-01,-8.931773199999999413e-01
5.731159981160968871e-03,-2.499524031284819092e-01,1.616886995753654688e-01,1.012957930667901518e-01,1.391631275012248509e-02,-2.527912146865745613e-01,-1.373107564197627584e-01,-3.784171577782009105e-02,-4.005846687209090873e-01,4.127936800156695174e-01,2.416692441999724328e-01,-3.488167379432744464e-01,2.134518143941871726e-01,1.072108918520264520e-01,1.278194244085711362e-01,2.343676158204285043e-01,-4.826905419130704811e-01,-5.384854600299944227e-01,2.581998692267424289e-01,9.915632284125844298e-02,6.974444351736849845e-02,1.000000000000000000e+00,-5.371376945765655719e-01,1.898103439100861378e-01,-2.894900616715868624e-01,2.981990177989695123e-01,7.249632883093244662e-02,-4.313939139758283248e-01,3.359015112140699144e-01,-4.438394488093059809e-01,-2.119300499073047406e-01,-4.062121374405958107e-02,-6.313066670870488839e-02,2.701200793546078560e-01,1.414432433293043856e-01,-6.273981903819246808e-01,-2.641479844064152371e-01,-1.032935690555042557e-01,2.344545600000000896e-01
2.456971623209902589e-01,5.256999886346569451e-01,2.940478573036975352e-03,-6.737958872761278251e-01,3.676849362321162329e-01,-3.371502072678946860e-01,1.090886371794192178e-01,-2.687341542746702339e-01,6.560229972222394457e-01,-3.880492383067158380e-01,-3.999430206404752663e-02,3.272508410127843437e-01,1.801489848146968775e-01,-2.131888037503770761e-01,-3.319103349589516694e-01,-6.113883484751628239e-02,6.031253126942003329e-01,6.422162220125187115e-01,1.044118515215951698e-01,2.370274477051905471e-01,3.119625721621505643e-01,-5.371376945765655719e-01,1.000000000000000000e+00,-1.688914908614984611e-01,6.706902351417847186e-01,-6.137119554308004821e-01,-1.868746701498684715e-01,4.695283974757371581e-01,-3.920170333870721668e-01,4.358575741417608507e-01,2.698212601068153416e-01,4.034141878389302938e-01,7.195001624098834592e-01,-1.951852368368037771e-01,4.136582801812248578e-01,5.643765956777115900e-01,5.031503592686420445e-01,-3.297815234214830638e-02,-2.584722799999999987e-01
8.627014707097011570e-01,-4.401309834488040806e-01,3.269107270300978807e-01,-2.769380652250267305e-01,2.017640100479853316e-01,-6.270091918552260501e-03,-8.680084447126997782e-01,-6.500928604734669269e-01,-8.338293826749085813e-01,3.649760791189177733e-01,8.899303744643236036e-02,-6.974866616627630744e-01,8.148224154199730229e-01,9.134049016240054497e-01,-3.114546277720850465e-01,7.824143835760032362e-01,-1.318437895654472336e-01,-3.261640100374139095e-01,6.900327790778993942e-01,7.907107433749680503e-01,-8.500555044142291683e-01,1.898103439100861378e-01,-1.688914908614984611e-01,1.000000000000000000e+00,2.332595931465628325e-01,-5.739413414170642103e-01,2.769275043318521479e-01,-9.222317439297763597e-01,8.008325210897583590e-02,3.671026999901439436e-01,-7.354747654640965138e-01,-2.988834669516726716e-01,1.590099127451539140e-01,9.417578808828138692e-01,-2.330425134438025847e-01,1.604197548772599569e-01,-7.051230608187432081e-01,3.857413803841930333e-01,9.839933599999999281e-01
4.725712071014779303e-01,1.812475930620164599e-01,-1.283726031396121015e-01,-5.658319416567043625e-01,4.968425184362507130e-01,2.033161302661786254e-02,-3.605912512382126733e-01,-6.092222693360096475e-01,1.990850724579103781e-01,7.523758210780975841e-02,-7.027454197121259238e-02,-2.247602625551098077e-01,4.974014937597567299e-01,1.729357722603846736e-01,-6.519219299684443358e-01,3.058318334091971735e-01,4.578605429202031174e-01,3.789107479018717362e-01,2.242119207304622275e-01,5.658059060433207055e-01,-1.599308474520308720e-01,-2.894900616715868624e-01,6.706902351417847186e-01,2.332595931465628325e-01,1.000000000000000000e+00,-5.827630160386643166e-01,2.717942678207959095e-01,-1.849733123512374046e-03,-5.711360284115384323e-01,6.392329141016424021e-01,-2.210371677310907501e-01,9.181913155840668028e-02,6.527298512860990609e-01,3.238786669998791057e-01,2.783486383300453060e-01,5.687701688361875840e-01,1.302002693322951675e-02,2.539140556404115845e-01,2.028401399999999466e-01
-8.255408243621805697e-01,-1.555627827576818167e-01,-3.060029791682867262e-01,7.168800083972721726e-01,-4.973070941870166295e-01,3.223492652788016999e-01,4.430841875834345411e-01,4.345971090391800851e-01,1.615806701867637252e-01,4.364175326051693976e-03,-2.441740388763784797e-01,1.191383582331399377e-01,-6.610376514765415878e-01,-4.126249821731563516e-01,4.162389602858036497e-01,-6.728197589224165220e-01,-3.684065907573146337e-01,-4.153936565880654852e-01,-6.068276759828142852e-01,-7.201928438429040513e-01,3.175068279421091599e-01,2.981990177989695123e-01,-6.137119554308004821e-01,-5.739413414170642103e-01,-5.827630160386643166e-01,1.000000000000000000e+00,-1.202561930946187824e-01,3.255245035930042219e-01,3.016751711096717914e-01,-6.582977847462765375e-01,3.886500842558857638e-01,-2.156568467879892981e-01,-6.644046129644857190e-01,-4.349769411490406745e-01,-1.111882960821794775e-01,-4.331650189050935129e-01,8.338698118677450102e-03,-4.741798768341928816e-02,-4.736609800000000092e-01
2.032743195765992772e-01,2.187476804695595300e-01,-4.404958080273847776e-02,-2.392689359477373490e-01,7.489512031138002568e-01,3.398582168431490969e-01,-3.632171554001938918e-01,-1.491928734580589000e-01,-3.295940216862728311e-01,1.724388486599135184e-01,4.208928363147074192e-01,-5.602350815529428818e-01,4.612930045944467206e-01,1.129712575787016615e-01,-4.215485075463843434e-01,5.367491526354795095e-01,-4.785514538780183402e-01,-2.236671855126617647e-01,2.696529513472069595e-01,5.104162723541237900e-01,-3.817912858635839624e-01,7.249632883093244662e-02,-1.868746701498684715e-01,2.769275043318521479e-01,2.717942678207959095e-01,-1.202561930946187824e-01,1.000000000000000000e+00,-3.473065226418167728e-01,-4.037146563583653425e-01,2.856106147480243496e-01,-7.361879632775436555e-01,1.678719544935565189e-01,3.287318545424626204e-01,2.377953178246912658e-01,3.646067131190363075e-01,7.717387826244231919e-03,-9.658185369338645465e-02,-2.264460967315656548e-01,3.136152199999999723e-01
-6.449088920298347016e-01,5.581280774517393128e-01,-1.810844809184477822e-01,6.988598387561884007e-03,-1.150685922914816278e-01,-1.268669459208060235e-01,8.229058654507608317e-01,4.949918546514656681e-01,9.416408975107554147e-01,-5.680924123936446080e-01,-7.567396474604573542e-02,7.690276974522154418e-01,-7.020748652010997404e-01,-8.316579804235451068e-01,2.780364065988975564e-01,-7.644349041559105329e-01,3.147928162768328653e-01,4.237409896770188977e-01,-5.373013064105589542e-01,-6.716884786218224601e-01,8.048974403023637647e-01,-4.313939139758283248e-01,4.695283974757371581e-01,-9.222317439297763597e-01,-1.849733123512374046e-03,3.255245035930042219e-01,-3.473065226418167728e-01,1.000000000000000000e+00,-2.455032271596837012e-01,-2.220801432286944599e-01,7.265656299881380065e-01,4.222084677971290612e-01,2.822310375617991668e-02,-8.798755810550158429e-01,3.329788943447006266e-01,3.612904439989433197e-02,7.986906851951293129e-01,-3.464235447552964642e-01,-9.523234200000000316e-01
-2.450325508125851259e-01,-6.316901881945694575e-01,-3.206914497463961844e-01,5.275125343169674297e-01,-5.616933111620199259e-01,2.348000753502942350e-01,-2.251076972456503011e-01,-8.905878214480796029e-02,-1.966163502766182236e-01,1.858898783324159643e-01,-5.053239494849113278e-01,-2.545953578488779900e-01,-6.385502517925553678e-02,2.548284547120214238e-01,-1.577559849454072266e-02,-2.583305024266447925e-01,-2.080264927449224088e-02,-2.887387974846219452e-01,-2.995981829751389602e-01,-7.584340078752778436e-02,-1.513507998239912444e-01,3.359015112140699144e-01,-3.920170333870721668e-01,8.008325210897583590e-02,-5.711360284115384323e-01,3.016751711096717914e-01,-4.037146563583653425e-01,-2.455032271596837012e-01,1.000000000000000000e+00,-1.909486596102621947e-01,3.184397644177617281e-01,-6.192507165255128898e-01,-2.921082892375336804e-01,4.251562721292804353e-02,-4.657610267197518361e-01,-1.675580211698708341e-03,-5.112694126630145108e-01,4.460052075317153530e-01,1.741525799999998902e-01
4.008565744201494918e-01,-1.239126664401976052e-01,-3.140424272725588217e-01,-2.333672713730037263e-01,2.886131351093487174e-01,3.619640039190598069e-01,-5.149106575175982359e-01,-4.274292708819804054e-01,-6.170953957611815394e-02,1.992530316762295417e-01,-1.500814465198871406e-01,-2.852725436480211263e-01,3.947400373621137715e-01,3.919862507003940011e-01,-7.225436946285743733e-01,4.145660135250500700e-01,5.968868390417643166e-01,4.491672414917198264e-01,5.709997437584167501e-02,5.733847087083630001e-01,-4.707959631894270691e-01,-4.438394488093059809e-01,4.358575741417608507e-01,3.671026999901439436e-01,6.392329141016424021e-01,-6.582977847462765375e-01,2.856106147480243496e-01,-2.220801432286944599e-01,-1.909486596102621947e-01,1.000000000000000000e+00,-2.595906014514023918e-01,-2.366561034711221756e-01,4.544698327841156793e-01,2.950333496991814353e-01,-1.757404896679385653e-01,6.775883858644199398e-01,-2.503690951402735010e-01,3.882077754881658183e-01,3.729918400000000744e-01
-6.764209263575696740e-01,2.392884021069961037e-02,-4.073068747834196479e-01,3.524979934520622304e-01,-5.378537743559320683e-01,3.830896168785668469e-03,5.555913325252505031e-01,2.751285521427081493e-01,7.438646299767448511e-01,-3.402491060514226118e-01,-4.779827976717318516e-01,5.652559411267767953e-01,-6.575365197310434340e-01,-5.481259007324048582e-01,1.713338052040145887e-01,-8.549372510070182285e-01,4.060524022526419419e-01,3.169429967176990437e-01,-6.667163825499913266e-01,-6.421755013734047335e-01,6.298868967798885166e-01,-2.119300499073047406e-01,2.698212601068153416e-01,-7.354747654640965138e-01,-2.210371677310907501e-01,3.886500842558857638e-01,-7.361879632775436555e-01,7.265656299881380065e-01,3.184397644177617281e-01,-2.595906014514023918e-01,1.000000000000000000e+00,-1.143431892316024157e-01,-1.796729017223087366e-01,-7.117177468583245625e-01,-1.140589495306311707e-01,1.662814229473092431e-01,3.323956520659421821e-01,1.499978662134454077e-01,-7.084813599999999489e-01
1.169072143975621036e-01,8.845224208347234329e-01,6.313926072777708010e-01,-6.952171205653447927e-01,5.923046961929957499e-01,-7.195736003113923918e-01,5.409518717457080239e-01,3.857188060089140613e-01,3.659703819679684944e-01,-5.373228399188263449e-01,7.901744076989889454e-01,5.061862203215197198e-01,-2.086648195268514527e-02,-5.055051228527271956e-01,3.922289701657137306e-01,1.044415807424244336e-01,-2.055347071826919836e-01,1.254803415759929708e-01,4.255102699202685246e-01,-7.831862853912427425e-02,5.574969762325004963e-01,-4.062121374405958107e-02,4.034141878389302938e-01,-2.988834669516726716e-01,9.181913155840668028e-02,-2.156568467879892981e-01,1.678719544935565189e-01,4.222084677971290612e-01,-6.192507165255128898e-01,-2.366561034711221756e-01,-1.143431892316024157e-01,1.000000000000000000e+00,4.389940072352710443e-01,-3.712188935967670744e-01,8.084578320316380129e-01,-3.837942982251709712e-01,8.607261035772069135e-01,-8.732609836829778871e-01,-4.320669999999999789e-01
4.475701315751242637e-01,4.600911328656890342e-01,7.438044400492851982e-02,-8.321248568345552821e-01,7.946585372055451346e-01,-2.902005310995086629e-01,-2.716771717428053678e-01,-4.661967661635839089e-01,2.786473243009782719e-01,-2.274055647955375570e-01,2.976238609926629142e-01,-2.063715930388963227e-01,6.382245080744319843e-01,7.314622499616270888e-03,-5.715762439597927846e-01,3.507587498377347512e-01,1.683399321931669246e-01,2.260677905501553286e-01,4.463846712503274916e-01,6.825317720365271512e-01,5.494362967887164023e-02,-6.313066670870488839e-02,7.195001624098834592e-01,1.590099127451539140e-01,6.527298512860990609e-01,-6.644046129644857190e-01,3.287318545424626204e-01,2.822310375617991668e-02,-2.921082892375336804e-01,4.544698327841156793e-01,-1.796729017223087366e-01,4.389940072352710443e-01,1.000000000000000000e+00,7.134008885006458411e-02,6.833665535297529514e-01,3.958043276617276285e-01,2.683251060973209090e-01,-1.156587151801937163e-01,1.078628600000000048e-01
7.949966922298157268e-01,-4.788802351254392575e-01,2.418530742311124082e-01,-1.964300463913287165e-01,1.086234209054190852e-01,2.434567783966536114e-02,-8.360052367819295061e-01,-7.050998367809501177e-01,-7.875762060500905992e-01,5.011137971931071133e-01,-5.958835503414177531e-02,-7.076981539446780545e-01,7.606096718653980737e-01,8.839640468611493773e-01,-3.114803650428542570e-01,6.997125826103997026e-01,-1.008674970456737291e-01,-3.297294692333176958e-01,5.920292864304556035e-01,7.143689134368241822e-01,-7.925727570107843345e-01,2.701200793546078560e-01,-1.951852368368037771e-01,9.417578808828138692e-01,3.238786669998791057e-01,-4.349769411490406745e-01,2.377953178246912658e-01,-8.798755810550158429e-01,4.251562721292804353e-02,2.950333496991814353e-01,-7.117177468583245625e-01,-3.712188935967670744e-01,7.134008885006458411e-02,1.000000000000000000e+00,-2.565522130995828709e-01,1.151411655144839730e-01,-7.427539750157106102e-01,4.554277920062937413e-01,9.409660200000000696e-01
7.952235514486963308e-02,7.854996402694780500e-01,3.562902586872200850e-01,-7.364478596964388890e-01,7.598502071878202591e-01,-4.887904572481991949e-01,2.313636509286112752e-01,-3.006187586448562030e-02,4.134771487600703010e-01,-5.082082813934981624e-01,5.954928065521974956e-01,7.047047090971873817e-02,2.559351040759864082e-01,-3.910851023044183417e-01,1.028356983943660638e-02,2.668878677453639936e-02,-3.125464446284681452e-01,-1.389940243432029043e-01,3.943633702212224201e-01,1.970468682633184365e-01,4.216340083008955908e-01,1.414432433293043856e-01,4.136582801812248578e-01,-2.330425134438025847e-01,2.783486383300453060e-01,-1.111882960821794775e-01,3.646067131190363075e-01,3.329788943447006266e-01,-4.657610267197518361e-01,-1.757404896679385653e-01,-1.140589495306311707e-01,8.084578320316380129e-01,6.833665535297529514e-01,-2.565522130995828709e-01,1.000000000000000000e+00,-1.652526012705184399e-01,6.336406477243125002e-01,-5.840383234921230349e-01,-2.984164599999999945e-01
1.649176452748001287e-01,-1.241747553717355707e-01,-5.125170086494900135e-01,-1.398719709289500956e-01,1.031119497813664798e-01,4.394155622406221151e-01,-4.512783366458859025e-01,-6.063571165789506390e-01,2.364556701178866238e-01,-1.646268604389779233e-02,-5.438623111642176822e-01,-2.677347788359045189e-01,3.087312020341250185e-01,2.184398606624681494e-01,-7.464139315644645611e-01,-4.188871301764255511e-02,5.081425401134519459e-01,3.908437475375869385e-01,-1.424118021887391949e-01,4.275414823699895117e-01,-3.420266337925061961e-01,-6.273981903819246808e-01,5.643765956777115900e-01,1.604197548772599569e-01,5.687701688361875840e-01,-4.331650189050935129e-01,7.717387826244231919e-03,3.612904439989433197e-02,-1.675580211698708341e-03,6.775883858644199398e-01,1.662814229473092431e-01,-3.837942982251709712e-01,3.958043276617276285e-01,1.151411655144839730e-01,-1.652526012705184399e-01,1.000000000000000000e+00,-2.406609202651148749e-01,6.190668324468526773e-01,1.938129799999999126e-01
-2.964418432299479322e-01,8.770114615778790146e-01,2.765594781822362513e-01,-3.989280932145494174e-01,3.028250299322503003e-01,-5.351199955650798312e-01,8.287865696095908508e-01,5.867522230627504332e-01,7.285308756321172696e-01,-5.754896720255444631e-01,4.664787878362312568e-01,7.892855358439978541e-01,-4.250333057734928532e-01,-8.132670833018753598e-01,4.011446226368240442e-01,-3.038740072586793017e-01,5.150175598111136205e-02,4.097655409063171161e-01,-4.776994786200958881e-02,-4.380104023629919352e-01,8.259716845675002528e-01,-2.641479844064152371e-01,5.031503592686420445e-01,-7.051230608187432081e-01,1.302002693322951675e-02,8.338698118677450102e-03,-9.658185369338645465e-02,7.986906851951293129e-01,-5.112694126630145108e-01,-2.503690951402735010e-01,3.323956520659421821e-01,8.607261035772069135e-01,2.683251060973209090e-01,-7.427539750157106102e-01,6.336406477243125002e-01,-2.406609202651148749e-01,1.000000000000000000e+00,-7.874165735541992506e-01,-8.077337199999999884e-01
1.262443101505123511e-01,-7.664546101631793951e-01,-5.201152126997256042e-01,3.381543384866534385e-01,-4.198726751566869142e-01,5.689632410109602967e-01,-6.638011212327941113e-01,-6.880413507794016503e-01,-1.978216333874737165e-01,2.838277188773764004e-01,-7.820894887474251211e-01,-5.344186746540002808e-01,2.382926405608347953e-01,6.134005620992248886e-01,-5.358246934335564315e-01,-1.122948033283023700e-01,3.993791615185262600e-01,-9.486591948502491600e-02,-2.497982357278358267e-01,2.960938494763777906e-01,-5.825705726714225374e-01,-1.032935690555042557e-01,-3.297815234214830638e-02,3.857413803841930333e-01,2.539140556404115845e-01,-4.741798768341928816e-02,-2.264460967315656548e-01,-3.464235447552964642e-01,4.460052075317153530e-01,3.882077754881658183e-01,1.499978662134454077e-01,-8.732609836829778871e-01,-1.156587151801937163e-01,4.554277920062937413e-01,-5.840383234921230349e-01,6.190668324468526773e-01,-7.874165735541992506e-01,1.000000000000000000e+00,4.820611800000000891e-01
7.708263600000000437e-01,-5.415326000000000306e-01,1.809651999999999372e-01,-1.509525400000000239e-01,1.532782599999999995e-01,1.412707200000000718e-01,-9.225731799999999927e-01,-6.808448200000000172e-01,-8.539624399999999893e-01,4.433282199999999396e-01,-1.353948000000004814e-02,-7.944668999999999759e-01,7.981547799999999526e-01,9.253918999999999340e-01,-3.913555399999999462e-01,7.351241799999999049e-01,-1.546325200000000510e-01,-3.724414799999999914e-01,5.832110200000000244e-01,7.850210200000000693e-01,-8.931773199999999413e-01,2.344545600000000896e-01,-2.584722799999999987e-01,9.839933599999999281e-01,2.028401399999999466e-01,-4.736609800000000092e-01,3.136152199999999723e-01,-9.523234200000000316e-01,1.741525799999998902e-01,3.729918400000000744e-01,-7.084813599999999489e-01,-4.320669999999999789e-01,1.078628600000000048e-01,9.409660200000000696e-01,-2.984164599999999945e-01,1.938129799999999126e-01,-8.077337199999999884e-01,4.820611800000000891e-01,1.000000000000000000e+00
