1.0,0.25314309574755267,0.11884436342026297,-0.52439152401685085,0.11853689652306761,0.20647181309226673,0.53438902717761849,0.41967389843122765,0.65887301731281778,-0.45113389346398802,-0.72960778000000004,0.029447335371322297,-0.33288272772629773,0.73590605691228883,-0.10553133706709435,0.31041639297992102,0.56733699396346871,0.60273991270549465,-0.33284907683869225,-0.76674213947722947,-0.31223687021925467,0.24843228181215216,0.5598963963942194,-0.016472772449260358,0.26639541862729726,0.51204786943018088,-0.58959762767850721,0.07249563881811931,-0.4098775535794435,0.56998938919085107,-0.66655949100016509,0.39140460771355845,0.50452432034634054,0.81898130630114463,0.1952759022769962,0.27641494381136456,-0.47670096578234089,0.79267096470853282,-0.41092439251309765
0.25314309574755267,1.0,-0.63493805153557081,-0.36238673913439018,-0.60030133432800448,-0.49512195639187484,-0.29154577685373484,0.57389680309733304,0.15706854571157985,-0.72475574621978434,-0.63193505999999999,0.65255739792277256,0.5029505365636221,0.083334257465085299,-0.52822642883706628,-0.067227630000414887,0.41256348598539549,-0.33253771497461332,0.55004871150175916,0.036267786477523614,0.7054633313758919,0.17245235145483423,0.010498413091997671,0.059990232511484713,0.051253931427214398,0.3123309071947899,0.024689398121494632,0.22864701354557282,0.19108890887765551,0.58069726963090817,-0.64564014005671932,0.73906058227617966,0.13792243843918062,0.12121614508647592,-0.088047438706278958,0.63554573240663903,-0.48515237978857584,0.67030409686105807,-0.69584007086002742
0.11884436342026297,-0.63493805153557081,1.0,0.15426421843601051,0.69496749704432026,0.14598697878906533,0.36723052804395551,-0.65072540575521509,0.022559903047900762,0.49615070469190797,0.25683148,-0.44207762784010224,-0.59135034379846174,0.10848905024435662,0.27021325710089728,0.15609743531378478,-0.29145054242340768,0.53005049421739669,-0.55665547336819488,-0.38249172919613383,-0.7392104675243325,-0.06566706557866453,0.2697492109901477,0.29731143895246687,-0.11925155634641711,0.033522613707853741,-0.020550875394849046,-0.55354109927786799,0.053699379711333657,-0.36542349532891971,0.51146728692877519,-0.53476462127701574,0.33878840519717074,0.095736949239135449,0.45680928129469633,-0.56925158158424682,-0.068150936213516297,-0.29105003120078027,0.38144736073177382
-0.52439152401685085,-0.36238673913439018,0.15426421843601051,1.0,0.1976285640164625,0.10874034408655306,-0.071027013844718601,-0.1677911728541614,-0.026007679072243144,0.68428624122548942,0.31566906000000006,-0.35736874391230572,0.26452139713389627,-0.18124965330520959,0.23035424742850993,0.25824439257035942,-0.031438075135644561,-0.27708586378011668,-0.033799675690460225,0.41769302579808831,-0.03991474987692871,0.3379134274218174,-0.68288999002073303,-0.19340976343186711,-0.078315588761761507,-0.41583363743739421,0.19195273351418446,-0.32607634625386994,0.45051306499908939,-0.58282973659261517,0.61902247613123518,-0.36137767299660012,-0.4828717740765931,-0.39944935383906044,-0.28459562662979876,0.047927683790651814,0.26216938746775192,-0.43042058198550609,0.45286636598888896
0.11853689652306761,-0.60030133432800448,0.69496749704432026,0.1976285640164625,1.0,0.63312651879780568,0.81949750843128621,-0.43890743034560542,0.43635825060816585,0.6530169654304897,0.0069274999999999753,-0.83638181324024574,-0.39032247069301579,0.53594448182637378,0.76822051840487215,-0.14455022137676121,0.077135289649813449,0.79014860492367545,-0.85857098498232043,-0.57678106948120988,-0.55850119289716871,0.14140126340988599,0.240900262401053,0.0023658495165453375,-0.050298558364877066,0.25627491440590017,-0.3126335382194953,-0.69562717469701374,-0.26133728347021901,-0.39148732137675168,0.20849936302391769,-0.18596263593561568,0.029830422628952892,0.39619798925856886,0.31506136186529632,-0.26271247997792413,-0.17670785938823785,-0.13512485563096191,0.45598012248166359
0.20647181309226673,-0.49512195639187484,0.14598697878906533,0.10874034408655306,0.63312651879780568,1.0,0.79455140469388486,0.050620746299996369,0.52174324829455765,0.42611551309266349,0.0034602800000000933,-0.81480298766386672,-0.31913882824491552,0.58775576109488537,0.81891885331331127,-0.0029013929363295742,0.30231766131794308,0.62481410808535998,-0.74425006231890078,-0.41459684006746961,-0.44465606042700767,0.15807393449514606,0.1305784693681537,-0.41805299126796697,0.3916433804980351,0.051913988804613551,-0.48317377851064064,-0.12884080514694005,-0.68964485335011627,-0.19664229565828797,-0.11370005677754941,-0.12407479475160443,-0.29333838988445726,0.51404330776594953,-0.15495716853039559,-0.045039319717014262,0.046724725405837927,-0.07084456189666026,0.4642915589139599
0.53438902717761849,-0.29154577685373484,0.36723052804395551,-0.071027013844718601,0.81949750843128621,0.79455140469388486,1.0,0.078626231877549829,0.80556427259222629,0.341323794966988,-0.40267441999999998,-0.75576945554595398,-0.27952776913959537,0.8957256919858283,0.73593070419224871,0.029097477463072757,0.53005587000239274,0.87132955784781863,-0.87925742569491872,-0.76240326726441121,-0.42480999323999075,0.37078854656168908,0.31665824904382933,-0.1579996845688835,0.2704621054730259,0.37744883651864547,-0.64005297863268584,-0.37248420884289685,-0.51496039413862305,0.052292846204068384,-0.32528108390517319,0.13495536523659463,0.022814913847192114,0.74362157535221096,0.097079037435213011,0.12989224952547346,-0.36812848832711254,0.31437120425220938,0.21709388730491347
0.41967389843122765,0.57389680309733304,-0.65072540575521509,-0.1677911728541614,-0.43890743034560542,0.050620746299996369,0.078626231877549829,1.0,0.56223538510753024,-0.34632407477536642,-0.57733255999999999,0.1363809197958929,0.58180525079023637,0.43588824568882834,-0.065703395995407504,0.49036333738757326,0.79920923970378444,-0.22643124839807313,0.076349585876283932,0.084227181836582968,0.46339898271619312,0.65360869452367465,-0.3149995756803276,-0.30251462419984776,0.58023455415101466,-0.13634330760062532,-0.54177626871131845,0.65235283147134571,-0.087244309265108261,0.74420639937611754,-0.71748561576030689,0.44590715696742034,-0.36135659359278438,0.18080691613812178,-0.68803468623241115,0.86111995540801423,-0.22423237412392785,0.62404852169371039,-0.24200756556755054
0.65887301731281778,0.15706854571157985,0.022559903047900762,-0.026007679072243144,0.43635825060816585,0.52174324829455765,0.80556427259222629,0.56223538510753024,1.0,0.12203283925762103,-0.71947425999999992,-0.47224259916055572,0.15071834603391515,0.95169472505643471,0.46078453699415695,0.36222794870675096,0.90294870904232039,0.5312884071958045,-0.59690380579482138,-0.56089189330125033,-0.038749496785036294,0.75898354857450578,0.0005682921176213175,-0.16116281401093571,0.44259015700893295,0.27321326136002277,-0.73686546868489311,-0.1083545061964805,-0.22633779527219311,0.36673941759680667,-0.5820928281438158,0.39398790922728205,-0.11548733814823667,0.66869064578536319,-0.23769433620088776,0.64703772779447355,-0.46007113488808993,0.64574976479553048,0.00043083941917567174
-0.45113389346398802,-0.72475574621978434,0.49615070469190797,0.68428624122548942,0.6530169654304897,0.42611551309266349,0.341323794966988,-0.34632407477536642,0.12203283925762103,1.0,0.4643809000000001,-0.78345801993375319,0.071570133000958117,0.048370313307005031,0.70920781856933868,0.18624835243754087,-0.067060467821526484,0.11524679678898968,-0.54943517886090487,0.17562334885037759,-0.29220506012408692,0.33292661203373403,-0.49706802829394287,-0.056733419211051128,0.057345989771290642,-0.46329360675557241,-0.01167590058573291,-0.35682605815918161,0.20239805284287646,-0.53173549672726761,0.59334279317924954,-0.59893880123936605,-0.50694364732069397,-0.29606472185486526,-0.24600063568865105,-0.1690135938025934,0.26340643402661534,-0.59508472277251878,0.80228888058938674
-0.72960778000000004,-0.63193505999999999,0.25683148,0.31566906000000006,0.0069274999999999753,0.0034602800000000933,-0.40267441999999998,-0.57733255999999999,-0.71947425999999992,0.4643809000000001,1.0,-0.19214593999999996,-0.21750440000000004,-0.73824403999999999,0.16297103999999996,-0.068539580000000044,-0.80310455999999997,-0.34982274000000002,0.041113079999999913,0.59981803999999994,-0.29944353999999995,-0.46194473999999996,-0.24486101999999998,-0.13745525999999997,-0.10610396,-0.65988047999999999,0.42257074000000006,0.052924079999999929,0.037652620000000026,-0.60199237999999999,0.82730729999999997,-0.84917043999999997,-0.33863854000000004,-0.70222474000000001,-0.11277733999999995,-0.71463845999999998,0.60991247999999998,-0.97938574,0.68344730000000009
0.029447335371322297,0.65255739792277256,-0.44207762784010224,-0.35736874391230572,-0.83638181324024574,-0.81480298766386672,-0.75576945554595398,0.1363809197958929,-0.47224259916055572,-0.78345801993375319,-0.19214593999999996,1.0,0.15888659392689988,-0.48289563129637075,-0.94388265512394909,-0.11278779690848252,-0.18830573635340911,-0.53597324057991136,0.89139873056005015,0.231646856697483,0.48085159924065274,-0.34465345172772105,0.11430372615519073,0.32850148077342395,-0.29675387753223692,0.17978159023814835,0.46345971196366181,0.32606146471604786,0.35811480675289969,0.34049215375597525,-0.23455573574383456,0.3706950371574721,0.46105566882614973,-0.17651235385474726,0.20449645285266099,0.10022045467207444,-0.043473145697903476,0.30337273181078267,-0.75577640248621614
-0.33288272772629773,0.5029505365636221,-0.59135034379846174,0.26452139713389627,-0.39032247069301579,-0.31913882824491552,-0.27952776913959537,0.58180525079023637,0.15071834603391515,0.071570133000958117,-0.21750440000000004,0.15888659392689988,1.0,-0.034701102295772668,-0.035982864269485861,0.18732832012659165,0.44987034256527358,-0.6153121005286285,0.32437375719053357,0.55168956737053232,0.83065229007365893,0.6105757341870609,-0.76032469958295779,7.793927008117162e-05,0.23774726348416483,-0.35291454278060275,0.0055852876350195608,0.33617177339977283,0.5529973332003868,0.36873695337324958,-0.24112294723542527,0.29716663360209822,-0.57618268905040138,-0.43257271542482745,-0.65614652949889507,0.76267994533322203,-0.054646754972255393,0.16778157506223018,-0.073599820891475307
0.73590605691228883,0.083334257465085299,0.10848905024435662,-0.18124965330520959,0.53594448182637378,0.58775576109488537,0.8957256919858283,0.43588824568882834,0.95169472505643471,0.048370313307005031,-0.73824403999999999,-0.48289563129637075,-0.034701102295772668,1.0,0.47799135675081217,0.18319925424261796,0.81675808377408909,0.72861678491065418,-0.6732627641485055,-0.75285994800038036,-0.15452310813016651,0.57696600587930158,0.2497074149460855,-0.10451516257033727,0.36455985297435112,0.45491148650131646,-0.73860593244596195,-0.16710109744765234,-0.39245313590341591,0.38737244428216777,-0.63298840333619699,0.4423535783901279,0.065444776814377603,0.81017090383747936,-0.024086256083196145,0.49362293701163956,-0.51659466157123568,0.67702047086090844,-0.09792212075097162
-0.10553133706709435,-0.52822642883706628,0.27021325710089728,0.23035424742850993,0.76822051840487215,0.81891885331331127,0.73593070419224871,-0.065703395995407504,0.46078453699415695,0.70920781856933868,0.16297103999999996,-0.94388265512394909,-0.035982864269485861,0.47799135675081217,1.0,-0.035332169651944058,0.23056075199252229,0.47131425330284771,-0.81787158172092089,-0.18851505033357749,-0.2613929763709017,0.31228839252150142,-0.12538752519820498,-0.28952262246976501,0.35870409361520778,-0.15371960738524382,-0.47129133124469674,-0.24620009788971645,-0.39409574029698363,-0.25662989935205782,0.09176351424612092,-0.24672011942683014,-0.52851736317285092,0.16991506781485383,-0.26356815195169736,-0.016456021238318623,0.0011835949384619948,-0.27959419779455219,0.70421223379960241
0.31041639297992102,-0.067227630000414887,0.15609743531378478,0.25824439257035942,-0.14455022137676121,-0.0029013929363295742,0.029097477463072757,0.49036333738757326,0.36222794870675096,0.18624835243754087,-0.068539580000000044,-0.11278779690848252,0.18732832012659165,0.18319925424261796,-0.035332169651944058,1.0,0.4190453039700216,-0.19396208131866252,-0.15786587954901268,0.19760149193940896,-0.16557696836658345,0.67432986004841355,-0.47432686877991548,-0.084450375667531261,0.56848834370852075,-0.56284880280325456,-0.39152095075223337,0.42442560497570508,0.24210321756251393,0.29971164546285473,0.021045906170162488,-0.34452164193383406,-0.27920657355058059,-0.1189471742525282,-0.59704515175275208,0.36007768270594465,0.090034961543212194,0.11665495114876347,0.27376020362822234
0.56733699396346871,0.41256348598539549,-0.29145054242340768,-0.031438075135644561,0.077135289649813449,0.30231766131794308,0.53005587000239274,0.79920923970378444,0.90294870904232039,-0.067060467821526484,-0.80310455999999997,-0.18830573635340911,0.44987034256527358,0.81675808377408909,0.23056075199252229,0.4190453039700216,1.0,0.21646922200836349,-0.27306062199271613,-0.32638425826754813,0.31252511722840881,0.82918378107362989,-0.20379331799317238,-0.065821512862303616,0.51771117883487239,0.17979218994488261,-0.64589884141011056,0.17084220953955714,-0.04384957261283718,0.56751631841106553,-0.72452769470622191,0.5637347857035051,-0.20603548663236707,0.50756063330471846,-0.42700986217769199,0.88986341477078945,-0.41210490767113983,0.75412682422612631,-0.21430755760207135
0.60273991270549465,-0.33253771497461332,0.53005049421739669,-0.27708586378011668,0.79014860492367545,0.62481410808535998,0.87132955784781863,-0.22643124839807313,0.5312884071958045,0.11524679678898968,-0.34982274000000002,-0.53597324057991136,-0.6153121005286285,0.72861678491065418,0.47131425330284771,-0.19396208131866252,0.21646922200836349,1.0,-0.75794574747666665,-0.92970170444091338,-0.61195086689225364,-0.02682256125791839,0.68679180017592967,0.024908518942936005,0.013805607784143713,0.62287316245439339,-0.42881941411850988,-0.48867617404125036,-0.568425482396959,-0.019869236129609325,-0.24431491982294881,0.14112067018870494,0.43670678689786246,0.81703188706999108,0.5234946601313164,-0.20701139908590999,-0.32926349790423903,0.30325233217595443,-0.0052158981928764527
-0.33284907683869225,0.55004871150175916,-0.55665547336819488,-0.033799675690460225,-0.85857098498232043,-0.74425006231890078,-0.87925742569491872,0.076349585876283932,-0.59690380579482138,-0.54943517886090487,0.041113079999999913,0.89139873056005015,0.32437375719053357,-0.6732627641485055,-0.81787158172092089,-0.15786587954901268,-0.27306062199271613,-0.75794574747666665,1.0,0.52999638771763324,0.61612747195986317,-0.32736841390774779,-0.19764294379250294,0.25795626800253973,-0.30201570291127044,-0.041411063150184002,0.62356706638990222,0.29715490086552088,0.4791494380259792,0.068669436091568808,-0.013041861592573114,0.25327860359385684,0.15011728787723724,-0.43395012537900801,0.012994845168763702,0.1035904792308865,0.18343230508145353,0.025258681597886343,-0.54218691930115215
-0.76674213947722947,0.036267786477523614,-0.38249172919613383,0.41769302579808831,-0.57678106948120988,-0.41459684006746961,-0.76240326726441121,0.084227181836582968,-0.56089189330125033,0.17562334885037759,0.59981803999999994,0.231646856697483,0.55168956737053232,-0.75285994800038036,-0.18851505033357749,0.19760149193940896,-0.32638425826754813,-0.92970170444091338,0.52999638771763324,1.0,0.44142876644417667,0.026819422343598423,-0.77037261368988952,-0.12519945939047478,0.061414660445716807,-0.80633975858057805,0.38441379677803617,0.44045804232044822,0.48263351575534535,-0.17432399545857097,0.46338162715202119,-0.39330457181075612,-0.64096134821630035,-0.92656319370158347,-0.60941430107570294,0.047127064359860846,0.50373391750740704,-0.57723324895900419,0.33519198873810768
-0.31223687021925467,0.7054633313758919,-0.7392104675243325,-0.03991474987692871,-0.55850119289716871,-0.44465606042700767,-0.42480999323999075,0.46339898271619312,-0.038749496785036294,-0.29220506012408692,-0.29944353999999995,0.48085159924065274,0.83065229007365893,-0.15452310813016651,-0.2613929763709017,-0.16557696836658345,0.31252511722840881,-0.61195086689225364,0.61612747195986317,0.44142876644417667,1.0,0.24093796710346074,-0.46511039845838692,0.23760504702492666,0.03229208047300279,-0.027584553626985808,0.17661367476885337,0.29870602346839614,0.45493099811055482,0.33558712485960018,-0.39102417280330015,0.57824438416817359,-0.29520009235471156,-0.30482442369315582,-0.36053254074187763,0.66285775288054349,-0.098714104028222352,0.26939538434593746,-0.40550125568156326
0.24843228181215216,0.17245235145483423,-0.06566706557866453,0.3379134274218174,0.14140126340988599,0.15807393449514606,0.37078854656168908,0.65360869452367465,0.75898354857450578,0.33292661203373403,-0.46194473999999996,-0.34465345172772105,0.6105757341870609,0.57696600587930158,0.31228839252150142,0.67432986004841355,0.82918378107362989,-0.02682256125791839,-0.32736841390774779,0.026819422343598423,0.24093796710346074,1.0,-0.58895092020617779,-0.077657757112775838,0.52024127398319564,-0.25638414904833173,-0.54522502648667759,0.13270662801677463,0.30010952230297477,0.36974902287840739,-0.28662686735763143,0.14642414761553157,-0.47339288972112153,0.067993023506445205,-0.63170505314841807,0.79784268489147891,-0.21929458879720926,0.38971462901593446,0.17041245596105656
0.5598963963942194,0.010498413091997671,0.2697492109901477,-0.68288999002073303,0.240900262401053,0.1305784693681537,0.31665824904382933,-0.3149995756803276,0.0005682921176213175,-0.49706802829394287,-0.24486101999999998,0.11430372615519073,-0.76032469958295779,0.2497074149460855,-0.12538752519820498,-0.47432686877991548,-0.20379331799317238,0.68679180017592967,-0.19764294379250294,-0.77037261368988952,-0.46511039845838692,-0.58895092020617779,1.0,0.062962721812512695,-0.26672885605306434,0.74485475098071352,-0.095249901167566223,-0.27438513519511737,-0.60950211867643322,0.094591254703492736,-0.28603749720203758,0.2480599005438355,0.77925197645969002,0.6684736027481043,0.78245791248157159,-0.45410429855502432,-0.33895945889639717,0.308943816218747,-0.40469943845174666
-0.016472772449260358,0.059990232511484713,0.29731143895246687,-0.19340976343186711,0.0023658495165453375,-0.41805299126796697,-0.1579996845688835,-0.30251462419984776,-0.16116281401093571,-0.056733419211051128,-0.13745525999999997,0.32850148077342395,7.793927008117162e-05,-0.10451516257033727,-0.28952262246976501,-0.084450375667531261,-0.065821512862303616,0.024908518942936005,0.25795626800253973,-0.12519945939047478,0.23760504702492666,-0.077657757112775838,0.062962721812512695,1.0,-0.18654300965419665,0.2374837351329542,0.32480280234732506,-0.1518579185969097,0.53005559931547253,0.040038005262208673,-0.012124773770521735,0.17953604161307712,0.44600508483809492,-0.062212515760873596,0.38363600721232483,-0.02679213918855242,0.026378073051481134,0.11571916161188647,-0.35344174896667158
0.26639541862729726,0.051253931427214398,-0.11925155634641711,-0.078315588761761507,-0.050298558364877066,0.3916433804980351,0.2704621054730259,0.58023455415101466,0.44259015700893295,0.057345989771290642,-0.10610396,-0.29675387753223692,0.23774726348416483,0.36455985297435112,0.35870409361520778,0.56848834370852075,0.51771117883487239,0.013805607784143713,-0.30201570291127044,0.061414660445716807,0.03229208047300279,0.52024127398319564,-0.26672885605306434,-0.18654300965419665,1.0,-0.41246931918074892,-0.55087994030428367,0.53726702978599106,-0.19012932048708875,0.44207554236906504,-0.33823062166492845,-0.12644418108122701,-0.42369791968381693,0.10660949151571909,-0.65837055411896239,0.38863612705266232,0.084247458814592793,0.14072527916513675,0.29362796415604625
0.51204786943018088,0.3123309071947899,0.033522613707853741,-0.41583363743739421,0.25627491440590017,0.051913988804613551,0.37744883651864547,-0.13634330760062532,0.27321326136002277,-0.46329360675557241,-0.65988047999999999,0.17978159023814835,-0.35291454278060275,0.45491148650131646,-0.15371960738524382,-0.56284880280325456,0.17979218994488261,0.62287316245439339,-0.041411063150184002,-0.80633975858057805,-0.027584553626985808,-0.25638414904833173,0.74485475098071352,0.2374837351329542,-0.41246931918074892,1.0,-0.046903249898647595,-0.51358986130902895,-0.27163169486986649,0.083969871734672866,-0.48071733065114719,0.72555816330978007,0.71746840775474352,0.76520075460503367,0.76129887885038261,0.026493542389492489,-0.50517516301332244,0.62579935307306134,-0.68244057208522912
-0.58959762767850721,0.024689398121494632,-0.020550875394849046,0.19195273351418446,-0.3126335382194953,-0.48317377851064064,-0.64005297863268584,-0.54177626871131845,-0.73686546868489311,-0.01167590058573291,0.42257074000000006,0.46345971196366181,0.0055852876350195608,-0.73860593244596195,-0.47129133124469674,-0.39152095075223337,-0.64589884141011056,-0.42881941411850988,0.62356706638990222,0.38441379677803617,0.17661367476885337,-0.54522502648667759,-0.095249901167566223,0.32480280234732506,-0.55087994030428367,-0.046903249898647595,1.0,-0.19061329781435596,0.47146530023786759,-0.39504412843956865,0.42996757341034841,-0.16856717291341985,0.2420776465467282,-0.45905136697592935,0.33023565794118148,-0.40699122356906536,0.26453302044231031,-0.42396797881390108,-0.1741203346138428
0.07249563881811931,0.22864701354557282,-0.55354109927786799,-0.32607634625386994,-0.69562717469701374,-0.12884080514694005,-0.37248420884289685,0.65235283147134571,-0.1083545061964805,-0.35682605815918161,0.052924079999999929,0.32606146471604786,0.33617177339977283,-0.16710109744765234,-0.24620009788971645,0.42442560497570508,0.17084220953955714,-0.48867617404125036,0.29715490086552088,0.44045804232044822,0.29870602346839614,0.13270662801677463,-0.27438513519511737,-0.1518579185969097,0.53726702978599106,-0.51358986130902895,-0.19061329781435596,1.0,-0.10645653987689115,0.61814480224552415,-0.34474312217735836,-0.053758982921459211,-0.3227725497744115,-0.26098724997345657,-0.6522255462329225,0.30682069113794314,0.28811209952057176,0.087879867080237775,-0.069644080980386228
-0.4098775535794435,0.19108890887765551,0.053699379711333657,0.45051306499908939,-0.26133728347021901,-0.68964485335011627,-0.51496039413862305,-0.087244309265108261,-0.22633779527219311,0.20239805284287646,0.037652620000000026,0.35811480675289969,0.5529973332003868,-0.39245313590341591,-0.39409574029698363,0.24210321756251393,-0.04384957261283718,-0.568425482396959,0.4791494380259792,0.48263351575534535,0.45493099811055482,0.30010952230297477,-0.60950211867643322,0.53005559931547253,-0.19012932048708875,-0.27163169486986649,0.47146530023786759,-0.10645653987689115,1.0,-0.076774557952823702,0.3120675424920587,-0.049303387467561251,-0.039282678397371221,-0.57272842651464895,-0.097179218306119308,0.23977643584790187,0.13414147943106022,-0.090461333842070071,-0.096775336295850445
0.56998938919085107,0.58069726963090817,-0.36542349532891971,-0.58282973659261517,-0.39148732137675168,-0.19664229565828797,0.052292846204068384,0.74420639937611754,0.36673941759680667,-0.53173549672726761,-0.60199237999999999,0.34049215375597525,0.36873695337324958,0.38737244428216777,-0.25662989935205782,0.29971164546285473,0.56751631841106553,-0.019869236129609325,0.068669436091568808,-0.17432399545857097,0.33558712485960018,0.36974902287840739,0.094591254703492736,0.040038005262208673,0.44207554236906504,0.083969871734672866,-0.39504412843956865,0.61814480224552415,-0.076774557952823702,1.0,-0.80074649859130842,0.43284786115038787,0.12489759318557142,0.25732346121805832,-0.27251115402017195,0.57724930789541895,-0.42652343758216327,0.70425117541987325,-0.49472234014958627
-0.66655949100016509,-0.64564014005671932,0.51146728692877519,0.61902247613123518,0.20849936302391769,-0.11370005677754941,-0.32528108390517319,-0.71748561576030689,-0.5820928281438158,0.59334279317924954,0.82730729999999997,-0.23455573574383456,-0.24112294723542527,-0.63298840333619699,0.09176351424612092,0.021045906170162488,-0.72452769470622191,-0.24431491982294881,-0.013041861592573114,0.46338162715202119,-0.39102417280330015,-0.28662686735763143,-0.28603749720203758,-0.012124773770521735,-0.33823062166492845,-0.48071733065114719,0.42996757341034841,-0.34474312217735836,0.3120675424920587,-0.80074649859130842,1.0,-0.7685865095864779,-0.1968790517672955,-0.63659253354378509,0.093447322879453232,-0.65336915039553944,0.48588163055085265,-0.86532812714949603,0.61542641354808858
0.39140460771355845,0.73906058227617966,-0.53476462127701574,-0.36137767299660012,-0.18596263593561568,-0.12407479475160443,0.13495536523659463,0.44590715696742034,0.39398790922728205,-0.59893880123936605,-0.84917043999999997,0.3706950371574721,0.29716663360209822,0.4423535783901279,-0.24672011942683014,-0.34452164193383406,0.5637347857035051,0.14112067018870494,0.25327860359385684,-0.39330457181075612,0.57824438416817359,0.14642414761553157,0.2480599005438355,0.17953604161307712,-0.12644418108122701,0.72555816330978007,-0.16856717291341985,-0.053758982921459211,-0.049303387467561251,0.43284786115038787,-0.7685865095864779,1.0,0.26464752237370698,0.5107923233372369,0.18827952315645002,0.62652251276412718,-0.48614975801997673,0.81963069192559579,-0.78862672194001115
0.50452432034634054,0.13792243843918062,0.33878840519717074,-0.4828717740765931,0.029830422628952892,-0.29333838988445726,0.022814913847192114,-0.36135659359278438,-0.11548733814823667,-0.50694364732069397,-0.33863854000000004,0.46105566882614973,-0.57618268905040138,0.065444776814377603,-0.52851736317285092,-0.27920657355058059,-0.20603548663236707,0.43670678689786246,0.15011728787723724,-0.64096134821630035,-0.29520009235471156,-0.47339288972112153,0.77925197645969002,0.44600508483809492,-0.42369791968381693,0.71746840775474352,0.2420776465467282,-0.3227725497744115,-0.039282678397371221,0.12489759318557142,-0.1968790517672955,0.26464752237370698,1.0,0.50158969499749162,0.86253075888018849,-0.34145861145129625,-0.29004001537327334,0.39746800382737851,-0.65018644000011838
0.81898130630114463,0.12121614508647592,0.095736949239135449,-0.39944935383906044,0.39619798925856886,0.51404330776594953,0.74362157535221096,0.18080691613812178,0.66869064578536319,-0.29606472185486526,-0.70222474000000001,-0.17651235385474726,-0.43257271542482745,0.81017090383747936,0.16991506781485383,-0.1189471742525282,0.50756063330471846,0.81703188706999108,-0.43395012537900801,-0.92656319370158347,-0.30482442369315582,0.067993023506445205,0.6684736027481043,-0.062212515760873596,0.10660949151571909,0.76520075460503367,-0.45905136697592935,-0.26098724997345657,-0.57272842651464895,0.25732346121805832,-0.63659253354378509,0.5107923233372369,0.50158969499749162,1.0,0.39733514068936193,0.15953750778105974,-0.46695008226019524,0.68841294835283195,-0.38604385127511054
0.1952759022769962,-0.088047438706278958,0.45680928129469633,-0.28459562662979876,0.31506136186529632,-0.15495716853039559,0.097079037435213011,-0.68803468623241115,-0.23769433620088776,-0.24600063568865105,-0.11277733999999995,0.20449645285266099,-0.65614652949889507,-0.024086256083196145,-0.26356815195169736,-0.59704515175275208,-0.42700986217769199,0.5234946601313164,0.012994845168763702,-0.60941430107570294,-0.36053254074187763,-0.63170505314841807,0.78245791248157159,0.38363600721232483,-0.65837055411896239,0.76129887885038261,0.33023565794118148,-0.6522255462329225,-0.097179218306119308,-0.27251115402017195,0.093447322879453232,0.18827952315645002,0.86253075888018849,0.39733514068936193,1.0,-0.55917234896678591,-0.22683821987187713,0.10550521994792664,-0.42810609538966859
0.27641494381136456,0.63554573240663903,-0.56925158158424682,0.047927683790651814,-0.26271247997792413,-0.045039319717014262,0.12989224952547346,0.86111995540801423,0.64703772779447355,-0.1690135938025934,-0.71463845999999998,0.10022045467207444,0.76267994533322203,0.49362293701163956,-0.016456021238318623,0.36007768270594465,0.88986341477078945,-0.20701139908590999,0.1035904792308865,0.047127064359860846,0.66285775288054349,0.79784268489147891,-0.45410429855502432,-0.02679213918855242,0.38863612705266232,0.026493542389492489,-0.40699122356906536,0.30682069113794314,0.23977643584790187,0.57724930789541895,-0.65336915039553944,0.62652251276412718,-0.34145861145129625,0.15953750778105974,-0.55917234896678591,1.0,-0.31677524527348289,0.67354373697410197,-0.31278349129683763
-0.47670096578234089,-0.48515237978857584,-0.068150936213516297,0.26216938746775192,-0.17670785938823785,0.046724725405837927,-0.36812848832711254,-0.22423237412392785,-0.46007113488808993,0.26340643402661534,0.60991247999999998,-0.043473145697903476,-0.054646754972255393,-0.51659466157123568,0.0011835949384619948,0.090034961543212194,-0.41210490767113983,-0.32926349790423903,0.18343230508145353,0.50373391750740704,-0.098714104028222352,-0.21929458879720926,-0.33895945889639717,0.026378073051481134,0.084247458814592793,-0.50517516301332244,0.26453302044231031,0.28811209952057176,0.13414147943106022,-0.42652343758216327,0.48588163055085265,-0.48614975801997673,-0.29004001537327334,-0.46695008226019524,-0.22683821987187713,-0.31677524527348289,1.0,-0.59609152333771886,0.39175016240745147
0.79267096470853282,0.67030409686105807,-0.29105003120078027,-0.43042058198550609,-0.13512485563096191,-0.07084456189666026,0.31437120425220938,0.62404852169371039,0.64574976479553048,-0.59508472277251878,-0.97938574,0.30337273181078267,0.16778157506223018,0.67702047086090844,-0.27959419779455219,0.11665495114876347,0.75412682422612631,0.30325233217595443,0.025258681597886343,-0.57723324895900419,0.26939538434593746,0.38971462901593446,0.308943816218747,0.11571916161188647,0.14072527916513675,0.62579935307306134,-0.42396797881390108,0.087879867080237775,-0.090461333842070071,0.70425117541987325,-0.86532812714949603,0.81963069192559579,0.39746800382737851,0.68841294835283195,0.10550521994792664,0.67354373697410197,-0.59609152333771886,1.0,-0.7404460914041695
-0.41092439251309765,-0.69584007086002742,0.38144736073177382,0.45286636598888896,0.45598012248166359,0.4642915589139599,0.21709388730491347,-0.24200756556755054,0.00043083941917567174,0.80228888058938674,0.68344730000000009,-0.75577640248621614,-0.073599820891475307,-0.09792212075097162,0.70421223379960241,0.27376020362822234,-0.21430755760207135,-0.0052158981928764527,-0.54218691930115215,0.33519198873810768,-0.40550125568156326,0.17041245596105656,-0.40469943845174666,-0.35344174896667158,0.29362796415604625,-0.68244057208522912,-0.1741203346138428,-0.069644080980386228,-0.096775336295850445,-0.49472234014958627,0.61542641354808858,-0.78862672194001115,-0.65018644000011838,-0.38604385127511054,-0.42810609538966859,-0.31278349129683763,0.39175016240745147,-0.7404460914041695,1.0
